-12.00000 6.346892871831733e-10
-11.98498 1.080906962833480e-09
-11.96997 1.851995794845519e-09
-11.95495 3.194017320872682e-09
-11.93994 5.544896486980953e-09
-11.92492 9.684470223032518e-09
-11.90991 1.699804314614539e-08
-11.89489 2.993304271966509e-08
-11.87988 5.277738770297972e-08
-11.86486 9.296142085937044e-08
-11.84985 1.631900752582429e-07
-11.83483 2.848545958257723e-07
-11.81982 4.933557248004206e-07
-11.80480 8.461860722427985e-07
-11.78979 1.434846789259638e-06
-11.77477 2.401869420195206e-06
-11.75976 3.964308091126491e-06
-11.74474 6.444963778966168e-06
-11.72973 1.031218949159060e-05
-11.71471 1.622830317824985e-05
-11.69970 2.510536801197696e-05
-11.68468 3.816549367209697e-05
-11.66967 5.700121898211289e-05
-11.65465 8.363065800261829e-05
-11.63964 1.205430329799452e-04
-11.62462 1.707343701148093e-04
-11.60961 2.377417205290438e-04
-11.59459 3.256973646138429e-04
-11.57958 4.394394837560409e-04
-11.56456 5.847259455096365e-04
-11.54955 7.685917919768879e-04
-11.53453 9.998556217010622e-04
-11.51952 1.289707844043283e-03
-11.50450 1.652213940435564e-03
-11.48949 2.104473097551782e-03
-11.47447 2.666144373942732e-03
-11.45946 3.358147640729526e-03
-11.44444 4.200590127188521e-03
-11.42943 5.210329713673418e-03
-11.41441 6.398990496764607e-03
-11.39940 7.772627056079165e-03
-11.38438 9.334524596438857e-03
-11.36937 1.109264084951178e-02
-11.35435 1.307257767453709e-02
-11.33934 1.533525751800049e-02
-11.32432 1.799434960524969e-02
-11.30931 2.121827164476317e-02
-11.29429 2.518867535041051e-02
-11.27928 3.608478125844068e-02
-11.26426 3.734029688818175e-02
-11.24925 4.113103005351159e-02
-11.23423 4.808089289325440e-02
-11.21922 5.800068349254573e-02
-11.20420 5.920410475305636e-02
-11.18919 4.883160302703016e-02
-11.17417 4.190141747610976e-02
-11.15916 3.899526046987152e-02
-11.14414 3.766188761715081e-02
-11.12913 3.715738388750301e-02
-11.11411 3.699360339294389e-02
-11.09910 3.689004209534837e-02
-11.08408 3.674575473185639e-02
-11.06907 3.655284849539765e-02
-11.05405 3.634060051455196e-02
-11.03904 3.614836793677702e-02
-11.02402 3.601250132483747e-02
-11.00901 3.596027485497908e-02
-10.99399 3.600793986859691e-02
-10.97898 3.616123837019746e-02
-10.96396 3.641724427218111e-02
-10.94895 3.676675125355470e-02
-10.93393 3.719668050940861e-02
-10.91892 3.769218197264311e-02
-10.90390 3.823826747053494e-02
-10.88889 3.882094213547767e-02
-10.87387 3.942788555914954e-02
-10.85886 4.004877716652663e-02
-10.84384 4.067536912910850e-02
-10.82883 4.130139706896116e-02
-10.81381 4.192239608591458e-02
-10.79880 4.253546662137012e-02
-10.78378 4.313901667661806e-02
-10.76877 4.373249559290724e-02
-10.75375 4.431612914826597e-02
-10.73874 4.489066414107367e-02
-10.72372 4.545713080387356e-02
-10.70871 4.601663170544627e-02
-10.69369 4.657016533383441e-02
-10.67868 4.711849101653002e-02
-10.66366 4.766203937032117e-02
-10.64865 4.820086944970292e-02
-10.63363 4.873467060229324e-02
-10.61862 4.926280411664561e-02
-10.60360 4.978437734018445e-02
-10.58859 5.029834122574416e-02
-10.57357 5.080360131444139e-02
-10.55856 5.129913198628284e-02
-10.54354 5.178408435762712e-02
-10.52853 5.225787938370535e-02
-10.51351 5.272027941037669e-02
-10.49850 5.317143346447398e-02
-10.48348 5.361189381412756e-02
-10.46847 5.404260360179027e-02
-10.45345 5.446485749121591e-02
-10.43844 5.488023912986211e-02
-10.42342 5.529054069171307e-02
-10.40841 5.569767074966802e-02
-10.39339 5.610355718990948e-02
-10.37838 5.651005182438416e-02
-10.36336 5.691884282349922e-02
-10.34835 5.733138015560973e-02
-10.33333 5.774881798468318e-02
-10.31832 5.817197655948972e-02
-10.30330 5.860132464747807e-02
-10.28829 5.903698213832283e-02
-10.27327 5.947874116482899e-02
-10.25826 5.992610303957154e-02
-10.24324 6.037832753593226e-02
-10.22823 6.083449057705061e-02
-10.21321 6.129354623530246e-02
-10.19820 6.175438906587644e-02
-10.18318 6.221591316101549e-02
-10.16817 6.267706486463391e-02
-10.15315 6.313688677186061e-02
-10.13814 6.359455139478172e-02
-10.12312 6.404938364755965e-02
-10.10811 6.450087204113032e-02
-10.09309 6.494866913886209e-02
-10.07808 6.539258237941264e-02
-10.06306 6.583255680194484e-02
-10.04805 6.626865150269795e-02
-10.03303 6.670101181087648e-02
-10.01802 6.712983920397514e-02
-10.00300 6.755536090216031e-02
-9.98799 6.797780090657633e-02
-9.97297 6.839735399832843e-02
-9.95796 6.881416391520365e-02
-9.94294 6.922830659328118e-02
-9.92793 6.963977902031201e-02
-9.91291 7.004849391473432e-02
-9.89790 7.045428013327425e-02
-9.88288 7.085688843314319e-02
-9.86787 7.125600198065600e-02
-9.85285 7.165125081252791e-02
-9.83784 7.204222932222640e-02
-9.82282 7.242851576220409e-02
-9.80781 7.280969272206965e-02
-9.79279 7.318536755945314e-02
-9.77778 7.355519181966398e-02
-9.76276 7.391887877630889e-02
-9.74775 7.427621835105304e-02
-9.73273 7.462708881942461e-02
-9.71772 7.497146487345231e-02
-9.70270 7.530942178354164e-02
-9.68769 7.564113557412230e-02
-9.67267 7.596687929356566e-02
-9.65766 7.628701561265160e-02
-9.64264 7.660198612233629e-02
-9.62763 7.691229781655042e-02
-9.61261 7.721850733617132e-02
-9.59760 7.752120361416709e-02
-9.58258 7.782098959837243e-02
-9.56757 7.811846373763461e-02
-9.55255 7.841420190040914e-02
-9.53754 7.870874035439938e-02
-9.52252 7.900256037440251e-02
-9.50751 7.929607496659735e-02
-9.49249 7.958961810497707e-02
-9.47748 7.988343677359133e-02
-9.46246 8.017768600092125e-02
-9.44745 8.047242696413721e-02
-9.43243 8.076762813505818e-02
-9.41742 8.106316933981593e-02
-9.40240 8.135884851359115e-02
-9.38739 8.165439085281974e-02
-9.37237 8.194946000193389e-02
-9.35736 8.224367086132939e-02
-9.34234 8.253660356862434e-02
-9.32733 8.282781818656733e-02
-9.31231 8.311686962785904e-02
-9.29730 8.340332235884622e-02
-9.28228 8.368676444933716e-02
-9.26727 8.396682057310333e-02
-9.25225 8.424316361117229e-02
-9.23724 8.451552456575201e-02
-9.22222 8.478370055444825e-02
-9.20721 8.504756072014859e-02
-9.19219 8.530704995941231e-02
-9.17718 8.556219043932735e-02
-9.16216 8.581308093764822e-02
-9.14715 8.605989410182775e-02
-9.13213 8.630287177777113e-02
-9.11712 8.654231860745329e-02
-9.10210 8.677859413493598e-02
-9.08709 8.701210369203063e-02
-9.07207 8.724328835743152e-02
-9.05706 8.747261429639155e-02
-9.04204 8.770056179204276e-02
-9.02703 8.792761427460186e-02
-9.01201 8.815424764154992e-02
-8.99700 8.838092014119552e-02
-8.98198 8.860806306479510e-02
-8.96697 8.883607245968439e-02
-8.95195 8.906530203886677e-02
-8.93694 8.929605742243978e-02
-8.92192 8.952859180439075e-02
-8.90691 8.976310309589147e-02
-8.89189 8.999973255447223e-02
-8.87688 9.023856486845978e-02
-8.86186 9.047962962883319e-02
-8.84685 9.072290408704695e-02
-8.83183 9.096831706812987e-02
-8.81682 9.121575388403826e-02
-8.80180 9.146506207324144e-02
-8.78679 9.171605777905793e-02
-8.77177 9.196853257142854e-02
-8.75676 9.222226051450663e-02
-8.74174 9.247700528544454e-02
-8.72673 9.273252715769532e-02
-8.71171 9.298858967456200e-02
-8.69670 9.324496585505176e-02
-8.68168 9.350144379369867e-02
-8.66667 9.375783153822417e-02
-8.65165 9.401396115300255e-02
-8.63664 9.426969190157060e-02
-8.62162 9.452491250716115e-02
-8.60661 9.477954247577362e-02
-8.59159 9.503353249098483e-02
-8.57658 9.528686391297696e-02
-8.56156 9.553954743560653e-02
-8.54655 9.579162097432666e-02
-8.53153 9.604314687405603e-02
-8.51652 9.629420853939653e-02
-8.50150 9.654490659975912e-02
-8.48649 9.679535472887495e-02
-8.47147 9.704567524183326e-02
-8.45646 9.729599459327180e-02
-8.44144 9.754643889778687e-02
-8.42643 9.779712958823709e-02
-8.41141 9.804817931964692e-02
-8.39640 9.829968821618205e-02
-8.38138 9.855174054651598e-02
-8.36637 9.880440189920574e-02
-8.35135 9.905771691484060e-02
-8.33634 9.931170761611370e-02
-8.32132 9.956637236099568e-02
-8.30631 9.982168542824497e-02
-8.29129 1.000775972289407e-01
-8.27628 1.003340351229167e-01
-8.26126 1.005909048052137e-01
-8.24625 1.008480922152329e-01
-8.23123 1.011054659103886e-01
-8.21622 1.013628798369189e-01
-8.20120 1.016201764232467e-01
-8.18619 1.018771899159928e-01
-8.17117 1.021337498754617e-01
-8.15616 1.023896847461490e-01
-8.14114 1.026448254185087e-01
-8.12613 1.028990087007754e-01
-8.11111 1.031520806239386e-01
-8.09610 1.034038995088430e-01
-8.08108 1.036543387316588e-01
-8.06607 1.039032891324116e-01
-8.05105 1.041506610206516e-01
-8.03604 1.043963857424385e-01
-8.02102 1.046404167833714e-01
-8.00601 1.048827303931548e-01
-7.99099 1.051233257279218e-01
-7.97598 1.053622245170048e-01
-7.96096 1.055994702708277e-01
-7.94595 1.058351270559098e-01
-7.93093 1.060692778714293e-01
-7.91592 1.063020226692588e-01
-7.90090 1.065334760657259e-01
-7.88589 1.067637647984839e-01
-7.87087 1.069930249857314e-01
-7.85586 1.072213992475651e-01
-7.84084 1.074490337504857e-01
-7.82583 1.076760752360229e-01
-7.81081 1.079026680931452e-01
-7.79580 1.081289515316640e-01
-7.78078 1.083550569103014e-01
-7.76577 1.085811052685949e-01
-7.75075 1.088072051064791e-01
-7.73574 1.090334504493560e-01
-7.72072 1.092599192298820e-01
-7.70571 1.094866720107228e-01
-7.69069 1.097137510652953e-01
-7.67568 1.099411798261948e-01
-7.66066 1.101689627037273e-01
-7.64565 1.103970852698796e-01
-7.63063 1.106255147962929e-01
-7.61562 1.108542011284658e-01
-7.60060 1.110830778726201e-01
-7.58559 1.113120638664917e-01
-7.57057 1.115410649008460e-01
-7.55556 1.117699756548031e-01
-7.54054 1.119986818051562e-01
-7.52553 1.122270622677757e-01
-7.51051 1.124549915279383e-01
-7.49550 1.126823420159884e-01
-7.48048 1.129089864851048e-01
-7.46547 1.131348003490789e-01
-7.45045 1.133596639398569e-01
-7.43544 1.135834646470990e-01
-7.42042 1.138060989051035e-01
-7.40541 1.140274739960406e-01
-7.39039 1.142475096424767e-01
-7.37538 1.144661393665422e-01
-7.36036 1.146833115977279e-01
-7.34535 1.148989905160897e-01
-7.33033 1.151131566225163e-01
-7.31532 1.153258070325752e-01
-7.30030 1.155369554952280e-01
-7.28529 1.157466321423034e-01
-7.27027 1.159548829789792e-01
-7.25526 1.161617691295763e-01
-7.24024 1.163673658566543e-01
-7.22523 1.165717613746767e-01
-7.21021 1.167750554823289e-01
-7.19520 1.169773580399149e-01
-7.18018 1.171787873200795e-01
-7.16517 1.173794682614175e-01
-7.15015 1.175795306553104e-01
-7.13514 1.177791072965991e-01
-7.12012 1.179783321284578e-01
-7.10511 1.181773384111066e-01
-7.09009 1.183762569428157e-01
-7.07508 1.185752143600461e-01
-7.06006 1.187743315415754e-01
-7.04505 1.189737221391297e-01
-7.03003 1.191734912544141e-01
-7.01502 1.193737342795749e-01
-7.00000 1.195745359150723e-01
-6.98498 1.197759693757613e-01
-6.96997 1.199780957927179e-01
-6.95495 1.201809638150590e-01
-6.93994 1.203846094127506e-01
-6.92492 1.205890558782172e-01
-6.90991 1.207943140215124e-01
-6.89489 1.210003825509259e-01
-6.87988 1.212072486282267e-01
-6.86486 1.214148885853096e-01
-6.84985 1.216232687868543e-01
-6.83483 1.218323466217479e-01
-6.81982 1.220420716044799e-01
-6.80480 1.222523865665121e-01
-6.78979 1.224632289167584e-01
-6.77477 1.226745319497865e-01
-6.75976 1.228862261801737e-01
-6.74474 1.230982406816030e-01
-6.72973 1.233105044097613e-01
-6.71471 1.235229474888862e-01
-6.69970 1.237355024428725e-01
-6.68468 1.239481053531821e-01
-6.66967 1.241606969273602e-01
-6.65465 1.243732234637265e-01
-6.63964 1.245856376997491e-01
-6.62462 1.247978995336798e-01
-6.60961 1.250099766112074e-01
-6.59459 1.252218447711308e-01
-6.57958 1.254334883463253e-01
-6.56456 1.256449003185550e-01
-6.54955 1.258560823279140e-01
-6.53453 1.260670445398553e-01
-6.51952 1.262778053748290e-01
-6.50450 1.264883911075022e-01
-6.48949 1.266988353443200e-01
-6.47447 1.269091783897899e-01
-6.45946 1.271194665132932e-01
-6.44444 1.273297511294480e-01
-6.42943 1.275400879060409e-01
-6.41441 1.277505358143126e-01
-6.39940 1.279611561369099e-01
-6.38438 1.281720114491154e-01
-6.36937 1.283831645890181e-01
-6.35435 1.285946776321212e-01
-6.33934 1.288066108854871e-01
-6.32432 1.290190219159150e-01
-6.30931 1.292319646258427e-01
-6.29429 1.294454883896845e-01
-6.27928 1.296596372621678e-01
-6.26426 1.298744492689432e-01
-6.24925 1.300899557883359e-01
-6.23423 1.303061810315954e-01
-6.21922 1.305231416274212e-01
-6.20420 1.307408463149090e-01
-6.18919 1.309592957474004e-01
-6.17417 1.311784824080623e-01
-6.15916 1.313983906363733e-01
-6.14414 1.316189967631040e-01
-6.12913 1.318402693498359e-01
-6.11411 1.320621695276185e-01
-6.09910 1.322846514280123e-01
-6.08408 1.325076626985358e-01
-6.06907 1.327311450934398e-01
-6.05405 1.329550351297751e-01
-6.03904 1.331792647979274e-01
-6.02402 1.334037623151572e-01
-6.00901 1.336284529102150e-01
-5.99399 1.338532596268102e-01
-5.97898 1.340781041335884e-01
-5.96396 1.343029075283189e-01
-5.94895 1.345275911242120e-01
-5.93393 1.347520772066579e-01
-5.91892 1.349762897492142e-01
-5.90390 1.352001550783375e-01
-5.88889 1.354236024771658e-01
-5.87387 1.356465647195838e-01
-5.85886 1.358689785268382e-01
-5.84384 1.360907849400974e-01
-5.82883 1.363119296035516e-01
-5.81381 1.365323629539137e-01
-5.79880 1.367520403134881e-01
-5.78378 1.369709218853080e-01
-5.76877 1.371889726501850e-01
-5.75375 1.374061621668540e-01
-5.73874 1.376224642777061e-01
-5.72372 1.378378567238832e-01
-5.70871 1.380523206747255e-01
-5.69369 1.382658401777185e-01
-5.67868 1.384784015361618e-01
-5.66366 1.386899926227588e-01
-5.64865 1.389006021382079e-01
-5.63363 1.391102188246379e-01
-5.61862 1.393188306443762e-01
-5.60360 1.395264239350545e-01
-5.58859 1.397329825524427e-01
-5.57357 1.399384870126505e-01
-5.55856 1.401429136454496e-01
-5.54354 1.403462337704436e-01
-5.52853 1.405484129076495e-01
-5.51351 1.407494100337614e-01
-5.49850 1.409491768949386e-01
-5.48348 1.411476573864110e-01
-5.46847 1.413447870085261e-01
-5.45345 1.415404924080841e-01
-5.43844 1.417346910129267e-01
-5.42342 1.419272907667761e-01
-5.40841 1.421181899702679e-01
-5.39339 1.423072772330038e-01
-5.37838 1.424944315402710e-01
-5.36336 1.426795224368582e-01
-5.34835 1.428624103291433e-01
-5.33333 1.430429469053628e-01
-5.31832 1.432209756726975e-01
-5.30330 1.433963326085499e-01
-5.28829 1.435688469221439e-01
-5.27327 1.437383419213780e-01
-5.25826 1.439046359787062e-01
-5.24324 1.440675435887291e-01
-5.22823 1.442268765091621e-01
-5.21321 1.443824449759228e-01
-5.19820 1.445340589822628e-01
-5.18318 1.446815296111862e-01
-5.16817 1.448246704098813e-01
-5.15315 1.449632987945998e-01
-5.13814 1.450972374744488e-01
-5.12312 1.452263158831015e-01
-5.10811 1.453503716088893e-01
-5.09309 1.454692518170718e-01
-5.07808 1.455828146658291e-01
-5.06306 1.456909307365021e-01
-5.04805 1.457934845470447e-01
-5.03303 1.458903763421135e-01
-5.01802 1.459815246657748e-01
-5.00300 1.460668709735032e-01
-4.98799 1.461463892397838e-01
-4.97297 1.462201071048233e-01
-4.95796 1.462881520848866e-01
-4.94294 1.463508487236473e-01
-4.92793 1.464089119956974e-01
-4.91291 1.464638082702082e-01
-4.89790 1.465183813604961e-01
-4.88288 1.465778506903074e-01
-4.86787 1.466512504092555e-01
-4.85285 1.467532504492080e-01
-4.83784 1.469060469270168e-01
-4.82282 1.471406345310933e-01
-4.80781 1.474963689259238e-01
-4.79279 1.480175021162644e-01
-4.77778 1.487456278236578e-01
-4.76276 1.497079714996162e-01
-4.74775 1.509032144948162e-01
-4.73273 1.522886102140607e-01
-4.71772 1.537736035511154e-01
-4.70270 1.552248970863894e-01
-4.68769 1.564852496427558e-01
-4.67267 1.574036465950217e-01
-4.65766 1.578695074571474e-01
-4.64264 1.578406360878728e-01
-4.62763 1.573554950921776e-01
-4.61261 1.565252409302739e-01
-4.59760 1.555079223704938e-01
-4.58258 1.544732931279217e-01
-4.56757 1.535692180966386e-01
-4.55255 1.528988438933809e-01
-4.53754 1.525128180975398e-01
-4.52252 1.524153376328647e-01
-4.50751 1.525789468169432e-01
-4.49249 1.529618185528058e-01
-4.47748 1.535223720748953e-01
-4.46246 1.542283349826067e-01
-4.44745 1.550595749346050e-01
-4.43243 1.560055630469947e-01
-4.41742 1.570591282683953e-01
-4.40240 1.582084797759214e-01
-4.38739 1.594295673045041e-01
-4.37237 1.606807877943692e-01
-4.35736 1.619017334553498e-01
-4.34234 1.630169851566979e-01
-4.32733 1.639448797227200e-01
-4.31231 1.646099056115876e-01
-4.29730 1.649562504638751e-01
-4.28228 1.649594157160145e-01
-4.26727 1.646329961596536e-01
-4.25225 1.640287332999728e-01
-4.23724 1.632295538311525e-01
-4.22222 1.623370437822119e-01
-4.20721 1.614561573784243e-01
-4.19219 1.606805043318837e-01
-4.17718 1.600811575691675e-01
-4.16216 1.597007576742476e-01
-4.14715 1.595531900932096e-01
-4.13213 1.596277757215114e-01
-4.11712 1.598961197844186e-01
-4.10210 1.603196365214684e-01
-4.08709 1.608561873092523e-01
-4.07207 1.614649658450596e-01
-4.05706 1.621094500034994e-01
-4.04204 1.627587223832722e-01
-4.02703 1.633876780453676e-01
-4.01201 1.639766331666204e-01
-3.99700 1.645107179312950e-01
-3.98198 1.649792743189122e-01
-3.96697 1.653753453115205e-01
-3.95195 1.656952594809033e-01
-3.93694 1.659382798448450e-01
-3.92192 1.661062820201536e-01
-3.90691 1.662034371180782e-01
-3.89189 1.662358876640015e-01
-3.87688 1.662114142521244e-01
-3.86186 1.661390953637669e-01
-3.84685 1.660289639069468e-01
-3.83183 1.658916634457435e-01
-3.81682 1.657381064103567e-01
-3.80180 1.655791367888573e-01
-3.78679 1.654252011764363e-01
-3.77177 1.652860343200390e-01
-3.75676 1.651703678337739e-01
-3.74174 1.650856728546268e-01
-3.72673 1.650379484274685e-01
-3.71171 1.650315669465249e-01
-3.69670 1.650691859240793e-01
-3.68168 1.651517318868921e-01
-3.66667 1.652784577358641e-01
-3.65165 1.654470700102362e-01
-3.63664 1.656539177793775e-01
-3.62162 1.658942308890795e-01
-3.60661 1.661623924267165e-01
-3.59159 1.664522287745808e-01
-3.57658 1.667573005406048e-01
-3.56156 1.670711788717847e-01
-3.54655 1.673876939235900e-01
-3.53153 1.677011452589356e-01
-3.51652 1.680064673387590e-01
-3.50150 1.682993467171411e-01
-3.48649 1.685762907911870e-01
-3.47147 1.688346507709683e-01
-3.45646 1.690726037923095e-01
-3.44144 1.692891007287664e-01
-3.42643 1.694837872614612e-01
-3.41141 1.696569061750351e-01
-3.39640 1.698091887361438e-01
-3.38138 1.699417424702100e-01
-3.36637 1.700559417877782e-01
-3.35135 1.701533268358971e-01
-3.33634 1.702355147781389e-01
-3.32132 1.703041265559959e-01
-3.30631 1.703607311691785e-01
-3.29129 1.704068087378841e-01
-3.27628 1.704437331571395e-01
-3.26126 1.704727750542747e-01
-3.24625 1.704951259738817e-01
-3.23123 1.705119451403918e-01
-3.21622 1.705244308625882e-01
-3.20120 1.705339209580740e-01
-3.18619 1.705420365809804e-01
-3.17117 1.705509214479760e-01
-3.15616 1.705637425440254e-01
-3.14114 1.705858899830814e-01
-3.12613 1.706277817727415e-01
-3.11111 1.707105866755214e-01
-3.09610 1.708755831346757e-01
-3.08108 1.711947005790956e-01
-3.06607 1.717734412621290e-01
-3.05105 1.727314893633091e-01
-3.03604 1.741501053091823e-01
-3.02102 1.759969416727064e-01
-3.00601 1.780706911039237e-01
-2.99099 1.800210069140020e-01
-2.97598 1.814649162761776e-01
-2.96096 1.821501993838567e-01
-2.94595 1.820667830630908e-01
-2.93093 1.814328769289939e-01
-2.91592 1.805701353697638e-01
-2.90090 1.797560927885551e-01
-2.88589 1.791411357101710e-01
-2.87087 1.787540720603061e-01
-2.85586 1.785585360622437e-01
-2.84084 1.785073624326044e-01
-2.82583 1.785671141669240e-01
-2.81081 1.787159758304433e-01
-2.79580 1.789319655628728e-01
-2.78078 1.791849279695009e-01
-2.76577 1.794364368948270e-01
-2.75075 1.796452638018711e-01
-2.73574 1.797743723839910e-01
-2.72072 1.797965496868740e-01
-2.70571 1.796975254016498e-01
-2.69069 1.794766285706386e-01
-2.67568 1.791455318351897e-01
-2.66066 1.787257035208486e-01
-2.64565 1.782451088626939e-01
-2.63063 1.777346220802171e-01
-2.61562 1.772245585955305e-01
-2.60060 1.767416841775599e-01
-2.58559 1.763069773096519e-01
-2.57057 1.759343072403005e-01
-2.55556 1.756300586103936e-01
-2.54054 1.753936090088317e-01
-2.52553 1.752184705486448e-01
-2.51051 1.750938535086937e-01
-2.49550 1.750064011566070e-01
-2.48048 1.749418728769331e-01
-2.46547 1.748866051532517e-01
-2.45045 1.748286429185503e-01
-2.43544 1.747584952351339e-01
-2.42042 1.746695207891778e-01
-2.40541 1.745579860171989e-01
-2.39039 1.744228611338819e-01
-2.37538 1.742654286798841e-01
-2.36036 1.740887784801327e-01
-2.34535 1.738972553740233e-01
-2.33033 1.736959146413177e-01
-2.31532 1.734900269339237e-01
-2.30030 1.732846612930782e-01
-2.28529 1.730843624951633e-01
-2.27027 1.728929281529382e-01
-2.25526 1.727132820750648e-01
-2.24024 1.725474335572629e-01
-2.22523 1.723965076104675e-01
-2.21021 1.722608285677197e-01
-2.19520 1.721400388744960e-01
-2.18018 1.720332358703250e-01
-2.16517 1.719391116422720e-01
-2.15015 1.718560841541385e-01
-2.13514 1.717824114023329e-01
-2.12012 1.717162839252211e-01
-2.10511 1.716558942656294e-01
-2.09009 1.715994847088001e-01
-2.07508 1.715453766369923e-01
-2.06006 1.714919860958322e-01
-2.04505 1.714378306774002e-01
-2.03003 1.713815326781565e-01
-2.01502 1.713218228207255e-01
-2.00000 1.712575477994188e-01
-1.98498 1.711876836910654e-01
-1.96997 1.711113560281789e-01
-1.95495 1.710278662017867e-01
-1.93994 1.709367229546305e-01
-1.92492 1.708376771094528e-01
-1.90991 1.707307573737815e-01
-1.89489 1.706163050472501e-01
-1.87988 1.704950056617463e-01
-1.86486 1.703679159083542e-01
-1.84985 1.702364845498983e-01
-1.83483 1.701025663922161e-01
-1.81982 1.699684292331927e-01
-1.80480 1.698367568341032e-01
-1.78979 1.697106617514389e-01
-1.77477 1.695937531728502e-01
-1.75976 1.694903800655461e-01
-1.74474 1.694063144169251e-01
-1.72973 1.693503390892458e-01
-1.71471 1.693373155315130e-01
-1.69970 1.693929604964199e-01
-1.68468 1.695592490888131e-01
-1.66967 1.698969400011656e-01
-1.65465 1.704792926141768e-01
-1.63964 1.713713962649390e-01
-1.62462 1.725956719426870e-01
-1.60961 1.740956405086478e-01
-1.59459 1.757201554050252e-01
-1.57958 1.772482428379980e-01
-1.56456 1.784552378516259e-01
-1.54955 1.791932316186055e-01
-1.53453 1.794436172965029e-01
-1.51952 1.793121322301596e-01
-1.50450 1.789712138799443e-01
-1.48949 1.785856451137654e-01
-1.47447 1.782624555491161e-01
-1.45946 1.780438479140826e-01
-1.44444 1.779323807995905e-01
-1.42943 1.779224243585997e-01
-1.41441 1.780172988467799e-01
-1.39940 1.782276565327677e-01
-1.38438 1.785596232558197e-01
-1.36937 1.790041263386707e-01
-1.35435 1.795339297004868e-01
-1.33934 1.801083219298107e-01
-1.32432 1.806816153625388e-01
-1.30931 1.812114056870598e-01
-1.29429 1.816643140790860e-01
-1.27928 1.820188111100214e-01
-1.26426 1.822657509844137e-01
-1.24925 1.824074298346161e-01
-1.23423 1.824557542776738e-01
-1.21922 1.824298522347863e-01
-1.20420 1.823533393216776e-01
-1.18919 1.822514553268620e-01
-1.17417 1.821483259788549e-01
-1.15916 1.820646200519453e-01
-1.14414 1.820158369326647e-01
-1.12913 1.820113849706545e-01
-1.11411 1.820545217248910e-01
-1.09910 1.821431474921038e-01
-1.08408 1.822713827686063e-01
-1.06907 1.824318058647051e-01
-1.05405 1.826181445577749e-01
-1.03904 1.828280666554296e-01
-1.02402 1.830655047720781e-01
-1.00901 1.833418643043260e-01
-0.99399 1.836762037291999e-01
-0.97898 1.840977031527419e-01
-0.96396 1.846605369999779e-01
-0.94895 1.854834405103141e-01
-0.93393 1.867954112199732e-01
-0.91892 1.888882662872429e-01
-0.90390 1.918457202349298e-01
-0.88889 1.951402811735547e-01
-0.87387 1.975728724289800e-01
-0.85886 1.979422854986869e-01
-0.84384 1.959950319837713e-01
-0.82883 1.926537054084985e-01
-0.81381 1.892593358620165e-01
-0.79880 1.866726682519380e-01
-0.78378 1.850382194088725e-01
-0.76877 1.841146048601942e-01
-0.75375 1.836346129710779e-01
-0.73874 1.834351340729687e-01
-0.72372 1.834330022515869e-01
-0.70871 1.835769390409447e-01
-0.69369 1.838237749920724e-01
-0.67868 1.841334695461857e-01
-0.66366 1.844701872216796e-01
-0.64865 1.848035602656869e-01
-0.63363 1.851090357084536e-01
-0.61862 1.853676786846890e-01
-0.60360 1.855658777617964e-01
-0.58859 1.856951580982170e-01
-0.57357 1.857521074643714e-01
-0.55856 1.857383234966828e-01
-0.54354 1.856602747785222e-01
-0.52853 1.855289936550322e-01
-0.51351 1.853595544306118e-01
-0.49850 1.851703210643932e-01
-0.48348 1.849819701478962e-01
-0.46847 1.848163114632106e-01
-0.45345 1.846949460088812e-01
-0.43844 1.846378251867960e-01
-0.42342 1.846618060640604e-01
-0.40841 1.847793317350604e-01
-0.39339 1.849973925538042e-01
-0.37838 1.853169297464934e-01
-0.36336 1.857328152315991e-01
-0.34835 1.862344748409877e-01
-0.33333 1.868071225353762e-01
-0.31832 1.874334594187416e-01
-0.30330 1.880955914588798e-01
-0.28829 1.887768632843740e-01
-0.27327 1.894633131513945e-01
-0.25826 1.901445301626238e-01
-0.24324 1.908138230223757e-01
-0.22823 1.914677576755498e-01
-0.21321 1.921052501938390e-01
-0.19820 1.927264780663390e-01
-0.18318 1.933318805019754e-01
-0.16817 1.939214599954167e-01
-0.15315 1.944944949328777e-01
-0.13814 1.950496580190741e-01
-0.12312 1.955854387609586e-01
-0.10811 1.961007115272115e-01
-0.09309 1.965952810165058e-01
-0.07808 1.970702679013430e-01
-0.06306 1.975282534899604e-01
-0.04805 1.979731651431696e-01
-0.03303 1.984099382768086e-01
-0.01802 1.988440264997557e-01
-0.00300 1.992808459886699e-01
0.01201 1.997252362558483e-01
0.02703 2.001810028259911e-01
0.04204 2.006505845718097e-01
0.05706 2.011348651875613e-01
0.07207 2.016331283155570e-01
0.08709 2.021431410807629e-01
0.10210 2.026613415838755e-01
0.11712 2.031831016109033e-01
0.13213 2.037030353251612e-01
0.14715 2.042153268225098e-01
0.16216 2.047140531071265e-01
0.17718 2.051934834802989e-01
0.19219 2.056483409743486e-01
0.20721 2.060740159601018e-01
0.22222 2.064667262101263e-01
0.23724 2.068236214053667e-01
0.25225 2.071428332745924e-01
0.26727 2.074234752224105e-01
0.28228 2.076655974109607e-01
0.29730 2.078701047991585e-01
0.31231 2.080386466094746e-01
0.32733 2.081734861012508e-01
0.34234 2.082773594191859e-01
0.35736 2.083533317173710e-01
0.37237 2.084046578160874e-01
0.38739 2.084346534293306e-01
0.40240 2.084465816124641e-01
0.41742 2.084435576275381e-01
0.43243 2.084284740057046e-01
0.44745 2.084039462833395e-01
0.46246 2.083722787626199e-01
0.47748 2.083354487382445e-01
0.49249 2.082951069581811e-01
0.50751 2.082525916470217e-01
0.52252 2.082089531993254e-01
0.53754 2.081649866194550e-01
0.55255 2.081212689090816e-01
0.56757 2.080781988461053e-01
0.58258 2.080360369221508e-01
0.59760 2.079949435762091e-01
0.61261 2.079550142505479e-01
0.62763 2.079163101786757e-01
0.64264 2.078788841769042e-01
0.65766 2.078428010394259e-01
0.67267 2.078081524251233e-01
0.68769 2.077750663695705e-01
0.70270 2.077437117576321e-01
0.71772 2.077142982522047e-01
0.73273 2.076870722954383e-01
0.74775 2.076623098830933e-01
0.76276 2.076403068634481e-01
0.77778 2.076213675321678e-01
0.79279 2.076057922864905e-01
0.80781 2.075938650686272e-01
0.82282 2.075858412722231e-01
0.83784 2.075819367101061e-01
0.85285 2.075823181497722e-01
0.86787 2.075870958189106e-01
0.88288 2.075963181709101e-01
0.89790 2.076099690841435e-01
0.91291 2.076279675534221e-01
0.92793 2.076501698217966e-01
0.94294 2.076763737999922e-01
0.95796 2.077063255328453e-01
0.97297 2.077397274000831e-01
0.98799 2.077762476847726e-01
1.00300 2.078155311079235e-01
1.01802 2.078572099122863e-01
1.03303 2.079009150816213e-01
1.04805 2.079462873020698e-01
1.06306 2.079929873074537e-01
1.07808 2.080407052975274e-01
1.09309 2.080891691742114e-01
1.10811 2.081381514022863e-01
1.12312 2.081874743645544e-01
1.13814 2.082370141439679e-01
1.15315 2.082867027238446e-01
1.16817 2.083365286497504e-01
1.18318 2.083865362411146e-01
1.19820 2.084368234759972e-01
1.21321 2.084875386980506e-01
1.22823 2.085388763106023e-01
1.24324 2.085910716294436e-01
1.25826 2.086443950642734e-01
1.27327 2.086991457901136e-01
1.28829 2.087556450558953e-01
1.30330 2.088142292594802e-01
1.31832 2.088752428983109e-01
1.33333 2.089390314842929e-01
1.34835 2.090059344919039e-01
1.36336 2.090762783911423e-01
1.37838 2.091503698028169e-01
1.39339 2.092284888035519e-01
1.40841 2.093108824021782e-01
1.42342 2.093977582080291e-01
1.43844 2.094892783149139e-01
1.45345 2.095855534317762e-01
1.46847 2.096866373016341e-01
1.48348 2.097925214635025e-01
1.49850 2.099031304266593e-01
1.51351 2.100183173417534e-01
1.52853 2.101378602677530e-01
1.54354 2.102614591464714e-01
1.55856 2.103887336063026e-01
1.57357 2.105192217228395e-01
1.58859 2.106523798653802e-01
1.60360 2.107875837542161e-01
1.61862 2.109241308435402e-01
1.63363 2.110612441285152e-01
1.64865 2.111980774524558e-01
1.66366 2.113337223614374e-01
1.67868 2.114672165194280e-01
1.69369 2.115975536580335e-01
1.70871 2.117236949921639e-01
1.72372 2.118445819876629e-01
1.73874 2.119591503206411e-01
1.75375 2.120663448225878e-01
1.76877 2.121651351620202e-01
1.78378 2.122545319742727e-01
1.79880 2.123336031177628e-01
1.81381 2.124014897093625e-01
1.82883 2.124574215747891e-01
1.84384 2.125007317434301e-01
1.85886 2.125308696215793e-01
1.87387 2.125474124941896e-01
1.88889 2.125500750329800e-01
1.90390 2.125387165276786e-01
1.91892 2.125133456064781e-01
1.93393 2.124741222701261e-01
1.94895 2.124213571297502e-01
1.96396 2.123555078094920e-01
1.97898 2.122771725489537e-01
1.99399 2.121870811148573e-01
2.00901 2.120860832036034e-01
2.02402 2.119751345840625e-01
2.03904 2.118552812905366e-01
2.05405 2.117276422272740e-01
2.06907 2.115933905863868e-01
2.08408 2.114537345091582e-01
2.09910 2.113098974356350e-01
2.11411 2.111630985887006e-01
2.12913 2.110145340266766e-01
2.14414 2.108653586735689e-01
2.15916 2.107166696994886e-01
2.17417 2.105694915771169e-01
2.18919 2.104247630852206e-01
2.20420 2.102833264693276e-01
2.21922 2.101459189050258e-01
2.23423 2.100131663433054e-01
2.24925 2.098855797522124e-01
2.26426 2.097635537069765e-01
2.27928 2.096473672236240e-01
2.29429 2.095371866805297e-01
2.30931 2.094330706296590e-01
2.32432 2.093349762653185e-01
2.33934 2.092427672935767e-01
2.35435 2.091562229302631e-01
2.36937 2.090750477493758e-01
2.38438 2.089988821062717e-01
2.39940 2.089273128703477e-01
2.41441 2.088598842190076e-01
2.42943 2.087961082673490e-01
2.44444 2.087354753349034e-01
2.45946 2.086774636806049e-01
2.47447 2.086215485686613e-01
2.48949 2.085672105599181e-01
2.50450 2.085139429545685e-01
2.51952 2.084612583416908e-01
2.53453 2.084086942383240e-01
2.54955 2.083558178250131e-01
2.56456 2.083022298055474e-01
2.57958 2.082475674357427e-01
2.59459 2.081915067794975e-01
2.60961 2.081337642600592e-01
2.62462 2.080740975806597e-01
2.63964 2.080123060917121e-01
2.65465 2.079482306819743e-01
2.66967 2.078817532688905e-01
2.68468 2.078127959591672e-01
2.69970 2.077413199449752e-01
2.71471 2.076673241944159e-01
2.72973 2.075908439874816e-01
2.74474 2.075119493410111e-01
2.75976 2.074307433584503e-01
2.77477 2.073473605328111e-01
2.78979 2.072619650243220e-01
2.80480 2.071747489280289e-01
2.81982 2.070859305411526e-01
2.83483 2.069957526354143e-01
2.84985 2.069044807358136e-01
2.86486 2.068124014044953e-01
2.87988 2.067198205263183e-01
2.89489 2.066270615914930e-01
2.90991 2.065344639701044e-01
2.92492 2.064423811733942e-01
2.93994 2.063511790972524e-01
2.95495 2.062612342443644e-01
2.96997 2.061729319227784e-01
2.98498 2.060866644202201e-01
3.00000 2.060028291551846e-01
