  300.00 -12.00000  1.08848e+12  1.08848e+12  1.08848e+12 -6.16876e+11 -6.16876e+11  6.16876e+11
  300.00 -11.96994  2.91909e+12  2.91909e+12  2.91909e+12 -1.79525e+12 -1.79525e+12  1.79525e+12
  300.00 -11.93988  7.89968e+12  7.89968e+12  7.89968e+12 -5.23674e+12 -5.23674e+12  5.23674e+12
  300.00 -11.90982  2.16524e+13  2.16524e+13  2.16524e+13 -1.53542e+13 -1.53542e+13  1.53542e+13
  300.00 -11.87976  6.00691e+13  6.00691e+13  6.00691e+13 -4.51354e+13 -4.51354e+13  4.51354e+13
  300.00 -11.84970  1.67561e+14  1.67561e+14  1.67561e+14 -1.31937e+14 -1.31937e+14  1.31937e+14
  300.00 -11.81964  4.64461e+14  4.64461e+14  4.64461e+14 -3.78913e+14 -3.78913e+14  3.78913e+14
  300.00 -11.78958  1.26113e+15  1.26113e+15  1.26113e+15 -1.05515e+15 -1.05515e+15  1.05515e+15
  300.00 -11.75952  3.30800e+15  3.30800e+15  3.30800e+15 -2.81474e+15 -2.81474e+15  2.81474e+15
  300.00 -11.72946  8.28493e+15  8.28493e+15  8.28493e+15 -7.12231e+15 -7.12231e+15  7.12231e+15
  300.00 -11.69940  1.96386e+16  1.96386e+16  1.96386e+16 -1.69675e+16 -1.69675e+16  1.69675e+16
  300.00 -11.66934  4.37964e+16  4.37964e+16  4.37964e+16 -3.78539e+16 -3.78539e+16  3.78539e+16
  300.00 -11.63928  9.15821e+16  9.15821e+16  9.15821e+16 -7.87953e+16 -7.87953e+16  7.87953e+16
  300.00 -11.60922  1.79417e+17  1.79417e+17  1.79417e+17 -1.52655e+17 -1.52655e+17  1.52655e+17
  300.00 -11.57916  3.29947e+17  3.29947e+17  3.29947e+17 -2.74768e+17 -2.74768e+17  2.74768e+17
  300.00 -11.54910  5.72498e+17  5.72498e+17  5.72498e+17 -4.58775e+17 -4.58775e+17  4.58775e+17
  300.00 -11.51904  9.44957e+17  9.44957e+17  9.44957e+17 -7.09539e+17 -7.09539e+17  7.09539e+17
  300.00 -11.48898  1.49825e+18  1.49825e+18  1.49825e+18 -1.01567e+18 -1.01567e+18  1.01567e+18
  300.00 -11.45892  2.30058e+18  2.30058e+18  2.30058e+18 -1.34805e+18 -1.34805e+18  1.34805e+18
  300.00 -11.42886  3.43432e+18  3.43432e+18  3.43432e+18 -1.67135e+18 -1.67135e+18  1.67135e+18
  300.00 -11.39880  4.98382e+18  4.98382e+18  4.98382e+18 -1.96597e+18 -1.96597e+18  1.96597e+18
  300.00 -11.36874  7.02679e+18  7.02679e+18  7.02679e+18 -2.24343e+18 -2.24343e+18  2.24343e+18
  300.00 -11.33868  9.64837e+18  9.64837e+18  9.64837e+18 -2.54500e+18 -2.54500e+18  2.54500e+18
  300.00 -11.30862  1.29672e+19  1.29672e+19  1.29672e+19 -2.93464e+18 -2.93464e+18  2.93464e+18
  300.00 -11.27856  1.70793e+19  1.70793e+19  1.70793e+19 -3.44641e+18 -3.44641e+18  3.44641e+18
  300.00 -11.24850  2.17279e+19  2.17279e+19  2.17279e+19 -3.79668e+18 -3.79668e+18  3.79668e+18
  300.00 -11.21844  2.63708e+19  2.63708e+19  2.63708e+19 -3.59302e+18 -3.59302e+18  3.59302e+18
  300.00 -11.18838  3.02384e+19  3.02384e+19  3.02384e+19 -2.77142e+18 -2.77142e+18  2.77142e+18
  300.00 -11.15832  3.39551e+19  3.39551e+19  3.39551e+19 -2.01057e+18 -2.01057e+18  2.01057e+18
  300.00 -11.12826  3.78009e+19  3.78009e+19  3.78009e+19 -1.54040e+18 -1.54040e+18  1.54040e+18
  300.00 -11.09820  4.15717e+19  4.15717e+19  4.15717e+19 -1.26012e+18 -1.26012e+18  1.26012e+18
  300.00 -11.06814  4.52586e+19  4.52586e+19  4.52586e+19 -1.07487e+18 -1.07487e+18  1.07487e+18
  300.00 -11.03808  4.90057e+19  4.90057e+19  4.90057e+19 -9.44085e+17 -9.44085e+17  9.44085e+17
  300.00 -11.00802  5.29530e+19  5.29530e+19  5.29530e+19 -8.61353e+17 -8.61354e+17  8.61354e+17
  300.00 -10.97796  5.71648e+19  5.71648e+19  5.71648e+19 -8.35910e+17 -8.35910e+17  8.35910e+17
  300.00 -10.94790  6.16269e+19  6.16269e+19  6.16269e+19 -8.80711e+17 -8.80711e+17  8.80711e+17
  300.00 -10.91784  6.62788e+19  6.62788e+19  6.62788e+19 -1.00246e+18 -1.00246e+18  1.00246e+18
  300.00 -10.88778  7.10500e+19  7.10500e+19  7.10500e+19 -1.19522e+18 -1.19522e+18  1.19522e+18
  300.00 -10.85772  7.58838e+19  7.58838e+19  7.58838e+19 -1.43912e+18 -1.43912e+18  1.43912e+18
  300.00 -10.82766  8.07483e+19  8.07483e+19  8.07483e+19 -1.70351e+18 -1.70351e+18  1.70351e+18
  300.00 -10.79760  8.56354e+19  8.56354e+19  8.56354e+19 -1.95284e+18 -1.95284e+18  1.95284e+18
  300.00 -10.76754  9.05547e+19  9.05547e+19  9.05547e+19 -2.15328e+18 -2.15328e+18  2.15328e+18
  300.00 -10.73747  9.55238e+19  9.55238e+19  9.55238e+19 -2.27853e+18 -2.27853e+18  2.27853e+18
  300.00 -10.70741  1.00559e+20  1.00559e+20  1.00559e+20 -2.31363e+18 -2.31363e+18  2.31363e+18
  300.00 -10.67735  1.05668e+20  1.05668e+20  1.05668e+20 -2.25608e+18 -2.25608e+18  2.25608e+18
  300.00 -10.64729  1.10848e+20  1.10848e+20  1.10848e+20 -2.11441e+18 -2.11441e+18  2.11441e+18
  300.00 -10.61723  1.16084e+20  1.16084e+20  1.16084e+20 -1.90506e+18 -1.90506e+18  1.90506e+18
  300.00 -10.58717  1.21357e+20  1.21357e+20  1.21357e+20 -1.64856e+18 -1.64856e+18  1.64856e+18
  300.00 -10.55711  1.26651e+20  1.26651e+20  1.26651e+20 -1.36602e+18 -1.36602e+18  1.36602e+18
  300.00 -10.52705  1.31954e+20  1.31954e+20  1.31954e+20 -1.07679e+18 -1.07679e+18  1.07679e+18
  300.00 -10.49699  1.37270e+20  1.37270e+20  1.37270e+20 -7.97144e+17 -7.97144e+17  7.97144e+17
  300.00 -10.46693  1.42613e+20  1.42613e+20  1.42613e+20 -5.40012e+17 -5.40012e+17  5.40012e+17
  300.00 -10.43687  1.48009e+20  1.48009e+20  1.48009e+20 -3.15211e+17 -3.15211e+17  3.15211e+17
  300.00 -10.40681  1.53489e+20  1.53489e+20  1.53489e+20 -1.29755e+17 -1.29755e+17  1.29755e+17
  300.00 -10.37675  1.59081e+20  1.59081e+20  1.59081e+20  1.19526e+16  1.19526e+16 -1.19526e+16
  300.00 -10.34669  1.64807e+20  1.64807e+20  1.64807e+20  1.08111e+17  1.08111e+17 -1.08111e+17
  300.00 -10.31663  1.70678e+20  1.70678e+20  1.70678e+20  1.59551e+17  1.59551e+17 -1.59551e+17
  300.00 -10.28657  1.76693e+20  1.76693e+20  1.76693e+20  1.69654e+17  1.69654e+17 -1.69654e+17
  300.00 -10.25651  1.82842e+20  1.82842e+20  1.82842e+20  1.44015e+17  1.44015e+17 -1.44015e+17
  300.00 -10.22645  1.89104e+20  1.89104e+20  1.89104e+20  8.98422e+16  8.98422e+16 -8.98423e+16
  300.00 -10.19639  1.95462e+20  1.95462e+20  1.95462e+20  1.51504e+16  1.51505e+16 -1.51505e+16
  300.00 -10.16633  2.01896e+20  2.01896e+20  2.01896e+20 -7.21177e+16 -7.21177e+16  7.21177e+16
  300.00 -10.13627  2.08395e+20  2.08395e+20  2.08395e+20 -1.64894e+17 -1.64894e+17  1.64894e+17
  300.00 -10.10621  2.14957e+20  2.14957e+20  2.14957e+20 -2.57593e+17 -2.57593e+17  2.57593e+17
  300.00 -10.07615  2.21583e+20  2.21583e+20  2.21583e+20 -3.46449e+17 -3.46449e+17  3.46449e+17
  300.00 -10.04609  2.28285e+20  2.28285e+20  2.28285e+20 -4.29575e+17 -4.29575e+17  4.29575e+17
  300.00 -10.01603  2.35075e+20  2.35075e+20  2.35075e+20 -5.06767e+17 -5.06767e+17  5.06767e+17
  300.00 -9.98597  2.41966e+20  2.41966e+20  2.41966e+20 -5.79126e+17 -5.79126e+17  5.79126e+17
  300.00 -9.95591  2.48968e+20  2.48968e+20  2.48968e+20 -6.48568e+17 -6.48568e+17  6.48568e+17
  300.00 -9.92585  2.56085e+20  2.56085e+20  2.56085e+20 -7.17307e+17 -7.17307e+17  7.17307e+17
  300.00 -9.89579  2.63315e+20  2.63315e+20  2.63315e+20 -7.87392e+17 -7.87392e+17  7.87392e+17
  300.00 -9.86573  2.70652e+20  2.70652e+20  2.70652e+20 -8.60327e+17 -8.60327e+17  8.60327e+17
  300.00 -9.83567  2.78084e+20  2.78084e+20  2.78084e+20 -9.36835e+17 -9.36835e+17  9.36835e+17
  300.00 -9.80561  2.85596e+20  2.85596e+20  2.85596e+20 -1.01675e+18 -1.01675e+18  1.01675e+18
  300.00 -9.77555  2.93175e+20  2.93175e+20  2.93175e+20 -1.09905e+18 -1.09905e+18  1.09905e+18
  300.00 -9.74549  3.00809e+20  3.00809e+20  3.00809e+20 -1.18200e+18 -1.18200e+18  1.18200e+18
  300.00 -9.71543  3.08490e+20  3.08490e+20  3.08490e+20 -1.26334e+18 -1.26334e+18  1.26334e+18
  300.00 -9.68537  3.16217e+20  3.16217e+20  3.16217e+20 -1.34054e+18 -1.34054e+18  1.34054e+18
  300.00 -9.65531  3.23992e+20  3.23992e+20  3.23992e+20 -1.41105e+18 -1.41105e+18  1.41105e+18
  300.00 -9.62525  3.31824e+20  3.31824e+20  3.31824e+20 -1.47249e+18 -1.47249e+18  1.47249e+18
  300.00 -9.59519  3.39725e+20  3.39725e+20  3.39725e+20 -1.52281e+18 -1.52281e+18  1.52281e+18
  300.00 -9.56513  3.47705e+20  3.47705e+20  3.47705e+20 -1.56041e+18 -1.56041e+18  1.56041e+18
  300.00 -9.53507  3.55778e+20  3.55778e+20  3.55778e+20 -1.58419e+18 -1.58419e+18  1.58419e+18
  300.00 -9.50501  3.63952e+20  3.63952e+20  3.63952e+20 -1.59354e+18 -1.59354e+18  1.59354e+18
  300.00 -9.47495  3.72232e+20  3.72232e+20  3.72232e+20 -1.58833e+18 -1.58833e+18  1.58833e+18
  300.00 -9.44489  3.80618e+20  3.80618e+20  3.80618e+20 -1.56889e+18 -1.56889e+18  1.56889e+18
  300.00 -9.41483  3.89103e+20  3.89103e+20  3.89103e+20 -1.53595e+18 -1.53595e+18  1.53595e+18
  300.00 -9.38477  3.97679e+20  3.97679e+20  3.97679e+20 -1.49061e+18 -1.49061e+18  1.49061e+18
  300.00 -9.35471  4.06330e+20  4.06330e+20  4.06330e+20 -1.43431e+18 -1.43431e+18  1.43431e+18
  300.00 -9.32465  4.15042e+20  4.15042e+20  4.15042e+20 -1.36876e+18 -1.36876e+18  1.36876e+18
  300.00 -9.29459  4.23798e+20  4.23798e+20  4.23798e+20 -1.29592e+18 -1.29592e+18  1.29592e+18
  300.00 -9.26453  4.32584e+20  4.32584e+20  4.32584e+20 -1.21796e+18 -1.21796e+18  1.21796e+18
  300.00 -9.23447  4.41390e+20  4.41390e+20  4.41390e+20 -1.13710e+18 -1.13710e+18  1.13710e+18
  300.00 -9.20441  4.50210e+20  4.50210e+20  4.50210e+20 -1.05559e+18 -1.05559e+18  1.05559e+18
  300.00 -9.17435  4.59042e+20  4.59042e+20  4.59042e+20 -9.75566e+17 -9.75566e+17  9.75566e+17
  300.00 -9.14429  4.67889e+20  4.67889e+20  4.67889e+20 -8.98961e+17 -8.98961e+17  8.98961e+17
  300.00 -9.11423  4.76760e+20  4.76760e+20  4.76760e+20 -8.27376e+17 -8.27376e+17  8.27376e+17
  300.00 -9.08417  4.85665e+20  4.85665e+20  4.85665e+20 -7.62014e+17 -7.62014e+17  7.62014e+17
  300.00 -9.05411  4.94619e+20  4.94619e+20  4.94619e+20 -7.03621e+17 -7.03621e+17  7.03621e+17
  300.00 -9.02405  5.03634e+20  5.03634e+20  5.03634e+20 -6.52469e+17 -6.52469e+17  6.52469e+17
  300.00 -8.99399  5.12724e+20  5.12724e+20  5.12724e+20 -6.08369e+17 -6.08369e+17  6.08369e+17
  300.00 -8.96393  5.21898e+20  5.21898e+20  5.21898e+20 -5.70727e+17 -5.70727e+17  5.70727e+17
  300.00 -8.93387  5.31162e+20  5.31162e+20  5.31162e+20 -5.38627e+17 -5.38627e+17  5.38627e+17
  300.00 -8.90381  5.40520e+20  5.40520e+20  5.40520e+20 -5.10926e+17 -5.10926e+17  5.10926e+17
  300.00 -8.87375  5.49969e+20  5.49969e+20  5.49969e+20 -4.86368e+17 -4.86368e+17  4.86368e+17
  300.00 -8.84369  5.59506e+20  5.59506e+20  5.59506e+20 -4.63693e+17 -4.63693e+17  4.63693e+17
  300.00 -8.81363  5.69120e+20  5.69120e+20  5.69120e+20 -4.41725e+17 -4.41725e+17  4.41725e+17
  300.00 -8.78357  5.78802e+20  5.78802e+20  5.78802e+20 -4.19453e+17 -4.19453e+17  4.19453e+17
  300.00 -8.75351  5.88540e+20  5.88540e+20  5.88540e+20 -3.96084e+17 -3.96084e+17  3.96084e+17
  300.00 -8.72345  5.98323e+20  5.98323e+20  5.98323e+20 -3.71065e+17 -3.71065e+17  3.71065e+17
  300.00 -8.69339  6.08141e+20  6.08141e+20  6.08141e+20 -3.44094e+17 -3.44094e+17  3.44094e+17
  300.00 -8.66333  6.17986e+20  6.17986e+20  6.17986e+20 -3.15097e+17 -3.15097e+17  3.15097e+17
  300.00 -8.63327  6.27855e+20  6.27855e+20  6.27855e+20 -2.84203e+17 -2.84203e+17  2.84203e+17
  300.00 -8.60321  6.37745e+20  6.37745e+20  6.37745e+20 -2.51702e+17 -2.51702e+17  2.51702e+17
  300.00 -8.57315  6.47660e+20  6.47660e+20  6.47660e+20 -2.18005e+17 -2.18005e+17  2.18005e+17
  300.00 -8.54309  6.57602e+20  6.57602e+20  6.57602e+20 -1.83596e+17 -1.83596e+17  1.83596e+17
  300.00 -8.51303  6.67581e+20  6.67581e+20  6.67581e+20 -1.49000e+17 -1.49000e+17  1.49000e+17
  300.00 -8.48297  6.77604e+20  6.77604e+20  6.77604e+20 -1.14746e+17 -1.14746e+17  1.14746e+17
  300.00 -8.45291  6.87679e+20  6.87679e+20  6.87679e+20 -8.13407e+16 -8.13407e+16  8.13407e+16
  300.00 -8.42285  6.97816e+20  6.97816e+20  6.97816e+20 -4.92533e+16 -4.92533e+16  4.92533e+16
  300.00 -8.39279  7.08022e+20  7.08022e+20  7.08022e+20 -1.88965e+16 -1.88965e+16  1.88965e+16
  300.00 -8.36273  7.18300e+20  7.18300e+20  7.18300e+20  9.38202e+15  9.38201e+15 -9.38203e+15
  300.00 -8.33267  7.28654e+20  7.28654e+20  7.28654e+20  3.53082e+16  3.53082e+16 -3.53082e+16
  300.00 -8.30261  7.39084e+20  7.39084e+20  7.39084e+20  5.86883e+16  5.86883e+16 -5.86883e+16
  300.00 -8.27255  7.49584e+20  7.49584e+20  7.49584e+20  7.94150e+16  7.94149e+16 -7.94150e+16
  300.00 -8.24248  7.60151e+20  7.60151e+20  7.60151e+20  9.74721e+16  9.74721e+16 -9.74721e+16
  300.00 -8.21242  7.70776e+20  7.70776e+20  7.70776e+20  1.12940e+17  1.12940e+17 -1.12940e+17
  300.00 -8.18236  7.81450e+20  7.81450e+20  7.81450e+20  1.25996e+17  1.25996e+17 -1.25996e+17
  300.00 -8.15230  7.92164e+20  7.92164e+20  7.92164e+20  1.36918e+17  1.36918e+17 -1.36918e+17
  300.00 -8.12224  8.02909e+20  8.02909e+20  8.02909e+20  1.46076e+17  1.46076e+17 -1.46076e+17
  300.00 -8.09218  8.13678e+20  8.13678e+20  8.13678e+20  1.53931e+17  1.53931e+17 -1.53931e+17
  300.00 -8.06212  8.24463e+20  8.24463e+20  8.24463e+20  1.61015e+17  1.61015e+17 -1.61015e+17
  300.00 -8.03206  8.35262e+20  8.35262e+20  8.35262e+20  1.67918e+17  1.67918e+17 -1.67918e+17
  300.00 -8.00200  8.46072e+20  8.46072e+20  8.46072e+20  1.75266e+17  1.75266e+17 -1.75266e+17
  300.00 -7.97194  8.56896e+20  8.56896e+20  8.56896e+20  1.83695e+17  1.83695e+17 -1.83695e+17
  300.00 -7.94188  8.67737e+20  8.67737e+20  8.67737e+20  1.93823e+17  1.93823e+17 -1.93823e+17
  300.00 -7.91182  8.78600e+20  8.78600e+20  8.78600e+20  2.06221e+17  2.06221e+17 -2.06221e+17
  300.00 -7.88176  8.89493e+20  8.89493e+20  8.89493e+20  2.21390e+17  2.21390e+17 -2.21390e+17
  300.00 -7.85170  9.00424e+20  9.00424e+20  9.00424e+20  2.39729e+17  2.39729e+17 -2.39729e+17
  300.00 -7.82164  9.11402e+20  9.11402e+20  9.11402e+20  2.61523e+17  2.61523e+17 -2.61523e+17
  300.00 -7.79158  9.22433e+20  9.22433e+20  9.22433e+20  2.86922e+17  2.86922e+17 -2.86922e+17
  300.00 -7.76152  9.33525e+20  9.33525e+20  9.33525e+20  3.15936e+17  3.15936e+17 -3.15936e+17
  300.00 -7.73146  9.44683e+20  9.44683e+20  9.44683e+20  3.48434e+17  3.48434e+17 -3.48434e+17
  300.00 -7.70140  9.55908e+20  9.55908e+20  9.55908e+20  3.84148e+17  3.84148e+17 -3.84148e+17
  300.00 -7.67134  9.67202e+20  9.67202e+20  9.67202e+20  4.22688e+17  4.22688e+17 -4.22688e+17
  300.00 -7.64128  9.78563e+20  9.78563e+20  9.78563e+20  4.63556e+17  4.63556e+17 -4.63556e+17
  300.00 -7.61122  9.89986e+20  9.89986e+20  9.89986e+20  5.06174e+17  5.06174e+17 -5.06174e+17
  300.00 -7.58116  1.00146e+21  1.00146e+21  1.00146e+21  5.49903e+17  5.49903e+17 -5.49903e+17
  300.00 -7.55110  1.01299e+21  1.01299e+21  1.01299e+21  5.94073e+17  5.94073e+17 -5.94073e+17
  300.00 -7.52104  1.02456e+21  1.02456e+21  1.02456e+21  6.38008e+17  6.38008e+17 -6.38008e+17
  300.00 -7.49098  1.03615e+21  1.03615e+21  1.03615e+21  6.81048e+17  6.81048e+17 -6.81048e+17
  300.00 -7.46092  1.04777e+21  1.04777e+21  1.04777e+21  7.22569e+17  7.22569e+17 -7.22569e+17
  300.00 -7.43086  1.05940e+21  1.05940e+21  1.05940e+21  7.62004e+17  7.62004e+17 -7.62004e+17
  300.00 -7.40080  1.07104e+21  1.07104e+21  1.07104e+21  7.98848e+17  7.98848e+17 -7.98848e+17
  300.00 -7.37074  1.08267e+21  1.08267e+21  1.08267e+21  8.32671e+17  8.32671e+17 -8.32671e+17
  300.00 -7.34068  1.09431e+21  1.09431e+21  1.09431e+21  8.63112e+17  8.63112e+17 -8.63112e+17
  300.00 -7.31062  1.10594e+21  1.10594e+21  1.10594e+21  8.89887e+17  8.89887e+17 -8.89887e+17
  300.00 -7.28056  1.11757e+21  1.11757e+21  1.11757e+21  9.12773e+17  9.12773e+17 -9.12773e+17
  300.00 -7.25050  1.12920e+21  1.12920e+21  1.12920e+21  9.31610e+17  9.31610e+17 -9.31610e+17
  300.00 -7.22044  1.14084e+21  1.14084e+21  1.14084e+21  9.46282e+17  9.46283e+17 -9.46283e+17
  300.00 -7.19038  1.15249e+21  1.15249e+21  1.15249e+21  9.56717e+17  9.56717e+17 -9.56717e+17
  300.00 -7.16032  1.16416e+21  1.16416e+21  1.16416e+21  9.62870e+17  9.62870e+17 -9.62870e+17
  300.00 -7.13026  1.17585e+21  1.17585e+21  1.17585e+21  9.64720e+17  9.64720e+17 -9.64720e+17
  300.00 -7.10020  1.18759e+21  1.18759e+21  1.18759e+21  9.62262e+17  9.62262e+17 -9.62262e+17
  300.00 -7.07014  1.19936e+21  1.19936e+21  1.19936e+21  9.55503e+17  9.55503e+17 -9.55503e+17
  300.00 -7.04008  1.21118e+21  1.21118e+21  1.21118e+21  9.44464e+17  9.44464e+17 -9.44464e+17
  300.00 -7.01002  1.22305e+21  1.22305e+21  1.22305e+21  9.29175e+17  9.29175e+17 -9.29175e+17
  300.00 -6.97996  1.23498e+21  1.23498e+21  1.23498e+21  9.09678e+17  9.09678e+17 -9.09678e+17
  300.00 -6.94990  1.24696e+21  1.24696e+21  1.24696e+21  8.86033e+17  8.86033e+17 -8.86033e+17
  300.00 -6.91984  1.25899e+21  1.25899e+21  1.25899e+21  8.58316e+17  8.58316e+17 -8.58316e+17
  300.00 -6.88978  1.27107e+21  1.27107e+21  1.27107e+21  8.26626e+17  8.26626e+17 -8.26626e+17
  300.00 -6.85972  1.28319e+21  1.28319e+21  1.28319e+21  7.91082e+17  7.91082e+17 -7.91082e+17
  300.00 -6.82966  1.29536e+21  1.29536e+21  1.29536e+21  7.51829e+17  7.51829e+17 -7.51829e+17
  300.00 -6.79960  1.30755e+21  1.30755e+21  1.30755e+21  7.09031e+17  7.09031e+17 -7.09031e+17
  300.00 -6.76954  1.31977e+21  1.31977e+21  1.31977e+21  6.62874e+17  6.62874e+17 -6.62874e+17
  300.00 -6.73948  1.33201e+21  1.33201e+21  1.33201e+21  6.13558e+17  6.13558e+17 -6.13558e+17
  300.00 -6.70942  1.34425e+21  1.34425e+21  1.34425e+21  5.61293e+17  5.61293e+17 -5.61293e+17
  300.00 -6.67936  1.35649e+21  1.35649e+21  1.35649e+21  5.06293e+17  5.06294e+17 -5.06294e+17
  300.00 -6.64930  1.36873e+21  1.36873e+21  1.36873e+21  4.48769e+17  4.48769e+17 -4.48769e+17
  300.00 -6.61924  1.38096e+21  1.38096e+21  1.38096e+21  3.88919e+17  3.88919e+17 -3.88919e+17
  300.00 -6.58918  1.39318e+21  1.39318e+21  1.39318e+21  3.26927e+17  3.26927e+17 -3.26927e+17
  300.00 -6.55912  1.40539e+21  1.40539e+21  1.40539e+21  2.62957e+17  2.62957e+17 -2.62957e+17
  300.00 -6.52906  1.41759e+21  1.41759e+21  1.41759e+21  1.97146e+17  1.97146e+17 -1.97146e+17
  300.00 -6.49900  1.42978e+21  1.42978e+21  1.42978e+21  1.29606e+17  1.29606e+17 -1.29606e+17
  300.00 -6.46894  1.44196e+21  1.44196e+21  1.44196e+21  6.04238e+16  6.04238e+16 -6.04238e+16
  300.00 -6.43888  1.45413e+21  1.45413e+21  1.45413e+21 -1.03367e+16 -1.03367e+16  1.03367e+16
  300.00 -6.40882  1.46631e+21  1.46631e+21  1.46631e+21 -8.26311e+16 -8.26311e+16  8.26311e+16
  300.00 -6.37876  1.47850e+21  1.47850e+21  1.47850e+21 -1.56428e+17 -1.56428e+17  1.56428e+17
  300.00 -6.34870  1.49070e+21  1.49070e+21  1.49070e+21 -2.31705e+17 -2.31705e+17  2.31705e+17
  300.00 -6.31864  1.50291e+21  1.50291e+21  1.50291e+21 -3.08436e+17 -3.08436e+17  3.08436e+17
  300.00 -6.28858  1.51514e+21  1.51514e+21  1.51514e+21 -3.86591e+17 -3.86591e+17  3.86591e+17
  300.00 -6.25852  1.52740e+21  1.52740e+21  1.52740e+21 -4.66128e+17 -4.66128e+17  4.66128e+17
  300.00 -6.22846  1.53967e+21  1.53967e+21  1.53967e+21 -5.46985e+17 -5.46985e+17  5.46985e+17
  300.00 -6.19840  1.55197e+21  1.55197e+21  1.55197e+21 -6.29082e+17 -6.29082e+17  6.29082e+17
  300.00 -6.16834  1.56429e+21  1.56429e+21  1.56429e+21 -7.12316e+17 -7.12316e+17  7.12316e+17
  300.00 -6.13828  1.57662e+21  1.57662e+21  1.57662e+21 -7.96563e+17 -7.96563e+17  7.96563e+17
  300.00 -6.10822  1.58896e+21  1.58896e+21  1.58896e+21 -8.81682e+17 -8.81682e+17  8.81682e+17
  300.00 -6.07816  1.60130e+21  1.60130e+21  1.60130e+21 -9.67519e+17 -9.67519e+17  9.67519e+17
  300.00 -6.04810  1.61364e+21  1.61364e+21  1.61364e+21 -1.05392e+18 -1.05392e+18  1.05392e+18
  300.00 -6.01804  1.62597e+21  1.62597e+21  1.62597e+21 -1.14072e+18 -1.14072e+18  1.14072e+18
  300.00 -5.98798  1.63827e+21  1.63827e+21  1.63827e+21 -1.22778e+18 -1.22778e+18  1.22778e+18
  300.00 -5.95792  1.65053e+21  1.65053e+21  1.65053e+21 -1.31497e+18 -1.31497e+18  1.31497e+18
  300.00 -5.92786  1.66276e+21  1.66276e+21  1.66276e+21 -1.40220e+18 -1.40220e+18  1.40220e+18
  300.00 -5.89780  1.67493e+21  1.67493e+21  1.67493e+21 -1.48941e+18 -1.48941e+18  1.48941e+18
  300.00 -5.86774  1.68704e+21  1.68704e+21  1.68704e+21 -1.57658e+18 -1.57658e+18  1.57658e+18
  300.00 -5.83768  1.69908e+21  1.69908e+21  1.69908e+21 -1.66374e+18 -1.66374e+18  1.66374e+18
  300.00 -5.80762  1.71104e+21  1.71104e+21  1.71104e+21 -1.75097e+18 -1.75097e+18  1.75097e+18
  300.00 -5.77756  1.72292e+21  1.72292e+21  1.72292e+21 -1.83839e+18 -1.83839e+18  1.83839e+18
  300.00 -5.74749  1.73471e+21  1.73471e+21  1.73471e+21 -1.92615e+18 -1.92615e+18  1.92615e+18
  300.00 -5.71743  1.74642e+21  1.74642e+21  1.74642e+21 -2.01446e+18 -2.01446e+18  2.01446e+18
  300.00 -5.68737  1.75802e+21  1.75802e+21  1.75802e+21 -2.10353e+18 -2.10353e+18  2.10353e+18
  300.00 -5.65731  1.76953e+21  1.76953e+21  1.76953e+21 -2.19359e+18 -2.19359e+18  2.19359e+18
  300.00 -5.62725  1.78094e+21  1.78094e+21  1.78094e+21 -2.28486e+18 -2.28486e+18  2.28486e+18
  300.00 -5.59719  1.79225e+21  1.79225e+21  1.79225e+21 -2.37756e+18 -2.37756e+18  2.37756e+18
  300.00 -5.56713  1.80345e+21  1.80345e+21  1.80345e+21 -2.47185e+18 -2.47185e+18  2.47185e+18
  300.00 -5.53707  1.81455e+21  1.81455e+21  1.81455e+21 -2.56786e+18 -2.56786e+18  2.56786e+18
  300.00 -5.50701  1.82553e+21  1.82553e+21  1.82553e+21 -2.66564e+18 -2.66564e+18  2.66564e+18
  300.00 -5.47695  1.83638e+21  1.83638e+21  1.83638e+21 -2.76518e+18 -2.76518e+18  2.76518e+18
  300.00 -5.44689  1.84712e+21  1.84712e+21  1.84712e+21 -2.86636e+18 -2.86636e+18  2.86636e+18
  300.00 -5.41683  1.85772e+21  1.85772e+21  1.85772e+21 -2.96897e+18 -2.96897e+18  2.96897e+18
  300.00 -5.38677  1.86817e+21  1.86817e+21  1.86817e+21 -3.07270e+18 -3.07270e+18  3.07270e+18
  300.00 -5.35671  1.87846e+21  1.87846e+21  1.87846e+21 -3.17713e+18 -3.17713e+18  3.17713e+18
  300.00 -5.32665  1.88859e+21  1.88859e+21  1.88859e+21 -3.28173e+18 -3.28173e+18  3.28173e+18
  300.00 -5.29659  1.89853e+21  1.89853e+21  1.89853e+21 -3.38588e+18 -3.38588e+18  3.38588e+18
  300.00 -5.26653  1.90826e+21  1.90826e+21  1.90826e+21 -3.48886e+18 -3.48886e+18  3.48886e+18
  300.00 -5.23647  1.91778e+21  1.91778e+21  1.91778e+21 -3.58987e+18 -3.58987e+18  3.58987e+18
  300.00 -5.20641  1.92707e+21  1.92707e+21  1.92707e+21 -3.68805e+18 -3.68805e+18  3.68805e+18
  300.00 -5.17635  1.93610e+21  1.93610e+21  1.93610e+21 -3.78246e+18 -3.78246e+18  3.78246e+18
  300.00 -5.14629  1.94487e+21  1.94487e+21  1.94487e+21 -3.87217e+18 -3.87217e+18  3.87217e+18
  300.00 -5.11623  1.95336e+21  1.95336e+21  1.95336e+21 -3.95620e+18 -3.95620e+18  3.95620e+18
  300.00 -5.08617  1.96155e+21  1.96155e+21  1.96155e+21 -4.03358e+18 -4.03358e+18  4.03358e+18
  300.00 -5.05611  1.96944e+21  1.96944e+21  1.96944e+21 -4.10337e+18 -4.10337e+18  4.10337e+18
  300.00 -5.02605  1.97702e+21  1.97702e+21  1.97702e+21 -4.16467e+18 -4.16467e+18  4.16467e+18
  300.00 -4.99599  1.98429e+21  1.98429e+21  1.98429e+21 -4.21663e+18 -4.21663e+18  4.21663e+18
  300.00 -4.96593  1.99125e+21  1.99125e+21  1.99125e+21 -4.25849e+18 -4.25849e+18  4.25849e+18
  300.00 -4.93587  1.99790e+21  1.99790e+21  1.99790e+21 -4.28968e+18 -4.28968e+18  4.28968e+18
  300.00 -4.90581  2.00425e+21  2.00425e+21  2.00425e+21 -4.31017e+18 -4.31017e+18  4.31017e+18
  300.00 -4.87575  2.01033e+21  2.01033e+21  2.01033e+21 -4.32135e+18 -4.32135e+18  4.32135e+18
  300.00 -4.84569  2.01616e+21  2.01616e+21  2.01616e+21 -4.32742e+18 -4.32742e+18  4.32742e+18
  300.00 -4.81563  2.02182e+21  2.02182e+21  2.02182e+21 -4.33521e+18 -4.33521e+18  4.33521e+18
  300.00 -4.78557  2.02742e+21  2.02742e+21  2.02742e+21 -4.34826e+18 -4.34826e+18  4.34826e+18
  300.00 -4.75551  2.03306e+21  2.03306e+21  2.03306e+21 -4.35501e+18 -4.35501e+18  4.35501e+18
  300.00 -4.72545  2.03877e+21  2.03877e+21  2.03877e+21 -4.32446e+18 -4.32446e+18  4.32446e+18
  300.00 -4.69539  2.04442e+21  2.04442e+21  2.04442e+21 -4.22688e+18 -4.22688e+18  4.22688e+18
  300.00 -4.66533  2.04978e+21  2.04978e+21  2.04978e+21 -4.06768e+18 -4.06768e+18  4.06768e+18
  300.00 -4.63527  2.05471e+21  2.05471e+21  2.05471e+21 -3.89200e+18 -3.89200e+18  3.89200e+18
  300.00 -4.60521  2.05936e+21  2.05936e+21  2.05936e+21 -3.74583e+18 -3.74583e+18  3.74583e+18
  300.00 -4.57515  2.06405e+21  2.06405e+21  2.06405e+21 -3.63929e+18 -3.63929e+18  3.63929e+18
  300.00 -4.54509  2.06911e+21  2.06911e+21  2.06911e+21 -3.55319e+18 -3.55319e+18  3.55319e+18
  300.00 -4.51503  2.07462e+21  2.07462e+21  2.07462e+21 -3.46974e+18 -3.46974e+18  3.46974e+18
  300.00 -4.48497  2.08054e+21  2.08054e+21  2.08054e+21 -3.38877e+18 -3.38877e+18  3.38877e+18
  300.00 -4.45491  2.08673e+21  2.08673e+21  2.08673e+21 -3.32073e+18 -3.32073e+18  3.32073e+18
  300.00 -4.42485  2.09313e+21  2.09313e+21  2.09313e+21 -3.26851e+18 -3.26851e+18  3.26851e+18
  300.00 -4.39479  2.09967e+21  2.09967e+21  2.09967e+21 -3.20813e+18 -3.20813e+18  3.20813e+18
  300.00 -4.36473  2.10630e+21  2.10630e+21  2.10630e+21 -3.08368e+18 -3.08368e+18  3.08368e+18
  300.00 -4.33467  2.11290e+21  2.11290e+21  2.11290e+21 -2.83570e+18 -2.83570e+18  2.83570e+18
  300.00 -4.30461  2.11935e+21  2.11935e+21  2.11935e+21 -2.45457e+18 -2.45457e+18  2.45457e+18
  300.00 -4.27455  2.12562e+21  2.12562e+21  2.12562e+21 -2.00788e+18 -2.00788e+18  2.00788e+18
  300.00 -4.24449  2.13182e+21  2.13182e+21  2.13182e+21 -1.60097e+18 -1.60097e+18  1.60097e+18
  300.00 -4.21443  2.13824e+21  2.13824e+21  2.13824e+21 -1.30153e+18 -1.30153e+18  1.30153e+18
  300.00 -4.18437  2.14516e+21  2.14516e+21  2.14516e+21 -1.10301e+18 -1.10301e+18  1.10301e+18
  300.00 -4.15431  2.15278e+21  2.15278e+21  2.15278e+21 -9.54222e+17 -9.54222e+17  9.54222e+17
  300.00 -4.12425  2.16111e+21  2.16111e+21  2.16111e+21 -8.10954e+17 -8.10954e+17  8.10954e+17
  300.00 -4.09419  2.17003e+21  2.17003e+21  2.17003e+21 -6.59331e+17 -6.59331e+17  6.59331e+17
  300.00 -4.06413  2.17938e+21  2.17938e+21  2.17938e+21 -5.06205e+17 -5.06205e+17  5.06205e+17
  300.00 -4.03407  2.18896e+21  2.18896e+21  2.18896e+21 -3.61186e+17 -3.61186e+17  3.61186e+17
  300.00 -4.00401  2.19859e+21  2.19859e+21  2.19859e+21 -2.27564e+17 -2.27565e+17  2.27564e+17
  300.00 -3.97395  2.20815e+21  2.20815e+21  2.20815e+21 -1.02618e+17 -1.02618e+17  1.02618e+17
  300.00 -3.94389  2.21754e+21  2.21754e+21  2.21754e+21  1.85988e+16  1.85986e+16 -1.85987e+16
  300.00 -3.91383  2.22672e+21  2.22672e+21  2.22672e+21  1.40013e+17  1.40013e+17 -1.40013e+17
  300.00 -3.88377  2.23571e+21  2.23571e+21  2.23571e+21  2.63028e+17  2.63027e+17 -2.63027e+17
  300.00 -3.85371  2.24456e+21  2.24456e+21  2.24456e+21  3.86587e+17  3.86587e+17 -3.86587e+17
  300.00 -3.82365  2.25336e+21  2.25336e+21  2.25336e+21  5.08219e+17  5.08219e+17 -5.08219e+17
  300.00 -3.79359  2.26223e+21  2.26223e+21  2.26223e+21  6.25356e+17  6.25356e+17 -6.25356e+17
  300.00 -3.76353  2.27128e+21  2.27128e+21  2.27128e+21  7.36356e+17  7.36356e+17 -7.36356e+17
  300.00 -3.73347  2.28060e+21  2.28060e+21  2.28060e+21  8.40903e+17  8.40903e+17 -8.40903e+17
  300.00 -3.70341  2.29026e+21  2.29026e+21  2.29026e+21  9.39789e+17  9.39789e+17 -9.39789e+17
  300.00 -3.67335  2.30028e+21  2.30028e+21  2.30028e+21  1.03429e+18  1.03429e+18 -1.03429e+18
  300.00 -3.64329  2.31064e+21  2.31064e+21  2.31064e+21  1.12542e+18  1.12542e+18 -1.12542e+18
  300.00 -3.61323  2.32128e+21  2.32128e+21  2.32128e+21  1.21339e+18  1.21339e+18 -1.21339e+18
  300.00 -3.58317  2.33212e+21  2.33212e+21  2.33212e+21  1.29733e+18  1.29733e+18 -1.29733e+18
  300.00 -3.55311  2.34306e+21  2.34306e+21  2.34306e+21  1.37534e+18  1.37534e+18 -1.37534e+18
  300.00 -3.52305  2.35400e+21  2.35400e+21  2.35400e+21  1.44486e+18  1.44486e+18 -1.44486e+18
  300.00 -3.49299  2.36485e+21  2.36485e+21  2.36485e+21  1.50313e+18  1.50313e+18 -1.50313e+18
  300.00 -3.46293  2.37554e+21  2.37554e+21  2.37554e+21  1.54772e+18  1.54772e+18 -1.54772e+18
  300.00 -3.43287  2.38600e+21  2.38600e+21  2.38600e+21  1.57690e+18  1.57690e+18 -1.57690e+18
  300.00 -3.40281  2.39619e+21  2.39619e+21  2.39619e+21  1.58994e+18  1.58994e+18 -1.58994e+18
  300.00 -3.37275  2.40610e+21  2.40610e+21  2.40610e+21  1.58707e+18  1.58707e+18 -1.58707e+18
  300.00 -3.34269  2.41568e+21  2.41568e+21  2.41568e+21  1.56946e+18  1.56946e+18 -1.56946e+18
  300.00 -3.31263  2.42494e+21  2.42494e+21  2.42494e+21  1.53890e+18  1.53890e+18 -1.53890e+18
  300.00 -3.28257  2.43384e+21  2.43384e+21  2.43384e+21  1.49762e+18  1.49762e+18 -1.49762e+18
  300.00 -3.25251  2.44239e+21  2.44239e+21  2.44239e+21  1.44791e+18  1.44791e+18 -1.44791e+18
  300.00 -3.22244  2.45058e+21  2.45058e+21  2.45058e+21  1.39190e+18  1.39190e+18 -1.39190e+18
  300.00 -3.19238  2.45840e+21  2.45840e+21  2.45840e+21  1.33111e+18  1.33111e+18 -1.33111e+18
  300.00 -3.16232  2.46586e+21  2.46586e+21  2.46586e+21  1.26602e+18  1.26602e+18 -1.26602e+18
  300.00 -3.13226  2.47297e+21  2.47297e+21  2.47297e+21  1.19591e+18  1.19591e+18 -1.19591e+18
  300.00 -3.10220  2.47977e+21  2.47977e+21  2.47977e+21  1.12172e+18  1.12172e+18 -1.12172e+18
  300.00 -3.07214  2.48632e+21  2.48632e+21  2.48632e+21  1.05742e+18  1.05742e+18 -1.05742e+18
  300.00 -3.04208  2.49276e+21  2.49276e+21  2.49276e+21  1.04187e+18  1.04187e+18 -1.04187e+18
  300.00 -3.01202  2.49916e+21  2.49916e+21  2.49916e+21  1.10297e+18  1.10297e+18 -1.10297e+18
  300.00 -2.98196  2.50536e+21  2.50536e+21  2.50536e+21  1.17864e+18  1.17864e+18 -1.17864e+18
  300.00 -2.95190  2.51106e+21  2.51106e+21  2.51106e+21  1.16177e+18  1.16177e+18 -1.16177e+18
  300.00 -2.92184  2.51624e+21  2.51624e+21  2.51624e+21  1.05852e+18  1.05852e+18 -1.05852e+18
  300.00 -2.89178  2.52112e+21  2.52112e+21  2.52112e+21  9.65415e+17  9.65415e+17 -9.65415e+17
  300.00 -2.86172  2.52584e+21  2.52584e+21  2.52584e+21  9.27738e+17  9.27739e+17 -9.27738e+17
  300.00 -2.83166  2.53039e+21  2.53039e+21  2.53039e+21  9.35163e+17  9.35163e+17 -9.35163e+17
  300.00 -2.80160  2.53475e+21  2.53475e+21  2.53475e+21  9.72985e+17  9.72985e+17 -9.72985e+17
  300.00 -2.77154  2.53885e+21  2.53885e+21  2.53885e+21  1.02476e+18  1.02476e+18 -1.02476e+18
  300.00 -2.74148  2.54259e+21  2.54259e+21  2.54259e+21  1.07032e+18  1.07032e+18 -1.07032e+18
  300.00 -2.71142  2.54590e+21  2.54590e+21  2.54590e+21  1.09675e+18  1.09675e+18 -1.09675e+18
  300.00 -2.68136  2.54881e+21  2.54881e+21  2.54881e+21  1.10239e+18  1.10239e+18 -1.10239e+18
  300.00 -2.65130  2.55145e+21  2.55145e+21  2.55145e+21  1.09136e+18  1.09136e+18 -1.09136e+18
  300.00 -2.62124  2.55400e+21  2.55400e+21  2.55400e+21  1.06756e+18  1.06756e+18 -1.06756e+18
  300.00 -2.59118  2.55664e+21  2.55664e+21  2.55664e+21  1.03222e+18  1.03222e+18 -1.03222e+18
  300.00 -2.56112  2.55948e+21  2.55948e+21  2.55948e+21  9.83590e+17  9.83590e+17 -9.83590e+17
  300.00 -2.53106  2.56255e+21  2.56255e+21  2.56255e+21  9.17302e+17  9.17302e+17 -9.17302e+17
  300.00 -2.50100  2.56582e+21  2.56582e+21  2.56582e+21  8.26813e+17  8.26813e+17 -8.26813e+17
  300.00 -2.47094  2.56921e+21  2.56921e+21  2.56921e+21  7.04627e+17  7.04627e+17 -7.04627e+17
  300.00 -2.44088  2.57266e+21  2.57266e+21  2.57266e+21  5.44343e+17  5.44343e+17 -5.44343e+17
  300.00 -2.41082  2.57615e+21  2.57615e+21  2.57615e+21  3.42913e+17  3.42913e+17 -3.42913e+17
  300.00 -2.38076  2.57966e+21  2.57966e+21  2.57966e+21  1.02153e+17  1.02153e+17 -1.02153e+17
  300.00 -2.35070  2.58323e+21  2.58323e+21  2.58323e+21 -1.71155e+17 -1.71155e+17  1.71155e+17
  300.00 -2.32064  2.58691e+21  2.58691e+21  2.58691e+21 -4.66565e+17 -4.66565e+17  4.66565e+17
  300.00 -2.29058  2.59075e+21  2.59075e+21  2.59075e+21 -7.72109e+17 -7.72109e+17  7.72109e+17
  300.00 -2.26052  2.59480e+21  2.59480e+21  2.59480e+21 -1.07651e+18 -1.07651e+18  1.07651e+18
  300.00 -2.23046  2.59907e+21  2.59907e+21  2.59907e+21 -1.37090e+18 -1.37090e+18  1.37090e+18
  300.00 -2.20040  2.60357e+21  2.60357e+21  2.60357e+21 -1.64962e+18 -1.64962e+18  1.64962e+18
  300.00 -2.17034  2.60829e+21  2.60829e+21  2.60829e+21 -1.91033e+18 -1.91033e+18  1.91033e+18
  300.00 -2.14028  2.61322e+21  2.61322e+21  2.61322e+21 -2.15331e+18 -2.15331e+18  2.15331e+18
  300.00 -2.11022  2.61832e+21  2.61832e+21  2.61832e+21 -2.38055e+18 -2.38055e+18  2.38055e+18
  300.00 -2.08016  2.62359e+21  2.62359e+21  2.62359e+21 -2.59473e+18 -2.59473e+18  2.59473e+18
  300.00 -2.05010  2.62898e+21  2.62898e+21  2.62898e+21 -2.79838e+18 -2.79838e+18  2.79838e+18
  300.00 -2.02004  2.63449e+21  2.63449e+21  2.63449e+21 -2.99347e+18 -2.99347e+18  2.99347e+18
  300.00 -1.98998  2.64011e+21  2.64011e+21  2.64011e+21 -3.18136e+18 -3.18136e+18  3.18136e+18
  300.00 -1.95992  2.64582e+21  2.64582e+21  2.64582e+21 -3.36312e+18 -3.36312e+18  3.36312e+18
  300.00 -1.92986  2.65163e+21  2.65163e+21  2.65163e+21 -3.54006e+18 -3.54006e+18  3.54006e+18
  300.00 -1.89980  2.65755e+21  2.65755e+21  2.65755e+21 -3.71419e+18 -3.71419e+18  3.71419e+18
  300.00 -1.86974  2.66362e+21  2.66362e+21  2.66362e+21 -3.88867e+18 -3.88867e+18  3.88867e+18
  300.00 -1.83968  2.66987e+21  2.66987e+21  2.66987e+21 -4.06789e+18 -4.06789e+18  4.06789e+18
  300.00 -1.80962  2.67635e+21  2.67635e+21  2.67635e+21 -4.25752e+18 -4.25752e+18  4.25752e+18
  300.00 -1.77956  2.68312e+21  2.68312e+21  2.68312e+21 -4.46422e+18 -4.46422e+18  4.46422e+18
  300.00 -1.74950  2.69023e+21  2.69023e+21  2.69023e+21 -4.69503e+18 -4.69503e+18  4.69503e+18
  300.00 -1.71944  2.69775e+21  2.69775e+21  2.69775e+21 -4.95540e+18 -4.95540e+18  4.95540e+18
  300.00 -1.68938  2.70573e+21  2.70573e+21  2.70573e+21 -5.24286e+18 -5.24286e+18  5.24286e+18
  300.00 -1.65932  2.71427e+21  2.71427e+21  2.71427e+21 -5.53569e+18 -5.53569e+18  5.53569e+18
  300.00 -1.62926  2.72343e+21  2.72343e+21  2.72343e+21 -5.79448e+18 -5.79448e+18  5.79448e+18
  300.00 -1.59920  2.73321e+21  2.73321e+21  2.73321e+21 -6.00752e+18 -6.00752e+18  6.00752e+18
  300.00 -1.56914  2.74339e+21  2.74339e+21  2.74339e+21 -6.23831e+18 -6.23831e+18  6.23831e+18
  300.00 -1.53908  2.75372e+21  2.75372e+21  2.75372e+21 -6.56451e+18 -6.56451e+18  6.56451e+18
  300.00 -1.50902  2.76414e+21  2.76414e+21  2.76414e+21 -6.96640e+18 -6.96640e+18  6.96640e+18
  300.00 -1.47896  2.77475e+21  2.77475e+21  2.77475e+21 -7.35683e+18 -7.35683e+18  7.35683e+18
  300.00 -1.44890  2.78561e+21  2.78561e+21  2.78561e+21 -7.68930e+18 -7.68930e+18  7.68930e+18
  300.00 -1.41884  2.79667e+21  2.79667e+21  2.79667e+21 -7.96336e+18 -7.96336e+18  7.96336e+18
  300.00 -1.38878  2.80789e+21  2.80789e+21  2.80789e+21 -8.18259e+18 -8.18259e+18  8.18259e+18
  300.00 -1.35872  2.81920e+21  2.81920e+21  2.81920e+21 -8.36096e+18 -8.36096e+18  8.36096e+18
  300.00 -1.32866  2.83045e+21  2.83045e+21  2.83045e+21 -8.53521e+18 -8.53521e+18  8.53521e+18
  300.00 -1.29860  2.84148e+21  2.84148e+21  2.84148e+21 -8.74686e+18 -8.74686e+18  8.74686e+18
  300.00 -1.26854  2.85219e+21  2.85219e+21  2.85219e+21 -9.01991e+18 -9.01991e+18  9.01991e+18
  300.00 -1.23848  2.86257e+21  2.86257e+21  2.86257e+21 -9.35412e+18 -9.35412e+18  9.35412e+18
  300.00 -1.20842  2.87268e+21  2.87268e+21  2.87268e+21 -9.73053e+18 -9.73053e+18  9.73053e+18
  300.00 -1.17836  2.88264e+21  2.88264e+21  2.88264e+21 -1.01219e+19 -1.01219e+19  1.01219e+19
  300.00 -1.14830  2.89253e+21  2.89253e+21  2.89253e+21 -1.05037e+19 -1.05037e+19  1.05037e+19
  300.00 -1.11824  2.90238e+21  2.90238e+21  2.90238e+21 -1.08622e+19 -1.08622e+19  1.08622e+19
  300.00 -1.08818  2.91214e+21  2.91214e+21  2.91214e+21 -1.11968e+19 -1.11968e+19  1.11968e+19
  300.00 -1.05812  2.92174e+21  2.92174e+21  2.92174e+21 -1.15168e+19 -1.15168e+19  1.15168e+19
  300.00 -1.02806  2.93105e+21  2.93105e+21  2.93105e+21 -1.18342e+19 -1.18342e+19  1.18342e+19
  300.00 -0.99800  2.93999e+21  2.93999e+21  2.93999e+21 -1.21565e+19 -1.21565e+19  1.21565e+19
  300.00 -0.96794  2.94855e+21  2.94855e+21  2.94855e+21 -1.24811e+19 -1.24811e+19  1.24811e+19
  300.00 -0.93788  2.95675e+21  2.95675e+21  2.95675e+21 -1.27825e+19 -1.27825e+19  1.27825e+19
  300.00 -0.90782  2.96469e+21  2.96469e+21  2.96469e+21 -1.29909e+19 -1.29909e+19  1.29909e+19
  300.00 -0.87776  2.97224e+21  2.97224e+21  2.97224e+21 -1.31246e+19 -1.31246e+19  1.31246e+19
  300.00 -0.84770  2.97888e+21  2.97888e+21  2.97888e+21 -1.34161e+19 -1.34161e+19  1.34161e+19
  300.00 -0.81764  2.98473e+21  2.98473e+21  2.98473e+21 -1.38467e+19 -1.38467e+19  1.38467e+19
  300.00 -0.78758  2.99048e+21  2.99048e+21  2.99048e+21 -1.41653e+19 -1.41653e+19  1.41653e+19
  300.00 -0.75752  2.99634e+21  2.99634e+21  2.99634e+21 -1.43482e+19 -1.43482e+19  1.43482e+19
  300.00 -0.72745  3.00226e+21  3.00226e+21  3.00226e+21 -1.44637e+19 -1.44637e+19  1.44637e+19
  300.00 -0.69739  3.00816e+21  3.00816e+21  3.00816e+21 -1.45507e+19 -1.45507e+19  1.45507e+19
  300.00 -0.66733  3.01391e+21  3.01391e+21  3.01391e+21 -1.46404e+19 -1.46404e+19  1.46404e+19
  300.00 -0.63727  3.01940e+21  3.01940e+21  3.01940e+21 -1.47634e+19 -1.47634e+19  1.47634e+19
  300.00 -0.60721  3.02454e+21  3.02454e+21  3.02454e+21 -1.49453e+19 -1.49453e+19  1.49453e+19
  300.00 -0.57715  3.02931e+21  3.02931e+21  3.02931e+21 -1.52026e+19 -1.52026e+19  1.52026e+19
  300.00 -0.54709  3.03377e+21  3.03377e+21  3.03377e+21 -1.55395e+19 -1.55395e+19  1.55395e+19
  300.00 -0.51703  3.03804e+21  3.03804e+21  3.03804e+21 -1.59486e+19 -1.59486e+19  1.59486e+19
  300.00 -0.48697  3.04230e+21  3.04230e+21  3.04230e+21 -1.64139e+19 -1.64139e+19  1.64139e+19
  300.00 -0.45691  3.04679e+21  3.04679e+21  3.04679e+21 -1.69153e+19 -1.69153e+19  1.69153e+19
  300.00 -0.42685  3.05173e+21  3.05173e+21  3.05173e+21 -1.74318e+19 -1.74318e+19  1.74318e+19
  300.00 -0.39679  3.05731e+21  3.05731e+21  3.05731e+21 -1.79412e+19 -1.79412e+19  1.79412e+19
  300.00 -0.36673  3.06369e+21  3.06369e+21  3.06369e+21 -1.84186e+19 -1.84186e+19  1.84186e+19
  300.00 -0.33667  3.07094e+21  3.07094e+21  3.07094e+21 -1.88360e+19 -1.88360e+19  1.88360e+19
  300.00 -0.30661  3.07904e+21  3.07904e+21  3.07904e+21 -1.91674e+19 -1.91674e+19  1.91674e+19
  300.00 -0.27655  3.08798e+21  3.08798e+21  3.08798e+21 -1.93988e+19 -1.93988e+19  1.93988e+19
  300.00 -0.24649  3.09768e+21  3.09768e+21  3.09768e+21 -1.95355e+19 -1.95355e+19  1.95355e+19
  300.00 -0.21643  3.10811e+21  3.10811e+21  3.10811e+21 -1.96021e+19 -1.96021e+19  1.96021e+19
  300.00 -0.18637  3.11919e+21  3.11919e+21  3.11919e+21 -1.96321e+19 -1.96321e+19  1.96321e+19
  300.00 -0.15631  3.13090e+21  3.13090e+21  3.13090e+21 -1.96532e+19 -1.96532e+19  1.96532e+19
  300.00 -0.12625  3.14317e+21  3.14317e+21  3.14317e+21 -1.96778e+19 -1.96778e+19  1.96778e+19
  300.00 -0.09619  3.15598e+21  3.15598e+21  3.15598e+21 -1.97009e+19 -1.97009e+19  1.97009e+19
  300.00 -0.06613  3.16931e+21  3.16931e+21  3.16931e+21 -1.97054e+19 -1.97054e+19  1.97054e+19
  300.00 -0.03607  3.18317e+21  3.18317e+21  3.18317e+21 -1.96704e+19 -1.96704e+19  1.96704e+19
  300.00 -0.00601  3.19757e+21  3.19757e+21  3.19757e+21 -1.95775e+19 -1.95775e+19  1.95775e+19
  300.00  0.02405  3.21251e+21  3.21251e+21  3.21251e+21 -1.94150e+19 -1.94150e+19  1.94150e+19
  300.00  0.05411  3.22797e+21  3.22797e+21  3.22797e+21 -1.91790e+19 -1.91790e+19  1.91790e+19
  300.00  0.08417  3.24388e+21  3.24388e+21  3.24388e+21 -1.88717e+19 -1.88717e+19  1.88717e+19
  300.00  0.11423  3.26017e+21  3.26017e+21  3.26017e+21 -1.84995e+19 -1.84995e+19  1.84995e+19
  300.00  0.14429  3.27670e+21  3.27670e+21  3.27670e+21 -1.80706e+19 -1.80706e+19  1.80706e+19
  300.00  0.17435  3.29339e+21  3.29339e+21  3.29339e+21 -1.75935e+19 -1.75935e+19  1.75935e+19
  300.00  0.20441  3.31011e+21  3.31011e+21  3.31011e+21 -1.70754e+19 -1.70754e+19  1.70754e+19
  300.00  0.23447  3.32680e+21  3.32680e+21  3.32680e+21 -1.65220e+19 -1.65220e+19  1.65220e+19
  300.00  0.26453  3.34340e+21  3.34340e+21  3.34340e+21 -1.59377e+19 -1.59377e+19  1.59377e+19
  300.00  0.29459  3.35989e+21  3.35989e+21  3.35989e+21 -1.53256e+19 -1.53256e+19  1.53256e+19
  300.00  0.32465  3.37630e+21  3.37630e+21  3.37630e+21 -1.46880e+19 -1.46880e+19  1.46880e+19
  300.00  0.35471  3.39265e+21  3.39265e+21  3.39265e+21 -1.40268e+19 -1.40268e+19  1.40268e+19
  300.00  0.38477  3.40900e+21  3.40900e+21  3.40900e+21 -1.33441e+19 -1.33441e+19  1.33441e+19
  300.00  0.41483  3.42540e+21  3.42540e+21  3.42540e+21 -1.26427e+19 -1.26427e+19  1.26427e+19
  300.00  0.44489  3.44191e+21  3.44191e+21  3.44191e+21 -1.19263e+19 -1.19263e+19  1.19263e+19
  300.00  0.47495  3.45858e+21  3.45858e+21  3.45858e+21 -1.11998e+19 -1.11998e+19  1.11998e+19
  300.00  0.50501  3.47546e+21  3.47546e+21  3.47546e+21 -1.04693e+19 -1.04693e+19  1.04693e+19
  300.00  0.53507  3.49257e+21  3.49257e+21  3.49257e+21 -9.74184e+18 -9.74184e+18  9.74184e+18
  300.00  0.56513  3.50993e+21  3.50993e+21  3.50993e+21 -9.02515e+18 -9.02515e+18  9.02515e+18
  300.00  0.59519  3.52757e+21  3.52757e+21  3.52757e+21 -8.32711e+18 -8.32711e+18  8.32711e+18
  300.00  0.62525  3.54548e+21  3.54548e+21  3.54548e+21 -7.65541e+18 -7.65541e+18  7.65541e+18
  300.00  0.65531  3.56367e+21  3.56367e+21  3.56367e+21 -7.01717e+18 -7.01717e+18  7.01717e+18
  300.00  0.68537  3.58214e+21  3.58214e+21  3.58214e+21 -6.41869e+18 -6.41869e+18  6.41869e+18
  300.00  0.71543  3.60089e+21  3.60089e+21  3.60089e+21 -5.86529e+18 -5.86529e+18  5.86529e+18
  300.00  0.74549  3.61990e+21  3.61990e+21  3.61990e+21 -5.36129e+18 -5.36129e+18  5.36129e+18
  300.00  0.77555  3.63917e+21  3.63917e+21  3.63917e+21 -4.90993e+18 -4.90993e+18  4.90993e+18
  300.00  0.80561  3.65868e+21  3.65868e+21  3.65868e+21 -4.51343e+18 -4.51343e+18  4.51343e+18
  300.00  0.83567  3.67841e+21  3.67841e+21  3.67841e+21 -4.17299e+18 -4.17299e+18  4.17299e+18
  300.00  0.86573  3.69834e+21  3.69834e+21  3.69834e+21 -3.88874e+18 -3.88874e+18  3.88874e+18
  300.00  0.89579  3.71845e+21  3.71845e+21  3.71845e+21 -3.65979e+18 -3.65979e+18  3.65979e+18
  300.00  0.92585  3.73868e+21  3.73868e+21  3.73868e+21 -3.48417e+18 -3.48417e+18  3.48417e+18
  300.00  0.95591  3.75902e+21  3.75902e+21  3.75902e+21 -3.35890e+18 -3.35890e+18  3.35890e+18
  300.00  0.98597  3.77942e+21  3.77942e+21  3.77942e+21 -3.28007e+18 -3.28007e+18  3.28007e+18
  300.00  1.01603  3.79985e+21  3.79985e+21  3.79985e+21 -3.24296e+18 -3.24296e+18  3.24296e+18
  300.00  1.04609  3.82027e+21  3.82027e+21  3.82027e+21 -3.24223e+18 -3.24223e+18  3.24223e+18
  300.00  1.07615  3.84064e+21  3.84064e+21  3.84064e+21 -3.27220e+18 -3.27220e+18  3.27220e+18
  300.00  1.10621  3.86096e+21  3.86096e+21  3.86096e+21 -3.32706e+18 -3.32706e+18  3.32706e+18
  300.00  1.13627  3.88119e+21  3.88119e+21  3.88119e+21 -3.40116e+18 -3.40116e+18  3.40116e+18
  300.00  1.16633  3.90133e+21  3.90133e+21  3.90133e+21 -3.48924e+18 -3.48924e+18  3.48924e+18
  300.00  1.19639  3.92137e+21  3.92137e+21  3.92137e+21 -3.58665e+18 -3.58665e+18  3.58665e+18
  300.00  1.22645  3.94132e+21  3.94132e+21  3.94132e+21 -3.68950e+18 -3.68950e+18  3.68950e+18
  300.00  1.25651  3.96120e+21  3.96120e+21  3.96120e+21 -3.79475e+18 -3.79475e+18  3.79475e+18
  300.00  1.28657  3.98101e+21  3.98101e+21  3.98101e+21 -3.90028e+18 -3.90028e+18  3.90028e+18
  300.00  1.31663  4.00079e+21  4.00079e+21  4.00079e+21 -4.00482e+18 -4.00482e+18  4.00482e+18
  300.00  1.34669  4.02057e+21  4.02057e+21  4.02057e+21 -4.10798e+18 -4.10798e+18  4.10798e+18
  300.00  1.37675  4.04036e+21  4.04036e+21  4.04036e+21 -4.21006e+18 -4.21006e+18  4.21006e+18
  300.00  1.40681  4.06021e+21  4.06021e+21  4.06021e+21 -4.31202e+18 -4.31202e+18  4.31202e+18
  300.00  1.43687  4.08013e+21  4.08013e+21  4.08013e+21 -4.41529e+18 -4.41529e+18  4.41529e+18
  300.00  1.46693  4.10016e+21  4.10016e+21  4.10016e+21 -4.52168e+18 -4.52168e+18  4.52168e+18
  300.00  1.49699  4.12033e+21  4.12033e+21  4.12033e+21 -4.63323e+18 -4.63323e+18  4.63323e+18
  300.00  1.52705  4.14064e+21  4.14064e+21  4.14064e+21 -4.75207e+18 -4.75207e+18  4.75207e+18
  300.00  1.55711  4.16112e+21  4.16112e+21  4.16112e+21 -4.88038e+18 -4.88038e+18  4.88038e+18
  300.00  1.58717  4.18176e+21  4.18176e+21  4.18176e+21 -5.02027e+18 -5.02027e+18  5.02027e+18
  300.00  1.61723  4.20258e+21  4.20258e+21  4.20258e+21 -5.17371e+18 -5.17371e+18  5.17371e+18
  300.00  1.64729  4.22355e+21  4.22355e+21  4.22355e+21 -5.34253e+18 -5.34253e+18  5.34253e+18
  300.00  1.67735  4.24468e+21  4.24468e+21  4.24468e+21 -5.52837e+18 -5.52837e+18  5.52837e+18
  300.00  1.70741  4.26594e+21  4.26594e+21  4.26594e+21 -5.73265e+18 -5.73265e+18  5.73265e+18
  300.00  1.73747  4.28730e+21  4.28730e+21  4.28730e+21 -5.95654e+18 -5.95654e+18  5.95654e+18
  300.00  1.76754  4.30874e+21  4.30874e+21  4.30874e+21 -6.20093e+18 -6.20093e+18  6.20093e+18
  300.00  1.79760  4.33024e+21  4.33024e+21  4.33024e+21 -6.46636e+18 -6.46636e+18  6.46636e+18
  300.00  1.82766  4.35176e+21  4.35176e+21  4.35176e+21 -6.75292e+18 -6.75292e+18  6.75292e+18
  300.00  1.85772  4.37328e+21  4.37328e+21  4.37328e+21 -7.06021e+18 -7.06021e+18  7.06021e+18
  300.00  1.88778  4.39477e+21  4.39477e+21  4.39477e+21 -7.38722e+18 -7.38722e+18  7.38722e+18
  300.00  1.91784  4.41622e+21  4.41622e+21  4.41622e+21 -7.73226e+18 -7.73226e+18  7.73226e+18
  300.00  1.94790  4.43762e+21  4.43762e+21  4.43762e+21 -8.09291e+18 -8.09291e+18  8.09291e+18
  300.00  1.97796  4.45896e+21  4.45896e+21  4.45896e+21 -8.46606e+18 -8.46606e+18  8.46606e+18
  300.00  2.00802  4.48023e+21  4.48023e+21  4.48023e+21 -8.84790e+18 -8.84790e+18  8.84790e+18
  300.00  2.03808  4.50144e+21  4.50144e+21  4.50144e+21 -9.23413e+18 -9.23413e+18  9.23413e+18
  300.00  2.06814  4.52259e+21  4.52259e+21  4.52259e+21 -9.62005e+18 -9.62005e+18  9.62005e+18
  300.00  2.09820  4.54370e+21  4.54370e+21  4.54370e+21 -1.00008e+19 -1.00008e+19  1.00008e+19
  300.00  2.12826  4.56475e+21  4.56475e+21  4.56475e+21 -1.03718e+19 -1.03718e+19  1.03718e+19
  300.00  2.15832  4.58575e+21  4.58575e+21  4.58575e+21 -1.07287e+19 -1.07287e+19  1.07287e+19
  300.00  2.18838  4.60670e+21  4.60670e+21  4.60670e+21 -1.10677e+19 -1.10677e+19  1.10677e+19
  300.00  2.21844  4.62760e+21  4.62760e+21  4.62760e+21 -1.13861e+19 -1.13861e+19  1.13861e+19
  300.00  2.24850  4.64842e+21  4.64842e+21  4.64842e+21 -1.16820e+19 -1.16820e+19  1.16820e+19
  300.00  2.27856  4.66915e+21  4.66915e+21  4.66915e+21 -1.19547e+19 -1.19547e+19  1.19547e+19
  300.00  2.30862  4.68977e+21  4.68977e+21  4.68977e+21 -1.22044e+19 -1.22044e+19  1.22044e+19
  300.00  2.33868  4.71023e+21  4.71023e+21  4.71023e+21 -1.24326e+19 -1.24326e+19  1.24326e+19
  300.00  2.36874  4.73053e+21  4.73053e+21  4.73053e+21 -1.26414e+19 -1.26414e+19  1.26414e+19
  300.00  2.39880  4.75060e+21  4.75060e+21  4.75060e+21 -1.28339e+19 -1.28339e+19  1.28339e+19
  300.00  2.42886  4.77043e+21  4.77043e+21  4.77043e+21 -1.30136e+19 -1.30136e+19  1.30136e+19
  300.00  2.45892  4.78998e+21  4.78998e+21  4.78998e+21 -1.31845e+19 -1.31845e+19  1.31845e+19
  300.00  2.48898  4.80922e+21  4.80922e+21  4.80922e+21 -1.33507e+19 -1.33507e+19  1.33507e+19
  300.00  2.51904  4.82811e+21  4.82811e+21  4.82811e+21 -1.35161e+19 -1.35161e+19  1.35161e+19
  300.00  2.54910  4.84663e+21  4.84663e+21  4.84663e+21 -1.36846e+19 -1.36846e+19  1.36846e+19
  300.00  2.57916  4.86477e+21  4.86477e+21  4.86477e+21 -1.38597e+19 -1.38597e+19  1.38597e+19
  300.00  2.60922  4.88250e+21  4.88250e+21  4.88250e+21 -1.40443e+19 -1.40443e+19  1.40443e+19
  300.00  2.63928  4.89980e+21  4.89980e+21  4.89980e+21 -1.42411e+19 -1.42411e+19  1.42411e+19
  300.00  2.66934  4.91669e+21  4.91669e+21  4.91669e+21 -1.44519e+19 -1.44519e+19  1.44519e+19
  300.00  2.69940  4.93314e+21  4.93314e+21  4.93314e+21 -1.46782e+19 -1.46782e+19  1.46782e+19
  300.00  2.72946  4.94916e+21  4.94916e+21  4.94916e+21 -1.49209e+19 -1.49209e+19  1.49209e+19
  300.00  2.75952  4.96476e+21  4.96476e+21  4.96476e+21 -1.51806e+19 -1.51806e+19  1.51806e+19
  300.00  2.78958  4.97994e+21  4.97994e+21  4.97994e+21 -1.54573e+19 -1.54573e+19  1.54573e+19
  300.00  2.81964  4.99470e+21  4.99470e+21  4.99470e+21 -1.57508e+19 -1.57508e+19  1.57508e+19
  300.00  2.84970  5.00907e+21  5.00907e+21  5.00907e+21 -1.60607e+19 -1.60607e+19  1.60607e+19
  300.00  2.87976  5.02305e+21  5.02305e+21  5.02305e+21 -1.63864e+19 -1.63864e+19  1.63864e+19
  300.00  2.90982  5.03666e+21  5.03666e+21  5.03666e+21 -1.67273e+19 -1.67273e+19  1.67273e+19
  300.00  2.93988  5.04992e+21  5.04992e+21  5.04992e+21 -1.70828e+19 -1.70828e+19  1.70828e+19
  300.00  2.96994  5.06283e+21  5.06283e+21  5.06283e+21 -1.74524e+19 -1.74524e+19  1.74524e+19
  300.00  3.00000  5.07541e+21  5.07541e+21  5.07541e+21 -1.78357e+19 -1.78357e+19  1.78357e+19
