-0.50000  2.61337e+09
-0.49900  2.58786e+09
-0.49800  2.56265e+09
-0.49700  2.53797e+09
-0.49600  2.51399e+09
-0.49500  2.49081e+09
-0.49400  2.46850e+09
-0.49300  2.44708e+09
-0.49200  2.42651e+09
-0.49100  2.40673e+09
-0.49000  2.38766e+09
-0.48900  2.36919e+09
-0.48800  2.35122e+09
-0.48700  2.33364e+09
-0.48600  2.31633e+09
-0.48500  2.29920e+09
-0.48400  2.28215e+09
-0.48300  2.26510e+09
-0.48200  2.24798e+09
-0.48100  2.23071e+09
-0.48000  2.21324e+09
-0.47900  2.19553e+09
-0.47800  2.17754e+09
-0.47700  2.15923e+09
-0.47600  2.14058e+09
-0.47500  2.12157e+09
-0.47400  2.10219e+09
-0.47300  2.08243e+09
-0.47200  2.06229e+09
-0.47100  2.04176e+09
-0.47000  2.02084e+09
-0.46900  1.99954e+09
-0.46800  1.97787e+09
-0.46700  1.95584e+09
-0.46600  1.93346e+09
-0.46500  1.91074e+09
-0.46400  1.88771e+09
-0.46300  1.86437e+09
-0.46200  1.84075e+09
-0.46100  1.81687e+09
-0.46000  1.79274e+09
-0.45900  1.76841e+09
-0.45800  1.74388e+09
-0.45700  1.71919e+09
-0.45600  1.69436e+09
-0.45500  1.66942e+09
-0.45400  1.64440e+09
-0.45300  1.61933e+09
-0.45200  1.59424e+09
-0.45100  1.56915e+09
-0.45000  1.54410e+09
-0.44900  1.51913e+09
-0.44800  1.49426e+09
-0.44700  1.46952e+09
-0.44600  1.44495e+09
-0.44500  1.42059e+09
-0.44400  1.39645e+09
-0.44300  1.37258e+09
-0.44200  1.34900e+09
-0.44100  1.32576e+09
-0.44000  1.30287e+09
-0.43900  1.28037e+09
-0.43800  1.25829e+09
-0.43700  1.23665e+09
-0.43600  1.21549e+09
-0.43500  1.19482e+09
-0.43400  1.17467e+09
-0.43300  1.15506e+09
-0.43200  1.13600e+09
-0.43100  1.11751e+09
-0.43000  1.09960e+09
-0.42900  1.08228e+09
-0.42800  1.06554e+09
-0.42700  1.04938e+09
-0.42600  1.03380e+09
-0.42500  1.01878e+09
-0.42400  1.00431e+09
-0.42300  9.90365e+08
-0.42200  9.76934e+08
-0.42100  9.63994e+08
-0.42000  9.51523e+08
-0.41900  9.39506e+08
-0.41800  9.27928e+08
-0.41700  9.16783e+08
-0.41600  9.06073e+08
-0.41500  8.95808e+08
-0.41400  8.86008e+08
-0.41300  8.76706e+08
-0.41200  8.67945e+08
-0.41100  8.59778e+08
-0.41000  8.52268e+08
-0.40900  8.45483e+08
-0.40800  8.39496e+08
-0.40700  8.34379e+08
-0.40600  8.30202e+08
-0.40500  8.27029e+08
-0.40400  8.24910e+08
-0.40300  8.23885e+08
-0.40200  8.23977e+08
-0.40100  8.25192e+08
-0.40000  8.27521e+08
-0.39900  8.30939e+08
-0.39800  8.35409e+08
-0.39700  8.40888e+08
-0.39600  8.47330e+08
-0.39500  8.54693e+08
-0.39400  8.62949e+08
-0.39300  8.72086e+08
-0.39200  8.82119e+08
-0.39100  8.93094e+08
-0.39000  9.05089e+08
-0.38900  9.18225e+08
-0.38800  9.32659e+08
-0.38700  9.48583e+08
-0.38600  9.66224e+08
-0.38500  9.85831e+08
-0.38400  1.00767e+09
-0.38300  1.03202e+09
-0.38200  1.05913e+09
-0.38100  1.08925e+09
-0.38000  1.12258e+09
-0.37900  1.15927e+09
-0.37800  1.19940e+09
-0.37700  1.24298e+09
-0.37600  1.28991e+09
-0.37500  1.34001e+09
-0.37400  1.39299e+09
-0.37300  1.44845e+09
-0.37200  1.50590e+09
-0.37100  1.56475e+09
-0.37000  1.62430e+09
-0.36900  1.68382e+09
-0.36800  1.74250e+09
-0.36700  1.79952e+09
-0.36600  1.85403e+09
-0.36500  1.90522e+09
-0.36400  1.95231e+09
-0.36300  1.99462e+09
-0.36200  2.03152e+09
-0.36100  2.06255e+09
-0.36000  2.08735e+09
-0.35900  2.10572e+09
-0.35800  2.11765e+09
-0.35700  2.12328e+09
-0.35600  2.12290e+09
-0.35500  2.11701e+09
-0.35400  2.10621e+09
-0.35300  2.09128e+09
-0.35200  2.07310e+09
-0.35100  2.05262e+09
-0.35000  2.03089e+09
-0.34900  2.00896e+09
-0.34800  1.98792e+09
-0.34700  1.96880e+09
-0.34600  1.95262e+09
-0.34500  1.94028e+09
-0.34400  1.93261e+09
-0.34300  1.93033e+09
-0.34200  1.93399e+09
-0.34100  1.94404e+09
-0.34000  1.96077e+09
-0.33900  1.98432e+09
-0.33800  2.01469e+09
-0.33700  2.05176e+09
-0.33600  2.09526e+09
-0.33500  2.14485e+09
-0.33400  2.20007e+09
-0.33300  2.26039e+09
-0.33200  2.32523e+09
-0.33100  2.39396e+09
-0.33000  2.46594e+09
-0.32900  2.54053e+09
-0.32800  2.61706e+09
-0.32700  2.69494e+09
-0.32600  2.77357e+09
-0.32500  2.85240e+09
-0.32400  2.93095e+09
-0.32300  3.00876e+09
-0.32200  3.08544e+09
-0.32100  3.16065e+09
-0.32000  3.23413e+09
-0.31900  3.30563e+09
-0.31800  3.37497e+09
-0.31700  3.44201e+09
-0.31600  3.50665e+09
-0.31500  3.56884e+09
-0.31400  3.62852e+09
-0.31300  3.68569e+09
-0.31200  3.74035e+09
-0.31100  3.79253e+09
-0.31000  3.84225e+09
-0.30900  3.88955e+09
-0.30800  3.93449e+09
-0.30700  3.97711e+09
-0.30600  4.01746e+09
-0.30500  4.05560e+09
-0.30400  4.09157e+09
-0.30300  4.12543e+09
-0.30200  4.15724e+09
-0.30100  4.18705e+09
-0.30000  4.21491e+09
-0.29900  4.24090e+09
-0.29800  4.26507e+09
-0.29700  4.28750e+09
-0.29600  4.30826e+09
-0.29500  4.32745e+09
-0.29400  4.34514e+09
-0.29300  4.36145e+09
-0.29200  4.37648e+09
-0.29100  4.39035e+09
-0.29000  4.40319e+09
-0.28900  4.41514e+09
-0.28800  4.42634e+09
-0.28700  4.43693e+09
-0.28600  4.44709e+09
-0.28500  4.45696e+09
-0.28400  4.46673e+09
-0.28300  4.47655e+09
-0.28200  4.48659e+09
-0.28100  4.49703e+09
-0.28000  4.50803e+09
-0.27900  4.51975e+09
-0.27800  4.53234e+09
-0.27700  4.54594e+09
-0.27600  4.56070e+09
-0.27500  4.57673e+09
-0.27400  4.59414e+09
-0.27300  4.61302e+09
-0.27200  4.63345e+09
-0.27100  4.65549e+09
-0.27000  4.67917e+09
-0.26900  4.70451e+09
-0.26800  4.73152e+09
-0.26700  4.76017e+09
-0.26600  4.79043e+09
-0.26500  4.82222e+09
-0.26400  4.85546e+09
-0.26300  4.89006e+09
-0.26200  4.92588e+09
-0.26100  4.96280e+09
-0.26000  5.00065e+09
-0.25900  5.03926e+09
-0.25800  5.07843e+09
-0.25700  5.11798e+09
-0.25600  5.15768e+09
-0.25500  5.19729e+09
-0.25400  5.23659e+09
-0.25300  5.27533e+09
-0.25200  5.31324e+09
-0.25100  5.35005e+09
-0.25000  5.38550e+09
-0.24900  5.41930e+09
-0.24800  5.45117e+09
-0.24700  5.48080e+09
-0.24600  5.50791e+09
-0.24500  5.53220e+09
-0.24400  5.55336e+09
-0.24300  5.57110e+09
-0.24200  5.58511e+09
-0.24100  5.59511e+09
-0.24000  5.60083e+09
-0.23900  5.60198e+09
-0.23800  5.59833e+09
-0.23700  5.58965e+09
-0.23600  5.57577e+09
-0.23500  5.55653e+09
-0.23400  5.53184e+09
-0.23300  5.50164e+09
-0.23200  5.46598e+09
-0.23100  5.42493e+09
-0.23000  5.37868e+09
-0.22900  5.32750e+09
-0.22800  5.27172e+09
-0.22700  5.21182e+09
-0.22600  5.14833e+09
-0.22500  5.08192e+09
-0.22400  5.01331e+09
-0.22300  4.94336e+09
-0.22200  4.87296e+09
-0.22100  4.80311e+09
-0.22000  4.73485e+09
-0.21900  4.66925e+09
-0.21800  4.60742e+09
-0.21700  4.55046e+09
-0.21600  4.49944e+09
-0.21500  4.45539e+09
-0.21400  4.41930e+09
-0.21300  4.39203e+09
-0.21200  4.37436e+09
-0.21100  4.36694e+09
-0.21000  4.37028e+09
-0.20900  4.38473e+09
-0.20800  4.41049e+09
-0.20700  4.44760e+09
-0.20600  4.49592e+09
-0.20500  4.55515e+09
-0.20400  4.62484e+09
-0.20300  4.70442e+09
-0.20200  4.79315e+09
-0.20100  4.89022e+09
-0.20000  4.99470e+09
-0.19900  5.10562e+09
-0.19800  5.22193e+09
-0.19700  5.34258e+09
-0.19600  5.46651e+09
-0.19500  5.59268e+09
-0.19400  5.72007e+09
-0.19300  5.84775e+09
-0.19200  5.97483e+09
-0.19100  6.10049e+09
-0.19000  6.22403e+09
-0.18900  6.34482e+09
-0.18800  6.46233e+09
-0.18700  6.57612e+09
-0.18600  6.68587e+09
-0.18500  6.79130e+09
-0.18400  6.89227e+09
-0.18300  6.98867e+09
-0.18200  7.08048e+09
-0.18100  7.16772e+09
-0.18000  7.25048e+09
-0.17900  7.32887e+09
-0.17800  7.40304e+09
-0.17700  7.47316e+09
-0.17600  7.53941e+09
-0.17500  7.60198e+09
-0.17400  7.66108e+09
-0.17300  7.71689e+09
-0.17200  7.76959e+09
-0.17100  7.81938e+09
-0.17000  7.86642e+09
-0.16900  7.91086e+09
-0.16800  7.95285e+09
-0.16700  7.99253e+09
-0.16600  8.03001e+09
-0.16500  8.06542e+09
-0.16400  8.09886e+09
-0.16300  8.13041e+09
-0.16200  8.16019e+09
-0.16100  8.18828e+09
-0.16000  8.21477e+09
-0.15900  8.23978e+09
-0.15800  8.26342e+09
-0.15700  8.28581e+09
-0.15600  8.30713e+09
-0.15500  8.32754e+09
-0.15400  8.34727e+09
-0.15300  8.36659e+09
-0.15200  8.38578e+09
-0.15100  8.40520e+09
-0.15000  8.42522e+09
-0.14900  8.44624e+09
-0.14800  8.46867e+09
-0.14700  8.49289e+09
-0.14600  8.51927e+09
-0.14500  8.54808e+09
-0.14400  8.57949e+09
-0.14300  8.61358e+09
-0.14200  8.65034e+09
-0.14100  8.68968e+09
-0.14000  8.73152e+09
-0.13900  8.77586e+09
-0.13800  8.82288e+09
-0.13700  8.87306e+09
-0.13600  8.92721e+09
-0.13500  8.98654e+09
-0.13400  9.05257e+09
-0.13300  9.12697e+09
-0.13200  9.21140e+09
-0.13100  9.30713e+09
-0.13000  9.41474e+09
-0.12900  9.53381e+09
-0.12800  9.66266e+09
-0.12700  9.79821e+09
-0.12600  9.93600e+09
-0.12500  1.00704e+10
-0.12400  1.01949e+10
-0.12300  1.03026e+10
-0.12200  1.03867e+10
-0.12100  1.04411e+10
-0.12000  1.04606e+10
-0.11900  1.04414e+10
-0.11800  1.03813e+10
-0.11700  1.02797e+10
-0.11600  1.01375e+10
-0.11500  9.95703e+09
-0.11400  9.74146e+09
-0.11300  9.49492e+09
-0.11200  9.22198e+09
-0.11100  8.92743e+09
-0.11000  8.61610e+09
-0.10900  8.29262e+09
-0.10800  7.96137e+09
-0.10700  7.62635e+09
-0.10600  7.29117e+09
-0.10500  6.95898e+09
-0.10400  6.63249e+09
-0.10300  6.31397e+09
-0.10200  6.00525e+09
-0.10100  5.70775e+09
-0.10000  5.42248e+09
-0.09900  5.15006e+09
-0.09800  4.89081e+09
-0.09700  4.64471e+09
-0.09600  4.41152e+09
-0.09500  4.19079e+09
-0.09400  3.98193e+09
-0.09300  3.78425e+09
-0.09200  3.59698e+09
-0.09100  3.41938e+09
-0.09000  3.25066e+09
-0.08900  3.09007e+09
-0.08800  2.93690e+09
-0.08700  2.79045e+09
-0.08600  2.65005e+09
-0.08500  2.51506e+09
-0.08400  2.38486e+09
-0.08300  2.25883e+09
-0.08200  2.13637e+09
-0.08100  2.01688e+09
-0.08000  1.89977e+09
-0.07900  1.78444e+09
-0.07800  1.67033e+09
-0.07700  1.55691e+09
-0.07600  1.44369e+09
-0.07500  1.33031e+09
-0.07400  1.21652e+09
-0.07300  1.10231e+09
-0.07200  9.87887e+08
-0.07100  8.73796e+08
-0.07000  7.60912e+08
-0.06900  6.50469e+08
-0.06800  5.44032e+08
-0.06700  4.43429e+08
-0.06600  3.50650e+08
-0.06500  2.67702e+08
-0.06400  1.96443e+08
-0.06300  1.38415e+08
-0.06200  9.46858e+07
-0.06100  6.57266e+07
-0.06000  5.13436e+07
-0.05900  5.06705e+07
-0.05800  6.22243e+07
-0.05700  8.40169e+07
-0.05600  1.13706e+08
-0.05500  1.48758e+08
-0.05400  1.86605e+08
-0.05300  2.24766e+08
-0.05200  2.60936e+08
-0.05100  2.93054e+08
-0.05000  3.19390e+08
-0.04900  3.38675e+08
-0.04800  3.50294e+08
-0.04700  3.54450e+08
-0.04600  3.52199e+08
-0.04500  3.45214e+08
-0.04400  3.35294e+08
-0.04300  3.23751e+08
-0.04200  3.10930e+08
-0.04100  2.96105e+08
-0.04000  2.77793e+08
-0.03900  2.54347e+08
-0.03800  2.24575e+08
-0.03700  1.88201e+08
-0.03600  1.46090e+08
-0.03500  1.00274e+08
-0.03400  5.38374e+07
-0.03300  1.14827e+07
-0.03200 -1.45684e+07
-0.03100 -8.81160e+06
-0.03000 -7.19288e+06
-0.02900 -3.80448e+07
-0.02800 -4.90086e+07
-0.02700 -2.84355e+07
-0.02600  7.58443e+06
-0.02500  5.30715e+07
-0.02400  1.05463e+08
-0.02300  1.62035e+08
-0.02200  2.19662e+08
-0.02100  2.74991e+08
-0.02000  3.24727e+08
-0.01900  3.66114e+08
-0.01800  3.97733e+08
-0.01700  4.20609e+08
-0.01600  4.38994e+08
-0.01500  4.59461e+08
-0.01400  4.87299e+08
-0.01300  5.21691e+08
-0.01200  5.54174e+08
-0.01100  5.73878e+08
-0.01000  5.76092e+08
-0.00900  5.64699e+08
-0.00800  5.44411e+08
-0.00700  5.12319e+08
-0.00600  4.61171e+08
-0.00500  3.91264e+08
-0.00400  3.14969e+08
-0.00300  2.47435e+08
-0.00200  1.94729e+08
-0.00100  1.51505e+08
 0.00000  1.07310e+08
