-0.50000  9.11226e+07
-0.49900  9.29542e+07
-0.49800  9.48581e+07
-0.49700  9.68055e+07
-0.49600  9.87752e+07
-0.49500  1.00755e+08
-0.49400  1.02739e+08
-0.49300  1.04732e+08
-0.49200  1.06739e+08
-0.49100  1.08771e+08
-0.49000  1.10841e+08
-0.48900  1.12959e+08
-0.48800  1.15135e+08
-0.48700  1.17375e+08
-0.48600  1.19685e+08
-0.48500  1.22063e+08
-0.48400  1.24507e+08
-0.48300  1.27011e+08
-0.48200  1.29568e+08
-0.48100  1.32167e+08
-0.48000  1.34798e+08
-0.47900  1.37450e+08
-0.47800  1.40109e+08
-0.47700  1.42766e+08
-0.47600  1.45408e+08
-0.47500  1.48027e+08
-0.47400  1.50612e+08
-0.47300  1.53156e+08
-0.47200  1.55650e+08
-0.47100  1.58089e+08
-0.47000  1.60467e+08
-0.46900  1.62779e+08
-0.46800  1.65022e+08
-0.46700  1.67191e+08
-0.46600  1.69285e+08
-0.46500  1.71302e+08
-0.46400  1.73239e+08
-0.46300  1.75096e+08
-0.46200  1.76871e+08
-0.46100  1.78564e+08
-0.46000  1.80175e+08
-0.45900  1.81703e+08
-0.45800  1.83149e+08
-0.45700  1.84512e+08
-0.45600  1.85793e+08
-0.45500  1.86991e+08
-0.45400  1.88108e+08
-0.45300  1.89144e+08
-0.45200  1.90099e+08
-0.45100  1.90972e+08
-0.45000  1.91765e+08
-0.44900  1.92476e+08
-0.44800  1.93107e+08
-0.44700  1.93656e+08
-0.44600  1.94122e+08
-0.44500  1.94505e+08
-0.44400  1.94804e+08
-0.44300  1.95017e+08
-0.44200  1.95142e+08
-0.44100  1.95177e+08
-0.44000  1.95121e+08
-0.43900  1.94969e+08
-0.43800  1.94721e+08
-0.43700  1.94373e+08
-0.43600  1.93922e+08
-0.43500  1.93367e+08
-0.43400  1.92705e+08
-0.43300  1.91934e+08
-0.43200  1.91053e+08
-0.43100  1.90061e+08
-0.43000  1.88958e+08
-0.42900  1.87746e+08
-0.42800  1.86426e+08
-0.42700  1.85000e+08
-0.42600  1.83472e+08
-0.42500  1.81846e+08
-0.42400  1.80125e+08
-0.42300  1.78314e+08
-0.42200  1.76414e+08
-0.42100  1.74429e+08
-0.42000  1.72358e+08
-0.41900  1.70200e+08
-0.41800  1.67949e+08
-0.41700  1.65597e+08
-0.41600  1.63130e+08
-0.41500  1.60533e+08
-0.41400  1.57783e+08
-0.41300  1.54855e+08
-0.41200  1.51719e+08
-0.41100  1.48342e+08
-0.41000  1.44690e+08
-0.40900  1.40725e+08
-0.40800  1.36413e+08
-0.40700  1.31718e+08
-0.40600  1.26613e+08
-0.40500  1.21073e+08
-0.40400  1.15083e+08
-0.40300  1.08637e+08
-0.40200  1.01739e+08
-0.40100  9.44082e+07
-0.40000  8.66730e+07
-0.39900  7.85773e+07
-0.39800  7.01770e+07
-0.39700  6.15403e+07
-0.39600  5.27459e+07
-0.39500  4.38815e+07
-0.39400  3.50416e+07
-0.39300  2.63252e+07
-0.39200  1.78328e+07
-0.39100  9.66411e+06
-0.39000  1.91521e+06
-0.38900 -5.32396e+06
-0.38800 -1.19717e+07
-0.38700 -1.79568e+07
-0.38600 -2.32196e+07
-0.38500 -2.77134e+07
-0.38400 -3.14053e+07
-0.38300 -3.42761e+07
-0.38200 -3.63203e+07
-0.38100 -3.75455e+07
-0.38000 -3.79718e+07
-0.37900 -3.76303e+07
-0.37800 -3.65619e+07
-0.37700 -3.48158e+07
-0.37600 -3.24483e+07
-0.37500 -2.95205e+07
-0.37400 -2.60973e+07
-0.37300 -2.22458e+07
-0.37200 -1.80338e+07
-0.37100 -1.35283e+07
-0.37000 -8.79499e+06
-0.36900 -3.89672e+06
-0.36800  1.10701e+06
-0.36700  6.16063e+06
-0.36600  1.12130e+07
-0.36500  1.62175e+07
-0.36400  2.11324e+07
-0.36300  2.59205e+07
-0.36200  3.05489e+07
-0.36100  3.49891e+07
-0.36000  3.92162e+07
-0.35900  4.32088e+07
-0.35800  4.69482e+07
-0.35700  5.04185e+07
-0.35600  5.36057e+07
-0.35500  5.64975e+07
-0.35400  5.90829e+07
-0.35300  6.13522e+07
-0.35200  6.32967e+07
-0.35100  6.49085e+07
-0.35000  6.61807e+07
-0.34900  6.71071e+07
-0.34800  6.76830e+07
-0.34700  6.79046e+07
-0.34600  6.77698e+07
-0.34500  6.72780e+07
-0.34400  6.64304e+07
-0.34300  6.52303e+07
-0.34200  6.36831e+07
-0.34100  6.17963e+07
-0.34000  5.95799e+07
-0.33900  5.70460e+07
-0.33800  5.42086e+07
-0.33700  5.10839e+07
-0.33600  4.76899e+07
-0.33500  4.40458e+07
-0.33400  4.01725e+07
-0.33300  3.60912e+07
-0.33200  3.18243e+07
-0.33100  2.73940e+07
-0.33000  2.28226e+07
-0.32900  1.81323e+07
-0.32800  1.33443e+07
-0.32700  8.47917e+06
-0.32600  3.55651e+06
-0.32500 -1.40534e+06
-0.32400 -6.38929e+06
-0.32300 -1.13796e+07
-0.32200 -1.63618e+07
-0.32100 -2.13228e+07
-0.32000 -2.62509e+07
-0.31900 -3.11356e+07
-0.31800 -3.59673e+07
-0.31700 -4.07378e+07
-0.31600 -4.54396e+07
-0.31500 -5.00659e+07
-0.31400 -5.46109e+07
-0.31300 -5.90692e+07
-0.31200 -6.34359e+07
-0.31100 -6.77064e+07
-0.31000 -7.18767e+07
-0.30900 -7.59428e+07
-0.30800 -7.99011e+07
-0.30700 -8.37482e+07
-0.30600 -8.74808e+07
-0.30500 -9.10957e+07
-0.30400 -9.45902e+07
-0.30300 -9.79615e+07
-0.30200 -1.01207e+08
-0.30100 -1.04326e+08
-0.30000 -1.07314e+08
-0.29900 -1.10172e+08
-0.29800 -1.12898e+08
-0.29700 -1.15492e+08
-0.29600 -1.17952e+08
-0.29500 -1.20281e+08
-0.29400 -1.22478e+08
-0.29300 -1.24546e+08
-0.29200 -1.26486e+08
-0.29100 -1.28300e+08
-0.29000 -1.29993e+08
-0.28900 -1.31567e+08
-0.28800 -1.33026e+08
-0.28700 -1.34376e+08
-0.28600 -1.35621e+08
-0.28500 -1.36767e+08
-0.28400 -1.37819e+08
-0.28300 -1.38784e+08
-0.28200 -1.39667e+08
-0.28100 -1.40475e+08
-0.28000 -1.41213e+08
-0.27900 -1.41889e+08
-0.27800 -1.42508e+08
-0.27700 -1.43076e+08
-0.27600 -1.43598e+08
-0.27500 -1.44080e+08
-0.27400 -1.44527e+08
-0.27300 -1.44942e+08
-0.27200 -1.45329e+08
-0.27100 -1.45692e+08
-0.27000 -1.46033e+08
-0.26900 -1.46353e+08
-0.26800 -1.46654e+08
-0.26700 -1.46935e+08
-0.26600 -1.47197e+08
-0.26500 -1.47439e+08
-0.26400 -1.47658e+08
-0.26300 -1.47852e+08
-0.26200 -1.48018e+08
-0.26100 -1.48153e+08
-0.26000 -1.48251e+08
-0.25900 -1.48309e+08
-0.25800 -1.48320e+08
-0.25700 -1.48281e+08
-0.25600 -1.48183e+08
-0.25500 -1.48022e+08
-0.25400 -1.47790e+08
-0.25300 -1.47482e+08
-0.25200 -1.47090e+08
-0.25100 -1.46608e+08
-0.25000 -1.46029e+08
-0.24900 -1.45346e+08
-0.24800 -1.44553e+08
-0.24700 -1.43642e+08
-0.24600 -1.42608e+08
-0.24500 -1.41444e+08
-0.24400 -1.40145e+08
-0.24300 -1.38704e+08
-0.24200 -1.37117e+08
-0.24100 -1.35379e+08
-0.24000 -1.33486e+08
-0.23900 -1.31435e+08
-0.23800 -1.29224e+08
-0.23700 -1.26850e+08
-0.23600 -1.24316e+08
-0.23500 -1.21621e+08
-0.23400 -1.18770e+08
-0.23300 -1.15768e+08
-0.23200 -1.12622e+08
-0.23100 -1.09344e+08
-0.23000 -1.05944e+08
-0.22900 -1.02439e+08
-0.22800 -9.88482e+07
-0.22700 -9.51922e+07
-0.22600 -9.14961e+07
-0.22500 -8.77878e+07
-0.22400 -8.40982e+07
-0.22300 -8.04607e+07
-0.22200 -7.69115e+07
-0.22100 -7.34886e+07
-0.22000 -7.02318e+07
-0.21900 -6.71817e+07
-0.21800 -6.43795e+07
-0.21700 -6.18661e+07
-0.21600 -5.96811e+07
-0.21500 -5.78629e+07
-0.21400 -5.64468e+07
-0.21300 -5.54653e+07
-0.21200 -5.49469e+07
-0.21100 -5.49157e+07
-0.21000 -5.53906e+07
-0.20900 -5.63852e+07
-0.20800 -5.79077e+07
-0.20700 -5.99601e+07
-0.20600 -6.25388e+07
-0.20500 -6.56343e+07
-0.20400 -6.92317e+07
-0.20300 -7.33110e+07
-0.20200 -7.78473e+07
-0.20100 -8.28118e+07
-0.20000 -8.81720e+07
-0.19900 -9.38925e+07
-0.19800 -9.99356e+07
-0.19700 -1.06262e+08
-0.19600 -1.12831e+08
-0.19500 -1.19603e+08
-0.19400 -1.26536e+08
-0.19300 -1.33589e+08
-0.19200 -1.40725e+08
-0.19100 -1.47902e+08
-0.19000 -1.55085e+08
-0.18900 -1.62237e+08
-0.18800 -1.69322e+08
-0.18700 -1.76307e+08
-0.18600 -1.83156e+08
-0.18500 -1.89838e+08
-0.18400 -1.96320e+08
-0.18300 -2.02567e+08
-0.18200 -2.08547e+08
-0.18100 -2.14225e+08
-0.18000 -2.19566e+08
-0.17900 -2.24533e+08
-0.17800 -2.29087e+08
-0.17700 -2.33189e+08
-0.17600 -2.36795e+08
-0.17500 -2.39861e+08
-0.17400 -2.42342e+08
-0.17300 -2.44189e+08
-0.17200 -2.45352e+08
-0.17100 -2.45780e+08
-0.17000 -2.45420e+08
-0.16900 -2.44218e+08
-0.16800 -2.42119e+08
-0.16700 -2.39069e+08
-0.16600 -2.35014e+08
-0.16500 -2.29900e+08
-0.16400 -2.23675e+08
-0.16300 -2.16290e+08
-0.16200 -2.07697e+08
-0.16100 -1.97851e+08
-0.16000 -1.86713e+08
-0.15900 -1.74246e+08
-0.15800 -1.60420e+08
-0.15700 -1.45209e+08
-0.15600 -1.28593e+08
-0.15500 -1.10557e+08
-0.15400 -9.10934e+07
-0.15300 -7.01956e+07
-0.15200 -4.78609e+07
-0.15100 -2.40849e+07
-0.15000  1.14192e+06
-0.14900  2.78410e+07
-0.14800  5.60524e+07
-0.14700  8.58440e+07
-0.14600  1.17320e+08
-0.14500  1.50626e+08
-0.14400  1.85956e+08
-0.14300  2.23548e+08
-0.14200  2.63669e+08
-0.14100  3.06594e+08
-0.14000  3.52566e+08
-0.13900  4.01743e+08
-0.13800  4.54145e+08
-0.13700  5.09578e+08
-0.13600  5.67587e+08
-0.13500  6.27408e+08
-0.13400  6.87953e+08
-0.13300  7.47840e+08
-0.13200  8.05454e+08
-0.13100  8.59052e+08
-0.13000  9.06902e+08
-0.12900  9.47430e+08
-0.12800  9.79377e+08
-0.12700  1.00191e+09
-0.12600  1.01473e+09
-0.12500  1.01806e+09
-0.12400  1.01267e+09
-0.12300  9.99743e+08
-0.12200  9.80822e+08
-0.12100  9.57644e+08
-0.12000  9.32033e+08
-0.11900  9.05790e+08
-0.11800  8.80622e+08
-0.11700  8.58100e+08
-0.11600  8.39642e+08
-0.11500  8.26505e+08
-0.11400  8.19775e+08
-0.11300  8.20333e+08
-0.11200  8.28796e+08
-0.11100  8.45417e+08
-0.11000  8.69965e+08
-0.10900  9.01605e+08
-0.10800  9.38789e+08
-0.10700  9.79207e+08
-0.10600  1.01982e+09
-0.10500  1.05697e+09
-0.10400  1.08663e+09
-0.10300  1.10470e+09
-0.10200  1.10740e+09
-0.10100  1.09162e+09
-0.10000  1.05526e+09
-0.09900  9.97532e+08
-0.09800  9.18988e+08
-0.09700  8.21558e+08
-0.09600  7.08345e+08
-0.09500  5.83338e+08
-0.09400  4.51039e+08
-0.09300  3.16067e+08
-0.09200  1.82790e+08
-0.09100  5.50221e+07
-0.09000 -6.41808e+07
-0.08900 -1.72620e+08
-0.08800 -2.68950e+08
-0.08700 -3.52593e+08
-0.08600 -4.23602e+08
-0.08500 -4.82482e+08
-0.08400 -5.30024e+08
-0.08300 -5.67147e+08
-0.08200 -5.94760e+08
-0.08100 -6.13674e+08
-0.08000 -6.24526e+08
-0.07900 -6.27750e+08
-0.07800 -6.23560e+08
-0.07700 -6.11955e+08
-0.07600 -5.92754e+08
-0.07500 -5.65627e+08
-0.07400 -5.30164e+08
-0.07300 -4.85944e+08
-0.07200 -4.32629e+08
-0.07100 -3.70063e+08
-0.07000 -2.98376e+08
-0.06900 -2.18081e+08
-0.06800 -1.30151e+08
-0.06700 -3.60630e+07
-0.06600  6.22062e+07
-0.06500  1.62233e+08
-0.06400  2.61255e+08
-0.06300  3.56330e+08
-0.06200  4.44526e+08
-0.06100  5.23124e+08
-0.06000  5.89813e+08
-0.05900  6.42853e+08
-0.05800  6.81187e+08
-0.05700  7.04495e+08
-0.05600  7.13203e+08
-0.05500  7.08453e+08
-0.05400  6.92071e+08
-0.05300  6.66543e+08
-0.05200  6.34980e+08
-0.05100  6.00995e+08
-0.05000  5.68355e+08
-0.04900  5.40292e+08
-0.04800  5.18532e+08
-0.04700  5.02320e+08
-0.04600  4.87984e+08
-0.04500  4.69541e+08
-0.04400  4.40407e+08
-0.04300  3.95699e+08
-0.04200  3.34078e+08
-0.04100  2.58233e+08
-0.04000  1.73750e+08
-0.03900  8.69508e+07
-0.03800  2.78674e+06
-0.03700 -7.62783e+07
-0.03600 -1.50091e+08
-0.03500 -2.19716e+08
-0.03400 -2.86242e+08
-0.03300 -3.51226e+08
-0.03200 -4.24900e+08
-0.03100 -5.22485e+08
-0.03000 -5.96657e+08
-0.02900 -6.11763e+08
-0.02800 -6.36092e+08
-0.02700 -6.87902e+08
-0.02600 -7.50142e+08
-0.02500 -8.17881e+08
-0.02400 -8.90017e+08
-0.02300 -9.65084e+08
-0.02200 -1.04123e+09
-0.02100 -1.11651e+09
-0.02000 -1.18908e+09
-0.01900 -1.25722e+09
-0.01800 -1.31881e+09
-0.01700 -1.37034e+09
-0.01600 -1.40604e+09
-0.01500 -1.41906e+09
-0.01400 -1.40635e+09
-0.01300 -1.37590e+09
-0.01200 -1.35028e+09
-0.01100 -1.35983e+09
-0.01000 -1.42611e+09
-0.00900 -1.54615e+09
-0.00800 -1.69028e+09
-0.00700 -1.81682e+09
-0.00600 -1.89402e+09
-0.00500 -1.91417e+09
-0.00400 -1.89186e+09
-0.00300 -1.85096e+09
-0.00200 -1.81141e+09
-0.00100 -1.78342e+09
 0.00000 -1.76854e+09
