-0.50000  8.94459e+07
-0.49900  8.66323e+07
-0.49800  8.45079e+07
-0.49700  8.30442e+07
-0.49600  8.22125e+07
-0.49500  8.19842e+07
-0.49400  8.23311e+07
-0.49300  8.32259e+07
-0.49200  8.46419e+07
-0.49100  8.65533e+07
-0.49000  8.89350e+07
-0.48900  9.17625e+07
-0.48800  9.50118e+07
-0.48700  9.86595e+07
-0.48600  1.02682e+08
-0.48500  1.07057e+08
-0.48400  1.11761e+08
-0.48300  1.16771e+08
-0.48200  1.22064e+08
-0.48100  1.27618e+08
-0.48000  1.33410e+08
-0.47900  1.39417e+08
-0.47800  1.45617e+08
-0.47700  1.51988e+08
-0.47600  1.58508e+08
-0.47500  1.65156e+08
-0.47400  1.71911e+08
-0.47300  1.78751e+08
-0.47200  1.85658e+08
-0.47100  1.92609e+08
-0.47000  1.99586e+08
-0.46900  2.06568e+08
-0.46800  2.13534e+08
-0.46700  2.20463e+08
-0.46600  2.27333e+08
-0.46500  2.34121e+08
-0.46400  2.40802e+08
-0.46300  2.47348e+08
-0.46200  2.53731e+08
-0.46100  2.59919e+08
-0.46000  2.65877e+08
-0.45900  2.71570e+08
-0.45800  2.76957e+08
-0.45700  2.81997e+08
-0.45600  2.86647e+08
-0.45500  2.90860e+08
-0.45400  2.94592e+08
-0.45300  2.97796e+08
-0.45200  3.00428e+08
-0.45100  3.02446e+08
-0.45000  3.03813e+08
-0.44900  3.04495e+08
-0.44800  3.04465e+08
-0.44700  3.03707e+08
-0.44600  3.02211e+08
-0.44500  2.99977e+08
-0.44400  2.97020e+08
-0.44300  2.93364e+08
-0.44200  2.89046e+08
-0.44100  2.84116e+08
-0.44000  2.78636e+08
-0.43900  2.72679e+08
-0.43800  2.66329e+08
-0.43700  2.59677e+08
-0.43600  2.52821e+08
-0.43500  2.45867e+08
-0.43400  2.38917e+08
-0.43300  2.32079e+08
-0.43200  2.25454e+08
-0.43100  2.19137e+08
-0.43000  2.13218e+08
-0.42900  2.07775e+08
-0.42800  2.02874e+08
-0.42700  1.98566e+08
-0.42600  1.94890e+08
-0.42500  1.91865e+08
-0.42400  1.89500e+08
-0.42300  1.87783e+08
-0.42200  1.86692e+08
-0.42100  1.86190e+08
-0.42000  1.86228e+08
-0.41900  1.86749e+08
-0.41800  1.87688e+08
-0.41700  1.88975e+08
-0.41600  1.90538e+08
-0.41500  1.92307e+08
-0.41400  1.94211e+08
-0.41300  1.96187e+08
-0.41200  1.98174e+08
-0.41100  2.00123e+08
-0.41000  2.01990e+08
-0.40900  2.03744e+08
-0.40800  2.05359e+08
-0.40700  2.06822e+08
-0.40600  2.08128e+08
-0.40500  2.09278e+08
-0.40400  2.10283e+08
-0.40300  2.11157e+08
-0.40200  2.11920e+08
-0.40100  2.12595e+08
-0.40000  2.13207e+08
-0.39900  2.13778e+08
-0.39800  2.14335e+08
-0.39700  2.14897e+08
-0.39600  2.15485e+08
-0.39500  2.16113e+08
-0.39400  2.16794e+08
-0.39300  2.17536e+08
-0.39200  2.18343e+08
-0.39100  2.19215e+08
-0.39000  2.20148e+08
-0.38900  2.21137e+08
-0.38800  2.22173e+08
-0.38700  2.23245e+08
-0.38600  2.24341e+08
-0.38500  2.25449e+08
-0.38400  2.26557e+08
-0.38300  2.27652e+08
-0.38200  2.28724e+08
-0.38100  2.29761e+08
-0.38000  2.30756e+08
-0.37900  2.31703e+08
-0.37800  2.32595e+08
-0.37700  2.33431e+08
-0.37600  2.34210e+08
-0.37500  2.34931e+08
-0.37400  2.35599e+08
-0.37300  2.36216e+08
-0.37200  2.36787e+08
-0.37100  2.37320e+08
-0.37000  2.37821e+08
-0.36900  2.38298e+08
-0.36800  2.38760e+08
-0.36700  2.39214e+08
-0.36600  2.39669e+08
-0.36500  2.40134e+08
-0.36400  2.40617e+08
-0.36300  2.41125e+08
-0.36200  2.41665e+08
-0.36100  2.42246e+08
-0.36000  2.42872e+08
-0.35900  2.43550e+08
-0.35800  2.44284e+08
-0.35700  2.45079e+08
-0.35600  2.45940e+08
-0.35500  2.46868e+08
-0.35400  2.47868e+08
-0.35300  2.48941e+08
-0.35200  2.50088e+08
-0.35100  2.51312e+08
-0.35000  2.52613e+08
-0.34900  2.53992e+08
-0.34800  2.55448e+08
-0.34700  2.56982e+08
-0.34600  2.58593e+08
-0.34500  2.60280e+08
-0.34400  2.62043e+08
-0.34300  2.63880e+08
-0.34200  2.65790e+08
-0.34100  2.67771e+08
-0.34000  2.69822e+08
-0.33900  2.71941e+08
-0.33800  2.74125e+08
-0.33700  2.76372e+08
-0.33600  2.78679e+08
-0.33500  2.81045e+08
-0.33400  2.83466e+08
-0.33300  2.85938e+08
-0.33200  2.88459e+08
-0.33100  2.91025e+08
-0.33000  2.93633e+08
-0.32900  2.96278e+08
-0.32800  2.98956e+08
-0.32700  3.01663e+08
-0.32600  3.04393e+08
-0.32500  3.07143e+08
-0.32400  3.09908e+08
-0.32300  3.12680e+08
-0.32200  3.15457e+08
-0.32100  3.18230e+08
-0.32000  3.20995e+08
-0.31900  3.23746e+08
-0.31800  3.26476e+08
-0.31700  3.29178e+08
-0.31600  3.31847e+08
-0.31500  3.34475e+08
-0.31400  3.37056e+08
-0.31300  3.39584e+08
-0.31200  3.42050e+08
-0.31100  3.44450e+08
-0.31000  3.46775e+08
-0.30900  3.49020e+08
-0.30800  3.51177e+08
-0.30700  3.53242e+08
-0.30600  3.55208e+08
-0.30500  3.57070e+08
-0.30400  3.58823e+08
-0.30300  3.60463e+08
-0.30200  3.61985e+08
-0.30100  3.63387e+08
-0.30000  3.64666e+08
-0.29900  3.65821e+08
-0.29800  3.66852e+08
-0.29700  3.67759e+08
-0.29600  3.68544e+08
-0.29500  3.69211e+08
-0.29400  3.69763e+08
-0.29300  3.70207e+08
-0.29200  3.70549e+08
-0.29100  3.70798e+08
-0.29000  3.70963e+08
-0.28900  3.71056e+08
-0.28800  3.71088e+08
-0.28700  3.71072e+08
-0.28600  3.71022e+08
-0.28500  3.70953e+08
-0.28400  3.70879e+08
-0.28300  3.70813e+08
-0.28200  3.70771e+08
-0.28100  3.70766e+08
-0.28000  3.70809e+08
-0.27900  3.70911e+08
-0.27800  3.71079e+08
-0.27700  3.71321e+08
-0.27600  3.71639e+08
-0.27500  3.72032e+08
-0.27400  3.72497e+08
-0.27300  3.73025e+08
-0.27200  3.73605e+08
-0.27100  3.74221e+08
-0.27000  3.74853e+08
-0.26900  3.75475e+08
-0.26800  3.76061e+08
-0.26700  3.76576e+08
-0.26600  3.76988e+08
-0.26500  3.77256e+08
-0.26400  3.77341e+08
-0.26300  3.77200e+08
-0.26200  3.76791e+08
-0.26100  3.76071e+08
-0.26000  3.74998e+08
-0.25900  3.73530e+08
-0.25800  3.71630e+08
-0.25700  3.69261e+08
-0.25600  3.66392e+08
-0.25500  3.62996e+08
-0.25400  3.59050e+08
-0.25300  3.54537e+08
-0.25200  3.49445e+08
-0.25100  3.43769e+08
-0.25000  3.37509e+08
-0.24900  3.30671e+08
-0.24800  3.23266e+08
-0.24700  3.15311e+08
-0.24600  3.06827e+08
-0.24500  2.97840e+08
-0.24400  2.88379e+08
-0.24300  2.78477e+08
-0.24200  2.68168e+08
-0.24100  2.57487e+08
-0.24000  2.46472e+08
-0.23900  2.35158e+08
-0.23800  2.23582e+08
-0.23700  2.11779e+08
-0.23600  1.99781e+08
-0.23500  1.87618e+08
-0.23400  1.75318e+08
-0.23300  1.62906e+08
-0.23200  1.50403e+08
-0.23100  1.37827e+08
-0.23000  1.25193e+08
-0.22900  1.12513e+08
-0.22800  9.97937e+07
-0.22700  8.70419e+07
-0.22600  7.42597e+07
-0.22500  6.14475e+07
-0.22400  4.86037e+07
-0.22300  3.57248e+07
-0.22200  2.28060e+07
-0.22100  9.84172e+06
-0.22000 -3.17455e+06
-0.21900 -1.62495e+07
-0.21800 -2.93899e+07
-0.21700 -4.26024e+07
-0.21600 -5.58930e+07
-0.21500 -6.92672e+07
-0.21400 -8.27298e+07
-0.21300 -9.62847e+07
-0.21200 -1.09935e+08
-0.21100 -1.23681e+08
-0.21000 -1.37526e+08
-0.20900 -1.51468e+08
-0.20800 -1.65506e+08
-0.20700 -1.79638e+08
-0.20600 -1.93860e+08
-0.20500 -2.08169e+08
-0.20400 -2.22560e+08
-0.20300 -2.37026e+08
-0.20200 -2.51562e+08
-0.20100 -2.66161e+08
-0.20000 -2.80816e+08
-0.19900 -2.95519e+08
-0.19800 -3.10262e+08
-0.19700 -3.25036e+08
-0.19600 -3.39833e+08
-0.19500 -3.54645e+08
-0.19400 -3.69463e+08
-0.19300 -3.84278e+08
-0.19200 -3.99081e+08
-0.19100 -4.13863e+08
-0.19000 -4.28615e+08
-0.18900 -4.43330e+08
-0.18800 -4.57998e+08
-0.18700 -4.72611e+08
-0.18600 -4.87161e+08
-0.18500 -5.01639e+08
-0.18400 -5.16037e+08
-0.18300 -5.30348e+08
-0.18200 -5.44564e+08
-0.18100 -5.58677e+08
-0.18000 -5.72681e+08
-0.17900 -5.86567e+08
-0.17800 -6.00330e+08
-0.17700 -6.13962e+08
-0.17600 -6.27457e+08
-0.17500 -6.40808e+08
-0.17400 -6.54010e+08
-0.17300 -6.67056e+08
-0.17200 -6.79942e+08
-0.17100 -6.92661e+08
-0.17000 -7.05208e+08
-0.16900 -7.17578e+08
-0.16800 -7.29767e+08
-0.16700 -7.41769e+08
-0.16600 -7.53581e+08
-0.16500 -7.65197e+08
-0.16400 -7.76614e+08
-0.16300 -7.87829e+08
-0.16200 -7.98837e+08
-0.16100 -8.09635e+08
-0.16000 -8.20219e+08
-0.15900 -8.30587e+08
-0.15800 -8.40736e+08
-0.15700 -8.50663e+08
-0.15600 -8.60366e+08
-0.15500 -8.69841e+08
-0.15400 -8.79088e+08
-0.15300 -8.88103e+08
-0.15200 -8.96886e+08
-0.15100 -9.05433e+08
-0.15000 -9.13744e+08
-0.14900 -9.21817e+08
-0.14800 -9.29652e+08
-0.14700 -9.37245e+08
-0.14600 -9.44598e+08
-0.14500 -9.51708e+08
-0.14400 -9.58574e+08
-0.14300 -9.65197e+08
-0.14200 -9.71575e+08
-0.14100 -9.77709e+08
-0.14000 -9.83597e+08
-0.13900 -9.89239e+08
-0.13800 -9.94635e+08
-0.13700 -9.99784e+08
-0.13600 -1.00469e+09
-0.13500 -1.00935e+09
-0.13400 -1.01376e+09
-0.13300 -1.01792e+09
-0.13200 -1.02184e+09
-0.13100 -1.02551e+09
-0.13000 -1.02894e+09
-0.12900 -1.03212e+09
-0.12800 -1.03506e+09
-0.12700 -1.03775e+09
-0.12600 -1.04020e+09
-0.12500 -1.04241e+09
-0.12400 -1.04437e+09
-0.12300 -1.04609e+09
-0.12200 -1.04757e+09
-0.12100 -1.04881e+09
-0.12000 -1.04981e+09
-0.11900 -1.05056e+09
-0.11800 -1.05108e+09
-0.11700 -1.05136e+09
-0.11600 -1.05140e+09
-0.11500 -1.05120e+09
-0.11400 -1.05076e+09
-0.11300 -1.05009e+09
-0.11200 -1.04919e+09
-0.11100 -1.04805e+09
-0.11000 -1.04667e+09
-0.10900 -1.04506e+09
-0.10800 -1.04322e+09
-0.10700 -1.04114e+09
-0.10600 -1.03883e+09
-0.10500 -1.03630e+09
-0.10400 -1.03353e+09
-0.10300 -1.03053e+09
-0.10200 -1.02730e+09
-0.10100 -1.02384e+09
-0.10000 -1.02015e+09
-0.09900 -1.01624e+09
-0.09800 -1.01210e+09
-0.09700 -1.00773e+09
-0.09600 -1.00314e+09
-0.09500 -9.98314e+08
-0.09400 -9.93267e+08
-0.09300 -9.87995e+08
-0.09200 -9.82498e+08
-0.09100 -9.76777e+08
-0.09000 -9.70831e+08
-0.08900 -9.64661e+08
-0.08800 -9.58267e+08
-0.08700 -9.51650e+08
-0.08600 -9.44809e+08
-0.08500 -9.37746e+08
-0.08400 -9.30459e+08
-0.08300 -9.22950e+08
-0.08200 -9.15217e+08
-0.08100 -9.07262e+08
-0.08000 -8.99085e+08
-0.07900 -8.90684e+08
-0.07800 -8.82061e+08
-0.07700 -8.73215e+08
-0.07600 -8.64145e+08
-0.07500 -8.54853e+08
-0.07400 -8.45338e+08
-0.07300 -8.35598e+08
-0.07200 -8.25635e+08
-0.07100 -8.15449e+08
-0.07000 -8.05037e+08
-0.06900 -7.94401e+08
-0.06800 -7.83540e+08
-0.06700 -7.72453e+08
-0.06600 -7.61141e+08
-0.06500 -7.49602e+08
-0.06400 -7.37836e+08
-0.06300 -7.25842e+08
-0.06200 -7.13621e+08
-0.06100 -7.01171e+08
-0.06000 -6.88491e+08
-0.05900 -6.75582e+08
-0.05800 -6.62442e+08
-0.05700 -6.49071e+08
-0.05600 -6.35467e+08
-0.05500 -6.21631e+08
-0.05400 -6.07561e+08
-0.05300 -5.93257e+08
-0.05200 -5.78717e+08
-0.05100 -5.63942e+08
-0.05000 -5.48929e+08
-0.04900 -5.33679e+08
-0.04800 -5.18190e+08
-0.04700 -5.02462e+08
-0.04600 -4.86493e+08
-0.04500 -4.70283e+08
-0.04400 -4.53831e+08
-0.04300 -4.37136e+08
-0.04200 -4.20196e+08
-0.04100 -4.03012e+08
-0.04000 -3.85582e+08
-0.03900 -3.67905e+08
-0.03800 -3.49981e+08
-0.03700 -3.31809e+08
-0.03600 -3.13387e+08
-0.03500 -2.94716e+08
-0.03400 -2.75793e+08
-0.03300 -2.56620e+08
-0.03200 -2.37194e+08
-0.03100 -2.17515e+08
-0.03000 -1.97582e+08
-0.02900 -1.77396e+08
-0.02800 -1.56954e+08
-0.02700 -1.36258e+08
-0.02600 -1.15306e+08
-0.02500 -9.40973e+07
-0.02400 -7.26324e+07
-0.02300 -5.09106e+07
-0.02200 -2.89318e+07
-0.02100 -6.69569e+06
-0.02000  1.57978e+07
-0.01900  3.85488e+07
-0.01800  6.15573e+07
-0.01700  8.48231e+07
-0.01600  1.08346e+08
-0.01500  1.32126e+08
-0.01400  1.56163e+08
-0.01300  1.80456e+08
-0.01200  2.05005e+08
-0.01100  2.29809e+08
-0.01000  2.54867e+08
-0.00900  2.80180e+08
-0.00800  3.05746e+08
-0.00700  3.31563e+08
-0.00600  3.57632e+08
-0.00500  3.83951e+08
-0.00400  4.10518e+08
-0.00300  4.37333e+08
-0.00200  4.64395e+08
-0.00100  4.91700e+08
 0.00000  5.19249e+08
