-0.50000  6.18671e+06
-0.49900  6.30229e+06
-0.49800  6.41944e+06
-0.49700  6.53412e+06
-0.49600  6.64304e+06
-0.49500  6.74376e+06
-0.49400  6.83464e+06
-0.49300  6.91474e+06
-0.49200  6.98373e+06
-0.49100  7.04172e+06
-0.49000  7.08917e+06
-0.48900  7.12673e+06
-0.48800  7.15516e+06
-0.48700  7.17523e+06
-0.48600  7.18767e+06
-0.48500  7.19315e+06
-0.48400  7.19222e+06
-0.48300  7.18534e+06
-0.48200  7.17286e+06
-0.48100  7.15506e+06
-0.48000  7.13214e+06
-0.47900  7.10423e+06
-0.47800  7.07143e+06
-0.47700  7.03380e+06
-0.47600  6.99139e+06
-0.47500  6.94423e+06
-0.47400  6.89234e+06
-0.47300  6.83577e+06
-0.47200  6.77454e+06
-0.47100  6.70870e+06
-0.47000  6.63831e+06
-0.46900  6.56342e+06
-0.46800  6.48412e+06
-0.46700  6.40049e+06
-0.46600  6.31262e+06
-0.46500  6.22063e+06
-0.46400  6.12462e+06
-0.46300  6.02473e+06
-0.46200  5.92108e+06
-0.46100  5.81382e+06
-0.46000  5.70307e+06
-0.45900  5.58900e+06
-0.45800  5.47176e+06
-0.45700  5.35148e+06
-0.45600  5.22834e+06
-0.45500  5.10249e+06
-0.45400  4.97408e+06
-0.45300  4.84326e+06
-0.45200  4.71019e+06
-0.45100  4.57501e+06
-0.45000  4.43786e+06
-0.44900  4.29887e+06
-0.44800  4.15819e+06
-0.44700  4.01593e+06
-0.44600  3.87223e+06
-0.44500  3.72720e+06
-0.44400  3.58096e+06
-0.44300  3.43366e+06
-0.44200  3.28545e+06
-0.44100  3.13649e+06
-0.44000  2.98700e+06
-0.43900  2.83725e+06
-0.43800  2.68757e+06
-0.43700  2.53842e+06
-0.43600  2.39035e+06
-0.43500  2.24409e+06
-0.43400  2.10053e+06
-0.43300  1.96079e+06
-0.43200  1.82626e+06
-0.43100  1.69858e+06
-0.43000  1.57968e+06
-0.42900  1.47183e+06
-0.42800  1.37759e+06
-0.42700  1.29977e+06
-0.42600  1.24146e+06
-0.42500  1.20589e+06
-0.42400  1.19635e+06
-0.42300  1.21609e+06
-0.42200  1.26810e+06
-0.42100  1.35500e+06
-0.42000  1.47879e+06
-0.41900  1.64064e+06
-0.41800  1.84070e+06
-0.41700  2.07786e+06
-0.41600  2.34960e+06
-0.41500  2.65183e+06
-0.41400  2.97886e+06
-0.41300  3.32330e+06
-0.41200  3.67624e+06
-0.41100  4.02733e+06
-0.41000  4.36508e+06
-0.40900  4.67716e+06
-0.40800  4.95086e+06
-0.40700  5.17355e+06
-0.40600  5.33318e+06
-0.40500  5.41884e+06
-0.40400  5.42125e+06
-0.40300  5.33329e+06
-0.40200  5.15032e+06
-0.40100  4.87055e+06
-0.40000  4.49521e+06
-0.39900  4.02860e+06
-0.39800  3.47805e+06
-0.39700  2.85366e+06
-0.39600  2.16801e+06
-0.39500  1.43570e+06
-0.39400  6.72897e+05
-0.39300 -1.03320e+05
-0.39200 -8.75475e+05
-0.39100 -1.62631e+06
-0.39000 -2.33932e+06
-0.38900 -2.99924e+06
-0.38800 -3.59249e+06
-0.38700 -4.10745e+06
-0.38600 -4.53473e+06
-0.38500 -4.86731e+06
-0.38400 -5.10056e+06
-0.38300 -5.23223e+06
-0.38200 -5.26233e+06
-0.38100 -5.19301e+06
-0.38000 -5.02831e+06
-0.37900 -4.77398e+06
-0.37800 -4.43724e+06
-0.37700 -4.02651e+06
-0.37600 -3.55121e+06
-0.37500 -3.02148e+06
-0.37400 -2.44804e+06
-0.37300 -1.84192e+06
-0.37200 -1.21429e+06
-0.37100 -5.76272e+05
-0.37000  6.11982e+04
-0.36900  6.87584e+05
-0.36800  1.29288e+06
-0.36700  1.86777e+06
-0.36600  2.40377e+06
-0.36500  2.89338e+06
-0.36400  3.33020e+06
-0.36300  3.70901e+06
-0.36200  4.02594e+06
-0.36100  4.27844e+06
-0.36000  4.46541e+06
-0.35900  4.58715e+06
-0.35800  4.64536e+06
-0.35700  4.64307e+06
-0.35600  4.58457e+06
-0.35500  4.47527e+06
-0.35400  4.32154e+06
-0.35300  4.13054e+06
-0.35200  3.91003e+06
-0.35100  3.66813e+06
-0.35000  3.41312e+06
-0.34900  3.15322e+06
-0.34800  2.89638e+06
-0.34700  2.65007e+06
-0.34600  2.42111e+06
-0.34500  2.21555e+06
-0.34400  2.03851e+06
-0.34300  1.89411e+06
-0.34200  1.78544e+06
-0.34100  1.71450e+06
-0.34000  1.68224e+06
-0.33900  1.68862e+06
-0.33800  1.73265e+06
-0.33700  1.81250e+06
-0.33600  1.92560e+06
-0.33500  2.06878e+06
-0.33400  2.23837e+06
-0.33300  2.43037e+06
-0.33200  2.64055e+06
-0.33100  2.86458e+06
-0.33000  3.09816e+06
-0.32900  3.33711e+06
-0.32800  3.57742e+06
-0.32700  3.81540e+06
-0.32600  4.04768e+06
-0.32500  4.27123e+06
-0.32400  4.48346e+06
-0.32300  4.68217e+06
-0.32200  4.86554e+06
-0.32100  5.03219e+06
-0.32000  5.18106e+06
-0.31900  5.31148e+06
-0.31800  5.42305e+06
-0.31700  5.51567e+06
-0.31600  5.58947e+06
-0.31500  5.64477e+06
-0.31400  5.68208e+06
-0.31300  5.70201e+06
-0.31200  5.70530e+06
-0.31100  5.69273e+06
-0.31000  5.66516e+06
-0.30900  5.62345e+06
-0.30800  5.56851e+06
-0.30700  5.50123e+06
-0.30600  5.42249e+06
-0.30500  5.33317e+06
-0.30400  5.23414e+06
-0.30300  5.12624e+06
-0.30200  5.01031e+06
-0.30100  4.88717e+06
-0.30000  4.75764e+06
-0.29900  4.62254e+06
-0.29800  4.48267e+06
-0.29700  4.33885e+06
-0.29600  4.19191e+06
-0.29500  4.04268e+06
-0.29400  3.89200e+06
-0.29300  3.74073e+06
-0.29200  3.58974e+06
-0.29100  3.43991e+06
-0.29000  3.29213e+06
-0.28900  3.14730e+06
-0.28800  3.00633e+06
-0.28700  2.87010e+06
-0.28600  2.73952e+06
-0.28500  2.61546e+06
-0.28400  2.49878e+06
-0.28300  2.39032e+06
-0.28200  2.29089e+06
-0.28100  2.20124e+06
-0.28000  2.12208e+06
-0.27900  2.05408e+06
-0.27800  1.99783e+06
-0.27700  1.95387e+06
-0.27600  1.92266e+06
-0.27500  1.90457e+06
-0.27400  1.89990e+06
-0.27300  1.90886e+06
-0.27200  1.93159e+06
-0.27100  1.96810e+06
-0.27000  2.01834e+06
-0.26900  2.08215e+06
-0.26800  2.15930e+06
-0.26700  2.24945e+06
-0.26600  2.35218e+06
-0.26500  2.46698e+06
-0.26400  2.59328e+06
-0.26300  2.73041e+06
-0.26200  2.87764e+06
-0.26100  3.03419e+06
-0.26000  3.19919e+06
-0.25900  3.37173e+06
-0.25800  3.55086e+06
-0.25700  3.73559e+06
-0.25600  3.92487e+06
-0.25500  4.11763e+06
-0.25400  4.31279e+06
-0.25300  4.50923e+06
-0.25200  4.70582e+06
-0.25100  4.90141e+06
-0.25000  5.09485e+06
-0.24900  5.28499e+06
-0.24800  5.47066e+06
-0.24700  5.65072e+06
-0.24600  5.82403e+06
-0.24500  5.98944e+06
-0.24400  6.14587e+06
-0.24300  6.29221e+06
-0.24200  6.42743e+06
-0.24100  6.55052e+06
-0.24000  6.66053e+06
-0.23900  6.75659e+06
-0.23800  6.83789e+06
-0.23700  6.90373e+06
-0.23600  6.95351e+06
-0.23500  6.98676e+06
-0.23400  7.00315e+06
-0.23300  7.00252e+06
-0.23200  6.98487e+06
-0.23100  6.95039e+06
-0.23000  6.89947e+06
-0.22900  6.83271e+06
-0.22800  6.75090e+06
-0.22700  6.65507e+06
-0.22600  6.54644e+06
-0.22500  6.42643e+06
-0.22400  6.29663e+06
-0.22300  6.15880e+06
-0.22200  6.01485e+06
-0.22100  5.86675e+06
-0.22000  5.71659e+06
-0.21900  5.56643e+06
-0.21800  5.41837e+06
-0.21700  5.27443e+06
-0.21600  5.13652e+06
-0.21500  5.00643e+06
-0.21400  4.88576e+06
-0.21300  4.77591e+06
-0.21200  4.67801e+06
-0.21100  4.59296e+06
-0.21000  4.52136e+06
-0.20900  4.46351e+06
-0.20800  4.41945e+06
-0.20700  4.38891e+06
-0.20600  4.37138e+06
-0.20500  4.36608e+06
-0.20400  4.37203e+06
-0.20300  4.38807e+06
-0.20200  4.41287e+06
-0.20100  4.44503e+06
-0.20000  4.48306e+06
-0.19900  4.52544e+06
-0.19800  4.57068e+06
-0.19700  4.61732e+06
-0.19600  4.66400e+06
-0.19500  4.70944e+06
-0.19400  4.75251e+06
-0.19300  4.79220e+06
-0.19200  4.82770e+06
-0.19100  4.85831e+06
-0.19000  4.88352e+06
-0.18900  4.90297e+06
-0.18800  4.91645e+06
-0.18700  4.92387e+06
-0.18600  4.92528e+06
-0.18500  4.92083e+06
-0.18400  4.91073e+06
-0.18300  4.89529e+06
-0.18200  4.87485e+06
-0.18100  4.84977e+06
-0.18000  4.82043e+06
-0.17900  4.78722e+06
-0.17800  4.75049e+06
-0.17700  4.71057e+06
-0.17600  4.66776e+06
-0.17500  4.62231e+06
-0.17400  4.57440e+06
-0.17300  4.52419e+06
-0.17200  4.47176e+06
-0.17100  4.41713e+06
-0.17000  4.36027e+06
-0.16900  4.30111e+06
-0.16800  4.23952e+06
-0.16700  4.17533e+06
-0.16600  4.10833e+06
-0.16500  4.03827e+06
-0.16400  3.96491e+06
-0.16300  3.88795e+06
-0.16200  3.80712e+06
-0.16100  3.72215e+06
-0.16000  3.63277e+06
-0.15900  3.53873e+06
-0.15800  3.43986e+06
-0.15700  3.33598e+06
-0.15600  3.22702e+06
-0.15500  3.11298e+06
-0.15400  2.99393e+06
-0.15300  2.87008e+06
-0.15200  2.74174e+06
-0.15100  2.60939e+06
-0.15000  2.47367e+06
-0.14900  2.33541e+06
-0.14800  2.19565e+06
-0.14700  2.05567e+06
-0.14600  1.91698e+06
-0.14500  1.78139e+06
-0.14400  1.65092e+06
-0.14300  1.52786e+06
-0.14200  1.41465e+06
-0.14100  1.31385e+06
-0.14000  1.22795e+06
-0.13900  1.15929e+06
-0.13800  1.10978e+06
-0.13700  1.08074e+06
-0.13600  1.07267e+06
-0.13500  1.08502e+06
-0.13400  1.11611e+06
-0.13300  1.16302e+06
-0.13200  1.22164e+06
-0.13100  1.28682e+06
-0.13000  1.35255e+06
-0.12900  1.41228e+06
-0.12800  1.45925e+06
-0.12700  1.48674e+06
-0.12600  1.48837e+06
-0.12500  1.45823e+06
-0.12400  1.39089e+06
-0.12300  1.28140e+06
-0.12200  1.12507e+06
-0.12100  9.17327e+05
-0.12000  6.53465e+05
-0.11900  3.28478e+05
-0.11800 -6.30502e+04
-0.11700 -5.26963e+05
-0.11600 -1.06944e+06
-0.11500 -1.69681e+06
-0.11400 -2.41526e+06
-0.11300 -3.23043e+06
-0.11200 -4.14706e+06
-0.11100 -5.16843e+06
-0.11000 -6.29600e+06
-0.10900 -7.52888e+06
-0.10800 -8.86357e+06
-0.10700 -1.02936e+07
-0.10600 -1.18096e+07
-0.10500 -1.33993e+07
-0.10400 -1.50477e+07
-0.10300 -1.67379e+07
-0.10200 -1.84515e+07
-0.10100 -2.01693e+07
-0.10000 -2.18722e+07
-0.09900 -2.35421e+07
-0.09800 -2.51619e+07
-0.09700 -2.67164e+07
-0.09600 -2.81923e+07
-0.09500 -2.95778e+07
-0.09400 -3.08629e+07
-0.09300 -3.20387e+07
-0.09200 -3.30971e+07
-0.09100 -3.40310e+07
-0.09000 -3.48333e+07
-0.08900 -3.54978e+07
-0.08800 -3.60187e+07
-0.08700 -3.63912e+07
-0.08600 -3.66117e+07
-0.08500 -3.66780e+07
-0.08400 -3.65901e+07
-0.08300 -3.63497e+07
-0.08200 -3.59608e+07
-0.08100 -3.54294e+07
-0.08000 -3.47633e+07
-0.07900 -3.39719e+07
-0.07800 -3.30658e+07
-0.07700 -3.20562e+07
-0.07600 -3.09549e+07
-0.07500 -2.97739e+07
-0.07400 -2.85251e+07
-0.07300 -2.72209e+07
-0.07200 -2.58738e+07
-0.07100 -2.44976e+07
-0.07000 -2.31074e+07
-0.06900 -2.17206e+07
-0.06800 -2.03570e+07
-0.06700 -1.90392e+07
-0.06600 -1.77926e+07
-0.06500 -1.66445e+07
-0.06400 -1.56234e+07
-0.06300 -1.47578e+07
-0.06200 -1.40741e+07
-0.06100 -1.35952e+07
-0.06000 -1.33390e+07
-0.05900 -1.33172e+07
-0.05800 -1.35344e+07
-0.05700 -1.39883e+07
-0.05600 -1.46698e+07
-0.05500 -1.55633e+07
-0.05400 -1.66473e+07
-0.05300 -1.78943e+07
-0.05200 -1.92702e+07
-0.05100 -2.07350e+07
-0.05000 -2.22453e+07
-0.04900 -2.37614e+07
-0.04800 -2.52579e+07
-0.04700 -2.67355e+07
-0.04600 -2.82273e+07
-0.04500 -2.97934e+07
-0.04400 -3.15009e+07
-0.04300 -3.33957e+07
-0.04200 -3.54786e+07
-0.04100 -3.76979e+07
-0.04000 -3.99634e+07
-0.03900 -4.21754e+07
-0.03800 -4.42543e+07
-0.03700 -4.61574e+07
-0.03600 -4.78757e+07
-0.03500 -4.94172e+07
-0.03400 -5.07873e+07
-0.03300 -5.19893e+07
-0.03200 -5.31091e+07
-0.03100 -5.42940e+07
-0.03000 -5.50883e+07
-0.02900 -5.51517e+07
-0.02800 -5.52037e+07
-0.02700 -5.54777e+07
-0.02600 -5.58355e+07
-0.02500 -5.62449e+07
-0.02400 -5.67020e+07
-0.02300 -5.71942e+07
-0.02200 -5.77066e+07
-0.02100 -5.82267e+07
-0.02000 -5.87445e+07
-0.01900 -5.92536e+07
-0.01800 -5.97609e+07
-0.01700 -6.03112e+07
-0.01600 -6.10163e+07
-0.01500 -6.20607e+07
-0.01400 -6.36508e+07
-0.01300 -6.59175e+07
-0.01200 -6.88423e+07
-0.01100 -7.22810e+07
-0.01000 -7.60587e+07
-0.00900 -8.00034e+07
-0.00800 -8.38525e+07
-0.00700 -8.71763e+07
-0.00600 -8.95131e+07
-0.00500 -9.06423e+07
-0.00400 -9.07000e+07
-0.00300 -9.00061e+07
-0.00200 -8.88104e+07
-0.00100 -8.72006e+07
 0.00000 -8.51821e+07
