-0.50000  1.88621e+06
-0.49900  2.04581e+06
-0.49800  2.20488e+06
-0.49700  2.35915e+06
-0.49600  2.50524e+06
-0.49500  2.64065e+06
-0.49400  2.76380e+06
-0.49300  2.87386e+06
-0.49200  2.97066e+06
-0.49100  3.05451e+06
-0.49000  3.12609e+06
-0.48900  3.18630e+06
-0.48800  3.23612e+06
-0.48700  3.27656e+06
-0.48600  3.30858e+06
-0.48500  3.33305e+06
-0.48400  3.35072e+06
-0.48300  3.36223e+06
-0.48200  3.36809e+06
-0.48100  3.36873e+06
-0.48000  3.36448e+06
-0.47900  3.35558e+06
-0.47800  3.34223e+06
-0.47700  3.32458e+06
-0.47600  3.30273e+06
-0.47500  3.27678e+06
-0.47400  3.24677e+06
-0.47300  3.21277e+06
-0.47200  3.17482e+06
-0.47100  3.13295e+06
-0.47000  3.08720e+06
-0.46900  3.03761e+06
-0.46800  2.98420e+06
-0.46700  2.92700e+06
-0.46600  2.86607e+06
-0.46500  2.80143e+06
-0.46400  2.73312e+06
-0.46300  2.66119e+06
-0.46200  2.58567e+06
-0.46100  2.50662e+06
-0.46000  2.42407e+06
-0.45900  2.33808e+06
-0.45800  2.24868e+06
-0.45700  2.15592e+06
-0.45600  2.05983e+06
-0.45500  1.96047e+06
-0.45400  1.85785e+06
-0.45300  1.75202e+06
-0.45200  1.64300e+06
-0.45100  1.53082e+06
-0.45000  1.41550e+06
-0.44900  1.29707e+06
-0.44800  1.17556e+06
-0.44700  1.05099e+06
-0.44600  9.23396e+05
-0.44500  7.92837e+05
-0.44400  6.59384e+05
-0.44300  5.23139e+05
-0.44200  3.84249e+05
-0.44100  2.42913e+05
-0.44000  9.94055e+04
-0.43900 -4.59106e+04
-0.43800 -1.92559e+05
-0.43700 -3.39929e+05
-0.43600 -4.87248e+05
-0.43500 -6.33558e+05
-0.43400 -7.77690e+05
-0.43300 -9.18240e+05
-0.43200 -1.05355e+06
-0.43100 -1.18171e+06
-0.43000 -1.30052e+06
-0.42900 -1.40755e+06
-0.42800 -1.50010e+06
-0.42700 -1.57530e+06
-0.42600 -1.63014e+06
-0.42500 -1.66156e+06
-0.42400 -1.66652e+06
-0.42300 -1.64219e+06
-0.42200 -1.58601e+06
-0.42100 -1.49590e+06
-0.42000 -1.37042e+06
-0.41900 -1.20891e+06
-0.41800 -1.01166e+06
-0.41700 -7.80082e+05
-0.41600 -5.16782e+05
-0.41500 -2.25680e+05
-0.41400  8.79756e+04
-0.41300  4.17618e+05
-0.41200  7.55446e+05
-0.41100  1.09257e+06
-0.41000  1.41920e+06
-0.40900  1.72496e+06
-0.40800  1.99915e+06
-0.40700  2.23115e+06
-0.40600  2.41076e+06
-0.40500  2.52866e+06
-0.40400  2.57673e+06
-0.40300  2.54845e+06
-0.40200  2.43917e+06
-0.40100  2.24640e+06
-0.40000  1.96993e+06
-0.39900  1.61193e+06
-0.39800  1.17694e+06
-0.39700  6.71775e+05
-0.39600  1.05310e+05
-0.39500 -5.11755e+05
-0.39400 -1.16723e+06
-0.39300 -1.84783e+06
-0.39200 -2.53953e+06
-0.39100 -3.22803e+06
-0.39000 -3.89913e+06
-0.38900 -4.53912e+06
-0.38800 -5.13514e+06
-0.38700 -5.67547e+06
-0.38600 -6.14978e+06
-0.38500 -6.54936e+06
-0.38400 -6.86720e+06
-0.38300 -7.09813e+06
-0.38200 -7.23881e+06
-0.38100 -7.28777e+06
-0.38000 -7.24531e+06
-0.37900 -7.11346e+06
-0.37800 -6.89585e+06
-0.37700 -6.59759e+06
-0.37600 -6.22516e+06
-0.37500 -5.78618e+06
-0.37400 -5.28933e+06
-0.37300 -4.74411e+06
-0.37200 -4.16067e+06
-0.37100 -3.54963e+06
-0.37000 -2.92188e+06
-0.36900 -2.28833e+06
-0.36800 -1.65976e+06
-0.36700 -1.04657e+06
-0.36600 -4.58564e+05
-0.36500  9.52079e+04
-0.36400  6.06681e+05
-0.36300  1.06893e+06
-0.36200  1.47629e+06
-0.36100  1.82454e+06
-0.36000  2.11090e+06
-0.35900  2.33413e+06
-0.35800  2.49452e+06
-0.35700  2.59385e+06
-0.35600  2.63530e+06
-0.35500  2.62334e+06
-0.35400  2.56360e+06
-0.35300  2.46262e+06
-0.35200  2.32772e+06
-0.35100  2.16670e+06
-0.35000  1.98767e+06
-0.34900  1.79876e+06
-0.34800  1.60795e+06
-0.34700  1.42281e+06
-0.34600  1.25032e+06
-0.34500  1.09671e+06
-0.34400  9.67357e+05
-0.34300  8.66637e+05
-0.34200  7.97898e+05
-0.34100  7.63421e+05
-0.34000  7.64433e+05
-0.33900  8.01142e+05
-0.33800  8.72808e+05
-0.33700  9.77835e+05
-0.33600  1.11387e+06
-0.33500  1.27795e+06
-0.33400  1.46660e+06
-0.33300  1.67597e+06
-0.33200  1.90200e+06
-0.33100  2.14052e+06
-0.33000  2.38733e+06
-0.32900  2.63838e+06
-0.32800  2.88980e+06
-0.32700  3.13797e+06
-0.32600  3.37962e+06
-0.32500  3.61183e+06
-0.32400  3.83207e+06
-0.32300  4.03823e+06
-0.32200  4.22857e+06
-0.32100  4.40176e+06
-0.32000  4.55682e+06
-0.31900  4.69313e+06
-0.31800  4.81037e+06
-0.31700  4.90847e+06
-0.31600  4.98761e+06
-0.31500  5.04819e+06
-0.31400  5.09072e+06
-0.31300  5.11589e+06
-0.31200  5.12444e+06
-0.31100  5.11722e+06
-0.31000  5.09509e+06
-0.30900  5.05897e+06
-0.30800  5.00977e+06
-0.30700  4.94841e+06
-0.30600  4.87579e+06
-0.30500  4.79280e+06
-0.30400  4.70033e+06
-0.30300  4.59923e+06
-0.30200  4.49034e+06
-0.30100  4.37450e+06
-0.30000  4.25250e+06
-0.29900  4.12518e+06
-0.29800  3.99333e+06
-0.29700  3.85776e+06
-0.29600  3.71928e+06
-0.29500  3.57872e+06
-0.29400  3.43690e+06
-0.29300  3.29465e+06
-0.29200  3.15283e+06
-0.29100  3.01230e+06
-0.29000  2.87392e+06
-0.28900  2.73856e+06
-0.28800  2.60710e+06
-0.28700  2.48040e+06
-0.28600  2.35934e+06
-0.28500  2.24476e+06
-0.28400  2.13750e+06
-0.28300  2.03836e+06
-0.28200  1.94811e+06
-0.28100  1.86748e+06
-0.28000  1.79717e+06
-0.27900  1.73781e+06
-0.27800  1.68998e+06
-0.27700  1.65417e+06
-0.27600  1.63084e+06
-0.27500  1.62035e+06
-0.27400  1.62297e+06
-0.27300  1.63891e+06
-0.27200  1.66827e+06
-0.27100  1.71109e+06
-0.27000  1.76730e+06
-0.26900  1.83674e+06
-0.26800  1.91917e+06
-0.26700  2.01426e+06
-0.26600  2.12159e+06
-0.26500  2.24068e+06
-0.26400  2.37093e+06
-0.26300  2.51172e+06
-0.26200  2.66231e+06
-0.26100  2.82193e+06
-0.26000  2.98974e+06
-0.25900  3.16485e+06
-0.25800  3.34631e+06
-0.25700  3.53314e+06
-0.25600  3.72432e+06
-0.25500  3.91880e+06
-0.25400  4.11550e+06
-0.25300  4.31332e+06
-0.25200  4.51114e+06
-0.25100  4.70782e+06
-0.25000  4.90224e+06
-0.24900  5.09323e+06
-0.24800  5.27964e+06
-0.24700  5.46033e+06
-0.24600  5.63415e+06
-0.24500  5.79997e+06
-0.24400  5.95669e+06
-0.24300  6.10320e+06
-0.24200  6.23846e+06
-0.24100  6.36145e+06
-0.24000  6.47121e+06
-0.23900  6.56684e+06
-0.23800  6.64752e+06
-0.23700  6.71253e+06
-0.23600  6.76124e+06
-0.23500  6.79317e+06
-0.23400  6.80796e+06
-0.23300  6.80541e+06
-0.23200  6.78549e+06
-0.23100  6.74837e+06
-0.23000  6.69439e+06
-0.22900  6.62412e+06
-0.22800  6.53834e+06
-0.22700  6.43801e+06
-0.22600  6.32433e+06
-0.22500  6.19867e+06
-0.22400  6.06260e+06
-0.22300  5.91784e+06
-0.22200  5.76624e+06
-0.22100  5.60977e+06
-0.22000  5.45044e+06
-0.21900  5.29031e+06
-0.21800  5.13142e+06
-0.21700  4.97576e+06
-0.21600  4.82522e+06
-0.21500  4.68154e+06
-0.21400  4.54630e+06
-0.21300  4.42085e+06
-0.21200  4.30632e+06
-0.21100  4.20356e+06
-0.21000  4.11315e+06
-0.20900  4.03538e+06
-0.20800  3.97026e+06
-0.20700  3.91751e+06
-0.20600  3.87660e+06
-0.20500  3.84674e+06
-0.20400  3.82696e+06
-0.20300  3.81608e+06
-0.20200  3.81279e+06
-0.20100  3.81569e+06
-0.20000  3.82330e+06
-0.19900  3.83414e+06
-0.19800  3.84674e+06
-0.19700  3.85967e+06
-0.19600  3.87162e+06
-0.19500  3.88136e+06
-0.19400  3.88783e+06
-0.19300  3.89010e+06
-0.19200  3.88741e+06
-0.19100  3.87918e+06
-0.19000  3.86501e+06
-0.18900  3.84463e+06
-0.18800  3.81798e+06
-0.18700  3.78510e+06
-0.18600  3.74620e+06
-0.18500  3.70157e+06
-0.18400  3.65162e+06
-0.18300  3.59683e+06
-0.18200  3.53773e+06
-0.18100  3.47488e+06
-0.18000  3.40888e+06
-0.17900  3.34032e+06
-0.17800  3.26976e+06
-0.17700  3.19776e+06
-0.17600  3.12481e+06
-0.17500  3.05137e+06
-0.17400  2.97781e+06
-0.17300  2.90446e+06
-0.17200  2.83155e+06
-0.17100  2.75923e+06
-0.17000  2.68757e+06
-0.16900  2.61654e+06
-0.16800  2.54603e+06
-0.16700  2.47583e+06
-0.16600  2.40561e+06
-0.16500  2.33497e+06
-0.16400  2.26341e+06
-0.16300  2.19031e+06
-0.16200  2.11499e+06
-0.16100  2.03665e+06
-0.16000  1.95444e+06
-0.15900  1.86739e+06
-0.15800  1.77452e+06
-0.15700  1.67475e+06
-0.15600  1.56704e+06
-0.15500  1.45031e+06
-0.15400  1.32356e+06
-0.15300  1.18591e+06
-0.15200  1.03667e+06
-0.15100  8.75439e+05
-0.15000  7.02250e+05
-0.14900  5.17717e+05
-0.14800  3.23223e+05
-0.14700  1.21115e+05
-0.14600 -8.50901e+04
-0.14500 -2.90540e+05
-0.14400 -4.88949e+05
-0.14300 -6.72623e+05
-0.14200 -8.32668e+05
-0.14100 -9.59432e+05
-0.14000 -1.04321e+06
-0.13900 -1.07525e+06
-0.13800 -1.04893e+06
-0.13700 -9.61147e+05
-0.13600 -8.13601e+05
-0.13500 -6.13922e+05
-0.13400 -3.76317e+05
-0.13300 -1.21606e+05
-0.13200  1.23515e+05
-0.13100  3.27997e+05
-0.13000  4.58669e+05
-0.12900  4.82937e+05
-0.12800  3.71646e+05
-0.12700  1.01726e+05
-0.12600 -3.41739e+05
-0.12500 -9.64296e+05
-0.12400 -1.76191e+06
-0.12300 -2.72174e+06
-0.12200 -3.82374e+06
-0.12100 -5.04281e+06
-0.12000 -6.35116e+06
-0.11900 -7.72050e+06
-0.11800 -9.12388e+06
-0.11700 -1.05369e+07
-0.11600 -1.19386e+07
-0.11500 -1.33110e+07
-0.11400 -1.46396e+07
-0.11300 -1.59120e+07
-0.11200 -1.71181e+07
-0.11100 -1.82492e+07
-0.11000 -1.92980e+07
-0.10900 -2.02585e+07
-0.10800 -2.11258e+07
-0.10700 -2.18969e+07
-0.10600 -2.25709e+07
-0.10500 -2.31486e+07
-0.10400 -2.36332e+07
-0.10300 -2.40301e+07
-0.10200 -2.43462e+07
-0.10100 -2.45898e+07
-0.10000 -2.47697e+07
-0.09900 -2.48952e+07
-0.09800 -2.49749e+07
-0.09700 -2.50167e+07
-0.09600 -2.50277e+07
-0.09500 -2.50136e+07
-0.09400 -2.49794e+07
-0.09300 -2.49291e+07
-0.09200 -2.48661e+07
-0.09100 -2.47936e+07
-0.09000 -2.47147e+07
-0.08900 -2.46326e+07
-0.08800 -2.45506e+07
-0.08700 -2.44720e+07
-0.08600 -2.44004e+07
-0.08500 -2.43393e+07
-0.08400 -2.42918e+07
-0.08300 -2.42611e+07
-0.08200 -2.42496e+07
-0.08100 -2.42594e+07
-0.08000 -2.42920e+07
-0.07900 -2.43483e+07
-0.07800 -2.44285e+07
-0.07700 -2.45324e+07
-0.07600 -2.46593e+07
-0.07500 -2.48084e+07
-0.07400 -2.49788e+07
-0.07300 -2.51697e+07
-0.07200 -2.53809e+07
-0.07100 -2.56131e+07
-0.07000 -2.58677e+07
-0.06900 -2.61471e+07
-0.06800 -2.64546e+07
-0.06700 -2.67940e+07
-0.06600 -2.71691e+07
-0.06500 -2.75830e+07
-0.06400 -2.80376e+07
-0.06300 -2.85328e+07
-0.06200 -2.90659e+07
-0.06100 -2.96309e+07
-0.06000 -3.02191e+07
-0.05900 -3.08186e+07
-0.05800 -3.14152e+07
-0.05700 -3.19930e+07
-0.05600 -3.25352e+07
-0.05500 -3.30251e+07
-0.05400 -3.34469e+07
-0.05300 -3.37856e+07
-0.05200 -3.40284e+07
-0.05100 -3.41643e+07
-0.05000 -3.41862e+07
-0.04900 -3.40933e+07
-0.04800 -3.38953e+07
-0.04700 -3.36170e+07
-0.04600 -3.33003e+07
-0.04500 -3.30029e+07
-0.04400 -3.27915e+07
-0.04300 -3.27321e+07
-0.04200 -3.28808e+07
-0.04100 -3.32801e+07
-0.04000 -3.39609e+07
-0.03900 -3.49492e+07
-0.03800 -3.62724e+07
-0.03700 -3.79585e+07
-0.03600 -4.00295e+07
-0.03500 -4.24880e+07
-0.03400 -4.53092e+07
-0.03300 -4.85106e+07
-0.03200 -5.26833e+07
-0.03100 -5.87608e+07
-0.03000 -6.35833e+07
-0.02900 -6.45698e+07
-0.02800 -6.59658e+07
-0.02700 -6.88372e+07
-0.02600 -7.19291e+07
-0.02500 -7.48396e+07
-0.02400 -7.74877e+07
-0.02300 -7.98213e+07
-0.02200 -8.18025e+07
-0.02100 -8.34171e+07
-0.02000 -8.46872e+07
-0.01900 -8.56817e+07
-0.01800 -8.65129e+07
-0.01700 -8.73064e+07
-0.01600 -8.81396e+07
-0.01500 -8.89674e+07
-0.01400 -8.95807e+07
-0.01300 -8.96530e+07
-0.01200 -8.89048e+07
-0.01100 -8.73290e+07
-0.01000 -8.52981e+07
-0.00900 -8.33603e+07
-0.00800 -8.17940e+07
-0.00700 -8.03461e+07
-0.00600 -7.85156e+07
-0.00500 -7.61197e+07
-0.00400 -7.34806e+07
-0.00300 -7.10275e+07
-0.00200 -6.88191e+07
-0.00100 -6.64903e+07
 0.00000 -6.35572e+07
