-0.50000  2.87976e+09
-0.49900  2.90424e+09
-0.49800  2.92695e+09
-0.49700  2.94761e+09
-0.49600  2.96604e+09
-0.49500  2.98218e+09
-0.49400  2.99606e+09
-0.49300  3.00776e+09
-0.49200  3.01746e+09
-0.49100  3.02534e+09
-0.49000  3.03165e+09
-0.48900  3.03661e+09
-0.48800  3.04045e+09
-0.48700  3.04339e+09
-0.48600  3.04564e+09
-0.48500  3.04737e+09
-0.48400  3.04873e+09
-0.48300  3.04985e+09
-0.48200  3.05082e+09
-0.48100  3.05172e+09
-0.48000  3.05262e+09
-0.47900  3.05356e+09
-0.47800  3.05457e+09
-0.47700  3.05566e+09
-0.47600  3.05686e+09
-0.47500  3.05817e+09
-0.47400  3.05959e+09
-0.47300  3.06112e+09
-0.47200  3.06276e+09
-0.47100  3.06450e+09
-0.47000  3.06635e+09
-0.46900  3.06829e+09
-0.46800  3.07032e+09
-0.46700  3.07244e+09
-0.46600  3.07464e+09
-0.46500  3.07691e+09
-0.46400  3.07925e+09
-0.46300  3.08165e+09
-0.46200  3.08411e+09
-0.46100  3.08662e+09
-0.46000  3.08918e+09
-0.45900  3.09177e+09
-0.45800  3.09440e+09
-0.45700  3.09705e+09
-0.45600  3.09971e+09
-0.45500  3.10238e+09
-0.45400  3.10506e+09
-0.45300  3.10773e+09
-0.45200  3.11038e+09
-0.45100  3.11301e+09
-0.45000  3.11560e+09
-0.44900  3.11815e+09
-0.44800  3.12066e+09
-0.44700  3.12310e+09
-0.44600  3.12548e+09
-0.44500  3.12778e+09
-0.44400  3.12999e+09
-0.44300  3.13211e+09
-0.44200  3.13412e+09
-0.44100  3.13602e+09
-0.44000  3.13779e+09
-0.43900  3.13944e+09
-0.43800  3.14094e+09
-0.43700  3.14230e+09
-0.43600  3.14350e+09
-0.43500  3.14453e+09
-0.43400  3.14538e+09
-0.43300  3.14606e+09
-0.43200  3.14654e+09
-0.43100  3.14682e+09
-0.43000  3.14690e+09
-0.42900  3.14675e+09
-0.42800  3.14639e+09
-0.42700  3.14579e+09
-0.42600  3.14495e+09
-0.42500  3.14385e+09
-0.42400  3.14250e+09
-0.42300  3.14087e+09
-0.42200  3.13896e+09
-0.42100  3.13674e+09
-0.42000  3.13421e+09
-0.41900  3.13135e+09
-0.41800  3.12814e+09
-0.41700  3.12456e+09
-0.41600  3.12058e+09
-0.41500  3.11617e+09
-0.41400  3.11132e+09
-0.41300  3.10598e+09
-0.41200  3.10012e+09
-0.41100  3.09372e+09
-0.41000  3.08672e+09
-0.40900  3.07910e+09
-0.40800  3.07083e+09
-0.40700  3.06186e+09
-0.40600  3.05216e+09
-0.40500  3.04171e+09
-0.40400  3.03047e+09
-0.40300  3.01844e+09
-0.40200  3.00561e+09
-0.40100  2.99195e+09
-0.40000  2.97750e+09
-0.39900  2.96225e+09
-0.39800  2.94623e+09
-0.39700  2.92949e+09
-0.39600  2.91207e+09
-0.39500  2.89402e+09
-0.39400  2.87544e+09
-0.39300  2.85638e+09
-0.39200  2.83695e+09
-0.39100  2.81725e+09
-0.39000  2.79739e+09
-0.38900  2.77747e+09
-0.38800  2.75763e+09
-0.38700  2.73799e+09
-0.38600  2.71866e+09
-0.38500  2.69978e+09
-0.38400  2.68147e+09
-0.38300  2.66385e+09
-0.38200  2.64703e+09
-0.38100  2.63111e+09
-0.38000  2.61620e+09
-0.37900  2.60238e+09
-0.37800  2.58972e+09
-0.37700  2.57828e+09
-0.37600  2.56811e+09
-0.37500  2.55925e+09
-0.37400  2.55170e+09
-0.37300  2.54548e+09
-0.37200  2.54056e+09
-0.37100  2.53692e+09
-0.37000  2.53451e+09
-0.36900  2.53329e+09
-0.36800  2.53319e+09
-0.36700  2.53412e+09
-0.36600  2.53601e+09
-0.36500  2.53876e+09
-0.36400  2.54227e+09
-0.36300  2.54644e+09
-0.36200  2.55117e+09
-0.36100  2.55637e+09
-0.36000  2.56192e+09
-0.35900  2.56774e+09
-0.35800  2.57373e+09
-0.35700  2.57981e+09
-0.35600  2.58591e+09
-0.35500  2.59195e+09
-0.35400  2.59789e+09
-0.35300  2.60368e+09
-0.35200  2.60927e+09
-0.35100  2.61465e+09
-0.35000  2.61979e+09
-0.34900  2.62468e+09
-0.34800  2.62934e+09
-0.34700  2.63376e+09
-0.34600  2.63796e+09
-0.34500  2.64197e+09
-0.34400  2.64582e+09
-0.34300  2.64953e+09
-0.34200  2.65315e+09
-0.34100  2.65672e+09
-0.34000  2.66028e+09
-0.33900  2.66387e+09
-0.33800  2.66754e+09
-0.33700  2.67133e+09
-0.33600  2.67528e+09
-0.33500  2.67944e+09
-0.33400  2.68385e+09
-0.33300  2.68854e+09
-0.33200  2.69356e+09
-0.33100  2.69893e+09
-0.33000  2.70470e+09
-0.32900  2.71088e+09
-0.32800  2.71752e+09
-0.32700  2.72463e+09
-0.32600  2.73223e+09
-0.32500  2.74036e+09
-0.32400  2.74902e+09
-0.32300  2.75824e+09
-0.32200  2.76803e+09
-0.32100  2.77840e+09
-0.32000  2.78937e+09
-0.31900  2.80095e+09
-0.31800  2.81315e+09
-0.31700  2.82597e+09
-0.31600  2.83943e+09
-0.31500  2.85353e+09
-0.31400  2.86828e+09
-0.31300  2.88368e+09
-0.31200  2.89973e+09
-0.31100  2.91643e+09
-0.31000  2.93380e+09
-0.30900  2.95183e+09
-0.30800  2.97053e+09
-0.30700  2.98988e+09
-0.30600  3.00990e+09
-0.30500  3.03059e+09
-0.30400  3.05193e+09
-0.30300  3.07393e+09
-0.30200  3.09659e+09
-0.30100  3.11991e+09
-0.30000  3.14387e+09
-0.29900  3.16849e+09
-0.29800  3.19374e+09
-0.29700  3.21964e+09
-0.29600  3.24617e+09
-0.29500  3.27332e+09
-0.29400  3.30110e+09
-0.29300  3.32949e+09
-0.29200  3.35850e+09
-0.29100  3.38810e+09
-0.29000  3.41829e+09
-0.28900  3.44907e+09
-0.28800  3.48042e+09
-0.28700  3.51234e+09
-0.28600  3.54482e+09
-0.28500  3.57785e+09
-0.28400  3.61141e+09
-0.28300  3.64549e+09
-0.28200  3.68009e+09
-0.28100  3.71520e+09
-0.28000  3.75079e+09
-0.27900  3.78687e+09
-0.27800  3.82341e+09
-0.27700  3.86040e+09
-0.27600  3.89784e+09
-0.27500  3.93570e+09
-0.27400  3.97398e+09
-0.27300  4.01265e+09
-0.27200  4.05171e+09
-0.27100  4.09114e+09
-0.27000  4.13092e+09
-0.26900  4.17104e+09
-0.26800  4.21148e+09
-0.26700  4.25223e+09
-0.26600  4.29327e+09
-0.26500  4.33459e+09
-0.26400  4.37617e+09
-0.26300  4.41798e+09
-0.26200  4.46002e+09
-0.26100  4.50227e+09
-0.26000  4.54471e+09
-0.25900  4.58732e+09
-0.25800  4.63009e+09
-0.25700  4.67299e+09
-0.25600  4.71601e+09
-0.25500  4.75913e+09
-0.25400  4.80233e+09
-0.25300  4.84559e+09
-0.25200  4.88890e+09
-0.25100  4.93223e+09
-0.25000  4.97557e+09
-0.24900  5.01890e+09
-0.24800  5.06219e+09
-0.24700  5.10543e+09
-0.24600  5.14860e+09
-0.24500  5.19167e+09
-0.24400  5.23464e+09
-0.24300  5.27747e+09
-0.24200  5.32014e+09
-0.24100  5.36265e+09
-0.24000  5.40495e+09
-0.23900  5.44705e+09
-0.23800  5.48890e+09
-0.23700  5.53049e+09
-0.23600  5.57181e+09
-0.23500  5.61282e+09
-0.23400  5.65350e+09
-0.23300  5.69383e+09
-0.23200  5.73379e+09
-0.23100  5.77335e+09
-0.23000  5.81249e+09
-0.22900  5.85118e+09
-0.22800  5.88940e+09
-0.22700  5.92712e+09
-0.22600  5.96432e+09
-0.22500  6.00097e+09
-0.22400  6.03704e+09
-0.22300  6.07250e+09
-0.22200  6.10733e+09
-0.22100  6.14149e+09
-0.22000  6.17495e+09
-0.21900  6.20768e+09
-0.21800  6.23966e+09
-0.21700  6.27084e+09
-0.21600  6.30119e+09
-0.21500  6.33068e+09
-0.21400  6.35928e+09
-0.21300  6.38693e+09
-0.21200  6.41362e+09
-0.21100  6.43929e+09
-0.21000  6.46391e+09
-0.20900  6.48743e+09
-0.20800  6.50982e+09
-0.20700  6.53103e+09
-0.20600  6.55102e+09
-0.20500  6.56974e+09
-0.20400  6.58714e+09
-0.20300  6.60319e+09
-0.20200  6.61784e+09
-0.20100  6.63103e+09
-0.20000  6.64272e+09
-0.19900  6.65287e+09
-0.19800  6.66142e+09
-0.19700  6.66833e+09
-0.19600  6.67356e+09
-0.19500  6.67706e+09
-0.19400  6.67877e+09
-0.19300  6.67867e+09
-0.19200  6.67671e+09
-0.19100  6.67285e+09
-0.19000  6.66706e+09
-0.18900  6.65930e+09
-0.18800  6.64954e+09
-0.18700  6.63775e+09
-0.18600  6.62392e+09
-0.18500  6.60802e+09
-0.18400  6.59003e+09
-0.18300  6.56996e+09
-0.18200  6.54780e+09
-0.18100  6.52354e+09
-0.18000  6.49721e+09
-0.17900  6.46880e+09
-0.17800  6.43835e+09
-0.17700  6.40589e+09
-0.17600  6.37144e+09
-0.17500  6.33505e+09
-0.17400  6.29677e+09
-0.17300  6.25666e+09
-0.17200  6.21477e+09
-0.17100  6.17117e+09
-0.17000  6.12595e+09
-0.16900  6.07918e+09
-0.16800  6.03095e+09
-0.16700  5.98134e+09
-0.16600  5.93046e+09
-0.16500  5.87841e+09
-0.16400  5.82527e+09
-0.16300  5.77117e+09
-0.16200  5.71621e+09
-0.16100  5.66049e+09
-0.16000  5.60412e+09
-0.15900  5.54720e+09
-0.15800  5.48983e+09
-0.15700  5.43210e+09
-0.15600  5.37411e+09
-0.15500  5.31592e+09
-0.15400  5.25759e+09
-0.15300  5.19915e+09
-0.15200  5.14058e+09
-0.15100  5.08183e+09
-0.15000  5.02276e+09
-0.14900  4.96312e+09
-0.14800  4.90254e+09
-0.14700  4.84048e+09
-0.14600  4.77620e+09
-0.14500  4.70869e+09
-0.14400  4.63673e+09
-0.14300  4.55884e+09
-0.14200  4.47333e+09
-0.14100  4.37841e+09
-0.14000  4.27235e+09
-0.13900  4.15362e+09
-0.13800  4.02116e+09
-0.13700  3.87463e+09
-0.13600  3.71462e+09
-0.13500  3.54284e+09
-0.13400  3.36216e+09
-0.13300  3.17654e+09
-0.13200  2.99083e+09
-0.13100  2.81039e+09
-0.13000  2.64057e+09
-0.12900  2.48620e+09
-0.12800  2.35106e+09
-0.12700  2.23741e+09
-0.12600  2.14574e+09
-0.12500  2.07469e+09
-0.12400  2.02117e+09
-0.12300  1.98071e+09
-0.12200  1.94788e+09
-0.12100  1.91690e+09
-0.12000  1.88207e+09
-0.11900  1.83829e+09
-0.11800  1.78133e+09
-0.11700  1.70802e+09
-0.11600  1.61629e+09
-0.11500  1.50511e+09
-0.11400  1.37432e+09
-0.11300  1.22452e+09
-0.11200  1.05694e+09
-0.11100  8.73334e+08
-0.11000  6.76002e+08
-0.10900  4.67785e+08
-0.10800  2.52114e+08
-0.10700  3.30266e+07
-0.10600 -1.84872e+08
-0.10500 -3.96525e+08
-0.10400 -5.96639e+08
-0.10300 -7.79979e+08
-0.10200 -9.41723e+08
-0.10100 -1.07783e+09
-0.10000 -1.18535e+09
-0.09900 -1.26271e+09
-0.09800 -1.30976e+09
-0.09700 -1.32780e+09
-0.09600 -1.31937e+09
-0.09500 -1.28798e+09
-0.09400 -1.23772e+09
-0.09300 -1.17288e+09
-0.09200 -1.09759e+09
-0.09100 -1.01555e+09
-0.09000 -9.29765e+08
-0.08900 -8.42518e+08
-0.08800 -7.55352e+08
-0.08700 -6.69158e+08
-0.08600 -5.84320e+08
-0.08500 -5.00885e+08
-0.08400 -4.18720e+08
-0.08300 -3.37669e+08
-0.08200 -2.57660e+08
-0.08100 -1.78788e+08
-0.08000 -1.01359e+08
-0.07900 -2.59027e+07
-0.07800  4.68435e+07
-0.07700  1.15967e+08
-0.07600  1.80438e+08
-0.07500  2.39172e+08
-0.07400  2.91125e+08
-0.07300  3.35378e+08
-0.07200  3.71251e+08
-0.07100  3.98401e+08
-0.07000  4.16924e+08
-0.06900  4.27427e+08
-0.06800  4.31074e+08
-0.06700  4.29575e+08
-0.06600  4.25125e+08
-0.06500  4.20285e+08
-0.06400  4.17806e+08
-0.06300  4.20414e+08
-0.06200  4.30586e+08
-0.06100  4.50326e+08
-0.06000  4.80992e+08
-0.05900  5.23180e+08
-0.05800  5.76687e+08
-0.05700  6.40551e+08
-0.05600  7.13152e+08
-0.05500  7.92348e+08
-0.05400  8.75593e+08
-0.05300  9.60025e+08
-0.05200  1.04253e+09
-0.05100  1.11986e+09
-0.05000  1.18892e+09
-0.04900  1.24740e+09
-0.04800  1.29463e+09
-0.04700  1.33244e+09
-0.04600  1.36554e+09
-0.04500  1.40085e+09
-0.04400  1.44570e+09
-0.04300  1.50559e+09
-0.04200  1.58217e+09
-0.04100  1.67265e+09
-0.04000  1.77063e+09
-0.03900  1.86806e+09
-0.03800  1.95745e+09
-0.03700  2.03383e+09
-0.03600  2.09622e+09
-0.03500  2.14854e+09
-0.03400  2.19947e+09
-0.03300  2.25703e+09
-0.03200  2.29720e+09
-0.03100  2.27518e+09
-0.03000  2.35888e+09
-0.02900  2.67191e+09
-0.02800  2.97456e+09
-0.02700  3.19894e+09
-0.02600  3.39896e+09
-0.02500  3.58641e+09
-0.02400  3.75979e+09
-0.02300  3.91896e+09
-0.02200  4.06536e+09
-0.02100  4.20152e+09
-0.02000  4.33072e+09
-0.01900  4.45643e+09
-0.01800  4.58141e+09
-0.01700  4.70654e+09
-0.01600  4.83007e+09
-0.01500  4.94768e+09
-0.01400  5.05368e+09
-0.01300  5.14309e+09
-0.01200  5.21367e+09
-0.01100  5.26677e+09
-0.01000  5.30678e+09
-0.00900  5.33924e+09
-0.00800  5.36864e+09
-0.00700  5.39687e+09
-0.00600  5.42280e+09
-0.00500  5.44295e+09
-0.00400  5.45296e+09
-0.00300  5.44934e+09
-0.00200  5.43078e+09
-0.00100  5.39880e+09
 0.00000  5.35744e+09
