-0.50000 -4.55200e+07
-0.49900 -4.51635e+07
-0.49800 -4.47429e+07
-0.49700 -4.42613e+07
-0.49600 -4.37216e+07
-0.49500 -4.31264e+07
-0.49400 -4.24783e+07
-0.49300 -4.17797e+07
-0.49200 -4.10330e+07
-0.49100 -4.02401e+07
-0.49000 -3.94033e+07
-0.48900 -3.85243e+07
-0.48800 -3.76054e+07
-0.48700 -3.66487e+07
-0.48600 -3.56567e+07
-0.48500 -3.46320e+07
-0.48400 -3.35779e+07
-0.48300 -3.24980e+07
-0.48200 -3.13966e+07
-0.48100 -3.02788e+07
-0.48000 -2.91504e+07
-0.47900 -2.80181e+07
-0.47800 -2.68894e+07
-0.47700 -2.57729e+07
-0.47600 -2.46779e+07
-0.47500 -2.36146e+07
-0.47400 -2.25938e+07
-0.47300 -2.16266e+07
-0.47200 -2.07246e+07
-0.47100 -1.98990e+07
-0.47000 -1.91606e+07
-0.46900 -1.85192e+07
-0.46800 -1.79829e+07
-0.46700 -1.75579e+07
-0.46600 -1.72477e+07
-0.46500 -1.70523e+07
-0.46400 -1.69681e+07
-0.46300 -1.69866e+07
-0.46200 -1.70945e+07
-0.46100 -1.72730e+07
-0.46000 -1.74973e+07
-0.45900 -1.77369e+07
-0.45800 -1.79554e+07
-0.45700 -1.81105e+07
-0.45600 -1.81548e+07
-0.45500 -1.80365e+07
-0.45400 -1.77002e+07
-0.45300 -1.70878e+07
-0.45200 -1.61408e+07
-0.45100 -1.48008e+07
-0.45000 -1.30120e+07
-0.44900 -1.07226e+07
-0.44800 -7.88715e+06
-0.44700 -4.46771e+06
-0.44600 -4.36136e+05
-0.44500  4.22460e+06
-0.44400  9.51908e+06
-0.44300  1.54384e+07
-0.44200  2.19596e+07
-0.44100  2.90454e+07
-0.44000  3.66444e+07
-0.43900  4.46918e+07
-0.43800  5.31108e+07
-0.43700  6.18134e+07
-0.43600  7.07033e+07
-0.43500  7.96774e+07
-0.43400  8.86287e+07
-0.43300  9.74487e+07
-0.43200  1.06030e+08
-0.43100  1.14271e+08
-0.43000  1.22073e+08
-0.42900  1.29350e+08
-0.42800  1.36025e+08
-0.42700  1.42034e+08
-0.42600  1.47326e+08
-0.42500  1.51866e+08
-0.42400  1.55634e+08
-0.42300  1.58622e+08
-0.42200  1.60839e+08
-0.42100  1.62305e+08
-0.42000  1.63054e+08
-0.41900  1.63128e+08
-0.41800  1.62579e+08
-0.41700  1.61465e+08
-0.41600  1.59847e+08
-0.41500  1.57791e+08
-0.41400  1.55362e+08
-0.41300  1.52626e+08
-0.41200  1.49645e+08
-0.41100  1.46477e+08
-0.41000  1.43178e+08
-0.40900  1.39797e+08
-0.40800  1.36377e+08
-0.40700  1.32955e+08
-0.40600  1.29564e+08
-0.40500  1.26229e+08
-0.40400  1.22970e+08
-0.40300  1.19802e+08
-0.40200  1.16737e+08
-0.40100  1.13780e+08
-0.40000  1.10934e+08
-0.39900  1.08200e+08
-0.39800  1.05575e+08
-0.39700  1.03056e+08
-0.39600  1.00637e+08
-0.39500  9.83125e+07
-0.39400  9.60749e+07
-0.39300  9.39173e+07
-0.39200  9.18326e+07
-0.39100  8.98138e+07
-0.39000  8.78540e+07
-0.38900  8.59467e+07
-0.38800  8.40858e+07
-0.38700  8.22656e+07
-0.38600  8.04808e+07
-0.38500  7.87264e+07
-0.38400  7.69982e+07
-0.38300  7.52919e+07
-0.38200  7.36040e+07
-0.38100  7.19311e+07
-0.38000  7.02701e+07
-0.37900  6.86184e+07
-0.37800  6.69735e+07
-0.37700  6.53332e+07
-0.37600  6.36956e+07
-0.37500  6.20590e+07
-0.37400  6.04218e+07
-0.37300  5.87826e+07
-0.37200  5.71404e+07
-0.37100  5.54940e+07
-0.37000  5.38425e+07
-0.36900  5.21850e+07
-0.36800  5.05208e+07
-0.36700  4.88491e+07
-0.36600  4.71694e+07
-0.36500  4.54808e+07
-0.36400  4.37828e+07
-0.36300  4.20747e+07
-0.36200  4.03559e+07
-0.36100  3.86257e+07
-0.36000  3.68834e+07
-0.35900  3.51282e+07
-0.35800  3.33594e+07
-0.35700  3.15763e+07
-0.35600  2.97780e+07
-0.35500  2.79639e+07
-0.35400  2.61332e+07
-0.35300  2.42852e+07
-0.35200  2.24191e+07
-0.35100  2.05345e+07
-0.35000  1.86308e+07
-0.34900  1.67077e+07
-0.34800  1.47648e+07
-0.34700  1.28020e+07
-0.34600  1.08194e+07
-0.34500  8.81712e+06
-0.34400  6.79563e+06
-0.34300  4.75554e+06
-0.34200  2.69770e+06
-0.34100  6.23186e+05
-0.34000 -1.46667e+06
-0.33900 -3.57028e+06
-0.33800 -5.68579e+06
-0.33700 -7.81109e+06
-0.33600 -9.94380e+06
-0.33500 -1.20813e+07
-0.33400 -1.42206e+07
-0.33300 -1.63585e+07
-0.33200 -1.84917e+07
-0.33100 -2.06164e+07
-0.33000 -2.27287e+07
-0.32900 -2.48245e+07
-0.32800 -2.68993e+07
-0.32700 -2.89486e+07
-0.32600 -3.09676e+07
-0.32500 -3.29514e+07
-0.32400 -3.48949e+07
-0.32300 -3.67928e+07
-0.32200 -3.86396e+07
-0.32100 -4.04301e+07
-0.32000 -4.21584e+07
-0.31900 -4.38190e+07
-0.31800 -4.54061e+07
-0.31700 -4.69140e+07
-0.31600 -4.83367e+07
-0.31500 -4.96683e+07
-0.31400 -5.09030e+07
-0.31300 -5.20349e+07
-0.31200 -5.30579e+07
-0.31100 -5.39660e+07
-0.31000 -5.47532e+07
-0.30900 -5.54135e+07
-0.30800 -5.59407e+07
-0.30700 -5.63286e+07
-0.30600 -5.65709e+07
-0.30500 -5.66611e+07
-0.30400 -5.65927e+07
-0.30300 -5.63589e+07
-0.30200 -5.59528e+07
-0.30100 -5.53670e+07
-0.30000 -5.45942e+07
-0.29900 -5.36265e+07
-0.29800 -5.24558e+07
-0.29700 -5.10736e+07
-0.29600 -4.94711e+07
-0.29500 -4.76390e+07
-0.29400 -4.55679e+07
-0.29300 -4.32479e+07
-0.29200 -4.06690e+07
-0.29100 -3.78209e+07
-0.29000 -3.46935e+07
-0.28900 -3.12765e+07
-0.28800 -2.75601e+07
-0.28700 -2.35348e+07
-0.28600 -1.91919e+07
-0.28500 -1.45235e+07
-0.28400 -9.52310e+06
-0.28300 -4.18570e+06
-0.28200  1.49185e+06
-0.28100  7.51042e+06
-0.28000  1.38683e+07
-0.27900  2.05609e+07
-0.27800  2.75803e+07
-0.27700  3.49150e+07
-0.27600  4.25496e+07
-0.27500  5.04646e+07
-0.27400  5.86363e+07
-0.27300  6.70365e+07
-0.27200  7.56326e+07
-0.27100  8.43878e+07
-0.27000  9.32610e+07
-0.26900  1.02207e+08
-0.26800  1.11178e+08
-0.26700  1.20121e+08
-0.26600  1.28982e+08
-0.26500  1.37707e+08
-0.26400  1.46236e+08
-0.26300  1.54513e+08
-0.26200  1.62481e+08
-0.26100  1.70084e+08
-0.26000  1.77270e+08
-0.25900  1.83987e+08
-0.25800  1.90191e+08
-0.25700  1.95839e+08
-0.25600  2.00898e+08
-0.25500  2.05337e+08
-0.25400  2.09134e+08
-0.25300  2.12274e+08
-0.25200  2.14748e+08
-0.25100  2.16557e+08
-0.25000  2.17707e+08
-0.24900  2.18212e+08
-0.24800  2.18094e+08
-0.24700  2.17378e+08
-0.24600  2.16100e+08
-0.24500  2.14296e+08
-0.24400  2.12010e+08
-0.24300  2.09287e+08
-0.24200  2.06175e+08
-0.24100  2.02725e+08
-0.24000  1.98988e+08
-0.23900  1.95014e+08
-0.23800  1.90854e+08
-0.23700  1.86556e+08
-0.23600  1.82165e+08
-0.23500  1.77725e+08
-0.23400  1.73276e+08
-0.23300  1.68852e+08
-0.23200  1.64486e+08
-0.23100  1.60206e+08
-0.23000  1.56035e+08
-0.22900  1.51992e+08
-0.22800  1.48091e+08
-0.22700  1.44343e+08
-0.22600  1.40757e+08
-0.22500  1.37335e+08
-0.22400  1.34078e+08
-0.22300  1.30984e+08
-0.22200  1.28048e+08
-0.22100  1.25264e+08
-0.22000  1.22624e+08
-0.21900  1.20118e+08
-0.21800  1.17736e+08
-0.21700  1.15467e+08
-0.21600  1.13300e+08
-0.21500  1.11224e+08
-0.21400  1.09226e+08
-0.21300  1.07297e+08
-0.21200  1.05426e+08
-0.21100  1.03603e+08
-0.21000  1.01818e+08
-0.20900  1.00064e+08
-0.20800  9.83328e+07
-0.20700  9.66170e+07
-0.20600  9.49109e+07
-0.20500  9.32090e+07
-0.20400  9.15067e+07
-0.20300  8.98002e+07
-0.20200  8.80860e+07
-0.20100  8.63616e+07
-0.20000  8.46247e+07
-0.19900  8.28738e+07
-0.19800  8.11077e+07
-0.19700  7.93255e+07
-0.19600  7.75268e+07
-0.19500  7.57113e+07
-0.19400  7.38792e+07
-0.19300  7.20307e+07
-0.19200  7.01663e+07
-0.19100  6.82866e+07
-0.19000  6.63922e+07
-0.18900  6.44840e+07
-0.18800  6.25627e+07
-0.18700  6.06294e+07
-0.18600  5.86848e+07
-0.18500  5.67299e+07
-0.18400  5.47656e+07
-0.18300  5.27929e+07
-0.18200  5.08126e+07
-0.18100  4.88256e+07
-0.18000  4.68326e+07
-0.17900  4.48346e+07
-0.17800  4.28321e+07
-0.17700  4.08259e+07
-0.17600  3.88167e+07
-0.17500  3.68051e+07
-0.17400  3.47915e+07
-0.17300  3.27765e+07
-0.17200  3.07605e+07
-0.17100  2.87440e+07
-0.17000  2.67272e+07
-0.16900  2.47105e+07
-0.16800  2.26940e+07
-0.16700  2.06781e+07
-0.16600  1.86627e+07
-0.16500  1.66482e+07
-0.16400  1.46344e+07
-0.16300  1.26215e+07
-0.16200  1.06095e+07
-0.16100  8.59816e+06
-0.16000  6.58754e+06
-0.15900  4.57749e+06
-0.15800  2.56786e+06
-0.15700  5.58461e+05
-0.15600 -1.45091e+06
-0.15500 -3.46049e+06
-0.15400 -5.47053e+06
-0.15300 -7.48132e+06
-0.15200 -9.49314e+06
-0.15100 -1.15063e+07
-0.15000 -1.35212e+07
-0.14900 -1.55381e+07
-0.14800 -1.75574e+07
-0.14700 -1.95794e+07
-0.14600 -2.16046e+07
-0.14500 -2.36333e+07
-0.14400 -2.56660e+07
-0.14300 -2.77029e+07
-0.14200 -2.97445e+07
-0.14100 -3.17911e+07
-0.14000 -3.38433e+07
-0.13900 -3.59013e+07
-0.13800 -3.79656e+07
-0.13700 -4.00365e+07
-0.13600 -4.21145e+07
-0.13500 -4.41998e+07
-0.13400 -4.62929e+07
-0.13300 -4.83940e+07
-0.13200 -5.05037e+07
-0.13100 -5.26220e+07
-0.13000 -5.47495e+07
-0.12900 -5.68864e+07
-0.12800 -5.90329e+07
-0.12700 -6.11895e+07
-0.12600 -6.33562e+07
-0.12500 -6.55335e+07
-0.12400 -6.77214e+07
-0.12300 -6.99203e+07
-0.12200 -7.21304e+07
-0.12100 -7.43517e+07
-0.12000 -7.65846e+07
-0.11900 -7.88291e+07
-0.11800 -8.10854e+07
-0.11700 -8.33536e+07
-0.11600 -8.56337e+07
-0.11500 -8.79260e+07
-0.11400 -9.02304e+07
-0.11300 -9.25470e+07
-0.11200 -9.48759e+07
-0.11100 -9.72170e+07
-0.11000 -9.95704e+07
-0.10900 -1.01936e+08
-0.10800 -1.04314e+08
-0.10700 -1.06704e+08
-0.10600 -1.09106e+08
-0.10500 -1.11520e+08
-0.10400 -1.13946e+08
-0.10300 -1.16384e+08
-0.10200 -1.18833e+08
-0.10100 -1.21295e+08
-0.10000 -1.23767e+08
-0.09900 -1.26251e+08
-0.09800 -1.28746e+08
-0.09700 -1.31252e+08
-0.09600 -1.33769e+08
-0.09500 -1.36296e+08
-0.09400 -1.38833e+08
-0.09300 -1.41381e+08
-0.09200 -1.43938e+08
-0.09100 -1.46506e+08
-0.09000 -1.49082e+08
-0.08900 -1.51668e+08
-0.08800 -1.54263e+08
-0.08700 -1.56866e+08
-0.08600 -1.59477e+08
-0.08500 -1.62097e+08
-0.08400 -1.64725e+08
-0.08300 -1.67360e+08
-0.08200 -1.70003e+08
-0.08100 -1.72652e+08
-0.08000 -1.75308e+08
-0.07900 -1.77971e+08
-0.07800 -1.80640e+08
-0.07700 -1.83314e+08
-0.07600 -1.85994e+08
-0.07500 -1.88680e+08
-0.07400 -1.91370e+08
-0.07300 -1.94065e+08
-0.07200 -1.96764e+08
-0.07100 -1.99468e+08
-0.07000 -2.02175e+08
-0.06900 -2.04886e+08
-0.06800 -2.07600e+08
-0.06700 -2.10318e+08
-0.06600 -2.13037e+08
-0.06500 -2.15760e+08
-0.06400 -2.18484e+08
-0.06300 -2.21211e+08
-0.06200 -2.23939e+08
-0.06100 -2.26668e+08
-0.06000 -2.29399e+08
-0.05900 -2.32130e+08
-0.05800 -2.34862e+08
-0.05700 -2.37594e+08
-0.05600 -2.40327e+08
-0.05500 -2.43060e+08
-0.05400 -2.45792e+08
-0.05300 -2.48524e+08
-0.05200 -2.51255e+08
-0.05100 -2.53985e+08
-0.05000 -2.56714e+08
-0.04900 -2.59441e+08
-0.04800 -2.62167e+08
-0.04700 -2.64892e+08
-0.04600 -2.67614e+08
-0.04500 -2.70334e+08
-0.04400 -2.73052e+08
-0.04300 -2.75768e+08
-0.04200 -2.78481e+08
-0.04100 -2.81191e+08
-0.04000 -2.83898e+08
-0.03900 -2.86602e+08
-0.03800 -2.89303e+08
-0.03700 -2.92000e+08
-0.03600 -2.94694e+08
-0.03500 -2.97384e+08
-0.03400 -3.00070e+08
-0.03300 -3.02752e+08
-0.03200 -3.05430e+08
-0.03100 -3.08103e+08
-0.03000 -3.10773e+08
-0.02900 -3.13438e+08
-0.02800 -3.16098e+08
-0.02700 -3.18753e+08
-0.02600 -3.21404e+08
-0.02500 -3.24049e+08
-0.02400 -3.26689e+08
-0.02300 -3.29324e+08
-0.02200 -3.31954e+08
-0.02100 -3.34578e+08
-0.02000 -3.37197e+08
-0.01900 -3.39810e+08
-0.01800 -3.42417e+08
-0.01700 -3.45019e+08
-0.01600 -3.47614e+08
-0.01500 -3.50203e+08
-0.01400 -3.52786e+08
-0.01300 -3.55363e+08
-0.01200 -3.57933e+08
-0.01100 -3.60497e+08
-0.01000 -3.63054e+08
-0.00900 -3.65604e+08
-0.00800 -3.68148e+08
-0.00700 -3.70684e+08
-0.00600 -3.73214e+08
-0.00500 -3.75736e+08
-0.00400 -3.78251e+08
-0.00300 -3.80759e+08
-0.00200 -3.83259e+08
-0.00100 -3.85751e+08
 0.00000 -3.88236e+08
