-12.00000 7.10409e-70
-11.98498 1.44550e-69
-11.96997 2.93686e-69
-11.95495 5.95802e-69
-11.93994 1.20693e-68
-11.92492 2.44134e-68
-11.90991 4.93120e-68
-11.89489 9.94643e-68
-11.87988 2.00354e-67
-11.86486 4.03069e-67
-11.84985 8.09965e-67
-11.83483 1.62609e-66
-11.81982 3.26244e-66
-11.80480 6.54420e-66
-11.78979 1.31336e-65
-11.77477 2.63980e-65
-11.75976 5.32195e-65
-11.74474 1.07854e-64
-11.72973 2.20398e-64
-11.71471 4.56035e-64
-11.69970 9.60562e-64
-11.68468 2.07259e-63
-11.66967 4.61087e-63
-11.65465 1.06349e-62
-11.63964 2.55113e-62
-11.62462 6.36351e-62
-11.60961 1.64474e-61
-11.59459 4.37912e-61
-11.57958 1.19294e-60
-11.56456 3.30336e-60
-11.54955 9.24660e-60
-11.53453 2.60494e-59
-11.51952 7.36188e-59
-11.50450 2.08227e-58
-11.48949 5.88478e-58
-11.47447 1.65988e-57
-11.45946 4.66913e-57
-11.44444 1.30913e-56
-11.42943 3.65728e-56
-11.41441 1.01779e-55
-11.39940 2.82107e-55
-11.38438 7.78707e-55
-11.36937 2.14045e-54
-11.35435 5.85851e-54
-11.33934 1.59662e-53
-11.32432 4.33253e-53
-11.30931 1.17057e-52
-11.29429 3.14895e-52
-11.27928 8.43414e-52
-11.26426 2.24917e-51
-11.24925 5.97186e-51
-11.23423 1.57870e-50
-11.21922 4.15519e-50
-11.20420 1.08889e-49
-11.18919 2.84107e-49
-11.17417 7.38038e-49
-11.15916 1.90887e-48
-11.14414 4.91561e-48
-11.12913 1.26031e-47
-11.11411 3.21723e-47
-11.09910 8.17685e-47
-11.08408 2.06915e-46
-11.06907 5.21313e-46
-11.05405 1.30770e-45
-11.03904 3.26601e-45
-11.02402 8.12137e-45
-11.00901 2.01068e-44
-10.99399 4.95633e-44
-10.97898 1.21641e-43
-10.96396 2.97235e-43
-10.94895 7.23142e-43
-10.93393 1.75166e-42
-10.91892 4.22455e-42
-10.90390 1.01441e-41
-10.88889 2.42522e-41
-10.87387 5.77287e-41
-10.85886 1.36816e-40
-10.84384 3.22840e-40
-10.82883 7.58477e-40
-10.81381 1.77420e-39
-10.79880 4.13209e-39
-10.78378 9.58170e-39
-10.76877 2.21219e-38
-10.75375 5.08522e-38
-10.73874 1.16387e-37
-10.72372 2.65222e-37
-10.70871 6.01759e-37
-10.69369 1.35940e-36
-10.67868 3.05760e-36
-10.66366 6.84740e-36
-10.64865 1.52681e-35
-10.63363 3.38966e-35
-10.61862 7.49278e-35
-10.60360 1.64909e-34
-10.58859 3.61380e-34
-10.57357 7.88499e-34
-10.55856 1.71300e-33
-10.54354 3.70539e-33
-10.52853 7.98056e-33
-10.51351 1.71142e-32
-10.49850 3.65430e-32
-10.48348 7.76926e-32
-10.46847 1.64469e-31
-10.45345 3.46672e-31
-10.43844 7.27592e-31
-10.42342 1.52052e-30
-10.40841 3.16397e-30
-10.39339 6.55562e-30
-10.37838 1.35250e-29
-10.36336 2.77847e-29
-10.34835 5.68360e-29
-10.33333 1.15769e-28
-10.31832 2.34808e-28
-10.30330 4.74234e-28
-10.28829 9.53747e-28
-10.27327 1.91002e-27
-10.25826 3.80899e-27
-10.24324 7.56403e-27
-10.22823 1.49580e-26
-10.21321 2.94559e-26
-10.19820 5.77638e-26
-10.18318 1.12805e-25
-10.16817 2.19378e-25
-10.15315 4.24869e-25
-10.13814 8.19446e-25
-10.12312 1.57396e-24
-10.10811 3.01078e-24
-10.09309 5.73566e-24
-10.07808 1.08821e-23
-10.06306 2.05622e-23
-10.04805 3.86958e-23
-10.03303 7.25271e-23
-10.01802 1.35390e-22
-10.00300 2.51725e-22
-9.98799 4.66154e-22
-9.97297 8.59814e-22
-9.95796 1.57964e-21
-9.94294 2.89068e-21
-9.92793 5.26915e-21
-9.91291 9.56731e-21
-9.89790 1.73045e-20
-9.88288 3.11790e-20
-9.86787 5.59646e-20
-9.85285 1.00076e-19
-9.83784 1.78291e-19
-9.82282 3.16470e-19
-9.80781 5.59714e-19
-9.79279 9.86406e-19
-9.77778 1.73234e-18
-9.76276 3.03204e-18
-9.74775 5.28932e-18
-9.73273 9.19763e-18
-9.71772 1.59446e-17
-9.70270 2.75596e-17
-9.68769 4.75026e-17
-9.67267 8.16616e-17
-9.65766 1.40040e-16
-9.64264 2.39610e-16
-9.62763 4.09132e-16
-9.61261 6.97302e-16
-9.59760 1.18651e-15
-9.58258 2.01610e-15
-9.56757 3.42162e-15
-9.55255 5.80124e-15
-9.53754 9.82780e-15
-9.52252 1.66382e-14
-9.50751 2.81528e-14
-9.49249 4.76148e-14
-9.47748 8.04974e-14
-9.46246 1.36032e-13
-9.44745 2.29776e-13
-9.43243 3.87914e-13
-9.41742 6.54470e-13
-9.40240 1.10336e-12
-9.38739 1.85851e-12
-9.37237 3.12747e-12
-9.35736 5.25750e-12
-9.34234 8.82933e-12
-9.32733 1.48144e-11
-9.31231 2.48397e-11
-9.29730 4.16363e-11
-9.28228 6.98060e-11
-9.26727 1.17142e-10
-9.25225 1.96931e-10
-9.23724 3.31998e-10
-9.22222 5.61886e-10
-9.20721 9.55690e-10
-9.19219 1.63507e-09
-9.17718 2.81557e-09
-9.16216 4.88059e-09
-9.14715 8.51298e-09
-9.13213 1.49268e-08
-9.11712 2.62700e-08
-9.10210 4.63143e-08
-9.08709 8.16134e-08
-9.07207 1.43410e-07
-9.05706 2.50704e-07
-9.04204 4.35068e-07
-9.02703 7.48009e-07
-9.01201 1.27189e-06
-8.99700 2.13567e-06
-8.98198 3.53676e-06
-8.96697 5.77040e-06
-8.95195 9.26744e-06
-8.93694 1.46408e-05
-8.92192 2.27398e-05
-8.90691 3.47097e-05
-8.89189 5.20525e-05
-8.87688 7.66840e-05
-8.86186 1.10981e-04
-8.84685 1.57821e-04
-8.83183 2.20612e-04
-8.81682 3.03343e-04
-8.80180 4.10675e-04
-8.78679 5.48127e-04
-8.77177 7.22401e-04
-8.75676 9.41854e-04
-8.74174 1.21708e-03
-8.72673 1.56145e-03
-8.71171 1.99137e-03
-8.69670 2.52602e-03
-8.68168 3.18616e-03
-8.66667 3.99231e-03
-8.65165 4.96228e-03
-8.63664 6.10903e-03
-8.62162 7.43976e-03
-8.60661 8.95795e-03
-8.59159 1.06695e-02
-8.57658 1.25946e-02
-8.56156 1.47842e-02
-8.54655 1.73389e-02
-8.53153 2.04159e-02
-8.51652 2.42000e-02
-8.50150 3.09572e-02
-8.48649 3.98148e-02
-8.47147 3.97974e-02
-8.45646 4.61870e-02
-8.44144 5.58054e-02
-8.42643 6.04384e-02
-8.41141 5.12811e-02
-8.39640 4.29926e-02
-8.38138 3.94829e-02
-8.36637 3.78748e-02
-8.35135 3.72285e-02
-8.33634 3.70193e-02
-8.32132 3.69159e-02
-8.30631 3.67838e-02
-8.29129 3.66003e-02
-8.27628 3.63891e-02
-8.26126 3.61888e-02
-8.24625 3.60372e-02
-8.23123 3.59638e-02
-8.21622 3.59876e-02
-8.20120 3.61166e-02
-8.18619 3.63496e-02
-8.17117 3.66786e-02
-8.15616 3.70913e-02
-8.14114 3.75730e-02
-8.12613 3.81088e-02
-8.11111 3.86842e-02
-8.09610 3.92865e-02
-8.08108 3.99050e-02
-8.06607 4.05309e-02
-8.05105 4.11575e-02
-8.03604 4.17800e-02
-8.02102 4.23951e-02
-8.00601 4.30009e-02
-7.99099 4.35967e-02
-7.97598 4.41825e-02
-7.96096 4.47591e-02
-7.94595 4.53273e-02
-7.93093 4.58883e-02
-7.91592 4.64431e-02
-7.90090 4.69926e-02
-7.88589 4.75372e-02
-7.87087 4.80772e-02
-7.85586 4.86122e-02
-7.84084 4.91417e-02
-7.82583 4.96649e-02
-7.81081 5.01807e-02
-7.79580 5.06880e-02
-7.78078 5.11859e-02
-7.76577 5.16733e-02
-7.75075 5.21497e-02
-7.73574 5.26148e-02
-7.72072 5.30685e-02
-7.70571 5.35113e-02
-7.69069 5.39442e-02
-7.67568 5.43682e-02
-7.66066 5.47850e-02
-7.64565 5.51964e-02
-7.63063 5.56040e-02
-7.61562 5.60100e-02
-7.60060 5.64162e-02
-7.58559 5.68244e-02
-7.57057 5.72359e-02
-7.55556 5.76522e-02
-7.54054 5.80739e-02
-7.52553 5.85018e-02
-7.51051 5.89361e-02
-7.49550 5.93764e-02
-7.48048 5.98226e-02
-7.46547 6.02738e-02
-7.45045 6.07291e-02
-7.43544 6.11876e-02
-7.42042 6.16481e-02
-7.40541 6.21096e-02
-7.39039 6.25709e-02
-7.37538 6.30311e-02
-7.36036 6.34893e-02
-7.34535 6.39449e-02
-7.33033 6.43972e-02
-7.31532 6.48458e-02
-7.30030 6.52907e-02
-7.28529 6.57315e-02
-7.27027 6.61685e-02
-7.25526 6.66017e-02
-7.24024 6.70313e-02
-7.22523 6.74576e-02
-7.21021 6.78807e-02
-7.19520 6.83010e-02
-7.18018 6.87184e-02
-7.16517 6.91331e-02
-7.15015 6.95452e-02
-7.13514 6.99546e-02
-7.12012 7.03611e-02
-7.10511 7.07644e-02
-7.09009 7.11644e-02
-7.07508 7.15606e-02
-7.06006 7.19526e-02
-7.04505 7.23400e-02
-7.03003 7.27224e-02
-7.01502 7.30993e-02
-7.00000 7.34705e-02
-6.98498 7.38357e-02
-6.96997 7.41945e-02
-6.95495 7.45469e-02
-6.93994 7.48927e-02
-6.92492 7.52321e-02
-6.90991 7.55653e-02
-6.89489 7.58924e-02
-6.87988 7.62138e-02
-6.86486 7.65299e-02
-6.84985 7.68412e-02
-6.83483 7.71483e-02
-6.81982 7.74518e-02
-6.80480 7.77522e-02
-6.78979 7.80501e-02
-6.77477 7.83462e-02
-6.75976 7.86410e-02
-6.74474 7.89349e-02
-6.72973 7.92285e-02
-6.71471 7.95220e-02
-6.69970 7.98157e-02
-6.68468 8.01099e-02
-6.66967 8.04045e-02
-6.65465 8.06996e-02
-6.63964 8.09951e-02
-6.62462 8.12908e-02
-6.60961 8.15864e-02
-6.59459 8.18816e-02
-6.57958 8.21760e-02
-6.56456 8.24693e-02
-6.54955 8.27609e-02
-6.53453 8.30505e-02
-6.51952 8.33376e-02
-6.50450 8.36218e-02
-6.48949 8.39027e-02
-6.47447 8.41799e-02
-6.45946 8.44532e-02
-6.44444 8.47223e-02
-6.42943 8.49872e-02
-6.41441 8.52477e-02
-6.39940 8.55038e-02
-6.38438 8.57557e-02
-6.36937 8.60034e-02
-6.35435 8.62473e-02
-6.33934 8.64875e-02
-6.32432 8.67245e-02
-6.30931 8.69586e-02
-6.29429 8.71902e-02
-6.27928 8.74200e-02
-6.26426 8.76482e-02
-6.24925 8.78754e-02
-6.23423 8.81021e-02
-6.21922 8.83287e-02
-6.20420 8.85557e-02
-6.18919 8.87835e-02
-6.17417 8.90124e-02
-6.15916 8.92428e-02
-6.14414 8.94749e-02
-6.12913 8.97089e-02
-6.11411 8.99451e-02
-6.09910 9.01834e-02
-6.08408 9.04239e-02
-6.06907 9.06667e-02
-6.05405 9.09116e-02
-6.03904 9.11586e-02
-6.02402 9.14075e-02
-6.00901 9.16581e-02
-5.99399 9.19103e-02
-5.97898 9.21637e-02
-5.96396 9.24183e-02
-5.94895 9.26736e-02
-5.93393 9.29296e-02
-5.91892 9.31859e-02
-5.90390 9.34424e-02
-5.88889 9.36988e-02
-5.87387 9.39550e-02
-5.85886 9.42108e-02
-5.84384 9.44662e-02
-5.82883 9.47210e-02
-5.81381 9.49751e-02
-5.79880 9.52286e-02
-5.78378 9.54814e-02
-5.76877 9.57336e-02
-5.75375 9.59853e-02
-5.73874 9.62364e-02
-5.72372 9.64872e-02
-5.70871 9.67377e-02
-5.69369 9.69880e-02
-5.67868 9.72383e-02
-5.66366 9.74887e-02
-5.64865 9.77394e-02
-5.63363 9.79903e-02
-5.61862 9.82417e-02
-5.60360 9.84936e-02
-5.58859 9.87462e-02
-5.57357 9.89993e-02
-5.55856 9.92532e-02
-5.54354 9.95077e-02
-5.52853 9.97628e-02
-5.51351 1.00019e-01
-5.49850 1.00275e-01
-5.48348 1.00532e-01
-5.46847 1.00789e-01
-5.45345 1.01046e-01
-5.43844 1.01304e-01
-5.42342 1.01561e-01
-5.40841 1.01818e-01
-5.39339 1.02075e-01
-5.37838 1.02331e-01
-5.36336 1.02586e-01
-5.34835 1.02841e-01
-5.33333 1.03094e-01
-5.31832 1.03346e-01
-5.30330 1.03597e-01
-5.28829 1.03846e-01
-5.27327 1.04094e-01
-5.25826 1.04340e-01
-5.24324 1.04584e-01
-5.22823 1.04827e-01
-5.21321 1.05068e-01
-5.19820 1.05307e-01
-5.18318 1.05545e-01
-5.16817 1.05781e-01
-5.15315 1.06015e-01
-5.13814 1.06249e-01
-5.12312 1.06480e-01
-5.10811 1.06711e-01
-5.09309 1.06940e-01
-5.07808 1.07169e-01
-5.06306 1.07397e-01
-5.04805 1.07624e-01
-5.03303 1.07850e-01
-5.01802 1.08077e-01
-5.00300 1.08303e-01
-4.98799 1.08529e-01
-4.97297 1.08755e-01
-4.95796 1.08981e-01
-4.94294 1.09208e-01
-4.92793 1.09434e-01
-4.91291 1.09661e-01
-4.89790 1.09889e-01
-4.88288 1.10116e-01
-4.86787 1.10344e-01
-4.85285 1.10573e-01
-4.83784 1.10801e-01
-4.82282 1.11030e-01
-4.80781 1.11259e-01
-4.79279 1.11488e-01
-4.77778 1.11717e-01
-4.76276 1.11946e-01
-4.74775 1.12174e-01
-4.73273 1.12403e-01
-4.71772 1.12630e-01
-4.70270 1.12857e-01
-4.68769 1.13083e-01
-4.67267 1.13308e-01
-4.65766 1.13532e-01
-4.64264 1.13755e-01
-4.62763 1.13977e-01
-4.61261 1.14197e-01
-4.59760 1.14416e-01
-4.58258 1.14633e-01
-4.56757 1.14849e-01
-4.55255 1.15064e-01
-4.53754 1.15277e-01
-4.52252 1.15488e-01
-4.50751 1.15698e-01
-4.49249 1.15907e-01
-4.47748 1.16114e-01
-4.46246 1.16320e-01
-4.44745 1.16525e-01
-4.43243 1.16728e-01
-4.41742 1.16931e-01
-4.40240 1.17132e-01
-4.38739 1.17333e-01
-4.37237 1.17533e-01
-4.35736 1.17733e-01
-4.34234 1.17932e-01
-4.32733 1.18131e-01
-4.31231 1.18330e-01
-4.29730 1.18529e-01
-4.28228 1.18728e-01
-4.26727 1.18928e-01
-4.25225 1.19127e-01
-4.23724 1.19328e-01
-4.22222 1.19528e-01
-4.20721 1.19729e-01
-4.19219 1.19931e-01
-4.17718 1.20134e-01
-4.16216 1.20338e-01
-4.14715 1.20542e-01
-4.13213 1.20747e-01
-4.11712 1.20953e-01
-4.10210 1.21160e-01
-4.08709 1.21367e-01
-4.07207 1.21575e-01
-4.05706 1.21784e-01
-4.04204 1.21994e-01
-4.02703 1.22204e-01
-4.01201 1.22415e-01
-3.99700 1.22626e-01
-3.98198 1.22837e-01
-3.96697 1.23049e-01
-3.95195 1.23262e-01
-3.93694 1.23474e-01
-3.92192 1.23687e-01
-3.90691 1.23899e-01
-3.89189 1.24112e-01
-3.87688 1.24324e-01
-3.86186 1.24537e-01
-3.84685 1.24749e-01
-3.83183 1.24961e-01
-3.81682 1.25173e-01
-3.80180 1.25385e-01
-3.78679 1.25596e-01
-3.77177 1.25807e-01
-3.75676 1.26018e-01
-3.74174 1.26229e-01
-3.72673 1.26440e-01
-3.71171 1.26650e-01
-3.69670 1.26861e-01
-3.68168 1.27071e-01
-3.66667 1.27281e-01
-3.65165 1.27492e-01
-3.63664 1.27702e-01
-3.62162 1.27913e-01
-3.60661 1.28123e-01
-3.59159 1.28334e-01
-3.57658 1.28546e-01
-3.56156 1.28758e-01
-3.54655 1.28970e-01
-3.53153 1.29183e-01
-3.51652 1.29396e-01
-3.50150 1.29610e-01
-3.48649 1.29825e-01
-3.47147 1.30040e-01
-3.45646 1.30256e-01
-3.44144 1.30473e-01
-3.42643 1.30691e-01
-3.41141 1.30909e-01
-3.39640 1.31128e-01
-3.38138 1.31348e-01
-3.36637 1.31568e-01
-3.35135 1.31789e-01
-3.33634 1.32011e-01
-3.32132 1.32233e-01
-3.30631 1.32456e-01
-3.29129 1.32680e-01
-3.27628 1.32903e-01
-3.26126 1.33128e-01
-3.24625 1.33352e-01
-3.23123 1.33577e-01
-3.21622 1.33801e-01
-3.20120 1.34026e-01
-3.18619 1.34251e-01
-3.17117 1.34476e-01
-3.15616 1.34700e-01
-3.14114 1.34925e-01
-3.12613 1.35149e-01
-3.11111 1.35372e-01
-3.09610 1.35595e-01
-3.08108 1.35818e-01
-3.06607 1.36040e-01
-3.05105 1.36261e-01
-3.03604 1.36482e-01
-3.02102 1.36702e-01
-3.00601 1.36921e-01
-2.99099 1.37139e-01
-2.97598 1.37356e-01
-2.96096 1.37573e-01
-2.94595 1.37788e-01
-2.93093 1.38003e-01
-2.91592 1.38217e-01
-2.90090 1.38430e-01
-2.88589 1.38641e-01
-2.87087 1.38852e-01
-2.85586 1.39062e-01
-2.84084 1.39271e-01
-2.82583 1.39479e-01
-2.81081 1.39685e-01
-2.79580 1.39891e-01
-2.78078 1.40096e-01
-2.76577 1.40299e-01
-2.75075 1.40502e-01
-2.73574 1.40703e-01
-2.72072 1.40903e-01
-2.70571 1.41102e-01
-2.69069 1.41299e-01
-2.67568 1.41496e-01
-2.66066 1.41690e-01
-2.64565 1.41883e-01
-2.63063 1.42074e-01
-2.61562 1.42264e-01
-2.60060 1.42451e-01
-2.58559 1.42637e-01
-2.57057 1.42820e-01
-2.55556 1.43002e-01
-2.54054 1.43180e-01
-2.52553 1.43356e-01
-2.51051 1.43529e-01
-2.49550 1.43700e-01
-2.48048 1.43867e-01
-2.46547 1.44030e-01
-2.45045 1.44190e-01
-2.43544 1.44347e-01
-2.42042 1.44499e-01
-2.40541 1.44648e-01
-2.39039 1.44792e-01
-2.37538 1.44932e-01
-2.36036 1.45067e-01
-2.34535 1.45197e-01
-2.33033 1.45322e-01
-2.31532 1.45442e-01
-2.30030 1.45557e-01
-2.28529 1.45667e-01
-2.27027 1.45770e-01
-2.25526 1.45869e-01
-2.24024 1.45961e-01
-2.22523 1.46048e-01
-2.21021 1.46129e-01
-2.19520 1.46204e-01
-2.18018 1.46273e-01
-2.16517 1.46337e-01
-2.15015 1.46396e-01
-2.13514 1.46451e-01
-2.12012 1.46506e-01
-2.10511 1.46563e-01
-2.09009 1.46632e-01
-2.07508 1.46726e-01
-2.06006 1.46865e-01
-2.04505 1.47077e-01
-2.03003 1.47401e-01
-2.01502 1.47880e-01
-2.00000 1.48558e-01
-1.98498 1.49465e-01
-1.96997 1.50609e-01
-1.95495 1.51957e-01
-1.93994 1.53429e-01
-1.92492 1.54902e-01
-1.90991 1.56220e-01
-1.89489 1.57229e-01
-1.87988 1.57806e-01
-1.86486 1.57890e-01
-1.84985 1.57503e-01
-1.83483 1.56739e-01
-1.81982 1.55750e-01
-1.80480 1.54705e-01
-1.78979 1.53760e-01
-1.77477 1.53029e-01
-1.75976 1.52576e-01
-1.74474 1.52413e-01
-1.72973 1.52520e-01
-1.71471 1.52856e-01
-1.69970 1.53379e-01
-1.68468 1.54054e-01
-1.66967 1.54858e-01
-1.65465 1.55778e-01
-1.63964 1.56807e-01
-1.62462 1.57936e-01
-1.60961 1.59144e-01
-1.59459 1.60393e-01
-1.57958 1.61627e-01
-1.56456 1.62774e-01
-1.54955 1.63752e-01
-1.53453 1.64483e-01
-1.51952 1.64907e-01
-1.50450 1.64989e-01
-1.48949 1.64735e-01
-1.47447 1.64189e-01
-1.45946 1.63426e-01
-1.44444 1.62545e-01
-1.42943 1.61653e-01
-1.41441 1.60846e-01
-1.39940 1.60201e-01
-1.38438 1.59768e-01
-1.36937 1.59567e-01
-1.35435 1.59592e-01
-1.33934 1.59819e-01
-1.32432 1.60211e-01
-1.30931 1.60725e-01
-1.29429 1.61320e-01
-1.27928 1.61960e-01
-1.26426 1.62610e-01
-1.24925 1.63246e-01
-1.23423 1.63845e-01
-1.21922 1.64393e-01
-1.20420 1.64878e-01
-1.18919 1.65291e-01
-1.17417 1.65628e-01
-1.15916 1.65889e-01
-1.14414 1.66074e-01
-1.12913 1.66187e-01
-1.11411 1.66234e-01
-1.09910 1.66222e-01
-1.08408 1.66159e-01
-1.06907 1.66057e-01
-1.05405 1.65925e-01
-1.03904 1.65774e-01
-1.02402 1.65616e-01
-1.00901 1.65460e-01
-0.99399 1.65316e-01
-0.97898 1.65195e-01
-0.96396 1.65102e-01
-0.94895 1.65045e-01
-0.93393 1.65029e-01
-0.91892 1.65057e-01
-0.90390 1.65129e-01
-0.88889 1.65245e-01
-0.87387 1.65405e-01
-0.85886 1.65603e-01
-0.84384 1.65836e-01
-0.82883 1.66098e-01
-0.81381 1.66384e-01
-0.79880 1.66686e-01
-0.78378 1.66998e-01
-0.76877 1.67315e-01
-0.75375 1.67629e-01
-0.73874 1.67937e-01
-0.72372 1.68233e-01
-0.70871 1.68514e-01
-0.69369 1.68777e-01
-0.67868 1.69020e-01
-0.66366 1.69241e-01
-0.64865 1.69441e-01
-0.63363 1.69619e-01
-0.61862 1.69776e-01
-0.60360 1.69913e-01
-0.58859 1.70031e-01
-0.57357 1.70132e-01
-0.55856 1.70218e-01
-0.54354 1.70289e-01
-0.52853 1.70349e-01
-0.51351 1.70397e-01
-0.49850 1.70436e-01
-0.48348 1.70467e-01
-0.46847 1.70490e-01
-0.45345 1.70508e-01
-0.43844 1.70522e-01
-0.42342 1.70532e-01
-0.40841 1.70540e-01
-0.39339 1.70549e-01
-0.37838 1.70560e-01
-0.36336 1.70580e-01
-0.34835 1.70615e-01
-0.33333 1.70686e-01
-0.31832 1.70827e-01
-0.30330 1.71102e-01
-0.28829 1.71611e-01
-0.27327 1.72472e-01
-0.25826 1.73782e-01
-0.24324 1.75541e-01
-0.22823 1.77589e-01
-0.21321 1.79604e-01
-0.19820 1.81194e-01
-0.18318 1.82064e-01
-0.16817 1.82146e-01
-0.15315 1.81611e-01
-0.13814 1.80773e-01
-0.12312 1.79929e-01
-0.10811 1.79262e-01
-0.09309 1.78824e-01
-0.07808 1.78589e-01
-0.06306 1.78508e-01
-0.04805 1.78545e-01
-0.03303 1.78675e-01
-0.01802 1.78878e-01
-0.00300 1.79125e-01
0.01201 1.79381e-01
0.02703 1.79603e-01
0.04204 1.79753e-01
0.05706 1.79802e-01
0.07207 1.79731e-01
0.08709 1.79538e-01
0.10210 1.79231e-01
0.11712 1.78829e-01
0.13213 1.78360e-01
0.14715 1.77853e-01
0.16216 1.77341e-01
0.17718 1.76849e-01
0.19219 1.76402e-01
0.20721 1.76014e-01
0.22222 1.75694e-01
0.23724 1.75442e-01
0.25225 1.75254e-01
0.26727 1.75119e-01
0.28228 1.75024e-01
0.29730 1.74955e-01
0.31231 1.74899e-01
0.32733 1.74843e-01
0.34234 1.74776e-01
0.35736 1.74692e-01
0.37237 1.74586e-01
0.38739 1.74456e-01
0.40240 1.74304e-01
0.41742 1.74131e-01
0.43243 1.73942e-01
0.44745 1.73743e-01
0.46246 1.73538e-01
0.47748 1.73332e-01
0.49249 1.73130e-01
0.50751 1.72936e-01
0.52252 1.72753e-01
0.53754 1.72584e-01
0.55255 1.72430e-01
0.56757 1.72291e-01
0.58258 1.72167e-01
0.59760 1.72057e-01
0.61261 1.71960e-01
0.62763 1.71874e-01
0.64264 1.71799e-01
0.65766 1.71731e-01
0.67267 1.71669e-01
0.68769 1.71612e-01
0.70270 1.71558e-01
0.71772 1.71504e-01
0.73273 1.71450e-01
0.74775 1.71395e-01
0.76276 1.71336e-01
0.77778 1.71273e-01
0.79279 1.71204e-01
0.80781 1.71129e-01
0.82282 1.71048e-01
0.83784 1.70958e-01
0.85285 1.70861e-01
0.86787 1.70756e-01
0.88288 1.70643e-01
0.89790 1.70523e-01
0.91291 1.70397e-01
0.92793 1.70266e-01
0.94294 1.70132e-01
0.95796 1.69998e-01
0.97297 1.69865e-01
0.98799 1.69737e-01
1.00300 1.69617e-01
1.01802 1.69509e-01
1.03303 1.69419e-01
1.04805 1.69355e-01
1.06306 1.69329e-01
1.07808 1.69364e-01
1.09309 1.69499e-01
1.10811 1.69789e-01
1.12312 1.70307e-01
1.13814 1.71121e-01
1.15315 1.72268e-01
1.16817 1.73711e-01
1.18318 1.75321e-01
1.19820 1.76889e-01
1.21321 1.78182e-01
1.22823 1.79030e-01
1.24324 1.79382e-01
1.25826 1.79318e-01
1.27327 1.79002e-01
1.28829 1.78607e-01
1.30330 1.78255e-01
1.31832 1.78002e-01
1.33333 1.77857e-01
1.34835 1.77813e-01
1.36336 1.77872e-01
1.37838 1.78043e-01
1.39339 1.78335e-01
1.40841 1.78743e-01
1.42342 1.79244e-01
1.43844 1.79800e-01
1.45345 1.80366e-01
1.46847 1.80897e-01
1.48348 1.81360e-01
1.49850 1.81729e-01
1.51351 1.81994e-01
1.52853 1.82153e-01
1.54354 1.82219e-01
1.55856 1.82208e-01
1.57357 1.82144e-01
1.58859 1.82052e-01
1.60360 1.81958e-01
1.61862 1.81883e-01
1.63363 1.81844e-01
1.64865 1.81852e-01
1.66366 1.81913e-01
1.67868 1.82024e-01
1.69369 1.82180e-01
1.70871 1.82374e-01
1.72372 1.82599e-01
1.73874 1.82850e-01
1.75375 1.83129e-01
1.76877 1.83445e-01
1.78378 1.83815e-01
1.79880 1.84263e-01
1.81381 1.84835e-01
1.82883 1.85628e-01
1.84384 1.86844e-01
1.85886 1.88774e-01
1.87387 1.91585e-01
1.88889 1.94916e-01
1.90390 1.97690e-01
1.91892 1.98617e-01
1.93393 1.97163e-01
1.94895 1.94020e-01
1.96396 1.90526e-01
1.97898 1.87700e-01
1.99399 1.85837e-01
2.00901 1.84747e-01
2.02402 1.84147e-01
2.03904 1.83852e-01
2.05405 1.83765e-01
2.06907 1.83831e-01
2.08408 1.84009e-01
2.09910 1.84257e-01
2.11411 1.84540e-01
2.12913 1.84826e-01
2.14414 1.85092e-01
2.15916 1.85318e-01
2.17417 1.85488e-01
2.18919 1.85595e-01
2.20420 1.85634e-01
2.21922 1.85606e-01
2.23423 1.85516e-01
2.24925 1.85374e-01
2.26426 1.85195e-01
2.27928 1.84996e-01
2.29429 1.84797e-01
2.30931 1.84619e-01
2.32432 1.84484e-01
2.33934 1.84412e-01
2.35435 1.84420e-01
2.36937 1.84522e-01
2.38438 1.84725e-01
2.39940 1.85031e-01
2.41441 1.85437e-01
2.42943 1.85931e-01
2.44444 1.86501e-01
2.45946 1.87129e-01
2.47447 1.87797e-01
2.48949 1.88487e-01
2.50450 1.89186e-01
2.51952 1.89880e-01
2.53453 1.90563e-01
2.54955 1.91231e-01
2.56456 1.91882e-01
2.57958 1.92516e-01
2.59459 1.93133e-01
2.60961 1.93734e-01
2.62462 1.94317e-01
2.63964 1.94883e-01
2.65465 1.95428e-01
2.66967 1.95953e-01
2.68468 1.96457e-01
2.69970 1.96940e-01
2.71471 1.97405e-01
2.72973 1.97855e-01
2.74474 1.98296e-01
2.75976 1.98732e-01
2.77477 1.99170e-01
2.78979 1.99614e-01
2.80480 2.00068e-01
2.81982 2.00535e-01
2.83483 2.01017e-01
2.84985 2.01513e-01
2.86486 2.02021e-01
2.87988 2.02539e-01
2.89489 2.03061e-01
2.90991 2.03582e-01
2.92492 2.04097e-01
2.93994 2.04599e-01
2.95495 2.05084e-01
2.96997 2.05545e-01
2.98498 2.05978e-01
3.00000 2.06379e-01
