0.05000 3.72406e-05
0.06192 4.71083e-05
0.07385 5.76961e-05
0.08577 6.92432e-05
0.09770 8.20620e-05
0.10962 9.65735e-05
0.12154 1.13361e-04
0.13347 1.33257e-04
0.14539 1.57488e-04
0.15731 1.87932e-04
0.16924 2.27577e-04
0.18116 2.81434e-04
0.19309 3.58429e-04
0.20501 4.75753e-04
0.21693 6.70066e-04
0.22886 1.03135e-03
0.24078 1.83145e-03
0.25271 4.22581e-03
0.26463 1.77406e-02
0.27655 6.19726e-02
0.28848 8.43767e-03
0.30040 2.82715e-03
0.31232 1.43458e-03
0.32425 9.03135e-04
0.33617 6.59918e-04
0.34810 5.81039e-04
0.36002 8.09183e-04
0.37194 8.98799e-04
0.38387 1.07374e-03
0.39579 4.91864e-04
0.40772 5.69145e-04
0.41964 3.18731e-04
0.43156 2.79492e-04
0.44349 2.67681e-04
0.45541 2.64227e-04
0.46733 2.65383e-04
0.47926 2.69971e-04
0.49118 2.77623e-04
0.50311 2.88228e-04
0.51503 2.98950e-04
0.52695 3.19025e-04
0.53888 3.50960e-04
0.55080 4.11266e-04
0.56273 5.56543e-04
0.57465 1.47129e-03
0.58657 1.17601e-03
0.59850 3.85191e-03
0.61042 2.43179e-03
0.62234 1.75158e-03
0.63427 5.08756e-03
0.64619 1.71508e-03
0.65812 2.11079e-03
0.67004 1.06383e-03
0.68196 1.07510e-03
0.69389 1.28745e-03
0.70581 1.72473e-03
0.71774 2.52244e-03
0.72966 4.39180e-03
0.74158 1.04582e-02
0.75351 5.19151e-02
0.76543 7.56284e-02
0.77735 1.43372e-02
0.78928 1.19050e-02
0.80120 4.73416e-02
0.81313 9.85035e-03
0.82505 1.03182e-02
0.83697 1.01025e-02
0.84890 4.90441e-03
0.86082 3.81161e-03
0.87275 3.84574e-03
0.88467 2.66826e-03
0.89659 1.43125e-03
0.90852 2.02545e-03
0.92044 1.42771e-03
0.93236 9.61198e-04
0.94429 7.31721e-04
0.95621 6.79068e-04
0.96814 6.57912e-04
0.98006 6.50036e-04
0.99198 6.50462e-04
1.00391 6.57151e-04
1.01583 6.69150e-04
1.02776 6.86050e-04
1.03968 7.07785e-04
1.05160 7.34548e-04
1.06353 7.66783e-04
1.07545 8.05214e-04
1.08737 8.50969e-04
1.09930 9.05971e-04
1.11122 9.74913e-04
1.12315 1.08877e-03
1.13507 1.20428e-03
1.14699 1.45280e-03
1.15892 1.41371e-03
1.17084 1.57994e-03
1.18277 1.81071e-03
1.19469 2.01129e-03
1.20661 2.35277e-03
1.21854 2.82607e-03
1.23046 3.49655e-03
1.24238 4.48892e-03
1.25431 6.04838e-03
1.26623 8.70869e-03
1.27816 1.38171e-02
1.29008 2.56239e-02
1.30200 6.36448e-02
1.31393 3.16256e-01
1.32585 5.48992e-01
1.33778 8.63369e-02
1.34970 3.48345e-02
1.36162 1.66990e-02
1.37355 1.08163e-02
1.38547 1.12273e-02
1.39739 6.16505e-03
1.40932 5.74476e-03
1.42124 1.39271e-02
1.43317 8.85814e-03
1.44509 9.44743e-03
1.45701 5.05195e-03
1.46894 3.71793e-03
1.48086 3.70827e-03
1.49279 9.04194e-03
1.50471 1.12782e-02
1.51663 1.94984e-02
1.52856 2.77806e-02
1.54048 1.23306e-02
1.55240 1.23549e-02
1.56433 6.56363e-03
1.57625 1.65443e-02
1.58818 5.91777e-03
1.60010 6.43192e-03
1.61202 2.48719e-03
1.62395 1.93211e-03
1.63587 1.76446e-03
1.64780 1.71056e-03
1.65972 1.71113e-03
1.67164 1.74723e-03
1.68357 1.81235e-03
1.69549 1.90533e-03
1.70741 2.02833e-03
1.71934 2.18627e-03
1.73126 2.38725e-03
1.74319 2.64364e-03
1.75511 2.97423e-03
1.76703 3.40841e-03
1.77896 3.99550e-03
1.79088 4.84652e-03
1.80281 6.13070e-03
1.81473 7.73306e-03
1.82665 1.06423e-02
1.83858 1.60912e-02
1.85050 2.84238e-02
1.86242 6.94810e-02
1.87435 3.02021e-01
1.88627 5.84245e-01
1.89820 1.04495e-01
1.91012 8.26449e-02
1.92204 1.49542e-01
1.93397 3.74429e-01
1.94589 1.30493e-01
1.95782 5.58424e-01
1.96974 1.37535e-01
1.98166 1.14977e-01
1.99359 5.26397e-02
2.00551 1.99920e-02
2.01743 1.39127e-02
2.02936 9.20374e-03
2.04128 7.85605e-03
2.05321 8.86826e-03
2.06513 1.08129e-02
2.07705 1.99611e-02
2.08898 1.41365e-02
2.10090 1.16967e-02
2.11283 1.15944e-02
2.12475 1.09011e-02
2.13667 6.60344e-03
2.14860 3.51377e-03
2.16052 2.89353e-03
2.17244 3.02866e-03
2.18437 3.16534e-03
2.19629 4.57854e-03
2.20822 7.83225e-03
2.22014 8.98884e-03
2.23206 1.57087e-02
2.24399 2.42624e-02
2.25591 3.85283e-02
2.26784 2.49519e-02
2.27976 1.63564e-02
2.29168 1.02133e-02
2.30361 6.57130e-03
2.31553 7.51643e-03
2.32745 8.75686e-03
2.33938 4.77722e-03
2.35130 2.45171e-03
2.36323 1.83316e-03
2.37515 1.64588e-03
2.38707 1.55847e-03
2.39900 1.51326e-03
2.41092 1.49262e-03
2.42285 1.49039e-03
2.43477 1.50588e-03
2.44669 1.54399e-03
2.45862 1.62105e-03
2.47054 1.79252e-03
2.48246 2.32956e-03
2.49439 6.19884e-03
2.50631 7.06339e-03
2.51824 2.62243e-03
2.53016 2.19742e-03
2.54208 2.26201e-03
2.55401 2.59227e-03
2.56593 3.40074e-03
2.57786 5.85119e-03
2.58978 2.01942e-02
2.60170 5.21902e-02
2.61363 9.50443e-03
2.62555 5.66331e-03
2.63747 7.24466e-03
2.64940 2.96636e-02
2.66132 1.37661e-02
2.67325 4.42094e-02
2.68517 3.15141e-02
2.69709 8.05487e-03
2.70902 6.52131e-03
2.72094 4.15204e-03
2.73287 4.41680e-03
2.74479 8.49368e-03
2.75671 1.62464e-02
2.76864 7.53766e-03
2.78056 1.22991e-02
2.79248 8.93756e-03
2.80441 1.12084e-02
2.81633 4.97820e-02
2.82826 4.26015e-02
2.84018 3.01182e-02
2.85210 7.56908e-02
2.86403 1.89461e-02
2.87595 2.09468e-02
2.88788 9.70411e-02
2.89980 1.98869e-02
2.91172 1.16974e-02
2.92365 2.28233e-02
2.93557 2.77514e-02
2.94749 3.98173e-02
2.95942 5.14270e-02
2.97134 4.57277e-02
2.98327 5.55790e-02
2.99519 4.67199e-02
3.00711 4.28236e-02
3.01904 4.34420e-02
3.03096 4.56600e-02
3.04289 6.15481e-02
3.05481 2.40917e-02
3.06673 2.04890e-02
3.07866 1.32183e-02
3.09058 1.34755e-02
3.10251 1.53810e-02
3.11443 1.88607e-02
3.12635 2.53226e-02
3.13828 4.04034e-02
3.15020 4.89009e-02
3.16212 8.07824e-02
3.17405 1.72114e-01
3.18597 5.77038e-01
3.19790 2.91040e+00
3.20982 1.60182e+00
3.22174 3.40534e-01
3.23367 1.30181e-01
3.24559 8.06163e-02
3.25752 9.23617e-02
3.26944 3.41610e-01
3.28136 2.41890e-01
3.29329 9.32643e-02
3.30521 6.86267e-02
3.31713 6.00585e-02
3.32906 1.35449e-01
3.34098 1.20961e-01
3.35291 5.48447e-02
3.36483 2.47658e-02
3.37675 4.75691e-02
3.38868 2.19416e-02
3.40060 2.56623e-02
3.41253 9.37739e-02
3.42445 3.46954e-02
3.43637 2.88711e-02
3.44830 4.31230e-02
3.46022 1.00628e-01
3.47214 1.22278e-01
3.48407 1.02734e-01
3.49599 3.35214e-02
3.50792 2.02868e-02
3.51984 1.92823e-02
3.53176 4.72710e-02
3.54369 1.64974e-01
3.55561 4.49711e-02
3.56754 2.54426e-02
3.57946 5.16660e-02
3.59138 1.44554e-01
3.60331 2.54789e-02
3.61523 1.37319e-02
3.62715 1.84775e-02
3.63908 1.15863e-02
3.65100 1.14268e-02
3.66293 3.10389e-02
3.67485 1.59450e-02
3.68677 1.09990e-02
3.69870 9.87636e-03
3.71062 1.40748e-02
3.72255 1.14875e-02
3.73447 8.33926e-03
3.74639 2.11227e-02
3.75832 2.17037e-02
3.77024 1.47510e-02
3.78216 9.94063e-03
3.79409 7.23569e-03
3.80601 1.42712e-02
3.81794 8.01089e-03
3.82986 1.40108e-02
3.84178 2.67557e-02
3.85371 2.18789e-02
3.86563 2.06308e-02
3.87756 5.52516e-02
3.88948 5.37992e-02
3.90140 5.49953e-02
3.91333 2.24987e-02
3.92525 1.67101e-02
3.93717 2.14164e-02
3.94910 1.24912e-02
3.96102 6.96300e-03
3.97295 5.96805e-03
3.98487 5.64861e-03
3.99679 5.54918e-03
4.00872 5.55492e-03
4.02064 5.62496e-03
4.03257 5.74270e-03
4.04449 5.90227e-03
4.05641 6.10446e-03
4.06834 6.35672e-03
4.08026 6.67721e-03
4.09218 7.10899e-03
4.10411 7.77620e-03
4.11603 9.21733e-03
4.12796 1.67777e-02
4.13988 1.91470e-02
4.15180 1.47249e-02
4.16373 3.84587e-02
4.17565 2.48477e-02
4.18758 5.85011e-02
4.19950 3.72975e-02
4.21142 3.13717e-02
4.22335 1.22410e-01
4.23527 3.22097e-02
4.24719 2.17622e-02
4.25912 2.40860e-02
4.27104 4.05891e-02
4.28297 1.71047e-01
4.29489 1.72322e-01
4.30681 6.57472e-02
4.31874 5.04015e-02
4.33066 8.87981e-02
4.34259 9.31245e-02
4.35451 4.76768e-02
4.36643 5.04982e-02
4.37836 7.81625e-02
4.39028 8.34605e-02
4.40220 1.57216e-01
4.41413 2.45266e-01
4.42605 7.56549e-01
4.43798 2.29646e+00
4.44990 6.85191e-01
4.46182 1.30241e+00
4.47375 3.93548e+00
4.48567 1.10429e+00
4.49760 2.60343e+00
4.50952 3.57985e+00
4.52144 1.07068e+00
4.53337 9.51281e-01
4.54529 5.10089e-01
4.55721 5.36631e-01
4.56914 1.13510e+00
4.58106 9.02528e-01
4.59299 4.83105e-01
4.60491 4.61514e-01
4.61683 1.42344e+00
4.62876 8.87378e-01
4.64068 1.43392e+00
4.65261 1.20124e+00
4.66453 5.60097e-01
4.67645 3.69266e-01
4.68838 4.19003e-01
4.70030 3.49115e-01
4.71222 4.72468e-01
4.72415 2.11792e-01
4.73607 2.36433e-01
4.74800 2.38984e-01
4.75992 1.45575e-01
4.77184 7.97043e-02
4.78377 5.32557e-02
4.79569 6.28834e-02
4.80762 2.17386e-01
4.81954 1.84676e-01
4.83146 1.29778e-01
4.84339 4.70187e-02
4.85531 4.14586e-02
4.86723 3.81206e-02
4.87916 3.17370e-02
4.89108 4.53675e-02
4.90301 1.36799e-01
4.91493 5.77088e-02
4.92685 8.50437e-02
4.93878 9.19828e-02
4.95070 6.95718e-02
4.96263 1.40642e-01
4.97455 7.18833e-01
4.98647 8.49908e-01
4.99840 1.64561e-01
5.01032 1.77688e-01
5.02224 2.07671e-01
5.03417 1.01155e-01
5.04609 4.71663e-02
5.05802 4.39132e-02
5.06994 4.93487e-02
5.08186 4.27841e-02
5.09379 5.60761e-02
5.10571 1.37386e-01
5.11764 3.31748e-01
5.12956 1.74354e-01
5.14148 1.81606e-01
5.15341 1.03848e-01
5.16533 1.51905e-01
5.17725 2.07908e-01
5.18918 5.38984e-01
5.20110 5.87520e-01
5.21303 6.21777e-01
5.22495 2.29614e-01
5.23687 4.21148e-01
5.24880 4.74751e-01
5.26072 1.03102e+00
5.27265 7.87792e-01
5.28457 2.34123e-01
5.29649 2.19374e-01
5.30842 2.05484e-01
5.32034 1.25487e-01
5.33226 1.77711e-01
5.34419 3.81376e-01
5.35611 2.75463e-01
5.36804 1.55107e-01
5.37996 1.94331e-01
5.39188 2.51259e-01
5.40381 4.62715e-01
5.41573 3.27615e-01
5.42766 9.93212e-01
5.43958 8.80237e-01
5.45150 6.02321e-01
5.46343 6.00033e-01
5.47535 5.27131e-01
5.48727 7.92750e-01
5.49920 1.25248e+00
5.51112 2.77731e+00
5.52305 3.97351e+00
5.53497 4.42545e+00
5.54689 6.89806e+00
5.55882 4.42947e+01
5.57074 1.20946e+01
5.58267 9.65330e+00
5.59459 1.63958e+01
5.60651 6.93454e+00
5.61844 2.56075e+01
5.63036 6.08081e+00
5.64228 1.52034e+01
5.65421 9.94968e+00
5.66613 3.05525e+00
5.67806 2.49594e+00
5.68998 1.03132e+01
5.70190 2.14335e+00
5.71383 1.32640e+00
5.72575 2.50018e+00
5.73768 2.64237e+00
5.74960 3.25545e+00
5.76152 1.66641e+00
5.77345 1.91818e+00
5.78537 1.63026e+00
5.79729 2.62833e+00
5.80922 2.04136e+00
5.82114 2.35788e+00
5.83307 1.78214e+00
5.84499 4.60199e-01
5.85691 2.80796e-01
5.86884 2.43355e-01
5.88076 2.89631e-01
5.89269 6.70141e-01
5.90461 1.55040e+00
5.91653 1.35270e+00
5.92846 1.79612e+00
5.94038 2.02433e+00
5.95230 6.62412e-01
5.96423 1.59804e+00
5.97615 1.83531e+00
5.98808 6.89134e-01
6.00000 6.42064e-01
