0.05000 5.56610e+03
0.06192 4.08138e+03
0.07385 3.07493e+03
0.08577 2.36144e+03
0.09770 1.84225e+03
0.10962 1.45758e+03
0.12154 1.16832e+03
0.13347 9.47843e+02
0.14539 7.77686e+02
0.15731 6.44824e+02
0.16924 5.39962e+02
0.18116 4.56377e+02
0.19309 3.89151e+02
0.20501 3.34651e+02
0.21693 2.90160e+02
0.22886 2.53637e+02
0.24078 2.23533e+02
0.25271 1.98675e+02
0.26463 1.78170e+02
0.27655 1.61348e+02
0.28848 1.47712e+02
0.30040 1.36903e+02
0.31232 1.28696e+02
0.32425 1.23033e+02
0.33617 1.20047e+02
0.34810 1.20036e+02
0.36002 1.23371e+02
0.37194 1.30282e+02
0.38387 1.40378e+02
0.39579 1.51856e+02
0.40772 1.60989e+02
0.41964 1.63177e+02
0.43156 1.56046e+02
0.44349 1.42013e+02
0.45541 1.26267e+02
0.46733 1.12788e+02
0.47926 1.03217e+02
0.49118 9.76444e+01
0.50311 9.52340e+01
0.51503 9.43669e+01
0.52695 9.30886e+01
0.53888 9.04738e+01
0.55080 8.73665e+01
0.56273 8.50071e+01
0.57465 8.34519e+01
0.58657 8.16997e+01
0.59850 7.92181e+01
0.61042 7.68554e+01
0.62234 7.59497e+01
0.63427 7.71047e+01
0.64619 7.97063e+01
0.65812 8.21966e+01
0.67004 8.32110e+01
0.68196 8.23761e+01
0.69389 7.96263e+01
0.70581 7.50710e+01
0.71774 6.98287e+01
0.72966 6.55691e+01
0.74158 6.33884e+01
0.75351 6.34921e+01
0.76543 6.53843e+01
0.77735 6.81428e+01
0.78928 7.07224e+01
0.80120 7.22845e+01
0.81313 7.26107e+01
0.82505 7.19758e+01
0.83697 7.02591e+01
0.84890 6.68968e+01
0.86082 6.19401e+01
0.87275 5.62869e+01
0.88467 5.10054e+01
0.89659 4.68511e+01
0.90852 4.41060e+01
0.92044 4.25701e+01
0.93236 4.16805e+01
0.94429 4.08759e+01
0.95621 4.00320e+01
0.96814 3.92943e+01
0.98006 3.85177e+01
0.99198 3.72827e+01
1.00391 3.54895e+01
1.01583 3.35528e+01
1.02776 3.19003e+01
1.03968 3.06588e+01
1.05160 2.98403e+01
1.06353 2.94429e+01
1.07545 2.92561e+01
1.08737 2.88152e+01
1.09930 2.77583e+01
1.11122 2.61981e+01
1.12315 2.45568e+01
1.13507 2.31336e+01
1.14699 2.19823e+01
1.15892 2.10571e+01
1.17084 2.03228e+01
1.18277 1.97262e+01
1.19469 1.92011e+01
1.20661 1.87800e+01
1.21854 1.85899e+01
1.23046 1.87194e+01
1.24238 1.91705e+01
1.25431 1.98967e+01
1.26623 2.07839e+01
1.27816 2.16298e+01
1.29008 2.22978e+01
1.30200 2.28654e+01
1.31393 2.35348e+01
1.32585 2.44827e+01
1.33778 2.58269e+01
1.34970 2.76175e+01
1.36162 2.97947e+01
1.37355 3.22625e+01
1.38547 3.50820e+01
1.39739 3.84407e+01
1.40932 4.22951e+01
1.42124 4.60700e+01
1.43317 4.87337e+01
1.44509 4.94673e+01
1.45701 4.84700e+01
1.46894 4.67257e+01
1.48086 4.50763e+01
1.49279 4.38425e+01
1.50471 4.30250e+01
1.51663 4.27390e+01
1.52856 4.33122e+01
1.54048 4.48045e+01
1.55240 4.65722e+01
1.56433 4.75691e+01
1.57625 4.74006e+01
1.58818 4.68267e+01
1.60010 4.69025e+01
1.61202 4.79916e+01
1.62395 4.96931e+01
1.63587 5.15366e+01
1.64780 5.35538e+01
1.65972 5.59894e+01
1.67164 5.87430e+01
1.68357 6.12606e+01
1.69549 6.29408e+01
1.70741 6.35409e+01
1.71934 6.29119e+01
1.73126 6.06295e+01
1.74319 5.63849e+01
1.75511 5.06033e+01
1.76703 4.43102e+01
1.77896 3.84506e+01
1.79088 3.35697e+01
1.80281 2.98581e+01
1.81473 2.72378e+01
1.82665 2.54851e+01
1.83858 2.43746e+01
1.85050 2.37138e+01
1.86242 2.32824e+01
1.87435 2.28575e+01
1.88627 2.23341e+01
1.89820 2.17792e+01
1.91012 2.13846e+01
1.92204 2.13998e+01
1.93397 2.20432e+01
1.94589 2.34370e+01
1.95782 2.55931e+01
1.96974 2.83723e+01
1.98166 3.13953e+01
1.99359 3.40560e+01
2.00551 3.57789e+01
2.01743 3.63345e+01
2.02936 3.58820e+01
2.04128 3.47238e+01
2.05321 3.31247e+01
2.06513 3.13701e+01
2.07705 2.97622e+01
2.08898 2.85286e+01
2.10090 2.77786e+01
2.11283 2.74672e+01
2.12475 2.73880e+01
2.13667 2.72214e+01
2.14860 2.67402e+01
2.16052 2.60243e+01
2.17244 2.53260e+01
2.18437 2.48185e+01
2.19629 2.45461e+01
2.20822 2.44905e+01
2.22014 2.45843e+01
2.23206 2.48014e+01
2.24399 2.52727e+01
2.25591 2.61368e+01
2.26784 2.73161e+01
2.27976 2.83863e+01
2.29168 2.86291e+01
2.30361 2.75450e+01
2.31553 2.53196e+01
2.32745 2.25915e+01
2.33938 1.99532e+01
2.35130 1.77250e+01
2.36323 1.59826e+01
2.37515 1.46539e+01
2.38707 1.36122e+01
2.39900 1.27221e+01
2.41092 1.18747e+01
2.42285 1.10341e+01
2.43477 1.02043e+01
2.44669 9.38339e+00
2.45862 8.58857e+00
2.47054 7.86950e+00
2.48246 7.26914e+00
2.49439 6.79488e+00
2.50631 6.42145e+00
2.51824 6.10754e+00
2.53016 5.82299e+00
2.54208 5.56120e+00
2.55401 5.32090e+00
2.56593 5.09907e+00
2.57786 4.90136e+00
2.58978 4.73629e+00
2.60170 4.59991e+00
2.61363 4.48172e+00
2.62555 4.38487e+00
2.63747 4.32285e+00
2.64940 4.30745e+00
2.66132 4.35198e+00
2.67325 4.46670e+00
2.68517 4.64020e+00
2.69709 4.82898e+00
2.70902 4.98500e+00
2.72094 5.10742e+00
2.73287 5.24435e+00
2.74479 5.44027e+00
2.75671 5.68944e+00
2.76864 5.92759e+00
2.78056 6.07270e+00
2.79248 6.07728e+00
2.80441 5.95228e+00
2.81633 5.75171e+00
2.82826 5.53268e+00
2.84018 5.33970e+00
2.85210 5.19744e+00
2.86403 5.09173e+00
2.87595 4.96904e+00
2.88788 4.77957e+00
2.89980 4.52876e+00
2.91172 4.26679e+00
2.92365 4.04378e+00
2.93557 3.88412e+00
2.94749 3.78001e+00
2.95942 3.70459e+00
2.97134 3.63143e+00
2.98327 3.54391e+00
2.99519 3.44645e+00
3.00711 3.36463e+00
3.01904 3.32264e+00
3.03096 3.32903e+00
3.04289 3.37665e+00
3.05481 3.44599e+00
3.06673 3.51992e+00
3.07866 3.59416e+00
3.09058 3.67171e+00
3.10251 3.75703e+00
3.11443 3.85170e+00
3.12635 3.95415e+00
3.13828 4.06171e+00
3.15020 4.17102e+00
3.16212 4.28026e+00
3.17405 4.38755e+00
3.18597 4.48545e+00
3.19790 4.56150e+00
3.20982 4.61401e+00
3.22174 4.66611e+00
3.23367 4.75401e+00
3.24559 4.89291e+00
3.25752 5.05908e+00
3.26944 5.21774e+00
3.28136 5.35207e+00
3.29329 5.44752e+00
3.30521 5.49008e+00
3.31713 5.49661e+00
3.32906 5.49510e+00
3.34098 5.47697e+00
3.35291 5.41080e+00
3.36483 5.30284e+00
3.37675 5.21006e+00
3.38868 5.18388e+00
3.40060 5.22703e+00
3.41253 5.29583e+00
3.42445 5.32450e+00
3.43637 5.26160e+00
3.44830 5.09596e+00
3.46022 4.85618e+00
3.47214 4.58811e+00
3.48407 4.32522e+00
3.49599 4.08001e+00
3.50792 3.86122e+00
3.51984 3.68246e+00
3.53176 3.54401e+00
3.54369 3.42393e+00
3.55561 3.30072e+00
3.56754 3.17557e+00
3.57946 3.06117e+00
3.59138 2.95733e+00
3.60331 2.85212e+00
3.61523 2.74091e+00
3.62715 2.63483e+00
3.63908 2.55087e+00
3.65100 2.49664e+00
3.66293 2.46299e+00
3.67485 2.42853e+00
3.68677 2.37367e+00
3.69870 2.29458e+00
3.71062 2.20402e+00
3.72255 2.11898e+00
3.73447 2.04693e+00
3.74639 1.98294e+00
3.75832 1.91996e+00
3.77024 1.85455e+00
3.78216 1.78443e+00
3.79409 1.71127e+00
3.80601 1.64312e+00
3.81794 1.58917e+00
3.82986 1.55674e+00
3.84178 1.55228e+00
3.85371 1.57867e+00
3.86563 1.63133e+00
3.87756 1.69942e+00
3.88948 1.77269e+00
3.90140 1.84936e+00
3.91333 1.93417e+00
3.92525 2.02685e+00
3.93717 2.11840e+00
3.94910 2.20072e+00
3.96102 2.27001e+00
3.97295 2.31324e+00
3.98487 2.30551e+00
3.99679 2.23542e+00
4.00872 2.12265e+00
4.02064 2.00039e+00
4.03257 1.89324e+00
4.04449 1.80856e+00
4.05641 1.73943e+00
4.06834 1.67927e+00
4.08026 1.62995e+00
4.09218 1.59363e+00
4.10411 1.56728e+00
4.11603 1.54495e+00
4.12796 1.52238e+00
4.13988 1.50081e+00
4.15180 1.48240e+00
4.16373 1.46792e+00
4.17565 1.46137e+00
4.18758 1.46914e+00
4.19950 1.49408e+00
4.21142 1.53413e+00
4.22335 1.58434e+00
4.23527 1.63695e+00
4.24719 1.68408e+00
4.25912 1.72567e+00
4.27104 1.76886e+00
4.28297 1.81881e+00
4.29489 1.87484e+00
4.30681 1.93106e+00
4.31874 1.98268e+00
4.33066 2.03491e+00
4.34259 2.09749e+00
4.35451 2.17436e+00
4.36643 2.26414e+00
4.37836 2.35905e+00
4.39028 2.44255e+00
4.40220 2.50217e+00
4.41413 2.54109e+00
4.42605 2.56922e+00
4.43798 2.58588e+00
4.44990 2.58011e+00
4.46182 2.55396e+00
4.47375 2.52563e+00
4.48567 2.50509e+00
4.49760 2.48533e+00
4.50952 2.45904e+00
4.52144 2.43621e+00
4.53337 2.43952e+00
4.54529 2.48518e+00
4.55721 2.57030e+00
4.56914 2.67236e+00
4.58106 2.75217e+00
4.59299 2.76503e+00
4.60491 2.69259e+00
4.61683 2.56504e+00
4.62876 2.43538e+00
4.64068 2.33915e+00
4.65261 2.28600e+00
4.66453 2.27478e+00
4.67645 2.30126e+00
4.68838 2.35855e+00
4.70030 2.43795e+00
4.71222 2.52401e+00
4.72415 2.59285e+00
4.73607 2.62531e+00
4.74800 2.61780e+00
4.75992 2.57183e+00
4.77184 2.48253e+00
4.78377 2.34720e+00
4.79569 2.17692e+00
4.80762 1.99466e+00
4.81954 1.82001e+00
4.83146 1.66140e+00
4.84339 1.52617e+00
4.85531 1.42483e+00
4.86723 1.36401e+00
4.87916 1.34402e+00
4.89108 1.36272e+00
4.90301 1.41905e+00
4.91493 1.51158e+00
4.92685 1.63344e+00
4.93878 1.76875e+00
4.95070 1.89661e+00
4.96263 2.00173e+00
4.97455 2.08065e+00
4.98647 2.13575e+00
4.99840 2.16267e+00
5.01032 2.15166e+00
5.02224 2.10888e+00
5.03417 2.05716e+00
5.04609 2.00839e+00
5.05802 1.95431e+00
5.06994 1.88899e+00
5.08186 1.82644e+00
5.09379 1.79246e+00
5.10571 1.80626e+00
5.11764 1.86693e+00
5.12956 1.94984e+00
5.14148 2.01876e+00
5.15341 2.04757e+00
5.16533 2.02874e+00
5.17725 1.97101e+00
5.18918 1.89254e+00
5.20110 1.80857e+00
5.21303 1.72738e+00
5.22495 1.65170e+00
5.23687 1.58073e+00
5.24880 1.51846e+00
5.26072 1.47789e+00
5.27265 1.47040e+00
5.28457 1.49296e+00
5.29649 1.52680e+00
5.30842 1.54929e+00
5.32034 1.54932e+00
5.33226 1.53143e+00
5.34419 1.51075e+00
5.35611 1.50156e+00
5.36804 1.50658e+00
5.37996 1.51845e+00
5.39188 1.53143e+00
5.40381 1.54992e+00
5.41573 1.58390e+00
5.42766 1.63842e+00
5.43958 1.70927e+00
5.45150 1.78478e+00
5.46343 1.84948e+00
5.47535 1.89013e+00
5.48727 1.90142e+00
5.49920 1.88542e+00
5.51112 1.84613e+00
5.52305 1.79114e+00
5.53497 1.73883e+00
5.54689 1.70966e+00
5.55882 1.70963e+00
5.57074 1.73113e+00
5.58267 1.76704e+00
5.59459 1.81742e+00
5.60651 1.88002e+00
5.61844 1.94234e+00
5.63036 1.99010e+00
5.64228 2.01687e+00
5.65421 2.01937e+00
5.66613 1.99542e+00
5.67806 1.95411e+00
5.68998 1.91280e+00
5.70190 1.87897e+00
5.71383 1.84296e+00
5.72575 1.79528e+00
5.73768 1.74371e+00
5.74960 1.70190e+00
5.76152 1.67032e+00
5.77345 1.63888e+00
5.78537 1.59985e+00
5.79729 1.55521e+00
5.80922 1.51909e+00
5.82114 1.50850e+00
5.83307 1.52961e+00
5.84499 1.57472e+00
5.85691 1.63172e+00
5.86884 1.69431e+00
5.88076 1.76140e+00
5.89269 1.83295e+00
5.90461 1.90804e+00
5.91653 1.98055e+00
5.92846 2.03577e+00
5.94038 2.06163e+00
5.95230 2.06013e+00
5.96423 2.03732e+00
5.97615 1.99522e+00
5.98808 1.93531e+00
6.00000 1.86166e+00
