0.05000 1.86057e-05
0.06192 2.02239e-05
0.07385 2.19035e-05
0.08577 2.36597e-05
0.09770 2.55100e-05
0.10962 2.74748e-05
0.12154 2.95783e-05
0.13347 3.18496e-05
0.14539 3.43241e-05
0.15731 3.70458e-05
0.16924 4.00698e-05
0.18116 4.34666e-05
0.19309 4.73275e-05
0.20501 5.17728e-05
0.21693 5.69646e-05
0.22886 6.31252e-05
0.24078 7.05678e-05
0.25271 7.97456e-05
0.26463 9.13363e-05
0.27655 1.06395e-04
0.28848 1.26645e-04
0.30040 1.55083e-04
0.31232 1.97367e-04
0.32425 2.65515e-04
0.33617 3.90079e-04
0.34810 6.71426e-04
0.36002 1.32077e-03
0.37194 2.60992e-03
0.38387 3.56965e-03
0.39579 7.03436e-03
0.40772 6.05287e-03
0.41964 2.48672e-03
0.43156 1.05453e-03
0.44349 5.89079e-04
0.45541 3.90788e-04
0.46733 2.90358e-04
0.47926 2.34340e-04
0.49118 2.01910e-04
0.50311 1.83898e-04
0.51503 1.76251e-04
0.52695 1.77939e-04
0.53888 1.91064e-04
0.55080 2.24484e-04
0.56273 3.12464e-04
0.57465 5.62153e-04
0.58657 6.72218e-04
0.59850 1.28499e-03
0.61042 1.47497e-03
0.62234 1.06464e-03
0.63427 1.67584e-03
0.64619 1.05271e-03
0.65812 8.29646e-04
0.67004 4.69682e-04
0.68196 3.64473e-04
0.69389 3.51207e-04
0.70581 3.80211e-04
0.71774 4.25400e-04
0.72966 5.08441e-04
0.74158 6.56755e-04
0.75351 9.41230e-04
0.76543 1.61152e-03
0.77735 3.75139e-03
0.78928 5.41950e-03
0.80120 4.12015e-03
0.81313 7.43273e-03
0.82505 1.15414e-02
0.83697 1.40959e-02
0.84890 1.77953e-02
0.86082 1.33507e-02
0.87275 9.72812e-03
0.88467 7.08493e-03
0.89659 3.42709e-03
0.90852 2.66259e-03
0.92044 2.10546e-03
0.93236 1.28040e-03
0.94429 7.61093e-04
0.95621 5.35837e-04
0.96814 4.18161e-04
0.98006 3.44792e-04
0.99198 2.94685e-04
1.00391 2.58613e-04
1.01583 2.31772e-04
1.02776 2.11369e-04
1.03968 1.95664e-04
1.05160 1.83516e-04
1.06353 1.74152e-04
1.07545 1.67042e-04
1.08737 1.61834e-04
1.09930 1.58348e-04
1.11122 1.56733e-04
1.12315 1.58263e-04
1.13507 1.60588e-04
1.14699 1.65243e-04
1.15892 1.62185e-04
1.17084 1.63953e-04
1.18277 1.68021e-04
1.19469 1.70935e-04
1.20661 1.76978e-04
1.21854 1.85090e-04
1.23046 1.95202e-04
1.24238 2.07598e-04
1.25431 2.22763e-04
1.26623 2.41414e-04
1.27816 2.64602e-04
1.29008 2.93913e-04
1.30200 3.31857e-04
1.31393 3.82726e-04
1.32585 4.54836e-04
1.33778 5.68115e-04
1.34970 7.49665e-04
1.36162 1.06572e-03
1.37355 1.96440e-03
1.38547 3.47148e-03
1.39739 3.33421e-03
1.40932 6.42268e-03
1.42124 1.00243e-02
1.43317 1.20096e-02
1.44509 7.80811e-03
1.45701 7.49127e-03
1.46894 5.86135e-03
1.48086 4.93134e-03
1.49279 8.12718e-03
1.50471 1.10059e-02
1.51663 1.45278e-02
1.52856 2.51700e-02
1.54048 2.43678e-02
1.55240 1.89845e-02
1.56433 1.19415e-02
1.57625 1.46677e-02
1.58818 9.52447e-03
1.60010 7.17328e-03
1.61202 3.16944e-03
1.62395 1.77375e-03
1.63587 1.20150e-03
1.64780 9.01266e-04
1.65972 7.19821e-04
1.67164 6.00425e-04
1.68357 5.17471e-04
1.69549 4.57771e-04
1.70741 4.13882e-04
1.71934 3.81323e-04
1.73126 3.57277e-04
1.74319 3.39938e-04
1.75511 3.28164e-04
1.76703 3.21331e-04
1.77896 3.19431e-04
1.79088 3.24070e-04
1.80281 3.33203e-04
1.81473 3.40054e-04
1.82665 3.57325e-04
1.83858 3.85915e-04
1.85050 4.32831e-04
1.86242 5.16815e-04
1.87435 6.42663e-04
1.88627 9.58639e-04
1.89820 2.00826e-03
1.91012 2.58093e-03
1.92204 1.90851e-03
1.93397 1.82723e-03
1.94589 2.35809e-03
1.95782 2.17842e-03
1.96974 3.62479e-03
1.98166 8.35297e-03
1.99359 6.23750e-03
2.00551 6.72739e-03
2.01743 9.95472e-03
2.02936 8.54978e-03
2.04128 1.01386e-02
2.05321 1.85657e-02
2.06513 1.58681e-02
2.07705 1.28300e-02
2.08898 1.21478e-02
2.10090 7.49657e-03
2.11283 6.61729e-03
2.12475 4.52854e-03
2.13667 3.49759e-03
2.14860 2.48296e-03
2.16052 2.51904e-03
2.17244 3.54873e-03
2.18437 4.52835e-03
2.19629 7.74169e-03
2.20822 1.19605e-02
2.22014 1.35411e-02
2.23206 2.19839e-02
2.24399 2.85195e-02
2.25591 3.23826e-02
2.26784 3.09638e-02
2.27976 2.79429e-02
2.29168 2.34264e-02
2.30361 1.68424e-02
2.31553 1.37441e-02
2.32745 7.39637e-03
2.33938 5.62164e-03
2.35130 3.35471e-03
2.36323 1.93045e-03
2.37515 1.35753e-03
2.38707 1.05339e-03
2.39900 8.64998e-04
2.41092 7.38847e-04
2.42285 6.51606e-04
2.43477 5.92339e-04
2.44669 5.57436e-04
2.45862 5.51462e-04
2.47054 5.98438e-04
2.48246 8.00747e-04
2.49439 1.60222e-03
2.50631 1.82420e-03
2.51824 8.50341e-04
2.53016 5.60256e-04
2.54208 4.73217e-04
2.55401 4.54797e-04
2.56593 4.87258e-04
2.57786 6.17068e-04
2.58978 1.10053e-03
2.60170 1.97793e-03
2.61363 1.00512e-03
2.62555 6.87850e-04
2.63747 7.48036e-04
2.64940 1.20648e-03
2.66132 1.12294e-03
2.67325 1.58370e-03
2.68517 1.75842e-03
2.69709 1.07950e-03
2.70902 1.12108e-03
2.72094 8.90383e-04
2.73287 9.65324e-04
2.74479 1.41877e-03
2.75671 2.16234e-03
2.76864 1.80814e-03
2.78056 2.06938e-03
2.79248 2.10489e-03
2.80441 2.67759e-03
2.81633 5.60184e-03
2.82826 7.02753e-03
2.84018 6.39320e-03
2.85210 1.07548e-02
2.86403 8.26135e-03
2.87595 8.28786e-03
2.88788 1.65214e-02
2.89980 1.01331e-02
2.91172 7.94021e-03
2.92365 1.31443e-02
2.93557 1.76711e-02
2.94749 2.34780e-02
2.95942 2.91041e-02
2.97134 2.56247e-02
2.98327 1.82752e-02
2.99519 2.23377e-02
3.00711 2.19564e-02
3.01904 2.19445e-02
3.03096 1.98269e-02
3.04289 1.11795e-02
3.05481 6.71701e-03
3.06673 4.76844e-03
3.07866 2.55576e-03
3.09058 1.73326e-03
3.10251 1.34094e-03
3.11443 1.12130e-03
3.12635 9.93692e-04
3.13828 9.23674e-04
3.15020 8.69234e-04
3.16212 8.58560e-04
3.17405 8.96385e-04
3.18597 9.93382e-04
3.19790 1.11042e-03
3.20982 1.33346e-03
3.22174 1.64587e-03
3.23367 2.49226e-03
3.24559 5.22507e-03
3.25752 1.09264e-02
3.26944 7.55761e-03
3.28136 8.17040e-03
3.29329 1.12243e-02
3.30521 1.78070e-02
3.31713 1.50451e-02
3.32906 1.18464e-02
3.34098 1.26339e-02
3.35291 1.42031e-02
3.36483 7.55457e-03
3.37675 5.61316e-03
3.38868 4.24504e-03
3.40060 3.88925e-03
3.41253 5.62474e-03
3.42445 7.06842e-03
3.43637 1.22090e-02
3.44830 2.16442e-02
3.46022 2.12186e-02
3.47214 2.22675e-02
3.48407 1.38879e-02
3.49599 7.20139e-03
3.50792 3.99807e-03
3.51984 3.01014e-03
3.53176 3.41026e-03
3.54369 5.74066e-03
3.55561 4.47177e-03
3.56754 3.36135e-03
3.57946 3.92923e-03
3.59138 6.67456e-03
3.60331 5.63830e-03
3.61523 6.97513e-03
3.62715 1.20505e-02
3.63908 1.08246e-02
3.65100 1.59161e-02
3.66293 3.22100e-02
3.67485 2.49913e-02
3.68677 2.09953e-02
3.69870 2.04153e-02
3.71062 2.86690e-02
3.72255 3.13410e-02
3.73447 2.40895e-02
3.74639 3.18080e-02
3.75832 3.24384e-02
3.77024 2.20938e-02
3.78216 1.26111e-02
3.79409 6.13743e-03
3.80601 4.18101e-03
3.81794 3.14802e-03
3.82986 3.31011e-03
3.84178 4.19253e-03
3.85371 5.18684e-03
3.86563 4.74970e-03
3.87756 6.10150e-03
3.88948 7.34805e-03
3.90140 7.37316e-03
3.91333 5.38458e-03
3.92525 4.16858e-03
3.93717 4.58177e-03
3.94910 2.93908e-03
3.96102 1.47374e-03
3.97295 9.99973e-04
3.98487 7.96023e-04
3.99679 6.87478e-04
4.00872 6.23326e-04
4.02064 5.84331e-04
4.03257 5.62099e-04
4.04449 5.52932e-04
4.05641 5.55815e-04
4.06834 5.72069e-04
4.08026 6.06395e-04
4.09218 6.70912e-04
4.10411 7.99953e-04
4.11603 1.11890e-03
4.12796 2.15349e-03
4.13988 2.50681e-03
4.15180 2.12007e-03
4.16373 3.60238e-03
4.17565 3.69999e-03
4.18758 6.18945e-03
4.19950 5.46472e-03
4.21142 4.53578e-03
4.22335 8.03717e-03
4.23527 4.37306e-03
4.24719 2.46633e-03
4.25912 2.16720e-03
4.27104 2.55460e-03
4.28297 3.85726e-03
4.29489 6.41721e-03
4.30681 1.39301e-02
4.31874 1.68110e-02
4.33066 2.40165e-02
4.34259 1.85793e-02
4.35451 9.04445e-03
4.36643 7.27038e-03
4.37836 9.75678e-03
4.39028 8.31114e-03
4.40220 1.20037e-02
4.41413 1.50294e-02
4.42605 2.37149e-02
4.43798 2.79368e-02
4.44990 2.18546e-02
4.46182 2.27889e-02
4.47375 2.80932e-02
4.48567 2.53026e-02
4.49760 2.21226e-02
4.50952 1.64215e-02
4.52144 1.60492e-02
4.53337 1.96823e-02
4.54529 2.08386e-02
4.55721 1.36742e-02
4.56914 1.04476e-02
4.58106 1.18144e-02
4.59299 1.59743e-02
4.60491 1.08195e-02
4.61683 8.00315e-03
4.62876 9.47163e-03
4.64068 1.13632e-02
4.65261 1.20742e-02
4.66453 1.26942e-02
4.67645 1.63676e-02
4.68838 1.66829e-02
4.70030 1.51172e-02
4.71222 1.71639e-02
4.72415 2.55663e-02
4.73607 2.05332e-02
4.74800 1.91685e-02
4.75992 2.00383e-02
4.77184 1.39039e-02
4.78377 6.86575e-03
4.79569 5.53389e-03
4.80762 7.78124e-03
4.81954 8.07409e-03
4.83146 6.77285e-03
4.84339 6.62943e-03
4.85531 8.72037e-03
4.86723 8.27681e-03
4.87916 5.27681e-03
4.89108 6.83565e-03
4.90301 1.59236e-02
4.91493 1.33447e-02
4.92685 9.10468e-03
4.93878 1.06368e-02
4.95070 5.33343e-03
4.96263 4.29681e-03
4.97455 6.38381e-03
4.98647 1.23559e-02
4.99840 9.34567e-03
5.01032 7.56766e-03
5.02224 8.56971e-03
5.03417 8.74437e-03
5.04609 5.84957e-03
5.05802 8.62092e-03
5.06994 1.06930e-02
5.08186 6.73355e-03
5.09379 7.92470e-03
5.10571 1.52764e-02
5.11764 2.63545e-02
5.12956 2.17312e-02
5.14148 1.73492e-02
5.15341 1.27396e-02
5.16533 1.62289e-02
5.17725 2.01442e-02
5.18918 3.33557e-02
5.20110 3.52743e-02
5.21303 2.19185e-02
5.22495 1.54306e-02
5.23687 2.10217e-02
5.24880 1.85662e-02
5.26072 1.52168e-02
5.27265 1.68726e-02
5.28457 1.30672e-02
5.29649 1.14105e-02
5.30842 1.01913e-02
5.32034 6.30510e-03
5.33226 6.11704e-03
5.34419 8.80863e-03
5.35611 8.52350e-03
5.36804 4.78589e-03
5.37996 3.07975e-03
5.39188 3.01152e-03
5.40381 3.83073e-03
5.41573 3.43164e-03
5.42766 5.80016e-03
5.43958 6.96369e-03
5.45150 4.40908e-03
5.46343 3.67695e-03
5.47535 2.48851e-03
5.48727 2.82966e-03
5.49920 5.33030e-03
5.51112 9.16174e-03
5.52305 5.60268e-03
5.53497 5.24403e-03
5.54689 3.45953e-03
5.55882 4.50448e-03
5.57074 8.16999e-03
5.58267 7.80918e-03
5.59459 7.51703e-03
5.60651 8.30943e-03
5.61844 5.37816e-03
5.63036 7.40320e-03
5.64228 8.60840e-03
5.65421 1.11254e-02
5.66613 6.90298e-03
5.67806 7.43064e-03
5.68998 7.08708e-03
5.70190 6.03197e-03
5.71383 1.13156e-02
5.72575 1.56808e-02
5.73768 1.05924e-02
5.74960 1.12637e-02
5.76152 1.20861e-02
5.77345 1.69187e-02
5.78537 2.03703e-02
5.79729 2.22367e-02
5.80922 1.37514e-02
5.82114 1.45891e-02
5.83307 1.10990e-02
5.84499 5.87712e-03
5.85691 4.98104e-03
5.86884 6.05268e-03
5.88076 1.04593e-02
5.89269 2.44693e-02
5.90461 3.60753e-02
5.91653 2.87807e-02
5.92846 2.70519e-02
5.94038 1.67453e-02
5.95230 1.79268e-02
5.96423 2.83658e-02
5.97615 2.49987e-02
5.98808 1.50504e-02
6.00000 1.46639e-02
