  300.00 -12.00000  6.22775e+05  6.22775e+05  6.22775e+05 -4.87742e+05 -4.87742e+05  4.87742e+05
  300.00 -11.96994  1.80601e+06  1.80601e+06  1.80601e+06 -1.41301e+06 -1.41301e+06  1.41301e+06
  300.00 -11.93988  5.21095e+06  5.21095e+06  5.21095e+06 -4.07249e+06 -4.07249e+06  4.07249e+06
  300.00 -11.90982  1.49514e+07  1.49514e+07  1.49514e+07 -1.16704e+07 -1.16704e+07  1.16704e+07
  300.00 -11.87976  4.26323e+07  4.26323e+07  4.26323e+07 -3.32304e+07 -3.32304e+07  3.32304e+07
  300.00 -11.84970  1.20714e+08  1.20714e+08  1.20714e+08 -9.39437e+07 -9.39437e+07  9.39437e+07
  300.00 -11.81964  3.39112e+08  3.39112e+08  3.39112e+08 -2.63433e+08 -2.63433e+08  2.63433e+08
  300.00 -11.78958  9.44115e+08  9.44115e+08  9.44115e+08 -7.31896e+08 -7.31896e+08  7.31896e+08
  300.00 -11.75952  2.60149e+09  2.60149e+09  2.60149e+09 -2.01185e+09 -2.01185e+09  2.01185e+09
  300.00 -11.72946  7.08303e+09  7.08303e+09  7.08303e+09 -5.46200e+09 -5.46200e+09  5.46200e+09
  300.00 -11.69940  1.90156e+10  1.90156e+10  1.90156e+10 -1.46136e+10 -1.46136e+10  1.46136e+10
  300.00 -11.66934  5.02032e+10  5.02032e+10  5.02032e+10 -3.84213e+10 -3.84213e+10  3.84213e+10
  300.00 -11.63928  1.29883e+11  1.29883e+11  1.29883e+11 -9.88876e+10 -9.88876e+10  9.88876e+10
  300.00 -11.60922  3.27707e+11  3.27707e+11  3.27707e+11 -2.47855e+11 -2.47855e+11  2.47855e+11
  300.00 -11.57916  8.00888e+11  8.00888e+11  8.00888e+11 -6.00434e+11 -6.00434e+11  6.00434e+11
  300.00 -11.54910  1.87651e+12  1.87651e+12  1.87651e+12 -1.38967e+12 -1.38967e+12  1.38967e+12
  300.00 -11.51904  4.14508e+12  4.14508e+12  4.14508e+12 -3.01351e+12 -3.01351e+12  3.01351e+12
  300.00 -11.48898  8.37600e+12  8.37600e+12  8.37600e+12 -5.90253e+12 -5.90253e+12  5.90253e+12
  300.00 -11.45892  1.46137e+13  1.46137e+13  1.46137e+13 -9.67810e+12 -9.67810e+12  9.67810e+12
  300.00 -11.42886  1.99843e+13  1.99843e+13  1.99843e+13 -1.13992e+13 -1.13992e+13  1.13992e+13
  300.00 -11.39880  2.17937e+13  2.17937e+13  2.17937e+13 -9.29933e+12 -9.29933e+12  9.29933e+12
  300.00 -11.36874  3.11895e+13  3.11895e+13  3.11895e+13 -1.54577e+13 -1.54577e+13  1.54577e+13
  300.00 -11.33868  4.86854e+13  4.86854e+13  4.86854e+13 -2.65089e+13 -2.65089e+13  2.65089e+13
  300.00 -11.30862  5.75430e+13  5.75430e+13  5.75430e+13 -1.95974e+13 -1.95974e+13  1.95974e+13
  300.00 -11.27856  7.16723e+13  7.16723e+13  7.16723e+13 -1.14957e+13 -1.14957e+13  1.14957e+13
  300.00 -11.24850  1.14262e+14  1.14262e+14  1.14262e+14 -1.80605e+13 -1.80605e+13  1.80605e+13
  300.00 -11.21844  1.48142e+14  1.48142e+14  1.48142e+14 -2.43432e+13 -2.43432e+13  2.43432e+13
  300.00 -11.18838  1.56381e+14  1.56381e+14  1.56381e+14 -3.32914e+13 -3.32914e+13  3.32914e+13
  300.00 -11.15832  1.83945e+14  1.83945e+14  1.83945e+14 -4.05125e+13 -4.05125e+13  4.05125e+13
  300.00 -11.12826  2.08168e+14  2.08168e+14  2.08168e+14 -3.28175e+13 -3.28175e+13  3.28175e+13
  300.00 -11.09820  1.66986e+14  1.66986e+14  1.66986e+14 -1.28089e+13 -1.28089e+13  1.28089e+13
  300.00 -11.06814  2.05490e+14  2.05490e+14  2.05490e+14 -2.48735e+12 -2.48735e+12  2.48735e+12
  300.00 -11.03808  3.48080e+14  3.48080e+14  3.48080e+14 -1.86140e+12 -1.86140e+12  1.86140e+12
  300.00 -11.00802  4.41621e+14  4.41621e+14  4.41621e+14  3.15375e+12  3.15375e+12 -3.15375e+12
  300.00 -10.97796  4.32659e+14  4.32659e+14  4.32659e+14 -1.19306e+13 -1.19306e+13  1.19306e+13
  300.00 -10.94790  3.68463e+14  3.68463e+14  3.68463e+14 -3.74633e+13 -3.74633e+13  3.74633e+13
  300.00 -10.91784  3.72918e+14  3.72918e+14  3.72918e+14 -2.97864e+13 -2.97864e+13  2.97864e+13
  300.00 -10.88778  3.90911e+14  3.90911e+14  3.90911e+14 -4.50311e+12 -4.50311e+12  4.50311e+12
  300.00 -10.85772  5.15326e+14  5.15326e+14  5.15326e+14  1.49797e+13  1.49797e+13 -1.49797e+13
  300.00 -10.82766  6.23812e+14  6.23812e+14  6.23812e+14  5.52346e+11  5.52345e+11 -5.52344e+11
  300.00 -10.79760  6.42061e+14  6.42061e+14  6.42061e+14 -3.66372e+13 -3.66372e+13  3.66372e+13
  300.00 -10.76754  5.43504e+14  5.43504e+14  5.43504e+14 -3.31232e+13 -3.31232e+13  3.31232e+13
  300.00 -10.73747  5.30603e+14  5.30603e+14  5.30603e+14 -1.77978e+13 -1.77978e+13  1.77978e+13
  300.00 -10.70741  7.47758e+14  7.47758e+14  7.47758e+14 -2.42060e+13 -2.42060e+13  2.42060e+13
  300.00 -10.67735  8.52073e+14  8.52073e+14  8.52073e+14 -1.08675e+13 -1.08675e+13  1.08675e+13
  300.00 -10.64729  7.65573e+14  7.65573e+14  7.65573e+14  3.15372e+12  3.15372e+12 -3.15372e+12
  300.00 -10.61723  8.44291e+14  8.44291e+14  8.44291e+14  9.00715e+12  9.00715e+12 -9.00715e+12
  300.00 -10.58717  1.09907e+15  1.09907e+15  1.09907e+15  4.11578e+13  4.11578e+13 -4.11578e+13
  300.00 -10.55711  9.40616e+14  9.40616e+14  9.40616e+14  3.84724e+13  3.84724e+13 -3.84724e+13
  300.00 -10.52705  5.93730e+14  5.93730e+14  5.93730e+14 -1.53617e+13 -1.53617e+13  1.53617e+13
  300.00 -10.49699  7.84224e+14  7.84224e+14  7.84224e+14 -6.47824e+12 -6.47824e+12  6.47824e+12
  300.00 -10.46693  1.15133e+15  1.15133e+15  1.15133e+15  1.03046e+13  1.03046e+13 -1.03046e+13
  300.00 -10.43687  1.16611e+15  1.16611e+15  1.16611e+15  1.68497e+13  1.68497e+13 -1.68497e+13
  300.00 -10.40681  9.73066e+14  9.73066e+14  9.73066e+14  5.36078e+13  5.36078e+13 -5.36078e+13
  300.00 -10.37675  8.30276e+14  8.30276e+14  8.30276e+14  4.89484e+13  4.89484e+13 -4.89484e+13
  300.00 -10.34669  9.95692e+14  9.95692e+14  9.95692e+14 -3.19935e+13 -3.19935e+13  3.19935e+13
  300.00 -10.31663  1.21314e+15  1.21314e+15  1.21314e+15 -6.08482e+13 -6.08482e+13  6.08482e+13
  300.00 -10.28657  1.31400e+15  1.31400e+15  1.31400e+15 -4.89301e+12 -4.89301e+12  4.89301e+12
  300.00 -10.25651  1.21559e+15  1.21559e+15  1.21559e+15  4.38592e+13  4.38592e+13 -4.38592e+13
  300.00 -10.22645  1.24775e+15  1.24775e+15  1.24775e+15 -4.83534e+12 -4.83534e+12  4.83534e+12
  300.00 -10.19639  1.66935e+15  1.66935e+15  1.66935e+15 -9.01230e+13 -9.01230e+13  9.01230e+13
  300.00 -10.16633  1.82655e+15  1.82655e+15  1.82655e+15 -5.94157e+13 -5.94157e+13  5.94157e+13
  300.00 -10.13627  1.53892e+15  1.53892e+15  1.53892e+15  4.74179e+13  4.74179e+13 -4.74179e+13
  300.00 -10.10621  1.29482e+15  1.29482e+15  1.29482e+15  6.94708e+13  6.94708e+13 -6.94708e+13
  300.00 -10.07615  1.51236e+15  1.51236e+15  1.51236e+15 -6.36890e+13 -6.36890e+13  6.36890e+13
  300.00 -10.04609  1.68235e+15  1.68235e+15  1.68235e+15 -6.59462e+13 -6.59462e+13  6.59462e+13
  300.00 -10.01603  1.48936e+15  1.48936e+15  1.48936e+15  6.26118e+12  6.26118e+12 -6.26119e+12
  300.00 -9.98597  1.26989e+15  1.26989e+15  1.26989e+15  1.34520e+13  1.34520e+13 -1.34520e+13
  300.00 -9.95591  1.56657e+15  1.56657e+15  1.56657e+15 -3.52742e+11 -3.52743e+11  3.52743e+11
  300.00 -9.92585  1.83958e+15  1.83958e+15  1.83958e+15  6.66301e+12  6.66301e+12 -6.66301e+12
  300.00 -9.89579  1.83817e+15  1.83817e+15  1.83817e+15  1.66517e+13  1.66517e+13 -1.66517e+13
  300.00 -9.86573  1.67739e+15  1.67739e+15  1.67739e+15 -7.29034e+11 -7.29032e+11  7.29032e+11
  300.00 -9.83567  1.76518e+15  1.76518e+15  1.76518e+15 -4.40804e+13 -4.40804e+13  4.40804e+13
  300.00 -9.80561  2.35469e+15  2.35469e+15  2.35469e+15 -2.23494e+13 -2.23494e+13  2.23494e+13
  300.00 -9.77555  2.41920e+15  2.41920e+15  2.41920e+15  1.92576e+13  1.92576e+13 -1.92576e+13
  300.00 -9.74549  1.96732e+15  1.96732e+15  1.96732e+15  1.07525e+13  1.07525e+13 -1.07525e+13
  300.00 -9.71543  1.70682e+15  1.70682e+15  1.70682e+15 -2.51281e+13 -2.51281e+13  2.51281e+13
  300.00 -9.68537  2.49092e+15  2.49092e+15  2.49092e+15 -5.07869e+13 -5.07869e+13  5.07869e+13
  300.00 -9.65531  3.22899e+15  3.22899e+15  3.22899e+15 -3.77387e+13 -3.77387e+13  3.77387e+13
  300.00 -9.62525  2.77474e+15  2.77474e+15  2.77474e+15 -3.99582e+13 -3.99582e+13  3.99582e+13
  300.00 -9.59519  1.66954e+15  1.66954e+15  1.66954e+15 -2.40601e+13 -2.40601e+13  2.40601e+13
  300.00 -9.56513  1.79585e+15  1.79585e+15  1.79585e+15  1.10491e+13  1.10491e+13 -1.10491e+13
  300.00 -9.53507  2.38031e+15  2.38031e+15  2.38031e+15 -1.06821e+13 -1.06821e+13  1.06821e+13
  300.00 -9.50501  2.16153e+15  2.16153e+15  2.16153e+15 -3.99151e+13 -3.99151e+13  3.99151e+13
  300.00 -9.47495  2.13633e+15  2.13633e+15  2.13633e+15 -2.65254e+13 -2.65254e+13  2.65254e+13
  300.00 -9.44489  2.69764e+15  2.69764e+15  2.69764e+15 -1.01861e+13 -1.01861e+13  1.01861e+13
  300.00 -9.41483  3.41428e+15  3.41428e+15  3.41428e+15 -1.30236e+13 -1.30236e+13  1.30236e+13
  300.00 -9.38477  3.38418e+15  3.38418e+15  3.38418e+15 -3.04032e+13 -3.04032e+13  3.04032e+13
  300.00 -9.35471  2.35023e+15  2.35023e+15  2.35023e+15 -1.92000e+13 -1.92000e+13  1.92000e+13
  300.00 -9.32465  2.05335e+15  2.05335e+15  2.05335e+15  2.18521e+13  2.18521e+13 -2.18521e+13
  300.00 -9.29459  3.48970e+15  3.48970e+15  3.48970e+15  2.63525e+13  2.63525e+13 -2.63525e+13
  300.00 -9.26453  4.21122e+15  4.21122e+15  4.21122e+15  5.66301e+11  5.66299e+11 -5.66303e+11
  300.00 -9.23447  3.54483e+15  3.54483e+15  3.54483e+15 -5.91797e+13 -5.91797e+13  5.91797e+13
  300.00 -9.20441  2.60802e+15  2.60802e+15  2.60802e+15  2.00411e+12  2.00411e+12 -2.00411e+12
  300.00 -9.17435  3.18046e+15  3.18046e+15  3.18046e+15  3.84470e+13  3.84470e+13 -3.84470e+13
  300.00 -9.14429  3.68471e+15  3.68471e+15  3.68471e+15  9.85195e+12  9.85195e+12 -9.85195e+12
  300.00 -9.11423  3.33952e+15  3.33952e+15  3.33952e+15  2.73706e+13  2.73706e+13 -2.73706e+13
  300.00 -9.08417  3.10684e+15  3.10684e+15  3.10684e+15  5.12646e+13  5.12646e+13 -5.12646e+13
  300.00 -9.05411  3.48146e+15  3.48146e+15  3.48146e+15 -8.33253e+12 -8.33253e+12  8.33253e+12
  300.00 -9.02405  3.53362e+15  3.53362e+15  3.53362e+15 -5.09506e+13 -5.09506e+13  5.09506e+13
  300.00 -8.99399  2.90442e+15  2.90442e+15  2.90442e+15  4.03773e+12  4.03773e+12 -4.03774e+12
  300.00 -8.96393  2.59120e+15  2.59120e+15  2.59120e+15  5.16911e+13  5.16911e+13 -5.16911e+13
  300.00 -8.93387  3.43041e+15  3.43041e+15  3.43041e+15  6.69139e+13  6.69139e+13 -6.69139e+13
  300.00 -8.90381  4.49937e+15  4.49937e+15  4.49937e+15  7.14120e+12  7.14120e+12 -7.14120e+12
  300.00 -8.87375  4.41165e+15  4.41165e+15  4.41165e+15 -6.84702e+13 -6.84702e+13  6.84702e+13
  300.00 -8.84369  3.62029e+15  3.62029e+15  3.62029e+15 -1.13744e+14 -1.13744e+14  1.13744e+14
  300.00 -8.81363  3.26072e+15  3.26072e+15  3.26072e+15 -2.65217e+13 -2.65217e+13  2.65217e+13
  300.00 -8.78357  4.44029e+15  4.44029e+15  4.44029e+15  1.14168e+13  1.14168e+13 -1.14168e+13
  300.00 -8.75351  5.11815e+15  5.11815e+15  5.11815e+15 -1.55828e+13 -1.55828e+13  1.55828e+13
  300.00 -8.72345  4.34106e+15  4.34106e+15  4.34106e+15  5.90613e+12  5.90613e+12 -5.90613e+12
  300.00 -8.69339  3.79287e+15  3.79287e+15  3.79287e+15 -1.47356e+13 -1.47356e+13  1.47356e+13
  300.00 -8.66333  5.66361e+15  5.66361e+15  5.66361e+15 -1.43836e+13 -1.43836e+13  1.43836e+13
  300.00 -8.63327  6.87186e+15  6.87186e+15  6.87186e+15 -2.91506e+13 -2.91506e+13  2.91506e+13
  300.00 -8.60321  5.47305e+15  5.47305e+15  5.47305e+15 -9.92101e+13 -9.92101e+13  9.92101e+13
  300.00 -8.57315  3.24101e+15  3.24101e+15  3.24100e+15  2.68887e+11  2.68885e+11 -2.68881e+11
  300.00 -8.54309  3.87620e+15  3.87620e+15  3.87620e+15  1.37183e+14  1.37183e+14 -1.37183e+14
  300.00 -8.51303  5.16536e+15  5.16536e+15  5.16536e+15  2.41343e+13  2.41343e+13 -2.41343e+13
  300.00 -8.48297  4.54526e+15  4.54526e+15  4.54526e+15 -9.81506e+13 -9.81506e+13  9.81506e+13
  300.00 -8.45291  3.85459e+15  3.85459e+15  3.85459e+15 -6.39609e+13 -6.39609e+13  6.39609e+13
  300.00 -8.42285  4.17039e+15  4.17039e+15  4.17039e+15  5.74143e+13  5.74143e+13 -5.74143e+13
  300.00 -8.39279  5.05234e+15  5.05234e+15  5.05234e+15  3.06693e+13  3.06693e+13 -3.06693e+13
  300.00 -8.36273  5.16774e+15  5.16774e+15  5.16774e+15 -3.30281e+13 -3.30281e+13  3.30281e+13
  300.00 -8.33267  3.99183e+15  3.99183e+15  3.99183e+15 -3.67221e+13 -3.67221e+13  3.67221e+13
  300.00 -8.30261  3.86256e+15  3.86256e+15  3.86256e+15  4.78836e+13  4.78836e+13 -4.78836e+13
  300.00 -8.27255  6.02751e+15  6.02751e+15  6.02751e+15  4.07754e+12  4.07754e+12 -4.07754e+12
  300.00 -8.24248  6.42320e+15  6.42320e+15  6.42320e+15 -4.84515e+13 -4.84515e+13  4.84515e+13
  300.00 -8.21242  5.41271e+15  5.41271e+15  5.41271e+15  3.33807e+13  3.33807e+13 -3.33807e+13
  300.00 -8.18236  4.82587e+15  4.82587e+15  4.82587e+15  7.26585e+13  7.26585e+13 -7.26585e+13
  300.00 -8.15230  6.48124e+15  6.48124e+15  6.48124e+15  6.75621e+13  6.75620e+13 -6.75620e+13
  300.00 -8.12224  7.81550e+15  7.81550e+15  7.81550e+15  1.91992e+13  1.91992e+13 -1.91992e+13
  300.00 -8.09218  6.99453e+15  6.99453e+15  6.99453e+15 -6.27807e+13 -6.27807e+13  6.27807e+13
  300.00 -8.06212  5.22107e+15  5.22107e+15  5.22107e+15  1.40148e+12  1.40149e+12 -1.40149e+12
  300.00 -8.03206  5.65882e+15  5.65882e+15  5.65882e+15  1.25063e+14  1.25063e+14 -1.25063e+14
  300.00 -8.00200  6.68514e+15  6.68514e+15  6.68514e+15 -1.18354e+13 -1.18354e+13  1.18354e+13
  300.00 -7.97194  6.00268e+15  6.00268e+15  6.00268e+15 -7.51241e+13 -7.51241e+13  7.51241e+13
  300.00 -7.94188  5.71097e+15  5.71097e+15  5.71097e+15 -4.10965e+13 -4.10965e+13  4.10965e+13
  300.00 -7.91182  6.85783e+15  6.85783e+15  6.85783e+15  4.70489e+13  4.70489e+13 -4.70489e+13
  300.00 -7.88176  8.07898e+15  8.07898e+15  8.07898e+15 -3.74728e+12 -3.74728e+12  3.74728e+12
  300.00 -7.85170  7.07799e+15  7.07799e+15  7.07799e+15 -5.25367e+13 -5.25367e+13  5.25367e+13
  300.00 -7.82164  4.81357e+15  4.81357e+15  4.81357e+15 -1.85736e+13 -1.85736e+13  1.85736e+13
  300.00 -7.79158  4.18139e+15  4.18139e+15  4.18139e+15  3.59325e+12  3.59325e+12 -3.59325e+12
  300.00 -7.76152  6.59819e+15  6.59819e+15  6.59819e+15 -9.03721e+13 -9.03721e+13  9.03721e+13
  300.00 -7.73146  7.66831e+15  7.66831e+15  7.66831e+15 -6.19209e+13 -6.19209e+13  6.19209e+13
  300.00 -7.70140  6.15207e+15  6.15207e+15  6.15207e+15  5.57127e+13  5.57127e+13 -5.57127e+13
  300.00 -7.67134  4.49324e+15  4.49324e+15  4.49324e+15  2.38072e+13  2.38072e+13 -2.38072e+13
  300.00 -7.64128  6.11067e+15  6.11067e+15  6.11067e+15 -1.75110e+13 -1.75110e+13  1.75110e+13
  300.00 -7.61122  8.54278e+15  8.54278e+15  8.54278e+15 -2.67795e+12 -2.67796e+12  2.67796e+12
  300.00 -7.58116  7.87658e+15  7.87658e+15  7.87658e+15  5.03977e+13  5.03977e+13 -5.03977e+13
  300.00 -7.55110  5.91552e+15  5.91552e+15  5.91552e+15  8.20722e+13  8.20722e+13 -8.20722e+13
  300.00 -7.52104  7.55968e+15  7.55968e+15  7.55968e+15 -4.03270e+13 -4.03270e+13  4.03270e+13
  300.00 -7.49098  9.29854e+15  9.29854e+15  9.29854e+15 -1.06465e+14 -1.06465e+14  1.06465e+14
  300.00 -7.46092  8.31890e+15  8.31890e+15  8.31890e+15  5.35161e+13  5.35161e+13 -5.35161e+13
  300.00 -7.43086  6.51431e+15  6.51431e+15  6.51431e+15  1.19310e+14  1.19310e+14 -1.19310e+14
  300.00 -7.40080  7.84750e+15  7.84750e+15  7.84750e+15  3.97543e+13  3.97542e+13 -3.97543e+13
  300.00 -7.37074  1.09379e+16  1.09379e+16  1.09379e+16 -3.24961e+13 -3.24961e+13  3.24961e+13
  300.00 -7.34068  1.06810e+16  1.06810e+16  1.06810e+16 -1.24897e+13 -1.24897e+13  1.24897e+13
  300.00 -7.31062  7.16746e+15  7.16746e+15  7.16746e+15  2.19221e+13  2.19221e+13 -2.19221e+13
  300.00 -7.28056  5.87330e+15  5.87330e+15  5.87330e+15 -1.19363e+13 -1.19363e+13  1.19363e+13
  300.00 -7.25050  8.20597e+15  8.20597e+15  8.20597e+15 -1.75121e+13 -1.75121e+13  1.75121e+13
  300.00 -7.22044  8.33111e+15  8.33111e+15  8.33111e+15  8.01746e+13  8.01746e+13 -8.01746e+13
  300.00 -7.19038  7.65278e+15  7.65278e+15  7.65278e+15  4.87079e+13  4.87079e+13 -4.87079e+13
  300.00 -7.16032  8.32861e+15  8.32861e+15  8.32861e+15 -1.10938e+13 -1.10938e+13  1.10938e+13
  300.00 -7.13026  1.00112e+16  1.00112e+16  1.00112e+16  2.05673e+13  2.05673e+13 -2.05673e+13
  300.00 -7.10020  1.01116e+16  1.01116e+16  1.01116e+16  4.65195e+13  4.65195e+13 -4.65195e+13
  300.00 -7.07014  7.69397e+15  7.69397e+15  7.69397e+15  2.85506e+13  2.85506e+13 -2.85506e+13
  300.00 -7.04008  4.87808e+15  4.87808e+15  4.87808e+15 -2.03879e+13 -2.03879e+13  2.03879e+13
  300.00 -7.01002  7.25427e+15  7.25427e+15  7.25427e+15 -1.71458e+13 -1.71458e+13  1.71458e+13
  300.00 -6.97996  9.93115e+15  9.93115e+15  9.93115e+15  7.45357e+13  7.45357e+13 -7.45357e+13
  300.00 -6.94990  8.45963e+15  8.45963e+15  8.45963e+15  6.63626e+13  6.63626e+13 -6.63626e+13
  300.00 -6.91984  6.76677e+15  6.76677e+15  6.76677e+15 -2.48115e+12 -2.48114e+12  2.48114e+12
  300.00 -6.88978  7.64634e+15  7.64634e+15  7.64634e+15 -5.78630e+13 -5.78630e+13  5.78630e+13
  300.00 -6.85972  9.13222e+15  9.13222e+15  9.13222e+15 -5.79471e+13 -5.79471e+13  5.79471e+13
  300.00 -6.82966  9.14514e+15  9.14514e+15  9.14514e+15 -1.80672e+12 -1.80672e+12  1.80672e+12
  300.00 -6.79960  8.66550e+15  8.66550e+15  8.66550e+15  7.67162e+13  7.67162e+13 -7.67162e+13
  300.00 -6.76954  1.05548e+16  1.05548e+16  1.05548e+16  5.30549e+13  5.30549e+13 -5.30549e+13
  300.00 -6.73948  1.33730e+16  1.33730e+16  1.33730e+16  1.64204e+13  1.64204e+13 -1.64203e+13
  300.00 -6.70942  1.20303e+16  1.20303e+16  1.20303e+16  6.78619e+12  6.78619e+12 -6.78619e+12
  300.00 -6.67936  8.75214e+15  8.75214e+15  8.75214e+15  2.40398e+13  2.40398e+13 -2.40398e+13
  300.00 -6.64930  9.28149e+15  9.28149e+15  9.28149e+15 -3.32895e+13 -3.32895e+13  3.32895e+13
  300.00 -6.61924  1.37979e+16  1.37979e+16  1.37979e+16 -7.93528e+13 -7.93528e+13  7.93528e+13
  300.00 -6.58918  1.46440e+16  1.46440e+16  1.46440e+16 -5.42459e+13 -5.42459e+13  5.42459e+13
  300.00 -6.55912  1.16220e+16  1.16220e+16  1.16220e+16  5.28985e+13  5.28984e+13 -5.28985e+13
  300.00 -6.52906  8.35328e+15  8.35328e+15  8.35328e+15  1.49772e+14  1.49772e+14 -1.49772e+14
  300.00 -6.49900  9.29672e+15  9.29672e+15  9.29672e+15 -2.85031e+13 -2.85031e+13  2.85031e+13
  300.00 -6.46894  1.09863e+16  1.09863e+16  1.09863e+16 -5.12916e+13 -5.12916e+13  5.12916e+13
  300.00 -6.43888  9.33639e+15  9.33639e+15  9.33639e+15 -1.89308e+13 -1.89308e+13  1.89308e+13
  300.00 -6.40882  7.39232e+15  7.39232e+15  7.39232e+15 -7.77258e+13 -7.77258e+13  7.77258e+13
  300.00 -6.37876  1.00569e+16  1.00569e+16  1.00569e+16 -1.60061e+14 -1.60061e+14  1.60061e+14
  300.00 -6.34870  1.26034e+16  1.26034e+16  1.26034e+16 -4.93533e+13 -4.93533e+13  4.93533e+13
  300.00 -6.31864  1.13673e+16  1.13673e+16  1.13673e+16  2.06733e+14  2.06733e+14 -2.06733e+14
  300.00 -6.28858  8.24335e+15  8.24335e+15  8.24335e+15  2.93078e+14  2.93078e+14 -2.93078e+14
  300.00 -6.25852  7.87623e+15  7.87623e+15  7.87623e+15 -1.78667e+14 -1.78667e+14  1.78667e+14
  300.00 -6.22846  1.08950e+16  1.08950e+16  1.08950e+16 -3.02957e+14 -3.02957e+14  3.02957e+14
  300.00 -6.19840  1.24672e+16  1.24672e+16  1.24672e+16  1.20550e+14  1.20550e+14 -1.20550e+14
  300.00 -6.16834  1.03877e+16  1.03877e+16  1.03877e+16  2.98359e+14  2.98359e+14 -2.98359e+14
  300.00 -6.13828  9.78688e+15  9.78688e+15  9.78688e+15 -6.96994e+13 -6.96994e+13  6.96994e+13
  300.00 -6.10822  1.28040e+16  1.28040e+16  1.28040e+16 -1.38835e+14 -1.38835e+14  1.38835e+14
  300.00 -6.07816  1.36751e+16  1.36751e+16  1.36751e+16  1.58439e+14  1.58439e+14 -1.58439e+14
  300.00 -6.04810  1.14565e+16  1.14565e+16  1.14565e+16  3.13409e+14  3.13409e+14 -3.13409e+14
  300.00 -6.01804  1.03389e+16  1.03389e+16  1.03389e+16 -1.57105e+13 -1.57105e+13  1.57105e+13
  300.00 -5.98798  1.27322e+16  1.27322e+16  1.27322e+16 -4.67486e+13 -4.67486e+13  4.67486e+13
  300.00 -5.95792  1.26404e+16  1.26404e+16  1.26404e+16  1.28752e+14  1.28752e+14 -1.28752e+14
  300.00 -5.92786  1.10810e+16  1.10810e+16  1.10810e+16 -1.60898e+13 -1.60898e+13  1.60898e+13
  300.00 -5.89780  1.09452e+16  1.09452e+16  1.09452e+16 -1.11835e+14 -1.11835e+14  1.11835e+14
  300.00 -5.86774  1.42053e+16  1.42053e+16  1.42053e+16 -1.06848e+14 -1.06848e+14  1.06848e+14
  300.00 -5.83768  1.62228e+16  1.62228e+16  1.62228e+16 -7.62320e+13 -7.62320e+13  7.62320e+13
  300.00 -5.80762  1.45461e+16  1.45461e+16  1.45461e+16  1.29619e+14  1.29619e+14 -1.29619e+14
  300.00 -5.77756  1.09217e+16  1.09217e+16  1.09217e+16  6.33527e+13  6.33527e+13 -6.33527e+13
  300.00 -5.74749  1.23815e+16  1.23815e+16  1.23815e+16 -2.77892e+14 -2.77892e+14  2.77892e+14
  300.00 -5.71743  1.52478e+16  1.52478e+16  1.52478e+16 -3.35322e+12 -3.35324e+12  3.35323e+12
  300.00 -5.68737  1.32889e+16  1.32889e+16  1.32889e+16  1.85276e+13  1.85276e+13 -1.85276e+13
  300.00 -5.65731  1.21142e+16  1.21142e+16  1.21142e+16 -2.02527e+13 -2.02527e+13  2.02527e+13
  300.00 -5.62725  1.53535e+16  1.53535e+16  1.53535e+16 -5.49237e+13 -5.49237e+13  5.49237e+13
  300.00 -5.59719  1.81605e+16  1.81605e+16  1.81605e+16 -1.45246e+13 -1.45246e+13  1.45246e+13
  300.00 -5.56713  1.50536e+16  1.50536e+16  1.50536e+16 -1.11687e+13 -1.11687e+13  1.11687e+13
  300.00 -5.53707  8.96037e+15  8.96037e+15  8.96037e+15 -3.18963e+13 -3.18962e+13  3.18962e+13
  300.00 -5.50701  9.82493e+15  9.82493e+15  9.82493e+15  2.55312e+13  2.55312e+13 -2.55312e+13
  300.00 -5.47695  1.31254e+16  1.31254e+16  1.31254e+16  1.89089e+14  1.89089e+14 -1.89089e+14
  300.00 -5.44689  1.17244e+16  1.17244e+16  1.17244e+16  1.32494e+13  1.32494e+13 -1.32494e+13
  300.00 -5.41683  1.05301e+16  1.05301e+16  1.05301e+16 -2.32492e+14 -2.32492e+14  2.32492e+14
  300.00 -5.38677  1.18766e+16  1.18766e+16  1.18766e+16 -1.07963e+14 -1.07963e+14  1.07963e+14
  300.00 -5.35671  1.34669e+16  1.34669e+16  1.34669e+16  1.51226e+13  1.51226e+13 -1.51226e+13
  300.00 -5.32665  1.22278e+16  1.22278e+16  1.22278e+16  2.03925e+13  2.03924e+13 -2.03925e+13
  300.00 -5.29659  1.05322e+16  1.05322e+16  1.05322e+16  2.85286e+13  2.85286e+13 -2.85286e+13
  300.00 -5.26653  1.35876e+16  1.35876e+16  1.35876e+16 -5.43343e+13 -5.43342e+13  5.43343e+13
  300.00 -5.23647  1.78563e+16  1.78563e+16  1.78563e+16 -1.50794e+14 -1.50794e+14  1.50794e+14
  300.00 -5.20641  1.63545e+16  1.63545e+16  1.63545e+16 -1.04943e+14 -1.04943e+14  1.04943e+14
  300.00 -5.17635  1.19357e+16  1.19357e+16  1.19357e+16 -3.36002e+13 -3.36002e+13  3.36002e+13
  300.00 -5.14629  1.25756e+16  1.25756e+16  1.25756e+16 -5.45128e+13 -5.45128e+13  5.45128e+13
  300.00 -5.11623  1.93061e+16  1.93061e+16  1.93061e+16 -2.85452e+14 -2.85452e+14  2.85452e+14
  300.00 -5.08617  2.10797e+16  2.10797e+16  2.10797e+16 -2.35468e+14 -2.35468e+14  2.35468e+14
  300.00 -5.05611  1.61822e+16  1.61822e+16  1.61823e+16  5.02864e+13  5.02863e+13 -5.02864e+13
  300.00 -5.02605  1.14143e+16  1.14143e+16  1.14143e+16  1.25176e+14  1.25176e+14 -1.25176e+14
  300.00 -4.99599  1.40983e+16  1.40983e+16  1.40983e+16 -2.01733e+14 -2.01733e+14  2.01733e+14
  300.00 -4.96593  1.66661e+16  1.66661e+16  1.66661e+16 -7.40251e+13 -7.40251e+13  7.40251e+13
  300.00 -4.93587  1.53151e+16  1.53151e+16  1.53151e+16  1.98586e+14  1.98586e+14 -1.98586e+14
  300.00 -4.90581  1.57592e+16  1.57592e+16  1.57592e+16  8.94948e+13  8.94947e+13 -8.94947e+13
  300.00 -4.87575  1.94826e+16  1.94826e+16  1.94826e+16 -1.59579e+14 -1.59579e+14  1.59579e+14
  300.00 -4.84569  1.92432e+16  1.92432e+16  1.92432e+16 -1.44100e+14 -1.44100e+14  1.44100e+14
  300.00 -4.81563  1.43601e+16  1.43601e+16  1.43601e+16  4.00313e+13  4.00314e+13 -4.00313e+13
  300.00 -4.78557  1.19971e+16  1.19971e+16  1.19971e+16  2.54174e+14  2.54174e+14 -2.54174e+14
  300.00 -4.75551  1.67021e+16  1.67021e+16  1.67021e+16  1.74791e+13  1.74791e+13 -1.74791e+13
  300.00 -4.72545  1.74843e+16  1.74843e+16  1.74843e+16 -1.90469e+14 -1.90469e+14  1.90469e+14
  300.00 -4.69539  1.52239e+16  1.52239e+16  1.52239e+16 -1.19779e+13 -1.19779e+13  1.19779e+13
  300.00 -4.66533  1.36126e+16  1.36126e+16  1.36126e+16  6.82290e+13  6.82290e+13 -6.82290e+13
  300.00 -4.63527  1.37689e+16  1.37689e+16  1.37689e+16  6.81651e+13  6.81651e+13 -6.81651e+13
  300.00 -4.60521  1.50042e+16  1.50042e+16  1.50042e+16 -3.07958e+12 -3.07953e+12  3.07956e+12
  300.00 -4.57515  1.35079e+16  1.35079e+16  1.35079e+16 -1.87596e+14 -1.87596e+14  1.87596e+14
  300.00 -4.54509  1.05899e+16  1.05899e+16  1.05899e+16 -5.78915e+13 -5.78915e+13  5.78915e+13
  300.00 -4.51503  1.18900e+16  1.18900e+16  1.18900e+16  9.37623e+13  9.37622e+13 -9.37622e+13
  300.00 -4.48497  1.24277e+16  1.24277e+16  1.24277e+16 -8.09173e+13 -8.09173e+13  8.09173e+13
  300.00 -4.45491  1.14035e+16  1.14035e+16  1.14035e+16  2.84114e+13  2.84115e+13 -2.84115e+13
  300.00 -4.42485  1.27764e+16  1.27764e+16  1.27764e+16  7.42495e+13  7.42496e+13 -7.42496e+13
  300.00 -4.39479  1.60061e+16  1.60061e+16  1.60061e+16 -6.83217e+13 -6.83217e+13  6.83217e+13
  300.00 -4.36473  1.66390e+16  1.66390e+16  1.66390e+16 -3.33829e+14 -3.33829e+14  3.33829e+14
  300.00 -4.33467  1.35827e+16  1.35827e+16  1.35827e+16 -2.43709e+14 -2.43709e+14  2.43709e+14
  300.00 -4.30461  1.11256e+16  1.11256e+16  1.11256e+16  1.96648e+14  1.96648e+14 -1.96648e+14
  300.00 -4.27455  1.49117e+16  1.49117e+16  1.49117e+16  1.72441e+14  1.72441e+14 -1.72441e+14
  300.00 -4.24449  1.90962e+16  1.90962e+16  1.90962e+16 -2.62567e+14 -2.62567e+14  2.62567e+14
  300.00 -4.21443  1.66166e+16  1.66166e+16  1.66166e+16 -4.03573e+14 -4.03573e+14  4.03573e+14
  300.00 -4.18437  1.50485e+16  1.50485e+16  1.50485e+16  8.43706e+13  8.43706e+13 -8.43706e+13
  300.00 -4.15431  2.01209e+16  2.01209e+16  2.01209e+16  2.40085e+14  2.40085e+14 -2.40085e+14
  300.00 -4.12425  2.32219e+16  2.32219e+16  2.32219e+16 -2.13443e+14 -2.13443e+14  2.13443e+14
  300.00 -4.09419  1.84322e+16  1.84322e+16  1.84322e+16 -5.44912e+14 -5.44912e+14  5.44912e+14
  300.00 -4.06413  1.37284e+16  1.37284e+16  1.37284e+16 -2.39490e+14 -2.39490e+14  2.39490e+14
  300.00 -4.03407  1.54499e+16  1.54499e+16  1.54499e+16 -1.21611e+14 -1.21611e+14  1.21611e+14
  300.00 -4.00401  1.78603e+16  1.78603e+16  1.78603e+16 -7.84167e+13 -7.84166e+13  7.84166e+13
  300.00 -3.97395  1.69769e+16  1.69769e+16  1.69769e+16  1.29323e+14  1.29323e+14 -1.29323e+14
  300.00 -3.94389  1.68246e+16  1.68246e+16  1.68246e+16 -8.94087e+13 -8.94088e+13  8.94088e+13
  300.00 -3.91383  1.77508e+16  1.77508e+16  1.77508e+16 -3.48926e+14 -3.48926e+14  3.48926e+14
  300.00 -3.88377  1.51598e+16  1.51598e+16  1.51598e+16 -2.86912e+14 -2.86912e+14  2.86912e+14
  300.00 -3.85371  1.19724e+16  1.19724e+16  1.19724e+16  1.66575e+14  1.66575e+14 -1.66575e+14
  300.00 -3.82365  1.34445e+16  1.34445e+16  1.34445e+16  4.22634e+14  4.22634e+14 -4.22634e+14
  300.00 -3.79359  1.71009e+16  1.71009e+16  1.71009e+16  4.28864e+13  4.28864e+13 -4.28864e+13
  300.00 -3.76353  1.66863e+16  1.66863e+16  1.66863e+16 -3.80668e+14 -3.80668e+14  3.80668e+14
  300.00 -3.73347  1.28618e+16  1.28618e+16  1.28618e+16 -2.03496e+13 -2.03496e+13  2.03496e+13
  300.00 -3.70341  1.44595e+16  1.44595e+16  1.44595e+16  5.45358e+14  5.45358e+14 -5.45358e+14
  300.00 -3.67335  1.95895e+16  1.95895e+16  1.95895e+16  2.22444e+14  2.22444e+14 -2.22444e+14
  300.00 -3.64329  1.91806e+16  1.91806e+16  1.91806e+16 -3.65388e+14 -3.65388e+14  3.65388e+14
  300.00 -3.61323  1.42886e+16  1.42886e+16  1.42886e+16 -1.58727e+14 -1.58727e+14  1.58727e+14
  300.00 -3.58317  1.31221e+16  1.31221e+16  1.31221e+16  3.20483e+14  3.20483e+14 -3.20483e+14
  300.00 -3.55311  1.51256e+16  1.51256e+16  1.51256e+16 -1.86262e+13 -1.86262e+13  1.86262e+13
  300.00 -3.52305  1.41584e+16  1.41584e+16  1.41584e+16 -4.73254e+14 -4.73254e+14  4.73254e+14
  300.00 -3.49299  1.36904e+16  1.36904e+16  1.36904e+16  2.66967e+14  2.66967e+14 -2.66967e+14
  300.00 -3.46293  1.64228e+16  1.64228e+16  1.64228e+16  6.06611e+14  6.06611e+14 -6.06611e+14
  300.00 -3.43287  1.93127e+16  1.93127e+16  1.93127e+16  3.07996e+14  3.07996e+14 -3.07996e+14
  300.00 -3.40281  1.87322e+16  1.87322e+16  1.87322e+16  1.20104e+13  1.20105e+13 -1.20105e+13
  300.00 -3.37275  1.58361e+16  1.58361e+16  1.58361e+16 -2.33236e+14 -2.33236e+14  2.33236e+14
  300.00 -3.34269  1.62258e+16  1.62258e+16  1.62258e+16  5.54662e+12  5.54660e+12 -5.54661e+12
  300.00 -3.31263  2.12088e+16  2.12088e+16  2.12088e+16  4.48742e+14  4.48742e+14 -4.48742e+14
  300.00 -3.28257  2.08085e+16  2.08085e+16  2.08085e+16 -2.52922e+14 -2.52922e+14  2.52922e+14
  300.00 -3.25251  1.72504e+16  1.72504e+16  1.72504e+16 -2.09157e+14 -2.09157e+14  2.09157e+14
  300.00 -3.22244  2.04871e+16  2.04871e+16  2.04871e+16  6.06465e+14  6.06465e+14 -6.06465e+14
  300.00 -3.19238  2.35195e+16  2.35195e+16  2.35195e+16  2.53732e+14  2.53732e+14 -2.53732e+14
  300.00 -3.16232  2.19531e+16  2.19531e+16  2.19531e+16 -2.89528e+14 -2.89528e+14  2.89528e+14
  300.00 -3.13226  1.81706e+16  1.81706e+16  1.81706e+16 -5.75377e+14 -5.75377e+14  5.75377e+14
  300.00 -3.10220  1.85352e+16  1.85352e+16  1.85352e+16 -3.07123e+14 -3.07123e+14  3.07123e+14
  300.00 -3.07214  2.08408e+16  2.08408e+16  2.08408e+16  2.70589e+14  2.70589e+14 -2.70589e+14
  300.00 -3.04208  1.89056e+16  1.89056e+16  1.89056e+16  1.57705e+14  1.57705e+14 -1.57705e+14
  300.00 -3.01202  1.54981e+16  1.54981e+16  1.54981e+16 -5.16954e+13 -5.16953e+13  5.16954e+13
  300.00 -2.98196  1.96775e+16  1.96775e+16  1.96775e+16  1.87247e+14  1.87247e+14 -1.87247e+14
  300.00 -2.95190  2.55742e+16  2.55742e+16  2.55742e+16  1.45620e+14  1.45620e+14 -1.45620e+14
  300.00 -2.92184  2.23500e+16  2.23500e+16  2.23500e+16 -1.73537e+14 -1.73537e+14  1.73537e+14
  300.00 -2.89178  1.54523e+16  1.54523e+16  1.54523e+16 -2.27080e+14 -2.27080e+14  2.27080e+14
  300.00 -2.86172  1.53974e+16  1.53974e+16  1.53974e+16  7.74266e+13  7.74266e+13 -7.74266e+13
  300.00 -2.83166  1.78716e+16  1.78716e+16  1.78716e+16  2.13838e+14  2.13838e+14 -2.13838e+14
  300.00 -2.80160  1.82864e+16  1.82864e+16  1.82864e+16 -1.49496e+13 -1.49496e+13  1.49495e+13
  300.00 -2.77154  1.69494e+16  1.69494e+16  1.69494e+16 -6.85849e+13 -6.85849e+13  6.85849e+13
  300.00 -2.74148  1.79088e+16  1.79088e+16  1.79088e+16  1.37642e+14  1.37642e+14 -1.37642e+14
  300.00 -2.71142  1.80744e+16  1.80744e+16  1.80744e+16  1.55698e+14  1.55698e+14 -1.55698e+14
  300.00 -2.68136  1.57030e+16  1.57030e+16  1.57030e+16 -4.54721e+13 -4.54721e+13  4.54721e+13
  300.00 -2.65130  1.37320e+16  1.37320e+16  1.37320e+16 -1.03145e+14 -1.03145e+14  1.03145e+14
  300.00 -2.62124  1.66278e+16  1.66278e+16  1.66278e+16 -8.80650e+13 -8.80650e+13  8.80650e+13
  300.00 -2.59118  2.35169e+16  2.35169e+16  2.35169e+16 -3.39374e+13 -3.39374e+13  3.39374e+13
  300.00 -2.56112  2.06498e+16  2.06498e+16  2.06498e+16  2.60833e+14  2.60833e+14 -2.60833e+14
  300.00 -2.53106  1.39205e+16  1.39205e+16  1.39205e+16  2.33148e+14  2.33148e+14 -2.33148e+14
  300.00 -2.50100  1.85255e+16  1.85255e+16  1.85255e+16 -1.57336e+14 -1.57336e+14  1.57336e+14
  300.00 -2.47094  2.22430e+16  2.22430e+16  2.22430e+16  1.68917e+14  1.68917e+14 -1.68917e+14
  300.00 -2.44088  1.94732e+16  1.94732e+16  1.94732e+16  2.26894e+14  2.26894e+14 -2.26894e+14
  300.00 -2.41082  1.90404e+16  1.90404e+16  1.90404e+16  1.89576e+14  1.89576e+14 -1.89576e+14
  300.00 -2.38076  2.09268e+16  2.09268e+16  2.09268e+16 -4.35414e+13 -4.35415e+13  4.35415e+13
  300.00 -2.35070  2.10176e+16  2.10176e+16  2.10176e+16 -2.73271e+14 -2.73271e+14  2.73271e+14
  300.00 -2.32064  1.99224e+16  1.99224e+16  1.99224e+16  3.80003e+14  3.80003e+14 -3.80003e+14
  300.00 -2.29058  1.67533e+16  1.67533e+16  1.67533e+16  8.49518e+14  8.49518e+14 -8.49518e+14
  300.00 -2.26052  1.68749e+16  1.68749e+16  1.68749e+16  1.26759e+14  1.26759e+14 -1.26759e+14
  300.00 -2.23046  1.95433e+16  1.95433e+16  1.95433e+16  7.13735e+13  7.13735e+13 -7.13735e+13
  300.00 -2.20040  1.91696e+16  1.91696e+16  1.91696e+16  3.26766e+14  3.26766e+14 -3.26766e+14
  300.00 -2.17034  1.73329e+16  1.73329e+16  1.73329e+16 -3.05388e+14 -3.05388e+14  3.05388e+14
  300.00 -2.14028  1.83398e+16  1.83398e+16  1.83398e+16 -4.62379e+14 -4.62379e+14  4.62379e+14
  300.00 -2.11022  2.00880e+16  2.00880e+16  2.00880e+16 -2.87591e+14 -2.87591e+14  2.87591e+14
  300.00 -2.08016  1.93253e+16  1.93253e+16  1.93253e+16  1.04370e+14  1.04370e+14 -1.04370e+14
  300.00 -2.05010  1.53444e+16  1.53444e+16  1.53444e+16  5.61827e+14  5.61827e+14 -5.61827e+14
  300.00 -2.02004  1.45319e+16  1.45319e+16  1.45319e+16  7.04088e+13  7.04088e+13 -7.04088e+13
  300.00 -1.98998  1.99218e+16  1.99218e+16  1.99218e+16 -3.35202e+14 -3.35202e+14  3.35202e+14
  300.00 -1.95992  2.31437e+16  2.31437e+16  2.31437e+16  1.64496e+13  1.64496e+13 -1.64496e+13
  300.00 -1.92986  2.26682e+16  2.26682e+16  2.26682e+16  8.21820e+13  8.21820e+13 -8.21820e+13
  300.00 -1.89980  2.18460e+16  2.18460e+16  2.18460e+16 -4.52795e+14 -4.52795e+14  4.52795e+14
  300.00 -1.86974  2.25188e+16  2.25188e+16  2.25188e+16 -9.59590e+13 -9.59591e+13  9.59591e+13
  300.00 -1.83968  2.36344e+16  2.36344e+16  2.36344e+16  7.98719e+14  7.98719e+14 -7.98719e+14
  300.00 -1.80962  2.30303e+16  2.30303e+16  2.30303e+16  1.03695e+15  1.03695e+15 -1.03695e+15
  300.00 -1.77956  2.22138e+16  2.22138e+16  2.22138e+16  6.93021e+14  6.93021e+14 -6.93021e+14
  300.00 -1.74950  2.18691e+16  2.18691e+16  2.18691e+16  9.81838e+13  9.81838e+13 -9.81838e+13
  300.00 -1.71944  2.17457e+16  2.17457e+16  2.17457e+16 -3.87261e+14 -3.87261e+14  3.87261e+14
  300.00 -1.68938  1.72718e+16  1.72718e+16  1.72718e+16 -3.07439e+13 -3.07439e+13  3.07439e+13
  300.00 -1.65932  1.35681e+16  1.35681e+16  1.35681e+16  6.61342e+14  6.61342e+14 -6.61342e+14
  300.00 -1.62926  1.53118e+16  1.53118e+16  1.53118e+16  3.30668e+14  3.30668e+14 -3.30668e+14
  300.00 -1.59920  1.53580e+16  1.53580e+16  1.53580e+16 -4.06438e+14 -4.06438e+14  4.06438e+14
  300.00 -1.56914  1.45050e+16  1.45050e+16  1.45050e+16 -4.72952e+14 -4.72952e+14  4.72952e+14
  300.00 -1.53908  1.58008e+16  1.58008e+16  1.58008e+16 -2.54742e+14 -2.54742e+14  2.54742e+14
  300.00 -1.50902  1.66669e+16  1.66669e+16  1.66669e+16 -2.48251e+14 -2.48251e+14  2.48251e+14
  300.00 -1.47896  1.59580e+16  1.59580e+16  1.59580e+16 -2.79705e+14 -2.79705e+14  2.79705e+14
  300.00 -1.44890  1.53526e+16  1.53526e+16  1.53526e+16 -5.82734e+14 -5.82734e+14  5.82734e+14
  300.00 -1.41884  1.78900e+16  1.78900e+16  1.78900e+16 -1.02072e+15 -1.02072e+15  1.02072e+15
  300.00 -1.38878  2.21960e+16  2.21960e+16  2.21960e+16 -7.88758e+14 -7.88758e+14  7.88758e+14
  300.00 -1.35872  2.43254e+16  2.43254e+16  2.43254e+16  2.46240e+14  2.46240e+14 -2.46240e+14
  300.00 -1.32866  2.38125e+16  2.38125e+16  2.38125e+16  8.30431e+14  8.30431e+14 -8.30431e+14
  300.00 -1.29860  2.14486e+16  2.14486e+16  2.14486e+16  1.93915e+14  1.93915e+14 -1.93915e+14
  300.00 -1.26854  2.02296e+16  2.02296e+16  2.02296e+16 -7.37168e+14 -7.37168e+14  7.37168e+14
  300.00 -1.23848  2.11552e+16  2.11552e+16  2.11552e+16 -4.06601e+14 -4.06601e+14  4.06601e+14
  300.00 -1.20842  2.30738e+16  2.30738e+16  2.30738e+16  1.82896e+14  1.82896e+14 -1.82896e+14
  300.00 -1.17836  2.72373e+16  2.72373e+16  2.72373e+16 -2.21369e+14 -2.21369e+14  2.21369e+14
  300.00 -1.14830  2.79062e+16  2.79062e+16  2.79062e+16 -2.88330e+14 -2.88330e+14  2.88330e+14
  300.00 -1.11824  2.22725e+16  2.22725e+16  2.22725e+16  7.39014e+14  7.39014e+14 -7.39014e+14
  300.00 -1.08818  1.82850e+16  1.82850e+16  1.82850e+16  4.48891e+14  4.48891e+14 -4.48891e+14
  300.00 -1.05812  2.02527e+16  2.02527e+16  2.02527e+16 -9.98597e+14 -9.98597e+14  9.98597e+14
  300.00 -1.02806  2.57413e+16  2.57413e+16  2.57413e+16 -6.50192e+14 -6.50192e+14  6.50192e+14
  300.00 -0.99800  2.78202e+16  2.78202e+16  2.78202e+16  4.55585e+14  4.55585e+14 -4.55585e+14
  300.00 -0.96794  2.48123e+16  2.48123e+16  2.48123e+16  2.87230e+14  2.87230e+14 -2.87230e+14
  300.00 -0.93788  2.07410e+16  2.07410e+16  2.07410e+16 -2.51657e+14 -2.51657e+14  2.51657e+14
  300.00 -0.90782  1.95446e+16  1.95446e+16  1.95446e+16  3.96119e+13  3.96119e+13 -3.96119e+13
  300.00 -0.87776  2.18688e+16  2.18688e+16  2.18688e+16  4.85816e+14  4.85816e+14 -4.85816e+14
  300.00 -0.84770  2.21044e+16  2.21044e+16  2.21044e+16  3.78531e+14  3.78531e+14 -3.78531e+14
  300.00 -0.81764  2.19727e+16  2.19727e+16  2.19727e+16 -4.06251e+14 -4.06251e+14  4.06251e+14
  300.00 -0.78758  2.47826e+16  2.47826e+16  2.47826e+16 -4.61853e+14 -4.61853e+14  4.61853e+14
  300.00 -0.75752  2.64199e+16  2.64199e+16  2.64199e+16  1.57344e+14  1.57344e+14 -1.57344e+14
  300.00 -0.72745  2.35527e+16  2.35527e+16  2.35527e+16 -1.76405e+14 -1.76405e+14  1.76405e+14
  300.00 -0.69739  2.39821e+16  2.39821e+16  2.39821e+16 -3.54592e+14 -3.54592e+14  3.54592e+14
  300.00 -0.66733  2.60427e+16  2.60427e+16  2.60427e+16 -1.06610e+13 -1.06610e+13  1.06610e+13
  300.00 -0.63727  2.34456e+16  2.34456e+16  2.34456e+16 -5.41116e+13 -5.41117e+13  5.41116e+13
  300.00 -0.60721  2.26971e+16  2.26971e+16  2.26971e+16 -5.08450e+14 -5.08450e+14  5.08450e+14
  300.00 -0.57715  2.48353e+16  2.48353e+16  2.48353e+16 -5.39869e+14 -5.39869e+14  5.39869e+14
  300.00 -0.54709  2.44480e+16  2.44480e+16  2.44480e+16 -1.93880e+14 -1.93880e+14  1.93880e+14
  300.00 -0.51703  2.12215e+16  2.12215e+16  2.12215e+16 -1.75109e+13 -1.75110e+13  1.75110e+13
  300.00 -0.48697  1.71827e+16  1.71827e+16  1.71827e+16  2.46467e+14  2.46467e+14 -2.46467e+14
  300.00 -0.45691  1.62134e+16  1.62134e+16  1.62134e+16  5.04123e+13  5.04123e+13 -5.04123e+13
  300.00 -0.42685  1.90594e+16  1.90594e+16  1.90594e+16 -3.78794e+14 -3.78794e+14  3.78794e+14
  300.00 -0.39679  2.08608e+16  2.08608e+16  2.08608e+16 -7.41758e+13 -7.41758e+13  7.41758e+13
  300.00 -0.36673  1.83203e+16  1.83203e+16  1.83203e+16  1.89767e+14  1.89767e+14 -1.89767e+14
  300.00 -0.33667  1.67027e+16  1.67027e+16  1.67027e+16 -1.62936e+14 -1.62936e+14  1.62936e+14
  300.00 -0.30661  1.80928e+16  1.80928e+16  1.80928e+16 -2.70403e+14 -2.70403e+14  2.70403e+14
  300.00 -0.27655  1.97155e+16  1.97155e+16  1.97155e+16 -2.27776e+13 -2.27776e+13  2.27776e+13
  300.00 -0.24649  2.11335e+16  2.11335e+16  2.11335e+16  1.61365e+14  1.61365e+14 -1.61365e+14
  300.00 -0.21643  1.91748e+16  1.91748e+16  1.91748e+16 -2.73839e+13 -2.73839e+13  2.73839e+13
  300.00 -0.18637  1.84034e+16  1.84034e+16  1.84034e+16 -5.27331e+14 -5.27331e+14  5.27331e+14
  300.00 -0.15631  2.13691e+16  2.13691e+16  2.13691e+16 -5.19346e+14 -5.19346e+14  5.19346e+14
  300.00 -0.12625  2.29313e+16  2.29313e+16  2.29313e+16  1.36581e+14  1.36581e+14 -1.36581e+14
  300.00 -0.09619  2.40901e+16  2.40901e+16  2.40901e+16 -1.15285e+14 -1.15285e+14  1.15285e+14
  300.00 -0.06613  2.51776e+16  2.51776e+16  2.51776e+16 -5.86978e+14 -5.86978e+14  5.86978e+14
  300.00 -0.03607  2.30604e+16  2.30604e+16  2.30604e+16 -2.60832e+14 -2.60832e+14  2.60832e+14
  300.00 -0.00601  2.09350e+16  2.09350e+16  2.09350e+16  1.12481e+12  1.12484e+12 -1.12482e+12
  300.00  0.02405  2.34159e+16  2.34159e+16  2.34159e+16 -4.84910e+14 -4.84910e+14  4.84910e+14
  300.00  0.05411  2.73505e+16  2.73505e+16  2.73505e+16 -7.45779e+14 -7.45779e+14  7.45779e+14
  300.00  0.08417  2.67535e+16  2.67535e+16  2.67535e+16 -5.50268e+14 -5.50268e+14  5.50268e+14
  300.00  0.11423  2.57117e+16  2.57117e+16  2.57117e+16 -4.27975e+14 -4.27975e+14  4.27975e+14
  300.00  0.14429  2.57256e+16  2.57256e+16  2.57256e+16 -1.42972e+14 -1.42972e+14  1.42972e+14
  300.00  0.17435  2.45315e+16  2.45315e+16  2.45315e+16 -4.03516e+14 -4.03516e+14  4.03516e+14
  300.00  0.20441  2.44002e+16  2.44002e+16  2.44002e+16 -3.30215e+14 -3.30215e+14  3.30215e+14
  300.00  0.23447  2.48780e+16  2.48780e+16  2.48780e+16 -5.34603e+13 -5.34602e+13  5.34603e+13
  300.00  0.26453  2.30444e+16  2.30444e+16  2.30444e+16 -9.98730e+14 -9.98730e+14  9.98730e+14
  300.00  0.29459  2.41610e+16  2.41610e+16  2.41610e+16 -1.53084e+15 -1.53084e+15  1.53084e+15
  300.00  0.32465  2.62813e+16  2.62813e+16  2.62813e+16 -5.52767e+14 -5.52767e+14  5.52767e+14
  300.00  0.35471  2.49367e+16  2.49367e+16  2.49367e+16 -1.08118e+14 -1.08118e+14  1.08118e+14
  300.00  0.38477  2.23149e+16  2.23149e+16  2.23149e+16 -2.74109e+14 -2.74109e+14  2.74109e+14
  300.00  0.41483  2.37186e+16  2.37186e+16  2.37186e+16 -5.43624e+13 -5.43624e+13  5.43624e+13
  300.00  0.44489  2.54110e+16  2.54110e+16  2.54110e+16  9.85129e+11  9.85131e+11 -9.85130e+11
  300.00  0.47495  2.38232e+16  2.38232e+16  2.38232e+16 -3.67949e+14 -3.67949e+14  3.67949e+14
  300.00  0.50501  2.57058e+16  2.57058e+16  2.57058e+16 -9.89422e+14 -9.89422e+14  9.89422e+14
  300.00  0.53507  3.00596e+16  3.00596e+16  3.00596e+16 -1.07879e+15 -1.07879e+15  1.07879e+15
  300.00  0.56513  2.77136e+16  2.77136e+16  2.77136e+16  4.01806e+13  4.01806e+13 -4.01806e+13
  300.00  0.59519  2.25384e+16  2.25384e+16  2.25384e+16  9.67106e+14  9.67106e+14 -9.67106e+14
  300.00  0.62525  2.22001e+16  2.22001e+16  2.22001e+16  2.02171e+14  2.02171e+14 -2.02171e+14
  300.00  0.65531  2.46735e+16  2.46735e+16  2.46735e+16 -5.78791e+14 -5.78791e+14  5.78791e+14
  300.00  0.68537  2.60879e+16  2.60879e+16  2.60879e+16 -2.47349e+14 -2.47349e+14  2.47349e+14
  300.00  0.71543  2.58898e+16  2.58898e+16  2.58898e+16  1.09691e+14  1.09691e+14 -1.09691e+14
  300.00  0.74549  2.57792e+16  2.57792e+16  2.57792e+16 -4.70228e+14 -4.70228e+14  4.70228e+14
  300.00  0.77555  2.18026e+16  2.18026e+16  2.18026e+16 -1.17052e+15 -1.17052e+15  1.17052e+15
  300.00  0.80561  1.62293e+16  1.62293e+16  1.62293e+16 -6.17740e+14 -6.17740e+14  6.17740e+14
  300.00  0.83567  1.60590e+16  1.60590e+16  1.60590e+16  2.20834e+14  2.20835e+14 -2.20835e+14
  300.00  0.86573  2.03261e+16  2.03261e+16  2.03261e+16  2.56127e+14  2.56127e+14 -2.56127e+14
  300.00  0.89579  2.22244e+16  2.22244e+16  2.22244e+16 -1.75766e+14 -1.75766e+14  1.75766e+14
  300.00  0.92585  2.20799e+16  2.20799e+16  2.20799e+16 -2.49663e+14 -2.49663e+14  2.49663e+14
  300.00  0.95591  2.50581e+16  2.50581e+16  2.50581e+16  3.17937e+14  3.17937e+14 -3.17937e+14
  300.00  0.98597  2.79116e+16  2.79116e+16  2.79116e+16  1.11474e+15  1.11474e+15 -1.11474e+15
  300.00  1.01603  2.97209e+16  2.97209e+16  2.97209e+16  7.95947e+14  7.95947e+14 -7.95947e+14
  300.00  1.04609  3.16861e+16  3.16861e+16  3.16861e+16 -2.99725e+14 -2.99725e+14  2.99725e+14
  300.00  1.07615  2.89515e+16  2.89515e+16  2.89515e+16 -4.65070e+14 -4.65070e+14  4.65070e+14
  300.00  1.10621  2.75749e+16  2.75749e+16  2.75749e+16  6.70208e+14  6.70208e+14 -6.70208e+14
  300.00  1.13627  3.46682e+16  3.46682e+16  3.46682e+16  1.50391e+15  1.50391e+15 -1.50391e+15
  300.00  1.16633  3.81905e+16  3.81905e+16  3.81905e+16  1.46888e+15  1.46888e+15 -1.46888e+15
  300.00  1.19639  3.76538e+16  3.76538e+16  3.76538e+16  1.43493e+14  1.43493e+14 -1.43493e+14
  300.00  1.22645  3.70819e+16  3.70819e+16  3.70819e+16 -1.34245e+15 -1.34245e+15  1.34245e+15
  300.00  1.25651  3.44340e+16  3.44340e+16  3.44340e+16 -1.55135e+15 -1.55135e+15  1.55135e+15
  300.00  1.28657  3.02356e+16  3.02356e+16  3.02356e+16 -5.38097e+14 -5.38097e+14  5.38097e+14
  300.00  1.31663  2.57030e+16  2.57030e+16  2.57030e+16  5.38259e+14  5.38259e+14 -5.38259e+14
  300.00  1.34669  2.84388e+16  2.84388e+16  2.84388e+16  3.23237e+14  3.23237e+14 -3.23237e+14
  300.00  1.37675  3.20865e+16  3.20865e+16  3.20865e+16 -7.20844e+14 -7.20844e+14  7.20844e+14
  300.00  1.40681  2.91197e+16  2.91197e+16  2.91197e+16 -6.07666e+14 -6.07666e+14  6.07666e+14
  300.00  1.43687  2.58488e+16  2.58488e+16  2.58488e+16 -5.62253e+14 -5.62253e+14  5.62253e+14
  300.00  1.46693  2.50784e+16  2.50784e+16  2.50784e+16 -7.03066e+14 -7.03066e+14  7.03066e+14
  300.00  1.49699  2.53966e+16  2.53966e+16  2.53966e+16 -2.89124e+14 -2.89124e+14  2.89124e+14
  300.00  1.52705  2.51933e+16  2.51933e+16  2.51933e+16  4.32656e+14  4.32656e+14 -4.32656e+14
  300.00  1.55711  2.12966e+16  2.12966e+16  2.12966e+16  5.33016e+14  5.33016e+14 -5.33016e+14
  300.00  1.58717  2.00823e+16  2.00823e+16  2.00823e+16  1.27437e+14  1.27437e+14 -1.27437e+14
  300.00  1.61723  2.54710e+16  2.54710e+16  2.54710e+16  3.12676e+14  3.12676e+14 -3.12676e+14
  300.00  1.64729  3.03063e+16  3.03063e+16  3.03063e+16  3.29496e+14  3.29496e+14 -3.29496e+14
  300.00  1.67735  3.06538e+16  3.06538e+16  3.06538e+16 -2.64577e+14 -2.64577e+14  2.64577e+14
  300.00  1.70741  2.76588e+16  2.76588e+16  2.76588e+16 -3.30850e+14 -3.30850e+14  3.30850e+14
  300.00  1.73747  2.87989e+16  2.87989e+16  2.87989e+16  1.74039e+14  1.74039e+14 -1.74039e+14
  300.00  1.76754  2.97002e+16  2.97002e+16  2.97002e+16 -2.08003e+14 -2.08003e+14  2.08003e+14
  300.00  1.79760  2.64623e+16  2.64623e+16  2.64623e+16 -5.33564e+14 -5.33564e+14  5.33564e+14
  300.00  1.82766  2.82177e+16  2.82177e+16  2.82177e+16  3.42334e+14  3.42334e+14 -3.42334e+14
  300.00  1.85772  3.34733e+16  3.34733e+16  3.34733e+16  8.68179e+14  8.68179e+14 -8.68179e+14
  300.00  1.88778  3.52837e+16  3.52837e+16  3.52837e+16  7.07584e+14  7.07584e+14 -7.07584e+14
  300.00  1.91784  3.42415e+16  3.42415e+16  3.42415e+16 -2.19949e+14 -2.19949e+14  2.19949e+14
  300.00  1.94790  3.17714e+16  3.17714e+16  3.17714e+16 -6.63428e+14 -6.63428e+14  6.63428e+14
  300.00  1.97796  3.00112e+16  3.00112e+16  3.00112e+16 -4.17465e+14 -4.17465e+14  4.17465e+14
  300.00  2.00802  3.03285e+16  3.03285e+16  3.03285e+16  7.12908e+14  7.12908e+14 -7.12908e+14
  300.00  2.03808  3.15209e+16  3.15209e+16  3.15209e+16  1.71468e+15  1.71468e+15 -1.71468e+15
  300.00  2.06814  3.60181e+16  3.60181e+16  3.60181e+16  9.52928e+14  9.52928e+14 -9.52928e+14
  300.00  2.09820  4.09885e+16  4.09885e+16  4.09885e+16 -4.51114e+14 -4.51114e+14  4.51114e+14
  300.00  2.12826  4.03723e+16  4.03723e+16  4.03723e+16 -7.75033e+14 -7.75033e+14  7.75033e+14
  300.00  2.15832  3.69648e+16  3.69648e+16  3.69648e+16  3.97648e+14  3.97648e+14 -3.97648e+14
  300.00  2.18838  3.72529e+16  3.72529e+16  3.72529e+16  8.77102e+14  8.77102e+14 -8.77102e+14
  300.00  2.21844  3.51675e+16  3.51675e+16  3.51675e+16  3.07647e+13  3.07647e+13 -3.07647e+13
  300.00  2.24850  3.26627e+16  3.26627e+16  3.26627e+16 -1.27451e+14 -1.27451e+14  1.27451e+14
  300.00  2.27856  3.56414e+16  3.56414e+16  3.56414e+16  5.20102e+14  5.20102e+14 -5.20102e+14
  300.00  2.30862  3.95373e+16  3.95373e+16  3.95373e+16  4.63356e+14  4.63356e+14 -4.63356e+14
  300.00  2.33868  3.57746e+16  3.57746e+16  3.57746e+16  2.04952e+14  2.04952e+14 -2.04952e+14
  300.00  2.36874  2.84122e+16  2.84122e+16  2.84122e+16  2.01864e+14  2.01864e+14 -2.01864e+14
  300.00  2.39880  3.03744e+16  3.03744e+16  3.03744e+16  5.91443e+11  5.91439e+11 -5.91445e+11
  300.00  2.42886  3.59664e+16  3.59664e+16  3.59664e+16 -2.17925e+14 -2.17925e+14  2.17925e+14
  300.00  2.45892  3.73349e+16  3.73349e+16  3.73349e+16  2.72679e+14  2.72679e+14 -2.72679e+14
  300.00  2.48898  3.56596e+16  3.56596e+16  3.56596e+16  3.62237e+14  3.62237e+14 -3.62237e+14
  300.00  2.51904  3.25880e+16  3.25880e+16  3.25880e+16 -4.97636e+14 -4.97636e+14  4.97636e+14
  300.00  2.54910  2.98628e+16  2.98628e+16  2.98628e+16 -4.46848e+14 -4.46848e+14  4.46848e+14
  300.00  2.57916  3.41588e+16  3.41588e+16  3.41588e+16  6.47378e+14  6.47378e+14 -6.47378e+14
  300.00  2.60922  4.25777e+16  4.25777e+16  4.25777e+16  8.64185e+14  8.64185e+14 -8.64185e+14
  300.00  2.63928  4.27146e+16  4.27146e+16  4.27146e+16  9.64552e+13  9.64552e+13 -9.64552e+13
  300.00  2.66934  3.66319e+16  3.66319e+16  3.66319e+16 -6.77461e+14 -6.77461e+14  6.77461e+14
  300.00  2.69940  3.43703e+16  3.43703e+16  3.43703e+16 -3.34594e+14 -3.34594e+14  3.34594e+14
  300.00  2.72946  3.42312e+16  3.42312e+16  3.42312e+16  1.03652e+15  1.03652e+15 -1.03652e+15
  300.00  2.75952  3.75947e+16  3.75947e+16  3.75947e+16  7.63740e+14  7.63740e+14 -7.63740e+14
  300.00  2.78958  4.20406e+16  4.20406e+16  4.20406e+16  4.82771e+14  4.82771e+14 -4.82771e+14
  300.00  2.81964  3.88807e+16  3.88807e+16  3.88807e+16  8.91548e+14  8.91548e+14 -8.91548e+14
  300.00  2.84970  3.40020e+16  3.40020e+16  3.40020e+16  5.47426e+14  5.47426e+14 -5.47426e+14
  300.00  2.87976  3.72978e+16  3.72978e+16  3.72978e+16 -4.34993e+14 -4.34993e+14  4.34993e+14
  300.00  2.90982  4.02143e+16  4.02143e+16  4.02143e+16 -8.67048e+14 -8.67048e+14  8.67048e+14
  300.00  2.93988  3.66001e+16  3.66001e+16  3.66001e+16  2.98593e+14  2.98593e+14 -2.98593e+14
  300.00  2.96994  3.57641e+16  3.57641e+16  3.57641e+16  1.46277e+15  1.46277e+15 -1.46277e+15
  300.00  3.00000  3.59979e+16  3.59979e+16  3.59979e+16  1.01479e+15  1.01479e+15 -1.01479e+15
