  300.00 -12.00000  2.07298e+03  2.07298e+03  2.07298e+03 -1.62412e+03 -1.62412e+03  1.62412e+03
  300.00 -11.96994  6.01065e+03  6.01065e+03  6.01065e+03 -4.70462e+03 -4.70462e+03  4.70462e+03
  300.00 -11.93988  1.73398e+04  1.73398e+04  1.73398e+04 -1.35576e+04 -1.35576e+04  1.35576e+04
  300.00 -11.90982  4.97419e+04  4.97419e+04  4.97419e+04 -3.88459e+04 -3.88459e+04  3.88459e+04
  300.00 -11.87976  1.41800e+05  1.41800e+05  1.41800e+05 -1.10591e+05 -1.10591e+05  1.10591e+05
  300.00 -11.84970  4.01394e+05  4.01394e+05  4.01394e+05 -3.12578e+05 -3.12578e+05  3.12578e+05
  300.00 -11.81964  1.12722e+06  1.12722e+06  1.12722e+06 -8.76295e+05 -8.76295e+05  8.76295e+05
  300.00 -11.78958  3.13697e+06  3.13697e+06  3.13697e+06 -2.43384e+06 -2.43384e+06  2.43384e+06
  300.00 -11.75952  8.63940e+06  8.63940e+06  8.63940e+06 -6.68757e+06 -6.68757e+06  6.68757e+06
  300.00 -11.72946  2.35069e+07  2.35069e+07  2.35069e+07 -1.81472e+07 -1.81472e+07  1.81472e+07
  300.00 -11.69940  6.30552e+07  6.30552e+07  6.30552e+07 -4.85217e+07 -4.85217e+07  4.85217e+07
  300.00 -11.66934  1.66288e+08  1.66288e+08  1.66288e+08 -1.27462e+08 -1.27462e+08  1.27462e+08
  300.00 -11.63928  4.29564e+08  4.29564e+08  4.29564e+08 -3.27676e+08 -3.27676e+08  3.27676e+08
  300.00 -11.60922  1.08155e+09  1.08155e+09  1.08155e+09 -8.19946e+08 -8.19946e+08  8.19946e+08
  300.00 -11.57916  2.63506e+09  2.63506e+09  2.63506e+09 -1.98150e+09 -1.98150e+09  1.98150e+09
  300.00 -11.54910  6.14446e+09  6.14446e+09  6.14446e+09 -4.56842e+09 -4.56842e+09  4.56842e+09
  300.00 -11.51904  1.34636e+10  1.34636e+10  1.34636e+10 -9.84083e+09 -9.84083e+09  9.84083e+09
  300.00 -11.48898  2.67931e+10  2.67931e+10  2.67931e+10 -1.90218e+10 -1.90218e+10  1.90218e+10
  300.00 -11.45892  4.51422e+10  4.51422e+10  4.51422e+10 -3.01700e+10 -3.01700e+10  3.01700e+10
  300.00 -11.42886  5.55274e+10  5.55274e+10  5.55274e+10 -3.13231e+10 -3.13231e+10  3.13231e+10
  300.00 -11.39880  4.00665e+10  4.00665e+10  4.00665e+10 -1.01696e+10 -1.01696e+10  1.01696e+10
  300.00 -11.36874  2.12676e+10  2.12676e+10  2.12676e+10  4.13927e+09  4.13927e+09 -4.13927e+09
  300.00 -11.33868  2.17690e+10  2.17690e+10  2.17690e+10 -7.18440e+09 -7.18440e+09  7.18440e+09
  300.00 -11.30862  3.31911e+10  3.31911e+10  3.31911e+10 -1.56376e+10 -1.56376e+10  1.56376e+10
  300.00 -11.27856  2.91218e+10  2.91218e+10  2.91218e+10  9.83850e+09  9.83850e+09 -9.83850e+09
  300.00 -11.24850  7.01824e+10  7.01824e+10  7.01824e+10  3.44519e+10  3.44519e+10 -3.44519e+10
  300.00 -11.21844  1.48274e+11  1.48274e+11  1.48274e+11  5.80675e+10  5.80675e+10 -5.80675e+10
  300.00 -11.18838  1.31645e+11  1.31645e+11  1.31645e+11  2.37824e+10  2.37824e+10 -2.37824e+10
  300.00 -11.15832  7.85249e+10  7.85249e+10  7.85249e+10 -2.14573e+10 -2.14573e+10  2.14573e+10
  300.00 -11.12826  7.78804e+10  7.78804e+10  7.78804e+10 -4.48439e+10 -4.48438e+10  4.48438e+10
  300.00 -11.09820  1.66635e+10  1.66635e+10  1.66635e+10 -1.33996e+10 -1.33996e+10  1.33996e+10
  300.00 -11.06814  4.07228e+10  4.07228e+10  4.07228e+10 -2.37740e+09 -2.37740e+09  2.37740e+09
  300.00 -11.03808  5.11531e+10  5.11531e+10  5.11531e+10 -4.36163e+10 -4.36163e+10  4.36163e+10
  300.00 -11.00802  1.80238e+11  1.80238e+11  1.80238e+11  8.85224e+10  8.85224e+10 -8.85224e+10
  300.00 -10.97796  4.63172e+11  4.63172e+11  4.63172e+11  1.59424e+11  1.59424e+11 -1.59424e+11
  300.00 -10.94790  2.82536e+11  2.82536e+11  2.82536e+11 -4.53766e+09 -4.53766e+09  4.53766e+09
  300.00 -10.91784  9.03861e+10  9.03861e+10  9.03861e+10 -6.71196e+10 -6.71196e+10  6.71196e+10
  300.00 -10.88778  3.99394e+10  3.99394e+10  3.99394e+10 -4.88506e+09 -4.88506e+09  4.88506e+09
  300.00 -10.85772  9.75184e+10  9.75184e+10  9.75184e+10  4.62562e+10  4.62562e+10 -4.62562e+10
  300.00 -10.82766  1.72907e+10  1.72907e+10  1.72907e+10  6.08935e+08  6.08935e+08 -6.08935e+08
  300.00 -10.79760  4.06876e+10  4.06876e+10  4.06876e+10  1.44097e+10  1.44097e+10 -1.44097e+10
  300.00 -10.76754  9.90656e+10  9.90656e+10  9.90656e+10  7.82140e+09  7.82140e+09 -7.82140e+09
  300.00 -10.73747  4.62351e+09  4.62351e+09  4.62351e+09  2.31175e+09  2.31175e+09 -2.31175e+09
  300.00 -10.70741  4.28499e+09  4.28499e+09  4.28499e+09  1.65833e+09  1.65833e+09 -1.65833e+09
  300.00 -10.67735  1.53644e+11  1.53644e+11  1.53644e+11  2.09328e+10  2.09328e+10 -2.09328e+10
  300.00 -10.64729  2.08843e+11  2.08843e+11  2.08843e+11  3.28743e+10  3.28743e+10 -3.28743e+10
  300.00 -10.61723  3.76363e+10  3.76363e+10  3.76363e+10  1.12109e+10  1.12109e+10 -1.12109e+10
  300.00 -10.58717  9.48321e+10  9.48321e+10  9.48321e+10  2.35920e+10  2.35920e+10 -2.35920e+10
  300.00 -10.55711  2.26724e+11  2.26724e+11  2.26724e+11  6.73235e+10  6.73235e+10 -6.73235e+10
  300.00 -10.52705  5.93884e+09  5.93884e+09  5.93884e+09 -5.64410e+09 -5.64410e+09  5.64410e+09
  300.00 -10.49699  6.52194e+11  6.52194e+11  6.52194e+11  6.45346e+10  6.45346e+10 -6.45346e+10
  300.00 -10.46693  6.95729e+11  6.95729e+11  6.95729e+11  1.70220e+11  1.70220e+11 -1.70220e+11
  300.00 -10.43687  4.72674e+10  4.72674e+10  4.72674e+10 -1.29789e+10 -1.29789e+10  1.29789e+10
  300.00 -10.40681  2.84167e+11  2.84167e+11  2.84167e+11 -4.34722e+10 -4.34722e+10  4.34721e+10
  300.00 -10.37675  2.06721e+11  2.06721e+11  2.06721e+11  7.84333e+10  7.84333e+10 -7.84333e+10
  300.00 -10.34669  8.74499e+10  8.74498e+10  8.74498e+10  4.37064e+10  4.37064e+10 -4.37064e+10
  300.00 -10.31663  1.08546e+11  1.08546e+11  1.08546e+11 -5.15078e+09 -5.15079e+09  5.15079e+09
  300.00 -10.28657  2.52116e+11  2.52116e+11  2.52116e+11 -8.43989e+10 -8.43989e+10  8.43989e+10
  300.00 -10.25651  1.81970e+11  1.81970e+11  1.81970e+11 -1.80282e+10 -1.80282e+10  1.80282e+10
  300.00 -10.22645  3.97956e+09  3.97956e+09  3.97956e+09 -5.32828e+08 -5.32827e+08  5.32827e+08
  300.00 -10.19639  7.99825e+09  7.99825e+09  7.99825e+09  3.38536e+09  3.38536e+09 -3.38536e+09
  300.00 -10.16633  1.38277e+11  1.38277e+11  1.38277e+11 -1.01770e+11 -1.01770e+11  1.01770e+11
  300.00 -10.13627  2.05335e+11  2.05335e+11  2.05335e+11 -6.63840e+10 -6.63840e+10  6.63840e+10
  300.00 -10.10621  1.71295e+10  1.71295e+10  1.71295e+10 -1.16161e+10 -1.16161e+10  1.16161e+10
  300.00 -10.07615  2.41132e+11  2.41132e+11  2.41132e+11 -1.57414e+11 -1.57414e+11  1.57414e+11
  300.00 -10.04609  1.58862e+11  1.58862e+11  1.58862e+11 -2.67127e+10 -2.67127e+10  2.67127e+10
  300.00 -10.01603  2.58138e+10  2.58138e+10  2.58138e+10  2.20382e+09  2.20382e+09 -2.20382e+09
  300.00 -9.98597  1.17394e+11  1.17394e+11  1.17394e+11 -3.13034e+09 -3.13034e+09  3.13034e+09
  300.00 -9.95591  1.59478e+11  1.59478e+11  1.59478e+11  9.65528e+09  9.65528e+09 -9.65529e+09
  300.00 -9.92585  9.45708e+10  9.45708e+10  9.45708e+10 -2.83903e+10 -2.83903e+10  2.83903e+10
  300.00 -9.89579  8.20993e+11  8.20993e+11  8.20993e+11 -3.99154e+10 -3.99154e+10  3.99154e+10
  300.00 -9.86573  8.29017e+11  8.29017e+11  8.29017e+11  1.19341e+10  1.19341e+10 -1.19341e+10
  300.00 -9.83567  1.92470e+11  1.92470e+11  1.92470e+11 -1.43385e+10 -1.43385e+10  1.43385e+10
  300.00 -9.80561  1.03251e+11  1.03251e+11  1.03251e+11 -3.48613e+10 -3.48613e+10  3.48613e+10
  300.00 -9.77555  2.91892e+11  2.91892e+11  2.91892e+11 -1.08094e+10 -1.08094e+10  1.08094e+10
  300.00 -9.74549  7.34389e+10  7.34389e+10  7.34389e+10  1.76777e+10  1.76777e+10 -1.76777e+10
  300.00 -9.71543  3.01937e+11  3.01937e+11  3.01937e+11 -5.88961e+10 -5.88961e+10  5.88961e+10
  300.00 -9.68537  1.47083e+12  1.47083e+12  1.47083e+12 -5.92487e+10 -5.92487e+10  5.92487e+10
  300.00 -9.65531  1.01949e+11  1.01949e+11  1.01949e+11  1.58062e+10  1.58062e+10 -1.58062e+10
  300.00 -9.62525  1.15609e+12  1.15609e+12  1.15609e+12 -1.08280e+11 -1.08280e+11  1.08280e+11
  300.00 -9.59519  5.58943e+11  5.58943e+11  5.58943e+11 -8.04829e+10 -8.04829e+10  8.04829e+10
  300.00 -9.56513  7.54343e+10  7.54343e+10  7.54343e+10  1.14997e+10  1.14997e+10 -1.14997e+10
  300.00 -9.53507  1.75224e+11  1.75224e+11  1.75224e+11 -2.75798e+10 -2.75798e+10  2.75798e+10
  300.00 -9.50501  1.22304e+11  1.22304e+11  1.22304e+11 -3.10436e+10 -3.10436e+10  3.10436e+10
  300.00 -9.47495  3.08341e+11  3.08341e+11  3.08341e+11 -2.97867e+10 -2.97867e+10  2.97867e+10
  300.00 -9.44489  1.74887e+11  1.74887e+11  1.74887e+11 -2.78280e+10 -2.78280e+10  2.78280e+10
  300.00 -9.41483  6.80446e+11  6.80446e+11  6.80446e+11  3.83247e+10  3.83247e+10 -3.83247e+10
  300.00 -9.38477  3.64475e+12  3.64475e+12  3.64475e+12 -5.16783e+10 -5.16783e+10  5.16783e+10
  300.00 -9.35471  2.23846e+12  2.23846e+12  2.23846e+12 -1.13761e+11 -1.13761e+11  1.13762e+11
  300.00 -9.32465  3.38056e+09  3.38056e+09  3.38056e+09 -2.80606e+09 -2.80606e+09  2.80606e+09
  300.00 -9.29459  6.16395e+11  6.16395e+11  6.16395e+11 -6.07060e+09 -6.07059e+09  6.07059e+09
  300.00 -9.26453  9.21960e+10  9.21960e+10  9.21960e+10 -2.73484e+10 -2.73484e+10  2.73484e+10
  300.00 -9.23447  7.82856e+10  7.82856e+10  7.82856e+10  3.64426e+09  3.64426e+09 -3.64426e+09
  300.00 -9.20441  5.02632e+10  5.02632e+10  5.02632e+10  1.41934e+10  1.41934e+10 -1.41934e+10
  300.00 -9.17435  7.54266e+11  7.54266e+11  7.54266e+11 -4.14020e+09 -4.14020e+09  4.14020e+09
  300.00 -9.14429  1.21995e+11  1.21995e+11  1.21995e+11 -2.05712e+10 -2.05712e+10  2.05712e+10
  300.00 -9.11423  7.56125e+10  7.56125e+10  7.56125e+10  9.92550e+09  9.92550e+09 -9.92550e+09
  300.00 -9.08417  1.10749e+11  1.10749e+11  1.10749e+11  2.92489e+10  2.92489e+10 -2.92489e+10
  300.00 -9.05411  1.36295e+11  1.36295e+11  1.36295e+11  3.05930e+10  3.05930e+10 -3.05930e+10
  300.00 -9.02405  4.88718e+11  4.88718e+11  4.88718e+11 -6.37479e+10 -6.37478e+10  6.37479e+10
  300.00 -8.99399  2.08087e+11  2.08087e+11  2.08087e+11 -8.19285e+10 -8.19285e+10  8.19285e+10
  300.00 -8.96393  1.67721e+11  1.67721e+11  1.67721e+11  4.64618e+10  4.64618e+10 -4.64618e+10
  300.00 -8.93387  1.33309e+12  1.33309e+12  1.33309e+12  4.79516e+09  4.79517e+09 -4.79517e+09
  300.00 -8.90381  2.56438e+11  2.56438e+11  2.56438e+11 -7.89464e+10 -7.89464e+10  7.89464e+10
  300.00 -8.87375  8.34172e+11  8.34172e+11  8.34172e+11  8.69935e+10  8.69935e+10 -8.69935e+10
  300.00 -8.84369  1.54098e+12  1.54098e+12  1.54098e+12 -1.33573e+11 -1.33573e+11  1.33573e+11
  300.00 -8.81363  2.48146e+11  2.48146e+11  2.48146e+11 -9.52830e+10 -9.52830e+10  9.52830e+10
  300.00 -8.78357  2.85222e+09  2.85222e+09  2.85222e+09 -2.27029e+09 -2.27029e+09  2.27029e+09
  300.00 -8.75351  2.50583e+11  2.50583e+11  2.50583e+11  5.85205e+09  5.85205e+09 -5.85205e+09
  300.00 -8.72345  4.18140e+11  4.18140e+11  4.18140e+11  5.47370e+10  5.47370e+10 -5.47370e+10
  300.00 -8.69339  1.14813e+11  1.14813e+11  1.14813e+11 -4.69360e+10 -4.69360e+10  4.69360e+10
  300.00 -8.66333  7.42990e+11  7.42990e+11  7.42990e+11 -1.19550e+11 -1.19550e+11  1.19550e+11
  300.00 -8.63327  3.42519e+11  3.42519e+11  3.42519e+11  5.42114e+10  5.42114e+10 -5.42114e+10
  300.00 -8.60321  2.47115e+12  2.47115e+12  2.47115e+12 -1.28880e+11 -1.28880e+11  1.28880e+11
  300.00 -8.57315  2.43365e+11  2.43365e+11  2.43365e+11 -1.05347e+11 -1.05347e+11  1.05347e+11
  300.00 -8.54309  1.54596e+12  1.54596e+12  1.54596e+12  8.73925e+10  8.73925e+10 -8.73925e+10
  300.00 -8.51303  2.42819e+12  2.42819e+12  2.42819e+12 -1.98776e+11 -1.98776e+11  1.98776e+11
  300.00 -8.48297  1.29633e+12  1.29633e+12  1.29633e+12 -9.76129e+10 -9.76129e+10  9.76129e+10
  300.00 -8.45291  1.13799e+12  1.13799e+12  1.13799e+12  1.38676e+11  1.38676e+11 -1.38676e+11
  300.00 -8.42285  7.30393e+11  7.30393e+11  7.30393e+11  9.33413e+10  9.33413e+10 -9.33413e+10
  300.00 -8.39279  4.46298e+11  4.46298e+11  4.46298e+11  8.26567e+10  8.26567e+10 -8.26567e+10
  300.00 -8.36273  5.17998e+12  5.17998e+12  5.17998e+12  2.24861e+11  2.24861e+11 -2.24861e+11
  300.00 -8.33267  4.23904e+12  4.23904e+12  4.23904e+12 -3.48082e+10 -3.48083e+10  3.48083e+10
  300.00 -8.30261  3.48588e+11  3.48588e+11  3.48588e+11 -3.63155e+09 -3.63156e+09  3.63156e+09
  300.00 -8.27255  2.94903e+09  2.94903e+09  2.94903e+09  6.06110e+08  6.06110e+08 -6.06110e+08
  300.00 -8.24248  2.20766e+11  2.20766e+11  2.20766e+11 -1.81529e+10 -1.81529e+10  1.81529e+10
  300.00 -8.21242  6.70606e+10  6.70606e+10  6.70606e+10 -1.81351e+10 -1.81351e+10  1.81351e+10
  300.00 -8.18236  5.70808e+11  5.70808e+11  5.70808e+11  2.63599e+09  2.63598e+09 -2.63598e+09
  300.00 -8.15230  2.11144e+12  2.11144e+12  2.11144e+12 -1.30075e+11 -1.30075e+11  1.30075e+11
  300.00 -8.12224  4.55953e+10  4.55953e+10  4.55953e+10 -3.22820e+10 -3.22820e+10  3.22820e+10
  300.00 -8.09218  1.82428e+12  1.82428e+12  1.82428e+12 -1.06663e+10 -1.06663e+10  1.06663e+10
  300.00 -8.06212  1.18804e+12  1.18804e+12  1.18804e+12 -1.76644e+11 -1.76644e+11  1.76644e+11
  300.00 -8.03206  9.59488e+08  9.59488e+08  9.59488e+08 -7.96697e+08 -7.96697e+08  7.96697e+08
  300.00 -8.00200  1.98379e+09  1.98379e+09  1.98379e+09 -1.96920e+09 -1.96920e+09  1.96920e+09
  300.00 -7.97194  1.93936e+10  1.93936e+10  1.93936e+10  6.51928e+09  6.51928e+09 -6.51928e+09
  300.00 -7.94188  5.34531e+11  5.34531e+11  5.34531e+11  9.50126e+10  9.50126e+10 -9.50126e+10
  300.00 -7.91182  1.12103e+12  1.12103e+12  1.12103e+12  9.05615e+10  9.05615e+10 -9.05615e+10
  300.00 -7.88176  4.73493e+10  4.73493e+10  4.73493e+10  1.54035e+10  1.54035e+10 -1.54035e+10
  300.00 -7.85170  2.25141e+12  2.25141e+12  2.25141e+12  1.16565e+11  1.16565e+11 -1.16565e+11
  300.00 -7.82164  1.06409e+12  1.06409e+12  1.06409e+12  4.01379e+10  4.01379e+10 -4.01379e+10
  300.00 -7.79158  5.49829e+11  5.49829e+11  5.49829e+11 -5.74304e+10 -5.74304e+10  5.74304e+10
  300.00 -7.76152  2.96820e+12  2.96820e+12  2.96820e+12 -1.07253e+11 -1.07253e+11  1.07253e+11
  300.00 -7.73146  3.57262e+11  3.57262e+11  3.57262e+11  7.93187e+10  7.93187e+10 -7.93187e+10
  300.00 -7.70140  4.26504e+11  4.26504e+11  4.26504e+11 -5.97641e+10 -5.97641e+10  5.97641e+10
  300.00 -7.67134  4.18815e+09  4.18815e+09  4.18815e+09  1.58033e+09  1.58033e+09 -1.58033e+09
  300.00 -7.64128  6.09892e+11  6.09892e+11  6.09892e+11 -3.42976e+10 -3.42976e+10  3.42976e+10
  300.00 -7.61122  4.08491e+11  4.08491e+11  4.08491e+11  2.39281e+10  2.39281e+10 -2.39281e+10
  300.00 -7.58116  5.21830e+12  5.21830e+12  5.21830e+12  1.15729e+11  1.15729e+11 -1.15729e+11
  300.00 -7.55110  2.03347e+12  2.03347e+12  2.03347e+12  1.50221e+11  1.50221e+11 -1.50221e+11
  300.00 -7.52104  2.89984e+10  2.89984e+10  2.89984e+10  1.36638e+10  1.36638e+10 -1.36638e+10
  300.00 -7.49098  1.21521e+11  1.21521e+11  1.21521e+11 -3.74088e+10 -3.74088e+10  3.74088e+10
  300.00 -7.46092  2.13294e+11  2.13294e+11  2.13294e+11 -9.14257e+10 -9.14257e+10  9.14257e+10
  300.00 -7.43086  2.63655e+11  2.63655e+11  2.63655e+11  3.17826e+10  3.17826e+10 -3.17826e+10
  300.00 -7.40080  4.06637e+12  4.06637e+12  4.06637e+12 -9.10565e+10 -9.10565e+10  9.10565e+10
  300.00 -7.37074  1.73009e+12  1.73009e+12  1.73009e+12 -7.57120e+10 -7.57121e+10  7.57120e+10
  300.00 -7.34068  2.11701e+12  2.11701e+12  2.11701e+12  2.12031e+10  2.12031e+10 -2.12031e+10
  300.00 -7.31062  3.49559e+12  3.49559e+12  3.49559e+12  3.86107e+10  3.86107e+10 -3.86107e+10
  300.00 -7.28056  7.65553e+09  7.65553e+09  7.65553e+09  2.52620e+09  2.52620e+09 -2.52620e+09
  300.00 -7.25050  6.49962e+11  6.49962e+11  6.49962e+11  2.93342e+10  2.93342e+10 -2.93342e+10
  300.00 -7.22044  3.00533e+11  3.00533e+11  3.00533e+11  1.18575e+10  1.18575e+10 -1.18575e+10
  300.00 -7.19038  5.32129e+11  5.32129e+11  5.32129e+11 -5.25507e+10 -5.25507e+10  5.25507e+10
  300.00 -7.16032  7.51292e+11  7.51292e+11  7.51292e+11 -3.68098e+10 -3.68098e+10  3.68098e+10
  300.00 -7.13026  2.79914e+10  2.79914e+10  2.79914e+10 -4.54365e+09 -4.54365e+09  4.54365e+09
  300.00 -7.10020  3.64554e+12  3.64554e+12  3.64554e+12 -4.43043e+10 -4.43043e+10  4.43043e+10
  300.00 -7.07014  4.24606e+12  4.24606e+12  4.24606e+12 -7.53357e+09 -7.53357e+09  7.53357e+09
  300.00 -7.04008  2.82793e+10  2.82793e+10  2.82793e+10 -2.70879e+09 -2.70879e+09  2.70879e+09
  300.00 -7.01002  4.19398e+12  4.19398e+12  4.19398e+12  1.55113e+11  1.55113e+11 -1.55113e+11
  300.00 -6.97996  3.34594e+12  3.34594e+12  3.34594e+12  1.40346e+11  1.40346e+11 -1.40346e+11
  300.00 -6.94990  2.70155e+11  2.70155e+11  2.70155e+11 -4.00081e+10 -4.00081e+10  4.00081e+10
  300.00 -6.91984  1.99082e+11  1.99082e+11  1.99082e+11 -5.27834e+10 -5.27835e+10  5.27835e+10
  300.00 -6.88978  2.81296e+11  2.81296e+11  2.81296e+11 -3.25705e+10 -3.25704e+10  3.25705e+10
  300.00 -6.85972  6.54827e+11  6.54827e+11  6.54827e+11 -7.92112e+10 -7.92112e+10  7.92112e+10
  300.00 -6.82966  3.98535e+12  3.98535e+12  3.98535e+12 -2.63215e+11 -2.63215e+11  2.63215e+11
  300.00 -6.79960  3.23136e+12  3.23136e+12  3.23136e+12 -7.70535e+10 -7.70535e+10  7.70535e+10
  300.00 -6.76954  1.13906e+12  1.13906e+12  1.13906e+12  7.33346e+10  7.33346e+10 -7.33346e+10
  300.00 -6.73948  2.47420e+12  2.47420e+12  2.47420e+12  1.19266e+11  1.19266e+11 -1.19266e+11
  300.00 -6.70942  3.29452e+12  3.29452e+12  3.29452e+12  1.14493e+11  1.14493e+11 -1.14493e+11
  300.00 -6.67936  1.09940e+11  1.09940e+11  1.09940e+11  1.11930e+10  1.11930e+10 -1.11930e+10
  300.00 -6.64930  4.73702e+12  4.73702e+12  4.73702e+12 -7.30445e+10 -7.30445e+10  7.30445e+10
  300.00 -6.61924  9.72340e+12  9.72340e+12  9.72340e+12  2.30008e+11  2.30008e+11 -2.30008e+11
  300.00 -6.58918  1.14180e+12  1.14180e+12  1.14180e+12  2.22652e+11  2.22652e+11 -2.22652e+11
  300.00 -6.55912  1.01098e+12  1.01098e+12  1.01098e+12 -1.89206e+11 -1.89206e+11  1.89206e+11
  300.00 -6.52906  4.04780e+11  4.04780e+11  4.04780e+11  3.95407e+10  3.95407e+10 -3.95407e+10
  300.00 -6.49900  1.97210e+11  1.97210e+11  1.97210e+11 -9.71744e+10 -9.71744e+10  9.71744e+10
  300.00 -6.46894  1.10620e+10  1.10620e+10  1.10620e+10  1.17224e+09  1.17224e+09 -1.17224e+09
  300.00 -6.43888  3.30514e+11  3.30514e+11  3.30514e+11  5.19886e+10  5.19886e+10 -5.19886e+10
  300.00 -6.40882  2.90424e+11  2.90424e+11  2.90424e+11 -2.17824e+10 -2.17824e+10  2.17824e+10
  300.00 -6.37876  2.50587e+12  2.50587e+12  2.50587e+12  2.22740e+11  2.22740e+11 -2.22740e+11
  300.00 -6.34870  6.85073e+10  6.85073e+10  6.85073e+10 -3.04094e+10 -3.04094e+10  3.04094e+10
  300.00 -6.31864  3.53995e+12  3.53995e+12  3.53995e+12 -2.76207e+11 -2.76207e+11  2.76207e+11
  300.00 -6.28858  2.19337e+12  2.19337e+12  2.19337e+12  3.98611e+11  3.98611e+11 -3.98611e+11
  300.00 -6.25852  1.60153e+11  1.60153e+11  1.60153e+11 -1.52874e+11 -1.52874e+11  1.52874e+11
  300.00 -6.22846  1.32279e+12  1.32279e+12  1.32279e+12  1.29429e+10  1.29429e+10 -1.29429e+10
  300.00 -6.19840  5.65459e+10  5.65459e+10  5.65459e+10  2.58802e+10  2.58802e+10 -2.58802e+10
  300.00 -6.16834  3.29923e+11  3.29923e+11  3.29923e+11  4.25840e+10  4.25840e+10 -4.25840e+10
  300.00 -6.13828  9.39275e+10  9.39275e+10  9.39275e+10 -5.85725e+10 -5.85725e+10  5.85725e+10
  300.00 -6.10822  2.51779e+10  2.51779e+10  2.51779e+10  1.21937e+10  1.21937e+10 -1.21937e+10
  300.00 -6.07816  1.88793e+12  1.88793e+12  1.88793e+12 -3.02673e+11 -3.02673e+11  3.02673e+11
  300.00 -6.04810  2.83111e+12  2.83111e+12  2.83111e+12  1.60104e+11  1.60104e+11 -1.60104e+11
  300.00 -6.01804  1.08815e+11  1.08815e+11  1.08815e+11  5.07137e+10  5.07137e+10 -5.07137e+10
  300.00 -5.98798  2.29288e+11  2.29288e+11  2.29288e+11  2.77533e+09  2.77533e+09 -2.77533e+09
  300.00 -5.95792  1.15498e+11  1.15498e+11  1.15498e+11  7.70494e+08  7.70499e+08 -7.70497e+08
  300.00 -5.92786  5.11511e+11  5.11511e+11  5.11511e+11 -8.10850e+09 -8.10850e+09  8.10850e+09
  300.00 -5.89780  2.69339e+12  2.69339e+12  2.69339e+12  2.12507e+11  2.12507e+11 -2.12507e+11
  300.00 -5.86774  2.13580e+12  2.13580e+12  2.13580e+12  4.02076e+11  4.02076e+11 -4.02076e+11
  300.00 -5.83768  1.74048e+12  1.74048e+12  1.74048e+12 -4.07691e+11 -4.07691e+11  4.07691e+11
  300.00 -5.80762  1.00966e+13  1.00966e+13  1.00966e+13 -1.36833e+10 -1.36833e+10  1.36833e+10
  300.00 -5.77756  4.61037e+12  4.61037e+12  4.61037e+12  5.95114e+11  5.95114e+11 -5.95114e+11
  300.00 -5.74749  3.58884e+10  3.58884e+10  3.58884e+10  1.69581e+10  1.69581e+10 -1.69581e+10
  300.00 -5.71743  6.00356e+10  6.00356e+10  6.00356e+10 -1.78152e+10 -1.78152e+10  1.78152e+10
  300.00 -5.68737  2.63760e+11  2.63760e+11  2.63760e+11 -7.74315e+10 -7.74315e+10  7.74315e+10
  300.00 -5.65731  3.48368e+12  3.48368e+12  3.48368e+12 -1.86102e+11 -1.86102e+11  1.86102e+11
  300.00 -5.62725  6.71680e+12  6.71680e+12  6.71680e+12 -1.54964e+10 -1.54963e+10  1.54964e+10
  300.00 -5.59719  3.40140e+10  3.40140e+10  3.40140e+10  1.52357e+10  1.52357e+10 -1.52357e+10
  300.00 -5.56713  7.26946e+12  7.26946e+12  7.26946e+12 -5.09483e+11 -5.09483e+11  5.09483e+11
  300.00 -5.53707  2.44330e+12  2.44330e+12  2.44330e+12 -2.16456e+11 -2.16456e+11  2.16456e+11
  300.00 -5.50701  9.10990e+11  9.10990e+11  9.10990e+11  1.07449e+11  1.07449e+11 -1.07449e+11
  300.00 -5.47695  2.00696e+12  2.00696e+12  2.00696e+12 -8.70381e+10 -8.70381e+10  8.70381e+10
  300.00 -5.44689  1.28825e+12  1.28825e+12  1.28825e+12 -4.34729e+11 -4.34729e+11  4.34729e+11
  300.00 -5.41683  2.37271e+12  2.37271e+12  2.37271e+12 -3.70779e+11 -3.70779e+11  3.70779e+11
  300.00 -5.38677  2.32059e+12  2.32059e+12  2.32059e+12  7.09675e+10  7.09675e+10 -7.09675e+10
  300.00 -5.35671  2.48873e+11  2.48873e+11  2.48873e+11 -9.62936e+10 -9.62936e+10  9.62936e+10
  300.00 -5.32665  5.19646e+12  5.19646e+12  5.19646e+12 -3.42923e+11 -3.42923e+11  3.42923e+11
  300.00 -5.29659  2.95524e+12  2.95524e+12  2.95524e+12 -1.31582e+11 -1.31582e+11  1.31582e+11
  300.00 -5.26653  5.64446e+11  5.64446e+11  5.64446e+11 -3.67873e+09 -3.67873e+09  3.67873e+09
  300.00 -5.23647  2.82034e+12  2.82034e+12  2.82034e+12 -6.30240e+10 -6.30240e+10  6.30240e+10
  300.00 -5.20641  5.86858e+12  5.86858e+12  5.86858e+12 -1.04749e+11 -1.04749e+11  1.04749e+11
  300.00 -5.17635  8.52845e+11  8.52845e+11  8.52845e+11 -4.73211e+09 -4.73212e+09  4.73212e+09
  300.00 -5.14629  3.57823e+12  3.57823e+12  3.57823e+12 -1.66696e+11 -1.66696e+11  1.66696e+11
  300.00 -5.11623  8.17505e+12  8.17505e+12  8.17505e+12 -1.90036e+11 -1.90036e+11  1.90036e+11
  300.00 -5.08617  1.50220e+11  1.50220e+11  1.50220e+11  4.66850e+10  4.66850e+10 -4.66850e+10
  300.00 -5.05611  2.29983e+12  2.29983e+12  2.29983e+12 -1.51041e+11 -1.51041e+11  1.51041e+11
  300.00 -5.02605  7.23245e+10  7.23245e+10  7.23245e+10  3.27862e+10  3.27862e+10 -3.27862e+10
  300.00 -4.99599  1.72769e+12  1.72769e+12  1.72769e+12 -2.47350e+11 -2.47350e+11  2.47350e+11
  300.00 -4.96593  3.82706e+11  3.82706e+11  3.82706e+11  8.41117e+09  8.41116e+09 -8.41116e+09
  300.00 -4.93587  6.47620e+10  6.47620e+10  6.47620e+10  1.38586e+10  1.38586e+10 -1.38586e+10
  300.00 -4.90581  3.45152e+10  3.45152e+10  3.45152e+10  9.15093e+09  9.15093e+09 -9.15093e+09
  300.00 -4.87575  1.25711e+12  1.25711e+12  1.25711e+12  3.83122e+10  3.83122e+10 -3.83122e+10
  300.00 -4.84569  7.16297e+12  7.16297e+12  7.16297e+12 -6.39795e+11 -6.39795e+11  6.39795e+11
  300.00 -4.81563  4.12119e+12  4.12119e+12  4.12119e+12 -5.30094e+11 -5.30094e+11  5.30094e+11
  300.00 -4.78557  5.29414e+11  5.29414e+11  5.29414e+11  7.09918e+10  7.09918e+10 -7.09918e+10
  300.00 -4.75551  6.72642e+12  6.72642e+12  6.72642e+12 -3.01269e+11 -3.01269e+11  3.01269e+11
  300.00 -4.72545  5.15001e+12  5.15001e+12  5.15001e+12 -1.11880e+11 -1.11880e+11  1.11880e+11
  300.00 -4.69539  3.35979e+12  3.35979e+12  3.35979e+12  2.99262e+10  2.99262e+10 -2.99262e+10
  300.00 -4.66533  2.04210e+12  2.04210e+12  2.04210e+12 -1.19455e+11 -1.19455e+11  1.19455e+11
  300.00 -4.63527  7.54826e+11  7.54826e+11  7.54826e+11 -1.54515e+11 -1.54515e+11  1.54515e+11
  300.00 -4.60521  9.21069e+11  9.21069e+11  9.21069e+11  1.55528e+11  1.55528e+11 -1.55528e+11
  300.00 -4.57515  6.01377e+12  6.01377e+12  6.01377e+12 -1.78349e+11 -1.78349e+11  1.78349e+11
  300.00 -4.54509  2.36401e+12  2.36401e+12  2.36401e+12 -4.32566e+11 -4.32566e+11  4.32566e+11
  300.00 -4.51503  1.82702e+10  1.82702e+10  1.82702e+10 -1.77058e+10 -1.77058e+10  1.77058e+10
  300.00 -4.48497  1.69210e+11  1.69210e+11  1.69210e+11  4.09642e+10  4.09642e+10 -4.09642e+10
  300.00 -4.45491  1.70719e+12  1.70719e+12  1.70719e+12  1.12196e+11  1.12196e+11 -1.12196e+11
  300.00 -4.42485  5.03407e+12  5.03407e+12  5.03407e+12 -1.96251e+11 -1.96251e+11  1.96251e+11
  300.00 -4.39479  1.62398e+12  1.62398e+12  1.62398e+12 -4.26662e+11 -4.26662e+11  4.26662e+11
  300.00 -4.36473  3.39115e+12  3.39115e+12  3.39115e+12  2.01167e+11  2.01167e+11 -2.01167e+11
  300.00 -4.33467  8.58764e+12  8.58764e+12  8.58764e+12 -8.17282e+11 -8.17282e+11  8.17282e+11
  300.00 -4.30461  1.98032e+12  1.98032e+12  1.98032e+12 -2.28760e+11 -2.28760e+11  2.28760e+11
  300.00 -4.27455  4.16903e+10  4.16903e+10  4.16903e+10 -3.14723e+10 -3.14723e+10  3.14723e+10
  300.00 -4.24449  3.28614e+11  3.28614e+11  3.28614e+11  9.88871e+10  9.88871e+10 -9.88871e+10
  300.00 -4.21443  1.29905e+12  1.29905e+12  1.29905e+12 -1.85038e+11 -1.85038e+11  1.85038e+11
  300.00 -4.18437  1.02016e+11  1.02016e+11  1.02016e+11  5.09335e+10  5.09335e+10 -5.09335e+10
  300.00 -4.15431  1.04128e+12  1.04128e+12  1.04128e+12 -8.99520e+10 -8.99520e+10  8.99520e+10
  300.00 -4.12425  9.68497e+11  9.68497e+11  9.68497e+11  2.45561e+11  2.45561e+11 -2.45561e+11
  300.00 -4.09419  3.86737e+12  3.86737e+12  3.86737e+12 -1.14101e+11 -1.14101e+11  1.14101e+11
  300.00 -4.06413  6.90634e+10  6.90634e+10  6.90634e+10 -6.74683e+10 -6.74683e+10  6.74683e+10
  300.00 -4.03407  3.77309e+12  3.77309e+12  3.77309e+12  3.87880e+11  3.87880e+11 -3.87880e+11
  300.00 -4.00401  5.78157e+12  5.78157e+12  5.78157e+12  4.45206e+11  4.45206e+11 -4.45206e+11
  300.00 -3.97395  3.52157e+12  3.52157e+12  3.52157e+12 -2.34724e+11 -2.34724e+11  2.34724e+11
  300.00 -3.94389  1.57183e+12  1.57183e+12  1.57183e+12 -6.67950e+11 -6.67950e+11  6.67950e+11
  300.00 -3.91383  5.97710e+11  5.97710e+11  5.97710e+11  2.35517e+11  2.35517e+11 -2.35517e+11
  300.00 -3.88377  4.90525e+12  4.90525e+12  4.90525e+12 -2.42216e+11 -2.42216e+11  2.42216e+11
  300.00 -3.85371  1.42162e+12  1.42162e+12  1.42162e+12 -2.38828e+11 -2.38828e+11  2.38828e+11
  300.00 -3.82365  1.51803e+11  1.51803e+11  1.51803e+11 -3.50621e+10 -3.50621e+10  3.50621e+10
  300.00 -3.79359  3.52703e+11  3.52703e+11  3.52703e+11 -1.96211e+11 -1.96211e+11  1.96211e+11
  300.00 -3.76353  2.47438e+11  2.47438e+11  2.47438e+11 -3.08556e+10 -3.08556e+10  3.08556e+10
  300.00 -3.73347  9.97633e+10  9.97633e+10  9.97633e+10 -3.61166e+10 -3.61166e+10  3.61166e+10
  300.00 -3.70341  2.59450e+12  2.59450e+12  2.59450e+12  3.03644e+11  3.03644e+11 -3.03644e+11
  300.00 -3.67335  5.66960e+11  5.66960e+11  5.66960e+11 -2.98517e+11 -2.98517e+11  2.98517e+11
  300.00 -3.64329  3.87480e+12  3.87480e+12  3.87480e+12  3.04989e+11  3.04989e+11 -3.04989e+11
  300.00 -3.61323  4.06372e+12  4.06372e+12  4.06372e+12 -4.96324e+11 -4.96324e+11  4.96324e+11
  300.00 -3.58317  2.98163e+10  2.98163e+10  2.98163e+10 -1.65145e+10 -1.65145e+10  1.65145e+10
  300.00 -3.55311  7.34846e+11  7.34846e+11  7.34846e+11 -1.77032e+11 -1.77032e+11  1.77032e+11
  300.00 -3.52305  1.83260e+12  1.83260e+12  1.83260e+12  1.92206e+11  1.92206e+11 -1.92206e+11
  300.00 -3.49299  5.37111e+12  5.37111e+12  5.37111e+12  9.20780e+11  9.20780e+11 -9.20780e+11
  300.00 -3.46293  5.66361e+12  5.66361e+12  5.66361e+12 -4.59919e+11 -4.59919e+11  4.59919e+11
  300.00 -3.43287  5.55866e+11  5.55866e+11  5.55866e+11  2.17145e+11  2.17145e+11 -2.17145e+11
  300.00 -3.40281  1.23266e+13  1.23266e+13  1.23266e+13  1.54470e+12  1.54470e+12 -1.54470e+12
  300.00 -3.37275  1.18052e+13  1.18052e+13  1.18052e+13 -3.34049e+11 -3.34049e+11  3.34049e+11
  300.00 -3.34269  2.85686e+12  2.85686e+12  2.85686e+12 -8.22669e+11 -8.22669e+11  8.22669e+11
  300.00 -3.31263  9.00087e+11  9.00087e+11  9.00087e+11 -3.19466e+11 -3.19466e+11  3.19466e+11
  300.00 -3.28257  1.13676e+12  1.13676e+12  1.13676e+12 -2.10042e+11 -2.10042e+11  2.10042e+11
  300.00 -3.25251  4.59223e+11  4.59223e+11  4.59223e+11  2.29555e+11  2.29555e+11 -2.29555e+11
  300.00 -3.22244  5.44178e+12  5.44178e+12  5.44178e+12  5.58617e+11  5.58617e+11 -5.58617e+11
  300.00 -3.19238  3.48803e+12  3.48803e+12  3.48803e+12 -9.18021e+11 -9.18021e+11  9.18021e+11
  300.00 -3.16232  2.84897e+11  2.84897e+11  2.84897e+11 -2.80717e+11 -2.80717e+11  2.80717e+11
  300.00 -3.13226  6.58237e+10  6.58237e+10  6.58237e+10  3.17990e+10  3.17990e+10 -3.17990e+10
  300.00 -3.10220  1.38281e+11  1.38281e+11  1.38281e+11  6.90536e+10  6.90536e+10 -6.90536e+10
  300.00 -3.07214  2.52815e+11  2.52815e+11  2.52815e+11 -1.64769e+11 -1.64769e+11  1.64769e+11
  300.00 -3.04208  1.76789e+12  1.76789e+12  1.76789e+12 -1.17694e+10 -1.17694e+10  1.17694e+10
  300.00 -3.01202  4.45978e+10  4.45978e+10  4.45978e+10 -8.15706e+09 -8.15706e+09  8.15706e+09
  300.00 -2.98196  1.70583e+12  1.70583e+12  1.70583e+12 -6.34154e+09 -6.34155e+09  6.34155e+09
  300.00 -2.95190  1.15861e+11  1.15861e+11  1.15861e+11  5.73417e+10  5.73417e+10 -5.73417e+10
  300.00 -2.92184  5.84645e+12  5.84645e+12  5.84645e+12  4.06476e+11  4.06476e+11 -4.06476e+11
  300.00 -2.89178  1.25501e+12  1.25501e+12  1.25501e+12 -1.15430e+11 -1.15430e+11  1.15430e+11
  300.00 -2.86172  1.80129e+12  1.80129e+12  1.80129e+12  2.53841e+11  2.53841e+11 -2.53841e+11
  300.00 -2.83166  7.28427e+12  7.28427e+12  7.28427e+12  2.13555e+11  2.13555e+11 -2.13555e+11
  300.00 -2.80160  7.34967e+12  7.34967e+12  7.34967e+12 -1.10987e+11 -1.10987e+11  1.10987e+11
  300.00 -2.77154  4.89655e+12  4.89655e+12  4.89655e+12  1.24049e+11  1.24049e+11 -1.24049e+11
  300.00 -2.74148  8.09977e+11  8.09977e+11  8.09977e+11  9.33100e+09  9.33100e+09 -9.33101e+09
  300.00 -2.71142  3.41478e+12  3.41478e+12  3.41478e+12  4.11975e+11  4.11975e+11 -4.11975e+11
  300.00 -2.68136  7.88117e+12  7.88117e+12  7.88117e+12  4.81415e+11  4.81415e+11 -4.81415e+11
  300.00 -2.65130  3.11112e+12  3.11112e+12  3.11112e+12 -2.93065e+10 -2.93065e+10  2.93065e+10
  300.00 -2.62124  1.11333e+10  1.11333e+10  1.11333e+10 -1.11270e+10 -1.11270e+10  1.11270e+10
  300.00 -2.59118  5.08899e+11  5.08899e+11  5.08899e+11 -1.88552e+11 -1.88552e+11  1.88552e+11
  300.00 -2.56112  5.01996e+12  5.01996e+12  5.01996e+12 -3.04301e+11 -3.04301e+11  3.04301e+11
  300.00 -2.53106  4.12248e+10  4.12248e+10  4.12248e+10  2.05797e+10  2.05797e+10 -2.05797e+10
  300.00 -2.50100  5.40626e+12  5.40626e+12  5.40626e+12 -3.35260e+11 -3.35260e+11  3.35260e+11
  300.00 -2.47094  3.09922e+12  3.09922e+12  3.09922e+12 -9.31684e+10 -9.31684e+10  9.31684e+10
  300.00 -2.44088  6.07458e+11  6.07458e+11  6.07458e+11 -1.78587e+11 -1.78587e+11  1.78587e+11
  300.00 -2.41082  4.43058e+11  4.43058e+11  4.43058e+11 -1.47862e+11 -1.47862e+11  1.47862e+11
  300.00 -2.38076  2.34174e+11  2.34174e+11  2.34174e+11  5.78291e+10  5.78291e+10 -5.78291e+10
  300.00 -2.35070  3.27754e+12  3.27754e+12  3.27754e+12 -7.49055e+11 -7.49055e+11  7.49055e+11
  300.00 -2.32064  4.83608e+12  4.83608e+12  4.83608e+12 -1.14189e+12 -1.14189e+12  1.14189e+12
  300.00 -2.29058  1.42240e+12  1.42240e+12  1.42240e+12  8.54387e+10  8.54387e+10 -8.54387e+10
  300.00 -2.26052  7.24397e+11  7.24397e+11  7.24397e+11 -3.68908e+11 -3.68908e+11  3.68908e+11
  300.00 -2.23046  3.18594e+12  3.18594e+12  3.18594e+12 -2.99748e+11 -2.99748e+11  2.99748e+11
  300.00 -2.20040  2.94517e+12  2.94517e+12  2.94517e+12 -5.37159e+11 -5.37159e+11  5.37159e+11
  300.00 -2.17034  3.19604e+12  3.19604e+12  3.19604e+12 -2.88707e+11 -2.88706e+11  2.88707e+11
  300.00 -2.14028  2.70373e+12  2.70373e+12  2.70373e+12  8.15993e+11  8.15993e+11 -8.15993e+11
  300.00 -2.11022  6.41754e+11  6.41754e+11  6.41754e+11 -5.88534e+11 -5.88534e+11  5.88534e+11
  300.00 -2.08016  6.09671e+12  6.09671e+12  6.09671e+12 -1.78408e+12 -1.78408e+12  1.78408e+12
  300.00 -2.05010  5.65448e+12  5.65448e+12  5.65448e+12  3.52153e+11  3.52153e+11 -3.52153e+11
  300.00 -2.02004  3.93556e+11  3.93556e+11  3.93556e+11  1.37508e+11  1.37508e+11 -1.37508e+11
  300.00 -1.98998  7.48795e+11  7.48795e+11  7.48795e+11 -6.13130e+11 -6.13130e+11  6.13130e+11
  300.00 -1.95992  2.04742e+11  2.04742e+11  2.04742e+11  7.20820e+10  7.20820e+10 -7.20820e+10
  300.00 -1.92986  1.27863e+12  1.27863e+12  1.27863e+12  4.13017e+11  4.13017e+11 -4.13017e+11
  300.00 -1.89980  1.21940e+12  1.21940e+12  1.21940e+12 -1.04774e+11 -1.04774e+11  1.04774e+11
  300.00 -1.86974  6.35952e+11  6.35952e+11  6.35952e+11 -5.85020e+11 -5.85020e+11  5.85020e+11
  300.00 -1.83968  3.53456e+11  3.53456e+11  3.53456e+11 -3.41447e+11 -3.41447e+11  3.41447e+11
  300.00 -1.80962  1.41507e+10  1.41507e+10  1.41507e+10  3.45094e+09  3.45094e+09 -3.45094e+09
  300.00 -1.77956  3.46090e+11  3.46090e+11  3.46090e+11 -3.25034e+11 -3.25034e+11  3.25034e+11
  300.00 -1.74950  1.51772e+12  1.51772e+12  1.51772e+12 -9.33615e+11 -9.33615e+11  9.33615e+11
  300.00 -1.71944  1.24046e+12  1.24046e+12  1.24046e+12 -3.12274e+11 -3.12274e+11  3.12274e+11
  300.00 -1.68938  1.28000e+12  1.28000e+12  1.28000e+12  4.58303e+11  4.58303e+11 -4.58303e+11
  300.00 -1.65932  7.18214e+12  7.18214e+12  7.18214e+12  1.27259e+12  1.27259e+12 -1.27259e+12
  300.00 -1.62926  1.48489e+13  1.48489e+13  1.48489e+13  5.83618e+11  5.83618e+11 -5.83618e+11
  300.00 -1.59920  7.14077e+12  7.14077e+12  7.14077e+12  8.61760e+11  8.61760e+11 -8.61760e+11
  300.00 -1.56914  7.95073e+11  7.95073e+11  7.95073e+11  3.37177e+11  3.37177e+11 -3.37177e+11
  300.00 -1.53908  4.39789e+12  4.39789e+12  4.39789e+12 -1.04831e+12 -1.04831e+12  1.04831e+12
  300.00 -1.50902  1.62321e+13  1.62321e+13  1.62321e+13  8.02210e+11  8.02210e+11 -8.02210e+11
  300.00 -1.47896  1.51649e+13  1.51649e+13  1.51649e+13  1.74726e+12  1.74726e+12 -1.74726e+12
  300.00 -1.44890  5.58775e+12  5.58775e+12  5.58775e+12  1.07362e+12  1.07362e+12 -1.07362e+12
  300.00 -1.41884  2.95339e+11  2.95339e+11  2.95339e+11  1.02246e+11  1.02246e+11 -1.02246e+11
  300.00 -1.38878  9.58021e+10  9.58021e+10  9.58021e+10  4.78894e+10  4.78894e+10 -4.78894e+10
  300.00 -1.35872  2.84039e+10  2.84039e+10  2.84039e+10  1.23467e+09  1.23467e+09 -1.23467e+09
  300.00 -1.32866  2.17864e+11  2.17864e+11  2.17864e+11  9.02331e+10  9.02331e+10 -9.02331e+10
  300.00 -1.29860  5.12358e+11  5.12358e+11  5.12358e+11 -2.19479e+11 -2.19479e+11  2.19479e+11
  300.00 -1.26854  1.07544e+12  1.07544e+12  1.07544e+12 -6.41996e+11 -6.41996e+11  6.41996e+11
  300.00 -1.23848  2.53232e+12  2.53232e+12  2.53232e+12  4.85255e+11  4.85255e+11 -4.85255e+11
  300.00 -1.20842  2.56025e+12  2.56025e+12  2.56025e+12  8.86435e+11  8.86435e+11 -8.86435e+11
  300.00 -1.17836  2.80955e+11  2.80955e+11  2.80955e+11 -2.43102e+11 -2.43102e+11  2.43102e+11
  300.00 -1.14830  1.00257e+13  1.00257e+13  1.00257e+13 -2.69179e+12 -2.69179e+12  2.69179e+12
  300.00 -1.11824  1.14302e+13  1.14302e+13  1.14302e+13 -4.87866e+11 -4.87866e+11  4.87866e+11
  300.00 -1.08818  1.44786e+12  1.44786e+12  1.44786e+12  6.60895e+11  6.60895e+11 -6.60895e+11
  300.00 -1.05812  2.51812e+12  2.51812e+12  2.51812e+12 -1.18759e+12 -1.18759e+12  1.18759e+12
  300.00 -1.02806  7.28544e+12  7.28544e+12  7.28544e+12 -1.80814e+11 -1.80814e+11  1.80814e+11
  300.00 -0.99800  2.48727e+12  2.48727e+12  2.48727e+12 -5.15380e+10 -5.15380e+10  5.15380e+10
  300.00 -0.96794  8.02475e+10  8.02475e+10  8.02475e+10 -2.94489e+10 -2.94489e+10  2.94489e+10
  300.00 -0.93788  1.11720e+11  1.11720e+11  1.11720e+11  2.12814e+10  2.12814e+10 -2.12814e+10
  300.00 -0.90782  2.68467e+11  2.68467e+11  2.68467e+11  1.28566e+11  1.28566e+11 -1.28566e+11
  300.00 -0.87776  3.41748e+11  3.41748e+11  3.41748e+11  1.40766e+11  1.40766e+11 -1.40766e+11
  300.00 -0.84770  3.46407e+10  3.46407e+10  3.46407e+10  9.55997e+09  9.55997e+09 -9.55997e+09
  300.00 -0.81764  1.55596e+11  1.55596e+11  1.55596e+11  1.48395e+10  1.48395e+10 -1.48395e+10
  300.00 -0.78758  6.73680e+11  6.73680e+11  6.73680e+11 -4.08644e+11 -4.08644e+11  4.08644e+11
  300.00 -0.75752  3.84201e+12  3.84201e+12  3.84201e+12 -5.66128e+11 -5.66128e+11  5.66128e+11
  300.00 -0.72745  3.51047e+12  3.51047e+12  3.51047e+12  1.24515e+11  1.24515e+11 -1.24515e+11
  300.00 -0.69739  2.09710e+11  2.09710e+11  2.09710e+11 -1.13645e+09 -1.13645e+09  1.13645e+09
  300.00 -0.66733  5.69431e+09  5.69431e+09  5.69431e+09 -5.24048e+09 -5.24048e+09  5.24048e+09
  300.00 -0.63727  5.28789e+11  5.28789e+11  5.28789e+11 -2.66476e+11 -2.66476e+11  2.66476e+11
  300.00 -0.60721  4.22304e+12  4.22304e+12  4.22304e+12 -6.64428e+11 -6.64428e+11  6.64428e+11
  300.00 -0.57715  5.95233e+12  5.95233e+12  5.95233e+12  1.85051e+11  1.85051e+11 -1.85051e+11
  300.00 -0.54709  1.52292e+12  1.52292e+12  1.52292e+12  3.73480e+11  3.73480e+11 -3.73480e+11
  300.00 -0.51703  4.84500e+10  4.84500e+10  4.84500e+10 -2.22231e+10 -2.22231e+10  2.22231e+10
  300.00 -0.48697  1.33168e+09  1.33168e+09  1.33168e+09 -1.30181e+09 -1.30181e+09  1.30181e+09
  300.00 -0.45691  1.06500e+12  1.06500e+12  1.06500e+12 -3.59972e+11 -3.59972e+11  3.59972e+11
  300.00 -0.42685  1.45957e+12  1.45957e+12  1.45957e+12 -3.64361e+11 -3.64361e+11  3.64361e+11
  300.00 -0.39679  1.81385e+11  1.81385e+11  1.81385e+11 -7.14957e+09 -7.14957e+09  7.14957e+09
  300.00 -0.36673  2.50826e+12  2.50826e+12  2.50826e+12  2.33277e+11  2.33277e+11 -2.33277e+11
  300.00 -0.33667  8.28825e+11  8.28825e+11  8.28826e+11  9.55523e+10  9.55523e+10 -9.55523e+10
  300.00 -0.30661  5.63385e+10  5.63385e+10  5.63385e+10 -4.32375e+10 -4.32375e+10  4.32375e+10
  300.00 -0.27655  6.02776e+10  6.02776e+10  6.02776e+10 -8.57516e+09 -8.57516e+09  8.57516e+09
  300.00 -0.24649  1.04285e+11  1.04285e+11  1.04285e+11 -5.41069e+10 -5.41069e+10  5.41069e+10
  300.00 -0.21643  2.33022e+11  2.33022e+11  2.33022e+11  3.89588e+10  3.89588e+10 -3.89588e+10
  300.00 -0.18637  2.14390e+11  2.14390e+11  2.14390e+11 -2.58988e+10 -2.58988e+10  2.58988e+10
  300.00 -0.15631  6.94128e+11  6.94128e+11  6.94128e+11  2.33904e+11  2.33904e+11 -2.33904e+11
  300.00 -0.12625  2.73600e+10  2.73600e+10  2.73600e+10 -2.64960e+10 -2.64960e+10  2.64960e+10
  300.00 -0.09619  9.43698e+11  9.43698e+11  9.43698e+11  2.75577e+11  2.75577e+11 -2.75577e+11
  300.00 -0.06613  3.88877e+12  3.88877e+12  3.88877e+12  3.12974e+11  3.12974e+11 -3.12974e+11
  300.00 -0.03607  4.15454e+12  4.15454e+12  4.15454e+12 -7.51836e+10 -7.51836e+10  7.51836e+10
  300.00 -0.00601  3.73097e+11  3.73097e+11  3.73097e+11  6.19566e+10  6.19566e+10 -6.19566e+10
  300.00  0.02405  1.09062e+12  1.09062e+12  1.09062e+12 -1.73763e+11 -1.73763e+11  1.73763e+11
  300.00  0.05411  1.35388e+12  1.35388e+12  1.35388e+12  2.22313e+11  2.22313e+11 -2.22313e+11
  300.00  0.08417  2.19660e+11  2.19660e+11  2.19660e+11  1.08454e+11  1.08454e+11 -1.08454e+11
  300.00  0.11423  9.77235e+10  9.77235e+10  9.77235e+10  1.32966e+09  1.32965e+09 -1.32965e+09
  300.00  0.14429  7.25501e+10  7.25501e+10  7.25501e+10 -3.45862e+10 -3.45862e+10  3.45862e+10
  300.00  0.17435  2.34786e+11  2.34786e+11  2.34786e+11  9.60695e+10  9.60695e+10 -9.60696e+10
  300.00  0.20441  3.63389e+10  3.63389e+10  3.63389e+10 -3.96253e+09 -3.96253e+09  3.96253e+09
  300.00  0.23447  1.76149e+11  1.76149e+11  1.76149e+11 -1.08506e+10 -1.08506e+10  1.08506e+10
  300.00  0.26453  2.18587e+11  2.18587e+11  2.18587e+11 -2.18026e+11 -2.18026e+11  2.18026e+11
  300.00  0.29459  8.60129e+11  8.60129e+11  8.60129e+11  3.16282e+11  3.16282e+11 -3.16282e+11
  300.00  0.32465  7.05283e+11  7.05283e+11  7.05283e+11  1.68284e+11  1.68284e+11 -1.68284e+11
  300.00  0.35471  4.37512e+11  4.37512e+11  4.37512e+11 -3.80493e+11 -3.80493e+11  3.80493e+11
  300.00  0.38477  7.34316e+10  7.34316e+10  7.34316e+10 -3.51434e+10 -3.51434e+10  3.51434e+10
  300.00  0.41483  1.59558e+11  1.59558e+11  1.59558e+11 -1.19469e+11 -1.19469e+11  1.19469e+11
  300.00  0.44489  4.02008e+11  4.02008e+11  4.02008e+11 -8.75168e+10 -8.75168e+10  8.75168e+10
  300.00  0.47495  6.28395e+11  6.28395e+11  6.28395e+11  3.96506e+10  3.96506e+10 -3.96506e+10
  300.00  0.50501  2.11105e+11  2.11105e+11  2.11105e+11 -1.95888e+11 -1.95888e+11  1.95888e+11
  300.00  0.53507  9.86409e+11  9.86409e+11  9.86409e+11 -5.78483e+11 -5.78483e+11  5.78483e+11
  300.00  0.56513  5.29981e+12  5.29981e+12  5.29981e+12 -2.47657e+12 -2.47657e+12  2.47657e+12
  300.00  0.59519  1.03867e+12  1.03867e+12  1.03867e+12 -3.85248e+11 -3.85248e+11  3.85248e+11
  300.00  0.62525  1.00997e+12  1.00997e+12  1.00997e+12 -2.86680e+11 -2.86680e+11  2.86680e+11
  300.00  0.65531  5.73801e+12  5.73801e+12  5.73801e+12 -5.27696e+11 -5.27696e+11  5.27696e+11
  300.00  0.68537  5.28842e+12  5.28842e+12  5.28842e+12 -6.85904e+09 -6.85905e+09  6.85905e+09
  300.00  0.71543  2.24626e+12  2.24626e+12  2.24626e+12 -3.51884e+11 -3.51884e+11  3.51884e+11
  300.00  0.74549  1.85386e+11  1.85386e+11  1.85386e+11  9.21386e+10  9.21386e+10 -9.21386e+10
  300.00  0.77555  2.80172e+12  2.80172e+12  2.80172e+12 -5.79842e+11 -5.79842e+11  5.79842e+11
  300.00  0.80561  7.98154e+11  7.98154e+11  7.98154e+11 -7.45346e+11 -7.45346e+11  7.45346e+11
  300.00  0.83567  2.66248e+12  2.66248e+12  2.66248e+12  8.97423e+11  8.97423e+11 -8.97423e+11
  300.00  0.86573  6.05048e+12  6.05048e+12  6.05048e+12 -8.65281e+10 -8.65281e+10  8.65281e+10
  300.00  0.89579  1.57736e+12  1.57736e+12  1.57736e+12 -9.49750e+11 -9.49750e+11  9.49750e+11
  300.00  0.92585  4.60028e+11  4.60028e+11  4.60028e+11  1.39528e+11  1.39528e+11 -1.39528e+11
  300.00  0.95591  3.87637e+12  3.87637e+12  3.87637e+12  1.02698e+12  1.02698e+12 -1.02698e+12
  300.00  0.98597  1.30994e+13  1.30994e+13  1.30994e+13  2.30009e+12  2.30009e+12 -2.30009e+12
  300.00  1.01603  1.54596e+13  1.54596e+13  1.54596e+13  2.57041e+12  2.57041e+12 -2.57041e+12
  300.00  1.04609  1.24518e+13  1.24518e+13  1.24518e+13 -9.91772e+10 -9.91771e+10  9.91772e+10
  300.00  1.07615  5.40091e+12  5.40091e+12  5.40091e+12 -2.22237e+12 -2.22237e+12  2.22237e+12
  300.00  1.10621  1.16442e+12  1.16442e+12  1.16442e+12  4.70358e+11  4.70358e+11 -4.70358e+11
  300.00  1.13627  8.15778e+12  8.15778e+12  8.15778e+12  2.06659e+12  2.06659e+12 -2.06659e+12
  300.00  1.16633  5.95371e+12  5.95371e+12  5.95371e+12 -3.95156e+11 -3.95156e+11  3.95156e+11
  300.00  1.19639  2.14811e+12  2.14811e+12  2.14811e+12 -1.57798e+12 -1.57798e+12  1.57798e+12
  300.00  1.22645  3.75182e+11  3.75182e+11  3.75182e+11  1.77591e+11  1.77591e+11 -1.77591e+11
  300.00  1.25651  3.02095e+12  3.02095e+12  3.02095e+12 -1.11525e+12 -1.11525e+12  1.11525e+12
  300.00  1.28657  3.12351e+12  3.12351e+12  3.12351e+12 -1.98138e+12 -1.98138e+12  1.98138e+12
  300.00  1.31663  2.27655e+11  2.27655e+11  2.27655e+11 -1.56718e+10 -1.56718e+10  1.56718e+10
  300.00  1.34669  4.92216e+12  4.92216e+12  4.92216e+12 -3.19011e+11 -3.19011e+11  3.19011e+11
  300.00  1.37675  4.85001e+12  4.85001e+12  4.85001e+12 -1.18049e+12 -1.18049e+12  1.18049e+12
  300.00  1.40681  1.59241e+12  1.59241e+12  1.59241e+12 -6.19336e+11 -6.19336e+11  6.19336e+11
  300.00  1.43687  1.15752e+12  1.15752e+12  1.15752e+12 -5.33518e+11 -5.33518e+11  5.33518e+11
  300.00  1.46693  7.55359e+11  7.55359e+11  7.55359e+11 -1.11923e+11 -1.11923e+11  1.11923e+11
  300.00  1.49699  1.24120e+11  1.24120e+11  1.24120e+11  6.07567e+10  6.07567e+10 -6.07567e+10
  300.00  1.52705  6.75114e+11  6.75114e+11  6.75114e+11 -1.87128e+11 -1.87128e+11  1.87128e+11
  300.00  1.55711  1.09359e+12  1.09359e+12  1.09359e+12  2.50158e+11  2.50158e+11 -2.50158e+11
  300.00  1.58717  3.47805e+11  3.47805e+11  3.47805e+11 -2.27727e+11 -2.27727e+11  2.27727e+11
  300.00  1.61723  1.27864e+12  1.27864e+12  1.27864e+12 -3.28375e+11 -3.28375e+11  3.28375e+11
  300.00  1.64729  2.57968e+11  2.57968e+11  2.57968e+11  1.22208e+11  1.22208e+11 -1.22208e+11
  300.00  1.67735  6.98143e+12  6.98143e+12  6.98143e+12 -2.29440e+11 -2.29440e+11  2.29440e+11
  300.00  1.70741  7.05659e+12  7.05659e+12  7.05659e+12 -1.65582e+12 -1.65582e+12  1.65582e+12
  300.00  1.73747  2.32822e+12  2.32822e+12  2.32822e+12 -9.49127e+11 -9.49127e+11  9.49127e+11
  300.00  1.76754  7.04183e+11  7.04183e+11  7.04183e+11 -2.75093e+11 -2.75093e+11  2.75093e+11
  300.00  1.79760  4.77513e+11  4.77513e+11  4.77513e+11  2.21950e+11  2.21950e+11 -2.21950e+11
  300.00  1.82766  7.07567e+12  7.07567e+12  7.07567e+12  7.66918e+11  7.66918e+11 -7.66918e+11
  300.00  1.85772  7.86167e+12  7.86167e+12  7.86167e+12 -1.41103e+12 -1.41103e+12  1.41103e+12
  300.00  1.88778  1.60171e+12  1.60171e+12  1.60171e+12 -1.59255e+12 -1.59255e+12  1.59255e+12
  300.00  1.91784  3.83884e+12  3.83884e+12  3.83884e+12  1.85352e+12  1.85352e+12 -1.85352e+12
  300.00  1.94790  7.52769e+12  7.52769e+12  7.52769e+12  2.33635e+11  2.33635e+11 -2.33635e+11
  300.00  1.97796  4.78791e+12  4.78791e+12  4.78791e+12 -2.04073e+12 -2.04073e+12  2.04073e+12
  300.00  2.00802  1.45559e+12  1.45559e+12  1.45559e+12 -1.37888e+12 -1.37888e+12  1.37888e+12
  300.00  2.03808  4.56319e+11  4.56319e+11  4.56319e+11  2.26821e+11  2.26821e+11 -2.26821e+11
  300.00  2.06814  1.91625e+12  1.91625e+12  1.91625e+12 -4.09899e+11 -4.09899e+11  4.09899e+11
  300.00  2.09820  3.09536e+11  3.09536e+11  3.09536e+11 -2.55553e+11 -2.55553e+11  2.55553e+11
  300.00  2.12826  1.84059e+12  1.84059e+12  1.84059e+12 -2.02893e+11 -2.02893e+11  2.02893e+11
  300.00  2.15832  2.34174e+12  2.34174e+12  2.34174e+12 -4.77756e+11 -4.77756e+11  4.77756e+11
  300.00  2.18838  1.01590e+12  1.01590e+12  1.01590e+12  2.35283e+11  2.35283e+11 -2.35283e+11
  300.00  2.21844  2.49164e+11  2.49164e+11  2.49164e+11  1.23569e+11  1.23569e+11 -1.23569e+11
  300.00  2.24850  1.49251e+12  1.49251e+12  1.49251e+12 -1.39540e+11 -1.39540e+11  1.39540e+11
  300.00  2.27856  6.70338e+12  6.70338e+12  6.70338e+12 -4.89085e+10 -4.89085e+10  4.89085e+10
  300.00  2.30862  3.69818e+12  3.69818e+12  3.69818e+12 -2.26071e+11 -2.26071e+11  2.26071e+11
  300.00  2.33868  3.34093e+10  3.34093e+10  3.34093e+10 -1.22577e+10 -1.22577e+10  1.22577e+10
  300.00  2.36874  2.31519e+10  2.31519e+10  2.31519e+10 -2.62140e+09 -2.62140e+09  2.62140e+09
  300.00  2.39880  1.40721e+12  1.40721e+12  1.40721e+12  2.80021e+11  2.80021e+11 -2.80021e+11
  300.00  2.42886  1.59435e+11  1.59435e+11  1.59435e+11  5.28414e+10  5.28414e+10 -5.28414e+10
  300.00  2.45892  3.27004e+12  3.27004e+12  3.27004e+12 -7.02045e+11 -7.02045e+11  7.02045e+11
  300.00  2.48898  7.34944e+12  7.34944e+12  7.34944e+12  5.89454e+11  5.89454e+11 -5.89454e+11
  300.00  2.51904  4.32773e+12  4.32773e+12  4.32773e+12  5.90857e+11  5.90857e+11 -5.90857e+11
  300.00  2.54910  3.21343e+10  3.21343e+10  3.21343e+10 -5.60513e+09 -5.60513e+09  5.60513e+09
  300.00  2.57916  4.32800e+12  4.32800e+12  4.32800e+12 -5.97340e+10 -5.97339e+10  5.97339e+10
  300.00  2.60922  3.52150e+12  3.52150e+12  3.52150e+12 -1.21210e+12 -1.21210e+12  1.21210e+12
  300.00  2.63928  5.97063e+11  5.97063e+11  5.97063e+11  2.88926e+11  2.88926e+11 -2.88926e+11
  300.00  2.66934  2.06442e+12  2.06442e+12  2.06442e+12  8.64528e+10  8.64528e+10 -8.64528e+10
  300.00  2.69940  6.92256e+11  6.92256e+11  6.92256e+11 -6.26883e+11 -6.26883e+11  6.26883e+11
  300.00  2.72946  3.45829e+11  3.45829e+11  3.45829e+11  1.10125e+11  1.10125e+11 -1.10125e+11
  300.00  2.75952  1.25618e+12  1.25618e+12  1.25618e+12  1.30250e+11  1.30250e+11 -1.30250e+11
  300.00  2.78958  3.11473e+10  3.11473e+10  3.11473e+10 -1.16964e+10 -1.16964e+10  1.16964e+10
  300.00  2.81964  1.58135e+12  1.58135e+12  1.58135e+12  4.71225e+11  4.71225e+11 -4.71225e+11
  300.00  2.84970  4.57610e+11  4.57610e+11  4.57610e+11  1.87007e+11  1.87007e+11 -1.87007e+11
  300.00  2.87976  5.39685e+11  5.39685e+11  5.39685e+11 -3.90626e+11 -3.90626e+11  3.90626e+11
  300.00  2.90982  9.22768e+10  9.22768e+10  9.22768e+10 -4.33783e+10 -4.33783e+10  4.33783e+10
  300.00  2.93988  6.20051e+11  6.20051e+11  6.20051e+11 -5.49311e+11 -5.49311e+11  5.49311e+11
  300.00  2.96994  3.09375e+11  3.09375e+11  3.09375e+11  1.51236e+11  1.51236e+11 -1.51236e+11
  300.00  3.00000  5.01542e+11  5.01542e+11  5.01542e+11 -2.18619e+11 -2.18619e+11  2.18619e+11
