  300.00 -12.00000 -7.17394e-03 -7.17394e-03 -7.17394e-03  2.51877e-03  2.51877e-03  2.51877e-03
  300.00 -11.96994 -6.83003e-03 -6.83003e-03 -6.83003e-03  2.39691e-03  2.39691e-03  2.39691e-03
  300.00 -11.93988 -6.48611e-03 -6.48611e-03 -6.48611e-03  2.27505e-03  2.27505e-03  2.27505e-03
  300.00 -11.90982 -6.14219e-03 -6.14219e-03 -6.14219e-03  2.15319e-03  2.15319e-03  2.15319e-03
  300.00 -11.87976 -5.79828e-03 -5.79828e-03 -5.79828e-03  2.03133e-03  2.03133e-03  2.03133e-03
  300.00 -11.84970 -5.45436e-03 -5.45436e-03 -5.45436e-03  1.90948e-03  1.90948e-03  1.90948e-03
  300.00 -11.81964 -5.11044e-03 -5.11044e-03 -5.11044e-03  1.78762e-03  1.78762e-03  1.78762e-03
  300.00 -11.78958 -4.76652e-03 -4.76653e-03 -4.76652e-03  1.66576e-03  1.66576e-03  1.66576e-03
  300.00 -11.75952 -4.42261e-03 -4.42261e-03 -4.42261e-03  1.54390e-03  1.54390e-03  1.54390e-03
  300.00 -11.72946 -4.07869e-03 -4.07869e-03 -4.07869e-03  1.42204e-03  1.42204e-03  1.42204e-03
  300.00 -11.69940 -3.73476e-03 -3.73476e-03 -3.73476e-03  1.30018e-03  1.30018e-03  1.30018e-03
  300.00 -11.66934 -3.39083e-03 -3.39083e-03 -3.39083e-03  1.17831e-03  1.17831e-03  1.17831e-03
  300.00 -11.63928 -3.04685e-03 -3.04685e-03 -3.04685e-03  1.05642e-03  1.05642e-03  1.05642e-03
  300.00 -11.60922 -2.70276e-03 -2.70276e-03 -2.70276e-03  9.34472e-04  9.34472e-04  9.34472e-04
  300.00 -11.57916 -2.35837e-03 -2.35837e-03 -2.35837e-03  8.12369e-04  8.12369e-04  8.12369e-04
  300.00 -11.54910 -2.01321e-03 -2.01321e-03 -2.01321e-03  6.89858e-04  6.89858e-04  6.89858e-04
  300.00 -11.51904 -1.66616e-03 -1.66616e-03 -1.66616e-03  5.66331e-04  5.66331e-04  5.66331e-04
  300.00 -11.48898 -1.31494e-03 -1.31494e-03 -1.31494e-03  4.40502e-04  4.40502e-04  4.40502e-04
  300.00 -11.45892 -9.56661e-04 -9.56661e-04 -9.56661e-04  3.10457e-04  3.10457e-04  3.10457e-04
  300.00 -11.42886 -5.96031e-04 -5.96031e-04 -5.96031e-04  1.77219e-04  1.77219e-04  1.77219e-04
  300.00 -11.39880 -2.78826e-04 -2.78826e-04 -2.78826e-04  6.05437e-05  6.05437e-05  6.05437e-05
  300.00 -11.36874 -1.10278e-04 -1.10278e-04 -1.10278e-04  7.54208e-06  7.54208e-06  7.54208e-06
  300.00 -11.33868 -9.76717e-05 -9.76717e-05 -9.76717e-05  1.33363e-05  1.33363e-05  1.33363e-05
  300.00 -11.30862 -1.12661e-04 -1.12661e-04 -1.12661e-04  2.00500e-05  2.00500e-05  2.00500e-05
  300.00 -11.27856 -7.30421e-05 -7.30421e-05 -7.30421e-05  2.46193e-07  2.46194e-07  2.46194e-07
  300.00 -11.24850 -7.60009e-05 -7.60009e-05 -7.60009e-05 -7.95821e-06 -7.95821e-06 -7.95821e-06
  300.00 -11.21844 -1.01030e-04 -1.01030e-04 -1.01030e-04 -3.16297e-06 -3.16297e-06 -3.16297e-06
  300.00 -11.18838 -8.02253e-05 -8.02253e-05 -8.02253e-05 -3.50608e-07 -3.50608e-07 -3.50608e-07
  300.00 -11.15832 -5.39766e-05 -5.39766e-05 -5.39766e-05  4.55674e-07  4.55674e-07  4.55674e-07
  300.00 -11.12826 -4.72183e-05 -4.72183e-05 -4.72183e-05  1.63520e-06  1.63520e-06  1.63520e-06
  300.00 -11.09820 -1.88695e-05 -1.88695e-05 -1.88695e-05  1.43381e-06  1.43381e-06  1.43381e-06
  300.00 -11.06814  3.45702e-05  3.45702e-05  3.45702e-05 -7.03742e-07 -7.03742e-07 -7.03742e-07
  300.00 -11.03808  4.01740e-05  4.01740e-05  4.01740e-05 -4.00393e-06 -4.00393e-06 -4.00393e-06
  300.00 -11.00802 -6.17476e-05 -6.17476e-05 -6.17476e-05 -2.44617e-06 -2.44617e-06 -2.44617e-06
  300.00 -10.97796 -1.05002e-04 -1.05002e-04 -1.05002e-04  2.31207e-06  2.31207e-06  2.31207e-06
  300.00 -10.94790 -6.77838e-05 -6.77838e-05 -6.77838e-05  4.73728e-07  4.73728e-07  4.73728e-07
  300.00 -10.91784 -2.83691e-05 -2.83692e-05 -2.83692e-05 -8.09493e-07 -8.09493e-07 -8.09493e-07
  300.00 -10.88778  5.42089e-06  5.42089e-06  5.42089e-06  5.71815e-08  5.71815e-08  5.71815e-08
  300.00 -10.85772  3.15386e-05  3.15386e-05  3.15386e-05  8.71290e-07  8.71290e-07  8.71290e-07
  300.00 -10.82766  1.70420e-05  1.70420e-05  1.70420e-05 -7.63864e-08 -7.63864e-08 -7.63864e-08
  300.00 -10.79760 -2.41937e-05 -2.41937e-05 -2.41937e-05 -3.56257e-07 -3.56257e-07 -3.56257e-07
  300.00 -10.76754 -3.58679e-05 -3.58679e-05 -3.58679e-05 -2.28342e-08 -2.28342e-08 -2.28342e-08
  300.00 -10.73747 -5.82873e-06 -5.82873e-06 -5.82873e-06 -1.53179e-07 -1.53179e-07 -1.53179e-07
  300.00 -10.70741 -4.43780e-06 -4.43780e-06 -4.43780e-06 -1.42543e-07 -1.42543e-07 -1.42543e-07
  300.00 -10.67735 -4.18231e-05 -4.18231e-05 -4.18231e-05 -5.99007e-08 -5.99007e-08 -5.99007e-08
  300.00 -10.64729 -4.27764e-05 -4.27764e-05 -4.27764e-05 -3.24774e-08 -3.24774e-08 -3.24774e-08
  300.00 -10.61723 -1.67234e-05 -1.67234e-05 -1.67234e-05  1.87719e-08  1.87719e-08  1.87719e-08
  300.00 -10.58717 -2.65819e-05 -2.65819e-05 -2.65819e-05  4.84926e-08  4.84926e-08  4.84926e-08
  300.00 -10.55711 -3.70199e-05 -3.70199e-05 -3.70199e-05  2.45141e-07  2.45141e-07  2.45141e-07
  300.00 -10.52705  3.89566e-06  3.89566e-06  3.89566e-06  1.72387e-07  1.72387e-07  1.72387e-07
  300.00 -10.49699  6.60750e-05  6.60750e-05  6.60750e-05 -3.92437e-07 -3.92437e-07 -3.92437e-07
  300.00 -10.46693  8.53615e-05  8.53615e-05  8.53615e-05 -6.66073e-07 -6.66073e-07 -6.66073e-07
  300.00 -10.43687  3.44177e-06  3.44176e-06  3.44177e-06  4.14436e-07  4.14435e-07  4.14435e-07
  300.00 -10.40681 -5.57381e-05 -5.57381e-05 -5.57381e-05  5.25379e-07  5.25379e-07  5.25379e-07
  300.00 -10.37675 -3.83249e-05 -3.83249e-05 -3.83249e-05 -4.60175e-07 -4.60175e-07 -4.60175e-07
  300.00 -10.34669 -2.07044e-05 -2.07044e-05 -2.07044e-05  1.75549e-07  1.75549e-07  1.75549e-07
  300.00 -10.31663 -2.73883e-05 -2.73883e-05 -2.73883e-05  1.03744e-09  1.03744e-09  1.03743e-09
  300.00 -10.28657 -3.77517e-05 -3.77517e-05 -3.77517e-05 -7.60019e-08 -7.60019e-08 -7.60019e-08
  300.00 -10.25651 -2.99055e-05 -2.99055e-05 -2.99055e-05  2.58298e-08  2.58298e-08  2.58298e-08
  300.00 -10.22645 -1.03597e-06 -1.03597e-06 -1.03597e-06 -8.02799e-09 -8.02799e-09 -8.02799e-09
  300.00 -10.19639  5.88081e-06  5.88081e-06  5.88081e-06 -3.18237e-08 -3.18237e-08 -3.18237e-08
  300.00 -10.16633 -2.27404e-05 -2.27404e-05 -2.27404e-05  1.41855e-07  1.41855e-07  1.41855e-07
  300.00 -10.13627 -2.88117e-05 -2.88117e-05 -2.88117e-05  3.24353e-07  3.24353e-07  3.24353e-07
  300.00 -10.10621  1.39460e-06  1.39460e-06  1.39460e-06 -3.21508e-07 -3.21508e-07 -3.21508e-07
  300.00 -10.07615  2.83938e-05  2.83938e-05  2.83938e-05 -1.56971e-08 -1.56971e-08 -1.56971e-08
  300.00 -10.04609  2.76772e-05  2.76772e-05  2.76772e-05  5.55423e-08  5.55423e-08  5.55423e-08
  300.00 -10.01603  1.15664e-05  1.15664e-05  1.15664e-05 -1.19265e-08 -1.19265e-08 -1.19265e-08
  300.00 -9.98597  2.51301e-05  2.51301e-05  2.51301e-05  1.79227e-09  1.79227e-09  1.79227e-09
  300.00 -9.95591  3.25879e-05  3.25879e-05  3.25879e-05 -3.52744e-08 -3.52744e-08 -3.52744e-08
  300.00 -9.92585 -2.56397e-05 -2.56397e-05 -2.56397e-05 -4.38162e-08 -4.38162e-08 -4.38162e-08
  300.00 -9.89579 -6.81038e-05 -6.81038e-05 -6.81038e-05  8.09649e-09  8.09650e-09  8.09650e-09
  300.00 -9.86573 -5.76680e-05 -5.76680e-05 -5.76680e-05 -1.11186e-09 -1.11186e-09 -1.11186e-09
  300.00 -9.83567 -2.51908e-05 -2.51908e-05 -2.51908e-05 -1.49931e-09 -1.49930e-09 -1.49931e-09
  300.00 -9.80561 -1.77850e-05 -1.77850e-05 -1.77850e-05  3.29500e-08  3.29500e-08  3.29500e-08
  300.00 -9.77555 -2.90062e-05 -2.90062e-05 -2.90062e-05  2.01313e-08  2.01313e-08  2.01313e-08
  300.00 -9.74549 -1.32339e-05 -1.32339e-05 -1.32339e-05 -2.79592e-08 -2.79592e-08 -2.79592e-08
  300.00 -9.71543  2.71281e-05  2.71281e-05  2.71281e-05 -8.65205e-09 -8.65205e-09 -8.65205e-09
  300.00 -9.68537  7.05585e-05  7.05585e-05  7.05585e-05  1.05539e-08  1.05539e-08  1.05539e-08
  300.00 -9.65531  2.22193e-05  2.22193e-05  2.22193e-05 -1.91452e-08 -1.91452e-08 -1.91452e-08
  300.00 -9.62525 -6.76680e-05 -6.76680e-05 -6.76680e-05  8.33357e-09  8.33358e-09  8.33358e-09
  300.00 -9.59519 -3.85854e-05 -3.85854e-05 -3.85854e-05  4.67181e-08  4.67181e-08  4.67181e-08
  300.00 -9.56513  1.38735e-05  1.38735e-05  1.38735e-05  2.60050e-08  2.60050e-08  2.60050e-08
  300.00 -9.53507  2.30136e-05  2.30136e-05  2.30136e-05 -5.74607e-08 -5.74607e-08 -5.74607e-08
  300.00 -9.50501  1.96440e-05  1.96441e-05  1.96441e-05 -3.62380e-08 -3.62380e-08 -3.62380e-08
  300.00 -9.47495  3.34118e-05  3.34118e-05  3.34118e-05 -1.21169e-08 -1.21169e-08 -1.21169e-08
  300.00 -9.44489  2.81101e-05  2.81101e-05  2.81101e-05 -2.53214e-09 -2.53214e-09 -2.53214e-09
  300.00 -9.41483 -5.74556e-05 -5.74556e-05 -5.74556e-05  1.89298e-08  1.89299e-08  1.89299e-08
  300.00 -9.38477 -1.07034e-04 -1.07034e-04 -1.07034e-04 -1.54401e-09 -1.54401e-09 -1.54401e-09
  300.00 -9.35471 -6.50905e-05 -6.50905e-05 -6.50905e-05 -3.74516e-09 -3.74516e-09 -3.74516e-09
  300.00 -9.32465 -1.90161e-06 -1.90161e-06 -1.90161e-06  5.78859e-09  5.78859e-09  5.78859e-09
  300.00 -9.29459  3.40759e-05  3.40759e-05  3.40759e-05 -3.03240e-09 -3.03240e-09 -3.03240e-09
  300.00 -9.26453  1.40939e-05  1.40939e-05  1.40939e-05 -7.26640e-09 -7.26640e-09 -7.26640e-09
  300.00 -9.23447 -1.28710e-05 -1.28710e-05 -1.28710e-05  2.92102e-09  2.92102e-09  2.92102e-09
  300.00 -9.20441  9.63520e-06  9.63520e-06  9.63520e-06  1.31665e-09  1.31665e-09  1.31665e-09
  300.00 -9.17435  4.18458e-05  4.18458e-05  4.18458e-05 -2.17136e-09 -2.17136e-09 -2.17136e-09
  300.00 -9.14429  1.85207e-05  1.85207e-05  1.85207e-05 -1.08785e-09 -1.08785e-09 -1.08785e-09
  300.00 -9.11423 -1.43498e-05 -1.43498e-05 -1.43498e-05  3.39938e-09  3.39938e-09  3.39938e-09
  300.00 -9.08417 -1.62434e-05 -1.62434e-05 -1.62434e-05  2.02823e-08  2.02823e-08  2.02823e-08
  300.00 -9.05411 -1.78167e-05 -1.78167e-05 -1.78167e-05  6.14558e-08  6.14558e-08  6.14558e-08
  300.00 -9.02405 -3.20469e-05 -3.20469e-05 -3.20469e-05 -4.45491e-08 -4.45491e-08 -4.45491e-08
  300.00 -8.99399 -1.85846e-05 -1.85846e-05 -1.85846e-05 -2.54866e-08 -2.54866e-08 -2.54866e-08
  300.00 -8.96393  1.66285e-05  1.66285e-05  1.66285e-05  2.59873e-08  2.59873e-08  2.59873e-08
  300.00 -8.93387  5.37808e-05  5.37808e-05  5.37808e-05 -9.72316e-09 -9.72316e-09 -9.72315e-09
  300.00 -8.90381  2.69822e-05  2.69822e-05  2.69822e-05 -4.45990e-08 -4.45990e-08 -4.45990e-08
  300.00 -8.87375 -4.77382e-05 -4.77382e-05 -4.77382e-05  3.91987e-08  3.91987e-08  3.91987e-08
  300.00 -8.84369 -5.50397e-05 -5.50397e-05 -5.50397e-05 -2.73424e-08 -2.73424e-08 -2.73424e-08
  300.00 -8.81363 -1.93250e-05 -1.93250e-05 -1.93250e-05  2.84401e-08  2.84401e-08  2.84401e-08
  300.00 -8.78357 -5.45987e-07 -5.45987e-07 -5.45987e-07  3.41025e-08  3.41025e-08  3.41025e-08
  300.00 -8.75351 -2.02604e-05 -2.02604e-05 -2.02604e-05  9.79134e-12  9.78924e-12  9.79064e-12
  300.00 -8.72345 -2.40103e-05 -2.40103e-05 -2.40103e-05 -2.61573e-08 -2.61573e-08 -2.61573e-08
  300.00 -8.69339  1.17720e-05  1.17720e-05  1.17720e-05 -1.62595e-08 -1.62595e-08 -1.62595e-08
  300.00 -8.66333  3.44074e-05  3.44074e-05  3.44074e-05  1.27109e-08  1.27109e-08  1.27109e-08
  300.00 -8.63327 -2.47653e-05 -2.47653e-05 -2.47653e-05  4.33142e-08  4.33142e-08  4.33142e-08
  300.00 -8.60321 -5.76152e-05 -5.76152e-05 -5.76152e-05 -1.83520e-08 -1.83520e-08 -1.83520e-08
  300.00 -8.57315 -1.51262e-05 -1.51262e-05 -1.51262e-05 -7.48875e-09 -7.48875e-09 -7.48875e-09
  300.00 -8.54309  4.17369e-05  4.17369e-05  4.17369e-05  1.31910e-08  1.31910e-08  1.31910e-08
  300.00 -8.51303  6.13458e-05  6.13458e-05  6.13458e-05 -2.51697e-08 -2.51697e-08 -2.51697e-08
  300.00 -8.48297  5.01658e-05  5.01658e-05  5.01658e-05  1.59975e-08  1.59975e-08  1.59975e-08
  300.00 -8.45291  5.16083e-05  5.16083e-05  5.16083e-05 -1.73902e-08 -1.73902e-08 -1.73902e-08
  300.00 -8.42285  4.74472e-05  4.74472e-05  4.74472e-05  6.69124e-08  6.69124e-08  6.69124e-08
  300.00 -8.39279 -3.97531e-05 -3.97531e-05 -3.97531e-05 -8.30907e-08 -8.30907e-08 -8.30907e-08
  300.00 -8.36273 -1.12363e-04 -1.12363e-04 -1.12363e-04  5.13290e-09  5.13291e-09  5.13291e-09
  300.00 -8.33267 -7.74446e-05 -7.74446e-05 -7.74446e-05 -6.20443e-10 -6.20443e-10 -6.20444e-10
  300.00 -8.30261 -1.97121e-05 -1.97121e-05 -1.97121e-05  1.05241e-10  1.05241e-10  1.05241e-10
  300.00 -8.27255 -8.90048e-07 -8.90048e-07 -8.90048e-07  4.61003e-09  4.61003e-09  4.61003e-09
  300.00 -8.24248 -1.58043e-05 -1.58043e-05 -1.58043e-05 -4.63764e-09 -4.63764e-09 -4.63764e-09
  300.00 -8.21242 -8.15045e-06 -8.15045e-06 -8.15045e-06  2.76453e-10  2.76455e-10  2.76454e-10
  300.00 -8.18236  2.42824e-05  2.42824e-05  2.42824e-05  2.45602e-11  2.45598e-11  2.45596e-11
  300.00 -8.15230  5.30861e-05  5.30861e-05  5.30861e-05 -1.86383e-09 -1.86383e-09 -1.86383e-09
  300.00 -8.12224  7.69177e-06  7.69177e-06  7.69177e-06  3.93762e-08  3.93762e-08  3.93762e-08
  300.00 -8.09218 -5.12014e-05 -5.12014e-05 -5.12014e-05  1.09580e-08  1.09580e-08  1.09580e-08
  300.00 -8.06212 -3.53808e-05 -3.53808e-05 -3.53808e-05 -2.36655e-08 -2.36654e-08 -2.36654e-08
  300.00 -8.03206 -2.66548e-07 -2.66548e-07 -2.66548e-07  2.42409e-09  2.42409e-09  2.42409e-09
  300.00 -8.00200  9.12427e-07  9.12427e-07  9.12427e-07  2.31222e-09  2.31223e-09  2.31223e-09
  300.00 -7.97194  4.29886e-06  4.29886e-06  4.29886e-06 -4.02330e-09 -4.02330e-09 -4.02330e-09
  300.00 -7.94188  2.38381e-05  2.38381e-05  2.38381e-05  9.19850e-09  9.19850e-09  9.19850e-09
  300.00 -7.91182  3.84402e-05  3.84402e-05  3.84402e-05  2.39925e-08  2.39925e-08  2.39925e-08
  300.00 -7.88176 -8.22780e-06 -8.22780e-06 -8.22780e-06 -2.90706e-08 -2.90706e-08 -2.90706e-08
  300.00 -7.85170 -5.30309e-05 -5.30309e-05 -5.30309e-05 -8.66438e-09 -8.66438e-09 -8.66438e-09
  300.00 -7.82164 -3.15179e-05 -3.15179e-05 -3.15179e-05 -1.81847e-09 -1.81847e-09 -1.81847e-09
  300.00 -7.79158  2.20978e-05  2.20978e-05  2.20978e-05 -3.35698e-10 -3.35697e-10 -3.35698e-10
  300.00 -7.76152  5.95172e-05  5.95172e-05  5.95172e-05  7.83898e-09  7.83898e-09  7.83898e-09
  300.00 -7.73146  2.33162e-05  2.33162e-05  2.33162e-05 -2.10333e-08 -2.10333e-08 -2.10333e-08
  300.00 -7.70140 -2.44892e-05 -2.44892e-05 -2.44892e-05  2.06649e-08  2.06649e-08  2.06649e-08
  300.00 -7.67134 -2.13127e-06 -2.13127e-06 -2.13126e-06 -5.04812e-09 -5.04812e-09 -5.04812e-09
  300.00 -7.64128  2.92075e-05  2.92075e-05  2.92075e-05 -5.15603e-09 -5.15603e-09 -5.15603e-09
  300.00 -7.61122 -2.59364e-05 -2.59364e-05 -2.59364e-05 -2.40541e-09 -2.40541e-09 -2.40541e-09
  300.00 -7.58116 -7.88782e-05 -7.88782e-05 -7.88782e-05 -1.17245e-09 -1.17245e-09 -1.17245e-09
  300.00 -7.55110 -4.09021e-05 -4.09021e-05 -4.09021e-05  4.61896e-09  4.61896e-09  4.61896e-09
  300.00 -7.52104 -4.25849e-06 -4.25849e-06 -4.25849e-06  2.25226e-08  2.25226e-08  2.25226e-08
  300.00 -7.49098 -9.62204e-06 -9.62204e-06 -9.62204e-06 -2.40060e-08 -2.40060e-08 -2.40060e-08
  300.00 -7.46092 -1.19861e-05 -1.19861e-05 -1.19861e-05 -4.78623e-09 -4.78623e-09 -4.78623e-09
  300.00 -7.43086  1.35003e-05  1.35003e-05  1.35003e-05  5.98781e-09  5.98781e-09  5.98781e-09
  300.00 -7.40080  5.89661e-05  5.89661e-05  5.89661e-05 -5.75165e-09 -5.75165e-09 -5.75165e-09
  300.00 -7.37074  4.68753e-05  4.68753e-05  4.68753e-05 -1.01044e-09 -1.01044e-09 -1.01044e-09
  300.00 -7.34068 -5.12629e-05 -5.12629e-05 -5.12629e-05  2.36560e-10  2.36560e-10  2.36560e-10
  300.00 -7.31062 -5.38949e-05 -5.38949e-05 -5.38949e-05  1.64780e-10  1.64780e-10  1.64780e-10
  300.00 -7.28056 -2.24048e-06 -2.24048e-06 -2.24048e-06  1.47474e-09  1.47473e-09  1.47473e-09
  300.00 -7.25050  2.28069e-05  2.28069e-05  2.28069e-05 -2.35279e-09 -2.35279e-09 -2.35279e-09
  300.00 -7.22044  1.62365e-05  1.62365e-05  1.62365e-05  4.83860e-10  4.83861e-10  4.83861e-10
  300.00 -7.19038  2.22531e-05  2.22531e-05  2.22531e-05  1.69601e-09  1.69601e-09  1.69601e-09
  300.00 -7.16032  2.84728e-05  2.84728e-05  2.84728e-05  5.04678e-09  5.04678e-09  5.04678e-09
  300.00 -7.13026 -5.85423e-06 -5.85423e-06 -5.85423e-06 -3.88922e-09 -3.88922e-09 -3.88922e-09
  300.00 -7.10020 -6.18547e-05 -6.18547e-05 -6.18547e-05 -1.09836e-09 -1.09836e-09 -1.09836e-09
  300.00 -7.07014 -5.57095e-05 -5.57095e-05 -5.57095e-05  1.94623e-10  1.94623e-10  1.94623e-10
  300.00 -7.04008 -4.08065e-06 -4.08065e-06 -4.08065e-06 -6.98548e-10 -6.98548e-10 -6.98548e-10
  300.00 -7.01002  5.44002e-05  5.44002e-05  5.44002e-05 -1.57069e-09 -1.57069e-09 -1.57069e-09
  300.00 -6.97996  5.83912e-05  5.83912e-05  5.83912e-05  8.05407e-09  8.05406e-09  8.05406e-09
  300.00 -6.94990  1.75342e-05  1.75342e-05  1.75342e-05 -1.06695e-08 -1.06695e-08 -1.06695e-08
  300.00 -6.91984  1.48768e-05  1.48768e-05  1.48768e-05  5.16645e-09  5.16645e-09  5.16645e-09
  300.00 -6.88978  1.91098e-05  1.91098e-05  1.91098e-05  1.27346e-08  1.27346e-08  1.27346e-08
  300.00 -6.85972 -2.99184e-05 -2.99184e-05 -2.99184e-05 -1.99307e-08 -1.99307e-08 -1.99307e-08
  300.00 -6.82966 -6.51694e-05 -6.51694e-05 -6.51694e-05  1.11903e-09  1.11903e-09  1.11903e-09
  300.00 -6.79960 -5.02986e-05 -5.02986e-05 -5.02986e-05  6.95839e-09  6.95839e-09  6.95839e-09
  300.00 -6.76954 -2.77836e-05 -2.77836e-05 -2.77836e-05 -5.19519e-09 -5.19519e-09 -5.19519e-09
  300.00 -6.73948 -3.91503e-05 -3.91503e-05 -3.91503e-05 -7.51229e-10 -7.51228e-10 -7.51228e-10
  300.00 -6.70942 -4.03503e-05 -4.03503e-05 -4.03503e-05  2.51289e-09  2.51289e-09  2.51289e-09
  300.00 -6.67936 -6.75784e-06 -6.75784e-06 -6.75784e-06  1.75436e-09  1.75436e-09  1.75436e-09
  300.00 -6.64930  4.66868e-05  4.66868e-05  4.66868e-05  1.37468e-09  1.37468e-09  1.37468e-09
  300.00 -6.61924  8.18766e-05  8.18766e-05  8.18766e-05 -1.38725e-08 -1.38725e-08 -1.38725e-08
  300.00 -6.58918  3.26284e-05  3.26284e-05  3.26284e-05 -2.34766e-10 -2.34763e-10 -2.34766e-10
  300.00 -6.55912 -2.93446e-05 -2.93446e-05 -2.93446e-05  5.21589e-08  5.21589e-08  5.21589e-08
  300.00 -6.52906 -1.68004e-05 -1.68004e-05 -1.68004e-05 -1.44987e-08 -1.44986e-08 -1.44986e-08
  300.00 -6.49900  1.12578e-05  1.12578e-05  1.12578e-05 -2.29985e-08 -2.29985e-08 -2.29985e-08
  300.00 -6.46894 -1.19562e-06 -1.19562e-06 -1.19562e-06  5.95391e-09  5.95392e-09  5.95392e-09
  300.00 -6.43888 -1.52374e-05 -1.52374e-05 -1.52374e-05  1.22441e-08  1.22441e-08  1.22441e-08
  300.00 -6.40882  1.39033e-05  1.39033e-05  1.39033e-05  5.84558e-09  5.84557e-09  5.84557e-09
  300.00 -6.37876  4.55919e-05  4.55919e-05  4.55919e-05 -3.95007e-08 -3.95007e-08 -3.95007e-08
  300.00 -6.34870  2.94807e-07  2.94807e-07  2.94807e-07  3.45863e-08  3.45864e-08  3.45864e-08
  300.00 -6.31864 -5.49498e-05 -5.49498e-05 -5.49498e-05  9.47543e-08  9.47543e-08  9.47543e-08
  300.00 -6.28858 -3.66283e-05 -3.66283e-05 -3.66283e-05 -7.59797e-08 -7.59797e-08 -7.59797e-08
  300.00 -6.25852  6.80324e-06  6.80324e-06  6.80324e-06  3.57242e-08  3.57242e-08  3.57242e-08
  300.00 -6.22846  3.00041e-05  3.00041e-05  3.00041e-05 -1.28873e-08 -1.28873e-08 -1.28873e-08
  300.00 -6.19840  4.70252e-06  4.70252e-06  4.70252e-06 -1.61846e-08 -1.61846e-08 -1.61846e-08
  300.00 -6.16834 -1.51515e-05 -1.51515e-05 -1.51515e-05 -5.51308e-09 -5.51308e-09 -5.51308e-09
  300.00 -6.13828  7.20242e-06  7.20242e-06  7.20242e-06  3.14495e-08  3.14495e-08  3.14495e-08
  300.00 -6.10822  3.32837e-06  3.32837e-06  3.32837e-06 -3.81955e-08 -3.81955e-08 -3.81955e-08
  300.00 -6.07816 -3.64476e-05 -3.64476e-05 -3.64476e-05  8.84352e-09  8.84352e-09  8.84352e-09
  300.00 -6.04810 -3.96628e-05 -3.96628e-05 -3.96628e-05 -8.92912e-09 -8.92912e-09 -8.92912e-09
  300.00 -6.01804 -6.52497e-06 -6.52497e-06 -6.52497e-06  1.56295e-08  1.56295e-08  1.56295e-08
  300.00 -5.98798  1.09179e-05  1.09179e-05  1.09179e-05 -1.80023e-09 -1.80023e-09 -1.80023e-09
  300.00 -5.95792  7.90712e-06  7.90712e-06  7.90712e-06 -5.05769e-10 -5.05768e-10 -5.05769e-10
  300.00 -5.92786  1.68502e-05  1.68502e-05  1.68502e-05  3.65165e-10  3.65165e-10  3.65165e-10
  300.00 -5.89780  4.11659e-05  4.11659e-05  4.11659e-05 -2.14207e-08 -2.14207e-08 -2.14207e-08
  300.00 -5.86774  4.21314e-05  4.21314e-05  4.21314e-05  8.34685e-09  8.34684e-09  8.34684e-09
  300.00 -5.83768 -3.96356e-05 -3.96356e-05 -3.96356e-05  1.27320e-07  1.27320e-07  1.27320e-07
  300.00 -5.80762 -8.05429e-05 -8.05429e-05 -8.05429e-05  5.14711e-08  5.14711e-08  5.14711e-08
  300.00 -5.77756 -4.48113e-05 -4.48113e-05 -4.48113e-05 -5.11411e-08 -5.11411e-08 -5.11411e-08
  300.00 -5.74749 -2.78197e-06 -2.78197e-06 -2.78197e-06 -2.87987e-09 -2.87987e-09 -2.87987e-09
  300.00 -5.71743  4.96736e-06  4.96736e-06  4.96736e-06 -7.43703e-10 -7.43703e-10 -7.43703e-10
  300.00 -5.68737  1.03950e-05  1.03950e-05  1.03950e-05  6.79218e-09  6.79218e-09  6.79218e-09
  300.00 -5.65731  4.04038e-05  4.04038e-05  4.04038e-05  9.72435e-09  9.72435e-09  9.72435e-09
  300.00 -5.62725  6.60075e-05  6.60075e-05  6.60075e-05 -1.03303e-08 -1.03303e-08 -1.03303e-08
  300.00 -5.59719  3.79562e-06  3.79562e-06  3.79562e-06 -4.05849e-08 -4.05849e-08 -4.05849e-08
  300.00 -5.56713 -6.90737e-05 -6.90737e-05 -6.90737e-05 -3.31508e-10 -3.31503e-10 -3.31506e-10
  300.00 -5.53707 -3.32919e-05 -3.32919e-05 -3.32919e-05  1.12789e-08  1.12789e-08  1.12789e-08
  300.00 -5.50701  2.02083e-05  2.02083e-05  2.02083e-05  1.56759e-08  1.56759e-08  1.56759e-08
  300.00 -5.47695  3.33228e-05  3.33228e-05  3.33228e-05 -2.40356e-08 -2.40356e-08 -2.40356e-08
  300.00 -5.44689  2.74521e-05  2.74521e-05  2.74521e-05 -2.97323e-08 -2.97323e-08 -2.97323e-08
  300.00 -5.41683  4.05403e-05  4.05403e-05  4.05403e-05  5.18390e-08  5.18390e-08  5.18390e-08
  300.00 -5.38677  4.58708e-05  4.58708e-05  4.58708e-05 -3.16665e-08 -3.16665e-08 -3.16665e-08
  300.00 -5.35671 -1.55844e-05 -1.55844e-05 -1.55844e-05 -3.80537e-08 -3.80537e-08 -3.80537e-08
  300.00 -5.32665 -6.47241e-05 -6.47241e-05 -6.47241e-05 -3.06062e-10 -3.06076e-10 -3.06068e-10
  300.00 -5.29659 -4.17750e-05 -4.17750e-05 -4.17750e-05  7.12306e-09  7.12307e-09  7.12307e-09
  300.00 -5.26653 -1.75479e-05 -1.75479e-05 -1.75479e-05  8.86391e-10  8.86396e-10  8.86393e-10
  300.00 -5.23647 -3.82912e-05 -3.82912e-05 -3.82912e-05  3.67570e-09  3.67570e-09  3.67570e-09
  300.00 -5.20641 -4.88067e-05 -4.88067e-05 -4.88067e-05  5.63601e-09  5.63601e-09  5.63601e-09
  300.00 -5.17635 -1.66808e-05 -1.66808e-05 -1.66808e-05  1.18833e-09  1.18833e-09  1.18833e-09
  300.00 -5.14629  3.49343e-05  3.49343e-05  3.49343e-05 -7.60655e-09 -7.60655e-09 -7.60655e-09
  300.00 -5.11623  6.25368e-05  6.25368e-05  6.25368e-05 -1.03943e-09 -1.03943e-09 -1.03943e-09
  300.00 -5.08617  9.17883e-06  9.17883e-06  9.17883e-06  7.47563e-09  7.47562e-09  7.47563e-09
  300.00 -5.05611 -3.40460e-05 -3.40460e-05 -3.40460e-05  2.20873e-08  2.20873e-08  2.20873e-08
  300.00 -5.02605 -4.98600e-06 -4.98600e-06 -4.98600e-06 -2.24460e-08 -2.24460e-08 -2.24460e-08
  300.00 -4.99599  2.84214e-05  2.84214e-05  2.84214e-05  1.98242e-09  1.98240e-09  1.98241e-09
  300.00 -4.96593  1.45507e-05  1.45507e-05  1.45507e-05 -5.84677e-10 -5.84673e-10 -5.84675e-10
  300.00 -4.93587 -5.84367e-06 -5.84367e-06 -5.84367e-06 -1.19975e-09 -1.19974e-09 -1.19974e-09
  300.00 -4.90581 -2.25636e-06 -2.25636e-06 -2.25636e-06  2.26914e-08  2.26914e-08  2.26914e-08
  300.00 -4.87575 -2.60697e-05 -2.60697e-05 -2.60697e-05  1.57039e-08  1.57038e-08  1.57039e-08
  300.00 -4.84569 -5.58219e-05 -5.58219e-05 -5.58219e-05 -2.89897e-08 -2.89897e-08 -2.89897e-08
  300.00 -4.81563 -3.65379e-05 -3.65379e-05 -3.65379e-05  2.42050e-09  2.42051e-09  2.42051e-09
  300.00 -4.78557  1.25311e-05  1.25311e-05  1.25311e-05  8.87038e-09  8.87038e-09  8.87038e-09
  300.00 -4.75551  4.99797e-05  4.99797e-05  4.99797e-05 -1.20091e-08 -1.20091e-08 -1.20091e-08
  300.00 -4.72545  4.96413e-05  4.96413e-05  4.96413e-05 -1.17402e-09 -1.17402e-09 -1.17402e-09
  300.00 -4.69539  4.39807e-05  4.39807e-05  4.39807e-05  4.09483e-10  4.09485e-10  4.09484e-10
  300.00 -4.66533  3.72508e-05  3.72508e-05  3.72508e-05 -6.54360e-09 -6.54359e-09 -6.54360e-09
  300.00 -4.63527  2.43311e-05  2.43311e-05  2.43311e-05  6.51654e-09  6.51653e-09  6.51653e-09
  300.00 -4.60521 -2.76050e-05 -2.76050e-05 -2.76050e-05  4.70488e-08  4.70488e-08  4.70488e-08
  300.00 -4.57515 -6.20510e-05 -6.20510e-05 -6.20510e-05 -4.46695e-09 -4.46692e-09 -4.46694e-09
  300.00 -4.54509 -3.33270e-05 -3.33270e-05 -3.33270e-05 -2.02693e-08 -2.02693e-08 -2.02693e-08
  300.00 -4.51503 -1.99257e-06 -1.99257e-06 -1.99257e-06  9.77269e-09  9.77268e-09  9.77268e-09
  300.00 -4.48497  8.70789e-06  8.70789e-06  8.70789e-06  1.02378e-08  1.02378e-08  1.02378e-08
  300.00 -4.45491  2.90734e-05  2.90734e-05  2.90734e-05  1.23971e-08  1.23971e-08  1.23971e-08
  300.00 -4.42485  5.59795e-05  5.59795e-05  5.59795e-05 -3.45730e-08 -3.45730e-08 -3.45730e-08
  300.00 -4.39479  3.68546e-05  3.68546e-05  3.68546e-05 -3.65311e-08 -3.65312e-08 -3.65311e-08
  300.00 -4.36473 -5.34741e-05 -5.34741e-05 -5.34741e-05  3.93602e-08  3.93602e-08  3.93602e-08
  300.00 -4.33467 -6.96526e-05 -6.96526e-05 -6.96526e-05 -2.12088e-08 -2.12088e-08 -2.12088e-08
  300.00 -4.30461 -2.90405e-05 -2.90405e-05 -2.90405e-05  2.26741e-08  2.26741e-08  2.26741e-08
  300.00 -4.27455  3.64573e-06  3.64573e-06  3.64573e-06 -1.96787e-08 -1.96787e-08 -1.96787e-08
  300.00 -4.24449 -1.18360e-05 -1.18360e-05 -1.18360e-05  7.48110e-09  7.48110e-09  7.48110e-09
  300.00 -4.21443 -2.24906e-05 -2.24906e-05 -2.24906e-05 -9.56827e-09 -9.56827e-09 -9.56827e-09
  300.00 -4.18437  5.03983e-06  5.03983e-06  5.03983e-06  2.58223e-08  2.58223e-08  2.58223e-08
  300.00 -4.15431  2.09359e-05  2.09359e-05  2.09359e-05 -2.07809e-08 -2.07809e-08 -2.07809e-08
  300.00 -4.12425 -2.04010e-05 -2.04010e-05 -2.04010e-05 -7.43332e-09 -7.43332e-09 -7.43332e-09
  300.00 -4.09419 -3.72074e-05 -3.72074e-05 -3.72074e-05 -2.97968e-09 -2.97969e-09 -2.97968e-09
  300.00 -4.06413 -3.12023e-06 -3.12023e-06 -3.12023e-06  1.19604e-08  1.19604e-08  1.19604e-08
  300.00 -4.03407  3.57719e-05  3.57719e-05  3.57719e-05  2.69272e-08  2.69272e-08  2.69272e-08
  300.00 -4.00401  5.01416e-05  5.01416e-05  5.01416e-05  3.65423e-08  3.65423e-08  3.65423e-08
  300.00 -3.97395  4.35890e-05  4.35890e-05  4.35890e-05 -8.91789e-08 -8.91790e-08 -8.91789e-08
  300.00 -3.94389  3.06246e-05  3.06246e-05  3.06246e-05 -1.24304e-07 -1.24304e-07 -1.24304e-07
  300.00 -3.91383 -1.91923e-05 -1.91923e-05 -1.91923e-05  8.44569e-08  8.44569e-08  8.44569e-08
  300.00 -3.88377 -5.15607e-05 -5.15607e-05 -5.15607e-05 -1.49167e-08 -1.49167e-08 -1.49167e-08
  300.00 -3.85371 -2.44596e-05 -2.44596e-05 -2.44596e-05 -4.75741e-09 -4.75741e-09 -4.75741e-09
  300.00 -3.82365  7.89411e-06  7.89411e-06  7.89411e-06 -4.03067e-09 -4.03067e-09 -4.03067e-09
  300.00 -3.79359  1.19293e-05  1.19293e-05  1.19293e-05  4.20857e-08  4.20857e-08  4.20857e-08
  300.00 -3.76353 -1.07229e-05 -1.07229e-05 -1.07229e-05 -1.41190e-08 -1.41190e-08 -1.41190e-08
  300.00 -3.73347  6.47536e-07  6.47537e-07  6.47536e-07 -3.08676e-08 -3.08676e-08 -3.08676e-08
  300.00 -3.70341  3.48823e-05  3.48823e-05  3.48823e-05  3.60431e-08  3.60431e-08  3.60431e-08
  300.00 -3.67335  1.73935e-05  1.73935e-05  1.73935e-05 -5.68228e-08 -5.68228e-08 -5.68228e-08
  300.00 -3.64329 -4.62895e-05 -4.62895e-05 -4.62895e-05  4.25416e-08  4.25416e-08  4.25416e-08
  300.00 -3.61323 -4.05558e-05 -4.05558e-05 -4.05558e-05 -1.86346e-08 -1.86346e-08 -1.86346e-08
  300.00 -3.58317 -3.06883e-06 -3.06883e-06 -3.06883e-06  6.38607e-09  6.38607e-09  6.38607e-09
  300.00 -3.55311  1.67074e-05  1.67074e-05  1.67074e-05  4.55007e-10  4.55006e-10  4.55007e-10
  300.00 -3.52305  2.78779e-05  2.78779e-05  2.78779e-05 -1.80431e-08 -1.80431e-08 -1.80431e-08
  300.00 -3.49299  5.17325e-05  5.17325e-05  5.17325e-05  7.88103e-08  7.88103e-08  7.88103e-08
  300.00 -3.46293  6.36908e-05  6.36908e-05  6.36908e-05 -1.46597e-07 -1.46597e-07 -1.46597e-07
  300.00 -3.43287 -1.41022e-05 -1.41022e-05 -1.41022e-05  4.05018e-08  4.05018e-08  4.05018e-08
  300.00 -3.40281 -9.04860e-05 -9.04860e-05 -9.04860e-05  4.25714e-07  4.25714e-07  4.25714e-07
  300.00 -3.37275 -7.06335e-05 -7.06335e-05 -7.06335e-05  4.49815e-08  4.49816e-08  4.49816e-08
  300.00 -3.34269 -3.01156e-05 -3.01156e-05 -3.01156e-05 -1.13205e-07 -1.13205e-07 -1.13205e-07
  300.00 -3.31263 -1.63868e-05 -1.63868e-05 -1.63868e-05 -1.65748e-08 -1.65748e-08 -1.65748e-08
  300.00 -3.28257 -1.79675e-05 -1.79675e-05 -1.79675e-05 -7.47397e-09 -7.47397e-09 -7.47397e-09
  300.00 -3.25251  9.10567e-06  9.10567e-06  9.10567e-06  4.59138e-08  4.59138e-08  4.59138e-08
  300.00 -3.22244  4.14001e-05  4.14001e-05  4.14001e-05  5.46524e-08  5.46524e-08  5.46524e-08
  300.00 -3.19238  3.70115e-05  3.70115e-05  3.70115e-05 -1.84521e-07 -1.84521e-07 -1.84521e-07
  300.00 -3.16232  5.48616e-06  5.48616e-06  5.48616e-06  8.04183e-09  8.04183e-09  8.04183e-09
  300.00 -3.13226 -3.96514e-06 -3.96514e-06 -3.96514e-06  6.80794e-08  6.80794e-08  6.80794e-08
  300.00 -3.10220  6.35223e-06  6.35223e-06  6.35223e-06 -6.92041e-08 -6.92041e-08 -6.92041e-08
  300.00 -3.07214 -9.40947e-06 -9.40947e-06 -9.40947e-06  8.72583e-09  8.72583e-09  8.72583e-09
  300.00 -3.04208 -2.60368e-05 -2.60368e-05 -2.60368e-05  1.26339e-09  1.26340e-09  1.26339e-09
  300.00 -3.01202 -3.85177e-06 -3.85177e-06 -3.85177e-06  1.47070e-09  1.47070e-09  1.47070e-09
  300.00 -2.98196  2.53090e-05  2.53090e-05  2.53090e-05 -1.61154e-09 -1.61154e-09 -1.61154e-09
  300.00 -2.95190 -6.02610e-06 -6.02610e-06 -6.02610e-06 -9.65281e-09 -9.65281e-09 -9.65281e-09
  300.00 -2.92184 -4.59701e-05 -4.59701e-05 -4.59701e-05  2.21671e-08  2.21671e-08  2.21671e-08
  300.00 -2.89178 -1.88729e-05 -1.88729e-05 -1.88729e-05 -8.65951e-09 -8.65951e-09 -8.65951e-09
  300.00 -2.86172  2.27349e-05  2.27349e-05  2.27349e-05 -3.78834e-09 -3.78834e-09 -3.78834e-09
  300.00 -2.83166  5.09650e-05  5.09650e-05  5.09650e-05  3.50468e-09  3.50468e-09  3.50468e-09
  300.00 -2.80160  5.86909e-05  5.86909e-05  5.86909e-05 -1.85263e-09 -1.85263e-09 -1.85263e-09
  300.00 -2.77154  5.41338e-05  5.41338e-05  5.41338e-05  1.76533e-09  1.76533e-09  1.76533e-09
  300.00 -2.74148  2.47784e-05  2.47784e-05  2.47784e-05 -1.02339e-10 -1.02340e-10 -1.02340e-10
  300.00 -2.71142 -4.93355e-05 -4.93355e-05 -4.93355e-05 -1.46181e-08 -1.46181e-08 -1.46181e-08
  300.00 -2.68136 -6.34944e-05 -6.34944e-05 -6.34944e-05  2.73655e-08  2.73655e-08  2.73655e-08
  300.00 -2.65130 -3.48496e-05 -3.48496e-05 -3.48496e-05  1.13175e-09  1.13175e-09  1.13175e-09
  300.00 -2.62124 -1.19274e-06 -1.19274e-06 -1.19274e-06 -1.19794e-08 -1.19794e-08 -1.19794e-08
  300.00 -2.59118 -1.38060e-05 -1.38060e-05 -1.38060e-05 -4.64421e-09 -4.64420e-09 -4.64420e-09
  300.00 -2.56112 -4.08029e-05 -4.08029e-05 -4.08029e-05  1.58263e-08  1.58263e-08  1.58263e-08
  300.00 -2.53106 -2.78249e-06 -2.78249e-06 -2.78249e-06 -1.14709e-08 -1.14709e-08 -1.14709e-08
  300.00 -2.50100  4.15285e-05  4.15285e-05  4.15285e-05  3.09865e-09  3.09865e-09  3.09865e-09
  300.00 -2.47094  3.55402e-05  3.55402e-05  3.55402e-05  8.87296e-10  8.87297e-10  8.87297e-10
  300.00 -2.44088  1.59615e-05  1.59615e-05  1.59615e-05  1.85503e-08  1.85503e-08  1.85503e-08
  300.00 -2.41082  1.39946e-05  1.39946e-05  1.39946e-05  4.33881e-08  4.33881e-08  4.33881e-08
  300.00 -2.38076 -1.06024e-05 -1.06024e-05 -1.06024e-05  5.77405e-08  5.77405e-08  5.77405e-08
  300.00 -2.35070 -3.72501e-05 -3.72501e-05 -3.72501e-05 -1.11739e-07 -1.11739e-07 -1.11739e-07
  300.00 -2.32064 -4.09266e-05 -4.09266e-05 -4.09266e-05  1.21572e-08  1.21572e-08  1.21572e-08
  300.00 -2.29058 -2.04484e-05 -2.04484e-05 -2.04484e-05 -7.52158e-09 -7.52157e-09 -7.52157e-09
  300.00 -2.26052  1.36398e-05  1.36398e-05  1.36398e-05  9.81904e-09  9.81903e-09  9.81904e-09
  300.00 -2.23046  3.26570e-05  3.26570e-05  3.26570e-05  1.99170e-08  1.99170e-08  1.99170e-08
  300.00 -2.20040  3.37122e-05  3.37122e-05  3.37122e-05  5.90089e-08  5.90089e-08  5.90089e-08
  300.00 -2.17034  3.80095e-05  3.80095e-05  3.80095e-05  3.66241e-08  3.66241e-08  3.66241e-08
  300.00 -2.14028  3.80858e-05  3.80858e-05  3.80858e-05 -3.39463e-07 -3.39463e-07 -3.39463e-07
  300.00 -2.11022 -7.51263e-06 -7.51263e-06 -7.51263e-06  8.45768e-08  8.45768e-08  8.45768e-08
  300.00 -2.08016 -5.65163e-05 -5.65163e-05 -5.65163e-05  5.95560e-07  5.95560e-07  5.95560e-07
  300.00 -2.05010 -4.68011e-05 -4.68011e-05 -4.68011e-05  7.63777e-09  7.63778e-09  7.63777e-09
  300.00 -2.02004 -6.54037e-06 -6.54037e-06 -6.54037e-06 -2.48435e-07 -2.48435e-07 -2.48435e-07
  300.00 -1.98998  1.36559e-05  1.36559e-05  1.36559e-05 -2.34262e-08 -2.34262e-08 -2.34262e-08
  300.00 -1.95992 -5.38958e-06 -5.38958e-06 -5.38958e-06  1.00528e-07  1.00528e-07  1.00528e-07
  300.00 -1.92986 -2.08423e-05 -2.08423e-05 -2.08423e-05  1.71773e-07  1.71773e-07  1.71773e-07
  300.00 -1.89980 -1.97559e-05 -1.97559e-05 -1.97559e-05 -1.61861e-08 -1.61861e-08 -1.61861e-08
  300.00 -1.86974 -1.01875e-05 -1.01875e-05 -1.01875e-05 -1.81750e-07 -1.81750e-07 -1.81750e-07
  300.00 -1.83968 -7.08883e-06 -7.08883e-06 -7.08883e-06  5.07030e-08  5.07030e-08  5.07030e-08
  300.00 -1.80962 -1.95959e-06 -1.95959e-06 -1.95959e-06 -5.60052e-09 -5.60051e-09 -5.60051e-09
  300.00 -1.77956  7.27549e-06  7.27549e-06  7.27549e-06 -3.54970e-08 -3.54971e-08 -3.54970e-08
  300.00 -1.74950  1.93938e-05  1.93938e-05  1.93938e-05  1.53206e-07  1.53206e-07  1.53206e-07
  300.00 -1.71944  2.01023e-05  2.01023e-05  2.01023e-05  1.06886e-07  1.06886e-07  1.06886e-07
  300.00 -1.68938  2.05284e-05  2.05284e-05  2.05284e-05 -2.30250e-07 -2.30250e-07 -2.30250e-07
  300.00 -1.65932  5.30852e-05  5.30852e-05  5.30852e-05 -7.12486e-08 -7.12486e-08 -7.12486e-08
  300.00 -1.62926  9.35392e-05  9.35392e-05  9.35392e-05 -6.39193e-09 -6.39193e-09 -6.39193e-09
  300.00 -1.59920  8.05527e-05  8.05527e-05  8.05527e-05 -5.41990e-08 -5.41990e-08 -5.41990e-08
  300.00 -1.56914  1.93884e-05  1.93884e-05  1.93884e-05  6.61791e-07  6.61791e-07  6.61791e-07
  300.00 -1.53908 -6.98184e-05 -6.98184e-05 -6.98184e-05  1.29703e-06  1.29703e-06  1.29703e-06
  300.00 -1.50902 -1.07580e-04 -1.07580e-04 -1.07580e-04  2.33844e-07  2.33844e-07  2.33844e-07
  300.00 -1.47896 -8.10971e-05 -8.10971e-05 -8.10971e-05 -1.47500e-07 -1.47500e-07 -1.47500e-07
  300.00 -1.44890 -4.18410e-05 -4.18410e-05 -4.18410e-05 -1.05223e-07 -1.05223e-07 -1.05223e-07
  300.00 -1.41884 -8.88086e-06 -8.88086e-06 -8.88086e-06 -1.36983e-08 -1.36983e-08 -1.36983e-08
  300.00 -1.38878  4.33608e-06  4.33608e-06  4.33608e-06  2.22504e-08  2.22504e-08  2.22504e-08
  300.00 -1.35872  1.01574e-06  1.01574e-06  1.01574e-06  6.28534e-08  6.28534e-08  6.28534e-08
  300.00 -1.32866 -5.21096e-06 -5.21096e-06 -5.21096e-06 -1.39363e-07 -1.39363e-07 -1.39363e-07
  300.00 -1.29860 -6.71664e-07 -6.71664e-07 -6.71664e-07  6.03849e-08  6.03849e-08  6.03849e-08
  300.00 -1.26854  1.63126e-05  1.63126e-05  1.63126e-05  2.44506e-07  2.44506e-07  2.44506e-07
  300.00 -1.23848  2.93474e-05  2.93474e-05  2.93474e-05 -2.20096e-07 -2.20096e-07 -2.20096e-07
  300.00 -1.20842  3.09001e-05  3.09001e-05  3.09001e-05 -1.95237e-07 -1.95237e-07 -1.95237e-07
  300.00 -1.17836 -3.45596e-06 -3.45596e-06 -3.45596e-06 -2.74061e-08 -2.74061e-08 -2.74061e-08
  300.00 -1.14830 -6.22047e-05 -6.22047e-05 -6.22047e-05  2.93318e-07  2.93318e-07  2.93318e-07
  300.00 -1.11824 -5.64014e-05 -5.64014e-05 -5.64014e-05  1.55712e-07  1.55712e-07  1.55712e-07
  300.00 -1.08818 -1.61032e-05 -1.61032e-05 -1.61032e-05 -1.93319e-07 -1.93319e-07 -1.93319e-07
  300.00 -1.05812  2.29121e-05  2.29121e-05  2.29121e-05  7.87903e-09  7.87903e-09  7.87903e-09
  300.00 -1.02806  4.57595e-05  4.57595e-05  4.57595e-05  3.40738e-09  3.40738e-09  3.40738e-09
  300.00 -0.99800  2.97351e-05  2.97351e-05  2.97351e-05  6.49490e-10  6.49490e-10  6.49490e-10
  300.00 -0.96794 -5.59633e-07 -5.59633e-07 -5.59633e-07  6.34416e-08  6.34416e-08  6.34416e-08
  300.00 -0.93788 -6.15976e-06 -6.15976e-06 -6.15976e-06  2.54310e-08  2.54310e-08  2.54310e-08
  300.00 -0.90782  8.48779e-06  8.48779e-06  8.48779e-06 -7.76276e-08 -7.76276e-08 -7.76276e-08
  300.00 -0.87776  1.04909e-05  1.04909e-05  1.04909e-05 -7.85900e-09 -7.85900e-09 -7.85900e-09
  300.00 -0.84770 -3.52099e-06 -3.52099e-06 -3.52099e-06 -1.25310e-09 -1.25310e-09 -1.25310e-09
  300.00 -0.81764 -7.49594e-06 -7.49594e-06 -7.49594e-06  4.83611e-09  4.83611e-09  4.83611e-09
  300.00 -0.78758 -1.41648e-05 -1.41648e-05 -1.41648e-05 -8.98107e-09 -8.98107e-09 -8.98107e-09
  300.00 -0.75752 -3.51306e-05 -3.51306e-05 -3.51306e-05  7.13629e-08  7.13629e-08  7.13629e-08
  300.00 -0.72745 -3.04733e-05 -3.04733e-05 -3.04733e-05 -4.78763e-09 -4.78763e-09 -4.78763e-09
  300.00 -0.69739 -7.14485e-06 -7.14485e-06 -7.14485e-06  1.37370e-09  1.37370e-09  1.37370e-09
  300.00 -0.66733  4.56746e-07  4.56746e-07  4.56746e-07 -1.50812e-08 -1.50812e-08 -1.50812e-08
  300.00 -0.63727  1.07476e-05  1.07476e-05  1.07476e-05 -2.89441e-08 -2.89441e-08 -2.89441e-08
  300.00 -0.60721  3.35750e-05  3.35750e-05  3.35750e-05  1.69728e-08  1.69728e-08  1.69728e-08
  300.00 -0.57715  4.47857e-05  4.47857e-05  4.47857e-05 -1.42363e-08 -1.42363e-08 -1.42363e-08
  300.00 -0.54709  2.42272e-05  2.42272e-05  2.42272e-05  3.53861e-11  3.53963e-11  3.53914e-11
  300.00 -0.51703  7.41921e-08  7.41922e-08  7.41920e-08  5.42634e-08  5.42634e-08  5.42634e-08
  300.00 -0.48697 -4.92877e-07 -4.92877e-07 -4.92877e-07  1.09130e-08  1.09130e-08  1.09130e-08
  300.00 -0.45691  2.01345e-05  2.01345e-05  2.01345e-05 -6.73348e-08 -6.73348e-08 -6.73348e-08
  300.00 -0.42685  2.57510e-05  2.57510e-05  2.57510e-05  1.10556e-08  1.10556e-08  1.10556e-08
  300.00 -0.39679 -9.58388e-06 -9.58388e-06 -9.58388e-06 -7.63273e-10 -7.63272e-10 -7.63273e-10
  300.00 -0.36673 -3.28469e-05 -3.28469e-05 -3.28469e-05  4.10261e-09  4.10262e-09  4.10261e-09
  300.00 -0.33667 -1.75521e-05 -1.75521e-05 -1.75521e-05  1.71103e-08  1.71103e-08  1.71103e-08
  300.00 -0.30661 -3.82741e-06 -3.82741e-06 -3.82741e-06 -2.35004e-08 -2.35004e-08 -2.35004e-08
  300.00 -0.27655  1.12201e-06  1.12201e-06  1.12201e-06  4.16070e-09  4.16070e-09  4.16070e-09
  300.00 -0.24649 -5.85897e-06 -5.85897e-06 -5.85897e-06  2.48574e-08  2.48574e-08  2.48574e-08
  300.00 -0.21643 -8.90108e-06 -8.90108e-06 -8.90108e-06 -1.06013e-08 -1.06013e-08 -1.06013e-08
  300.00 -0.18637  8.52441e-06  8.52441e-06  8.52441e-06 -2.43440e-09 -2.43440e-09 -2.43440e-09
  300.00 -0.15631  1.55177e-05  1.55177e-05  1.55177e-05  3.38924e-08  3.38924e-08  3.38924e-08
  300.00 -0.12625 -2.33324e-06 -2.33324e-06 -2.33324e-06  6.02136e-08  6.02136e-08  6.02136e-08
  300.00 -0.09619 -1.83683e-05 -1.83683e-05 -1.83683e-05 -7.53488e-08 -7.53488e-08 -7.53488e-08
  300.00 -0.06613 -3.61730e-05 -3.61730e-05 -3.61730e-05 -9.67253e-09 -9.67253e-09 -9.67253e-09
  300.00 -0.03607 -3.39429e-05 -3.39429e-05 -3.39429e-05  3.74159e-09  3.74159e-09  3.74159e-09
  300.00 -0.00601 -9.46546e-06 -9.46546e-06 -9.46546e-06 -7.39282e-09 -7.39282e-09 -7.39282e-09
  300.00  0.02405  1.65401e-05  1.65401e-05  1.65401e-05  7.07703e-10  7.07700e-10  7.07701e-10
  300.00  0.05411  1.96390e-05  1.96390e-05  1.96390e-05 -4.48849e-09 -4.48849e-09 -4.48849e-09
  300.00  0.08417  6.30934e-06  6.30934e-06  6.30934e-06  4.78091e-08  4.78091e-08  4.78091e-08
  300.00  0.11423  1.76152e-06  1.76152e-06  1.76152e-06  1.14047e-07  1.14047e-07  1.14047e-07
  300.00  0.14429 -4.53284e-06 -4.53284e-06 -4.53284e-06  5.44218e-08  5.44218e-08  5.44218e-08
  300.00  0.17435 -7.67452e-06 -7.67452e-06 -7.67452e-06 -7.62917e-08 -7.62917e-08 -7.62917e-08
  300.00  0.20441 -7.79853e-07 -7.79853e-07 -7.79853e-07 -6.40994e-08 -6.40994e-08 -6.40994e-08
  300.00  0.23447 -1.99922e-06 -1.99922e-06 -1.99922e-06 -8.24816e-08 -8.24816e-08 -8.24816e-08
  300.00  0.26453  4.18717e-06  4.18717e-06  4.18717e-06  7.71725e-08  7.71725e-08  7.71725e-08
  300.00  0.29459  1.53808e-05  1.53808e-05  1.53808e-05 -1.03107e-07 -1.03107e-07 -1.03107e-07
  300.00  0.32465  7.44732e-06  7.44732e-06  7.44732e-06  1.50148e-07  1.50148e-07  1.50148e-07
  300.00  0.35471 -9.68641e-06 -9.68641e-06 -9.68641e-06  2.92767e-07  2.92767e-07  2.92767e-07
  300.00  0.38477 -4.52789e-06 -4.52789e-06 -4.52789e-06  7.49610e-08  7.49610e-08  7.49610e-08
  300.00  0.41483  6.20612e-06  6.20612e-06  6.20612e-06 -1.71524e-07 -1.71524e-07 -1.71524e-07
  300.00  0.44489 -1.82072e-06 -1.82072e-06 -1.82072e-06 -3.20666e-07 -3.20666e-07 -3.20666e-07
  300.00  0.47495 -5.20287e-06 -5.20287e-06 -5.20287e-06  3.65464e-08  3.65464e-08  3.65464e-08
  300.00  0.50501  2.84931e-06  2.84931e-06  2.84931e-06  2.43799e-07  2.43799e-07  2.43799e-07
  300.00  0.53507 -1.59790e-05 -1.59790e-05 -1.59790e-05 -2.35210e-07 -2.35210e-07 -2.35210e-07
  300.00  0.56513 -3.57204e-05 -3.57204e-05 -3.57204e-05 -3.05122e-08 -3.05122e-08 -3.05122e-08
  300.00  0.59519 -1.49238e-05 -1.49238e-05 -1.49238e-05  8.40084e-08  8.40084e-08  8.40084e-08
  300.00  0.62525  1.48792e-05  1.48792e-05  1.48792e-05 -5.15531e-08 -5.15531e-08 -5.15531e-08
  300.00  0.65531  3.87452e-05  3.87452e-05  3.87452e-05 -1.60382e-08 -1.60382e-08 -1.60382e-08
  300.00  0.68537  4.13859e-05  4.13859e-05  4.13859e-05 -2.10537e-09 -2.10537e-09 -2.10537e-09
  300.00  0.71543  2.92368e-05  2.92368e-05  2.92368e-05 -2.69107e-08 -2.69107e-08 -2.69107e-08
  300.00  0.74549 -6.94387e-06 -6.94387e-06 -6.94387e-06  4.86273e-08  4.86273e-08  4.86273e-08
  300.00  0.77555 -3.11695e-05 -3.11695e-05 -3.11695e-05 -6.37686e-08 -6.37686e-08 -6.37686e-08
  300.00  0.80561 -1.14763e-05 -1.14763e-05 -1.14763e-05  8.66691e-08  8.66691e-08  8.66691e-08
  300.00  0.83567  2.75195e-05  2.75195e-05  2.75195e-05  2.56494e-07  2.56494e-07  2.56494e-07
  300.00  0.86573  4.94675e-05  4.94675e-05  4.94675e-05 -1.62303e-07 -1.62303e-07 -1.62303e-07
  300.00  0.89579  2.60584e-05  2.60584e-05  2.60584e-05 -4.92093e-07 -4.92093e-07 -4.92093e-07
  300.00  0.92585 -8.27003e-06 -8.27003e-06 -8.27003e-06 -1.17732e-07 -1.17732e-07 -1.17732e-07
  300.00  0.95591 -4.16494e-05 -4.16494e-05 -4.16494e-05  9.87205e-08  9.87205e-08  9.87205e-08
  300.00  0.98597 -6.87778e-05 -6.87778e-05 -6.87778e-05  2.33530e-07  2.33530e-07  2.33530e-07
  300.00  1.01603 -6.43782e-05 -6.43782e-05 -6.43782e-05  4.40262e-07  4.40262e-07  4.40262e-07
  300.00  1.04609 -5.10700e-05 -5.10700e-05 -5.10700e-05  1.24248e-07  1.24248e-07  1.24248e-07
  300.00  1.07615 -2.86674e-05 -2.86674e-05 -2.86674e-05 -2.58489e-07 -2.58489e-07 -2.58489e-07
  300.00  1.10621  8.77426e-06  8.77426e-06  8.77426e-06 -7.53021e-08 -7.53021e-08 -7.53021e-08
  300.00  1.13627  3.78191e-05  3.78191e-05  3.78191e-05  1.27340e-07  1.27340e-07  1.27340e-07
  300.00  1.16633  3.67149e-05  3.67149e-05  3.67149e-05 -8.24283e-08 -8.24283e-08 -8.24283e-08
  300.00  1.19639  2.04617e-05  2.04617e-05  2.04617e-05 -9.11195e-08 -9.11195e-08 -9.11195e-08
  300.00  1.22645 -7.49489e-06 -7.49489e-06 -7.49489e-06  1.80218e-07  1.80218e-07  1.80218e-07
  300.00  1.25651 -2.59314e-05 -2.59314e-05 -2.59314e-05 -1.47068e-07 -1.47068e-07 -1.47068e-07
  300.00  1.28657 -2.30198e-05 -2.30198e-05 -2.30198e-05  4.73489e-08  4.73489e-08  4.73489e-08
  300.00  1.31663  1.71094e-06  1.71094e-06  1.71094e-06  1.80424e-07  1.80424e-07  1.80424e-07
  300.00  1.34669  3.23262e-05  3.23262e-05  3.23262e-05 -9.31222e-08 -9.31222e-08 -9.31222e-08
  300.00  1.37675  3.50311e-05  3.50311e-05  3.50311e-05 -1.61814e-07 -1.61814e-07 -1.61814e-07
  300.00  1.40681  2.06635e-05  2.06635e-05  2.06635e-05 -7.65683e-08 -7.65683e-08 -7.65683e-08
  300.00  1.43687  1.78280e-05  1.78280e-05  1.78280e-05  8.37074e-10  8.37074e-10  8.37074e-10
  300.00  1.46693  1.56525e-05  1.56525e-05  1.56525e-05  1.65711e-08  1.65711e-08  1.65711e-08
  300.00  1.49699  5.05662e-06  5.05662e-06  5.05662e-06 -2.41755e-08 -2.41755e-08 -2.41755e-08
  300.00  1.52705 -1.49506e-05 -1.49506e-05 -1.49506e-05  2.87091e-08  2.87091e-08  2.87091e-08
  300.00  1.55711 -1.78059e-05 -1.78059e-05 -1.78059e-05 -2.52559e-08 -2.52559e-08 -2.52559e-08
  300.00  1.58717  8.97626e-06  8.97626e-06  8.97626e-06  2.06578e-08  2.06578e-08  2.06578e-08
  300.00  1.61723  2.01679e-05  2.01679e-05  2.01679e-05  4.34083e-08  4.34083e-08  4.34083e-08
  300.00  1.64729 -8.64952e-06 -8.64952e-06 -8.64952e-06  1.11467e-07  1.11467e-07  1.11467e-07
  300.00  1.67735 -4.67643e-05 -4.67643e-05 -4.67643e-05  1.35185e-08  1.35185e-08  1.35185e-08
  300.00  1.70741 -4.07677e-05 -4.07677e-05 -4.07677e-05 -1.05461e-07 -1.05461e-07 -1.05461e-07
  300.00  1.73747 -2.13731e-05 -2.13731e-05 -2.13731e-05  1.00406e-08  1.00406e-08  1.00406e-08
  300.00  1.76754 -1.14198e-05 -1.14198e-05 -1.14198e-05  3.18925e-08  3.18925e-08  3.18925e-08
  300.00  1.79760  8.47793e-06  8.47793e-06  8.47793e-06  6.61944e-08  6.61944e-08  6.61944e-08
  300.00  1.82766  3.89633e-05  3.89633e-05  3.89633e-05  5.91042e-08  5.91042e-08  5.91042e-08
  300.00  1.85772  4.68787e-05  4.68787e-05  4.68787e-05 -2.79914e-07 -2.79914e-07 -2.79914e-07
  300.00  1.88778  1.22499e-05  1.22499e-05  1.22499e-05 -1.78403e-07 -1.78403e-07 -1.78403e-07
  300.00  1.91784 -3.10543e-05 -3.10543e-05 -3.10543e-05  8.19889e-07  8.19889e-07  8.19889e-07
  300.00  1.94790 -4.40867e-05 -4.40867e-05 -4.40867e-05  2.36034e-07  2.36034e-07  2.36034e-07
  300.00  1.97796 -3.00038e-05 -3.00038e-05 -3.00038e-05 -3.39684e-07 -3.39684e-07 -3.39684e-07
  300.00  2.00802 -1.17828e-05 -1.17828e-05 -1.17828e-05 -1.35287e-07 -1.35287e-07 -1.35287e-07
  300.00  2.03808  7.21546e-06  7.21546e-06  7.21546e-06  7.74136e-08  7.74136e-08  7.74136e-08
  300.00  2.06814  1.96547e-05  1.96547e-05  1.96547e-05 -4.62476e-08 -4.62476e-08 -4.62476e-08
  300.00  2.09820  6.88163e-06  6.88163e-06  6.88163e-06  1.03785e-08  1.03785e-08  1.03785e-08
  300.00  2.12826 -1.99780e-05 -1.99780e-05 -1.99780e-05 -1.08205e-08 -1.08206e-08 -1.08205e-08
  300.00  2.15832 -2.09997e-05 -2.09997e-05 -2.09997e-05  1.48952e-08  1.48953e-08  1.48953e-08
  300.00  2.18838 -1.32172e-05 -1.32172e-05 -1.32172e-05 -1.70312e-08 -1.70312e-08 -1.70312e-08
  300.00  2.21844 -5.10363e-06 -5.10363e-06 -5.10363e-06  2.03119e-08  2.03119e-08  2.03119e-08
  300.00  2.24850  1.58640e-05  1.58640e-05  1.58640e-05  9.96373e-09  9.96373e-09  9.96373e-09
  300.00  2.27856  3.62651e-05  3.62651e-05  3.62651e-05 -2.11911e-09 -2.11911e-09 -2.11911e-09
  300.00  2.30862  2.97469e-05  2.97469e-05  2.97469e-05  1.21463e-08  1.21463e-08  1.21463e-08
  300.00  2.33868 -2.78141e-06 -2.78141e-06 -2.78141e-06 -1.13286e-08 -1.13286e-08 -1.13286e-08
  300.00  2.36874  6.23447e-07  6.23447e-07  6.23447e-07 -2.66489e-08 -2.66489e-08 -2.66489e-08
  300.00  2.39880  1.84157e-05  1.84157e-05  1.84157e-05 -2.17854e-08 -2.17854e-08 -2.17854e-08
  300.00  2.42886  3.81170e-06  3.81170e-06  3.81170e-06  1.78807e-09  1.78807e-09  1.78807e-09
  300.00  2.45892 -2.89695e-05 -2.89695e-05 -2.89695e-05  7.66638e-08  7.66638e-08  7.66638e-08
  300.00  2.48898 -3.98085e-05 -3.98085e-05 -3.98085e-05 -2.80845e-08 -2.80845e-08 -2.80845e-08
  300.00  2.51904 -2.77557e-05 -2.77557e-05 -2.77557e-05 -1.27065e-08 -1.27065e-08 -1.27065e-08
  300.00  2.54910 -2.28090e-06 -2.28090e-06 -2.28090e-06  4.78406e-10  4.78406e-10  4.78406e-10
  300.00  2.57916  2.78038e-05  2.78038e-05  2.78038e-05 -3.41673e-09 -3.41673e-09 -3.41673e-09
  300.00  2.60922  2.69549e-05  2.69549e-05  2.69549e-05 -8.97882e-09 -8.97882e-09 -8.97882e-09
  300.00  2.63928 -8.94645e-06 -8.94645e-06 -8.94645e-06  1.67945e-07  1.67945e-07  1.67945e-07
  300.00  2.66934 -2.04455e-05 -2.04455e-05 -2.04455e-05  4.36294e-08  4.36294e-08  4.36294e-08
  300.00  2.69940 -8.50275e-06 -8.50275e-06 -8.50275e-06 -1.56711e-07 -1.56711e-07 -1.56711e-07
  300.00  2.72946  4.47473e-06  4.47473e-06  4.47473e-06  1.66880e-08  1.66880e-08  1.66880e-08
  300.00  2.75952  1.56533e-05  1.56533e-05  1.56533e-05  1.02891e-08  1.02891e-08  1.02891e-08
  300.00  2.78958  2.50284e-06  2.50284e-06  2.50284e-06 -6.38924e-09 -6.38924e-09 -6.38924e-09
  300.00  2.81964 -1.72547e-05 -1.72547e-05 -1.72547e-05 -2.50925e-08 -2.50925e-08 -2.50925e-08
  300.00  2.84970 -5.98315e-06 -5.98315e-06 -5.98315e-06  6.25969e-08  6.25969e-08  6.25969e-08
  300.00  2.87976  8.66980e-06  8.66980e-06  8.66980e-06  1.36469e-07  1.36469e-07  1.36469e-07
  300.00  2.90982  2.34516e-07  2.34516e-07  2.34516e-07 -1.46330e-07 -1.46330e-07 -1.46330e-07
  300.00  2.93988 -3.48517e-06 -3.48517e-06 -3.48517e-06 -8.98699e-08 -8.98699e-08 -8.98699e-08
  300.00  2.96994  5.78272e-06  5.78272e-06  5.78272e-06  7.54143e-08  7.54143e-08  7.54143e-08
  300.00  3.00000  9.57898e-06  9.57898e-06  9.57898e-06 -4.79228e-08 -4.79228e-08 -4.79228e-08
