G 20
X 20
M 28
G 34
R 0

0.0 0.0 0.0
0.0 0.024993896484375 0.0
0.0 0.04998779296875 0.0
0.0 0.07501220703125 0.0
0.0 0.0999755859375 0.0
0.0 0.125 0.0
0.0 0.1500244140625 0.0
0.0 0.175048828125 0.0
0.0 0.199951171875 0.0
0.0 0.2249755859375 0.0
0.0 0.25 0.0
0.0 0.27490234375 0.0
0.0 0.300048828125 0.0
0.0 0.324951171875 0.0
0.0 0.35009765625 0.0
0.0 0.375 0.0
0.0 0.39990234375 0.0
0.0 0.425048828125 0.0
0.0 0.449951171875 0.0
0.0 0.47509765625 0.0
0.0 0.5 0.0
0.024993896484375 0.5 0.0
0.04998779296875 0.5 0.0
0.07501220703125 0.5 0.0
0.0999755859375 0.5 0.0
0.125 0.5 0.0
0.1500244140625 0.5 0.0
0.175048828125 0.5 0.0
0.199951171875 0.5 0.0
0.2249755859375 0.5 0.0
0.25 0.5 0.0
0.27490234375 0.5 0.0
0.300048828125 0.5 0.0
0.324951171875 0.5 0.0
0.35009765625 0.5 0.0
0.375 0.5 0.0
0.39990234375 0.5 0.0
0.425048828125 0.5 0.0
0.449951171875 0.5 0.0
0.47509765625 0.5 0.0
0.5 0.5 0.0
0.482177734375 0.482177734375 0.0
0.46435546875 0.46435546875 0.0
0.446533203125 0.446533203125 0.0
0.428466796875 0.428466796875 0.0
0.41064453125 0.41064453125 0.0
0.392822265625 0.392822265625 0.0
0.375 0.375 0.0
0.357177734375 0.357177734375 0.0
0.33935546875 0.33935546875 0.0
0.321533203125 0.321533203125 0.0
0.303466796875 0.303466796875 0.0
0.28564453125 0.28564453125 0.0
0.267822265625 0.267822265625 0.0
0.25 0.25 0.0
0.232177734375 0.232177734375 0.0
0.2142333984375 0.2142333984375 0.0
0.1964111328125 0.1964111328125 0.0
0.1785888671875 0.1785888671875 0.0
0.1607666015625 0.1607666015625 0.0
0.142822265625 0.142822265625 0.0
0.125 0.125 0.0
0.10711669921875 0.10711669921875 0.0
0.08929443359375 0.08929443359375 0.0
0.0714111328125 0.0714111328125 0.0
0.053558349609375 0.053558349609375 0.0
0.03570556640625 0.03570556640625 0.0
0.017852783203125 0.017852783203125 0.0
0.0 0.0 0.0
0.01470947265625 0.01470947265625 0.01470947265625
0.0294189453125 0.0294189453125 0.0294189453125
0.04412841796875 0.04412841796875 0.04412841796875
0.058837890625 0.058837890625 0.058837890625
0.07354736328125 0.07354736328125 0.07354736328125
0.0882568359375 0.0882568359375 0.0882568359375
0.10296630859375 0.10296630859375 0.10296630859375
0.11767578125 0.11767578125 0.11767578125
0.13232421875 0.13232421875 0.13232421875
0.1470947265625 0.1470947265625 0.1470947265625
0.1617431640625 0.1617431640625 0.1617431640625
0.176513671875 0.176513671875 0.176513671875
0.191162109375 0.191162109375 0.191162109375
0.2059326171875 0.2059326171875 0.2059326171875
0.2205810546875 0.2205810546875 0.2205810546875
0.2353515625 0.2353515625 0.2353515625
0.25 0.25 0.25
0.2646484375 0.2646484375 0.2646484375
0.279296875 0.279296875 0.279296875
0.294189453125 0.294189453125 0.294189453125
0.308837890625 0.308837890625 0.308837890625
0.323486328125 0.323486328125 0.323486328125
0.338134765625 0.338134765625 0.338134765625
0.35302734375 0.35302734375 0.35302734375
0.36767578125 0.36767578125 0.36767578125
0.38232421875 0.38232421875 0.38232421875
0.39697265625 0.39697265625 0.39697265625
0.411865234375 0.411865234375 0.411865234375
0.426513671875 0.426513671875 0.426513671875
0.441162109375 0.441162109375 0.441162109375
0.455810546875 0.455810546875 0.455810546875
0.470703125 0.470703125 0.470703125
0.4853515625 0.4853515625 0.4853515625
0.5 0.5 0.5
