-1.000000000000000000e+00 -9.059501612946355698e-01
-9.986657771847898823e-01 -9.050058445051947231e-01
-9.973315543695797647e-01 -9.040617558234346207e-01
-9.959973315543695360e-01 -9.031178999072546620e-01
-9.946631087391594184e-01 -9.025311882505669958e-01
-9.933288859239493007e-01 -9.015894962118885525e-01
-9.919946631087391831e-01 -9.006480547974623496e-01
-9.906604402935290654e-01 -9.000636351405327806e-01
-9.893262174783188367e-01 -8.991243904862770142e-01
-9.879919946631087191e-01 -8.981854143685601422e-01
-9.866577718478986014e-01 -8.976033329528815274e-01
-9.853235490326884838e-01 -8.966665864426442978e-01
-9.839893262174783661e-01 -8.957301264085193448e-01
-9.826551034022681375e-01 -8.951504292448565492e-01
-9.813208805870580198e-01 -8.942162315703281461e-01
-9.799866577718479022e-01 -8.932823383105434889e-01
-9.786524349566377845e-01 -8.927050710794671717e-01
-9.773182121414276669e-01 -8.917734727718266141e-01
-9.759839893262174382e-01 -8.908421967861728241e-01
-9.746497665110073205e-01 -8.902674047318775985e-01
-9.733155436957972029e-01 -8.893384560626581559e-01
-9.719813208805870852e-01 -8.884098475588096955e-01
-9.706470980653769676e-01 -8.878375753759938371e-01
-9.693128752501667389e-01 -8.869113262517399621e-01
-9.679786524349566212e-01 -8.859854350383293831e-01
-9.666444296197465036e-01 -8.854157267519403574e-01
-9.653102068045363859e-01 -8.844922266026995494e-01
-9.639759839893262683e-01 -8.835691019749726260e-01
-9.626417611741160396e-01 -8.830020008125960551e-01
-9.613075383589059220e-01 -8.820812984727297579e-01
-9.599733155436958043e-01 -8.811609890918148391e-01
-9.586390927284856867e-01 -8.805965373485448167e-01
-9.573048699132755690e-01 -8.796786809315564337e-01
-9.559706470980653403e-01 -8.787612346967216270e-01
-9.546364242828552227e-01 -8.781994735923328577e-01
-9.533022014676451050e-01 -8.772845103577999737e-01
-9.519679786524349874e-01 -8.763699742713312313e-01
-9.506337558372248697e-01 -8.758109437996134394e-01
-9.492995330220146410e-01 -8.748989200139518640e-01
-9.479653102068045234e-01 -8.739873400399356118e-01
-9.466310873915944057e-01 -8.734310788100425604e-01
-9.452968645763842881e-01 -8.725220395993783518e-01
-9.439626417611741704e-01 -8.716134605137813018e-01
-9.426284189459639418e-01 -8.710600055835181488e-01
-9.412941961307538241e-01 -8.701539947795191576e-01
-9.399599733155437065e-01 -8.692484600142408313e-01
-9.386257505003335888e-01 -8.686978467151965644e-01
-9.372915276851234712e-01 -8.677949066941763601e-01
-9.359573048699132425e-01 -8.668924581738323143e-01
-9.346230820547031248e-01 -8.663447199282907629e-01
-9.332888592394930072e-01 -8.654448914422080419e-01
-9.319546364242828895e-01 -8.645455694130999014e-01
-9.306204136090727719e-01 -8.640007375427442016e-01
-9.292861907938625432e-01 -8.631040595443892904e-01
-9.279519679786524256e-01 -8.622079023973516776e-01
-9.266177451634423079e-01 -8.616660059237593039e-01
-9.252835223482321902e-01 -8.607725153837120224e-01
-9.239492995330220726e-01 -8.598795594693342537e-01
-9.226150767178118439e-01 -8.593406249063324509e-01
-9.212808539026017263e-01 -8.584503566240678785e-01
-9.199466310873916086e-01 -8.575606360613997614e-01
-9.186124082721814910e-01 -8.570246871993771887e-01
-9.172781854569713733e-01 -8.561376736070152038e-01
-9.159439626417611446e-01 -8.552512200861834835e-01
-9.146097398265510270e-01 -8.547182777684940724e-01
-9.132755170113409093e-01 -8.538345487292141600e-01
-9.119412941961307917e-01 -8.529513913074204812e-01
-9.106070713809206740e-01 -8.524214731990883420e-01
-9.092728485657104454e-01 -8.515410557988184470e-01
-9.079386257505003277e-01 -8.506612206909164309e-01
-9.066044029352902101e-01 -8.501343410398677358e-01
-9.052701801200800924e-01 -8.492572593735903119e-01
-9.039359573048699747e-01 -8.483807697365607359e-01
-9.026017344896597461e-01 -8.478569391276975509e-01
-9.012675116744496284e-01 -8.469832140804043341e-01
-8.999332888592395108e-01 -8.461100897939461962e-01
-8.985990660440293931e-01 -8.455893148964069850e-01
-8.972648432288192755e-01 -8.447189639206659217e-01
-8.959306204136090468e-01 -8.438492213627963867e-01
-8.945963975983989291e-01 -8.433315046708224072e-01
-8.932621747831888115e-01 -8.424645415586182740e-01
-8.919279519679786938e-01 -8.415981933778475810e-01
-8.905937291527685762e-01 -8.410835329457181375e-01
-8.892595063375583475e-01 -8.402199675990210670e-01
-8.879252835223482299e-01 -8.393570224835747995e-01
-8.865910607071381122e-01 -8.388454116551693485e-01
-8.852568378919279946e-01 -8.379852498521089821e-01
-8.839226150767178769e-01 -8.371257122969467668e-01
-8.825883922615076482e-01 -8.366171394305293996e-01
-8.812541694462975306e-01 -8.357603825919925900e-01
-8.799199466310874129e-01 -8.349042526648944307e-01
-8.785857238158772953e-01 -8.343987008537975258e-01
-8.772515010006671776e-01 -8.335453458076234057e-01
-8.759172781854569489e-01 -8.326926189148455837e-01
-8.745830553702468313e-01 -8.321900657047718308e-01
-8.732488325550367136e-01 -8.313401044518272665e-01
-8.719146097398265960e-01 -8.304907711048481467e-01
-8.705803869246164783e-01 -8.299911882086300485e-01
-8.692461641094062497e-01 -8.291446076897784900e-01
-8.679119412941961320e-01 -8.282986532737691698e-01
-8.665777184789860144e-01 -8.278020062844393401e-01
-8.652434956637758967e-01 -8.269587881507284299e-01
-8.639092728485657791e-01 -8.261161926973438208e-01
-8.625750500333555504e-01 -8.256224408004663173e-01
-8.612408272181454327e-01 -8.247825611872309226e-01
-8.599066044029353151e-01 -8.239432991515653892e-01
-8.585723815877251974e-01 -8.234523948378206226e-01
-8.572381587725150798e-01 -8.226158241456057452e-01
-8.559039359573048511e-01 -8.217798641896066902e-01
-8.545697131420947334e-01 -8.212917529687151497e-01
-8.532354903268846158e-01 -8.204584556502176884e-01
-8.519012675116744981e-01 -8.196257604346774972e-01
-8.505670446964643805e-01 -8.191403805517918357e-01
-8.492328218812541518e-01 -8.183103149094149709e-01
-8.478985990660440342e-01 -8.174808408953656569e-01
-8.465643762508339165e-01 -8.169981230510874326e-01
-8.452301534356237989e-01 -8.161712410439557752e-01
-8.438959306204136812e-01 -8.153449383059250266e-01
-8.425617078052034525e-01 -8.148648053812252989e-01
-8.412274849899933349e-01 -8.140410524465545583e-01
-8.398932621747832172e-01 -8.132178644998464545e-01
-8.385590393595730996e-01 -8.127402312871342405e-01
-8.372248165443629819e-01 -8.119195461762379606e-01
-8.358905937291527533e-01 -8.110994098207129355e-01
-8.345563709139426356e-01 -8.106241827623827945e-01
-8.332221480987325180e-01 -8.098064973940525269e-01
-8.318879252835224003e-01 -8.089893425750885880e-01
-8.305537024683122826e-01 -8.085164195108867080e-01
-8.292194796531020540e-01 -8.077016588442343936e-01
-8.278852568378919363e-01 -8.068874085353598957e-01
-8.265510340226818187e-01 -8.064166784599686721e-01
-8.252168112074717010e-01 -8.056047603902084520e-01
-8.238825883922615834e-01 -8.047933304990504411e-01
-8.225483655770513547e-01 -8.043246733312191532e-01
-8.212141427618412370e-01 -8.035155086101422039e-01
-8.198799199466311194e-01 -8.027068079108959919e-01
-8.185456971314210017e-01 -8.022400942755664177e-01
-8.172114743162108841e-01 -8.014335864601200843e-01
-8.158772515010006554e-01 -8.006275165545547745e-01
-8.145430286857905378e-01 -8.001626075792889203e-01
-8.132088058705804201e-01 -7.993586530109636490e-01
-8.118745830553703025e-01 -7.985551083228742408e-01
-8.105403602401601848e-01 -7.980918554499836226e-01
-8.092061374249499561e-01 -7.972903432695708226e-01
-8.078719146097398385e-01 -7.964892110748985621e-01
-8.065376917945297208e-01 -7.960274558905273690e-01
-8.052034689793196032e-01 -7.952282680892416300e-01
-8.038692461641094855e-01 -7.944294285852142590e-01
-8.025350233488992568e-01 -7.939690026666795797e-01
-8.012008005336891392e-01 -7.931720141805110869e-01
-7.998665777184790215e-01 -7.923753405996243337e-01
-7.985323549032687929e-01 -7.919160653821575302e-01
-7.971981320880587862e-01 -7.911211442311112396e-01
-7.958639092728485576e-01 -7.903265030012355252e-01
-7.945296864576384399e-01 -7.898681896652256507e-01
-7.931954636424283223e-01 -7.890751971431492207e-01
-7.918612408272180936e-01 -7.882824481024918173e-01
-7.905270180120080870e-01 -7.878248974822058548e-01
-7.891927951967978583e-01 -7.870336884027995250e-01
-7.878585723815877406e-01 -7.862426850711691229e-01
-7.865243495663776230e-01 -7.857856875857784917e-01
-7.851901267511673943e-01 -7.849961105875112866e-01
-7.838559039359573877e-01 -7.842067005008429570e-01
-7.825216811207471590e-01 -7.837500361084720479e-01
-7.811874583055370413e-01 -7.829619340269948768e-01
-7.798532354903269237e-01 -7.821739591425094229e-01
-7.785190126751166950e-01 -7.817173973177848900e-01
-7.771847898599066884e-01 -7.809306076315516432e-01
-7.758505670446964597e-01 -7.801439048093445905e-01
-7.745163442294863421e-01 -7.796872045447488242e-01
-7.731821214142762244e-01 -7.789015599010443713e-01
-7.718478985990659957e-01 -7.781159614698617277e-01
-7.705136757838559891e-01 -7.776588713009454645e-01
-7.691794529686457604e-01 -7.768742001300389388e-01
-7.678452301534356428e-01 -7.760895345474214668e-01
-7.665110073382255251e-01 -7.756317926016699227e-01
-7.651767845230152965e-01 -7.748479198311262195e-01
-7.638425617078052898e-01 -7.740640124476049211e-01
-7.625083388925950612e-01 -7.736053465163725829e-01
-7.611741160773849435e-01 -7.728220943934429599e-01
-7.598398932621748258e-01 -7.720387683325498074e-01
-7.585056704469645972e-01 -7.715788959652386536e-01
-7.571714476317545905e-01 -7.707960850023259924e-01
-7.558372248165443619e-01 -7.700131621705387230e-01
-7.545030020013342442e-01 -7.695517907896676224e-01
-7.531687791861241266e-01 -7.687692408477287964e-01
-7.518345563709138979e-01 -7.679865430918227931e-01
-7.505003335557038913e-01 -7.675233701272491382e-01
-7.491661107404936626e-01 -7.667409016536371746e-01
-7.478318879252835449e-01 -7.659582520823731144e-01
-7.464976651100734273e-01 -7.654929651223546516e-01
-7.451634422948631986e-01 -7.647104005645233293e-01
-7.438292194796531920e-01 -7.639276250604749574e-01
-7.424949966644429633e-01 -7.634599020166986660e-01
-7.411607738492328457e-01 -7.626770674381084802e-01
-7.398265510340227280e-01 -7.618939963863431419e-01
-7.384923282188124993e-01 -7.614235056692640891e-01
-7.371581054036024927e-01 -7.606402325977499324e-01
-7.358238825883922640e-01 -7.598567028645971666e-01
-7.344896597731821464e-01 -7.593831035646531058e-01
-7.331554369579720287e-01 -7.585992311079446937e-01
-7.318212141427618000e-01 -7.578150883117149572e-01
-7.304869913275517934e-01 -7.573380303810346437e-01
-7.291527685123415647e-01 -7.565534076570382682e-01
-7.278185456971314471e-01 -7.557685087811107927e-01
-7.264843228819213294e-01 -7.552876332091311706e-01
-7.251501000667111008e-01 -7.545021221463003025e-01
-7.238158772515010941e-01 -7.537163385545333494e-01
-7.224816544362908655e-01 -7.532312775296248208e-01
-7.211474316210807478e-01 -7.524447561039007137e-01
-7.198132088058706302e-01 -7.516579770395459548e-01
-7.184789859906604015e-01 -7.511683540870530695e-01
-7.171447631754503949e-01 -7.503807200836781766e-01
-7.158105403602401662e-01 -7.495928567429325229e-01
-7.144763175450300485e-01 -7.490982868281156337e-01
-7.131420947298199309e-01 -7.483094622344969027e-01
-7.118078719146097022e-01 -7.475204525414131940e-01
-7.104736490993996956e-01 -7.470205421231943532e-01
-7.091394262841894669e-01 -7.462304782885116339e-01
-7.078052034689793492e-01 -7.454402925201524255e-01
-7.064709806537692316e-01 -7.449346395386471364e-01
-7.051367578385590029e-01 -7.441433232722088897e-01
-7.038025350233489963e-01 -7.433519707328025694e-01
-7.024683122081387676e-01 -7.428401645097252315e-01
-7.011340893929286500e-01 -7.420476253397234601e-01
-6.997998665777185323e-01 -7.412551623340617457e-01
-6.984656437625083036e-01 -7.407367833602791496e-01
-6.971314209472982970e-01 -7.399431022353151199e-01
-6.957971981320880683e-01 -7.391496416653755563e-01
-6.944629753168779507e-01 -7.386242612437691202e-01
-6.931287525016678330e-01 -7.378295810454356118e-01
-6.917945296864576044e-01 -7.370353040515704723e-01
-6.904603068712475977e-01 -7.365024837554265957e-01
-6.891260840560373691e-01 -7.357070220982478981e-01
-6.877918612408272514e-01 -7.349121922899586323e-01
-6.864576384256171337e-01 -7.343714831869352366e-01
-6.851234156104069051e-01 -7.335755481236553299e-01
-6.837891927951968984e-01 -7.327805291062983173e-01
-6.824549699799866698e-01 -7.322314706849029076e-01
-6.811207471647765521e-01 -7.314354801097614489e-01
-6.797865243495664345e-01 -7.306407571948427826e-01
-6.784523015343562058e-01 -7.300828759137802937e-01
-6.771180787191461992e-01 -7.292873816310878610e-01
-6.757838559039359705e-01 -7.284935887550935130e-01
-6.744496330887258528e-01 -7.279263961161843710e-01
-6.731154102735157352e-01 -7.271321135575858907e-01
-6.717811874583055065e-01 -7.263400661447826367e-01
-6.704469646430954999e-01 -7.257630561733192653e-01
-6.691127418278852712e-01 -7.249708997060768656e-01
-6.677785190126751536e-01 -7.241816311635913550e-01
-6.664442961974650359e-01 -7.235942772032490922e-01
-6.651100733822548072e-01 -7.228053919064370003e-01
-6.637758505670448006e-01 -7.220201584237992964e-01
-6.624416277518345719e-01 -7.214219095896030609e-01
-6.611074049366244543e-01 -7.206374862476273568e-01
-6.597731821214143366e-01 -7.198562311598550867e-01
-6.584389593062041079e-01 -7.192465256795305129e-01
-6.571047364909941013e-01 -7.184639003469612817e-01
-6.557705136757838726e-01 -7.176830549309225482e-01
-6.544362908605737550e-01 -7.170613935340252043e-01
-6.531020680453636373e-01 -7.162792099724639705e-01
-6.517678452301534087e-01 -7.154997733364039103e-01
-6.504336224149434020e-01 -7.148656625575218193e-01
-6.490993995997331734e-01 -7.140858467929825926e-01
-6.477651767845230557e-01 -7.133101456601640411e-01
-6.464309539693129381e-01 -7.126630533552418267e-01
-6.450967311541027094e-01 -7.118883141023296668e-01
-6.437625083388927028e-01 -7.111195264539644789e-01
-6.424282855236824741e-01 -7.104588666309356038e-01
-6.410940627084723564e-01 -7.096929022262400411e-01
-6.397598398932622388e-01 -7.089353882563146358e-01
-6.384256170780520101e-01 -7.082605006313374973e-01
-6.370913942628420035e-01 -7.075084160604312444e-01
-6.357571714476317748e-01 -7.067682131981020133e-01
-6.344229486324216571e-01 -7.060783338008351784e-01
-6.330887258172115395e-01 -7.053470703163997602e-01
-6.317545030020013108e-01 -7.046302153190203699e-01
-6.304202801867913042e-01 -7.039244593205860046e-01
-6.290860573715810755e-01 -7.032088402333869226e-01
-6.277518345563709579e-01 -7.024905429780299304e-01
-6.264176117411608402e-01 -7.017683272856108934e-01
-6.250833889259506115e-01 -7.010394764765458531e-01
-6.237491661107406049e-01 -7.003052439599170009e-01
-6.224149432955303762e-01 -6.995664212387903147e-01
-6.210807204803202586e-01 -6.988211302534184099e-01
-6.197464976651101409e-01 -6.980702528139155483e-01
-6.184122748498999123e-01 -6.973147240322875584e-01
-6.170780520346899056e-01 -6.965526142672863186e-01
-6.157438292194796770e-01 -6.957847817252906797e-01
-6.144096064042695593e-01 -6.950124648536951666e-01
-6.130753835890594416e-01 -6.942332160358700710e-01
-6.117411607738492130e-01 -6.934480211062614696e-01
-6.104069379586392063e-01 -6.926588519768461794e-01
-6.090727151434289777e-01 -6.918618640377088846e-01
-6.077384923282188600e-01 -6.910582479293629898e-01
-6.064042695130087424e-01 -6.902521898305236103e-01
-6.050700466977985137e-01 -6.894352298165594695e-01
-6.037358238825885071e-01 -6.886069059212615029e-01
-6.024016010673782784e-01 -6.877840173525235912e-01
-6.010673782521681607e-01 -6.869175813029482214e-01
-5.997331554369580431e-01 -6.859795162271815627e-01
-5.983989326217478144e-01 -6.851409920173082702e-01
-5.970647098065376968e-01 -6.842111712151589531e-01
-5.957304869913275791e-01 -6.833454647817831518e-01
-5.943962641761174615e-01 -6.824908650052536885e-01
-5.930620413609073438e-01 -6.816243557745008674e-01
-5.917278185456971151e-01 -6.807551768739003029e-01
-5.903935957304869975e-01 -6.798835661714806022e-01
-5.890593729152768798e-01 -6.790042820278524571e-01
-5.877251501000667622e-01 -6.781199480958575165e-01
-5.863909272848566445e-01 -6.772312687025656697e-01
-5.850567044696464158e-01 -6.763359257247736345e-01
-5.837224816544362982e-01 -6.754351240581307758e-01
-5.823882588392261805e-01 -6.745293766417538306e-01
-5.810540360240160629e-01 -6.736173578676788454e-01
-5.797198132088059452e-01 -6.726997637184840562e-01
-5.783855903935957166e-01 -6.717769716148511705e-01
-5.770513675783855989e-01 -6.708481035943644200e-01
-5.757171447631754813e-01 -6.699136224359016900e-01
-5.743829219479653636e-01 -6.689738251784483891e-01
-5.730486991327552460e-01 -6.680280652798297192e-01
-5.717144763175450173e-01 -6.670766831632275462e-01
-5.703802535023348996e-01 -6.661199345177444275e-01
-5.690460306871247820e-01 -6.651572906937939234e-01
-5.677118078719146643e-01 -6.641890222411857003e-01
-5.663775850567045467e-01 -6.632153895007658617e-01
-5.650433622414943180e-01 -6.622358706300411901e-01
-5.637091394262842003e-01 -6.612506610831756504e-01
-5.623749166110740827e-01 -6.602602257830364474e-01
-5.610406937958639650e-01 -6.592634047839712741e-01
-5.597064709806538474e-01 -6.582586932032137295e-01
-5.583722481654436187e-01 -6.572515802760615644e-01
-5.570380253502335011e-01 -6.562358292412034944e-01
-5.557038025350233834e-01 -6.552168440038370623e-01
-5.543695797198132658e-01 -6.541931565743386301e-01
-5.530353569046031481e-01 -6.531635546464427122e-01
-5.517011340893929194e-01 -6.521285687862210523e-01
-5.503669112741828018e-01 -6.510883900847859174e-01
-5.490326884589726841e-01 -6.500424972020171221e-01
-5.476984656437625665e-01 -6.489911702677114702e-01
-5.463642428285524488e-01 -6.479346247545852977e-01
-5.450300200133422202e-01 -6.468724415193325417e-01
-5.436957971981321025e-01 -6.458048502735915797e-01
-5.423615743829219848e-01 -6.447320750357761199e-01
-5.410273515677118672e-01 -6.436537090455409782e-01
-5.396931287525017495e-01 -6.425699726902662778e-01
-5.383589059372915209e-01 -6.414811157707804856e-01
-5.370246831220814032e-01 -6.403866945437570735e-01
-5.356904603068712856e-01 -6.392869402222244313e-01
-5.343562374916611679e-01 -6.381821601264499044e-01
-5.330220146764510503e-01 -6.370718076316694845e-01
-5.316877918612408216e-01 -6.359561404173330601e-01
-5.303535690460307039e-01 -6.348356061178108689e-01
-5.290193462308205863e-01 -6.337093808275815476e-01
-5.276851234156104686e-01 -6.325776872846036181e-01
-5.263509006004003510e-01 -6.314415807360679311e-01
-5.250166777851901223e-01 -6.302981770137441320e-01
-5.236824549699800047e-01 -6.291419123518645629e-01
-5.223482321547698870e-01 -6.279905242935571730e-01
-5.210140093395597694e-01 -6.268097682046779306e-01
-5.196797865243496517e-01 -6.256086876639758154e-01
-5.183455637091394230e-01 -6.244427182045466651e-01
-5.170113408939293054e-01 -6.232180675315055485e-01
-5.156771180787191877e-01 -6.219757709063377105e-01
-5.143428952635090701e-01 -6.207959609376862975e-01
-5.130086724482989524e-01 -6.195329315940567572e-01
-5.116744496330887237e-01 -6.182543600658461092e-01
-5.103402268178786061e-01 -6.170613584515498573e-01
-5.090060040026684884e-01 -6.157637054309369473e-01
-5.076717811874583708e-01 -6.144497002848364753e-01
-5.063375583722482531e-01 -6.132441207404811800e-01
-5.050033355570380245e-01 -6.118952865779407890e-01
-5.036691127418279068e-01 -6.104887022074956260e-01
-5.023348899266177892e-01 -6.092718915477086661e-01
-5.010006671114076715e-01 -6.078564139045248282e-01
-4.996664442961975539e-01 -6.064575945372459032e-01
-4.983322214809873252e-01 -6.052300777365884343e-01
-4.969979986657772075e-01 -6.037910062139579814e-01
-4.956637758505670899e-01 -6.023028731793740320e-01
-4.943295530353569722e-01 -6.010657108852142105e-01
-4.929953302201468546e-01 -5.995280485350295008e-01
-4.916611074049366259e-01 -5.979471271084048078e-01
-4.903268845897265082e-01 -5.967021679000623635e-01
-4.889926617745163906e-01 -5.950819738450062735e-01
-4.876584389593062729e-01 -5.934273879658429340e-01
-4.863242161440961553e-01 -5.921761423963376458e-01
-4.849899933288859266e-01 -5.904908055275539525e-01
-4.836557705136758090e-01 -5.887791260662527115e-01
-4.823215476984656913e-01 -5.875227742719362212e-01
-4.809873248832555737e-01 -5.857879988574602459e-01
-4.796531020680454560e-01 -5.840328452422629546e-01
-4.783188792528352273e-01 -5.827722810198713299e-01
-4.769846564376251097e-01 -5.809993994805503492e-01
-4.756504336224149920e-01 -5.792103441287208554e-01
-4.743162108072048744e-01 -5.779462574614825376e-01
-4.729819879919947567e-01 -5.761433476382368246e-01
-4.716477651767845281e-01 -5.743273289551578120e-01
-4.703135423615744104e-01 -5.730602637821871070e-01
-4.689793195463642927e-01 -5.712332724372883863e-01
-4.676450967311541751e-01 -5.693954693720399973e-01
-4.663108739159440574e-01 -5.681258617061192284e-01
-4.649766511007338288e-01 -5.662792824111391177e-01
-4.636424282855237111e-01 -5.644236511606250950e-01
-4.623082054703135935e-01 -5.631518552659139365e-01
-4.609739826551034758e-01 -5.612891543617019030e-01
-4.596397598398933582e-01 -5.594187736176808867e-01
-4.583055370246831295e-01 -5.581450806132876030e-01
-4.569713142094730118e-01 -5.562689772171015568e-01
-4.556370913942628942e-01 -5.543862795898701901e-01
-4.543028685790527765e-01 -5.531109310362768428e-01
-4.529686457638426589e-01 -5.512235880563385315e-01
-4.516344229486324302e-01 -5.493305204514848938e-01
-4.503002001334223126e-01 -5.480537184941470796e-01
-4.489659773182121949e-01 -5.461568768979516708e-01
-4.476317545030020773e-01 -5.442550147066791411e-01
-4.462975316877919596e-01 -5.429769297885249646e-01
-4.449633088725817309e-01 -5.410720053289235221e-01
-4.436290860573716133e-01 -5.391626355738559084e-01
-4.422948632421614956e-01 -5.378834123902678233e-01
-4.409606404269513780e-01 -5.359715667322335619e-01
-4.396264176117412603e-01 -5.340557497643501073e-01
-4.382921947965310316e-01 -5.327755119222086222e-01
-4.369579719813209140e-01 -5.308577058676803295e-01
-4.356237491661107963e-01 -5.289363218958010870e-01
-4.342895263509006787e-01 -5.276551756007435978e-01
-4.329553035356905610e-01 -5.257322095202366929e-01
-4.316210807204803324e-01 -5.238059941983334022e-01
-4.302868579052702147e-01 -5.225240312026148137e-01
-4.289526350900600971e-01 -5.205965761596929031e-01
-4.276184122748499794e-01 -5.186661481457518486e-01
-4.262841894596397507e-01 -5.173834481262801210e-01
-4.249499666444296331e-01 -5.154520701163251006e-01
-4.236157438292195154e-01 -5.135179526506593595e-01
-4.222815210140093978e-01 -5.122345851429261909e-01
-4.209472981987992801e-01 -5.102997641682758267e-01
-4.196130753835890514e-01 -5.083624021357531220e-01
-4.182788525683789338e-01 -5.070784281181384134e-01
-4.169446297531688161e-01 -5.051405733411187260e-01
-4.156104069379586985e-01 -5.032003468847332517e-01
-4.142761841227485808e-01 -5.019158200850672991e-01
-4.129419613075383522e-01 -4.999752819685438499e-01
-4.116077384923282345e-01 -4.980325174385451525e-01
-4.102735156771181169e-01 -4.967474854182287736e-01
-4.089392928619079992e-01 -4.948045655258989095e-01
-4.076050700466978816e-01 -4.928595443511956664e-01
-4.062708472314876529e-01 -4.915740494098920776e-01
-4.049366244162775352e-01 -4.896290083761454803e-01
-4.036024016010674176e-01 -4.876819743029038312e-01
-4.022681787858572999e-01 -4.863960542374881624e-01
-4.009339559706471823e-01 -4.844491182907161853e-01
-3.995997331554369536e-01 -4.825002833239576683e-01
-3.982655103402268360e-01 -4.812139720683936139e-01
-3.969312875250167183e-01 -4.792653384013300100e-01
-3.955970647098066006e-01 -4.773148877123482015e-01
-3.942628418945964830e-01 -4.760282158797601304e-01
-3.929286190793862543e-01 -4.740780570978501141e-01
-3.915943962641761367e-01 -4.721261530982542309e-01
-3.902601734489660190e-01 -4.708391484422493334e-01
-3.889259506337559014e-01 -4.688876162654038726e-01
-3.875917278185457837e-01 -4.669344020068852408e-01
-3.862575050033355550e-01 -4.656470898159378313e-01
-3.849232821881254374e-01 -4.636943181773555689e-01
-3.835890593729153197e-01 -4.617399202037559824e-01
-3.822548365577052021e-01 -4.604523236398651576e-01
-3.809206137424950844e-01 -4.584984312890786895e-01
-3.795863909272848558e-01 -4.565429620381541986e-01
-3.782521681120747381e-01 -4.552551024289809845e-01
-3.769179452968646205e-01 -4.533001951311946276e-01
-3.755837224816545028e-01 -4.513437549680733851e-01
-3.742494996664443851e-01 -4.500556520601156629e-01
-3.729152768512341565e-01 -4.480998244618482063e-01
-3.715810540360240388e-01 -4.461425034081258900e-01
-3.702468312208139212e-01 -4.448541755871749381e-01
-3.689126084056038035e-01 -4.428975128049332244e-01
-3.675783855903936859e-01 -4.409393920131309819e-01
-3.662441627751834572e-01 -4.396508564972538280e-01
-3.649099399599733395e-01 -4.376934354778490577e-01
-3.635757171447632219e-01 -4.357345884973548023e-01
-3.622414943295531042e-01 -4.344458615067303131e-01
-3.609072715143429866e-01 -4.324877521948157777e-01
-3.595730486991327579e-01 -4.305282460607725570e-01
-3.582388258839226403e-01 -4.292393429680848582e-01
-3.569046030687125226e-01 -4.272806093152051177e-01
-3.555703802535024050e-01 -4.253205054911604610e-01
-3.542361574382922873e-01 -4.240314409556214525e-01
-3.529019346230820586e-01 -4.220721417945754173e-01
-3.515677118078719410e-01 -4.201114969916487363e-01
-3.502334889926618233e-01 -4.188222850793092422e-01
-3.488992661774517057e-01 -4.168624748865830676e-01
-3.475650433622415880e-01 -4.149013417795321401e-01
-3.462308205470313593e-01 -4.136119960721227340e-01
-3.448965977318212417e-01 -4.116517256358045440e-01
-3.435623749166111240e-01 -4.096901534910420417e-01
-3.422281521014010064e-01 -4.084006871852973730e-01
-3.408939292861908887e-01 -4.064400041934436714e-01
-3.395597064709806601e-01 -4.044780394251444311e-01
-3.382254836557705424e-01 -4.031884654242806620e-01
-3.368912608405604248e-01 -4.012274149862271599e-01
-3.355570380253503071e-01 -3.992651016498847127e-01
-3.342228152101401895e-01 -3.979754326487102145e-01
-3.328885923949299608e-01 -3.960140577616633184e-01
-3.315543695797198431e-01 -3.940514379970640468e-01
-3.302201467645097255e-01 -3.927616865619920072e-01
-3.288859239492996078e-01 -3.908000285289557341e-01
-3.275517011340894902e-01 -3.888371429588506900e-01
-3.262174783188792615e-01 -3.875473216039833635e-01
-3.248832555036691438e-01 -3.855854204146357822e-01
-3.235490326884590262e-01 -3.836223085097005270e-01
-3.222148098732489085e-01 -3.823324297699621788e-01
-3.208805870580387909e-01 -3.803703244473732314e-01
-3.195463642428285622e-01 -3.784070248589516128e-01
-3.182121414276184446e-01 -3.771171013612450440e-01
-3.168779186124083269e-01 -3.751548302835150395e-01
-3.155436957971982093e-01 -3.731913811554353200e-01
-3.142094729819880916e-01 -3.719014256886092329e-01
-3.128752501667778629e-01 -3.699390268894163780e-01
-3.115410273515677453e-01 -3.679754661481798306e-01
-3.102068045363576276e-01 -3.666854917326102803e-01
-3.088725817211475100e-01 -3.647230031833415542e-01
-3.075383589059373923e-01 -3.627593688150681506e-01
-3.062041360907271637e-01 -3.614693887725730082e-01
-3.048699132755170460e-01 -3.595068486533244956e-01
-3.035356904603069284e-01 -3.575431789680255656e-01
-3.022014676450968107e-01 -3.562532069927928369e-01
-3.008672448298866930e-01 -3.542906539529457888e-01
-2.995330220146764644e-01 -3.523269878428004764e-01
-2.981987991994663467e-01 -3.510370380739795126e-01
-2.968645763842562291e-01 -3.490745114877764621e-01
-2.955303535690461114e-01 -3.471108886793117798e-01
-2.941961307538359938e-01 -3.458209757759020397e-01
-2.928619079386257651e-01 -3.438585159945221625e-01
-2.915276851234156474e-01 -3.418949773002396553e-01
-2.901934623082055298e-01 -3.406051165188915819e-01
-2.888592394929954121e-01 -3.386427651216644685e-01
-2.875250166777852945e-01 -3.366793526910910050e-01
-2.861907938625750658e-01 -3.353895599674482364e-01
-2.848565710473649482e-01 -3.334273600167521612e-01
-2.835223482321548305e-01 -3.314641175923640493e-01
-2.821881254169447129e-01 -3.301744096265349926e-01
-2.808539026017345952e-01 -3.282124059252180537e-01
-2.795196797865243665e-01 -3.262493791030940948e-01
-2.781854569713142489e-01 -3.249597734499038992e-01
-2.768512341561041312e-01 -3.229980128085975788e-01
-2.755170113408940136e-01 -3.210352493075404046e-01
-2.741827885256838959e-01 -3.197457644721697911e-01
-2.728485657104736672e-01 -3.177842959832266057e-01
-2.715143428952635496e-01 -3.158218459239348630e-01
-2.701801200800534319e-01 -3.145325014636169980e-01
-2.688458972648433143e-01 -3.125713767881356242e-01
-2.675116744496331966e-01 -3.106092929849025852e-01
-2.661774516344229680e-01 -3.093201096173431308e-01
-2.648432288192128503e-01 -3.073593832849060847e-01
-2.635090060040027327e-01 -3.053977215518559052e-01
-2.621747831887926150e-01 -3.041087212710866794e-01
-2.608405603735824974e-01 -3.021484509969035726e-01
-2.595063375583722687e-01 -3.001872704720440765e-01
-2.581721147431621510e-01 -2.988984766724208098e-01
-2.568378919279520334e-01 -2.969387236909008521e-01
-2.555036691127419157e-01 -2.949780871776149227e-01
-2.541694462975317981e-01 -2.936895247867643000e-01
-2.528352234823215694e-01 -2.917303542065852184e-01
-2.515010006671114517e-01 -2.897703285380727189e-01
-2.501667778519013341e-01 -2.884820241595724144e-01
-2.488325550366912164e-01 -2.865235053415638444e-01
-2.474983322214810988e-01 -2.845641617683798419e-01
-2.461641094062708701e-01 -2.832761438350352434e-01
-2.448298865910607525e-01 -2.813183507946778739e-01
-2.434956637758506348e-01 -2.793597653987353047e-01
-2.421614409606405172e-01 -2.780720643373597589e-01
-2.408272181454303995e-01 -2.761150761754415650e-01
-2.394929953302201708e-01 -2.741573303128248540e-01
-2.381587725150100532e-01 -2.728699787214797778e-01
-2.368245496997999355e-01 -2.709138800857111562e-01
-2.354903268845898179e-01 -2.689570608613910951e-01
-2.341561040693797002e-01 -2.676700937000864866e-01
-2.328218812541694716e-01 -2.657149752786360786e-01
-2.314876584389593539e-01 -2.637591760547535746e-01
-2.301534356237492362e-01 -2.624726308507066008e-01
-2.288192128085391186e-01 -2.605185899019785700e-01
-2.274849899933290009e-01 -2.585639108432770672e-01
-2.261507671781187723e-01 -2.572778279118537181e-01
-2.248165443629086546e-01 -2.553249688342666412e-01
-2.234823215476985370e-01 -2.533715174955246674e-01
-2.221480987324884193e-01 -2.520859401780547460e-01
-2.208138759172783017e-01 -2.501343751211834165e-01
-2.194796531020680730e-01 -2.481822670759540606e-01
-2.181454302868579553e-01 -2.468972419957112530e-01
-2.168112074716478377e-01 -2.449470915169305041e-01
-2.154769846564377200e-01 -2.429964510345917483e-01
-2.141427618412276024e-01 -2.417120283722729024e-01
-2.128085390260173737e-01 -2.397634221425396783e-01
-2.114743162108072561e-01 -2.378143829158932132e-01
-2.101400933955971384e-01 -2.365306167060151621e-01
-2.088058705803870208e-01 -2.345836942683110493e-01
-2.074716477651769031e-01 -2.326364001941493564e-01
-2.061374249499666744e-01 -2.313533486438621445e-01
-2.048032021347565568e-01 -2.294082602283541994e-01
-2.034689793195464391e-01 -2.274628662482476305e-01
-2.021347565043363215e-01 -2.261805920801112091e-01
-2.008005336891260928e-01 -2.242374994796830778e-01
-1.994663108739159751e-01 -2.222941724811753894e-01
-1.981320880587058575e-01 -2.210127433015559029e-01
-1.967978652434957398e-01 -2.190718208118276888e-01
-1.954636424282856222e-01 -2.171307405969218618e-01
-1.941294196130753935e-01 -2.158502292917117427e-01
-1.927951967978652759e-01 -2.139116647202697341e-01
-1.914609739826551582e-01 -2.119730250450727604e-01
-1.901267511674450406e-01 -2.106935102045131292e-01
-1.887925283522349229e-01 -2.087575059543964884e-01
-1.874583055370246942e-01 -2.068215156443033165e-01
-1.861240827218145766e-01 -2.055430820187299223e-01
-1.847898599066044589e-01 -2.036098562493108555e-01
-1.834556370913943413e-01 -2.016767403932819558e-01
-1.821214142761842236e-01 -2.003994793817197306e-01
-1.807871914609739949e-01 -1.984692672525808221e-01
-1.794529686457638773e-01 -1.965392684848159544e-01
-1.781187458305537596e-01 -1.952632786583212432e-01
-1.767845230153436420e-01 -1.933363336624865647e-01
-1.754503002001335243e-01 -1.914097135314749565e-01
-1.741160773849232957e-01 -1.901351011932068680e-01
-1.727818545697131780e-01 -1.882116965813765141e-01
-1.714476317545030604e-01 -1.862887370159990175e-01
-1.701134089392929427e-01 -1.850156167999887358e-01
-1.687791861240828251e-01 -1.830960471038899917e-01
-1.674449633088725964e-01 -1.811770519779440092e-01
-1.661107404936624787e-01 -1.799055474885240258e-01
-1.647765176784523611e-01 -1.779901301462518959e-01
-1.634422948632422434e-01 -1.760754269486530799e-01
-1.621080720480321258e-01 -1.748056714424688352e-01
-1.607738492328218971e-01 -1.728947485320011523e-01
-1.594396264176117795e-01 -1.709846901457874879e-01
-1.581054036024016618e-01 -1.697168272582418869e-01
-1.567711807871915441e-01 -1.678107673419808044e-01
-1.554369579719814265e-01 -1.659057339373485873e-01
-1.541027351567711978e-01 -1.646399184552308492e-01
-1.527685123415610802e-01 -1.627391185419348463e-01
-1.514342895263509625e-01 -1.608395195875659267e-01
-1.501000667111408449e-01 -1.595759182694299338e-01
-1.487658438959307272e-01 -1.576808058957595293e-01
-1.474316210807204985e-01 -1.557870822912016395e-01
-1.460973982655103809e-01 -1.545258747368744023e-01
-1.447631754503002632e-01 -1.526369101721575805e-01
-1.434289526350901456e-01 -1.507495365050340874e-01
-1.420947298198800279e-01 -1.494909160753386257e-01
-1.407605070046697993e-01 -1.476085946544173910e-01
-1.394262841894596816e-01 -1.457280815854906098e-01
-1.380920613742495640e-01 -1.444722563728745302e-01
-1.367578385590394463e-01 -1.425971109457775665e-01
-1.354236157438293287e-01 -1.407240077135372414e-01
-1.340893929286191000e-01 -1.394712015641112746e-01
-1.327551701134089823e-01 -1.376038050945873059e-01
-1.314209472981988647e-01 -1.357387021645800051e-01
-1.300867244829887470e-01 -1.344891557508507696e-01
-1.287525016677786294e-01 -1.326301240203652254e-01
-1.274182788525684007e-01 -1.307736558427511908e-01
-1.260840560373582830e-01 -1.295276277865738679e-01
-1.247498332221481654e-01 -1.276776222327317967e-01
-1.234156104069380477e-01 -1.258304701301858064e-01
-1.220813875917279301e-01 -1.245882381739889938e-01
-1.207471647765177014e-01 -1.227479688449980982e-01
-1.194129419613075838e-01 -1.209108640147802949e-01
-1.180787191460974661e-01 -1.196727262384518903e-01
-1.167444963308873485e-01 -1.178429548595850557e-01
-1.154102735156772308e-01 -1.160166814835231347e-01
-1.140760507004670021e-01 -1.147829575631634513e-01
-1.127418278852568845e-01 -1.129645007041795712e-01
-1.114076050700467668e-01 -1.111498991547012760e-01
-1.100733822548366492e-01 -1.099209316581760409e-01
-1.087391594396265315e-01 -1.081146639883195509e-01
-1.074049366244163028e-01 -1.063126341142200948e-01
-1.060707138092061852e-01 -1.050887898269575876e-01
-1.047364909939960675e-01 -1.032956474390099161e-01
-1.034022681787859499e-01 -1.015071519128302180e-01
-1.020680453635758322e-01 -1.002888231856111645e-01
-1.007338225483656036e-01 -9.850980696845637596e-02
-9.939959973315548591e-02 -9.673587467110833504e-02
-9.806537691794536826e-02 -9.552348077964165074e-02
-9.673115410273525061e-02 -9.375965981116714254e-02
-9.539693128752513296e-02 -9.200138922457103130e-02
-9.406270847231490428e-02 -9.079537772850256039e-02
-9.272848565710478663e-02 -8.904789265756199446e-02
-9.139426284189466898e-02 -8.730645523004756936e-02
-9.006004002668455133e-02 -8.610730331661664572e-02
-8.872581721147443368e-02 -8.437736969339280912e-02
-8.739159439626420500e-02 -8.265401313676021267e-02
-8.605737158105408735e-02 -8.146222893168661439e-02
-8.472314876584396970e-02 -7.975114044331237106e-02
-8.338892595063385205e-02 -7.804719191294252900e-02
-8.205470313542373439e-02 -7.686331573819933649e-02
-8.072048032021350572e-02 -7.517244729488298249e-02
-7.938625750500338807e-02 -7.348931639613759392e-02
-7.805203468979327042e-02 -7.231392195119629163e-02
-7.671781187458315276e-02 -7.064473256227578324e-02
-7.538358905937303511e-02 -6.898391411937193629e-02
-7.404936624416280644e-02 -6.781760955920854150e-02
-7.271514342895268879e-02 -6.617164493041786943e-02
-7.138092061374257113e-02 -6.453472144533703436e-02
-7.004669779853245348e-02 -6.337815032505876578e-02
-6.871247498332233583e-02 -6.175704509948636706e-02
-6.737825216811210716e-02 -6.014568881923882532e-02
-6.604402935290198950e-02 -5.899953087169720195e-02
-6.470980653769187185e-02 -5.740501042757935324e-02
-6.337558372248175420e-02 -5.582098492921776928e-02
-6.204136090727163655e-02 -5.468595663853372674e-02
-6.070713809206140787e-02 -5.311983834825857037e-02
-5.937291527685129022e-02 -5.156499954484395493e-02
-5.803869246164117257e-02 -5.044185447541529171e-02
-5.670446964643105492e-02 -4.890604832386000883e-02
-5.537024683122093727e-02 -4.738234478247056042e-02
-5.403602401601070859e-02 -4.627187362000959037e-02
-5.270180120080059094e-02 -4.476838207076449389e-02
-5.136757838559047329e-02 -4.327785453182501907e-02
-5.003335557038035564e-02 -4.218088479033186428e-02
-4.869913275517023798e-02 -4.071180178341528288e-02
-4.736490993996000931e-02 -3.925658176106409936e-02
-4.603068712474989166e-02 -3.817397710770265018e-02
-4.469646430953977401e-02 -3.674148606775257814e-02
-4.336224149432965635e-02 -3.532379340970485254e-02
-4.202801867911953870e-02 -3.425645255843569326e-02
-4.069379586390931003e-02 -3.286282329107070854e-02
-3.935957304869919238e-02 -3.148496257542092447e-02
-3.802535023348907472e-02 -3.043381770020908011e-02
-3.669112741827895707e-02 -2.908140205334084141e-02
-3.535690460306883942e-02 -2.774575770055566146e-02
-3.402268178785861075e-02 -2.671177232040074581e-02
-3.268845897264849309e-02 -2.540299849411400968e-02
-3.135423615743837544e-02 -2.411202848094252255e-02
-3.002001334222825779e-02 -2.309619477190847162e-02
-2.868579052701814014e-02 -2.183356016736417993e-02
-2.735156771180791146e-02 -2.058978823870244446e-02
-2.601734489659779381e-02 -1.959312373303129934e-02
-2.468312208138767616e-02 -1.837918624597325787e-02
-2.334889926617755851e-02 -1.718519253638634003e-02
-2.201467645096744086e-02 -1.620873617578365289e-02
-2.068045363575721218e-02 -1.504610385867746238e-02
-1.934623082054709453e-02 -1.390451385822588821e-02
-1.801200800533697688e-02 -1.294932137765562527e-02
-1.667778519012685923e-02 -1.184064041868583723e-02
-1.534356237491674158e-02 -1.075411224328718697e-02
-1.400933955970651290e-02 -9.821250873432897308e-03
-1.267511674449639525e-02 -8.769191873562809728e-03
-1.134089392928627760e-02 -7.740401835683791316e-03
-1.000667111407615995e-02 -6.830944326289050718e-03
-8.672448298866042293e-03 -5.838186890790118301e-03
-7.338225483655813619e-03 -4.869813404015383394e-03
-6.004002668445695967e-03 -3.984831386932502842e-03
-4.669779853235578315e-03 -3.054047091895030919e-03
-3.335557038025460663e-03 -2.148752989479309986e-03
-2.001334222815343011e-03 -1.289309718793663680e-03
-6.671114076051143371e-04 -4.231435601769624444e-04
6.671114076048922925e-04 4.231435601768211729e-04
2.001334222815120967e-03 1.289309718793521216e-03
3.335557038025349641e-03 2.148752989479238429e-03
4.669779853235356271e-03 3.054047091894883902e-03
6.004002668445584945e-03 3.984831386932430851e-03
7.338225483655591574e-03 4.869813404015234208e-03
8.672448298865820249e-03 5.838186890789969982e-03
1.000667111407604892e-02 6.830944326288971788e-03
1.134089392928605555e-02 7.740401835683639528e-03
1.267511674449628423e-02 8.769191873562731665e-03
1.400933955970629086e-02 9.821250873432741182e-03
1.534356237491651953e-02 1.075411224328703952e-02
1.667778519012674820e-02 1.184064041868575917e-02
1.801200800533675483e-02 1.294932137765546741e-02
1.934623082054698351e-02 1.390451385822580495e-02
2.068045363575699014e-02 1.504610385867730452e-02
2.201467645096721881e-02 1.620873617578349676e-02
2.334889926617744749e-02 1.718519253638625677e-02
2.468312208138745412e-02 1.837918624597310174e-02
2.601734489659768279e-02 1.959312373303122301e-02
2.735156771180768942e-02 2.058978823870228833e-02
2.868579052701791809e-02 2.183356016736400992e-02
3.002001334222814677e-02 2.309619477190838488e-02
3.135423615743815340e-02 2.411202848094236295e-02
3.268845897264838207e-02 2.540299849411392294e-02
3.402268178785838870e-02 2.671177232040057928e-02
3.535690460306861738e-02 2.774575770055545676e-02
3.669112741827884605e-02 2.908140205334074774e-02
3.802535023348885268e-02 3.043381770020887889e-02
3.935957304869908135e-02 3.148496257542084120e-02
4.069379586390908798e-02 3.286282329107054895e-02
4.202801867911931666e-02 3.425645255843553366e-02
4.336224149432954533e-02 3.532379340970477621e-02
4.469646430953955196e-02 3.674148606775241160e-02
4.603068712474978064e-02 3.817397710770255997e-02
4.736490993995978727e-02 3.925658176106392588e-02
4.869913275517001594e-02 4.071180178341513023e-02
5.003335557038024461e-02 4.218088479033179489e-02
5.136757838559025124e-02 4.327785453182483172e-02
5.270180120080047992e-02 4.476838207076442450e-02
5.403602401601048655e-02 4.627187362000940302e-02
5.537024683122071522e-02 4.738234478247033837e-02
5.670446964643094390e-02 4.890604832385990475e-02
5.803869246164095053e-02 5.044185447541515988e-02
5.937291527685117920e-02 5.156499954484388554e-02
6.070713809206118583e-02 5.311983834825840384e-02
6.204136090727141450e-02 5.468595663853351163e-02
6.337558372248164318e-02 5.582098492921768601e-02
6.470980653769164981e-02 5.740501042757915201e-02
6.604402935290187848e-02 5.899953087169710481e-02
6.737825216811188511e-02 6.014568881923867266e-02
6.871247498332211379e-02 6.175704509948613113e-02
7.004669779853234246e-02 6.337815032505866863e-02
7.138092061374234909e-02 6.453472144533684007e-02
7.271514342895257776e-02 6.617164493041777229e-02
7.404936624416258439e-02 6.781760955920836109e-02
7.538358905937281307e-02 6.898391411937174200e-02
7.671781187458304174e-02 7.064473256227567222e-02
7.805203468979304837e-02 7.231392195119611122e-02
7.938625750500327705e-02 7.348931639613745515e-02
8.072048032021328368e-02 7.517244729488281596e-02
8.205470313542351235e-02 7.686331573819912832e-02
8.338892595063374102e-02 7.804719191294241798e-02
8.472314876584374765e-02 7.975114044331216290e-02
8.605737158105397633e-02 8.146222893168650336e-02
8.739159439626398296e-02 8.265401313676001838e-02
8.872581721147421163e-02 8.437736969339261484e-02
9.006004002668444031e-02 8.610730331661653469e-02
9.139426284189444694e-02 8.730645523004734732e-02
9.272848565710467561e-02 8.904789265756188343e-02
9.406270847231468224e-02 9.079537772850235222e-02
9.539693128752491091e-02 9.200138922457080926e-02
9.673115410273513959e-02 9.375965981116704540e-02
9.806537691794514622e-02 9.552348077964149808e-02
9.939959973315537489e-02 9.673587467110826565e-02
1.007338225483653815e-01 9.850980696845619555e-02
1.020680453635756102e-01 1.002888231856109563e-01
1.034022681787858389e-01 1.015071519128301208e-01
1.047364909939958455e-01 1.032956474390097218e-01
1.060707138092060742e-01 1.050887898269575321e-01
1.074049366244160808e-01 1.063126341142199005e-01
1.087391594396263095e-01 1.081146639883194122e-01
1.100733822548365382e-01 1.099209316581759299e-01
1.114076050700465448e-01 1.111498991547010401e-01
1.127418278852567735e-01 1.129645007041794880e-01
1.140760507004667801e-01 1.147829575631632432e-01
1.154102735156770088e-01 1.160166814835228571e-01
1.167444963308872374e-01 1.178429548595849169e-01
1.180787191460972441e-01 1.196727262384517654e-01
1.194129419613074727e-01 1.209108640147802255e-01
1.207471647765174794e-01 1.227479688449979456e-01
1.220813875917277080e-01 1.245882381739886885e-01
1.234156104069379367e-01 1.258304701301857231e-01
1.247498332221479433e-01 1.276776222327316301e-01
1.260840560373581720e-01 1.295276277865737291e-01
1.274182788525681786e-01 1.307736558427511075e-01
1.287525016677784073e-01 1.326301240203650311e-01
1.300867244829886360e-01 1.344891557508506030e-01
1.314209472981986426e-01 1.357387021645798386e-01
1.327551701134088713e-01 1.376038050945871949e-01
1.340893929286188779e-01 1.394712015641110248e-01
1.354236157438291066e-01 1.407240077135370748e-01
1.367578385590393353e-01 1.425971109457774832e-01
1.380920613742493419e-01 1.444722563728743359e-01
1.394262841894595706e-01 1.457280815854905542e-01
1.407605070046697993e-01 1.476085946544173910e-01
1.420947298198798059e-01 1.494909160753383759e-01
1.434289526350900346e-01 1.507495365050339209e-01
1.447631754503000412e-01 1.526369101721573585e-01
1.460973982655102699e-01 1.545258747368743191e-01
1.474316210807204985e-01 1.557870822912016395e-01
1.487658438959305052e-01 1.576808058957592795e-01
1.501000667111407338e-01 1.595759182694298783e-01
1.514342895263507405e-01 1.608395195875656769e-01
1.527685123415609691e-01 1.627391185419347630e-01
1.541027351567711978e-01 1.646399184552308492e-01
1.554369579719812045e-01 1.659057339373484763e-01
1.567711807871914331e-01 1.678107673419806933e-01
1.581054036024014398e-01 1.697168272582417203e-01
1.594396264176116684e-01 1.709846901457874047e-01
1.607738492328218971e-01 1.728947485320011523e-01
1.621080720480319037e-01 1.748056714424685854e-01
1.634422948632421324e-01 1.760754269486529133e-01
1.647765176784521390e-01 1.779901301462516738e-01
1.661107404936623677e-01 1.799055474885239425e-01
1.674449633088725964e-01 1.811770519779440092e-01
1.687791861240826030e-01 1.830960471038897142e-01
1.701134089392928317e-01 1.850156167999886525e-01
1.714476317545028383e-01 1.862887370159987399e-01
1.727818545697130670e-01 1.882116965813764031e-01
1.741160773849232957e-01 1.901351011932068680e-01
1.754503002001333023e-01 1.914097135314747622e-01
1.767845230153435310e-01 1.933363336624864814e-01
1.781187458305535376e-01 1.952632786583209934e-01
1.794529686457637663e-01 1.965392684848158988e-01
1.807871914609739949e-01 1.984692672525808221e-01
1.821214142761840016e-01 2.003994793817194531e-01
1.834556370913942303e-01 2.016767403932818448e-01
1.847898599066042369e-01 2.036098562493107167e-01
1.861240827218144656e-01 2.055430820187297558e-01
1.874583055370246942e-01 2.068215156443033165e-01
1.887925283522347009e-01 2.087575059543962663e-01
1.901267511674449295e-01 2.106935102045130737e-01
1.914609739826549362e-01 2.119730250450725662e-01
1.927951967978651648e-01 2.139116647202696231e-01
1.941294196130753935e-01 2.158502292917117427e-01
1.954636424282854001e-01 2.171307405969215565e-01
1.967978652434956288e-01 2.190718208118275223e-01
1.981320880587056354e-01 2.210127433015557086e-01
1.994663108739158641e-01 2.222941724811753617e-01
2.008005336891260928e-01 2.242374994796830778e-01
2.021347565043360994e-01 2.261805920801111258e-01
2.034689793195463281e-01 2.274628662482474639e-01
2.048032021347563347e-01 2.294082602283540329e-01
2.061374249499665634e-01 2.313533486438620612e-01
2.074716477651767921e-01 2.326364001941492732e-01
2.088058705803867987e-01 2.345836942683109660e-01
2.101400933955970274e-01 2.365306167060150788e-01
2.114743162108070340e-01 2.378143829158929634e-01
2.128085390260172627e-01 2.397634221425395951e-01
2.141427618412274914e-01 2.417120283722728746e-01
2.154769846564374980e-01 2.429964510345916096e-01
2.168112074716477267e-01 2.449470915169304486e-01
2.181454302868577333e-01 2.468972419957110587e-01
2.194796531020679620e-01 2.481822670759539773e-01
2.208138759172781906e-01 2.501343751211831390e-01
2.221480987324881973e-01 2.520859401780545794e-01
2.234823215476984259e-01 2.533715174955246119e-01
2.248165443629084326e-01 2.553249688342665302e-01
2.261507671781186612e-01 2.572778279118536626e-01
2.274849899933288899e-01 2.585639108432769562e-01
2.288192128085388966e-01 2.605185899019782925e-01
2.301534356237491252e-01 2.624726308507064343e-01
2.314876584389591319e-01 2.637591760547534636e-01
2.328218812541693605e-01 2.657149752786360231e-01
2.341561040693795892e-01 2.676700937000864311e-01
2.354903268845895958e-01 2.689570608613908731e-01
2.368245496997998245e-01 2.709138800857111007e-01
2.381587725150098311e-01 2.728699787214796113e-01
2.394929953302200598e-01 2.741573303128247430e-01
2.408272181454302885e-01 2.761150761754415095e-01
2.421614409606402951e-01 2.780720643373595369e-01
2.434956637758505238e-01 2.793597653987352492e-01
2.448298865910605304e-01 2.813183507946777073e-01
2.461641094062707591e-01 2.832761438350351879e-01
2.474983322214809878e-01 2.845641617683796754e-01
2.488325550366909944e-01 2.865235053415636224e-01
2.501667778519012231e-01 2.884820241595723034e-01
2.515010006671112297e-01 2.897703285380724414e-01
2.528352234823214584e-01 2.917303542065850519e-01
2.541694462975316871e-01 2.936895247867642444e-01
2.555036691127416937e-01 2.949780871776147562e-01
2.568378919279519224e-01 2.969387236909007410e-01
2.581721147431619290e-01 2.988984766724206432e-01
2.595063375583721577e-01 3.001872704720440210e-01
2.608405603735823863e-01 3.021484509969034060e-01
2.621747831887923930e-01 3.041087212710865129e-01
2.635090060040026216e-01 3.053977215518558497e-01
2.648432288192126283e-01 3.073593832849059182e-01
2.661774516344228569e-01 3.093201096173429643e-01
2.675116744496330856e-01 3.106092929849025297e-01
2.688458972648430922e-01 3.125713767881354022e-01
2.701801200800533209e-01 3.145325014636169425e-01
2.715143428952633275e-01 3.158218459239345854e-01
2.728485657104735562e-01 3.177842959832264946e-01
2.741827885256837849e-01 3.197457644721697356e-01
2.755170113408937915e-01 3.210352493075401270e-01
2.768512341561040202e-01 3.229980128085974678e-01
2.781854569713140268e-01 3.249597734499037882e-01
2.795196797865242555e-01 3.262493791030939838e-01
2.808539026017344842e-01 3.282124059252178871e-01
2.821881254169444908e-01 3.301744096265347705e-01
2.835223482321547195e-01 3.314641175923639937e-01
2.848565710473647261e-01 3.334273600167518281e-01
2.861907938625749548e-01 3.353895599674480144e-01
2.875250166777851835e-01 3.366793526910908385e-01
2.888592394929951901e-01 3.386427651216643020e-01
2.901934623082054188e-01 3.406051165188914154e-01
2.915276851234154254e-01 3.418949773002393777e-01
2.928619079386256541e-01 3.438585159945219960e-01
2.941961307538358827e-01 3.458209757759019842e-01
2.955303535690458894e-01 3.471108886793116688e-01
2.968645763842561180e-01 3.490745114877763511e-01
2.981987991994661247e-01 3.510370380739792351e-01
2.995330220146763534e-01 3.523269878428004209e-01
3.008672448298865820e-01 3.542906539529456222e-01
3.022014676450965887e-01 3.562532069927926703e-01
3.035356904603068173e-01 3.575431789680254546e-01
3.048699132755168240e-01 3.595068486533243290e-01
3.062041360907270526e-01 3.614693887725728971e-01
3.075383589059372813e-01 3.627593688150680395e-01
3.088725817211472879e-01 3.647230031833413877e-01
3.102068045363575166e-01 3.666854917326101693e-01
3.115410273515675232e-01 3.679754661481794420e-01
3.128752501667777519e-01 3.699390268894162115e-01
3.142094729819879806e-01 3.719014256886091219e-01
3.155436957971979872e-01 3.731913811554352089e-01
3.168779186124082159e-01 3.751548302835148729e-01
3.182121414276182225e-01 3.771171013612448220e-01
3.195463642428284512e-01 3.784070248589515573e-01
3.208805870580386799e-01 3.803703244473731204e-01
3.222148098732486865e-01 3.823324297699620122e-01
3.235490326884589152e-01 3.836223085097004715e-01
3.248832555036689218e-01 3.855854204146355602e-01
3.262174783188791505e-01 3.875473216039831970e-01
3.275517011340893792e-01 3.888371429588504680e-01
3.288859239492993858e-01 3.908000285289555675e-01
3.302201467645096145e-01 3.927616865619920072e-01
3.315543695797196211e-01 3.940514379970637693e-01
3.328885923949298498e-01 3.960140577616632629e-01
3.342228152101400784e-01 3.979754326487101590e-01
3.355570380253500851e-01 3.992651016498846017e-01
3.368912608405603137e-01 4.012274149862270489e-01
3.382254836557703204e-01 4.031884654242803845e-01
3.395597064709805490e-01 4.044780394251443756e-01
3.408939292861907777e-01 4.064400041934435603e-01
3.422281521014007843e-01 4.084006871852969844e-01
3.435623749166110130e-01 4.096901534910419862e-01
3.448965977318210197e-01 4.116517256358044885e-01
3.462308205470312483e-01 4.136119960721225119e-01
3.475650433622414770e-01 4.149013417795320291e-01
3.488992661774514836e-01 4.168624748865827345e-01
3.502334889926617123e-01 4.188222850793091312e-01
3.515677118078717189e-01 4.201114969916484032e-01
3.529019346230819476e-01 4.220721417945751952e-01
3.542361574382921763e-01 4.240314409556213415e-01
3.555703802535021829e-01 4.253205054911603500e-01
3.569046030687124116e-01 4.272806093152049511e-01
3.582388258839224182e-01 4.292393429680845807e-01
3.595730486991326469e-01 4.305282460607723904e-01
3.609072715143428756e-01 4.324877521948157222e-01
3.622414943295528822e-01 4.344458615067302021e-01
3.635757171447631109e-01 4.357345884973545802e-01
3.649099399599731175e-01 4.376934354778488356e-01
3.662441627751833462e-01 4.396508564972538280e-01
3.675783855903935748e-01 4.409393920131308153e-01
3.689126084056035815e-01 4.428975128049331134e-01
3.702468312208138101e-01 4.448541755871748826e-01
3.715810540360238168e-01 4.461425034081256680e-01
3.729152768512340455e-01 4.480998244618481507e-01
3.742494996664442741e-01 4.500556520601155519e-01
3.755837224816542808e-01 4.513437549680732186e-01
3.769179452968645094e-01 4.533001951311945721e-01
3.782521681120745161e-01 4.552551024289807069e-01
3.795863909272847447e-01 4.565429620381540321e-01
3.809206137424949734e-01 4.584984312890786340e-01
3.822548365577049800e-01 4.604523236398649355e-01
3.835890593729152087e-01 4.617399202037558159e-01
3.849232821881252153e-01 4.636943181773554024e-01
3.862575050033354440e-01 4.656470898159376093e-01
3.875917278185456727e-01 4.669344020068851853e-01
3.889259506337556793e-01 4.688876162654035951e-01
3.902601734489659080e-01 4.708391484422492224e-01
3.915943962641759146e-01 4.721261530982539534e-01
3.929286190793861433e-01 4.740780570978500030e-01
3.942628418945963720e-01 4.760282158797599639e-01
3.955970647098063786e-01 4.773148877123479239e-01
3.969312875250166073e-01 4.792653384013298434e-01
3.982655103402266139e-01 4.812139720683935029e-01
3.995997331554368426e-01 4.825002833239575573e-01
4.009339559706470713e-01 4.844491182907160742e-01
4.022681787858570779e-01 4.863960542374878848e-01
4.036024016010673066e-01 4.876819743029036647e-01
4.049366244162773132e-01 4.896290083761453693e-01
4.062708472314875419e-01 4.915740494098919111e-01
4.076050700466977705e-01 4.928595443511955554e-01
4.089392928619077772e-01 4.948045655258986320e-01
4.102735156771180058e-01 4.967474854182287181e-01
4.116077384923280125e-01 4.980325174385448750e-01
4.129419613075382411e-01 4.999752819685437943e-01
4.142761841227484698e-01 5.019158200850671880e-01
4.156104069379584764e-01 5.032003468847332517e-01
4.169446297531687051e-01 5.051405733411186150e-01
4.182788525683787118e-01 5.070784281181380804e-01
4.196130753835889404e-01 5.083624021357531220e-01
4.209472981987991691e-01 5.102997641682758267e-01
4.222815210140091757e-01 5.122345851429258579e-01
4.236157438292194044e-01 5.135179526506593595e-01
4.249499666444294110e-01 5.154520701163248786e-01
4.262841894596396397e-01 5.173834481262800100e-01
4.276184122748498684e-01 5.186661481457517375e-01
4.289526350900598750e-01 5.205965761596924590e-01
4.302868579052701037e-01 5.225240312026147027e-01
4.316210807204801103e-01 5.238059941983330692e-01
4.329553035356903390e-01 5.257322095202366929e-01
4.342895263509005677e-01 5.276551756007435978e-01
4.356237491661105743e-01 5.289363218958008650e-01
4.369579719813208030e-01 5.308577058676802185e-01
4.382921947965308096e-01 5.327755119222084002e-01
4.396264176117410383e-01 5.340557497643501073e-01
4.409606404269512669e-01 5.359715667322334509e-01
4.422948632421612736e-01 5.378834123902676012e-01
4.436290860573715022e-01 5.391626355738559084e-01
4.449633088725815089e-01 5.410720053289233000e-01
4.462975316877917376e-01 5.429769297885247425e-01
4.476317545030019662e-01 5.442550147066790300e-01
4.489659773182119729e-01 5.461568768979515598e-01
4.503002001334222015e-01 5.480537184941469686e-01
4.516344229486322082e-01 5.493305204514848938e-01
4.529686457638424368e-01 5.512235880563380874e-01
4.543028685790526655e-01 5.531109310362768428e-01
4.556370913942626721e-01 5.543862795898699680e-01
4.569713142094729008e-01 5.562689772171013347e-01
4.583055370246829074e-01 5.581450806132873810e-01
4.596397598398931361e-01 5.594187736176807757e-01
4.609739826551033648e-01 5.612891543617017920e-01
4.623082054703133714e-01 5.631518552659134924e-01
4.636424282855236001e-01 5.644236511606249840e-01
4.649766511007336067e-01 5.662792824111388956e-01
4.663108739159438354e-01 5.681258617061191174e-01
4.676450967311540641e-01 5.693954693720399973e-01
4.689793195463640707e-01 5.712332724372880532e-01
4.703135423615742994e-01 5.730602637821871070e-01
4.716477651767843060e-01 5.743273289551574790e-01
4.729819879919945347e-01 5.761433476382364915e-01
4.743162108072047634e-01 5.779462574614824266e-01
4.756504336224147700e-01 5.792103441287207444e-01
4.769846564376249987e-01 5.809993994805502382e-01
4.783188792528350053e-01 5.827722810198709968e-01
4.796531020680452340e-01 5.840328452422626215e-01
4.809873248832554626e-01 5.857879988574601349e-01
4.823215476984654693e-01 5.875227742719359991e-01
4.836557705136756979e-01 5.887791260662526005e-01
4.849899933288857046e-01 5.904908055275538414e-01
4.863242161440959332e-01 5.921761423963374238e-01
4.876584389593061619e-01 5.934273879658428230e-01
4.889926617745161685e-01 5.950819738450061624e-01
4.903268845897263972e-01 5.967021679000622525e-01
4.916611074049364039e-01 5.979471271084044748e-01
4.929953302201466325e-01 5.995280485350290567e-01
4.943295530353568612e-01 6.010657108852142105e-01
4.956637758505668678e-01 6.023028731793736990e-01
4.969979986657770965e-01 6.037910062139579814e-01
4.983322214809871031e-01 6.052300777365881013e-01
4.996664442961973318e-01 6.064575945372455701e-01
5.010006671114075605e-01 6.078564139045246062e-01
5.023348899266175671e-01 6.092718915477084440e-01
5.036691127418277958e-01 6.104887022074956260e-01
5.050033355570378024e-01 6.118952865779406780e-01
5.063375583722480311e-01 6.132441207404810690e-01
5.076717811874582598e-01 6.144497002848363643e-01
5.090060040026682664e-01 6.157637054309366142e-01
5.103402268178784951e-01 6.170613584515498573e-01
5.116744496330885017e-01 6.182543600658457761e-01
5.130086724482987304e-01 6.195329315940567572e-01
5.143428952635089590e-01 6.207959609376861865e-01
5.156771180787189657e-01 6.219757709063374884e-01
5.170113408939291944e-01 6.232180675315054375e-01
5.183455637091392010e-01 6.244427182045463320e-01
5.196797865243494297e-01 6.256086876639757044e-01
5.210140093395596583e-01 6.268097682046775976e-01
5.223482321547696650e-01 6.279905242935569509e-01
5.236824549699798936e-01 6.291419123518644518e-01
5.250166777851899003e-01 6.302981770137440209e-01
5.263509006004001289e-01 6.314415807360674870e-01
5.276851234156103576e-01 6.325776872846035070e-01
5.290193462308203642e-01 6.337093808275813256e-01
5.303535690460305929e-01 6.348356061178107579e-01
5.316877918612405995e-01 6.359561404173328381e-01
5.330220146764508282e-01 6.370718076316692624e-01
5.343562374916610569e-01 6.381821601264499044e-01
5.356904603068710635e-01 6.392869402222242092e-01
5.370246831220812922e-01 6.403866945437570735e-01
5.383589059372912988e-01 6.414811157707802636e-01
5.396931287525015275e-01 6.425699726902660558e-01
5.410273515677117562e-01 6.436537090455409782e-01
5.423615743829217628e-01 6.447320750357760089e-01
5.436957971981319915e-01 6.458048502735914687e-01
5.450300200133419981e-01 6.468724415193323196e-01
5.463642428285522268e-01 6.479346247545850757e-01
5.476984656437624555e-01 6.489911702677112482e-01
5.490326884589724621e-01 6.500424972020170111e-01
5.503669112741826908e-01 6.510883900847859174e-01
5.517011340893926974e-01 6.521285687862209413e-01
5.530353569046029261e-01 6.531635546464426012e-01
5.543695797198131547e-01 6.541931565743385191e-01
5.557038025350231614e-01 6.552168440038367292e-01
5.570380253502333900e-01 6.562358292412033833e-01
5.583722481654433967e-01 6.572515802760613424e-01
5.597064709806536253e-01 6.582586932032135074e-01
5.610406937958638540e-01 6.592634047839711631e-01
5.623749166110738607e-01 6.602602257830362253e-01
5.637091394262840893e-01 6.612506610831756504e-01
5.650433622414940960e-01 6.622358706300411901e-01
5.663775850567043246e-01 6.632153895007657507e-01
5.677118078719145533e-01 6.641890222411857003e-01
5.690460306871245599e-01 6.651572906937937013e-01
5.703802535023347886e-01 6.661199345177444275e-01
5.717144763175447952e-01 6.670766831632274352e-01
5.730486991327550239e-01 6.680280652798296082e-01
5.743829219479652526e-01 6.689738251784483891e-01
5.757171447631752592e-01 6.699136224359014680e-01
5.770513675783854879e-01 6.708481035943644200e-01
5.783855903935954945e-01 6.717769716148510595e-01
5.797198132088057232e-01 6.726997637184838341e-01
5.810540360240159519e-01 6.736173578676786233e-01
5.823882588392259585e-01 6.745293766417536085e-01
5.837224816544361872e-01 6.754351240581307758e-01
5.850567044696461938e-01 6.763359257247735234e-01
5.863909272848564225e-01 6.772312687025654476e-01
5.877251501000666511e-01 6.781199480958575165e-01
5.890593729152766578e-01 6.790042820278524571e-01
5.903935957304868865e-01 6.798835661714806022e-01
5.917278185456968931e-01 6.807551768739000808e-01
5.930620413609071218e-01 6.816243557745008674e-01
5.943962641761173504e-01 6.824908650052536885e-01
5.957304869913273571e-01 6.833454647817829297e-01
5.970647098065375857e-01 6.842111712151589531e-01
5.983989326217478144e-01 6.851409920173082702e-01
5.997331554369578210e-01 6.859795162271815627e-01
6.010673782521680497e-01 6.869175813029482214e-01
6.024016010673780563e-01 6.877840173525234801e-01
6.037358238825882850e-01 6.886069059212613919e-01
6.050700466977985137e-01 6.894352298165594695e-01
6.064042695130085203e-01 6.902521898305233883e-01
6.077384923282187490e-01 6.910582479293629898e-01
6.090727151434287556e-01 6.918618640377087736e-01
6.104069379586389843e-01 6.926588519768460683e-01
6.117411607738492130e-01 6.934480211062614696e-01
6.130753835890592196e-01 6.942332160358697379e-01
6.144096064042694483e-01 6.950124648536951666e-01
6.157438292194794549e-01 6.957847817252906797e-01
6.170780520346896836e-01 6.965526142672863186e-01
6.184122748498999123e-01 6.973147240322875584e-01
6.197464976651099189e-01 6.980702528139154373e-01
6.210807204803201476e-01 6.988211302534182989e-01
6.224149432955301542e-01 6.995664212387902037e-01
6.237491661107403829e-01 7.003052439599168899e-01
6.250833889259506115e-01 7.010394764765458531e-01
6.264176117411606182e-01 7.017683272856107823e-01
6.277518345563708468e-01 7.024905429780299304e-01
6.290860573715808535e-01 7.032088402333867005e-01
6.304202801867910821e-01 7.039244593205856715e-01
6.317545030020013108e-01 7.046302153190203699e-01
6.330887258172113174e-01 7.053470703163995381e-01
6.344229486324215461e-01 7.060783338008351784e-01
6.357571714476315528e-01 7.067682131981020133e-01
6.370913942628417814e-01 7.075084160604309114e-01
6.384256170780520101e-01 7.082605006313374973e-01
6.397598398932620167e-01 7.089353882563144138e-01
6.410940627084722454e-01 7.096929022262398190e-01
6.424282855236822520e-01 7.104588666309353817e-01
6.437625083388924807e-01 7.111195264539644789e-01
6.450967311541027094e-01 7.118883141023296668e-01
6.464309539693127160e-01 7.126630533552417157e-01
6.477651767845229447e-01 7.133101456601639301e-01
6.490993995997329513e-01 7.140858467929824815e-01
6.504336224149431800e-01 7.148656625575218193e-01
6.517678452301534087e-01 7.154997733364039103e-01
6.531020680453634153e-01 7.162792099724635264e-01
6.544362908605736440e-01 7.170613935340252043e-01
6.557705136757836506e-01 7.176830549309223262e-01
6.571047364909938793e-01 7.184639003469611707e-01
6.584389593062041079e-01 7.192465256795305129e-01
6.597731821214141146e-01 7.198562311598549757e-01
6.611074049366243433e-01 7.206374862476273568e-01
6.624416277518343499e-01 7.214219095896029499e-01
6.637758505670445786e-01 7.220201584237992964e-01
6.651100733822548072e-01 7.228053919064370003e-01
6.664442961974648139e-01 7.235942772032490922e-01
6.677785190126750425e-01 7.241816311635913550e-01
6.691127418278850492e-01 7.249708997060768656e-01
6.704469646430952778e-01 7.257630561733191543e-01
6.717811874583055065e-01 7.263400661447826367e-01
6.731154102735155131e-01 7.271321135575856687e-01
6.744496330887257418e-01 7.279263961161843710e-01
6.757838559039357484e-01 7.284935887550931799e-01
6.771180787191459771e-01 7.292873816310876389e-01
6.784523015343562058e-01 7.300828759137802937e-01
6.797865243495662124e-01 7.306407571948427826e-01
6.811207471647764411e-01 7.314354801097614489e-01
6.824549699799864477e-01 7.322314706849029076e-01
6.837891927951966764e-01 7.327805291062982063e-01
6.851234156104069051e-01 7.335755481236553299e-01
6.864576384256169117e-01 7.343714831869351256e-01
6.877918612408271404e-01 7.349121922899585213e-01
6.891260840560371470e-01 7.357070220982478981e-01
6.904603068712473757e-01 7.365024837554265957e-01
6.917945296864576044e-01 7.370353040515704723e-01
6.931287525016676110e-01 7.378295810454356118e-01
6.944629753168778397e-01 7.386242612437688981e-01
6.957971981320878463e-01 7.391496416653753343e-01
6.971314209472980750e-01 7.399431022353148979e-01
6.984656437625083036e-01 7.407367833602791496e-01
6.997998665777183103e-01 7.412551623340617457e-01
7.011340893929285389e-01 7.420476253397234601e-01
7.024683122081385456e-01 7.428401645097251205e-01
7.038025350233487742e-01 7.433519707328025694e-01
7.051367578385590029e-01 7.441433232722088897e-01
7.064709806537690095e-01 7.449346395386469144e-01
7.078052034689792382e-01 7.454402925201524255e-01
7.091394262841892449e-01 7.462304782885114118e-01
7.104736490993994735e-01 7.470205421231941312e-01
7.118078719146097022e-01 7.475204525414131940e-01
7.131420947298197088e-01 7.483094622344967917e-01
7.144763175450299375e-01 7.490982868281156337e-01
7.158105403602399441e-01 7.495928567429324119e-01
7.171447631754501728e-01 7.503807200836781766e-01
7.184789859906604015e-01 7.511683540870530695e-01
7.198132088058704081e-01 7.516579770395459548e-01
7.211474316210806368e-01 7.524447561039007137e-01
7.224816544362906434e-01 7.532312775296248208e-01
7.238158772515008721e-01 7.537163385545332384e-01
7.251501000667111008e-01 7.545021221463003025e-01
7.264843228819211074e-01 7.552876332091310596e-01
7.278185456971313361e-01 7.557685087811106817e-01
7.291527685123413427e-01 7.565534076570382682e-01
7.304869913275515714e-01 7.573380303810346437e-01
7.318212141427618000e-01 7.578150883117149572e-01
7.331554369579718067e-01 7.585992311079445827e-01
7.344896597731820354e-01 7.593831035646531058e-01
7.358238825883920420e-01 7.598567028645970556e-01
7.371581054036022707e-01 7.606402325977498213e-01
7.384923282188124993e-01 7.614235056692640891e-01
7.398265510340225060e-01 7.618939963863431419e-01
7.411607738492327346e-01 7.626770674381082582e-01
7.424949966644427413e-01 7.634599020166986660e-01
7.438292194796529699e-01 7.639276250604749574e-01
7.451634422948631986e-01 7.647104005645233293e-01
7.464976651100732052e-01 7.654929651223546516e-01
7.478318879252834339e-01 7.659582520823730034e-01
7.491661107404934405e-01 7.667409016536371746e-01
7.505003335557036692e-01 7.675233701272490272e-01
7.518345563709138979e-01 7.679865430918227931e-01
7.531687791861239045e-01 7.687692408477287964e-01
7.545030020013341332e-01 7.695517907896676224e-01
7.558372248165441398e-01 7.700131621705386120e-01
7.571714476317543685e-01 7.707960850023257704e-01
7.585056704469645972e-01 7.715788959652386536e-01
7.598398932621746038e-01 7.720387683325496964e-01
7.611741160773848325e-01 7.728220943934429599e-01
7.625083388925948391e-01 7.736053465163724718e-01
7.638425617078050678e-01 7.740640124476049211e-01
7.651767845230152965e-01 7.748479198311262195e-01
7.665110073382253031e-01 7.756317926016699227e-01
7.678452301534355318e-01 7.760895345474214668e-01
7.691794529686455384e-01 7.768742001300389388e-01
7.705136757838557671e-01 7.776588713009454645e-01
7.718478985990659957e-01 7.781159614698617277e-01
7.731821214142760024e-01 7.789015599010442603e-01
7.745163442294862310e-01 7.796872045447488242e-01
7.758505670446962377e-01 7.801439048093445905e-01
7.771847898599064663e-01 7.809306076315515321e-01
7.785190126751166950e-01 7.817173973177848900e-01
7.798532354903267017e-01 7.821739591425093119e-01
7.811874583055369303e-01 7.829619340269948768e-01
7.825216811207469370e-01 7.837500361084720479e-01
7.838559039359571656e-01 7.842067005008428460e-01
7.851901267511673943e-01 7.849961105875112866e-01
7.865243495663774009e-01 7.857856875857784917e-01
7.878585723815876296e-01 7.862426850711691229e-01
7.891927951967976362e-01 7.870336884027995250e-01
7.905270180120078649e-01 7.878248974822057438e-01
7.918612408272180936e-01 7.882824481024918173e-01
7.931954636424281002e-01 7.890751971431491096e-01
7.945296864576383289e-01 7.898681896652256507e-01
7.958639092728483355e-01 7.903265030012355252e-01
7.971981320880585642e-01 7.911211442311112396e-01
7.985323549032687929e-01 7.919160653821575302e-01
7.998665777184787995e-01 7.923753405996242227e-01
8.012008005336890282e-01 7.931720141805110869e-01
8.025350233488990348e-01 7.939690026666794687e-01
8.038692461641092635e-01 7.944294285852142590e-01
8.052034689793194921e-01 7.952282680892416300e-01
8.065376917945294988e-01 7.960274558905273690e-01
8.078719146097397275e-01 7.964892110748985621e-01
8.092061374249497341e-01 7.972903432695708226e-01
8.105403602401599628e-01 7.980918554499836226e-01
8.118745830553701914e-01 7.985551083228741298e-01
8.132088058705801981e-01 7.993586530109636490e-01
8.145430286857904267e-01 8.001626075792889203e-01
8.158772515010004334e-01 8.006275165545547745e-01
8.172114743162106620e-01 8.014335864601200843e-01
8.185456971314208907e-01 8.022400942755664177e-01
8.198799199466308973e-01 8.027068079108959919e-01
8.212141427618411260e-01 8.035155086101420929e-01
8.225483655770511326e-01 8.043246733312191532e-01
8.238825883922613613e-01 8.047933304990504411e-01
8.252168112074715900e-01 8.056047603902084520e-01
8.265510340226815966e-01 8.064166784599686721e-01
8.278852568378918253e-01 8.068874085353598957e-01
8.292194796531018319e-01 8.077016588442343936e-01
8.305537024683120606e-01 8.085164195108865970e-01
8.318879252835222893e-01 8.089893425750885880e-01
8.332221480987322959e-01 8.098064973940525269e-01
8.345563709139425246e-01 8.106241827623827945e-01
8.358905937291525312e-01 8.110994098207129355e-01
8.372248165443627599e-01 8.119195461762378496e-01
8.385590393595729886e-01 8.127402312871340184e-01
8.398932621747829952e-01 8.132178644998463435e-01
8.412274849899932239e-01 8.140410524465544473e-01
8.425617078052032305e-01 8.148648053812252989e-01
8.438959306204134592e-01 8.153449383059250266e-01
8.452301534356236878e-01 8.161712410439557752e-01
8.465643762508336945e-01 8.169981230510874326e-01
8.478985990660439231e-01 8.174808408953656569e-01
8.492328218812539298e-01 8.183103149094149709e-01
8.505670446964641584e-01 8.191403805517917247e-01
8.519012675116743871e-01 8.196257604346774972e-01
8.532354903268843938e-01 8.204584556502176884e-01
8.545697131420946224e-01 8.212917529687151497e-01
8.559039359573046291e-01 8.217798641896066902e-01
8.572381587725148577e-01 8.226158241456057452e-01
8.585723815877250864e-01 8.234523948378206226e-01
8.599066044029350930e-01 8.239432991515653892e-01
8.612408272181453217e-01 8.247825611872309226e-01
8.625750500333553283e-01 8.256224408004662063e-01
8.639092728485655570e-01 8.261161926973437097e-01
8.652434956637757857e-01 8.269587881507284299e-01
8.665777184789857923e-01 8.278020062844393401e-01
8.679119412941960210e-01 8.282986532737689478e-01
8.692461641094060276e-01 8.291446076897784900e-01
8.705803869246162563e-01 8.299911882086300485e-01
8.719146097398264850e-01 8.304907711048481467e-01
8.732488325550364916e-01 8.313401044518272665e-01
8.745830553702467203e-01 8.321900657047717198e-01
8.759172781854567269e-01 8.326926189148454727e-01
8.772515010006669556e-01 8.335453458076231836e-01
8.785857238158771843e-01 8.343987008537975258e-01
8.799199466310871909e-01 8.349042526648943197e-01
8.812541694462974196e-01 8.357603825919922569e-01
8.825883922615074262e-01 8.366171394305293996e-01
8.839226150767176549e-01 8.371257122969465447e-01
8.852568378919278835e-01 8.379852498521089821e-01
8.865910607071378902e-01 8.388454116551693485e-01
8.879252835223481188e-01 8.393570224835747995e-01
8.892595063375581255e-01 8.402199675990209560e-01
8.905937291527683541e-01 8.410835329457181375e-01
8.919279519679785828e-01 8.415981933778474700e-01
8.932621747831885894e-01 8.424645415586182740e-01
8.945963975983988181e-01 8.433315046708222962e-01
8.959306204136088247e-01 8.438492213627962757e-01
8.972648432288190534e-01 8.447189639206659217e-01
8.985990660440292821e-01 8.455893148964069850e-01
8.999332888592392887e-01 8.461100897939461962e-01
9.012675116744495174e-01 8.469832140804042231e-01
9.026017344896595240e-01 8.478569391276975509e-01
9.039359573048697527e-01 8.483807697365607359e-01
9.052701801200799814e-01 8.492572593735902009e-01
9.066044029352899880e-01 8.501343410398677358e-01
9.079386257505002167e-01 8.506612206909163199e-01
9.092728485657102233e-01 8.515410557988183360e-01
9.106070713809204520e-01 8.524214731990881200e-01
9.119412941961306807e-01 8.529513913074203701e-01
9.132755170113406873e-01 8.538345487292141600e-01
9.146097398265509160e-01 8.547182777684940724e-01
9.159439626417609226e-01 8.552512200861833724e-01
9.172781854569711513e-01 8.561376736070152038e-01
9.186124082721813799e-01 8.570246871993771887e-01
9.199466310873913866e-01 8.575606360613997614e-01
9.212808539026016152e-01 8.584503566240678785e-01
9.226150767178116219e-01 8.593406249063324509e-01
9.239492995330218506e-01 8.598795594693340316e-01
9.252835223482320792e-01 8.607725153837120224e-01
9.266177451634420859e-01 8.616660059237593039e-01
9.279519679786523145e-01 8.622079023973516776e-01
9.292861907938623212e-01 8.631040595443892904e-01
9.306204136090725498e-01 8.640007375427440905e-01
9.319546364242827785e-01 8.645455694130997903e-01
9.332888592394927851e-01 8.654448914422077088e-01
9.346230820547030138e-01 8.663447199282904299e-01
9.359573048699130204e-01 8.668924581738319812e-01
9.372915276851232491e-01 8.677949066941760270e-01
9.386257505003334778e-01 8.686978467151965644e-01
9.399599733155434844e-01 8.692484600142403872e-01
9.412941961307537131e-01 8.701539947795191576e-01
9.426284189459637197e-01 8.710600055835179267e-01
9.439626417611739484e-01 8.716134605137813018e-01
9.452968645763841771e-01 8.725220395993782407e-01
9.466310873915941837e-01 8.734310788100425604e-01
9.479653102068044124e-01 8.739873400399356118e-01
9.492995330220144190e-01 8.748989200139517530e-01
9.506337558372246477e-01 8.758109437996132174e-01
9.519679786524348764e-01 8.763699742713312313e-01
9.533022014676448830e-01 8.772845103577999737e-01
9.546364242828551117e-01 8.781994735923328577e-01
9.559706470980651183e-01 8.787612346967215160e-01
9.573048699132753470e-01 8.796786809315564337e-01
9.586390927284855756e-01 8.805965373485448167e-01
9.599733155436955823e-01 8.811609890918148391e-01
9.613075383589058109e-01 8.820812984727297579e-01
9.626417611741158176e-01 8.830020008125960551e-01
9.639759839893260462e-01 8.835691019749725150e-01
9.653102068045362749e-01 8.844922266026993274e-01
9.666444296197462815e-01 8.854157267519401353e-01
9.679786524349565102e-01 8.859854350383292720e-01
9.693128752501665168e-01 8.869113262517399621e-01
9.706470980653767455e-01 8.878375753759936151e-01
9.719813208805869742e-01 8.884098475588095845e-01
9.733155436957969808e-01 8.893384560626580448e-01
9.746497665110072095e-01 8.902674047318774875e-01
9.759839893262172161e-01 8.908421967861727131e-01
9.773182121414274448e-01 8.917734727718265031e-01
9.786524349566376735e-01 8.927050710794671717e-01
9.799866577718476801e-01 8.932823383105433779e-01
9.813208805870579088e-01 8.942162315703281461e-01
9.826551034022679154e-01 8.951504292448565492e-01
9.839893262174781441e-01 8.957301264085193448e-01
9.853235490326883728e-01 8.966665864426442978e-01
9.866577718478983794e-01 8.976033329528814164e-01
9.879919946631086081e-01 8.981854143685601422e-01
9.893262174783186147e-01 8.991243904862767922e-01
9.906604402935288434e-01 9.000636351405326696e-01
9.919946631087390720e-01 9.006480547974623496e-01
9.933288859239490787e-01 9.015894962118885525e-01
9.946631087391593073e-01 9.025311882505669958e-01
9.959973315543693140e-01 9.031178999072545510e-01
9.973315543695795427e-01 9.040617558234346207e-01
9.986657771847897713e-01 9.050058445051946121e-01
1.000000000000000000e+00 9.059501612946355698e-01
