# E (eV)   doscond(E)
   -7.000000000    0.000298451
   -6.990990991    0.000304297
   -6.981981982    0.000310342
   -6.972972973    0.000316596
   -6.963963964    0.000323069
   -6.954954955    0.000329773
   -6.945945946    0.000336719
   -6.936936937    0.000343919
   -6.927927928    0.000351386
   -6.918918919    0.000359135
   -6.909909910    0.000367180
   -6.900900901    0.000375537
   -6.891891892    0.000384224
   -6.882882883    0.000393259
   -6.873873874    0.000402661
   -6.864864865    0.000412453
   -6.855855856    0.000422655
   -6.846846847    0.000433294
   -6.837837838    0.000444395
   -6.828828829    0.000455987
   -6.819819820    0.000468100
   -6.810810811    0.000480768
   -6.801801802    0.000494026
   -6.792792793    0.000507914
   -6.783783784    0.000522473
   -6.774774775    0.000537750
   -6.765765766    0.000553795
   -6.756756757    0.000570662
   -6.747747748    0.000588411
   -6.738738739    0.000607108
   -6.729729730    0.000626823
   -6.720720721    0.000647637
   -6.711711712    0.000669635
   -6.702702703    0.000692913
   -6.693693694    0.000717576
   -6.684684685    0.000743742
   -6.675675676    0.000771541
   -6.666666667    0.000801117
   -6.657657658    0.000832632
   -6.648648649    0.000866265
   -6.639639640    0.000902221
   -6.630630631    0.000940727
   -6.621621622    0.000982040
   -6.612612613    0.001026452
   -6.603603604    0.001074295
   -6.594594595    0.001125946
   -6.585585586    0.001181839
   -6.576576577    0.001242471
   -6.567567568    0.001308416
   -6.558558559    0.001380342
   -6.549549550    0.001459027
   -6.540540541    0.001545381
   -6.531531532    0.001640478
   -6.522522523    0.001745593
   -6.513513514    0.001862247
   -6.504504505    0.001992268
   -6.495495495    0.002137872
   -6.486486486    0.002301766
   -6.477477477    0.002487287
   -6.468468468    0.002698590
   -6.459459459    0.002940911
   -6.450450450    0.003220917
   -6.441441441    0.003547226
   -6.432432432    0.003931141
   -6.423423423    0.004387743
   -6.414414414    0.004937550
   -6.405405405    0.005609103
   -6.396396396    0.006443139
   -6.387387387    0.007499591
   -6.378378378    0.008869841
   -6.369369369    0.010699413
   -6.360360360    0.013232781
   -6.351351351    0.016909501
   -6.342342342    0.022593465
   -6.333333333    0.032203807
   -6.324324324    0.050848181
   -6.315315315    0.096861323
   -6.306306306    0.294090669
   -6.297297297   33.536210911
   -6.288288288    9.111488494
   -6.279279279    6.120748863
   -6.270270270    4.760627340
   -6.261261261    3.952542303
   -6.252252252    3.408400618
   -6.243243243    3.013733163
   -6.234234234    2.712884188
   -6.225225225    2.475181497
   -6.216216216    2.282198529
   -6.207207207    2.122140773
   -6.198198198    1.987081541
   -6.189189189    1.871482982
   -6.180180180    1.771351855
   -6.171171171    1.683731910
   -6.162162162    1.606385311
   -6.153153153    1.537585393
   -6.144144144    1.475977666
   -6.135135135    1.420484097
   -6.126126126    1.370235661
   -6.117117117    1.324523851
   -6.108108108    1.282765175
   -6.099099099    1.244474754
   -6.090090090    1.209246409
   -6.081081081    1.176737431
   -6.072072072    1.146656823
   -6.063063063    1.118756116
   -6.054054054    1.092822125
   -6.045045045    1.068671213
   -6.036036036    1.046144698
   -6.027027027    1.025105177
   -6.018018018    1.005433567
   -6.009009009    0.987026732
   -6.000000000    0.969795589
   -5.990990991    0.953663626
   -5.981981982    0.938565763
   -5.972972973    0.924447540
   -5.963963964    0.911264603
   -5.954954955    0.898982497
   -5.945945946    0.887576784
   -5.936936937    0.877033531
   -5.927927928    0.867350251
   -5.918918919    0.858537418
   -5.909909910    0.850620740
   -5.900900901    0.843644487
   -5.891891892    0.837676326
   -5.882882883    0.832814358
   -5.873873874    0.829197499
   -5.864864865    0.827021077
   -5.855855856    0.826560870
   -5.846846847    0.828211285
   -5.837837838    0.832548368
   -5.828828829    0.840438730
   -5.819819820    0.853238962
   -5.810810811    0.873188308
   -5.801801802    0.904258790
   -5.792792793    0.954250109
   -5.783783784    1.041027463
   -5.774774775    1.217883388
   -5.765765766    1.776399195
   -5.756756757    0.177882564
   -5.747747748    0.027190530
   -5.738738739    0.013293180
   -5.729729730    0.008773812
   -5.720720721    0.006686959
   -5.711711712    0.005563897
   -5.702702703    0.004927018
   -5.693693694    0.004585849
   -5.684684685    0.004461257
   -5.675675676    0.004531904
   -5.666666667    0.004822417
   -5.657657658    0.005419249
   -5.648648649    0.006534664
   -5.639639640    0.008724007
   -5.630630631    0.013827097
   -5.621621622    0.032072230
   -5.612612613    0.636352306
   -5.603603604    1.453514334
   -5.594594595    1.060230855
   -5.585585586    0.908625264
   -5.576576577    0.825687090
   -5.567567568    0.772698131
   -5.558558559    0.735632042
   -5.549549550    0.708086429
   -5.540540541    0.686699429
   -5.531531532    0.669529652
   -5.522522523    0.655375695
   -5.513513514    0.643453781
   -5.504504505    0.633230778
   -5.495495495    0.624331533
   -5.486486486    0.616484503
   -5.477477477    0.609488397
   -5.468468468    0.603190905
   -5.459459459    0.597474710
   -5.450450450    0.592248011
   -5.441441441    0.587437968
   -5.432432432    0.582986053
   -5.423423423    0.578844705
   -5.414414414    0.574974876
   -5.405405405    0.571344198
   -5.396396396    0.567925613
   -5.387387387    0.564696315
   -5.378378378    0.561636941
   -5.369369369    0.558730933
   -5.360360360    0.555964041
   -5.351351351    0.553323926
   -5.342342342    0.550799841
   -5.333333333    0.548382377
   -5.324324324    0.546063250
   -5.315315315    0.543835132
   -5.306306306    0.541691514
   -5.297297297    0.539626582
   -5.288288288    0.537635129
   -5.279279279    0.535712466
   -5.270270270    0.533854357
   -5.261261261    0.532056962
   -5.252252252    0.530316787
   -5.243243243    0.528630640
   -5.234234234    0.526995600
   -5.225225225    0.525408982
   -5.216216216    0.523868312
   -5.207207207    0.522371304
   -5.198198198    0.520915840
   -5.189189189    0.519499953
   -5.180180180    0.518121809
   -5.171171171    0.516779699
   -5.162162162    0.515472022
   -5.153153153    0.514197279
   -5.144144144    0.512954059
   -5.135135135    0.511741036
   -5.126126126    0.510556957
   -5.117117117    0.509400639
   -5.108108108    0.508270964
   -5.099099099    0.507166870
   -5.090090090    0.506087348
   -5.081081081    0.505031440
   -5.072072072    0.503998233
   -5.063063063    0.502986855
   -5.054054054    0.501996475
   -5.045045045    0.501026298
   -5.036036036    0.500075562
   -5.027027027    0.499143538
   -5.018018018    0.498229526
   -5.009009009    0.497332854
   -5.000000000    0.496452875
   -4.990990991    0.495588968
   -4.981981982    0.494740535
   -4.972972973    0.493906998
   -4.963963964    0.493087801
   -4.954954955    0.492282407
   -4.945945946    0.491490298
   -4.936936937    0.490710973
   -4.927927928    0.489943948
   -4.918918919    0.489188753
   -4.909909910    0.488444936
   -4.900900901    0.487712058
   -4.891891892    0.486989692
   -4.882882883    0.486277428
   -4.873873874    0.485574866
   -4.864864865    0.484881618
   -4.855855856    0.484197309
   -4.846846847    0.483521574
   -4.837837838    0.482854061
   -4.828828829    0.482194426
   -4.819819820    0.481542337
   -4.810810811    0.480897470
   -4.801801802    0.480259513
   -4.792792793    0.479628160
   -4.783783784    0.479003117
   -4.774774775    0.478384097
   -4.765765766    0.477770822
   -4.756756757    0.477163022
   -4.747747748    0.476560435
   -4.738738739    0.475962808
   -4.729729730    0.475369895
   -4.720720721    0.474781456
   -4.711711712    0.474197260
   -4.702702703    0.473617084
   -4.693693694    0.473040709
   -4.684684685    0.472467926
   -4.675675676    0.471898532
   -4.666666667    0.471332330
   -4.657657658    0.470769129
   -4.648648649    0.470208745
   -4.639639640    0.469651002
   -4.630630631    0.469095727
   -4.621621622    0.468542756
   -4.612612613    0.467991929
   -4.603603604    0.467443092
   -4.594594595    0.466896100
   -4.585585586    0.466350808
   -4.576576577    0.465807082
   -4.567567568    0.465264791
   -4.558558559    0.464723808
   -4.549549550    0.464184015
   -4.540540541    0.463645296
   -4.531531532    0.463107543
   -4.522522523    0.462570651
   -4.513513514    0.462034520
   -4.504504505    0.461499055
   -4.495495495    0.460964169
   -4.486486486    0.460429775
   -4.477477477    0.459895794
   -4.468468468    0.459362150
   -4.459459459    0.458828773
   -4.450450450    0.458295595
   -4.441441441    0.457762556
   -4.432432432    0.457229596
   -4.423423423    0.456696663
   -4.414414414    0.456163707
   -4.405405405    0.455630683
   -4.396396396    0.455097550
   -4.387387387    0.454564270
   -4.378378378    0.454030810
   -4.369369369    0.453497139
   -4.360360360    0.452963232
   -4.351351351    0.452429067
   -4.342342342    0.451894623
   -4.333333333    0.451359887
   -4.324324324    0.450824844
   -4.315315315    0.450289488
   -4.306306306    0.449753812
   -4.297297297    0.449217813
   -4.288288288    0.448681493
   -4.279279279    0.448144855
   -4.270270270    0.447607906
   -4.261261261    0.447070655
   -4.252252252    0.446533115
   -4.243243243    0.445995301
   -4.234234234    0.445457230
   -4.225225225    0.444918925
   -4.216216216    0.444380407
   -4.207207207    0.443841703
   -4.198198198    0.443302842
   -4.189189189    0.442763854
   -4.180180180    0.442224773
   -4.171171171    0.441685634
   -4.162162162    0.441146477
   -4.153153153    0.440607343
   -4.144144144    0.440068275
   -4.135135135    0.439529319
   -4.126126126    0.438990524
   -4.117117117    0.438451941
   -4.108108108    0.437913625
   -4.099099099    0.437375632
   -4.090090090    0.436838022
   -4.081081081    0.436300858
   -4.072072072    0.435764206
   -4.063063063    0.435228136
   -4.054054054    0.434692721
   -4.045045045    0.434158039
   -4.036036036    0.433624171
   -4.027027027    0.433091205
   -4.018018018    0.432559230
   -4.009009009    0.432028347
   -4.000000000    0.431498658
   -3.990990991    0.430970275
   -3.981981982    0.430443319
   -3.972972973    0.429917919
   -3.963963964    0.429394216
   -3.954954955    0.428872362
   -3.945945946    0.428352524
   -3.936936937    0.427834887
   -3.927927928    0.427319655
   -3.918918919    0.426807053
   -3.909909910    0.426297335
   -3.900900901    0.425790786
   -3.891891892    0.425287730
   -3.882882883    0.424788535
   -3.873873874    0.424293623
   -3.864864865    0.423803486
   -3.855855856    0.423318694
   -3.846846847    0.422839916
   -3.837837838    0.422367945
   -3.828828829    0.421903727
   -3.819819820    0.421448400
   -3.810810811    0.421003346
   -3.801801802    0.420570259
   -3.792792793    0.420151238
   -3.783783784    0.419748914
   -3.774774775    0.419366620
   -3.765765766    0.419008634
   -3.756756757    0.418680532
   -3.747747748    0.418389689
   -3.738738739    0.418146038
   -3.729729730    0.417963216
   -3.720720721    0.417860379
   -3.711711712    0.417865130
   -3.702702703    0.418018458
   -3.693693694    0.418383422
   -3.684684685    0.419061254
   -3.675675676    0.420223200
   -3.666666667    0.422178731
   -3.657657658    0.425537691
   -3.648648649    0.431654287
   -3.639639640    0.444122668
   -3.630630631    0.475905292
   -3.621621622    0.626300364
   -3.612612613    0.035697582
   -3.603603604    0.014741228
   -3.594594595    0.031039848
   -3.585585586    0.653294062
   -3.576576577    0.476631550
   -3.567567568    0.441529344
   -3.558558559    0.427461130
   -3.549549550    0.420138029
   -3.540540541    0.415705976
   -3.531531532    0.412733615
   -3.522522523    0.410582240
   -3.513513514    0.408929823
   -3.504504505    0.407599039
   -3.495495495    0.406485472
   -3.486486486    0.405524293
   -3.477477477    0.404673482
   -3.468468468    0.403904817
   -3.459459459    0.403198765
   -3.450450450    0.402541452
   -3.441441441    0.401922803
   -3.432432432    0.401335359
   -3.423423423    0.400773499
   -3.414414414    0.400232926
   -3.405405405    0.399710304
   -3.396396396    0.399203019
   -3.387387387    0.398708991
   -3.378378378    0.398226556
   -3.369369369    0.397754364
   -3.360360360    0.397291316
   -3.351351351    0.396836505
   -3.342342342    0.396389182
   -3.333333333    0.395948721
   -3.324324324    0.395514595
   -3.315315315    0.395086362
   -3.306306306    0.394663645
   -3.297297297    0.394246122
   -3.288288288    0.393833518
   -3.279279279    0.393425596
   -3.270270270    0.393022151
   -3.261261261    0.392623003
   -3.252252252    0.392227998
   -3.243243243    0.391837000
   -3.234234234    0.391449889
   -3.225225225    0.391066561
   -3.216216216    0.390686921
   -3.207207207    0.390310888
   -3.198198198    0.389938389
   -3.189189189    0.389569358
   -3.180180180    0.389203736
   -3.171171171    0.388841472
   -3.162162162    0.388482519
   -3.153153153    0.388126834
   -3.144144144    0.387774379
   -3.135135135    0.387425121
   -3.126126126    0.387079028
   -3.117117117    0.386736073
   -3.108108108    0.386396229
   -3.099099099    0.386059475
   -3.090090090    0.385725789
   -3.081081081    0.385395153
   -3.072072072    0.385067549
   -3.063063063    0.384742963
   -3.054054054    0.384421381
   -3.045045045    0.384102791
   -3.036036036    0.383787181
   -3.027027027    0.383474542
   -3.018018018    0.383164866
   -3.009009009    0.382858146
   -3.000000000    0.382554374
   -2.990990991    0.382253547
   -2.981981982    0.381955660
   -2.972972973    0.381660709
   -2.963963964    0.381368693
   -2.954954955    0.381079611
   -2.945945946    0.380793462
   -2.936936937    0.380510246
   -2.927927928    0.380229966
   -2.918918919    0.379952625
   -2.909909910    0.379678224
   -2.900900901    0.379406770
   -2.891891892    0.379138267
   -2.882882883    0.378872722
   -2.873873874    0.378610141
   -2.864864865    0.378350535
   -2.855855856    0.378093911
   -2.846846847    0.377840280
   -2.837837838    0.377589654
   -2.828828829    0.377342045
   -2.819819820    0.377097468
   -2.810810811    0.376855936
   -2.801801802    0.376617467
   -2.792792793    0.376382076
   -2.783783784    0.376149784
   -2.774774775    0.375920609
   -2.765765766    0.375694573
   -2.756756757    0.375471698
   -2.747747748    0.375252009
   -2.738738739    0.375035530
   -2.729729730    0.374822288
   -2.720720721    0.374612312
   -2.711711712    0.374405632
   -2.702702703    0.374202279
   -2.693693694    0.374002286
   -2.684684685    0.373805690
   -2.675675676    0.373612525
   -2.666666667    0.373422832
   -2.657657658    0.373236650
   -2.648648649    0.373054021
   -2.639639640    0.372874992
   -2.630630631    0.372699607
   -2.621621622    0.372527916
   -2.612612613    0.372359969
   -2.603603604    0.372195820
   -2.594594595    0.372035525
   -2.585585586    0.371879140
   -2.576576577    0.371726727
   -2.567567568    0.371578349
   -2.558558559    0.371434072
   -2.549549550    0.371293963
   -2.540540541    0.371158094
   -2.531531532    0.371026540
   -2.522522523    0.370899377
   -2.513513514    0.370776687
   -2.504504505    0.370658551
   -2.495495495    0.370545058
   -2.486486486    0.370436297
   -2.477477477    0.370332363
   -2.468468468    0.370233352
   -2.459459459    0.370139367
   -2.450450450    0.370050512
   -2.441441441    0.369966896
   -2.432432432    0.369888633
   -2.423423423    0.369815841
   -2.414414414    0.369748642
   -2.405405405    0.369687162
   -2.396396396    0.369631533
   -2.387387387    0.369581892
   -2.378378378    0.369538380
   -2.369369369    0.369501145
   -2.360360360    0.369470338
   -2.351351351    0.369446118
   -2.342342342    0.369428650
   -2.333333333    0.369418102
   -2.324324324    0.369414652
   -2.315315315    0.369418484
   -2.306306306    0.369429786
   -2.297297297    0.369448757
   -2.288288288    0.369475601
   -2.279279279    0.369510530
   -2.270270270    0.369553765
   -2.261261261    0.369605534
   -2.252252252    0.369666074
   -2.243243243    0.369735632
   -2.234234234    0.369814464
   -2.225225225    0.369902834
   -2.216216216    0.370001020
   -2.207207207    0.370109307
   -2.198198198    0.370227993
   -2.189189189    0.370357387
   -2.180180180    0.370497810
   -2.171171171    0.370649596
   -2.162162162    0.370813093
   -2.153153153    0.370988662
   -2.144144144    0.371176678
   -2.135135135    0.371377532
   -2.126126126    0.371591632
   -2.117117117    0.371819401
   -2.108108108    0.372061279
   -2.099099099    0.372317728
   -2.090090090    0.372589225
   -2.081081081    0.372876270
   -2.072072072    0.373179383
   -2.063063063    0.373499110
   -2.054054054    0.373836015
   -2.045045045    0.374190692
   -2.036036036    0.374563759
   -2.027027027    0.374955863
   -2.018018018    0.375367679
   -2.009009009    0.375799914
   -2.000000000    0.376253309
   -1.990990991    0.376728638
   -1.981981982    0.377226712
   -1.972972973    0.377748383
   -1.963963964    0.378294544
   -1.954954955    0.378866129
   -1.945945946    0.379464123
   -1.936936937    0.380089559
   -1.927927928    0.380743523
   -1.918918919    0.381427157
   -1.909909910    0.382141666
   -1.900900901    0.382888315
   -1.891891892    0.383668442
   -1.882882883    0.384483457
   -1.873873874    0.385334848
   -1.864864865    0.386224189
   -1.855855856    0.387153144
   -1.846846847    0.388123474
   -1.837837838    0.389137045
   -1.828828829    0.390195838
   -1.819819820    0.391301952
   -1.810810811    0.392457621
   -1.801801802    0.393665218
   -1.792792793    0.394927272
   -1.783783784    0.396246478
   -1.774774775    0.397625712
   -1.765765766    0.399068047
   -1.756756757    0.400576769
   -1.747747748    0.402155399
   -1.738738739    0.403807713
   -1.729729730    0.405537766
   -1.720720721    0.407349919
   -1.711711712    0.409248871
   -1.702702703    0.411239689
   -1.693693694    0.413327850
   -1.684684685    0.415519281
   -1.675675676    0.417820410
   -1.666666667    0.420238220
   -1.657657658    0.422780309
   -1.648648649    0.425454968
   -1.639639640    0.428271256
   -1.630630631    0.431239097
   -1.621621622    0.434369391
   -1.612612613    0.437674132
   -1.603603604    0.441166561
   -1.594594595    0.444861332
   -1.585585586    0.448774711
   -1.576576577    0.452924810
   -1.567567568    0.457331865
   -1.558558559    0.462018563
   -1.549549550    0.467010433
   -1.540540541    0.472336323
   -1.531531532    0.478028970
   -1.522522523    0.484125693
   -1.513513514    0.490669252
   -1.504504505    0.497708905
   -1.495495495    0.505301723
   -1.486486486    0.513514257
   -1.477477477    0.522424642
   -1.468468468    0.532125323
   -1.459459459    0.542726582
   -1.450450450    0.554361201
   -1.441441441    0.567190704
   -1.432432432    0.581413838
   -1.423423423    0.597278336
   -1.414414414    0.615097538
   -1.405405405    0.635274475
   -1.396396396    0.658337678
   -1.387387387    0.684996147
   -1.378378378    0.716226862
   -1.369369369    0.753420372
   -1.360360360    0.798636186
   -1.351351351    0.855081482
   -1.342342342    0.928087499
   -1.333333333    1.027338505
   -1.324324324    1.172835540
   -1.315315315    1.415288217
   -1.306306306    1.945867956
   -1.297297297    6.103402581
   -1.288288288    0.064025465
   -1.279279279    0.021626557
   -1.270270270    0.011776598
   -1.261261261    0.007751893
   -1.252252252    0.005656239
   -1.243243243    0.004404455
   -1.234234234    0.003587352
   -1.225225225    0.003019824
   -1.216216216    0.002607170
   -1.207207207    0.002296414
   -1.198198198    0.002055839
   -1.189189189    0.001865416
   -1.180180180    0.001711933
   -1.171171171    0.001586362
   -1.162162162    0.001482343
   -1.153153153    0.001395282
   -1.144144144    0.001321786
   -1.135135135    0.001259299
   -1.126126126    0.001205865
   -1.117117117    0.001159966
   -1.108108108    0.001120404
   -1.099099099    0.001086228
   -1.090090090    0.001056669
   -1.081081081    0.001031106
   -1.072072072    0.001009027
   -1.063063063    0.000990014
   -1.054054054    0.000973714
   -1.045045045    0.000959838
   -1.036036036    0.000948139
   -1.027027027    0.000938413
   -1.018018018    0.000930484
   -1.009009009    0.000924205
   -1.000000000    0.000919451
   -0.990990991    0.000916115
   -0.981981982    0.000914107
   -0.972972973    0.000913353
   -0.963963964    0.000913788
   -0.954954955    0.000915358
   -0.945945946    0.000918021
   -0.936936937    0.000921741
   -0.927927928    0.000926490
   -0.918918919    0.000932247
   -0.909909910    0.000938999
   -0.900900901    0.000946735
   -0.891891892    0.000955453
   -0.882882883    0.000965155
   -0.873873874    0.000975847
   -0.864864865    0.000987543
   -0.855855856    0.001000258
   -0.846846847    0.001014015
   -0.837837838    0.001028840
   -0.828828829    0.001044766
   -0.819819820    0.001061828
   -0.810810811    0.001080071
   -0.801801802    0.001099542
   -0.792792793    0.001120296
   -0.783783784    0.001142393
   -0.774774775    0.001165902
   -0.765765766    0.001190899
   -0.756756757    0.001217467
   -0.747747748    0.001245700
   -0.738738739    0.001275701
   -0.729729730    0.001307585
   -0.720720721    0.001341478
   -0.711711712    0.001377520
   -0.702702703    0.001415867
   -0.693693694    0.001456693
   -0.684684685    0.001500188
   -0.675675676    0.001546566
   -0.666666667    0.001596068
   -0.657657658    0.001648958
   -0.648648649    0.001705537
   -0.639639640    0.001766139
   -0.630630631    0.001831143
   -0.621621622    0.001900974
   -0.612612613    0.001976117
   -0.603603604    0.002057121
   -0.594594595    0.002144611
   -0.585585586    0.002239304
   -0.576576577    0.002342025
   -0.567567568    0.002453722
   -0.558558559    0.002575500
   -0.549549550    0.002708640
   -0.540540541    0.002854648
   -0.531531532    0.003015294
   -0.522522523    0.003192678
   -0.513513514    0.003389303
   -0.504504505    0.003608178
   -0.495495495    0.003852947
   -0.486486486    0.004128057
   -0.477477477    0.004438992
   -0.468468468    0.004792578
   -0.459459459    0.005197410
   -0.450450450    0.005664444
   -0.441441441    0.006207843
   -0.432432432    0.006846199
   -0.423423423    0.007604354
   -0.414414414    0.008516167
   -0.405405405    0.009628867
   -0.396396396    0.011010114
   -0.387387387    0.012759932
   -0.378378378    0.015031868
   -0.369369369    0.018072653
   -0.360360360    0.022302005
   -0.351351351    0.028487935
   -0.342342342    0.038179097
   -0.333333333    0.054954579
   -0.324324324    0.088998460
   -0.315315315    0.182160232
   -0.306306306    0.781809238
   -0.297297297   26.140003987
   -0.288288288   12.107744189
   -0.279279279    9.062886384
   -0.270270270    7.529815366
   -0.261261261    6.563766377
   -0.252252252    5.883288672
   -0.243243243    5.370617630
   -0.234234234    4.966542763
   -0.225225225    4.637576414
   -0.216216216    4.363149610
   -0.207207207    4.129829157
   -0.198198198    3.928415457
   -0.189189189    3.752364895
   -0.180180180    3.596876633
   -0.171171171    3.458336407
   -0.162162162    3.333963225
   -0.153153153    3.221576858
   -0.144144144    3.119440131
   -0.135135135    3.026149125
   -0.126126126    2.940554968
   -0.117117117    2.861707000
   -0.108108108    2.788810730
   -0.099099099    2.721196227
   -0.090090090    2.658294031
   -0.081081081    2.599616535
   -0.072072072    2.544743449
   -0.063063063    2.493310305
   -0.054054054    2.444999306
   -0.045045045    2.399531951
   -0.036036036    2.356663065
   -0.027027027    2.316175913
   -0.018018018    2.277878194
   -0.009009009    2.241598723
    0.000000000    2.207184675
    0.009009009    2.174499296
    0.018018018    2.143419981
    0.027027027    2.113836677
    0.036036036    2.085650548
    0.045045045    2.058772871
    0.054054054    2.033124129
    0.063063063    2.008633293
    0.072072072    1.985237265
    0.081081081    1.962880491
    0.090090090    1.941514738
    0.099099099    1.921099049
    0.108108108    1.901599909
    0.117117117    1.882991644
    0.126126126    1.865257136
    0.135135135    1.848388917
    0.144144144    1.832390812
    0.153153153    1.817280300
    0.162162162    1.803091939
    0.171171171    1.789882310
    0.180180180    1.777737264
    0.189189189    1.766782695
    0.198198198    1.757200926
    0.207207207    1.749256276
    0.216216216    1.743336262
    0.225225225    1.740020594
    0.234234234    1.740202239
    0.243243243    1.745312485
    0.252252252    1.757771075
    0.261261261    1.781977105
    0.270270270    1.826799581
    0.279279279    1.913211273
    0.288288288    2.107245684
    0.297297297    2.854167260
    0.306306306    1.309860726
    0.315315315    0.407066450
    0.324324324    0.041724836
    0.333333333    0.026273427
    0.342342342    0.023854822
    0.351351351    0.028924953
    0.360360360    0.061896337
    0.369369369    1.882722971
    0.378378378    1.180882963
    0.387387387    2.427965063
    0.396396396    1.908721517
    0.405405405    1.731781277
    0.414414414    1.637810261
    0.423423423    1.577989590
    0.432432432    1.535627504
    0.441441441    1.503369953
    0.450450450    1.477463609
    0.459459459    1.455795742
    0.468468468    1.437089903
    0.477477477    1.420532143
    0.486486486    1.405580754
    0.495495495    1.391862421
    0.504504505    1.379112276
    0.513513514    1.367137699
    0.522522523    1.355795600
    0.531531532    1.344977696
    0.540540541    1.334600699
    0.549549550    1.324599614
    0.558558559    1.314923066
    0.567567568    1.305529973
    0.576576577    1.296387142
    0.585585586    1.287467500
    0.594594595    1.278748775
    0.603603604    1.270212505
    0.612612613    1.261843276
    0.621621622    1.253628136
    0.630630631    1.245556138
    0.639639640    1.237617976
    0.648648649    1.229805705
    0.657657658    1.222112507
    0.666666667    1.214532508
    0.675675676    1.207060629
    0.684684685    1.199692460
    0.693693694    1.192424165
    0.702702703    1.185252394
    0.711711712    1.178174215
    0.720720721    1.171187061
    0.729729730    1.164288677
    0.738738739    1.157477084
    0.747747748    1.150750548
    0.756756757    1.144107551
    0.765765766    1.137546772
    0.774774775    1.131067069
    0.783783784    1.124667473
    0.792792793    1.118347175
    0.801801802    1.112105532
    0.810810811    1.105942069
    0.819819820    1.099856494
    0.828828829    1.093848716
    0.837837838    1.087918888
    0.846846847    1.082067451
    0.855855856    1.076295216
    0.864864865    1.070603477
    0.873873874    1.064994178
    0.882882883    1.059470170
    0.891891892    1.054035601
    0.900900901    1.048696546
    0.909909910    1.043462021
    0.918918919    1.038345741
    0.927927928    1.033369251
    0.936936937    1.028567893
    0.945945946    1.024003020
    0.954954955    1.019789450
    0.963963964    1.016165231
    0.972972973    1.013702074
    0.981981982    1.014127662
    0.990990991    1.025402479
    1.000000000    1.172415406
    1.009009009    3.312530415
    1.018018018    2.405067923
    1.027027027    2.097769765
    1.036036036    1.929321533
    1.045045045    1.818642686
    1.054054054    1.738443538
    1.063063063    1.676627500
    1.072072072    1.626904513
    1.081081081    1.585639163
    1.090090090    1.550565258
    1.099099099    1.520187322
    1.108108108    1.493473536
    1.117117117    1.469686019
    1.126126126    1.448281317
    1.135135135    1.428849180
    1.144144144    1.411073344
    1.153153153    1.394705562
    1.162162162    1.379547886
    1.171171171    1.365440284
    1.180180180    1.352251786
    1.189189189    1.339874028
    1.198198198    1.328216469
    1.207207207    1.317202787
    1.216216216    1.306768125
    1.225225225    1.296856965
    1.234234234    1.287421463
    1.243243243    1.278420130
    1.252252252    1.269816785
    1.261261261    1.261579706
    1.270270270    1.253680946
    1.279279279    1.246095770
    1.288288288    1.238802189
    1.297297297    1.231780583
    1.306306306    1.225013373
    1.315315315    1.218484758
    1.324324324    1.212180486
    1.333333333    1.206087661
    1.342342342    1.200194582
    1.351351351    1.194490597
    1.360360360    1.188965991
    1.369369369    1.183611874
    1.378378378    1.178420094
    1.387387387    1.173383162
    1.396396396    1.168494176
    1.405405405    1.163746771
    1.414414414    1.159135057
    1.423423423    1.154653578
    1.432432432    1.150297271
    1.441441441    1.146061429
    1.450450450    1.141941669
    1.459459459    1.137933902
    1.468468468    1.134034310
    1.477477477    1.130239322
    1.486486486    1.126545594
    1.495495495    1.122949991
    1.504504505    1.119449567
    1.513513514    1.116041557
    1.522522523    1.112723357
    1.531531532    1.109492516
    1.540540541    1.106346722
    1.549549550    1.103283795
    1.558558559    1.100301676
    1.567567568    1.097398419
    1.576576577    1.094572185
    1.585585586    1.091821231
    1.594594595    1.089143911
    1.603603604    1.086538661
    1.612612613    1.084004002
    1.621621622    1.081538532
    1.630630631    1.079140919
    1.639639640    1.076809901
    1.648648649    1.074544281
    1.657657658    1.072342922
    1.666666667    1.070204746
    1.675675676    1.068128730
    1.684684685    1.066113905
    1.693693694    1.064159349
    1.702702703    1.062264192
    1.711711712    1.060427606
    1.720720721    1.058648810
    1.729729730    1.056927064
    1.738738739    1.055261669
    1.747747748    1.053651967
    1.756756757    1.052097335
    1.765765766    1.050597190
    1.774774775    1.049150983
    1.783783784    1.047758201
    1.792792793    1.046418366
    1.801801802    1.045131032
    1.810810811    1.043895788
    1.819819820    1.042712255
    1.828828829    1.041580085
    1.837837838    1.040498965
    1.846846847    1.039468610
    1.855855856    1.038488772
    1.864864865    1.037559231
    1.873873874    1.036679802
    1.882882883    1.035850332
    1.891891892    1.035070702
    1.900900901    1.034340826
    1.909909910    1.033660656
    1.918918919    1.033030176
    1.927927928    1.032449411
    1.936936937    1.031918423
    1.945945946    1.031437315
    1.954954955    1.031006234
    1.963963964    1.030625372
    1.972972973    1.030294966
    1.981981982    1.030015307
    1.990990991    1.029786739
    2.000000000    1.029609665
