G 20
X 20
M 28
G 34
R 0

0.0 0.0 0.0
0.0 0.04723164102172851 0.0
0.0 0.09446328204345703 0.0
0.0 0.14175259295654297 0.0
0.0 0.18892656408691405 0.0
0.0 0.236215875 0.0
0.0 0.28350518591308593 0.0
0.0 0.33079449682617185 0.0
0.0 0.3778531281738281 0.0
0.0 0.42514243908691407 0.0
0.0 0.47243175 0.0
0.0 0.5194903813476562 0.0
0.0 0.5670103718261719 0.0
0.0 0.6140690031738281 0.0
0.0 0.6615889936523437 0.0
0.0 0.708647625 0.0
0.0 0.7557062563476562 0.0
0.0 0.8032262468261718 0.0
0.0 0.8502848781738281 0.0
0.0 0.8978048686523438 0.0
0.0 0.9448635 0.0
0.04723164102172851 0.9448635 0.0
0.09446328204345703 0.9448635 0.0
0.14175259295654297 0.9448635 0.0
0.18892656408691405 0.9448635 0.0
0.236215875 0.9448635 0.0
0.28350518591308593 0.9448635 0.0
0.33079449682617185 0.9448635 0.0
0.3778531281738281 0.9448635 0.0
0.42514243908691407 0.9448635 0.0
0.47243175 0.9448635 0.0
0.5194903813476562 0.9448635 0.0
0.5670103718261719 0.9448635 0.0
0.6140690031738281 0.9448635 0.0
0.6615889936523437 0.9448635 0.0
0.708647625 0.9448635 0.0
0.7557062563476562 0.9448635 0.0
0.8032262468261718 0.9448635 0.0
0.8502848781738281 0.9448635 0.0
0.8978048686523438 0.9448635 0.0
0.9448635 0.9448635 0.0
0.9111842834472655 0.9111842834472655 0.0
0.8775050668945312 0.8775050668945312 0.0
0.8438258503417968 0.8438258503417968 0.0
0.8096852746582031 0.8096852746582031 0.0
0.7760060581054687 0.7760060581054687 0.0
0.7423268415527343 0.7423268415527343 0.0
0.708647625 0.708647625 0.0
0.6749684084472656 0.6749684084472656 0.0
0.6412891918945313 0.6412891918945313 0.0
0.6076099753417968 0.6076099753417968 0.0
0.5734693996582031 0.5734693996582031 0.0
0.5397901831054688 0.5397901831054688 0.0
0.5061109665527344 0.5061109665527344 0.0
0.47243175 0.47243175 0.0
0.4387525334472656 0.4387525334472656 0.0
0.40484263732910153 0.40484263732910153 0.0
0.37116342077636716 0.37116342077636716 0.0
0.3374842042236328 0.3374842042236328 0.0
0.3038049876708984 0.3038049876708984 0.0
0.2698950915527344 0.2698950915527344 0.0
0.236215875 0.236215875 0.0
0.20242131866455076 0.20242131866455076 0.0
0.1687421021118164 0.1687421021118164 0.0
0.1349475457763672 0.1349475457763672 0.0
0.10121065933227538 0.10121065933227538 0.0
0.0674737728881836 0.0674737728881836 0.0
0.0337368864440918 0.0337368864440918 0.0
0.0 0.0 0.0
0.027796887634277342 0.027796887634277342 0.027796887634277342
0.055593775268554683 0.055593775268554683 0.055593775268554683
0.08339066290283202 0.08339066290283202 0.08339066290283202
0.11118755053710937 0.11118755053710937 0.11118755053710937
0.13898443817138673 0.13898443817138673 0.13898443817138673
0.16678132580566404 0.16678132580566404 0.16678132580566404
0.1945782134399414 0.1945782134399414 0.1945782134399414
0.22237510107421873 0.22237510107421873 0.22237510107421873
0.2500566489257812 0.2500566489257812 0.2500566489257812
0.27796887634277345 0.27796887634277345 0.27796887634277345
0.3056504241943359 0.3056504241943359 0.3056504241943359
0.3335626516113281 0.3335626516113281 0.3335626516113281
0.3612441994628906 0.3612441994628906 0.3612441994628906
0.3891564268798828 0.3891564268798828 0.3891564268798828
0.4168379747314453 0.4168379747314453 0.4168379747314453
0.44475020214843747 0.44475020214843747 0.44475020214843747
0.47243175 0.47243175 0.47243175
0.5001132978515624 0.5001132978515624 0.5001132978515624
0.527794845703125 0.527794845703125 0.527794845703125
0.5559377526855469 0.5559377526855469 0.5559377526855469
0.5836193005371093 0.5836193005371093 0.5836193005371093
0.6113008483886718 0.6113008483886718 0.6113008483886718
0.6389823962402343 0.6389823962402343 0.6389823962402343
0.6671253032226562 0.6671253032226562 0.6671253032226562
0.6948068510742187 0.6948068510742187 0.6948068510742187
0.7224883989257812 0.7224883989257812 0.7224883989257812
0.7501699467773437 0.7501699467773437 0.7501699467773437
0.7783128537597656 0.7783128537597656 0.7783128537597656
0.8059944016113281 0.8059944016113281 0.8059944016113281
0.8336759494628906 0.8336759494628906 0.8336759494628906
0.8613574973144531 0.8613574973144531 0.8613574973144531
0.8895004042968749 0.8895004042968749 0.8895004042968749
0.9171819521484375 0.9171819521484375 0.9171819521484375
0.9448635 0.9448635 0.9448635
