-8.00000 0.000000000000000e+00
-7.98699 0.000000000000000e+00
-7.97397 0.000000000000000e+00
-7.96096 0.000000000000000e+00
-7.94795 0.000000000000000e+00
-7.93493 0.000000000000000e+00
-7.92192 0.000000000000000e+00
-7.90891 0.000000000000000e+00
-7.89590 0.000000000000000e+00
-7.88288 0.000000000000000e+00
-7.86987 0.000000000000000e+00
-7.85686 0.000000000000000e+00
-7.84384 0.000000000000000e+00
-7.83083 0.000000000000000e+00
-7.81782 0.000000000000000e+00
-7.80480 0.000000000000000e+00
-7.79179 0.000000000000000e+00
-7.77878 0.000000000000000e+00
-7.76577 0.000000000000000e+00
-7.75275 0.000000000000000e+00
-7.73974 0.000000000000000e+00
-7.72673 0.000000000000000e+00
-7.71371 0.000000000000000e+00
-7.70070 0.000000000000000e+00
-7.68769 0.000000000000000e+00
-7.67467 0.000000000000000e+00
-7.66166 0.000000000000000e+00
-7.64865 0.000000000000000e+00
-7.63564 0.000000000000000e+00
-7.62262 0.000000000000000e+00
-7.60961 0.000000000000000e+00
-7.59660 0.000000000000000e+00
-7.58358 0.000000000000000e+00
-7.57057 0.000000000000000e+00
-7.55756 0.000000000000000e+00
-7.54454 0.000000000000000e+00
-7.53153 0.000000000000000e+00
-7.51852 0.000000000000000e+00
-7.50551 0.000000000000000e+00
-7.49249 0.000000000000000e+00
-7.47948 0.000000000000000e+00
-7.46647 0.000000000000000e+00
-7.45345 0.000000000000000e+00
-7.44044 0.000000000000000e+00
-7.42743 0.000000000000000e+00
-7.41441 0.000000000000000e+00
-7.40140 0.000000000000000e+00
-7.38839 0.000000000000000e+00
-7.37538 0.000000000000000e+00
-7.36236 0.000000000000000e+00
-7.34935 0.000000000000000e+00
-7.33634 0.000000000000000e+00
-7.32332 0.000000000000000e+00
-7.31031 0.000000000000000e+00
-7.29730 0.000000000000000e+00
-7.28428 0.000000000000000e+00
-7.27127 0.000000000000000e+00
-7.25826 0.000000000000000e+00
-7.24525 0.000000000000000e+00
-7.23223 0.000000000000000e+00
-7.21922 0.000000000000000e+00
-7.20621 0.000000000000000e+00
-7.19319 0.000000000000000e+00
-7.18018 0.000000000000000e+00
-7.16717 0.000000000000000e+00
-7.15415 0.000000000000000e+00
-7.14114 0.000000000000000e+00
-7.12813 0.000000000000000e+00
-7.11512 0.000000000000000e+00
-7.10210 0.000000000000000e+00
-7.08909 0.000000000000000e+00
-7.07608 0.000000000000000e+00
-7.06306 0.000000000000000e+00
-7.05005 0.000000000000000e+00
-7.03704 0.000000000000000e+00
-7.02402 0.000000000000000e+00
-7.01101 0.000000000000000e+00
-6.99800 0.000000000000000e+00
-6.98498 0.000000000000000e+00
-6.97197 0.000000000000000e+00
-6.95896 0.000000000000000e+00
-6.94595 0.000000000000000e+00
-6.93293 0.000000000000000e+00
-6.91992 0.000000000000000e+00
-6.90691 0.000000000000000e+00
-6.89389 0.000000000000000e+00
-6.88088 0.000000000000000e+00
-6.86787 0.000000000000000e+00
-6.85485 0.000000000000000e+00
-6.84184 0.000000000000000e+00
-6.82883 0.000000000000000e+00
-6.81582 0.000000000000000e+00
-6.80280 0.000000000000000e+00
-6.78979 0.000000000000000e+00
-6.77678 0.000000000000000e+00
-6.76376 0.000000000000000e+00
-6.75075 0.000000000000000e+00
-6.73774 0.000000000000000e+00
-6.72472 0.000000000000000e+00
-6.71171 0.000000000000000e+00
-6.69870 0.000000000000000e+00
-6.68569 0.000000000000000e+00
-6.67267 0.000000000000000e+00
-6.65966 0.000000000000000e+00
-6.64665 0.000000000000000e+00
-6.63363 0.000000000000000e+00
-6.62062 0.000000000000000e+00
-6.60761 0.000000000000000e+00
-6.59459 0.000000000000000e+00
-6.58158 0.000000000000000e+00
-6.56857 0.000000000000000e+00
-6.55556 0.000000000000000e+00
-6.54254 0.000000000000000e+00
-6.52953 0.000000000000000e+00
-6.51652 0.000000000000000e+00
-6.50350 0.000000000000000e+00
-6.49049 0.000000000000000e+00
-6.47748 0.000000000000000e+00
-6.46446 0.000000000000000e+00
-6.45145 0.000000000000000e+00
-6.43844 0.000000000000000e+00
-6.42543 0.000000000000000e+00
-6.41241 0.000000000000000e+00
-6.39940 0.000000000000000e+00
-6.38639 0.000000000000000e+00
-6.37337 0.000000000000000e+00
-6.36036 0.000000000000000e+00
-6.34735 0.000000000000000e+00
-6.33433 0.000000000000000e+00
-6.32132 0.000000000000000e+00
-6.30831 0.000000000000000e+00
-6.29530 0.000000000000000e+00
-6.28228 0.000000000000000e+00
-6.26927 0.000000000000000e+00
-6.25626 0.000000000000000e+00
-6.24324 0.000000000000000e+00
-6.23023 0.000000000000000e+00
-6.21722 0.000000000000000e+00
-6.20420 0.000000000000000e+00
-6.19119 0.000000000000000e+00
-6.17818 0.000000000000000e+00
-6.16517 0.000000000000000e+00
-6.15215 0.000000000000000e+00
-6.13914 9.881312916824931e-324
-6.12613 6.521666525104454e-322
-6.11311 4.980675775725606e-320
-6.10010 3.750229988040274e-318
-6.08709 2.789509853641570e-316
-6.07407 2.049666388200312e-314
-6.06106 1.487670763204513e-312
-6.04805 1.066553672955937e-310
-6.03504 7.552581098106787e-309
-6.02202 5.282385782101194e-307
-6.00901 3.648991034485521e-305
-5.99600 2.489488039487936e-303
-5.98298 1.677370993214691e-301
-5.96997 1.116138196845220e-299
-5.95696 7.334409050425085e-298
-5.94394 4.759482887268400e-296
-5.93093 3.049942582170989e-294
-5.91792 1.929972619112330e-292
-5.90490 1.205949469064070e-290
-5.89189 7.440754356399413e-289
-5.87888 4.533218318278469e-287
-5.86587 2.727033734541178e-285
-5.85285 1.619800189155468e-283
-5.83984 9.499761988103836e-282
-5.82683 5.500954359901727e-280
-5.81381 3.145078424391157e-278
-5.80080 1.775364311563111e-276
-5.78779 9.894659511294908e-275
-5.77477 5.444609108419513e-273
-5.76176 2.957879421740251e-271
-5.74875 1.586491872108996e-269
-5.73574 8.401074748237104e-268
-5.72272 4.392054291767292e-266
-5.70971 2.266902732245040e-264
-5.69670 1.155120023827954e-262
-5.68368 5.810952096397290e-261
-5.67067 2.885961598330285e-259
-5.65766 1.414992598635382e-257
-5.64464 6.849133432312698e-256
-5.63163 3.272898651897645e-254
-5.61862 1.543983813057096e-252
-5.60561 7.190583107624901e-251
-5.59259 3.305938097987338e-249
-5.57958 1.500488761637648e-247
-5.56657 6.723207223380990e-246
-5.55355 2.973886401309105e-244
-5.54054 1.298598473152529e-242
-5.52753 5.597919367449380e-241
-5.51451 2.382200536180928e-239
-5.50150 1.000757146261962e-237
-5.48849 4.150272717557929e-236
-5.47548 1.699108246155779e-234
-5.46246 6.866903229463179e-233
-5.44945 2.739651541922495e-231
-5.43644 1.079004766550595e-229
-5.42342 4.195118186436702e-228
-5.41041 1.610115606096575e-226
-5.39740 6.100440673627716e-225
-5.38438 2.281686427419898e-223
-5.37137 8.424432745925594e-222
-5.35836 3.070539780029985e-220
-5.34535 1.104784499640095e-218
-5.33233 3.923996994314521e-217
-5.31932 1.375838656633492e-215
-5.30631 4.762046430145742e-214
-5.29329 1.627071270405669e-212
-5.28028 5.487896911173943e-211
-5.26727 1.827222092773201e-209
-5.25425 6.005682753111171e-208
-5.24124 1.948582269312187e-206
-5.22823 6.241084885223203e-205
-5.21522 1.973268163367863e-203
-5.20220 6.158805884713040e-202
-5.18919 1.897540431142496e-200
-5.17618 5.771243774136952e-199
-5.16316 1.732732083157480e-197
-5.15015 5.135429881625516e-196
-5.13714 1.502468464177575e-194
-5.12412 4.339272245544229e-193
-5.11111 1.237118247839473e-191
-5.09810 3.481674189883067e-190
-5.08509 9.672694556572526e-189
-5.07207 2.652705818516474e-187
-5.05906 7.181461305578250e-186
-5.04605 1.919192488629111e-184
-5.03303 5.062978533802051e-183
-5.02002 1.318485474419559e-181
-5.00701 3.389426378875825e-180
-4.99399 8.601189944450996e-179
-4.98098 2.154627715127033e-177
-4.96797 5.328036768774873e-176
-4.95495 1.300598821014544e-174
-4.94194 3.134011450007640e-173
-4.92893 7.454848041507186e-172
-4.91592 1.750483105384814e-170
-4.90290 4.057493999119035e-169
-4.88989 9.284074350153744e-168
-4.87688 2.097007698458378e-166
-4.86386 4.675650767650941e-165
-4.85085 1.029116803355481e-163
-4.83784 2.235979293242788e-162
-4.82482 4.795692555168127e-161
-4.81181 1.015348856789578e-159
-4.79880 2.122069382969949e-158
-4.78579 4.378084821251796e-157
-4.77277 8.916389146431587e-156
-4.75976 1.792561505869116e-154
-4.74675 3.557453932320931e-153
-4.73373 6.969227351238622e-152
-4.72072 1.347752269466168e-150
-4.70771 2.572856523351196e-149
-4.69469 4.848429539319356e-148
-4.68168 9.019170588430491e-147
-4.66867 1.656197316071406e-145
-4.65566 3.002185243883800e-144
-4.64264 5.372084098713186e-143
-4.62963 9.489165067718412e-142
-4.61662 1.654600143124429e-140
-4.60360 2.847986643611982e-139
-4.59059 4.839078324822692e-138
-4.57758 8.116469238131823e-137
-4.56456 1.343851915646447e-135
-4.55155 2.196420235570628e-134
-4.53854 3.543718319922855e-133
-4.52553 5.643943671151960e-132
-4.51251 8.873314019089375e-131
-4.49950 1.377110279403886e-129
-4.48649 2.109751301280346e-128
-4.47347 3.190608131954665e-127
-4.46046 4.763161647556493e-126
-4.44745 7.019348573124869e-125
-4.43443 1.021122683561516e-123
-4.42142 1.466353407997703e-122
-4.40841 2.078638594619746e-121
-4.39540 2.908699900332477e-120
-4.38238 4.017893604874066e-119
-4.36937 5.478700091534846e-118
-4.35636 7.374561368946951e-117
-4.34334 9.798834559082013e-116
-4.33033 1.285263619651710e-114
-4.31732 1.664138839401270e-113
-4.30430 2.126994888426228e-112
-4.29129 2.683631485401558e-111
-4.27828 3.342403286974953e-110
-4.26527 4.109361581162433e-109
-4.25225 4.987344815988506e-108
-4.23924 5.975083313696829e-107
-4.22623 7.066397500280000e-106
-4.21321 8.249577186698164e-105
-4.20020 9.507029570753027e-104
-4.18719 1.081527402618201e-102
-4.17417 1.214534177121635e-101
-4.16116 1.346360883769294e-100
-4.14815 1.473305350737450e-99
-4.13514 1.591488800605403e-98
-4.12212 1.697047323709081e-97
-4.10911 1.786338968038390e-96
-4.09610 1.856151208702177e-95
-4.08308 1.903892417580215e-94
-4.07007 1.927751455585088e-93
-4.05706 1.926811693804672e-92
-4.04404 1.901109457206986e-91
-4.03103 1.851631696142763e-90
-4.01802 1.780253093611637e-89
-4.00501 1.689618195209309e-88
-3.99199 1.582978892233770e-87
-3.97898 1.464001172966229e-86
-3.96597 1.336557117204217e-85
-3.95295 1.204518482456573e-84
-3.93994 1.071566970731530e-83
-3.92693 9.410336231716713e-83
-3.91391 8.157761662539459e-82
-3.90090 6.980990124675827e-81
-3.88789 5.897164973501828e-80
-3.87487 4.917562562392961e-79
-3.86186 4.047967448767398e-78
-3.84885 3.289309885486353e-77
-3.83584 2.638477616659611e-76
-3.82282 2.089214809489753e-75
-3.80981 1.633029683220004e-74
-3.79680 1.260046709548022e-73
-3.78378 9.597566174554543e-73
-3.77077 7.216354518957863e-72
-3.75776 5.356206408735874e-71
-3.74474 3.924460230463511e-70
-3.73173 2.838483001239944e-69
-3.71872 2.026641974329916e-68
-3.70571 1.428409926706306e-67
-3.69269 9.938357096578991e-67
-3.67968 6.825951191737874e-66
-3.66667 4.628067248430045e-65
-3.65365 3.097599335312072e-64
-3.64064 2.046639154629682e-63
-3.62763 1.334901739787746e-62
-3.61461 8.595101889058916e-62
-3.60160 5.463216486534940e-61
-3.58859 3.428022175127326e-60
-3.57558 2.123435684701671e-59
-3.56256 1.298487023361244e-58
-3.54955 7.838666496125594e-58
-3.53654 4.671498803980144e-57
-3.52352 2.748422992634830e-56
-3.51051 1.596351031651183e-55
-3.49750 9.153672937549244e-55
-3.48448 5.181908410137188e-54
-3.47147 2.896123987142812e-53
-3.45846 1.598026521214302e-52
-3.44545 8.705570899503748e-52
-3.43243 4.682360243189036e-51
-3.41942 2.486540850292603e-50
-3.40641 1.303767199119203e-49
-3.39339 6.749805139154818e-49
-3.38038 3.450539511988682e-48
-3.36737 1.741866001449337e-47
-3.35435 8.684031724047729e-47
-3.34134 4.276559276482561e-46
-3.32833 2.081158864306794e-45
-3.31532 1.001602110843689e-44
-3.30230 4.774698474235397e-44
-3.28929 2.261495901902467e-43
-3.27628 1.070512282085150e-42
-3.26326 5.118220423871216e-42
-3.25025 2.514652039956927e-41
-3.23724 1.300285217348375e-40
-3.22422 7.250877370926398e-40
-3.21121 4.415110600703201e-39
-3.19820 2.911038792262492e-38
-3.18519 2.028299709404747e-37
-3.17217 1.453087036120038e-36
-3.15916 1.047372401547246e-35
-3.14615 7.488083902869442e-35
-3.13313 5.265301771352986e-34
-3.12012 3.623947780444368e-33
-3.10711 2.435006360425314e-32
-3.09409 1.594962756058086e-31
-3.08108 1.017635157985912e-30
-3.06807 6.321813842682222e-30
-3.05506 3.823008604620651e-29
-3.04204 2.250301791782319e-28
-3.02903 1.289254401951880e-27
-3.01602 7.189717762595835e-27
-3.00300 3.902935063689103e-26
-2.98999 2.062643870106468e-25
-2.97698 1.061387988662847e-24
-2.96396 5.318903096356042e-24
-2.95095 2.596378251538639e-23
-2.93794 1.234901717965445e-22
-2.92492 5.724767045414722e-22
-2.91191 2.587671244169108e-21
-2.89890 1.140966484571876e-20
-2.88589 4.909704180494726e-20
-2.87287 2.062897564293136e-19
-2.85986 8.467777477025178e-19
-2.84685 3.397497381539971e-18
-2.83383 1.333099428039544e-17
-2.82082 5.117637560936750e-17
-2.80781 1.922782763512908e-16
-2.79479 7.071999474543844e-16
-2.78178 2.546479869724884e-15
-2.76877 8.976142588979984e-15
-2.75576 3.096600987402377e-14
-2.74274 1.045090209086679e-13
-2.72973 3.448757174728393e-13
-2.71672 1.112065410918133e-12
-2.70370 3.501382421035886e-12
-2.69069 1.075597819575446e-11
-2.67768 3.221143679051345e-11
-2.66466 9.396539692927616e-11
-2.65165 2.667955584272145e-10
-2.63864 7.367336800314726e-10
-2.62563 1.977198859189407e-09
-2.61261 5.153556149858995e-09
-2.59960 1.303816954589602e-08
-2.58659 3.199995563250967e-08
-2.57357 7.615878728331082e-08
-2.56056 1.757129057838063e-07
-2.54755 3.929694149641605e-07
-2.53453 8.520394651068885e-07
-2.52152 1.792019092753558e-06
-2.50851 3.659890699752805e-06
-2.49550 7.271129991699896e-06
-2.48248 1.408958882141125e-05
-2.46947 2.672601346727815e-05
-2.45646 4.984116691837963e-05
-2.44344 9.175756601462700e-05
-2.43043 1.671435603939530e-04
-2.41742 3.008967537184026e-04
-2.40440 5.325322660551851e-04
-2.39139 9.192851676277546e-04
-2.37838 1.537245557126761e-03
-2.36537 2.488542146877749e-03
-2.35235 3.936815145466213e-03
-2.33934 6.172231651406936e-03
-2.32633 9.590605688596831e-03
-2.31331 1.439288457863839e-02
-2.30030 2.016434107741523e-02
-2.28729 2.604537492563257e-02
-2.27427 3.169071126187275e-02
-2.26126 3.784099707420575e-02
-2.24825 4.565479497811552e-02
-2.23524 5.598936396953096e-02
-2.22222 7.015753972833809e-02
-2.20921 9.119933005999503e-02
-2.19620 1.304370590447268e-01
-2.18318 1.635872607205233e-01
-2.17017 2.114544899035949e-01
-2.15716 2.428559643145297e-01
-2.14414 2.762112860229495e-01
-2.13113 2.236486649744136e-01
-2.11812 1.916431453222668e-01
-2.10511 1.745766806139908e-01
-2.09209 1.635258411725215e-01
-2.07908 1.568707829410000e-01
-2.06607 1.535310892434669e-01
-2.05305 1.523910245703054e-01
-2.04004 1.525183620439092e-01
-2.02703 1.532932122232164e-01
-2.01401 1.544044208916702e-01
-2.00100 1.557599136628200e-01
-1.98799 1.573798801625144e-01
-1.97497 1.593137825695556e-01
-1.96196 1.615902218088147e-01
-1.94895 1.641957323403350e-01
-1.93594 1.670755701393737e-01
-1.92292 1.701485376072425e-01
-1.90991 1.733273651357881e-01
-1.89690 1.765370175387228e-01
-1.88388 1.797258331038537e-01
-1.87087 1.828678127226555e-01
-1.85786 1.859574400510768e-01
-1.84484 1.890002897279326e-01
-1.83183 1.920031488670612e-01
-1.81882 1.949666926562983e-01
-1.80581 1.978823994656577e-01
-1.79279 2.007338739246056e-01
-1.77978 2.035014853629257e-01
-1.76677 2.061684867094906e-01
-1.75375 2.087266426080363e-01
-1.74074 2.111797911577859e-01
-1.72773 2.135445017319990e-01
-1.71471 2.158478317063882e-01
-1.70170 2.181229042549000e-01
-1.68869 2.204034726993641e-01
-1.67568 2.227187430446390e-01
-1.66266 2.250895249007764e-01
-1.64965 2.275263676239305e-01
-1.63664 2.300298393836721e-01
-1.62362 2.325926439140899e-01
-1.61061 2.352029347505114e-01
-1.59760 2.378480283389942e-01
-1.58458 2.405177398515364e-01
-1.57157 2.432067370515748e-01
-1.55856 2.459155733004633e-01
-1.54555 2.486503572145473e-01
-1.53253 2.514212840850594e-01
-1.51952 2.542404471985639e-01
-1.50651 2.571194393669521e-01
-1.49349 2.600672412490151e-01
-1.48048 2.630887877276928e-01
-1.46747 2.661844355995842e-01
-1.45445 2.693503620507771e-01
-1.44144 2.725797415790880e-01
-1.42843 2.758644111757005e-01
-1.41542 2.791966610012906e-01
-1.40240 2.825707884171463e-01
-1.38939 2.859841214474539e-01
-1.37638 2.894373364928746e-01
-1.36336 2.929340396924332e-01
-1.35035 2.964797241749832e-01
-1.33734 3.000803309904001e-01
-1.32432 3.037407104112177e-01
-1.31131 3.074632923290374e-01
-1.29830 3.112472298081185e-01
-1.28529 3.150881885334824e-01
-1.27227 3.189788346449280e-01
-1.25926 3.229099463774182e-01
-1.24625 3.268719635246058e-01
-1.23323 3.308567120278216e-01
-1.22022 3.348590113994662e-01
-1.20721 3.388778941875372e-01
-1.19419 3.429172344228165e-01
-1.18118 3.469856834151642e-01
-1.16817 3.510959285004056e-01
-1.15516 3.552634033140983e-01
-1.14214 3.595046680139966e-01
-1.12913 3.638357300236596e-01
-1.11612 3.682705823938715e-01
-1.10310 3.728201976592915e-01
-1.09009 3.774921376117281e-01
-1.07708 3.822908372985511e-01
-1.06406 3.872185118501438e-01
-1.05105 3.922765350056598e-01
-1.03804 3.974670639010188e-01
-1.02503 4.027946475331780e-01
-1.01201 4.082675635761288e-01
-0.99900 4.138986819422543e-01
-0.98599 4.197057485513583e-01
-0.97297 4.257111036413899e-01
-0.95996 4.319409674519338e-01
-0.94695 4.384245055415690e-01
-0.93393 4.451928964779474e-01
-0.92092 4.522785676400163e-01
-0.90791 4.597146917242223e-01
-0.89489 4.675350346454221e-01
-0.88188 4.757743759168454e-01
-0.86887 4.844699376277194e-01
-0.85586 4.936643859928446e-01
-0.84284 5.034108465639200e-01
-0.82983 5.137800580707622e-01
-0.81682 5.248695285333206e-01
-0.80380 5.368141620991438e-01
-0.79079 5.497962503846114e-01
-0.77778 5.640512623191648e-01
-0.76476 5.798789945731648e-01
-0.75175 5.977452151397055e-01
-0.73874 6.187290515912480e-01
-0.72573 6.452401606705791e-01
-0.71271 6.795242591964225e-01
-0.69970 7.174705228267658e-01
-0.68669 7.472192344768751e-01
-0.67367 7.603749392127108e-01
-0.66066 7.587431620236147e-01
-0.64765 7.501758236484293e-01
-0.63463 7.424962579847947e-01
-0.62162 7.382869798497531e-01
-0.60861 7.358070623269261e-01
-0.59560 7.334836143680713e-01
-0.58258 7.312195412945161e-01
-0.56957 7.293064653228747e-01
-0.55656 7.276720485096897e-01
-0.54354 7.259876016533499e-01
-0.53053 7.240832373027057e-01
-0.51752 7.221225177955553e-01
-0.50450 7.204208183698531e-01
-0.49149 7.191693659424476e-01
-0.47848 7.183392228554339e-01
-0.46547 7.177946837446714e-01
-0.45245 7.174524539884246e-01
-0.43944 7.173342077842708e-01
-0.42643 7.174964691918480e-01
-0.41341 7.179305291134436e-01
-0.40040 7.185293684957303e-01
-0.38739 7.191449970284254e-01
-0.37437 7.196836742931314e-01
-0.36136 7.201656607948287e-01
-0.34835 7.207146085062758e-01
-0.33534 7.214985645864850e-01
-0.32232 7.226721987073711e-01
-0.30931 7.243513305935460e-01
-0.29630 7.266095497375445e-01
-0.28328 7.294641664754818e-01
-0.27027 7.328392649363555e-01
-0.25726 7.365429722636930e-01
-0.24424 7.403286846730958e-01
-0.23123 7.440797784145150e-01
-0.21822 7.480526106944425e-01
-0.20521 7.529810594976037e-01
-0.19219 7.598027629074440e-01
-0.17918 7.689609940282481e-01
-0.16617 7.797097984751562e-01
-0.15315 7.903070531290720e-01
-0.14014 7.997667909336096e-01
-0.12713 8.105737406918586e-01
-0.11411 8.298249933430768e-01
-0.10110 8.644893145338243e-01
-0.08809 9.091092979872580e-01
-0.07508 9.410574785490490e-01
-0.06206 9.516150933716803e-01
-0.04905 1.277735371263286e+00
-0.03604 9.964339662232627e-01
-0.02302 7.323816471501295e-01
-0.01001 4.643521118244486e-01
0.00300 1.962127427385468e-01
0.01602 7.549413701522138e-02
0.02903 2.642745811735934e-02
0.04204 9.314368394182105e-03
0.05506 3.568984879169952e-03
0.06807 1.457228781457418e-03
0.08108 6.093585200379607e-04
0.09409 2.554657075078655e-04
0.10711 1.066063125826755e-04
0.12012 4.424166748318064e-05
0.13313 1.828229606748950e-05
0.14615 7.534921562423880e-06
0.15916 3.100607895992118e-06
0.17217 1.274114693712733e-06
0.18519 5.224169630475858e-07
0.19820 2.134037010593316e-07
0.21121 8.668086939525360e-08
0.22422 3.494066758995594e-08
0.23724 1.395350573581127e-08
0.25025 5.513286353114457e-09
0.26326 2.153458378766062e-09
0.27628 8.311234958184734e-10
0.28929 3.169236335859194e-10
0.30230 1.194205877523159e-10
0.31532 4.448367778083130e-11
0.32833 1.638841811862095e-11
0.34134 5.974992216517871e-12
0.35435 2.157047346125258e-12
0.36737 7.715278411567258e-13
0.38038 2.735477659043168e-13
0.39339 9.617953479469533e-14
0.40641 3.354484163095509e-14
0.41942 1.160723041065062e-14
0.43243 3.984701522776173e-15
0.44545 1.356977144596117e-15
0.45846 4.583013265243262e-16
0.47147 1.534547849730091e-16
0.48448 5.091870845057761e-17
0.49750 1.673550443495225e-17
0.51051 5.445691320040203e-18
0.52352 1.753516603302766e-18
0.53654 5.584819113450586e-19
0.54955 1.758598023837029e-19
0.56256 5.472915096927823e-20
0.57558 1.682771686726576e-20
0.58859 5.110582465309967e-21
0.60160 1.532723316616633e-21
0.61461 4.538784369525674e-22
0.62763 1.326955031659873e-22
0.64064 3.829971524553217e-23
0.65365 1.091344651326601e-23
0.66667 3.070304745486326e-24
0.67968 8.529066738160750e-25
0.69269 2.339860269518047e-25
0.70571 6.340664712268128e-26
0.71872 1.697633186800563e-26
0.73173 4.492043121562969e-27
0.74474 1.175113665855691e-27
0.75776 3.040278573830251e-28
0.77077 7.782529560782890e-29
0.78378 1.971924734531937e-29
0.79680 4.947872167229238e-30
0.80981 1.229999887487236e-30
0.82282 3.030734128664718e-31
0.83584 7.405184587820576e-32
0.84885 1.794910858362429e-32
0.86186 4.317378941356486e-33
0.87487 1.030837945793967e-33
0.88789 2.443668355633082e-34
0.90090 5.752105326469075e-35
0.91391 1.344484501488660e-35
0.92693 3.120340439971729e-36
0.93994 7.189552816287185e-37
0.95295 1.644224447759670e-37
0.96597 3.731393391675215e-38
0.97898 8.402860331003821e-39
0.99199 1.883076657713062e-39
1.00501 4.333987166652940e-40
1.01802 1.326783691010603e-40
1.03103 1.132395300079909e-40
1.04404 2.130819629084054e-40
1.05706 4.660554981515003e-40
1.07007 1.033246646305106e-39
1.08308 2.287623769121359e-39
1.09610 5.050563168244540e-39
1.10911 1.111722881400743e-38
1.12212 2.439702037849987e-38
1.13514 5.337633683325571e-38
1.14815 1.164185764231541e-37
1.16116 2.531327047102045e-37
1.17417 5.486793479817975e-37
1.18719 1.185567335817553e-36
1.20020 2.553670598890223e-36
1.21321 5.483138355867206e-36
1.22623 1.173585281932380e-35
1.23924 2.503902590121766e-35
1.25225 5.325181887233523e-35
1.26527 1.128920312975107e-34
1.27828 2.385624891572945e-34
1.29129 5.025159337025578e-34
1.30430 1.055129190375998e-33
1.31732 2.208357407117017e-33
1.33033 4.607244454121806e-33
1.34334 9.581245506244090e-33
1.35636 1.986152130903290e-32
1.36937 4.104064835115265e-32
1.38238 8.453346819287817e-32
1.39540 1.735632551048791e-31
1.40841 3.552250369487075e-31
1.42142 7.247166814478625e-31
1.43443 1.473853158887697e-30
1.44745 2.987885198091602e-30
1.46046 6.038093921424613e-30
1.47347 1.216367112285056e-29
1.48649 2.442648207226526e-29
1.49950 4.889801487053598e-29
1.51251 9.757940438728081e-29
1.52553 1.941173138002537e-28
1.53854 3.849568532976550e-28
1.55155 7.610338109385528e-28
1.56456 1.499831048276627e-27
1.57758 2.946656641578879e-27
1.59059 5.771221994251051e-27
1.60360 1.126832256816359e-26
1.61662 2.193340911567906e-26
1.62963 4.256086801230899e-26
1.64264 8.233307561950554e-26
1.65566 1.587814500813988e-25
1.66867 3.052732729197864e-25
1.68168 5.851179753474466e-25
1.69469 1.118061799259941e-24
1.70771 2.129894103885896e-24
1.72072 4.045034548252586e-24
1.73373 7.658800496746224e-24
1.74675 1.445692603276947e-23
1.75976 2.720635451497159e-23
1.77277 5.104422313371701e-23
1.78579 9.547892638816362e-23
1.79880 1.780558158078072e-22
1.81181 3.310516463417256e-22
1.82482 6.136627769813521e-22
1.83784 1.134127844463297e-21
1.85085 2.089760502770011e-21
1.86386 3.839173164994130e-21
1.87688 7.032186154427603e-21
1.88989 1.284279963671298e-20
1.90290 2.338575746897664e-20
1.91592 4.245919827928955e-20
1.92893 7.686481280968345e-20
1.94194 1.387478551226378e-19
1.95495 2.497331062650797e-19
1.96797 4.482147268521147e-19
1.98098 8.021695977063498e-19
1.99399 1.431618243353579e-18
2.00701 2.547892596048370e-18
2.02002 4.522107752176490e-18
2.03303 8.004252860959897e-18
2.04605 1.412980712642722e-17
2.05906 2.487733830889627e-17
2.07207 4.368595431456834e-17
2.08509 7.651899483836778e-17
2.09810 1.336924051775910e-16
2.11111 2.330107777699757e-16
2.12412 4.051351649172356e-16
2.13714 7.027525111128544e-16
2.15015 1.216208827164207e-15
2.16316 2.100112793369555e-15
2.17618 3.618526535697115e-15
2.18919 6.221595969037964e-15
2.20220 1.067527371492482e-14
2.21522 1.828055835775699e-14
2.22823 3.124342763762480e-14
2.24124 5.329806498932953e-14
2.25425 9.075518640324399e-14
2.26727 1.542627263591261e-13
2.28028 2.617584278948312e-13
2.29329 4.434136009286561e-13
2.30631 7.498979856213175e-13
2.31932 1.266174848750281e-12
2.33233 2.134489207636141e-12
2.34535 3.592610990118581e-12
2.35836 6.037344934838053e-12
2.37137 1.012980829677270e-11
2.38438 1.696961317404449e-11
2.39740 2.838247938381085e-11
2.41041 4.739416271705985e-11
2.42342 7.900971244207838e-11
2.43644 1.314919068525305e-10
2.44945 2.184537893041107e-10
2.46246 3.622755601165260e-10
2.47548 5.996703027593049e-10
2.48849 9.907269664271318e-10
2.50150 1.633564666870624e-09
2.51451 2.688016001274345e-09
2.52753 4.413795109021722e-09
2.54054 7.231830240745241e-09
2.55355 1.182252202546622e-08
2.56657 1.928266878008010e-08
2.57958 3.137529097535785e-08
2.59259 5.092608143352315e-08
2.60561 8.245056287818302e-08
2.61862 1.331432208463604e-07
2.63163 2.144331409668039e-07
2.64464 3.444242946854794e-07
2.65766 5.517145224219197e-07
2.67067 8.813588177315717e-07
2.68368 1.404159746351728e-06
2.69670 2.231104626215375e-06
2.70971 3.535733524966595e-06
2.72272 5.588673470781515e-06
2.73574 8.810756220284257e-06
2.74875 1.385444863077494e-05
2.76176 2.172846811734702e-05
2.77477 3.398870624812099e-05
2.78779 5.303218688261469e-05
2.80080 8.255330080576339e-05
2.81381 1.282575547409097e-04
2.82683 1.989810206742443e-04
2.83984 3.084311246606266e-04
2.85285 4.778342738996295e-04
2.86587 7.398478361202098e-04
2.87888 1.144307412815048e-03
2.89189 1.767400503007121e-03
2.90490 2.729430487225907e-03
2.91792 4.234310093495403e-03
2.93093 6.651066775894028e-03
2.94394 1.063968646327093e-02
2.95696 1.725783472127406e-02
2.96997 2.793464070460409e-02
2.98298 4.421782050108299e-02
2.99600 6.691790941185861e-02
3.00901 9.398987467514240e-02
3.02202 1.190404540891427e-01
3.03504 1.352853288836741e-01
3.04805 1.425562934379595e-01
3.06106 1.470985222918983e-01
3.07407 1.543709789371837e-01
3.08709 1.650959799259028e-01
3.10010 1.771780819472565e-01
3.11311 1.886035481289633e-01
3.12613 1.985166071648577e-01
3.13914 2.070431308930281e-01
3.15215 2.148522046677754e-01
3.16517 2.227878480610967e-01
3.17818 2.316209346315319e-01
3.19119 2.419489020433745e-01
3.20420 2.542221396709586e-01
3.21722 2.688399674220381e-01
3.23023 2.866648102313966e-01
3.24324 3.123430619429433e-01
3.25626 3.544299789085075e-01
3.26927 3.971205601753589e-01
3.28228 4.202857410128208e-01
3.29530 4.422395798579635e-01
3.30831 4.703146091357865e-01
3.32132 5.007789002191720e-01
3.33433 5.304208445408608e-01
3.34735 5.583321599195220e-01
3.36036 5.869636547662872e-01
3.37337 6.188335654866914e-01
3.38639 6.542163988762483e-01
3.39940 6.921619945383551e-01
3.41241 7.324569173524427e-01
3.42543 7.761615594803976e-01
3.43844 8.248334870065234e-01
3.45145 8.800968197190034e-01
3.46446 9.450406599278669e-01
3.47748 1.028444019435547e+00
3.49049 1.146111591653577e+00
3.50350 1.298892804688031e+00
3.51652 1.447038928538054e+00
3.52953 1.538204046173955e+00
3.54254 1.566007379396364e+00
3.55556 1.590763454832656e+00
3.56857 1.656210266670113e+00
3.58158 1.690354806619639e+00
3.59459 1.861059985619367e+00
3.60761 1.323789875754323e+00
3.62062 1.123260055123146e+00
3.63363 1.002194626193413e+00
3.64665 9.112530365105078e-01
3.65966 8.401959657181999e-01
3.67267 7.835746870649896e-01
3.68569 7.380369846956677e-01
3.69870 7.006220354890293e-01
3.71171 6.684362523358002e-01
3.72472 6.395046099112747e-01
3.73774 6.129585437529307e-01
3.75075 5.886202021199500e-01
3.76376 5.665314513403356e-01
3.77678 5.466628995671953e-01
3.78979 5.288196955507463e-01
3.80280 5.126780968397535e-01
3.81582 4.978735395209772e-01
3.82883 4.840823465362709e-01
3.84184 4.710694397152477e-01
3.85485 4.586985659486244e-01
3.86787 4.469150885337492e-01
3.88088 4.357155245739004e-01
3.89389 4.251161112847059e-01
3.90691 4.151282257445388e-01
3.91992 4.057439185073884e-01
3.93293 3.969313679513725e-01
3.94595 3.886380159884134e-01
3.95896 3.807983253332592e-01
3.97197 3.733431621664564e-01
3.98498 3.662084105616325e-01
3.99800 3.593412735495254e-01
4.01101 3.527035843577681e-01
4.02402 3.462721851898821e-01
4.03704 3.400369445177096e-01
4.05005 3.339972541120012e-01
4.06306 3.281578988777638e-01
4.07608 3.225250806896779e-01
4.08909 3.171031677580684e-01
4.10210 3.118924957183830e-01
4.11512 3.068883144432535e-01
4.12813 3.020807871902474e-01
4.14114 2.974558212198341e-01
4.15415 2.929964432134345e-01
4.16717 2.886844213300649e-01
4.18018 2.845018660938300e-01
4.19319 2.804326001716345e-01
4.20621 2.764631586051729e-01
4.21922 2.725833542696121e-01
4.23223 2.687864090693122e-01
4.24525 2.650687035421597e-01
4.25826 2.614292330101745e-01
4.27127 2.578688766873262e-01
4.28428 2.543895888005390e-01
4.29730 2.509936107675438e-01
4.31031 2.476827845223206e-01
4.32332 2.444580230591828e-01
4.33634 2.413189687467547e-01
4.34935 2.382638458888177e-01
4.36236 2.352894935388240e-01
4.37538 2.323915490429921e-01
4.38839 2.295647427622789e-01
4.40140 2.268032598316450e-01
4.41441 2.241011250916103e-01
4.42743 2.214525715783255e-01
4.44044 2.188523601113979e-01
4.45345 2.162960264511965e-01
4.46647 2.137800421412246e-01
4.47948 2.113018845694540e-01
4.49249 2.088600202196362e-01
4.50551 2.064538119920599e-01
4.51852 2.040833665196685e-01
4.53153 2.017493404596036e-01
4.54454 1.994527258511083e-01
4.55756 1.971946339934063e-01
4.57057 1.949760952148932e-01
4.58358 1.927978887497528e-01
4.59660 1.906604131130498e-01
4.60961 1.885636032720991e-01
4.62262 1.865068969242153e-01
4.63564 1.844892486368705e-01
4.64865 1.825091877595730e-01
4.66166 1.805649140988791e-01
4.67467 1.786544245433090e-01
4.68769 1.767756643142336e-01
4.70070 1.749266985401170e-01
4.71371 1.731059038061793e-01
4.72673 1.713121859581704e-01
4.73974 1.695452410814867e-01
4.75275 1.678058935525468e-01
4.76577 1.660965720668239e-01
4.77878 1.644220268915740e-01
4.79179 1.627904556665348e-01
4.80480 1.612152960085489e-01
4.81782 1.597180588483410e-01
4.83083 1.583326959915634e-01
4.84384 1.571120624369872e-01
4.85686 1.561369429009603e-01
4.86987 1.555277397190809e-01
4.88288 1.554584099604228e-01
4.89590 1.561734147478319e-01
4.90891 1.580192186579961e-01
4.92192 1.615393907541355e-01
4.93493 1.677336126086497e-01
4.94795 1.784565015086590e-01
4.96096 1.962941050877653e-01
4.97397 2.226934579199896e-01
4.98699 2.549399964471666e-01
5.00000 2.861701789033807e-01
