    -6.5174244538323     0.9865598565850
    -5.5046107126609     0.9812783775925
    -5.5046104506046     0.9812785730894
    -2.6467882460346     0.9870805656343
    -2.6466645837973     0.9870818077657
    -0.3837369872513     0.9859509576401
    -0.3837369872513     0.9859509576553
     0.6013452834785     0.9873956118768
     0.6013452834785     0.9873956119892
     0.6013459422391     0.9873956101007
     0.6013459422391     0.9873956101781
     2.5371203665612     0.9043919882196
     2.5372110976967     0.9043886996002
     2.5424521139185     0.0085197441418
     3.5189264646738     0.0856142773398
     3.5189268300173     0.0856142387957
     3.5496108764228     0.8507971919954
     3.5496108764228     0.8507971919804
     3.5496528441554     0.8507983296224
     3.5496528441554     0.8507983296391
     3.9022662619693     0.0000000000000
     4.9584151243432     0.0000000000000
     4.9584156614737     0.0000000000000
     5.7424847932323     0.0000000000000
     6.7908668353027     0.0000000000000
     6.7908676193762     0.0000000000000
     7.0141587868322     0.0844866552530
     7.0141799859265     0.0844829437106
     7.0759033925559     0.0108056211246
     7.0759033925559     0.0108056211198
     7.6235824634241     0.0020784555331
     7.8704073418966     0.3635453937341
     7.8704260157075     0.3635349046406
     8.1127008358620     0.0000000000000
     8.1127093332961     0.0000000000000
     8.1169638466204     0.0043346179050
     8.1169638466204     0.0043346178691
     8.1169647043642     0.0043346211951
     8.1169647043643     0.0043346212029
     8.5286628510938     0.1406280420615
     8.5286628510939     0.1406280422254
     8.5286639238295     0.1406297718406
     8.5286639238295     0.1406297720603
     9.8629614844462     0.4350182544116
     9.8629953889898     0.4350278488372
     9.8917048236692     0.0000000000000
     9.8917105356347     0.0000000000000
    11.2407287264828     0.0016883072211
    11.2407287264828     0.0016883071293
    11.2407519001583     0.0016886041142
    11.2407519001586     0.0016886042542
    11.3926019192167     0.0000000000000
    11.7451804558601     0.0009260703243
    11.7451873816098     0.0009259734223
    11.9037750508457     0.0015925364469
    12.2692054831823     0.0026389072317
    12.2692054831954     0.0026389072094
    12.4089196357189     0.0000000000000
    12.4089203048037     0.0000000000000
    12.5519827625732     0.0084136165274
    -6.5014442643083     0.9864748760252
    -5.7401294040074     0.9821284958396
    -5.2391971729944     0.9806736015007
    -3.0781320978282     0.9854713113806
    -2.2145143059826     0.9883301588866
    -0.3683097951788     0.9860684645079
    -0.3683097951788     0.9860684646189
     0.3705348848417     0.9883734466714
     0.3705348848417     0.9883734466387
     0.8629213268826     0.9850206048140
     0.8629213268826     0.9850206048190
     1.9721789473645     0.9443324994027
     2.5582312384233     0.0281068639258
     3.0753355961614     0.8892544761472
     3.0753355961614     0.8892544766369
     3.1194516511627     0.8331977659609
     3.2984714894373     0.1182076231284
     3.7571215440923     0.0500479703546
     3.9187769127106     0.0000000000000
     4.0522093609951     0.8084226729648
     4.0522093609951     0.8084226731713
     4.7109880411129     0.0000000000000
     5.2387381271039     0.0000000000000
     5.7588896276787     0.0000000000000
     6.5454667768240     0.0000000000000
     6.5794967225187     0.1491917712439
     7.0687111860645     0.0000000000000
     7.0921778617495     0.0106901460971
     7.0921778617496     0.0106901461077
     7.5010570099044     0.0484309796622
     7.5387891580739     0.6029299611158
     7.6063018236067     0.0000000000000
     7.6364496756495     0.0022366134698
     7.8095421388428     0.1803658253692
     7.8095421388428     0.1803658259124
     7.8729628637524     0.0056517192758
     7.8729628637525     0.0056517192804
     7.9954972860570     0.1665442181138
     8.3935049549040     0.0030302223956
     8.3935049549040     0.0030302224131
     8.6485876016289     0.0000000000000
     9.2811592873668     0.1046638330318
     9.2811592873669     0.1046638324142
     9.4004830656021     0.0000000000000
     9.7772304517744     0.2682006288563
    10.1672625176562     0.5441395723008
    10.4037756136233     0.0000000000000
    10.7364718347947     0.0006830848853
    10.7364718347948     0.0006830848953
    11.2841012741635     0.0023322783757
    11.4086179073629     0.0000000000000
    11.5617049485601     0.0067340129234
    11.7775890176394     0.0028177003359
    11.7775890176418     0.0028176998509
    11.8783649060355     0.0278262906247
    12.1726405013886     0.0000000000001
    12.2847918749922     0.0025896509686
    12.2847918752204     0.0025896510674
    12.6112540178934     0.0000000000003
    12.6746323827537     0.0000000000176
    -6.4535280954229     0.9861982177419
    -5.9452023092738     0.9831040999189
    -4.9444980706038     0.9804245041909
    -3.4965360800016     0.9838194470181
    -1.8071743856131     0.9888587372346
    -0.3220788676499     0.9864051054549
    -0.3220788676498     0.9864051054400
     0.1704549642622     0.9884824060715
     0.1704549642622     0.9884824059625
     1.1552277677573     0.9805370975058
     1.1552277677573     0.9805370979217
     1.4641437108684     0.9672755142899
     2.6055038412290     0.0727179709609
     2.6306281954920     0.9205281823296
     2.6306281954920     0.9205281825590
     3.1021619883982     0.1419774087690
     3.6743455285681     0.6991517049247
     3.9683085539936     0.0000000000000
     3.9989556823831     0.0217106314959
     4.4964936865617     0.0000000000000
     4.5793719230328     0.7734829202524
     4.5793719230328     0.7734829203118
     5.5519047946596     0.0000000000000
     5.8081039386868     0.0000000000000
     6.2293337025901     0.2726837199834
     6.3326165176454     0.0000000000000
     7.0567136391385     0.7757285992109
     7.1276822897838     0.2129427055532
     7.1276822897838     0.2129427054973
     7.1310200913215     0.0000000000000
     7.1409851443876     0.0103465060137
     7.1409851443877     0.0103465060359
     7.3788394204413     0.0000000000000
     7.6614955832011     0.0069054206804
     7.6614955832012     0.0069054207202
     7.6744138795436     0.0029737669546
     7.9780792774193     0.0680289491106
     8.0215600833467     0.0276050841422
     8.7025864666953     0.0018329932128
     8.7025864666953     0.0018329932300
     8.9357793324181     0.0000000000000
     9.2094370265683     0.0000000000000
     9.8861027849250     0.1486480217726
    10.0647880101502     0.0753499423313
    10.0647880101503     0.0753499423835
    10.2658005326600     0.0000551068806
    10.2658005326602     0.0000551068747
    10.5940697969685     0.5372056259347
    10.6462712423003     0.0037623445226
    10.9221273460420     0.0000000000000
    11.1688517631833     0.0148597549763
    11.4566596937603     0.0000000000000
    11.7955036109841     0.1002907822222
    11.9093830453464     0.0000000000000
    11.9667652690754     0.0000000000000
    12.3315106440685     0.0024452366628
    12.3315106441925     0.0024452368626
    12.3469595604384     0.0038382963324
    12.3469595606140     0.0038382923741
    12.8296260135294     0.0011875700161
    -6.3737805638424     0.9856983589949
    -6.1193891545344     0.9840883759080
    -4.6214322599603     0.9806110578134
    -3.8955078750347     0.9823632058508
    -1.4828438454072     0.9884941194763
    -0.2451095086855     0.9869161071178
    -0.2451095086855     0.9869161071465
     0.0011784897718     0.9881104266277
     0.0011784897718     0.9881104266728
     1.0773285567590     0.9797948326333
     1.4782449426400     0.9730274755675
     1.4782449426400     0.9730274754540
     2.2160426622830     0.9442826315839
     2.2160426622830     0.9442826316282
     2.6840621699766     0.1167258518743
     2.9332447880291     0.1521185423844
     4.0508545901705     0.0000000000000
     4.1137782788937     0.4506798414362
     4.2089896244441     0.0290755445162
     4.3149603633738     0.0000000000000
     5.1142872985765     0.7908428807991
     5.1142872985765     0.7908428805997
     5.8901078573922     0.0000000000000
     5.8978446276227     0.0000000000000
     6.0419761602306     0.5040715002440
     6.1524023396655     0.0000000000000
     6.4999091481564     0.1939345895797
     6.4999091481564     0.1939345895460
     6.5448120326555     0.8507532661440
     6.6876079982765     0.0000000000000
     7.2223153663771     0.0097812984829
     7.2223153663771     0.0097812984476
     7.4825725800782     0.0080369502704
     7.4825725800782     0.0080369502908
     7.7210320450849     0.0000000000000
     7.7353195520245     0.0052760042110
     7.9024009968082     0.0276569727933
     8.5001495523238     0.0000000000000
     8.5440759691421     0.0155271565691
     9.0442080350302     0.0008514428395
     9.0442080350302     0.0008514428349
     9.7758673426378     0.0000000000000
     9.8249481397327     0.0000098922768
     9.8249481397329     0.0000098922759
    10.0399069227876     0.0057049323811
    10.1164745938641     0.0831222924928
    10.7781405120411     0.0271465076186
    10.8825864334329     0.0527333120859
    10.8825864334330     0.0527333122104
    11.0242244304632     0.4528599100382
    11.2547195942601     0.0000000000000
    11.3973281011640     0.0000000000000
    11.5366280320068     0.0000000000000
    11.6370920854617     0.2066296395105
    11.7918985685022     0.0000000000000
    12.4093467398939     0.0022147944524
    12.4093467399198     0.0022147946264
    12.6072181923817     0.0245190069244
    12.6072181929590     0.0245189996027
    12.6584232765183     0.0015614884305
    -6.2623654620264     0.9849790009847
    -6.2623190915442     0.9849798814680
    -4.2713079432060     0.9812630629318
    -4.2712905689832     0.9812631733466
    -1.3494785383396     0.9880326448257
    -0.1373545792448     0.9875260784772
    -0.1373545792448     0.9875260785146
    -0.1373525626412     0.9875258836174
    -0.1373525626411     0.9875258835736
     0.9229407492361     0.9840257082846
     1.8318215886136     0.9613642675139
     1.8318215886136     0.9613642674404
     1.8318221608015     0.9613642351930
     1.8318221608016     0.9613642353129
     2.7935069210172     0.1444417211492
     2.7935371192435     0.1444429854053
     4.1664023716623     0.0000000000000
     4.1664153274309     0.0000000000000
     4.2953105014428     0.1564395652102
     4.2953137829848     0.1564403981994
     5.4773106700580     0.9841915091333
     5.4773106700581     0.9841915090944
     6.0048765230961     0.0000000000000
     6.0048921456828     0.0000000000000
     6.1060443596905     0.0000000000348
     6.1060443596906     0.0000000000348
     6.1490555992340     0.7703761582537
     6.1490574858353     0.7703753712709
     6.2764522970270     0.0000000000000
     6.2764549968406     0.0000000000000
     7.3361718583169     0.0090050740521
     7.3361718583169     0.0090050741140
     7.3361859608875     0.0090053114127
     7.3361859608875     0.0090053113940
     7.8145163062533     0.0115679236303
     7.8145318068336     0.0115695184146
     8.0949600213733     0.0000000000000
     8.0949613879731     0.0000000000000
     8.8690600386219     0.0100189093907
     9.4183319539944     0.0002003677529
     9.4183319539945     0.0002003677547
     9.4183374293993     0.0002003678810
     9.4183374293993     0.0002003678837
     9.6858952246857     0.0080642600180
    10.1542365791047     0.0000000000000
    10.4217659790098     0.0475161227886
    10.4217678516916     0.0475161478278
    10.8465535004096     0.0000000000000
    11.3818023911109     0.3320001157123
    11.3820062376523     0.3319520093212
    11.6369594156155     0.0000000000001
    11.6484313495413     0.0000000000003
    11.6484336468076     0.0000000000002
    11.7296165769007     0.0362792319004
    11.7296165769019     0.0362792309683
    11.7296167511371     0.0362792006446
    11.7296167511378     0.0362792000488
    12.5183194472113     0.0019130572488
    12.5183200325855     0.0019130794156
    12.5183216567640     0.0019131386616
    -6.3737805638424     0.9856983589920
    -6.1193891545344     0.9840883758976
    -4.6214322599603     0.9806110578539
    -3.8955078750346     0.9823632058594
    -1.4828438454072     0.9884941193821
    -0.2451095086855     0.9869161070556
    -0.2451095086855     0.9869161071064
     0.0011784897718     0.9881104266360
     0.0011784897718     0.9881104264554
     1.0773285567590     0.9797948328421
     1.4782449426400     0.9730274754797
     1.4782449426401     0.9730274756761
     2.2160426622830     0.9442826316335
     2.2160426622831     0.9442826317105
     2.6840621699766     0.1167258509574
     2.9332447880291     0.1521185424175
     4.0508545901705     0.0000000000000
     4.1137782788936     0.4506798413879
     4.2089896244441     0.0290755445919
     4.3149603633738     0.0000000000000
     5.1142872985765     0.7908428804321
     5.1142872985765     0.7908428803989
     5.8901078573922     0.0000000000000
     5.8978446276227     0.0000000000000
     6.0419761602306     0.5040715003138
     6.1524023396655     0.0000000000000
     6.4999091481563     0.1939345896560
     6.4999091481564     0.1939345898197
     6.5448120326555     0.8507532649919
     6.6876079982765     0.0000000000000
     7.2223153663771     0.0097812984408
     7.2223153663772     0.0097812984911
     7.4825725800782     0.0080369502727
     7.4825725800783     0.0080369503665
     7.7210320450849     0.0000000000000
     7.7353195520245     0.0052760042480
     7.9024009968082     0.0276569723541
     8.5001495523238     0.0000000000000
     8.5440759691422     0.0155271566209
     9.0442080350302     0.0008514428344
     9.0442080350302     0.0008514428325
     9.7758673426377     0.0000000000000
     9.8249481397327     0.0000098922765
     9.8249481397328     0.0000098922772
    10.0399069227877     0.0057049323089
    10.1164745938642     0.0831222933963
    10.7781405120412     0.0271465077625
    10.8825864334328     0.0527333121652
    10.8825864334330     0.0527333122039
    11.0242244304631     0.4528598766985
    11.2547195942600     0.0000000000000
    11.3973281011641     0.0000000000000
    11.5366280320070     0.0000000000000
    11.6370920854616     0.2066296057203
    11.7918985685018     0.0000000000000
    12.4093467398966     0.0022147946897
    12.4093467399389     0.0022147949492
    12.6072181923775     0.0245190067939
    12.6072181928587     0.0245190209956
    12.6584232763796     0.0015614857763
    -6.4535280954229     0.9861982177539
    -5.9452023092737     0.9831040999372
    -4.9444980706037     0.9804245042335
    -3.4965360800017     0.9838194470058
    -1.8071743856131     0.9888587372770
    -0.3220788676499     0.9864051054245
    -0.3220788676499     0.9864051055522
     0.1704549642623     0.9884824060932
     0.1704549642623     0.9884824060947
     1.1552277677573     0.9805370976737
     1.1552277677574     0.9805370976601
     1.4641437108684     0.9672755148462
     2.6055038412290     0.0727179713059
     2.6306281954920     0.9205281825616
     2.6306281954921     0.9205281828573
     3.1021619883982     0.1419774092461
     3.6743455285681     0.6991517049699
     3.9683085539937     0.0000000000000
     3.9989556823831     0.0217106315245
     4.4964936865617     0.0000000000000
     4.5793719230328     0.7734829202902
     4.5793719230328     0.7734829202892
     5.5519047946596     0.0000000000000
     5.8081039386868     0.0000000000000
     6.2293337025901     0.2726837199005
     6.3326165176454     0.0000000000000
     7.0567136391385     0.7757285986631
     7.1276822897838     0.2129427056801
     7.1276822897839     0.2129427055925
     7.1310200913215     0.0000000000000
     7.1409851443876     0.0103465060221
     7.1409851443877     0.0103465060188
     7.3788394204414     0.0000000000000
     7.6614955832012     0.0069054206772
     7.6614955832012     0.0069054207028
     7.6744138795436     0.0029737667329
     7.9780792774193     0.0680289493402
     8.0215600833468     0.0276050841034
     8.7025864666953     0.0018329932444
     8.7025864666953     0.0018329932312
     8.9357793324181     0.0000000000000
     9.2094370265683     0.0000000000000
     9.8861027849250     0.1486480207592
    10.0647880101502     0.0753499424611
    10.0647880101503     0.0753499419556
    10.2658005326601     0.0000551068947
    10.2658005326604     0.0000551068743
    10.5940697969684     0.5372056100270
    10.6462712423003     0.0037623447509
    10.9221273460415     0.0000000000000
    11.1688517631832     0.0148597559079
    11.4566596937556     0.0000000000000
    11.7955036109841     0.1002908079807
    11.9093830453411     0.0000000000000
    11.9667652690753     0.0000000000002
    12.3315106440781     0.0024452366283
    12.3315106441454     0.0024452368984
    12.3469595605026     0.0038382991401
    12.3469595605610     0.0038383001236
    12.8296260133286     0.0011875673620
    -6.5014442643084     0.9864748759237
    -5.7401294040074     0.9821284958551
    -5.2391971729944     0.9806736015012
    -3.0781320978282     0.9854713113854
    -2.2145143059826     0.9883301588631
    -0.3683097951789     0.9860684644652
    -0.3683097951788     0.9860684646048
     0.3705348848417     0.9883734467262
     0.3705348848417     0.9883734468099
     0.8629213268826     0.9850206046093
     0.8629213268826     0.9850206044596
     1.9721789473646     0.9443324994326
     2.5582312384233     0.0281068641854
     3.0753355961614     0.8892544762262
     3.0753355961614     0.8892544764786
     3.1194516511626     0.8331977657660
     3.2984714894373     0.1182076228888
     3.7571215440923     0.0500479701841
     3.9187769127106     0.0000000000000
     4.0522093609951     0.8084226730350
     4.0522093609951     0.8084226731059
     4.7109880411129     0.0000000000000
     5.2387381271039     0.0000000000000
     5.7588896276786     0.0000000000000
     6.5454667768240     0.0000000000000
     6.5794967225187     0.1491917713241
     7.0687111860645     0.0000000000000
     7.0921778617495     0.0106901461072
     7.0921778617496     0.0106901460974
     7.5010570099044     0.0484309796777
     7.5387891580739     0.6029299616769
     7.6063018236068     0.0000000000000
     7.6364496756496     0.0022366133555
     7.8095421388428     0.1803658257963
     7.8095421388429     0.1803658262544
     7.8729628637525     0.0056517193461
     7.8729628637526     0.0056517195488
     7.9954972860570     0.1665442181108
     8.3935049549041     0.0030302223839
     8.3935049549041     0.0030302224415
     8.6485876016289     0.0000000000000
     9.2811592873668     0.1046638328790
     9.2811592873669     0.1046638329013
     9.4004830656020     0.0000000000000
     9.7772304517744     0.2682006302259
    10.1672625176563     0.5441395755862
    10.4037756136234     0.0000000000000
    10.7364718347948     0.0006830848822
    10.7364718347950     0.0006830847921
    11.2841012741631     0.0023322783760
    11.4086179073636     0.0000000000000
    11.5617049485629     0.0067340165086
    11.7775890176403     0.0028177001766
    11.7775890176478     0.0028176988586
    11.8783649060355     0.0278262520413
    12.1726405016418     0.0000000000016
    12.2847918750011     0.0025896508769
    12.2847918750566     0.0025896507564
    12.6112540179329     0.0000000000005
    12.6746323822535     0.0000000000103
