-12.00000 3.600594686515118e-38
-11.98579 2.144629737200104e-37
-11.97157 1.270851301566614e-36
-11.95736 7.490832737165633e-36
-11.94314 4.391681509653293e-35
-11.92893 2.561035641468448e-34
-11.91471 1.485755867453971e-33
-11.90050 8.576826714066500e-33
-11.88629 4.928086871060809e-32
-11.87207 2.819260983038115e-31
-11.85786 1.606262864932588e-30
-11.84364 9.116038473529506e-30
-11.82943 5.153860543462062e-29
-11.81522 2.902394690420147e-28
-11.80100 1.627665128658359e-27
-11.78679 9.086140608535157e-27
-11.77257 5.046273362256896e-26
-11.75836 2.786662124603274e-25
-11.74414 1.529208939788939e-24
-11.72993 8.334735737661895e-24
-11.71572 4.510015650781120e-23
-11.70150 2.422129189358399e-22
-11.68729 1.290835302375455e-21
-11.67307 6.825840919861844e-21
-11.65886 3.581214291581219e-20
-11.64464 1.864134976391892e-19
-11.63043 9.626930821473346e-19
-11.61622 4.932571998829952e-18
-11.60200 2.507799892242375e-17
-11.58779 1.265544044463318e-16
-11.57357 6.342105580357819e-16
-11.55936 3.157905194546739e-15
-11.54515 1.562874313959984e-14
-11.53093 7.685601190987944e-14
-11.51672 3.750046695442959e-13
-11.50250 1.810403203527941e-12
-11.48829 8.614210867024526e-12
-11.47407 4.024441998872591e-11
-11.45986 1.842116461055004e-10
-11.44565 8.267629042925151e-10
-11.43143 3.649698565396890e-09
-11.41722 1.588324166067527e-08
-11.40300 6.800665805520721e-08
-11.38879 2.853748009260828e-07
-11.37457 1.172860950750003e-06
-11.36036 4.643114909695186e-06
-11.34615 1.652573836433866e-05
-11.33193 4.798749510638821e-05
-11.31772 1.075242580043417e-04
-11.30350 1.895229444013681e-04
-11.28929 2.839802701168618e-04
-11.27508 3.908191282990682e-04
-11.26086 5.094635909333053e-04
-11.24665 6.319555887148881e-04
-11.23243 7.533710126483710e-04
-11.21822 8.765969763149346e-04
-11.20400 1.006381814647525e-03
-11.18979 1.143565144414092e-03
-11.17558 1.285004816200831e-03
-11.16136 1.427097397411519e-03
-11.14715 1.568719172857666e-03
-11.13293 1.711392138092247e-03
-11.11872 1.857371137869655e-03
-11.10450 2.007678156799065e-03
-11.09029 2.161451982072628e-03
-11.07608 2.316629439312087e-03
-11.06186 2.471166187343255e-03
-11.04765 2.623992740711528e-03
-11.03343 2.775309242901092e-03
-11.01922 2.926249702109111e-03
-11.00501 3.078203569957983e-03
-10.99079 3.232146494737151e-03
-10.97658 3.388249514758018e-03
-10.96236 3.545874236240111e-03
-10.94815 3.703892937614659e-03
-10.93393 3.861159050506253e-03
-10.91972 4.016927175167131e-03
-10.90551 4.171075521177496e-03
-10.89129 4.324080587693914e-03
-10.87708 4.476789123766835e-03
-10.86286 4.630092818786625e-03
-10.84865 4.784624510356085e-03
-10.83443 4.940567655832223e-03
-10.82022 5.097621059598311e-03
-10.80601 5.255108272969048e-03
-10.79179 5.412181404044323e-03
-10.77758 5.568050654963513e-03
-10.76336 5.722174435379862e-03
-10.74915 5.874365104201342e-03
-10.73493 6.024793786867441e-03
-10.72072 6.173905530452468e-03
-10.70651 6.322276513665784e-03
-10.69229 6.470454558686938e-03
-10.67808 6.618822561734479e-03
-10.66386 6.767514039657591e-03
-10.64965 6.916394613999607e-03
-10.63544 7.065107056053187e-03
-10.62122 7.213164016132024e-03
-10.60701 7.360064106477025e-03
-10.59279 7.505404573019297e-03
-10.57858 7.648967051671394e-03
-10.56436 7.790760511282167e-03
-10.55015 7.931015456536850e-03
-10.53594 8.070133621726469e-03
-10.52172 8.208605769570065e-03
-10.50751 8.346915405969922e-03
-10.49329 8.485447568091676e-03
-10.47908 8.624419467090952e-03
-10.46486 8.763844477219083e-03
-10.45065 8.903534023524265e-03
-10.43644 9.043134761588785e-03
-10.42222 9.182192378033811e-03
-10.40801 9.320229339665866e-03
-10.39379 9.456822475860389e-03
-10.37958 9.591667383198688e-03
-10.36537 9.724619846228591e-03
-10.35115 9.855709022007329e-03
-10.33694 9.985122148892842e-03
-10.32272 1.011316514848507e-02
-10.30851 1.024020699366106e-02
-10.29429 1.036661766980952e-02
-10.28008 1.049270980799566e-02
-10.26587 1.061869274560841e-02
-10.25165 1.074464522651999e-02
-10.23744 1.087050968925936e-02
-10.22322 1.099610766232595e-02
-10.20901 1.112117271042879e-02
-10.19479 1.124539506799419e-02
-10.18058 1.136847081738054e-02
-10.16637 1.149014830695844e-02
-10.15215 1.161026538152910e-02
-10.13794 1.172877270163307e-02
-10.12372 1.184574065464018e-02
-10.10951 1.196134976373578e-02
-10.09530 1.207586674473498e-02
-10.08108 1.218961016056359e-02
-10.06687 1.230291077772493e-02
-10.05265 1.241607213692683e-02
-10.03844 1.252933651355724e-02
-10.02422 1.264286045896229e-02
-10.01001 1.275670265039420e-02
-9.99580 1.287082505283370e-02
-9.98158 1.298510664315234e-02
-9.96737 1.309936738688430e-02
-9.95315 1.321339897222565e-02
-9.93894 1.332699811896917e-02
-9.92472 1.343999814741205e-02
-9.91051 1.355229489866501e-02
-9.89630 1.366386396396774e-02
-9.88208 1.377476737688449e-02
-9.86787 1.388514928719659e-02
-9.85365 1.399522149690732e-02
-9.83944 1.410524093528796e-02
-9.82523 1.421548204810324e-02
-9.81101 1.432620758501832e-02
-9.79680 1.443764134772410e-02
-9.78258 1.454994612022292e-02
-9.76837 1.466320930010148e-02
-9.75415 1.477743778173711e-02
-9.73994 1.489256253084607e-02
-9.72573 1.500845216682843e-02
-9.71151 1.512493386286713e-02
-9.69730 1.524181909334431e-02
-9.68308 1.535893128371970e-02
-9.66887 1.547613229137276e-02
-9.65465 1.559334486658594e-02
-9.64044 1.571056876903107e-02
-9.62623 1.582788897053179e-02
-9.61201 1.594547526203169e-02
-9.59780 1.606357350127839e-02
-9.58358 1.618248960385751e-02
-9.56937 1.630256813897294e-02
-9.55516 1.642416801312693e-02
-9.54094 1.654763817911314e-02
-9.52673 1.667329652045754e-02
-9.51251 1.680141488261210e-02
-9.49830 1.693221245334655e-02
-9.48408 1.706585823228344e-02
-9.46987 1.720248143807361e-02
-9.45566 1.734218730883436e-02
-9.44144 1.748507644712361e-02
-9.42723 1.763127010130157e-02
-9.41301 1.778095093310946e-02
-9.39880 1.793443363819756e-02
-9.38458 1.809227161846349e-02
-9.37037 1.825537394565090e-02
-9.35616 1.842505527679708e-02
-9.34194 1.860291506774407e-02
-9.32773 1.879055434679823e-02
-9.31351 1.898953943297833e-02
-9.29930 1.920261092371003e-02
-9.28509 1.943687130425282e-02
-9.27087 1.970669662080990e-02
-9.25666 2.002949228318303e-02
-9.24244 2.040983802388488e-02
-9.22823 2.082350989687811e-02
-9.21401 2.122355902554205e-02
-9.19980 2.156729807280306e-02
-9.18559 2.183026044573828e-02
-9.17137 2.199308817316468e-02
-9.15716 2.203688622049760e-02
-9.14294 2.196829995946634e-02
-9.12873 2.183532346196164e-02
-9.11451 2.170024922368770e-02
-9.10030 2.159932580330479e-02
-9.08609 2.153254279980058e-02
-9.07187 2.148230674103360e-02
-9.05766 2.143318936852168e-02
-9.04344 2.137853578727233e-02
-9.02923 2.131795721370898e-02
-9.01502 2.125305425500502e-02
-9.00080 2.118471870575744e-02
-8.98659 2.111242259099209e-02
-8.97237 2.103489335819389e-02
-8.95816 2.095129027642679e-02
-8.94394 2.086205780632276e-02
-8.92973 2.076900674566164e-02
-8.91552 2.067467293977280e-02
-8.90130 2.058136392538157e-02
-8.88709 2.049038267290042e-02
-8.87287 2.040174539837965e-02
-8.85866 2.031443079573291e-02
-8.84444 2.022696605425758e-02
-8.83023 2.013806028153440e-02
-8.81602 2.004704109034498e-02
-8.80180 1.995397773519224e-02
-8.78759 1.985951200504029e-02
-8.77337 1.976451357834452e-02
-8.75916 1.966970953559245e-02
-8.74494 1.957541515703294e-02
-8.73073 1.948143668988295e-02
-8.71652 1.938715131301290e-02
-8.70230 1.929171556425729e-02
-8.68809 1.919432348289436e-02
-8.67387 1.909443315855199e-02
-8.65966 1.899190091319022e-02
-8.64545 1.888699634554574e-02
-8.63123 1.878030744623192e-02
-8.61702 1.867257295119713e-02
-8.60280 1.856449295718977e-02
-8.58859 1.845656732805981e-02
-8.57437 1.834899758569284e-02
-8.56016 1.824166744246203e-02
-8.54595 1.813419616350005e-02
-8.53173 1.802604272488020e-02
-8.51752 1.791663029131265e-02
-8.50330 1.780546048706932e-02
-8.48909 1.769219383746650e-02
-8.47487 1.757668387939152e-02
-8.46066 1.745896461275534e-02
-8.44645 1.733920135872203e-02
-8.43223 1.721762173509929e-02
-8.41802 1.709444549247004e-02
-8.40380 1.696982960531819e-02
-8.38959 1.684383937754456e-02
-8.37538 1.671644901809470e-02
-8.36116 1.658756791556975e-02
-8.34695 1.645708320766306e-02
-8.33273 1.632490622429835e-02
-8.31852 1.619101036988402e-02
-8.30430 1.605545074752987e-02
-8.29009 1.591836053748745e-02
-8.27588 1.577992471668123e-02
-8.26166 1.564033694927526e-02
-8.24745 1.549974933422423e-02
-8.23323 1.535822643488781e-02
-8.21902 1.521571434515638e-02
-8.20480 1.507203263662098e-02
-8.19059 1.492689246167007e-02
-8.17638 1.477993872804334e-02
-8.16216 1.463080911337040e-02
-8.14795 1.447919871695858e-02
-8.13373 1.432491711863456e-02
-8.11952 1.416792498253459e-02
-8.10531 1.400834017219466e-02
-8.09109 1.384640829654019e-02
-8.07688 1.368243899053577e-02
-8.06266 1.351671608521488e-02
-8.04845 1.334939602351008e-02
-8.03423 1.318041329327676e-02
-8.02002 1.300941324785637e-02
-8.00581 1.283573067445281e-02
-7.99159 1.265842643767939e-02
-7.97738 1.247638461795838e-02
-7.96316 1.228845972247222e-02
-7.94895 1.209364973249776e-02
-7.93473 1.189125904264369e-02
-7.92052 1.168100968705468e-02
-7.90631 1.146306366394820e-02
-7.89209 1.123793646035913e-02
-7.87788 1.100631202098579e-02
-7.86366 1.076880816264789e-02
-7.84945 1.052577951931045e-02
-7.83524 1.027726793508413e-02
-7.82102 1.002319866625236e-02
-7.80681 9.763854984327984e-03
-7.79259 9.500534873087873e-03
-7.77838 9.236125250010664e-03
-7.76416 8.975199832655155e-03
-7.74995 8.723282725315541e-03
-7.73574 8.485232025547960e-03
-7.72152 8.263276639680220e-03
-7.70731 8.055877465618007e-03
-7.69309 7.858868403074315e-03
-7.67888 7.669655886519191e-03
-7.66466 7.492966830047222e-03
-7.65045 7.343016543960843e-03
-7.63624 7.235210088209502e-03
-7.62202 7.166839683311295e-03
-7.60781 7.105851911796960e-03
-7.59359 7.032107876186631e-03
-7.57938 7.013668837344274e-03
-7.56517 7.057351519469295e-03
-7.55095 6.802385062518580e-03
-7.53674 5.994228361377496e-03
-7.52252 5.088424167257866e-03
-7.50831 4.573220793187194e-03
-7.49409 4.436307177909495e-03
-7.47988 4.490850598622741e-03
-7.46567 4.604519053534084e-03
-7.45145 4.701992470603964e-03
-7.43724 4.760733179158365e-03
-7.42302 4.803375454917983e-03
-7.40881 4.865873009522987e-03
-7.39459 4.965925297898307e-03
-7.38038 5.096669859627208e-03
-7.36617 5.241762862676746e-03
-7.35195 5.391460088969069e-03
-7.33774 5.547146415325003e-03
-7.32352 5.716229324279519e-03
-7.30931 5.905087412269762e-03
-7.29510 6.115234211405784e-03
-7.28088 6.343521846758983e-03
-7.26667 6.584695251049696e-03
-7.25245 6.834167909198123e-03
-7.23824 7.089634583542391e-03
-7.22402 7.351188894710268e-03
-7.20981 7.620392533136556e-03
-7.19560 7.899027142974743e-03
-7.18138 8.188131253878638e-03
-7.16717 8.487604440413618e-03
-7.15295 8.796351981966559e-03
-7.13874 9.112755105517508e-03
-7.12452 9.435203332751541e-03
-7.11031 9.762481241706157e-03
-7.09610 1.009390837912127e-02
-7.08188 1.042923927876791e-02
-7.06767 1.076840798208538e-02
-7.05345 1.111123463769071e-02
-7.03924 1.145720336418709e-02
-7.02503 1.180538343015883e-02
-7.01081 1.215451633788055e-02
-6.99660 1.250324438297761e-02
-6.98238 1.285042196909279e-02
-6.96817 1.319543435157036e-02
-6.95395 1.353844989763252e-02
-6.93974 1.388054841657339e-02
-6.92553 1.422369480205866e-02
-6.91131 1.457055863179548e-02
-6.89710 1.492421111811072e-02
-6.88288 1.528775614839148e-02
-6.86867 1.566396826560067e-02
-6.85445 1.605501468812049e-02
-6.84024 1.646232981764657e-02
-6.82603 1.688669010224848e-02
-6.81181 1.732850771874466e-02
-6.79760 1.778832798843787e-02
-6.78338 1.826748247763225e-02
-6.76917 1.876882023148105e-02
-6.75495 1.929741382837321e-02
-6.74074 1.986111568690118e-02
-6.72653 2.047083448164749e-02
-6.71231 2.114045278500456e-02
-6.69810 2.188651389623064e-02
-6.68388 2.272833245483461e-02
-6.66967 2.369014455556865e-02
-6.65546 2.480796392640141e-02
-6.64124 2.614351843848774e-02
-6.62703 2.780361483286418e-02
-6.61281 2.995482970798770e-02
-6.59860 3.282041005651962e-02
-6.58438 3.671347182564804e-02
-6.57017 4.250967692385266e-02
-6.55596 5.205815875653592e-02
-6.54174 6.100514186745187e-02
-6.52753 6.613363865065373e-02
-6.51331 7.519314522567629e-02
-6.49910 8.372276986941669e-02
-6.48488 8.771036992652262e-02
-6.47067 1.111687378791052e-01
-6.45646 7.449982933502726e-02
-6.44224 6.963689558109287e-02
-6.42803 6.479828505096855e-02
-6.41381 6.021117402358853e-02
-6.39960 5.639167786835649e-02
-6.38539 5.340836850083410e-02
-6.37117 5.107554733820188e-02
-6.35696 4.915832970132449e-02
-6.34274 4.748412470147929e-02
-6.32853 4.596240375838963e-02
-6.31431 4.455936332663465e-02
-6.30010 4.326662218052566e-02
-6.28589 4.208076098231025e-02
-6.27167 4.099496495390390e-02
-6.25746 3.999826795151933e-02
-6.24324 3.907781723495402e-02
-6.22903 3.822133641612841e-02
-6.21481 3.741863680845748e-02
-6.20060 3.666205919088981e-02
-6.18639 3.594617454259919e-02
-6.17217 3.526715077284947e-02
-6.15796 3.462209769383250e-02
-6.14374 3.400856196435741e-02
-6.12953 3.342422385297961e-02
-6.11532 3.286677197392920e-02
-6.10110 3.233389918589275e-02
-6.08689 3.182336015795281e-02
-6.07267 3.133304446259747e-02
-6.05846 3.086103719451359e-02
-6.04424 3.040565519586256e-02
-6.03003 2.996545808399763e-02
-6.01582 2.953923919089846e-02
-6.00160 2.912600338741362e-02
-5.98739 2.872493814504433e-02
-5.97317 2.833538247790965e-02
-5.95896 2.795679657903790e-02
-5.94474 2.758873353840238e-02
-5.93053 2.723081366590150e-02
-5.91632 2.688270157433080e-02
-5.90210 2.654408613505996e-02
-5.88789 2.621466351932685e-02
-5.87367 2.589412363721404e-02
-5.85946 2.558214030070525e-02
-5.84525 2.527836534019075e-02
-5.83103 2.498242671132038e-02
-5.81682 2.469393038100078e-02
-5.80260 2.441246552456402e-02
-5.78839 2.413761234268995e-02
-5.77417 2.386895164671517e-02
-5.75996 2.360607528057441e-02
-5.74575 2.334859644971883e-02
-5.73153 2.309615910450507e-02
-5.71732 2.284844566338639e-02
-5.70310 2.260518254176164e-02
-5.68889 2.236614315657780e-02
-5.67467 2.213114828675068e-02
-5.66046 2.190006386940288e-02
-5.64625 2.167279648896224e-02
-5.63203 2.144928696066856e-02
-5.61782 2.122950251558707e-02
-5.60360 2.101342815752287e-02
-5.58939 2.080105778287175e-02
-5.57518 2.059238563462256e-02
-5.56096 2.038739860588655e-02
-5.54675 2.018606982272347e-02
-5.53253 1.998835382825452e-02
-5.51832 1.979418356849506e-02
-5.50410 1.960346925366476e-02
-5.48989 1.941609904531660e-02
-5.47568 1.923194140707184e-02
-5.46146 1.905084886146023e-02
-5.44725 1.887266282222569e-02
-5.43303 1.869721912362299e-02
-5.41882 1.852435384705075e-02
-5.40460 1.835390905042296e-02
-5.39039 1.818573803494797e-02
-5.37618 1.801970983406651e-02
-5.36196 1.785571267575086e-02
-5.34775 1.769365624704117e-02
-5.33353 1.753347267312097e-02
-5.31932 1.737511620697299e-02
-5.30511 1.721856170463263e-02
-5.29089 1.706380203083447e-02
-5.27668 1.691084459685088e-02
-5.26246 1.675970727397988e-02
-5.24825 1.661041395096405e-02
-5.23403 1.646299001121255e-02
-5.21982 1.631745799668519e-02
-5.20561 1.617383370122806e-02
-5.19139 1.603212289933487e-02
-5.17718 1.589231886963213e-02
-5.16296 1.575440081910490e-02
-5.14875 1.561833325761002e-02
-5.13453 1.548406631594043e-02
-5.12032 1.535153694775811e-02
-5.10611 1.522067090886724e-02
-5.09189 1.509138536880996e-02
-5.07768 1.496359198128812e-02
-5.06346 1.483720022245135e-02
-5.04925 1.471212079998960e-02
-5.03504 1.458826894093277e-02
-5.02082 1.446556738122019e-02
-5.00661 1.434394890408803e-02
-4.99239 1.422335830537444e-02
-4.97818 1.410375369992289e-02
-4.96396 1.398510712219252e-02
-4.94975 1.386740441374812e-02
-4.93554 1.375064442838530e-02
-4.92132 1.363483762032678e-02
-4.90711 1.352000411056721e-02
-4.89289 1.340617134976257e-02
-4.87868 1.329337151216935e-02
-4.86446 1.318163876357055e-02
-4.85025 1.307100654683276e-02
-4.83604 1.296150502206772e-02
-4.82182 1.285315878502771e-02
-4.80761 1.274598496834943e-02
-4.79339 1.263999180681199e-02
-4.77918 1.253517772128182e-02
-4.76496 1.243153094795262e-02
-4.75075 1.232902971132191e-02
-4.73654 1.222764291247703e-02
-4.72232 1.212733127995489e-02
-4.70811 1.202804890976390e-02
-4.69389 1.192974510495020e-02
-4.67968 1.183236641393512e-02
-4.66547 1.173585876104881e-02
-4.65125 1.164016956226953e-02
-4.63704 1.154524972391983e-02
-4.62282 1.145105543150688e-02
-4.60861 1.135754964936274e-02
-4.59439 1.126470326842109e-02
-4.58018 1.117249585843168e-02
-4.56597 1.108091600117485e-02
-4.55175 1.098996120179938e-02
-4.53754 1.089963739531326e-02
-4.52332 1.080995808364081e-02
-4.50911 1.072094315478084e-02
-4.49489 1.063261744888665e-02
-4.48068 1.054500914616644e-02
-4.46647 1.045814805823268e-02
-4.45225 1.037206390804356e-02
-4.43804 1.028678468433106e-02
-4.42382 1.020233515524661e-02
-4.40961 1.011873562423883e-02
-4.39540 1.003600101097753e-02
-4.38118 9.954140344555410e-03
-4.36697 9.873156769890477e-03
-4.35275 9.793048198320779e-03
-4.33854 9.713808790857037e-03
-4.32432 9.635431564926298e-03
-4.31011 9.557912590942677e-03
-4.29590 9.481257539853627e-03
-4.28168 9.405491832661783e-03
-4.26747 9.330676451346520e-03
-4.25325 9.256932798352718e-03
-4.23904 9.184482172884945e-03
-4.22482 9.113709073036314e-03
-4.21061 9.045263905485637e-03
-4.19640 8.980232767085873e-03
-4.18218 8.920426674692557e-03
-4.16797 8.868894066072729e-03
-4.15375 8.830860560626350e-03
-4.13954 8.815466987816141e-03
-4.12533 8.838891375207832e-03
-4.11111 8.929615598072713e-03
-4.09690 9.136627539785438e-03
-4.08268 9.541175663620212e-03
-4.06847 1.027175319436254e-02
-4.05425 1.152084838003887e-02
-4.04004 1.364197700942220e-02
-4.02583 1.772153727291868e-02
-4.01161 2.416995993749829e-02
-3.99740 2.881750135036041e-02
-3.98318 3.209015732408611e-02
-3.96897 3.651106429330241e-02
-3.95475 4.056861797166546e-02
-3.94054 4.361127185653878e-02
-3.92633 4.608925580820619e-02
-3.91211 4.859043438084162e-02
-3.89790 5.138112643227197e-02
-3.88368 5.440811647322204e-02
-3.86947 5.753690014918532e-02
-3.85526 6.071321101304668e-02
-3.84104 6.397585286809532e-02
-3.82683 6.742195149254059e-02
-3.81261 7.119229482808685e-02
-3.79840 7.542261414797415e-02
-3.78418 8.005685689207359e-02
-3.76997 8.458813908123745e-02
-3.75576 8.807156148082920e-02
-3.74154 8.965677186703369e-02
-3.72733 8.926577660695934e-02
-3.71311 8.768711826832012e-02
-3.69890 8.594908293276250e-02
-3.68468 8.464020146940861e-02
-3.67047 8.377205069911263e-02
-3.65626 8.308319479113804e-02
-3.64204 8.234974883938725e-02
-3.62783 8.148958829065939e-02
-3.61361 8.052355101275695e-02
-3.59940 7.951061538480805e-02
-3.58519 7.850783374993198e-02
-3.57097 7.755528487756783e-02
-3.55676 7.667463626023129e-02
-3.54254 7.587329552770584e-02
-3.52833 7.514995569518110e-02
-3.51411 7.449937881242652e-02
-3.49990 7.391548805337671e-02
-3.48569 7.339273804588282e-02
-3.47147 7.292628587010877e-02
-3.45726 7.251164187731954e-02
-3.44304 7.214433434302819e-02
-3.42883 7.181985198740941e-02
-3.41461 7.153388600586164e-02
-3.40040 7.128275091373824e-02
-3.38619 7.106382151211160e-02
-3.37197 7.087584684323026e-02
-3.35776 7.071905402015230e-02
-3.34354 7.059501078010821e-02
-3.32933 7.050626400960915e-02
-3.31512 7.045580842352080e-02
-3.30090 7.044646400375015e-02
-3.28669 7.048025239215107e-02
-3.27247 7.055786138285855e-02
-3.25826 7.067827405575719e-02
-3.24404 7.083861703056114e-02
-3.22983 7.103425367179877e-02
-3.21562 7.125911614186081e-02
-3.20140 7.150623848773978e-02
-3.18719 7.176842507605365e-02
-3.17297 7.203896829003172e-02
-3.15876 7.231231980907619e-02
-3.14454 7.258462347213741e-02
-3.13033 7.285403551833031e-02
-3.11612 7.312078843421907e-02
-3.10190 7.338699365323535e-02
-3.08769 7.365621962380213e-02
-3.07347 7.393291772548756e-02
-3.05926 7.422179191837885e-02
-3.04505 7.452721366044278e-02
-3.03083 7.485276983552272e-02
-3.01662 7.520100079902184e-02
-3.00240 7.557334484336359e-02
-2.98819 7.597026391779128e-02
-2.97397 7.639149355492190e-02
-2.95976 7.683634610919417e-02
-2.94555 7.730400480271629e-02
-2.93133 7.779377488976859e-02
-2.91712 7.830529912429919e-02
-2.90290 7.883878384222272e-02
-2.88869 7.939530315537703e-02
-2.87447 7.997723832437477e-02
-2.86026 8.058886227955755e-02
-2.84605 8.123700424996010e-02
-2.83183 8.193164931740649e-02
-2.81762 8.268626950470039e-02
-2.80340 8.351765788465676e-02
-2.78919 8.444502251015909e-02
-2.77497 8.548804981713280e-02
-2.76076 8.666357398998485e-02
-2.74655 8.798054148002513e-02
-2.73233 8.943343968712353e-02
-2.71812 9.099548890840260e-02
-2.70390 9.261440745895454e-02
-2.68969 9.421451044536318e-02
-2.67548 9.570872201976038e-02
-2.66126 9.702945181980063e-02
-2.64705 9.824925600444312e-02
-2.63283 1.000628214027328e-01
-2.61862 1.042112703304690e-01
-2.60440 1.104775443881345e-01
-2.59019 1.138291244173902e-01
-2.57598 1.129846105548069e-01
-2.56176 1.122226817603299e-01
-2.54755 1.125799099820473e-01
-2.53333 1.128265413039694e-01
-2.51912 1.125155769693757e-01
-2.50490 1.118809786439559e-01
-2.49069 1.112716635497480e-01
-2.47648 1.108466813400616e-01
-2.46226 1.105549541258944e-01
-2.44805 1.102715677615218e-01
-2.43383 1.099099165959281e-01
-2.41962 1.094554838241822e-01
-2.40541 1.089506076784200e-01
-2.39119 1.084585484211940e-01
-2.37698 1.080257596298566e-01
-2.36276 1.076601243111267e-01
-2.34855 1.073337199358826e-01
-2.33433 1.070037606087187e-01
-2.32012 1.066369399808965e-01
-2.30591 1.062243558445504e-01
-2.29169 1.057820248141848e-01
-2.27748 1.053398142457482e-01
-2.26326 1.049259844334272e-01
-2.24905 1.045547287645536e-01
-2.23483 1.042212529288438e-01
-2.22062 1.039049977647476e-01
-2.20641 1.035783975998585e-01
-2.19219 1.032170955428579e-01
-2.17798 1.028078731949551e-01
-2.16376 1.023520819361320e-01
-2.14955 1.018642471724202e-01
-2.13534 1.013670589037794e-01
-2.12112 1.008847832824352e-01
-2.10691 1.004371759987736e-01
-2.09269 1.000354292746955e-01
-2.07848 9.968083551641607e-02
-2.06426 9.936600385851768e-02
-2.05005 9.907784773327497e-02
-2.03584 9.880128255847159e-02
-2.02162 9.852262561848545e-02
-2.00741 9.823198220076142e-02
-1.99319 9.792430119229022e-02
-1.97898 9.759916412291417e-02
-1.96476 9.725964572774676e-02
-1.95055 9.691071260277385e-02
-1.93634 9.655761615593243e-02
-1.92212 9.620462504514042e-02
-1.90791 9.585428258120815e-02
-1.89369 9.550721556902474e-02
-1.87948 9.516239849606435e-02
-1.86527 9.481770818998675e-02
-1.85105 9.447058914740618e-02
-1.83684 9.411867656826056e-02
-1.82262 9.376027484917610e-02
-1.80841 9.339464604838520e-02
-1.79419 9.302211169793376e-02
-1.77998 9.264400405975041e-02
-1.76577 9.226251701099376e-02
-1.75155 9.188050443328394e-02
-1.73734 9.150126062531180e-02
-1.72312 9.112829955800311e-02
-1.70891 9.076513411025114e-02
-1.69469 9.041504745173426e-02
-1.68048 9.008084868785753e-02
-1.66627 8.976461330182163e-02
-1.65205 8.946742311098167e-02
-1.63784 8.918913621942591e-02
-1.62362 8.892823008393526e-02
-1.60941 8.868176595191368e-02
-1.59520 8.844551729360033e-02
-1.58098 8.821428684535358e-02
-1.56677 8.798240717180883e-02
-1.55255 8.774438167730828e-02
-1.53834 8.749558322043081e-02
-1.52412 8.723289504148773e-02
-1.50991 8.695516396755017e-02
-1.49570 8.666334780277020e-02
-1.48148 8.636028176833001e-02
-1.46727 8.605005972646326e-02
-1.45305 8.573711340808607e-02
-1.43884 8.542515940703199e-02
-1.42462 8.511624918777025e-02
-1.41041 8.481018204882371e-02
-1.39620 8.450450591049015e-02
-1.38198 8.419521791048580e-02
-1.36777 8.387807708097074e-02
-1.35355 8.355017839841983e-02
-1.33934 8.321119894480450e-02
-1.32513 8.286367183947699e-02
-1.31091 8.251194483125751e-02
-1.29670 8.216019847091059e-02
-1.28248 8.181083048169796e-02
-1.26827 8.146503625553672e-02
-1.25405 8.112640190816975e-02
-1.23984 8.080479814236934e-02
-1.22563 8.051357982556352e-02
-1.21141 8.025495042056939e-02
-1.19720 8.000136997120789e-02
-1.18298 7.969112241416240e-02
-1.16877 7.923992180871543e-02
-1.15455 7.855680032447804e-02
-1.14034 7.761455549289398e-02
-1.12613 7.662474075356751e-02
-1.11191 7.592059489091170e-02
-1.09770 7.382728061597113e-02
-1.08348 7.014671379951747e-02
-1.06927 6.706553007624069e-02
-1.05506 6.443875395247632e-02
-1.04084 6.201794198152714e-02
-1.02663 5.988452807660329e-02
-1.01241 5.808625121265928e-02
-0.99820 5.651567218368529e-02
-0.98398 5.502364774066555e-02
-0.96977 5.352621423327636e-02
-0.95556 5.202961634724496e-02
-0.94134 5.058749339946506e-02
-0.92713 4.924439027795099e-02
-0.91291 4.800726769607758e-02
-0.89870 4.685156231587997e-02
-0.88448 4.574436793755113e-02
-0.87027 4.466363924031980e-02
-0.85606 4.360353838253862e-02
-0.84184 4.256883666826917e-02
-0.82763 4.156632085884841e-02
-0.81341 4.059900611429695e-02
-0.79920 3.966466667711061e-02
-0.78498 3.875736040941199e-02
-0.77077 3.787002542052315e-02
-0.75656 3.699683741327159e-02
-0.74234 3.613466665224584e-02
-0.72813 3.528341778642379e-02
-0.71391 3.444548604510927e-02
-0.69970 3.362483664923745e-02
-0.68549 3.282601494952857e-02
-0.67127 3.205303892968758e-02
-0.65706 3.130820241303747e-02
-0.64284 3.059123607532924e-02
-0.62863 2.989932540486060e-02
-0.61441 2.922792478867455e-02
-0.60020 2.857178587902649e-02
-0.58599 2.792576996106794e-02
-0.57177 2.728554059091036e-02
-0.55756 2.664833856660835e-02
-0.54334 2.601359040887487e-02
-0.52913 2.538282994322345e-02
-0.51491 2.475886387393742e-02
-0.50070 2.414478680811169e-02
-0.48649 2.354341464444236e-02
-0.47227 2.295691252735814e-02
-0.45806 2.238593209812906e-02
-0.44384 2.182831590075842e-02
-0.42963 2.127866514238792e-02
-0.41542 2.073004266199530e-02
-0.40120 2.017722563612906e-02
-0.38699 1.961908232652329e-02
-0.37277 1.905821554824911e-02
-0.35856 1.849879094801860e-02
-0.34434 1.794536288635436e-02
-0.33013 1.740393362445565e-02
-0.31592 1.688268141165463e-02
-0.30170 1.638839946749710e-02
-0.28749 1.591894347575466e-02
-0.27327 1.545829226573222e-02
-0.25906 1.498053369641186e-02
-0.24484 1.446026754390752e-02
-0.23063 1.388074938017816e-02
-0.21642 1.323736907826301e-02
-0.20220 1.254397413024217e-02
-0.18799 1.184533905985550e-02
-0.17377 1.121914013610900e-02
-0.15956 1.073983894801360e-02
-0.14535 1.040940943910589e-02
-0.13113 1.012173882922392e-02
-0.11692 9.721662010005709e-03
-0.10270 9.110934686291625e-03
-0.08849 8.295662881243436e-03
-0.07427 7.374516702522970e-03
-0.06006 6.638730708265528e-03
-0.04585 6.668189864001428e-03
-0.03163 7.111372429113548e-03
-0.01742 6.108223316348138e-03
-0.00320 3.931064368633216e-03
0.01101 2.401920139351946e-03
0.02523 1.660586301320871e-03
0.03944 1.219463971841627e-03
0.05365 8.994271200057229e-04
0.06787 6.623970882962759e-04
0.08208 4.888994473539155e-04
0.09630 3.624235751284340e-04
0.11051 2.698667158045843e-04
0.12472 2.016544044100819e-04
0.13894 1.510781211142910e-04
0.15315 1.134511205128242e-04
0.16737 8.542656485373642e-05
0.18158 6.455091704969483e-05
0.19580 4.899560004741138e-05
0.21001 3.739177987801484e-05
0.22422 2.871819976204640e-05
0.23844 2.221771163451804e-05
0.25265 1.733261926566496e-05
0.26687 1.365463537894667e-05
0.28108 1.088685470451261e-05
0.29530 8.815511611003680e-06
0.30951 7.289516263230631e-06
0.32372 6.206078985207570e-06
0.33794 5.501106853203461e-06
0.35215 5.143431409780919e-06
0.36637 5.132275406294362e-06
0.38058 5.497694794060660e-06
0.39479 6.304065623768702e-06
0.40901 7.657059499005208e-06
0.42322 9.714996154685419e-06
0.43744 1.270597754605184e-05
0.45165 1.695272159847212e-05
0.46587 2.290732159573787e-05
0.48008 3.119787040405130e-05
0.49429 4.268743904644452e-05
0.50851 5.854273586529084e-05
0.52272 8.030512842712431e-05
0.53694 1.099539169601901e-04
0.55115 1.499619725934839e-04
0.56537 2.033868738668764e-04
0.57958 2.741192843672412e-04
0.59379 3.675079682512867e-04
0.60801 4.920210905925210e-04
0.62222 6.636477329723072e-04
0.63644 9.091905955248213e-04
0.65065 1.818857211831744e-03
0.66486 1.844269735746955e-03
0.67908 1.876475379725817e-03
0.69329 2.040354790969906e-03
0.70751 2.188633059779796e-03
0.72172 2.403550169724853e-03
0.73594 2.685878955373291e-03
0.75015 3.004476806403208e-03
0.76436 3.338871753872704e-03
0.77858 3.683927274327283e-03
0.79279 4.038840810113042e-03
0.80701 4.393534694746653e-03
0.82122 4.727868839419498e-03
0.83544 5.026183164227582e-03
0.84965 5.286751278841203e-03
0.86386 5.517899974174182e-03
0.87808 5.734221429634125e-03
0.89229 5.953724082627176e-03
0.90651 6.188148805877627e-03
0.92072 6.435725386438219e-03
0.93493 6.686398921495094e-03
0.94915 6.931870469366086e-03
0.96336 7.169817973133102e-03
0.97758 7.401945710404669e-03
0.99179 7.630710313725796e-03
1.00601 7.857755284521003e-03
1.02022 8.084251291375636e-03
1.03443 8.311949486057539e-03
1.04865 8.543731377578497e-03
1.06286 8.783397475058101e-03
1.07708 9.038900365227944e-03
1.09129 9.355388242508225e-03
1.10551 9.877625547843803e-03
1.11972 1.040915401534939e-02
1.13393 1.043319983539264e-02
1.14815 1.064387458860423e-02
1.16236 1.094139093564439e-02
1.17658 1.122382574301380e-02
1.19079 1.149682718145034e-02
1.20501 1.178963729103955e-02
1.21922 1.210080756483697e-02
1.23343 1.240648840433982e-02
1.24765 1.269493937119594e-02
1.26186 1.297727180813900e-02
1.27608 1.326895357407323e-02
1.29029 1.357452604916094e-02
1.30450 1.388938463481948e-02
1.31872 1.420700083949770e-02
1.33293 1.452292459099493e-02
1.34715 1.483587776432314e-02
1.36136 1.514738183822306e-02
1.37558 1.546045509188283e-02
1.38979 1.577800450804729e-02
1.40400 1.610163640272331e-02
1.41822 1.643130509123317e-02
1.43243 1.676577679632166e-02
1.44665 1.710355264448352e-02
1.46086 1.744377800729321e-02
1.47508 1.778676260577152e-02
1.48929 1.813396265459272e-02
1.50350 1.848751668670490e-02
1.51772 1.884958403981631e-02
1.53193 1.922176489330500e-02
1.54615 1.960479725333869e-02
1.56036 1.999858509582353e-02
1.57457 2.040247969608378e-02
1.58879 2.081566103903828e-02
1.60300 2.123746260058885e-02
1.61722 2.166753536708956e-02
1.63143 2.210582545315464e-02
1.64565 2.255241402672958e-02
1.65986 2.300731732310349e-02
1.67407 2.347035841836327e-02
1.68829 2.394120136842534e-02
1.70250 2.441959055809616e-02
1.71672 2.490577729072842e-02
1.73093 2.540105740447303e-02
1.74515 2.590830164532303e-02
1.75936 2.643234267039071e-02
1.77357 2.698008932425977e-02
1.78779 2.756026395208239e-02
1.80200 2.818269360341293e-02
1.81622 2.885712839973657e-02
1.83043 2.959162076868647e-02
1.84464 3.039060112905767e-02
1.85886 3.125294527662439e-02
1.87307 3.217050945202794e-02
1.88729 3.312767208636817e-02
1.90150 3.410216527828228e-02
1.91572 3.506688688056352e-02
1.92993 3.599196753580483e-02
1.94414 3.684707005514090e-02
1.95836 3.760606766347619e-02
1.97257 3.825798452159766e-02
1.98679 3.882450476675347e-02
2.00100 3.937080140499825e-02
2.01522 3.997326146921773e-02
2.02943 4.060963403560658e-02
2.04364 4.108441646482325e-02
2.05786 4.122876850211252e-02
2.07207 4.115838425075305e-02
2.08629 4.110119939893762e-02
2.10050 4.109670761555394e-02
2.11471 4.104675737341507e-02
2.12893 4.090149743284456e-02
2.14314 4.070025475981396e-02
2.15736 4.051046234796910e-02
2.17157 4.038391575231629e-02
2.18579 4.037468713459417e-02
2.20000 4.057872641558124e-02
