-12.00000 2.655106255697781e-38
-11.98579 1.583537533279743e-37
-11.97157 9.413104319553681e-37
-11.95736 5.576166536535116e-36
-11.94314 3.291517904461709e-35
-11.92893 1.935959786968911e-34
-11.91471 1.134597786950001e-33
-11.90050 6.626132232112220e-33
-11.88629 3.856486326519872e-32
-11.87207 2.237070522441112e-31
-11.85786 1.293456707472581e-30
-11.84364 7.454254965796825e-30
-11.82943 4.281381761124775e-29
-11.81522 2.450074129809409e-28
-11.80100 1.396425065364696e-27
-11.78679 7.922733412623802e-27
-11.77257 4.471918451668789e-26
-11.75836 2.509616047337483e-25
-11.74414 1.399470539853257e-24
-11.72993 7.750796658659605e-24
-11.71572 4.261685260007115e-23
-11.70150 2.325595636009113e-22
-11.68729 1.259194390277156e-21
-11.67307 6.763073539924870e-21
-11.65886 3.602069638016301e-20
-11.64464 1.901718576487977e-19
-11.63043 9.947820511859376e-19
-11.61622 5.153418151650477e-18
-11.60200 2.642899650283588e-17
-11.58779 1.341488218336170e-16
-11.57357 6.739213217557206e-16
-11.55936 3.351373497839764e-15
-11.54515 1.650136863839789e-14
-11.53093 8.044348930141511e-14
-11.51672 3.880427628671480e-13
-11.50250 1.849713319773216e-12
-11.48829 8.697114629702854e-12
-11.47407 4.027879105554247e-11
-11.45986 1.837705654303180e-10
-11.44565 8.277893990880733e-10
-11.43143 3.691017513961599e-09
-11.41722 1.628255605887732e-08
-11.40300 7.065849075944946e-08
-11.38879 2.996719222279876e-07
-11.37457 1.238361436598135e-06
-11.36036 4.889529417390894e-06
-11.34615 1.722783893191390e-05
-11.33193 4.936799895860297e-05
-11.31772 1.091741259406438e-04
-11.30350 1.902745865820867e-04
-11.28929 2.830370311748412e-04
-11.27508 3.887277570534513e-04
-11.26086 5.074743857236816e-04
-11.24665 6.309721334630052e-04
-11.23243 7.537327162812508e-04
-11.21822 8.782933253097312e-04
-11.20400 1.009149816258742e-03
-11.18979 1.146872732456069e-03
-11.17558 1.288114361573025e-03
-11.16136 1.429256154672905e-03
-11.14715 1.569358004986675e-03
-11.13293 1.710232709237077e-03
-11.11872 1.854439218052080e-03
-11.10450 2.003260415283631e-03
-11.09029 2.156022635531332e-03
-11.07608 2.310759595537718e-03
-11.06186 2.465427830564643e-03
-11.04765 2.618874300317636e-03
-11.03343 2.771160758042643e-03
-11.01922 2.923267706254034e-03
-11.00501 3.076451837077720e-03
-10.99079 3.231596728105146e-03
-10.97658 3.388822409267290e-03
-10.96236 3.547466726644574e-03
-10.94815 3.706387457755025e-03
-10.93393 3.864419641711897e-03
-10.91972 4.020791688419131e-03
-10.90551 4.175352434098210e-03
-10.89129 4.328554879670909e-03
-10.87708 4.481236797645242e-03
-10.86286 4.634300124952630e-03
-10.84865 4.788406693777598e-03
-10.83443 4.943782945321405e-03
-10.82022 5.100177751703257e-03
-10.80601 5.256965039871197e-03
-10.79179 5.413342548500077e-03
-10.77758 5.568558610013531e-03
-10.76336 5.722101498396200e-03
-10.74915 5.873805619114706e-03
-10.73493 6.023857194970759e-03
-10.72072 6.172710197344183e-03
-10.70651 6.320944084761055e-03
-10.69229 6.469104695954879e-03
-10.67808 6.617568092169652e-03
-10.66386 6.766456653025677e-03
-10.64965 6.915621225293037e-03
-10.63544 7.064686831763915e-03
-10.62122 7.213145940649588e-03
-10.60701 7.360474920976897e-03
-10.59279 7.506246994187699e-03
-10.57858 7.650218351243610e-03
-10.56436 7.792371742095211e-03
-10.55015 7.932911762254692e-03
-10.53594 8.072216097469734e-03
-10.52172 8.210755220695897e-03
-10.50751 8.348998100140437e-03
-10.49329 8.487322747804026e-03
-10.47908 8.625948062172453e-03
-10.46486 8.764898204036515e-03
-10.45065 8.904003934815498e-03
-10.43644 9.042938342473312e-03
-10.42222 9.181278461708128e-03
-10.40801 9.318580404601059e-03
-10.39379 9.454454231210907e-03
-10.37958 9.588625890894006e-03
-10.36537 9.720976712539161e-03
-10.35115 9.851555378145922e-03
-10.33694 9.980562208753751e-03
-10.32272 1.010831008202053e-02
-10.30851 1.023516970529619e-02
-10.29429 1.036150885502112e-02
-10.28008 1.048763541721694e-02
-10.26587 1.061375275273608e-02
-10.25165 1.073993341334313e-02
-10.23744 1.086611404042264e-02
-10.22322 1.099211092828987e-02
-10.20901 1.111765273536944e-02
-10.19479 1.124242458138828e-02
-10.18058 1.136611652985974e-02
-10.16637 1.148846930687744e-02
-10.15215 1.160931097317890e-02
-10.13794 1.172857993813378e-02
-10.12372 1.184633188428902e-02
-10.10951 1.196273052231204e-02
-10.09530 1.207802429051705e-02
-10.08108 1.219251287300812e-02
-10.06687 1.230650853900219e-02
-10.05265 1.242029770401471e-02
-10.03844 1.253410778313590e-02
-10.02422 1.264808344108971e-02
-10.01001 1.276227490895438e-02
-9.99580 1.287663934530638e-02
-9.98158 1.299105449887525e-02
-9.96737 1.310534239713199e-02
-9.95315 1.321929961966463e-02
-9.93894 1.333273003937069e-02
-9.92472 1.344547578373128e-02
-9.91051 1.355744256855137e-02
-9.89630 1.366861641016753e-02
-9.88208 1.377906990194703e-02
-9.86787 1.388895758806155e-02
-9.85365 1.399850131235690e-02
-9.83944 1.410796760283650e-02
-9.82523 1.421764004092347e-02
-9.81101 1.432779006885440e-02
-9.79680 1.443864976726803e-02
-9.78258 1.455038979836722e-02
-9.76837 1.466310501499828e-02
-9.75415 1.477680927752739e-02
-9.73994 1.489143991867832e-02
-9.72573 1.500687118242983e-02
-9.71151 1.512293496342806e-02
-9.69730 1.523944639705391e-02
-9.68308 1.535623137685462e-02
-9.66887 1.547315294741658e-02
-9.65465 1.559013373696533e-02
-9.64044 1.570717211399717e-02
-9.62623 1.582435050072481e-02
-9.61201 1.594183515650825e-02
-9.59780 1.605986765723968e-02
-9.58358 1.617874915858708e-02
-9.56937 1.629881928753950e-02
-9.55516 1.642043212831173e-02
-9.54094 1.654393222472138e-02
-9.52673 1.666963373714717e-02
-9.51251 1.679780571721456e-02
-9.49830 1.692866569754708e-02
-9.48408 1.706238233183706e-02
-9.46987 1.719908592513841e-02
-9.45566 1.733888429278619e-02
-9.44144 1.748188207085434e-02
-9.42723 1.762820583309631e-02
-9.41301 1.777804452712150e-02
-9.39880 1.793171956913175e-02
-9.38458 1.808979078218982e-02
-9.37037 1.825317241751731e-02
-9.35616 1.842318197117533e-02
-9.34194 1.860141841439223e-02
-9.32773 1.878947886301606e-02
-9.31351 1.898892386592459e-02
-9.29930 1.920248738825234e-02
-9.28509 1.943725569079497e-02
-9.27087 1.970755420649572e-02
-9.25666 2.003069141957130e-02
-9.24244 2.041117058182571e-02
-9.22823 2.082485236298884e-02
-9.21401 2.122507269148557e-02
-9.19980 2.156939900123743e-02
-9.18559 2.183325925743727e-02
-9.17137 2.199681779654865e-02
-9.15716 2.204074377579652e-02
-9.14294 2.197168412724972e-02
-9.12873 2.183799759896019e-02
-9.11451 2.170231016772023e-02
-9.10030 2.160095198271890e-02
-9.08609 2.153384419220622e-02
-9.07187 2.148334538198560e-02
-9.05766 2.143404347103550e-02
-9.04344 2.137931883202074e-02
-9.02923 2.131879784096240e-02
-9.01502 2.125406905400276e-02
-9.00080 2.118599377055952e-02
-8.98659 2.111400551020099e-02
-8.97237 2.103679333244998e-02
-8.95816 2.095348388827995e-02
-8.94394 2.086449787888750e-02
-8.92973 2.077163157792894e-02
-8.91552 2.067741370651879e-02
-8.90130 2.058414929597259e-02
-8.88709 2.049314112565715e-02
-8.87287 2.040440652303071e-02
-8.85866 2.031692677709135e-02
-8.84444 2.022923380971704e-02
-8.83023 2.014004397218247e-02
-8.81602 2.004869439507378e-02
-8.80180 1.995526545394113e-02
-8.78759 1.986041100119840e-02
-8.77337 1.976501343352537e-02
-8.75916 1.966981333759134e-02
-8.74494 1.957514055965258e-02
-8.73073 1.948081694723359e-02
-8.71652 1.938623564576857e-02
-8.70230 1.929056814345941e-02
-8.68809 1.919302055993889e-02
-8.67387 1.909305832948437e-02
-8.65966 1.899053900442371e-02
-8.64545 1.888572677405385e-02
-8.63123 1.877919803633645e-02
-8.61702 1.867167507144563e-02
-8.60280 1.856383854127097e-02
-8.58859 1.845616796882844e-02
-8.57437 1.834884554386402e-02
-8.56016 1.824173816202978e-02
-8.54595 1.813445176240238e-02
-8.53173 1.802643592259979e-02
-8.51752 1.791710831278369e-02
-8.50330 1.780596860503826e-02
-8.48909 1.769267834849596e-02
-8.47487 1.757709442777220e-02
-8.46066 1.745925586892141e-02
-8.44645 1.733933412069065e-02
-8.43223 1.721756355503825e-02
-8.41802 1.709417094055837e-02
-8.40380 1.696932027530642e-02
-8.38959 1.684308371859724e-02
-8.37538 1.671544205119926e-02
-8.36116 1.658631086537277e-02
-8.34695 1.645558305688815e-02
-8.33273 1.632317518171342e-02
-8.31852 1.618906523625358e-02
-8.30430 1.605331216709967e-02
-8.29009 1.591605213309150e-02
-8.27588 1.577747212060963e-02
-8.26166 1.563776675494792e-02
-8.24745 1.549708800137612e-02
-8.23323 1.535549918103379e-02
-8.21902 1.521294404876109e-02
-8.20480 1.506923876550831e-02
-8.19059 1.492409002861908e-02
-8.17638 1.477713726973282e-02
-8.16216 1.462801169326130e-02
-8.14795 1.447640096896663e-02
-8.13373 1.432210637421175e-02
-8.11952 1.416507955253159e-02
-8.10531 1.400542887689506e-02
-8.09109 1.384339034179241e-02
-8.07688 1.367926426625103e-02
-8.06266 1.351332591134152e-02
-8.04845 1.334572429284311e-02
-8.03423 1.317638787462922e-02
-8.02002 1.300495744049086e-02
-8.00581 1.283076447372108e-02
-7.99159 1.265286740974907e-02
-7.97738 1.247014830532483e-02
-7.96316 1.228145970826407e-02
-7.94895 1.208579774740077e-02
-7.93473 1.188246573650857e-02
-7.92052 1.167118681164283e-02
-7.90631 1.145212831724923e-02
-7.89209 1.122581764514608e-02
-7.87788 1.099295906549298e-02
-7.86366 1.075419966952450e-02
-7.84945 1.050993076422932e-02
-7.83524 1.026023451659372e-02
-7.82102 1.000507521922212e-02
-7.80681 9.744770045682680e-03
-7.79259 9.480645759380386e-03
-7.77838 9.215618168445031e-03
-7.76416 8.954298163703795e-03
-7.74995 8.702259914583040e-03
-7.73574 8.464417713514623e-03
-7.72152 8.243041121666531e-03
-7.70731 8.036584877248032e-03
-7.69309 7.840804672569389e-03
-7.67888 7.652964774637555e-03
-7.66466 7.477664077947625e-03
-7.65045 7.329167523710312e-03
-7.63624 7.223277289124869e-03
-7.62202 7.158000128729889e-03
-7.60781 7.101924213999928e-03
-7.59359 7.035148917339808e-03
-7.57938 7.026294968259662e-03
-7.56517 7.081611549456731e-03
-7.55095 6.833315289184873e-03
-7.53674 6.024247420243732e-03
-7.52252 5.120618998907432e-03
-7.50831 4.612737449589556e-03
-7.49409 4.481403238846752e-03
-7.47988 4.538534871499679e-03
-7.46567 4.654466556487997e-03
-7.45145 4.755934189672648e-03
-7.43724 4.820320383556237e-03
-7.42302 4.868284010201141e-03
-7.40881 4.933648889717832e-03
-7.39459 5.033315963365047e-03
-7.38038 5.160886724269766e-03
-7.36617 5.300815249877104e-03
-7.35195 5.443920242665079e-03
-7.33774 5.591954849059381e-03
-7.32352 5.752704051244377e-03
-7.30931 5.932987389376993e-03
-7.29510 6.134746344083691e-03
-7.28088 6.355161879246930e-03
-7.26667 6.589174150195999e-03
-7.25245 6.832272985736062e-03
-7.23824 7.082150288557503e-03
-7.22402 7.338860392670962e-03
-7.20981 7.603921926704515e-03
-7.19560 7.879086918097043e-03
-7.18138 8.165380219610658e-03
-7.16717 8.462696112106644e-03
-7.15295 8.769931681227019e-03
-7.13874 9.085447653584161e-03
-7.12452 9.407596370071125e-03
-7.11031 9.735109438477298e-03
-7.09610 1.006724188541118e-02
-7.08188 1.040367714134352e-02
-7.06767 1.074427526001714e-02
-7.05345 1.108878125972091e-02
-7.03924 1.143660330741788e-02
-7.02503 1.178673397290802e-02
-7.01081 1.213783824457234e-02
-6.99660 1.248848441721485e-02
-6.98238 1.283745895335115e-02
-6.96817 1.318408926284172e-02
-6.95395 1.352849954466725e-02
-6.93974 1.387174143438163e-02
-6.92553 1.421576826508577e-02
-6.91131 1.456325361440519e-02
-6.89710 1.491728595867406e-02
-6.88288 1.528099683913695e-02
-6.86867 1.565719608778126e-02
-6.85445 1.604809174214020e-02
-6.84024 1.645516331142518e-02
-6.82603 1.687923609133974e-02
-6.81181 1.732077447722822e-02
-6.79760 1.778037848308167e-02
-6.78338 1.825943476547374e-02
-6.76917 1.876084427862273e-02
-6.75495 1.928972345719846e-02
-6.74074 1.985395513130143e-02
-6.72653 2.046446024111881e-02
-6.71231 2.113511308774428e-02
-6.69810 2.188243059132142e-02
-6.68388 2.272569440754879e-02
-6.66967 2.368912630269362e-02
-6.65546 2.480877885742833e-02
-6.64124 2.614648087447418e-02
-6.62703 2.780910669643302e-02
-6.61281 2.996299682921969e-02
-6.59860 3.283056763025526e-02
-6.58438 3.672429811413372e-02
-6.57017 4.252065866648412e-02
-6.55596 5.205517786272892e-02
-6.54174 6.098061751248372e-02
-6.52753 6.609859341061991e-02
-6.51331 7.516977524322196e-02
-6.49910 8.374706100377002e-02
-6.48488 8.772953703361089e-02
-6.47067 1.112651265199622e-01
-6.45646 7.451626016724110e-02
-6.44224 6.965481733000134e-02
-6.42803 6.480947029092815e-02
-6.41381 6.021816986637048e-02
-6.39960 5.639676351832536e-02
-6.38539 5.341247404218819e-02
-6.37117 5.107878639494007e-02
-6.35696 4.916066223350635e-02
-6.34274 4.748560069955418e-02
-6.32853 4.596314831217231e-02
-6.31431 4.455952219306783e-02
-6.30010 4.326633128253329e-02
-6.28589 4.208013081788381e-02
-6.27167 4.099407231316857e-02
-6.25746 3.999715556648471e-02
-6.24324 3.907650047577404e-02
-6.22903 3.821981312025412e-02
-6.21481 3.741689638701907e-02
-6.20060 3.666008907727727e-02
-6.18639 3.594396383256736e-02
-6.17217 3.526469180884782e-02
-6.15796 3.461938651235277e-02
-6.14374 3.400559831853886e-02
-6.12953 3.342101122062341e-02
-6.11532 3.286331770416789e-02
-6.10110 3.233021477043860e-02
-6.08689 3.181946153043631e-02
-6.07267 3.132895220981297e-02
-6.05846 3.085677658249608e-02
-6.04424 3.040125595184581e-02
-6.03003 2.996095391803536e-02
-6.01582 2.953466707886441e-02
-6.00160 2.912140266509386e-02
-5.98739 2.872034947934768e-02
-5.97317 2.833084678652820e-02
-5.95896 2.795235396633648e-02
-5.94474 2.758442230565744e-02
-5.93053 2.722666944096170e-02
-5.91632 2.687875659160346e-02
-5.90210 2.654036868309408e-02
-5.88789 2.621119756119648e-02
-5.87367 2.589092859892576e-02
-5.85946 2.557923101510825e-02
-5.84525 2.527575212828253e-02
-5.83103 2.498011557922644e-02
-5.81682 2.469192330903264e-02
-5.80260 2.441076082439237e-02
-5.78839 2.413620505957572e-02
-5.77417 2.386783398568788e-02
-5.75996 2.360523703818996e-02
-5.74575 2.334802543631198e-02
-5.73153 2.309584154540811e-02
-5.71732 2.284836657115521e-02
-5.70310 2.260532605478999e-02
-5.68889 2.236649284238864e-02
-5.67467 2.213168741058116e-02
-5.66046 2.190077563036129e-02
-5.64625 2.167366422701450e-02
-5.63203 2.145029433805321e-02
-5.61782 2.123063367605811e-02
-5.60360 2.101466786621559e-02
-5.58939 2.080239154873032e-02
-5.57518 2.059379981637932e-02
-5.56096 2.038888050168302e-02
-5.54675 2.018760774273167e-02
-5.53253 1.998993714917612e-02
-5.51832 1.979580276863107e-02
-5.50410 1.960511592736640e-02
-5.48989 1.941776589602114e-02
-5.47568 1.923362221874222e-02
-5.46146 1.905253844901090e-02
-5.44725 1.887435696234716e-02
-5.43303 1.869891446823317e-02
-5.41882 1.852604782232628e-02
-5.40460 1.835559974493893e-02
-5.39039 1.818742408083697e-02
-5.37618 1.802139028527431e-02
-5.36196 1.785738688741406e-02
-5.34775 1.769532375975682e-02
-5.33353 1.753513310544864e-02
-5.31932 1.737676915894741e-02
-5.30511 1.722020667441533e-02
-5.29089 1.706543834594536e-02
-5.27668 1.691247136073977e-02
-5.26246 1.676132332806452e-02
-5.24825 1.661201785170622e-02
-5.23403 1.646458002134960e-02
-5.21982 1.631903208939165e-02
-5.20561 1.617538957575301e-02
-5.19139 1.603365800653787e-02
-5.17718 1.589383044580967e-02
-5.16296 1.575588592654171e-02
-5.14875 1.561978883038261e-02
-5.13453 1.548548920962321e-02
-5.12032 1.535292399181321e-02
-5.10611 1.522201896062159e-02
-5.09189 1.509269136802385e-02
-5.07768 1.496485300438997e-02
-5.06346 1.483841353555264e-02
-5.04925 1.471328390980188e-02
-5.03504 1.458937964269480e-02
-5.02082 1.446662380271486e-02
-5.00661 1.434494954480033e-02
-4.99239 1.422430206982405e-02
-4.97818 1.410463992421242e-02
-4.96396 1.398593559285444e-02
-4.94975 1.386817537805867e-02
-4.93554 1.375135859544727e-02
-4.92132 1.363549615240525e-02
-4.90711 1.352060860439103e-02
-4.89289 1.340672380777214e-02
-4.87868 1.329387430398862e-02
-4.86446 1.318209457829480e-02
-4.85025 1.307141833704001e-02
-4.83604 1.296187594076408e-02
-4.82182 1.285349211701144e-02
-4.80761 1.274628405770971e-02
-4.79339 1.264025998245494e-02
-4.77918 1.253541822248791e-02
-4.76496 1.243174685200998e-02
-4.75075 1.232922386524623e-02
-4.73654 1.222781787072085e-02
-4.72232 1.212748924983230e-02
-4.70811 1.202819170607631e-02
-4.69389 1.192987411500759e-02
-4.67968 1.183248257383468e-02
-4.66547 1.173596254371480e-02
-4.65125 1.164026097738828e-02
-4.63704 1.154532832953626e-02
-4.62282 1.145112035669921e-02
-4.60861 1.135759962709118e-02
-4.59439 1.126473667736659e-02
-4.58018 1.117251077241090e-02
-4.56597 1.108091024454305e-02
-4.55175 1.098993240913892e-02
-4.53754 1.089958307365243e-02
-4.52332 1.080987567545433e-02
-4.50911 1.072083010008664e-02
-4.49489 1.063247124486745e-02
-4.48068 1.054482740290202e-02
-4.46647 1.045792854932156e-02
-4.45225 1.037180461511154e-02
-4.43804 1.028648383465981e-02
-4.42382 1.020199125199998e-02
-4.40961 1.011834746900903e-02
-4.39540 1.003556771861469e-02
-4.38118 9.953661350478009e-03
-4.36697 9.872631830305274e-03
-4.35275 9.792477384015797e-03
-4.33854 9.713192475484892e-03
-4.32432 9.634770408985048e-03
-4.31011 9.557207523002445e-03
-4.29590 9.480509736966602e-03
-4.28168 9.404702702283897e-03
-4.26747 9.329847617376878e-03
-4.25325 9.256066093903914e-03
-4.23904 9.183579642166104e-03
-4.22482 9.112772985298554e-03
-4.21061 9.044296789402780e-03
-4.19640 8.979237494793643e-03
-4.18218 8.919406680678367e-03
-4.16797 8.867853898034619e-03
-4.15375 8.829807111495837e-03
-4.13954 8.814411818555965e-03
-4.12533 8.837854192476876e-03
-4.11111 8.928627844781021e-03
-4.09690 9.135733401336691e-03
-4.08268 9.540427195314489e-03
-4.06847 1.027119967892827e-02
-4.05425 1.152055139086607e-02
-4.04004 1.364228336537438e-02
-4.02583 1.772250007004531e-02
-4.01161 2.416906396888674e-02
-3.99740 2.881786020976744e-02
-3.98318 3.209332087388776e-02
-3.96897 3.651510460645720e-02
-3.95475 4.057396684743880e-02
-3.94054 4.361794950095992e-02
-3.92633 4.609710242145192e-02
-3.91211 4.859929909450610e-02
-3.89790 5.139068820321029e-02
-3.88368 5.441791303737629e-02
-3.86947 5.754654708389702e-02
-3.85526 6.072248787903239e-02
-3.84104 6.398456658432973e-02
-3.82683 6.742979110663844e-02
-3.81261 7.119902422327375e-02
-3.79840 7.542881606472608e-02
-3.78418 8.006474785844532e-02
-3.76997 8.460113569380059e-02
-3.75576 8.809198384334858e-02
-3.74154 8.968356561923414e-02
-3.72733 8.929495398840410e-02
-3.71311 8.771458189910646e-02
-3.69890 8.597270518043540e-02
-3.68468 8.465954174102731e-02
-3.67047 8.378706071487808e-02
-3.65626 8.309354189526366e-02
-3.64204 8.235487530229217e-02
-3.62783 8.148892014038739e-02
-3.61361 8.051657147897587e-02
-3.59940 7.949684215948646e-02
-3.58519 7.848678329602168e-02
-3.57097 7.752646382736623e-02
-3.55676 7.663758047039729e-02
-3.54254 7.582766805048483e-02
-3.52833 7.509569672637387e-02
-3.51411 7.443687868630883e-02
-3.49990 7.384574018789337e-02
-3.48569 7.331742823350462e-02
-3.47147 7.284778632953887e-02
-3.45726 7.243289807780061e-02
-3.44304 7.206865406979672e-02
-3.42883 7.175062459568847e-02
-3.41461 7.147427193619345e-02
-3.40040 7.123538558398296e-02
-3.38619 7.103057363391642e-02
-3.37197 7.085766056896579e-02
-3.35776 7.071588977790924e-02
-3.34354 7.060588433184298e-02
-3.32933 7.052937004570198e-02
-3.31512 7.048870592165075e-02
-3.30090 7.048629651849393e-02
-3.28669 7.052397714290175e-02
-3.27247 7.060246532400095e-02
-3.25826 7.072096143053896e-02
-3.24404 7.087695959747765e-02
-3.22983 7.106630056369040e-02
-3.21562 7.128346443581897e-02
-3.20140 7.152206786548541e-02
-3.18719 7.177550073475711e-02
-3.17297 7.203761607991593e-02
-3.15876 7.230337704031874e-02
-3.14454 7.256936845613635e-02
-3.13033 7.283409899162709e-02
-3.11612 7.309805063340488e-02
-3.10190 7.336347184125486e-02
-3.08769 7.363395204522416e-02
-3.07347 7.391385095228527e-02
-3.05926 7.420767900023374e-02
-3.04505 7.451953014198669e-02
-3.03083 7.485265339809925e-02
-3.01662 7.520921804654061e-02
-3.00240 7.559028579644549e-02
-2.98819 7.599596151572044e-02
-2.97397 7.642566244652181e-02
-2.95976 7.687843285223185e-02
-2.94555 7.735324081642971e-02
-2.93133 7.784922440686028e-02
-2.91712 7.836589687946248e-02
-2.90290 7.890336079064687e-02
-2.88869 7.946260226650720e-02
-2.87447 8.004592548753758e-02
-2.86026 8.065753889886061e-02
-2.84605 8.130422797145163e-02
-2.83183 8.199596750017443e-02
-2.81762 8.274626598596278e-02
-2.80340 8.357200596335720e-02
-2.78919 8.449252555812201e-02
-2.77497 8.552764070040741e-02
-2.76076 8.669424966727941e-02
-2.74655 8.800124666335594e-02
-2.73233 8.944298226382713e-02
-2.71812 9.099262826283797e-02
-2.70390 9.259822988412708e-02
-2.68969 9.418504160943086e-02
-2.67548 9.566743341120701e-02
-2.66126 9.697852515236971e-02
-2.64705 9.818527234639055e-02
-2.63283 9.996397087436153e-02
-2.61862 1.040621875177852e-01
-2.60440 1.103358877070309e-01
-2.59019 1.137607312225481e-01
-2.57598 1.129670431290258e-01
-2.56176 1.122141006396235e-01
-2.54755 1.125727489315608e-01
-2.53333 1.128263787829712e-01
-2.51912 1.125247867012848e-01
-2.50490 1.118984015911322e-01
-2.49069 1.112937691073246e-01
-2.47648 1.108698828890372e-01
-2.46226 1.105777813907262e-01
-2.44805 1.102944672740395e-01
-2.43383 1.099335592889884e-01
-2.41962 1.094794214000632e-01
-2.40541 1.089731809275205e-01
-2.39119 1.084777264425340e-01
-2.37698 1.080400910332128e-01
-2.36276 1.076692616120941e-01
-2.34855 1.073384252825868e-01
-2.33433 1.070055431053377e-01
-2.32012 1.066375492791094e-01
-2.30591 1.062253520904150e-01
-2.29169 1.057845670759879e-01
-2.27748 1.053446769668177e-01
-2.26326 1.049336972714860e-01
-2.24905 1.045657037923777e-01
-2.23483 1.042358149404733e-01
-2.22062 1.039233163635966e-01
-2.20641 1.036003783574181e-01
-2.19219 1.032422982248806e-01
-2.17798 1.028354983656338e-01
-2.16376 1.023810289424132e-01
-2.14955 1.018932182557531e-01
-2.13534 1.013946748199364e-01
-2.12112 1.009096827170752e-01
-2.10691 1.004580860329683e-01
-2.09269 1.000512088355192e-01
-2.07848 9.969050276633454e-02
-2.06426 9.936876021470920e-02
-2.05005 9.907310707378672e-02
-2.03584 9.878870717826335e-02
-2.02162 9.850216379945602e-02
-2.00741 9.820389811516721e-02
-1.99319 9.788918720484112e-02
-1.97898 9.755792810874971e-02
-1.96476 9.721347067580972e-02
-1.95055 9.686099106925851e-02
-1.93634 9.650586667105905e-02
-1.92212 9.615240032903483e-02
-1.90791 9.580307993246985e-02
-1.89369 9.545839822646585e-02
-1.87948 9.511713384035281e-02
-1.86527 9.477692531514662e-02
-1.85105 9.443495549626237e-02
-1.83684 9.408859155058426e-02
-1.82262 9.373587773620241e-02
-1.80841 9.337583564624140e-02
-1.79419 9.300857582704290e-02
-1.77998 9.263525722875993e-02
-1.76577 9.225794460994191e-02
-1.75155 9.187941129075855e-02
-1.73734 9.150292109652147e-02
-1.72312 9.113200573333284e-02
-1.70891 9.077023850597088e-02
-1.69469 9.042099678598765e-02
-1.68048 9.008720603563972e-02
-1.66627 8.977106694653375e-02
-1.65205 8.947378162402161e-02
-1.63784 8.919531058853998e-02
-1.62362 8.893420500904596e-02
-1.60941 8.868756369127073e-02
-1.59520 8.845115860232057e-02
-1.58098 8.821975445226203e-02
-1.56677 8.798761764440881e-02
-1.55255 8.774917113548303e-02
-1.53834 8.749971093966910e-02
-1.52412 8.723606648544852e-02
-1.50991 8.695707144603679e-02
-1.49570 8.666372330832182e-02
-1.48148 8.635895335297529e-02
-1.46727 8.604700080541498e-02
-1.45305 8.573247419160829e-02
-1.43884 8.541927151752560e-02
-1.42462 8.510959836836206e-02
-1.41041 8.480334949443534e-02
-1.39620 8.449808583416375e-02
-1.38198 8.418972685155411e-02
-1.36777 8.387387758298068e-02
-1.35355 8.354744285759309e-02
-1.33934 8.320993410242133e-02
-1.32513 8.286380677619286e-02
-1.31091 8.251345659245582e-02
-1.29670 8.216321992116399e-02
-1.28248 8.181567328185728e-02
-1.26827 8.147208291488711e-02
-1.25405 8.113586483697827e-02
-1.23984 8.081637605214223e-02
-1.22563 8.052607332250218e-02
-1.21141 8.026605945201871e-02
-1.19720 8.000820947804897e-02
-1.18298 7.969183537211763e-02
-1.16877 7.923548978033318e-02
-1.15455 7.855266961763631e-02
-1.14034 7.762819139146045e-02
-1.12613 7.667321196007357e-02
-1.11191 7.590033016213960e-02
-1.09770 7.373056646283123e-02
-1.08348 7.009948829800414e-02
-1.06927 6.704920664687564e-02
-1.05506 6.444682014821948e-02
-1.04084 6.204811139867191e-02
-1.02663 5.993354044490812e-02
-1.01241 5.814323594988146e-02
-0.99820 5.656501599521549e-02
-0.98398 5.505381962185987e-02
-0.96977 5.353573187667998e-02
-0.95556 5.202540504092201e-02
-0.94134 5.057878089727300e-02
-0.92713 4.923769571046211e-02
-0.91291 4.800468863848343e-02
-0.89870 4.685144475291381e-02
-0.88448 4.574297710903366e-02
-0.87027 4.465709691069729e-02
-0.85606 4.358963045101802e-02
-0.84184 4.254819237357964e-02
-0.82763 4.154239791238045e-02
-0.81341 4.057671803327507e-02
-0.79920 3.964826645210988e-02
-0.78498 3.874871932808487e-02
-0.77077 3.786819132753895e-02
-0.75656 3.699890074377582e-02
-0.74234 3.613721459419598e-02
-0.72813 3.528373846832570e-02
-0.71391 3.444210827922912e-02
-0.69970 3.361750162560096e-02
-0.68549 3.281543127647123e-02
-0.67127 3.204073236445835e-02
-0.65706 3.129656519453525e-02
-0.64284 3.058363186110276e-02
-0.62863 2.989991300398504e-02
-0.61441 2.924085914392714e-02
-0.60020 2.859976236263767e-02
-0.58599 2.796843076125147e-02
-0.57177 2.733868292540367e-02
-0.55756 2.670468639618354e-02
-0.54334 2.606504212764415e-02
-0.52913 2.542313366619574e-02
-0.51491 2.478537415387447e-02
-0.50070 2.415857572841260e-02
-0.48649 2.354802461824863e-02
-0.47227 2.295667079289625e-02
-0.45806 2.238466733066493e-02
-0.44384 2.182880185067379e-02
-0.42963 2.128264369868477e-02
-0.41542 2.073850066622407e-02
-0.40120 2.019066162678768e-02
-0.38699 1.963762161636584e-02
-0.37277 1.908148348423696e-02
-0.35856 1.852542342769414e-02
-0.34434 1.797207194780841e-02
-0.33013 1.742445120851519e-02
-0.31592 1.688775304304202e-02
-0.30170 1.636846072917434e-02
-0.28749 1.586965184981624e-02
-0.27327 1.538572607945559e-02
-0.25906 1.490104781687479e-02
-0.24484 1.439335902306857e-02
-0.23063 1.383964372318340e-02
-0.21642 1.322433528366797e-02
-0.20220 1.255279429745459e-02
-0.18799 1.186728949448319e-02
-0.17377 1.124743796252115e-02
-0.15956 1.077046876228000e-02
-0.14535 1.043933257219250e-02
-0.13113 1.014646940342618e-02
-0.11692 9.733804415841004e-03
-0.10270 9.100651849919693e-03
-0.08849 8.253971221090227e-03
-0.07427 7.306458866733838e-03
-0.06006 6.604200967463719e-03
-0.04585 6.763474729262553e-03
-0.03163 7.259625519013491e-03
-0.01742 6.130202427849801e-03
-0.00320 3.857474974209335e-03
0.01101 2.334245480063423e-03
0.02523 1.625076323660709e-03
0.03944 1.209153350118053e-03
0.05365 9.037337021463944e-04
0.06787 6.724708437842648e-04
0.08208 4.990656293333736e-04
0.09630 3.701054080234738e-04
0.11051 2.746222739586440e-04
0.12472 2.040856882924493e-04
0.13894 1.520440147262075e-04
0.15315 1.136686875689159e-04
0.16737 8.535781111165122e-05
0.18158 6.443528229283759e-05
0.19580 4.892642461049822e-05
0.21001 3.738546837753268e-05
0.22422 2.876032444153189e-05
0.23844 2.228773129249626e-05
0.25265 1.741423221814593e-05
0.26687 1.373838283332062e-05
0.28108 1.096945023536101e-05
0.29530 8.898338620810696e-06
0.30951 7.377359943083051e-06
0.32372 6.306411529656760e-06
0.33794 5.623921750276426e-06
0.35215 5.301532367139832e-06
0.36637 5.341939623709831e-06
0.38058 5.779680172681601e-06
0.39479 6.684986744185313e-06
0.40901 8.171205364288805e-06
0.42322 1.040669487718293e-05
0.43744 1.363261540933864e-05
0.45165 1.818847341178360e-05
0.46587 2.454751483397750e-05
0.48008 3.336365337770503e-05
0.49429 4.553002716694078e-05
0.50851 6.224596889735973e-05
0.52272 8.508450921317477e-05
0.53694 1.160507787395481e-04
0.55115 1.576387866553871e-04
0.56537 2.129637665233659e-04
0.57958 2.861956951978386e-04
0.59379 3.837836988171670e-04
0.60801 5.176164328004398e-04
0.62222 7.103576106112829e-04
0.63644 9.894563184789664e-04
0.65065 1.818504006629110e-03
0.66486 1.801329861176812e-03
0.67908 1.879918751233819e-03
0.69329 2.006529953775752e-03
0.70751 2.160202758426747e-03
0.72172 2.390199620751954e-03
0.73594 2.676865190507959e-03
0.75015 2.991908534839740e-03
0.76436 3.324260501032959e-03
0.77858 3.673155829153982e-03
0.79279 4.031382727845996e-03
0.80701 4.379268099397622e-03
0.82122 4.700396377741439e-03
0.83544 4.995415847044542e-03
0.84965 5.270292338857252e-03
0.86386 5.523036709609351e-03
0.87808 5.754270609096908e-03
0.89229 5.978126153693660e-03
0.90651 6.210902407218549e-03
0.92072 6.456141514019639e-03
0.93493 6.706039503542923e-03
0.94915 6.951828095681171e-03
0.96336 7.189651024790540e-03
0.97758 7.419980706366754e-03
0.99179 7.644976950121842e-03
1.00601 7.866867267790786e-03
1.02022 8.087824055696639e-03
1.03443 8.310490449230764e-03
1.04865 8.538204344336123e-03
1.06286 8.774762294430636e-03
1.07708 9.027854150654713e-03
1.09129 9.342354994052149e-03
1.10551 9.862353754601986e-03
1.11972 1.039155262174999e-02
1.13393 1.041609663148004e-02
1.14815 1.062633781548646e-02
1.16236 1.092362069085219e-02
1.17658 1.120595274132431e-02
1.19079 1.147878485957526e-02
1.20501 1.177124600973062e-02
1.21922 1.208193391971751e-02
1.23343 1.238712137698114e-02
1.24765 1.267507485621510e-02
1.26186 1.295676238257575e-02
1.27608 1.324752142773483e-02
1.29029 1.355188757248791e-02
1.30450 1.386534232832545e-02
1.31872 1.418147746886737e-02
1.33293 1.449597830053609e-02
1.34715 1.480770996132041e-02
1.36136 1.511832839328449e-02
1.37558 1.543095578748700e-02
1.38979 1.574855535710194e-02
1.40400 1.607273511771320e-02
1.41822 1.640340125132997e-02
1.43243 1.673923621976820e-02
1.44665 1.707864138855257e-02
1.46086 1.742066671523089e-02
1.47508 1.776554788039452e-02
1.48929 1.811469955844739e-02
1.50350 1.847025552752878e-02
1.51772 1.883440496005953e-02
1.53193 1.920880484755793e-02
1.54615 1.959426516571541e-02
1.56036 1.999076203897049e-02
1.57457 2.039770188012794e-02
1.58879 2.081428459992831e-02
1.60300 2.123981109705116e-02
1.61722 2.167383382294197e-02
1.63143 2.211612855757408e-02
1.64565 2.256653997463576e-02
1.65986 2.302480147548560e-02
1.67407 2.349044106478998e-02
1.68829 2.396286035252641e-02
1.70250 2.444162231306180e-02
1.71672 2.492692013732376e-02
1.73093 2.542014111673871e-02
1.74515 2.592439999299920e-02
1.75936 2.644490283714978e-02
1.77357 2.698901392391364e-02
1.78779 2.756592611118936e-02
1.80200 2.818587121519865e-02
1.81622 2.885885044040737e-02
1.83043 2.959293027625323e-02
1.84464 3.039226015175831e-02
1.85886 3.125513447550398e-02
1.87307 3.217259801862883e-02
1.88729 3.312814106615672e-02
1.90150 3.409875725208880e-02
1.91572 3.505702340181043e-02
1.92993 3.597340060088633e-02
1.94414 3.681860764144260e-02
1.95836 3.756808791489157e-02
1.97257 3.821233093225351e-02
1.98679 3.877335971994919e-02
2.00100 3.931605892513789e-02
2.01522 3.992093729932594e-02
2.02943 4.057135841178069e-02
2.04364 4.105918829658566e-02
2.05786 4.119995005345938e-02
2.07207 4.112334650919613e-02
2.08629 4.106871410639761e-02
2.10050 4.106722965837144e-02
2.11471 4.101863557842625e-02
2.12893 4.087708575031954e-02
2.14314 4.068174171570670e-02
2.15736 4.049700938780344e-02
2.17157 4.037257705301390e-02
2.18579 4.036547341233599e-02
2.20000 4.058087352475780e-02
