-12.00000 4.480148289560564e-39
-11.98579 2.665104596588013e-38
-11.97157 1.577734952808817e-37
-11.95736 9.292951963375754e-37
-11.94314 5.445213615188291e-36
-11.92893 3.173973222748524e-35
-11.91471 1.840549947069420e-34
-11.90050 1.061975529383020e-33
-11.88629 6.098129398734407e-33
-11.87207 3.485747150687643e-32
-11.85786 1.983821057308506e-31
-11.84364 1.124275728943443e-30
-11.82943 6.344673025095681e-30
-11.81522 3.564888062871764e-29
-11.80100 1.993626446828216e-28
-11.78679 1.109166190648953e-27
-11.77257 6.135462254717645e-27
-11.75836 3.372192888281658e-26
-11.74414 1.840394701810706e-25
-11.72993 9.967633730932303e-25
-11.71572 5.354966221743703e-24
-11.70150 2.852790429275403e-23
-11.68729 1.506814917114299e-22
-11.67307 7.890540981885661e-22
-11.65886 4.096585209035988e-21
-11.64464 2.108764278408312e-20
-11.63043 1.076329849157497e-19
-11.61622 5.447455605282858e-19
-11.60200 2.734061549066241e-18
-11.58779 1.361020465916770e-17
-11.57357 6.721938784997316e-17
-11.55936 3.295096817065621e-16
-11.54515 1.603668368658946e-15
-11.53093 7.747592202233522e-15
-11.51672 3.711620268538941e-14
-11.50250 1.759172507285953e-13
-11.48829 8.221156683558934e-13
-11.47407 3.774562213826689e-12
-11.45986 1.698448537200961e-11
-11.44565 7.490230742876601e-11
-11.43143 3.244807604160836e-10
-11.41722 1.383512605949844e-09
-11.40300 5.796058113939812e-09
-11.38879 2.376382212601297e-08
-11.37457 9.520230738617275e-08
-11.36036 3.671529746690040e-07
-11.34615 1.280318897572267e-06
-11.33193 3.681816552594284e-06
-11.31772 8.265939141031821e-06
-11.30350 1.475404430191146e-05
-11.28929 2.254830185796457e-05
-11.27508 3.170653909640670e-05
-11.26086 4.220318362599200e-05
-11.24665 5.348644507607012e-05
-11.23243 6.524876597315030e-05
-11.21822 7.774780307786572e-05
-11.20400 9.134735665523444e-05
-11.18979 1.060963175317899e-04
-11.17558 1.217486113181608e-04
-11.16136 1.380501268607620e-04
-11.14715 1.549620545710052e-04
-11.13293 1.726526188261651e-04
-11.11872 1.913247678321253e-04
-11.10450 2.110525915106095e-04
-11.09029 2.317391713917955e-04
-11.07608 2.531912557912177e-04
-11.06186 2.752362937903145e-04
-11.04765 2.978076739235770e-04
-11.03343 3.209627829856725e-04
-11.01922 3.448398159805507e-04
-11.00501 3.695845182973895e-04
-10.99079 3.952836809745070e-04
-10.97658 4.219323052651439e-04
-10.96236 4.494431619146512e-04
-10.94815 4.776892167295492e-04
-10.93393 5.065579402270036e-04
-10.91972 5.359950608744819e-04
-10.90551 5.660225955081865e-04
-10.89129 5.967275888920293e-04
-10.87708 6.282288284498223e-04
-10.86286 6.606352365756030e-04
-10.84865 6.940104370200028e-04
-10.83443 7.283540443130890e-04
-10.82022 7.636036933367417e-04
-10.80601 7.996551394452488e-04
-10.79179 8.363928660369809e-04
-10.77758 8.737215917520011e-04
-10.76336 9.115899553991814e-04
-10.74915 9.500007614735791e-04
-10.73493 9.890063283392589e-04
-10.72072 1.028691464569208e-03
-10.70651 1.069149435125831e-03
-10.69229 1.110457446790824e-03
-10.67808 1.152657648583784e-03
-10.66386 1.195747774989243e-03
-10.64965 1.239682963694270e-03
-10.63544 1.284387622704030e-03
-10.62122 1.329774082285930e-03
-10.60701 1.375763533291844e-03
-10.59279 1.422304578425890e-03
-10.57858 1.469385531622805e-03
-10.56436 1.517038134079472e-03
-10.55015 1.565332242292520e-03
-10.53594 1.614362881757817e-03
-10.52172 1.664232495683721e-03
-10.50751 1.715032006732744e-03
-10.49329 1.766824352198094e-03
-10.47908 1.819633499917258e-03
-10.46486 1.873440780351676e-03
-10.45065 1.928188936838031e-03
-10.43644 1.983792882972972e-03
-10.42222 2.040155015907255e-03
-10.40801 2.097182247566302e-03
-10.39379 2.154801766735486e-03
-10.37958 2.212972917109225e-03
-10.36537 2.271693366240390e-03
-10.35115 2.330998783810299e-03
-10.33694 2.390956353674136e-03
-10.32272 2.451653428364506e-03
-10.30851 2.513183348323039e-03
-10.29429 2.575630797723999e-03
-10.28008 2.639059025686227e-03
-10.26587 2.703500860278121e-03
-10.25165 2.768954769315839e-03
-10.23744 2.835386397085534e-03
-10.22322 2.902735163513443e-03
-10.20901 2.970924777929377e-03
-10.19479 3.039875993886270e-03
-10.18058 3.109519677172564e-03
-10.16637 3.179808295354569e-03
-10.15215 3.250724240620497e-03
-10.13794 3.322283909448147e-03
-10.12372 3.394537099217850e-03
-10.10951 3.467561948648171e-03
-10.09530 3.541456253504674e-03
-10.08108 3.616326453457622e-03
-10.06687 3.692275855770556e-03
-10.05265 3.769393711057191e-03
-10.03844 3.847746590137616e-03
-10.02422 3.927373161094886e-03
-10.01001 4.008282985753983e-03
-9.99580 4.090459412414012e-03
-9.98158 4.173866108627662e-03
-9.96737 4.258456321265947e-03
-9.95315 4.344183625376806e-03
-9.93894 4.431012764019369e-03
-9.92472 4.518929201778289e-03
-9.91051 4.607946205860428e-03
-9.89630 4.698108601029867e-03
-9.88208 4.789492772849694e-03
-9.86787 4.882202962892275e-03
-9.85365 4.976364352262346e-03
-9.83944 5.072113812717573e-03
-9.82523 5.169589474880447e-03
-9.81101 5.268920392224520e-03
-9.79680 5.370217556635226e-03
-9.78258 5.473567353037460e-03
-9.76837 5.579028249719591e-03
-9.75415 5.686631143541162e-03
-9.73994 5.796383359985263e-03
-9.72573 5.908275895644475e-03
-9.71151 6.022293132446662e-03
-9.69730 6.138423989383690e-03
-9.68308 6.256673337916110e-03
-9.66887 6.377072505240063e-03
-9.65465 6.499687820600581e-03
-9.64044 6.624626400862404e-03
-9.62623 6.752038685305529e-03
-9.61201 6.882117573524559e-03
-9.59780 7.015094359736933e-03
-9.58358 7.151231977985585e-03
-9.56937 7.290816386966974e-03
-9.55516 7.434147251897279e-03
-9.54094 7.581529415386912e-03
-9.52673 7.733266895882862e-03
-9.51251 7.889661097094252e-03
-9.49830 8.051014271327026e-03
-9.48408 8.217637904697666e-03
-9.46987 8.389863938460328e-03
-9.45566 8.568055850485404e-03
-9.44144 8.752618684128110e-03
-9.42723 8.944013928323499e-03
-9.41301 9.142795525992701e-03
-9.39880 9.349689554687011e-03
-9.38458 9.565727273212168e-03
-9.37037 9.792394454712448e-03
-9.35616 1.003168619410814e-02
-9.34194 1.028592133244524e-02
-9.32773 1.055733879293842e-02
-9.31351 1.084808951745355e-02
-9.29930 1.116209796828831e-02
-9.28509 1.150984454442425e-02
-9.27087 1.191263992770982e-02
-9.25666 1.239607816854144e-02
-9.24244 1.296607599817118e-02
-9.22823 1.358488080408062e-02
-9.21401 1.418051909989668e-02
-9.19980 1.468814822607136e-02
-9.18559 1.507213983991221e-02
-9.17137 1.530670658298503e-02
-9.15716 1.536738698139710e-02
-9.14294 1.526622052509395e-02
-9.12873 1.507449698099099e-02
-9.11451 1.488350797627344e-02
-9.10030 1.474590975640539e-02
-9.08609 1.466102647831856e-02
-9.07187 1.460233031398101e-02
-9.05766 1.454646186237330e-02
-9.04344 1.448305253083584e-02
-9.02923 1.441123932829469e-02
-9.01502 1.433353568231917e-02
-9.00080 1.425185262603340e-02
-8.98659 1.416624289674975e-02
-8.97237 1.407557419310589e-02
-8.95816 1.397898257857836e-02
-8.94394 1.387701986575407e-02
-8.92973 1.377186944854415e-02
-8.91552 1.366663970325721e-02
-8.90130 1.356421832221496e-02
-8.88709 1.346629467651428e-02
-8.87287 1.337296151184601e-02
-8.85866 1.328296787077796e-02
-8.84444 1.319440552589800e-02
-8.83023 1.310548534423595e-02
-8.81602 1.301510458127746e-02
-8.80180 1.292305325118630e-02
-8.78759 1.282987051804063e-02
-8.77337 1.273647717270108e-02
-8.75916 1.264375322161851e-02
-8.74494 1.255220822619214e-02
-8.73073 1.246183118436597e-02
-8.71652 1.237213463495956e-02
-8.70230 1.228234720024320e-02
-8.68809 1.219167374340033e-02
-8.67387 1.209953668785415e-02
-8.65966 1.200573140735809e-02
-8.64545 1.191046294622901e-02
-8.63123 1.181426866438793e-02
-8.61702 1.171786120491590e-02
-8.60280 1.162194192860842e-02
-8.58859 1.152703509235256e-02
-8.57437 1.143338039814908e-02
-8.56016 1.134090167406279e-02
-8.54595 1.124924863869575e-02
-8.53173 1.115789217296863e-02
-8.51752 1.106624439394206e-02
-8.50330 1.097377382586858e-02
-8.48909 1.088009180569753e-02
-8.47487 1.078499638205682e-02
-8.46066 1.068847137754134e-02
-8.44645 1.059064829571604e-02
-8.43223 1.049174547720740e-02
-8.41802 1.039200147742151e-02
-8.40380 1.029161818641929e-02
-8.38959 1.019072466707452e-02
-8.37538 1.008936645536801e-02
-8.36116 9.987518679277151e-03
-8.34695 9.885116156652831e-03
-8.33273 9.782090556330010e-03
-8.31852 9.678404140174842e-03
-8.30430 9.574071392183322e-03
-8.29009 9.469163380214654e-03
-8.27588 9.363794098651339e-03
-8.26166 9.258092331724468e-03
-8.24745 9.152165886672491e-03
-8.23323 9.046066757565909e-03
-8.21902 8.939765624505693e-03
-8.20480 8.833142166563427e-03
-8.19059 8.725994392618555e-03
-8.17638 8.618066225789792e-03
-8.16216 8.509088675301058e-03
-8.14795 8.398826829946334e-03
-8.13373 8.287123199753502e-03
-8.11952 8.173927969458214e-03
-8.10531 8.059308571489798e-03
-8.09109 7.943434401246610e-03
-8.07688 7.826536982297671e-03
-8.06266 7.708850745665673e-03
-8.04845 7.590544011487270e-03
-8.03423 7.471652943343033e-03
-8.02002 7.352032468303659e-03
-8.00581 7.231336888201190e-03
-7.99159 7.109038900646046e-03
-7.97738 6.984489146568316e-03
-7.96316 6.857009875631274e-03
-7.94895 6.726007193388690e-03
-7.93473 6.591078631468574e-03
-7.92052 6.452088977433073e-03
-7.90631 6.309189929189041e-03
-7.89209 6.162769882842643e-03
-7.87788 6.013338884710905e-03
-7.86366 5.861377687660192e-03
-7.84945 5.707203104726040e-03
-7.83524 5.550915662929236e-03
-7.82102 5.392488985158829e-03
-7.80681 5.232022742041398e-03
-7.79259 5.070108448686215e-03
-7.77838 4.908163820385803e-03
-7.76416 4.748519691391567e-03
-7.74995 4.594060971813484e-03
-7.73574 4.447387198333169e-03
-7.72152 4.309760109964458e-03
-7.70731 4.180430873412217e-03
-7.69309 4.057074405441659e-03
-7.67888 3.937719446541056e-03
-7.66466 3.823485833116677e-03
-7.65045 3.719797918169656e-03
-7.63624 3.632966066591521e-03
-7.62202 3.561800900578285e-03
-7.60781 3.492165985299691e-03
-7.59359 3.412407296134639e-03
-7.57938 3.343878444413553e-03
-7.56517 3.288805133482477e-03
-7.55095 3.118181860554508e-03
-7.53674 2.744498161400333e-03
-7.52252 2.341136831757682e-03
-7.50831 2.090445183704814e-03
-7.49409 1.987851093154403e-03
-7.47988 1.964360756610468e-03
-7.46567 1.972066319990851e-03
-7.45145 1.984133795793873e-03
-7.43724 1.991701059919241e-03
-7.42302 2.000806055103149e-03
-7.40881 2.021960298194104e-03
-7.39459 2.059982008597091e-03
-7.38038 2.111994866656453e-03
-7.36617 2.172275430965724e-03
-7.35195 2.237377458410854e-03
-7.33774 2.307510133002485e-03
-7.32352 2.384814091707411e-03
-7.30931 2.471040247027977e-03
-7.29510 2.566309541066037e-03
-7.28088 2.669212777299846e-03
-7.26667 2.777681806013314e-03
-7.25245 2.889919565111056e-03
-7.23824 3.004928829692172e-03
-7.22402 3.122535324347678e-03
-7.20981 3.243062731121740e-03
-7.19560 3.366909997452969e-03
-7.18138 3.494233838925307e-03
-7.16717 3.624827802538064e-03
-7.15295 3.758183378597226e-03
-7.13874 3.893655665939743e-03
-7.12452 4.030641845997051e-03
-7.11031 4.168702301466222e-03
-7.09610 4.307592517481075e-03
-7.08188 4.447211812902968e-03
-7.06767 4.587501301261543e-03
-7.05345 4.728333923851336e-03
-7.03924 4.869435232545223e-03
-7.02503 5.010359573473225e-03
-7.01081 5.150528295043992e-03
-6.99660 5.289319760689859e-03
-6.98238 5.426188828882982e-03
-6.96817 5.560787737466526e-03
-6.95395 5.693061049290321e-03
-6.93974 5.823293398572493e-03
-6.92553 5.952098500530344e-03
-6.91131 6.080349296047114e-03
-6.89710 6.209060288553902e-03
-6.88288 6.339242391390095e-03
-6.86867 6.471756551432152e-03
-6.85445 6.607194069541037e-03
-6.84024 6.745808463072349e-03
-6.82603 6.887516158826827e-03
-6.81181 7.031972263826682e-03
-6.79760 7.178714734943550e-03
-6.78338 7.327357232701094e-03
-6.76917 7.477799192630662e-03
-6.75495 7.630411918916909e-03
-6.74074 7.786152479083286e-03
-6.72653 7.946555240193292e-03
-6.71231 8.113560641233216e-03
-6.69810 8.289175061540451e-03
-6.68388 8.475032777694812e-03
-6.66967 8.672066698534332e-03
-6.65546 8.880674894263791e-03
-6.64124 9.101894584277273e-03
-6.62703 9.339921373296197e-03
-6.61281 9.605527702383654e-03
-6.59860 9.918583210772654e-03
-6.58438 1.030751388010592e-02
-6.57017 1.080951858375375e-02
-6.55596 1.146782857404791e-02
-6.54174 1.220831744647332e-02
-6.52753 1.296559211207429e-02
-6.51331 1.382735593345595e-02
-6.49910 1.453830981488350e-02
-6.48488 1.526972860632978e-02
-6.47067 1.803217179935473e-02
-6.45646 1.394052563700809e-02
-6.44224 1.331349543113279e-02
-6.42803 1.270722608375698e-02
-6.41381 1.214203941149740e-02
-6.39960 1.167166887619779e-02
-6.38539 1.130080203738506e-02
-6.37117 1.100708407121710e-02
-6.35696 1.076317655860535e-02
-6.34274 1.054872164596022e-02
-6.32853 1.035265483108243e-02
-6.31431 1.017059341350501e-02
-6.30010 1.000136301654723e-02
-6.28589 9.844574489747694e-03
-6.27167 9.699536404157697e-03
-6.25746 9.565080239614880e-03
-6.24324 9.439788018353665e-03
-6.22903 9.322277205438790e-03
-6.21481 9.211387582258503e-03
-6.20060 9.106243014348359e-03
-6.18639 9.006221396085146e-03
-6.17217 8.910880313614115e-03
-6.15796 8.819877092628199e-03
-6.14374 8.732905824425711e-03
-6.12953 8.649659365010174e-03
-6.11532 8.569814556477222e-03
-6.10110 8.493034224116555e-03
-6.08689 8.418978570368040e-03
-6.07267 8.347319793887550e-03
-6.05846 8.277755760671643e-03
-6.04424 8.210020483785892e-03
-6.03003 8.143890624548336e-03
-6.01582 8.079188129631446e-03
-6.00160 8.015779560337952e-03
-5.98739 7.953572808429597e-03
-5.97317 7.892511873613270e-03
-5.95896 7.832570305135001e-03
-5.94474 7.773743840290238e-03
-5.93053 7.716042724248233e-03
-5.91632 7.659484163166584e-03
-5.90210 7.604085331296805e-03
-5.88789 7.549857308228946e-03
-5.87367 7.496800256064667e-03
-5.85946 7.444900057108440e-03
-5.84525 7.394126526058957e-03
-5.83103 7.344433196223458e-03
-5.81682 7.295758568023054e-03
-5.80260 7.248028610337858e-03
-5.78839 7.201160229146424e-03
-5.77417 7.155065368532122e-03
-5.75996 7.109655388420308e-03
-5.74575 7.064845370525628e-03
-5.73153 7.020558035836092e-03
-5.71732 6.976727008861888e-03
-5.70310 6.933299230211319e-03
-5.68889 6.890236393825656e-03
-5.67467 6.847515362502927e-03
-5.66046 6.805127589720866e-03
-5.64625 6.763077642521390e-03
-5.63203 6.721380975566856e-03
-5.61782 6.680061147706346e-03
-5.60360 6.639146697903314e-03
-5.58939 6.598667906699611e-03
-5.57518 6.558653663109422e-03
-5.56096 6.519128636480117e-03
-5.54675 6.480110920737297e-03
-5.53253 6.441610277444770e-03
-5.51832 6.403627057513969e-03
-5.50410 6.366151832578461e-03
-5.48989 6.329165719299776e-03
-5.47568 6.292641336184473e-03
-5.46146 6.256544295394391e-03
-5.44725 6.220835103451041e-03
-5.43303 6.185471325924800e-03
-5.41882 6.150409862706774e-03
-5.40460 6.115609182145838e-03
-5.39039 6.081031373426171e-03
-5.37618 6.046643895760536e-03
-5.36196 6.012420928568033e-03
-5.34775 5.978344256804016e-03
-5.33353 5.944403657894403e-03
-5.31932 5.910596789183536e-03
-5.30511 5.876928605456454e-03
-5.29089 5.843410363208329e-03
-5.27668 5.810058290501500e-03
-5.26246 5.776892017457367e-03
-5.24825 5.743932872080620e-03
-5.23403 5.711202149034728e-03
-5.21982 5.678719455412958e-03
-5.20561 5.646501228072178e-03
-5.19139 5.614559502613431e-03
-5.17718 5.582900995729679e-03
-5.16296 5.551526541673031e-03
-5.14875 5.520430901364726e-03
-5.13453 5.489602940512850e-03
-5.12032 5.459026152260542e-03
-5.10611 5.428679481458239e-03
-5.09189 5.398538392533798e-03
-5.07768 5.368576111784647e-03
-5.06346 5.338764968139696e-03
-5.04925 5.309077754176073e-03
-5.03504 5.279489031313550e-03
-5.02082 5.249976309302195e-03
-5.00661 5.220521039821912e-03
-4.99239 5.191109376523725e-03
-4.97818 5.161732668348179e-03
-4.96396 5.132387668581819e-03
-4.94975 5.103076457971961e-03
-4.93554 5.073806095462781e-03
-4.92132 5.044588023970096e-03
-4.90711 5.015437270419817e-03
-4.89289 4.986371488519515e-03
-4.87868 4.957409899057123e-03
-4.86446 4.928572185738410e-03
-4.85025 4.899877404667533e-03
-4.83604 4.871342962685695e-03
-4.82182 4.842983714198675e-03
-4.80761 4.814811218254233e-03
-4.79339 4.786833187978358e-03
-4.77918 4.759053153612919e-03
-4.76496 4.731470348915861e-03
-4.75075 4.704079819189133e-03
-4.73654 4.676872738259787e-03
-4.72232 4.649836911871271e-03
-4.70811 4.622957436581943e-03
-4.69389 4.596217476757710e-03
-4.67968 4.569599117820465e-03
-4.66547 4.543084251695741e-03
-4.65125 4.516655450401727e-03
-4.63704 4.490296785839958e-03
-4.62282 4.463994557892038e-03
-4.60861 4.437737898619897e-03
-4.59439 4.411519227368314e-03
-4.58018 4.385334539490683e-03
-4.56597 4.359183519850780e-03
-4.55175 4.333069480778535e-03
-4.53754 4.306999132376469e-03
-4.52332 4.280982200618565e-03
-4.50911 4.255030915237702e-03
-4.49489 4.229159394705789e-03
-4.48068 4.203382959488604e-03
-4.46647 4.177717407099267e-03
-4.45225 4.152178283255307e-03
-4.43804 4.126780182722104e-03
-4.42382 4.101536111338015e-03
-4.40961 4.076456937481740e-03
-4.39540 4.051550957156359e-03
-4.38118 4.026823592304801e-03
-4.36697 4.002277237405379e-03
-4.35275 3.977911265401601e-03
-4.33854 3.953722201324355e-03
-4.32432 3.929704071512124e-03
-4.31011 3.905848939407435e-03
-4.29590 3.882147647310089e-03
-4.28168 3.858590799815004e-03
-4.26747 3.835170052788792e-03
-4.25325 3.811879817294616e-03
-4.23904 3.788719559392565e-03
-4.22482 3.765696988352563e-03
-4.21061 3.742832605198629e-03
-4.19640 3.720166393070704e-03
-4.18218 3.697768012273960e-03
-4.16797 3.675752996383448e-03
-4.15375 3.654309540898888e-03
-4.13954 3.633743764287095e-03
-4.12533 3.614554972505052e-03
-4.11111 3.597553372575884e-03
-4.09690 3.584025564434832e-03
-4.08268 3.575933631128664e-03
-4.06847 3.576102184675060e-03
-4.05425 3.588369240969284e-03
-4.04004 3.619377607192384e-03
-4.02583 3.689784480553885e-03
-4.01161 3.808220791975048e-03
-3.99740 3.898315436952759e-03
-3.98318 3.971758556422228e-03
-3.96897 4.078750346580392e-03
-3.95475 4.189972875396656e-03
-3.94054 4.290135048239901e-03
-3.92633 4.385222752516229e-03
-3.91211 4.485612946255482e-03
-3.89790 4.596922356234839e-03
-3.88368 4.718994501867420e-03
-3.86947 4.849915447208926e-03
-3.85526 4.989177215963030e-03
-3.84104 5.138184947929851e-03
-3.82683 5.299787251099423e-03
-3.81261 5.477982472806653e-03
-3.79840 5.676269014218398e-03
-3.78418 5.892109608816550e-03
-3.76997 6.109812352541373e-03
-3.75576 6.301564602963074e-03
-3.74154 6.442941711933021e-03
-3.72733 6.531626268064842e-03
-3.71311 6.589119482622885e-03
-3.69890 6.642682265925898e-03
-3.68468 6.706760697343328e-03
-3.67047 6.779964769811194e-03
-3.65626 6.854024731141869e-03
-3.64204 6.922471394161132e-03
-3.62783 6.983358465199000e-03
-3.61361 7.037963640567775e-03
-3.59940 7.088756501715593e-03
-3.58519 7.138068277888702e-03
-3.57097 7.187520127105455e-03
-3.55676 7.237928279451573e-03
-3.54254 7.289458653486292e-03
-3.52833 7.341878300302660e-03
-3.51411 7.394798675506156e-03
-3.49990 7.447849498771728e-03
-3.48569 7.500765027481815e-03
-3.47147 7.553397025443625e-03
-3.45726 7.605684137312097e-03
-3.44304 7.657607524261749e-03
-3.42883 7.709153996239933e-03
-3.41461 7.760297036533174e-03
-3.40040 7.810997059338951e-03
-3.38619 7.861216346383143e-03
-3.37197 7.910941217443904e-03
-3.35776 7.960203453424278e-03
-3.34354 8.009094170581902e-03
-3.32933 8.057765682311677e-03
-3.31512 8.106419829553371e-03
-3.30090 8.155284242316565e-03
-3.28669 8.204580481120487e-03
-3.27247 8.254489597000418e-03
-3.25826 8.305121139188791e-03
-3.24404 8.356491040883249e-03
-3.22983 8.408512315296142e-03
-3.21562 8.461000405028837e-03
-3.20140 8.513692710736447e-03
-3.18719 8.566279642343962e-03
-3.17297 8.618442806875239e-03
-3.15876 8.669894914650257e-03
-3.14454 8.720415791845572e-03
-3.13033 8.769879552736750e-03
-3.11612 8.818269400166664e-03
-3.10190 8.865678457290449e-03
-3.08769 8.912297165184414e-03
-3.07347 8.958389746625399e-03
-3.05926 9.004263698338785e-03
-3.04505 9.050236986803019e-03
-3.03083 9.096607487343887e-03
-3.01662 9.143628296920246e-03
-3.00240 9.191491105079564e-03
-2.98819 9.240318178193353e-03
-2.97397 9.290162090493643e-03
-2.95976 9.341011457634786e-03
-2.94555 9.392800785680529e-03
-2.93133 9.445423121788418e-03
-2.91712 9.498745232210195e-03
-2.90290 9.552626093679384e-03
-2.88869 9.606940028936986e-03
-2.87447 9.661605381784734e-03
-2.86026 9.716618021490169e-03
-2.84605 9.772086448219745e-03
-2.83183 9.828262573147220e-03
-2.81762 9.885560317893980e-03
-2.80340 9.944553617285844e-03
-2.78919 1.000594592080812e-02
-2.77497 1.007050389944234e-02
-2.76076 1.013894874328023e-02
-2.74655 1.021180237743339e-02
-2.73233 1.028919961231385e-02
-2.71812 1.037070495982796e-02
-2.70390 1.045520694484054e-02
-2.68969 1.054098018968930e-02
-2.67548 1.062599297571588e-02
-2.66126 1.070863360475189e-02
-2.64705 1.079019536721379e-02
-2.63283 1.088401916071985e-02
-2.61862 1.102319745899380e-02
-2.60440 1.120585666122810e-02
-2.59019 1.134266099873449e-02
-2.57598 1.140927690788468e-02
-2.56176 1.148023467344702e-02
-2.54755 1.157117424679847e-02
-2.53333 1.165607451814827e-02
-2.51912 1.172619744614504e-02
-2.50490 1.178911231364015e-02
-2.49069 1.185427542805483e-02
-2.47648 1.192458160297980e-02
-2.46226 1.199679453057720e-02
-2.44805 1.206634279655102e-02
-2.43383 1.213083073502770e-02
-2.41962 1.219071551779348e-02
-2.40541 1.224822349574201e-02
-2.39119 1.230571724641748e-02
-2.37698 1.236438354258600e-02
-2.36276 1.242381089412114e-02
-2.34855 1.248251593614848e-02
-2.33433 1.253896430506722e-02
-2.32012 1.259246011832862e-02
-2.30591 1.264347965299101e-02
-2.29169 1.269338271638744e-02
-2.27748 1.274372920565382e-02
-2.26326 1.279555193992554e-02
-2.24905 1.284889087486540e-02
-2.23483 1.290274114993012e-02
-2.22062 1.295538999611341e-02
-2.20641 1.300498377857630e-02
-2.19219 1.305011228717111e-02
-2.17798 1.309022306880700e-02
-2.16376 1.312575852474635e-02
-2.14955 1.315800663690475e-02
-2.13534 1.318873982602807e-02
-2.12112 1.321976459029313e-02
-2.10691 1.325251067018884e-02
-2.09269 1.328775876085997e-02
-2.07848 1.332555485612875e-02
-2.06426 1.336530457650597e-02
-2.05005 1.340599731700638e-02
-2.03584 1.344648681602697e-02
-2.02162 1.348575375156867e-02
-2.00741 1.352309311387414e-02
-1.99319 1.355819665637824e-02
-1.97898 1.359113010530017e-02
-1.96476 1.362222883948355e-02
-1.95055 1.365195001631003e-02
-1.93634 1.368072231689180e-02
-1.92212 1.370882802112958e-02
-1.90791 1.373633921709811e-02
-1.89369 1.376311455462218e-02
-1.87948 1.378884878172419e-02
-1.86527 1.381315711143198e-02
-1.85105 1.383567169245360e-02
-1.83684 1.385612818849286e-02
-1.82262 1.387442567524847e-02
-1.80841 1.389065097741295e-02
-1.79419 1.390506714726175e-02
-1.77998 1.391807314548731e-02
-1.76577 1.393014654643319e-02
-1.75155 1.394178260171852e-02
-1.73734 1.395344138207314e-02
-1.72312 1.396551076214208e-02
-1.70891 1.397828792110948e-02
-1.69469 1.399197712001981e-02
-1.68048 1.400669791853994e-02
-1.66627 1.402249643812234e-02
-1.65205 1.403935297426023e-02
-1.63784 1.405718189668829e-02
-1.62362 1.407582361475437e-02
-1.60941 1.409503241807659e-02
-1.59520 1.411446714725837e-02
-1.58098 1.413369295827924e-02
-1.56677 1.415220131312427e-02
-1.55255 1.416945167965154e-02
-1.53834 1.418493281768726e-02
-1.52412 1.419823516167841e-02
-1.50991 1.420912033237878e-02
-1.49570 1.421757095966777e-02
-1.48148 1.422380511920221e-02
-1.46727 1.422824526790557e-02
-1.45305 1.423144099350704e-02
-1.43884 1.423395651222681e-02
-1.42462 1.423624524789751e-02
-1.41041 1.423854214173486e-02
-1.39620 1.424080637408109e-02
-1.38198 1.424273960657051e-02
-1.36777 1.424388540513026e-02
-1.35355 1.424378584333440e-02
-1.33934 1.424214067727056e-02
-1.32513 1.423890061070320e-02
-1.31091 1.423424872265516e-02
-1.29670 1.422849104447662e-02
-1.28248 1.422196864486709e-02
-1.26827 1.421515495002844e-02
-1.25405 1.420899350918124e-02
-1.23984 1.420515820624380e-02
-1.22563 1.420547855671534e-02
-1.21141 1.421003819521438e-02
-1.19720 1.421497240961853e-02
-1.18298 1.421213870359507e-02
-1.16877 1.419088918337026e-02
-1.15455 1.414050872937626e-02
-1.14034 1.405894231416172e-02
-1.12613 1.397195405058860e-02
-1.11191 1.391330725010040e-02
-1.09770 1.369514989744559e-02
-1.08348 1.329436683551041e-02
-1.06927 1.295191531362406e-02
-1.05506 1.265616128007671e-02
-1.04084 1.238205357245026e-02
-1.02663 1.214180326544605e-02
-1.01241 1.193965637562677e-02
-0.99820 1.175987853985289e-02
-0.98398 1.158381010031601e-02
-0.96977 1.140306232430117e-02
-0.95556 1.122062230371611e-02
-0.94134 1.104402398758109e-02
-0.92713 1.087833477392914e-02
-0.91291 1.072348366754297e-02
-0.89870 1.057580676301412e-02
-0.88448 1.043122840797731e-02
-0.87027 1.028749192868874e-02
-0.85606 1.014446136224766e-02
-0.84184 1.000311811052912e-02
-0.82763 9.864376531488188e-03
-0.81341 9.728435002630464e-03
-0.79920 9.594766647741216e-03
-0.78498 9.462481181685599e-03
-0.77077 9.330734468769945e-03
-0.75656 9.198986073918126e-03
-0.74234 9.067051438251801e-03
-0.72813 8.935014459905258e-03
-0.71391 8.803141044495137e-03
-0.69970 8.671898697911197e-03
-0.68549 8.542034768872060e-03
-0.67127 8.414548987249365e-03
-0.65706 8.290466390182319e-03
-0.64284 8.170501020321434e-03
-0.62863 8.054778482351307e-03
-0.61441 7.942693324029151e-03
-0.60020 7.832890101641794e-03
-0.58599 7.723410744623674e-03
-0.57177 7.612115891863714e-03
-0.55756 7.497352800926614e-03
-0.54334 7.378568498185883e-03
-0.52913 7.256483720344965e-03
-0.51491 7.132727545894158e-03
-0.50070 7.009222438713068e-03
-0.48649 6.887682865951763e-03
-0.47227 6.769295219299983e-03
-0.45806 6.654395442222293e-03
-0.44384 6.542122172693838e-03
-0.42963 6.430402971738675e-03
-0.41542 6.316638775432327e-03
-0.40120 6.198868683301674e-03
-0.38699 6.076610213014282e-03
-0.37277 5.950759647907210e-03
-0.35856 5.822844582159771e-03
-0.34434 5.694548633355780e-03
-0.33013 5.567940166697235e-03
-0.31592 5.445631572269604e-03
-0.30170 5.329640047048973e-03
-0.28749 5.219031444446780e-03
-0.27327 5.108386008563082e-03
-0.25906 4.989051791168752e-03
-0.24484 4.852448928851750e-03
-0.23063 4.692789874201874e-03
-0.21642 4.508498338242141e-03
-0.20220 4.304632577837591e-03
-0.18799 4.097167705018188e-03
-0.17377 3.913378293556127e-03
-0.15956 3.778835010440159e-03
-0.14535 3.692924797098570e-03
-0.13113 3.616774392499042e-03
-0.11692 3.494994653387679e-03
-0.10270 3.293305004560783e-03
-0.08849 3.014371425107462e-03
-0.07427 2.693804045440676e-03
-0.06006 2.441042290141004e-03
-0.04585 2.477503160619422e-03
-0.03163 2.668070254564616e-03
-0.01742 2.301039115872657e-03
-0.00320 1.482428398758416e-03
0.01101 9.096527179275613e-04
0.02523 6.351082110279472e-04
0.03944 4.717917701772256e-04
0.05365 3.516074822372872e-04
0.06787 2.609260301475250e-04
0.08208 1.933358605847339e-04
0.09630 1.433585097061557e-04
0.11051 1.064938184445456e-04
0.12472 7.929397001040752e-05
0.13894 5.921132584408812e-05
0.15315 4.437909820270638e-05
0.16737 3.342194427237992e-05
0.18158 2.532078864429536e-05
0.19580 1.932081526250589e-05
0.21001 1.486620579666087e-05
0.22422 1.155102270129102e-05
0.23844 9.081282981394189e-06
0.25265 7.245983305993489e-06
0.26687 5.895604331789667e-06
0.28108 4.926742592758969e-06
0.29530 4.271624056683283e-06
0.30951 3.891474906219615e-06
0.32372 3.773012378044915e-06
0.33794 3.927612667825404e-06
0.35215 4.392992379382373e-06
0.36637 5.237517410706468e-06
0.38058 6.567564869204058e-06
0.39479 8.538762444508999e-06
0.40901 1.137247673719949e-05
0.42322 1.537966632528448e-05
0.43744 2.099514744170579e-05
0.45165 2.882628890606195e-05
0.46587 3.972074885707149e-05
0.48008 5.485731098654549e-05
0.49429 7.586103437565645e-05
0.50851 1.049377051912220e-04
0.52272 1.450135355320561e-04
0.53694 1.998613921077741e-04
0.55115 2.742186568496831e-04
0.56537 3.739966655346125e-04
0.57958 5.068503110821077e-04
0.59379 6.835552139105688e-04
0.60801 9.214047365991442e-04
0.62222 1.252718844856241e-03
0.63644 1.730611484324679e-03
0.65065 3.593431205749414e-03
0.66486 3.588740442913585e-03
0.67908 3.602009368356461e-03
0.69329 3.898609065648734e-03
0.70751 4.159011278069011e-03
0.72172 4.549303781525722e-03
0.73594 5.073128783215623e-03
0.75015 5.668866414400631e-03
0.76436 6.295234073727534e-03
0.77858 6.941955775675577e-03
0.79279 7.607129416150217e-03
0.80701 8.268009947830883e-03
0.82122 8.879733443500402e-03
0.83544 9.407647637657609e-03
0.84965 9.848159715965732e-03
0.86386 1.022001712002896e-02
0.87808 1.055581531907596e-02
0.89229 1.089569872530465e-02
0.90651 1.126608543545408e-02
0.92072 1.166375453401757e-02
0.93493 1.206730162198391e-02
0.94915 1.245907175729385e-02
0.96336 1.283422680352216e-02
0.97758 1.319630268728827e-02
0.99179 1.355000732817497e-02
1.00601 1.389791777430906e-02
1.02022 1.424144610805185e-02
1.03443 1.458339041783904e-02
1.04865 1.492936587825866e-02
1.06286 1.528765173948630e-02
1.07708 1.567939208649040e-02
1.09129 1.623562716819280e-02
1.10551 1.737936225355169e-02
1.11972 1.853644581871021e-02
1.13393 1.819844114410074e-02
1.14815 1.839817571344105e-02
1.16236 1.884899123080550e-02
1.17658 1.925275581677361e-02
1.19079 1.962022855442704e-02
1.20501 2.003241258116617e-02
1.21922 2.048835462436835e-02
1.23343 2.092577903968633e-02
1.24765 2.131246086149587e-02
1.26186 2.167555433343241e-02
1.27608 2.205451290064060e-02
1.29029 2.246160049618290e-02
1.30450 2.288590270129526e-02
1.31872 2.331131356512661e-02
1.33293 2.372646533613857e-02
1.34715 2.412745931630271e-02
1.36136 2.451710637773556e-02
1.37558 2.490197853578834e-02
1.38979 2.528870778491750e-02
1.40400 2.568119577167963e-02
1.41822 2.607968901592186e-02
1.43243 2.648167270488457e-02
1.44665 2.688380372992319e-02
1.46086 2.728386020847302e-02
1.47508 2.768190274193792e-02
1.48929 2.808032784983447e-02
1.50350 2.848299587890368e-02
1.51772 2.889393694927828e-02
1.53193 2.931619641342533e-02
1.54615 2.975121209620741e-02
1.56036 3.019883498952598e-02
1.57457 3.065784583942576e-02
1.58879 3.112667462805097e-02
1.60300 3.160402345329480e-02
1.61722 3.208919305934455e-02
1.63143 3.258205953235061e-02
1.64565 3.308278364608585e-02
1.65986 3.359142345436290e-02
1.67407 3.410764552464440e-02
1.68829 3.463069454308348e-02
1.70250 3.515970087280323e-02
1.71672 3.569430492079243e-02
1.73093 3.623548192687229e-02
1.74515 3.678638294944519e-02
1.75936 3.735297969672738e-02
1.77357 3.794431247571836e-02
1.78779 3.857218154598448e-02
1.80200 3.925017905133038e-02
1.81622 3.999202595219219e-02
1.83043 4.080926817376674e-02
1.84464 4.170852672559406e-02
1.85886 4.268870752689145e-02
1.87307 4.373881621301235e-02
1.88729 4.483713118241387e-02
1.90150 4.595222475714973e-02
1.91572 4.704563678136345e-02
1.92993 4.807542629786494e-02
1.94414 4.900038314355971e-02
1.95836 4.978681004081840e-02
1.97257 5.042156759908899e-02
1.98679 5.093133214143785e-02
2.00100 5.139347331811864e-02
2.01522 5.189780325790946e-02
2.02943 5.241923467872356e-02
2.04364 5.273225040141377e-02
2.05786 5.264773991162373e-02
2.07207 5.231487739624902e-02
2.08629 5.201174377983569e-02
2.10050 5.178667929150588e-02
2.11471 5.151908705226859e-02
2.12893 5.114212406530862e-02
2.14314 5.069535146806266e-02
2.15736 5.025556773487702e-02
2.17157 4.988361553348376e-02
2.18579 4.963930660777325e-02
2.20000 4.962275298887509e-02
