-12.00000 1.511159964485574e-39
-11.98579 8.703745872830921e-39
-11.97157 4.987089355723146e-38
-11.95736 2.842308500113499e-37
-11.94314 1.611150861965259e-36
-11.92893 9.082821816005255e-36
-11.91471 5.092421629249511e-35
-11.90050 2.839656586536936e-34
-11.88629 1.575003288407324e-33
-11.87207 8.690033747177080e-33
-11.85786 4.770293584245089e-32
-11.84364 2.605640918166904e-31
-11.82943 1.416405116668150e-30
-11.81522 7.663184180977911e-30
-11.80100 4.126731065049550e-29
-11.78679 2.211977776988894e-28
-11.77257 1.180077520107570e-27
-11.75836 6.265413410683898e-27
-11.74414 3.310036473695227e-26
-11.72993 1.739709603905917e-25
-11.71572 9.094520803961348e-25
-11.70150 4.727305688141458e-24
-11.68729 2.442367853953482e-23
-11.67307 1.253580132993094e-22
-11.65886 6.387874127191785e-22
-11.64464 3.229143191843075e-21
-11.63043 1.617977193052566e-20
-11.61622 8.028529735034010e-20
-11.60200 3.942182325187210e-19
-11.58779 1.914239299818291e-18
-11.57357 9.187748049524497e-18
-11.55936 4.357372087341488e-17
-11.54515 2.041266271772076e-16
-11.53093 9.441136538154528e-16
-11.51672 4.307597128556102e-15
-11.50250 1.936180583668752e-14
-11.48829 8.557533166474031e-14
-11.47407 3.711393054869055e-13
-11.45986 1.576684813190402e-12
-11.44565 6.554755292955842e-12
-11.43143 2.665682821103772e-11
-11.41722 1.059287087319721e-10
-11.40300 4.099318895243947e-10
-11.38879 1.536262237245516e-09
-11.37457 5.526753445357922e-09
-11.36036 1.871975340221240e-08
-11.34615 5.755003216912529e-08
-11.33193 1.539655696108473e-07
-11.31772 3.499814556250976e-07
-11.30350 6.806504260908144e-07
-11.28929 1.167603161444156e-06
-11.27508 1.827243076223121e-06
-11.26086 2.667959928665914e-06
-11.24665 3.684774126053969e-06
-11.23243 4.873683046494027e-06
-11.21822 6.244009250843425e-06
-11.20400 7.808856582588657e-06
-11.18979 9.570943923087373e-06
-11.17558 1.152281449169121e-05
-11.16136 1.365808631225339e-05
-11.14715 1.597975585387534e-05
-11.13293 1.849840630675869e-05
-11.11872 2.122416305075146e-05
-11.10450 2.416002950575366e-05
-11.09029 2.730071339468908e-05
-11.07608 3.063619970118157e-05
-11.06186 3.415702035387938e-05
-11.04765 3.785836979988519e-05
-11.03343 4.174147210395443e-05
-11.01922 4.581197363618152e-05
-11.00501 5.007629377014332e-05
-10.99079 5.453761797851825e-05
-10.97658 5.919331451217733e-05
-10.96236 6.403490039289760e-05
-10.94815 6.905053497912328e-05
-10.93393 7.422892036173201e-05
-10.91972 7.956294879608980e-05
-10.90551 8.505165567635811e-05
-10.89129 9.069982936115851e-05
-10.87708 9.651558519033034e-05
-10.86286 1.025069233192000e-04
-10.84865 1.086785287946237e-04
-10.83443 1.150298355351990e-04
-10.82022 1.215548340884091e-04
-10.80601 1.282434946624065e-04
-10.79179 1.350842090365728e-04
-10.77758 1.420664428375462e-04
-10.76336 1.491828439117779e-04
-10.74915 1.564303033395655e-04
-10.73493 1.638098051213039e-04
-10.72072 1.713252237736328e-04
-10.70651 1.789814612930489e-04
-10.69229 1.867824215591714e-04
-10.67808 1.947293025921252e-04
-10.66386 2.028195710768620e-04
-10.64965 2.110468074532841e-04
-10.63544 2.194014145663808e-04
-10.62122 2.278720057727736e-04
-10.60701 2.364471595452546e-04
-10.59279 2.451171669298417e-04
-10.57858 2.538754133146237e-04
-10.56436 2.627191209840565e-04
-10.55015 2.716493151448381e-04
-10.53594 2.806700351762632e-04
-10.52172 2.897869623392725e-04
-10.50751 2.990057453179387e-04
-10.49329 3.083303550324103e-04
-10.47908 3.177617826881288e-04
-10.46486 3.272973168834172e-04
-10.45065 3.369305157330889e-04
-10.43644 3.466518545598163e-04
-10.42222 3.564499061070863e-04
-10.40801 3.663128212017853e-04
-10.39379 3.762298373436692e-04
-10.37958 3.861925542013745e-04
-10.36537 3.961957717408273e-04
-10.35115 4.062377743901801e-04
-10.33694 4.163200449661905e-04
-10.32272 4.264464866437103e-04
-10.30851 4.366223048208284e-04
-10.29429 4.468527434881736e-04
-10.28008 4.571418791134135e-04
-10.26587 4.674916515122844e-04
-10.25165 4.779012627738181e-04
-10.23744 4.883670119603067e-04
-10.22322 4.988825658280263e-04
-10.20901 5.094396041951395e-04
-10.19479 5.200287306864129e-04
-10.18058 5.306405104262098e-04
-10.16637 5.412664877843747e-04
-10.15215 5.519000486171459e-04
-10.13794 5.625370193811968e-04
-10.12372 5.731759351968034e-04
-10.10951 5.838179546664712e-04
-10.09530 5.944664451069634e-04
-10.08108 6.051263023622808e-04
-10.06687 6.158031000400101e-04
-10.05265 6.265021807262010e-04
-10.03844 6.372278049741512e-04
-10.02422 6.479824628323094e-04
-10.01001 6.587664292153632e-04
-9.99580 6.695776117650898e-04
-9.98158 6.804117022254487e-04
-9.96737 6.912626044869670e-04
-9.95315 7.021230789676285e-04
-9.93894 7.129855178698551e-04
-9.92472 7.238427519349984e-04
-9.91051 7.346887879957233e-04
-9.89630 7.455193876908639e-04
-9.88208 7.563324194144140e-04
-9.86787 7.671279449149770e-04
-9.85365 7.779080350974016e-04
-9.83944 7.886763423319406e-04
-9.82523 7.994374849863745e-04
-9.81101 8.101963206978218e-04
-9.79680 8.209571958980496e-04
-9.78258 8.317232593909339e-04
-9.76837 8.424959177777918e-04
-9.75415 8.532744918667433e-04
-9.73994 8.640561084581035e-04
-9.72573 8.748358342166213e-04
-9.71151 8.856070310356999e-04
-9.69730 8.963618884442652e-04
-9.68308 9.070920706981990e-04
-9.66887 9.177894059002406e-04
-9.65465 9.284465425091595e-04
-9.64044 9.390575046695218e-04
-9.62623 9.496180907993992e-04
-9.61201 9.601260780429159e-04
-9.59780 9.705812163628781e-04
-9.58358 9.809850179385898e-04
-9.56937 9.913403680114478e-04
-9.55516 1.001651000586710e-03
-9.54094 1.011920895086340e-03
-9.52673 1.022153657214332e-03
-9.51251 1.032351948353873e-03
-9.49830 1.042517022457524e-03
-9.48408 1.052648417641297e-03
-9.46987 1.062743832182707e-03
-9.45566 1.072799193094662e-03
-9.44144 1.082808903242220e-03
-9.42723 1.092766234928407e-03
-9.41301 1.102663828927890e-03
-9.39880 1.112494260101509e-03
-9.38458 1.122250639613945e-03
-9.37037 1.131927228056622e-03
-9.35616 1.141520022311595e-03
-9.34194 1.151027260271309e-03
-9.32773 1.160449818573403e-03
-9.31351 1.169791662930559e-03
-9.29930 1.179060830068636e-03
-9.28509 1.188271313021076e-03
-9.27087 1.197444648188641e-03
-9.25666 1.206607638923189e-03
-9.24244 1.215784196647070e-03
-9.22823 1.224986982447319e-03
-9.21401 1.234216364610452e-03
-9.19980 1.243458921864638e-03
-9.18559 1.252671145991854e-03
-9.17137 1.261766809859396e-03
-9.15716 1.270649468225636e-03
-9.14294 1.279276903685463e-03
-9.12873 1.287681914724470e-03
-9.11451 1.295919967335379e-03
-9.10030 1.304007859625374e-03
-9.08609 1.311916954207015e-03
-9.07187 1.319608761711663e-03
-9.05766 1.327065532369658e-03
-9.04344 1.334294933550619e-03
-9.02923 1.341318200225599e-03
-9.01502 1.348156782059070e-03
-9.00080 1.354825283641839e-03
-8.98659 1.361331584846077e-03
-8.97237 1.367681212520425e-03
-8.95816 1.373881783991446e-03
-8.94394 1.379944310522791e-03
-8.92973 1.385880547780733e-03
-8.91552 1.391698015589140e-03
-8.90130 1.397395540967080e-03
-8.88709 1.402961779016992e-03
-8.87287 1.408377596533998e-03
-8.85866 1.413621404305213e-03
-8.84444 1.418675355746518e-03
-8.83023 1.423530183083628e-03
-8.81602 1.428187181082291e-03
-8.80180 1.432657010833451e-03
-8.78759 1.436956077251301e-03
-8.77337 1.441101887098430e-03
-8.75916 1.445108899621098e-03
-8.74494 1.448986013068741e-03
-8.73073 1.452736178864699e-03
-8.71652 1.456357931744708e-03
-8.70230 1.459848074754203e-03
-8.68809 1.463204497609641e-03
-8.67387 1.466428174781480e-03
-8.65966 1.469523729571987e-03
-8.64545 1.472498436476212e-03
-8.63123 1.475360013349676e-03
-8.61702 1.478113893804141e-03
-8.60280 1.480760789720598e-03
-8.58859 1.483295243928150e-03
-8.57437 1.485705586313499e-03
-8.56016 1.487975334567412e-03
-8.54595 1.490085724946558e-03
-8.53173 1.492018803416108e-03
-8.51752 1.493760403265232e-03
-8.50330 1.495302390689418e-03
-8.48909 1.496643746938662e-03
-8.47487 1.497790320959163e-03
-8.46066 1.498753365883268e-03
-8.44645 1.499547206201944e-03
-8.43223 1.500186525817495e-03
-8.41802 1.500683799256141e-03
-8.40380 1.501047312744699e-03
-8.38959 1.501280063806729e-03
-8.37538 1.501379627160980e-03
-8.36116 1.501338875887732e-03
-8.34695 1.501147290747803e-03
-8.33273 1.500792505879291e-03
-8.31852 1.500261737731885e-03
-8.30430 1.499542819927184e-03
-8.29009 1.498624698090799e-03
-8.27588 1.497497393591399e-03
-8.26166 1.496151588072539e-03
-8.24745 1.494578079827506e-03
-8.23323 1.492767396265358e-03
-8.21902 1.490709805439695e-03
-8.20480 1.488395860438698e-03
-8.19059 1.485817453780252e-03
-8.17638 1.482969185504995e-03
-8.16216 1.479849694160799e-03
-8.14795 1.476462499142608e-03
-8.13373 1.472815883917317e-03
-8.11952 1.468921428867188e-03
-8.10531 1.464790981230193e-03
-8.09109 1.460432113115330e-03
-8.07688 1.455842436598808e-03
-8.06266 1.451003474113083e-03
-8.04845 1.445875069400583e-03
-8.03423 1.440391509237368e-03
-8.02002 1.434460545891292e-03
-8.00581 1.427966304227000e-03
-7.99159 1.420776578017611e-03
-7.97738 1.412754252984484e-03
-7.96316 1.403771588601778e-03
-7.94895 1.393724994898226e-03
-7.93473 1.382547025025326e-03
-7.92052 1.370211949755035e-03
-7.90631 1.356731905462257e-03
-7.89209 1.342142537336103e-03
-7.87788 1.326480355316834e-03
-7.86366 1.309758309039078e-03
-7.84945 1.291950404546363e-03
-7.83524 1.272998796352978e-03
-7.82102 1.252855070575451e-03
-7.80681 1.231558248528107e-03
-7.79259 1.209333489167985e-03
-7.77838 1.186670597056122e-03
-7.76416 1.164322240842491e-03
-7.74995 1.143168668760470e-03
-7.73574 1.123947543151914e-03
-7.72152 1.106944468423127e-03
-7.70731 1.091849774529451e-03
-7.69309 1.078040098166901e-03
-7.67888 1.065421921749374e-03
-7.66466 1.055533676217212e-03
-7.65045 1.051875634133351e-03
-7.63624 1.058066323317567e-03
-7.62202 1.073746175944759e-03
-7.60781 1.092459936025028e-03
-7.59359 1.111751849002137e-03
-7.57938 1.150852107205721e-03
-7.56517 1.211336271642669e-03
-7.55095 1.199344364402414e-03
-7.53674 1.046582368445484e-03
-7.52252 8.643642107433588e-04
-7.50831 7.729131682067313e-04
-7.49409 7.679275819920274e-04
-7.47988 8.028999394677645e-04
-7.46567 8.454132095430845e-04
-7.45145 8.771874205617355e-04
-7.43724 8.931572000782086e-04
-7.42302 8.997150913861769e-04
-7.40881 9.067086779863654e-04
-7.39459 9.193632449643720e-04
-7.38038 9.365176937841090e-04
-7.36617 9.543441105213035e-04
-7.35195 9.704712714816181e-04
-7.33774 9.852784426612098e-04
-7.32352 1.000737900511117e-03
-7.30931 1.018688576116783e-03
-7.29510 1.039841075227941e-03
-7.28088 1.063753066311923e-03
-7.26667 1.089391289453798e-03
-7.25245 1.115779553924683e-03
-7.23824 1.142400183595712e-03
-7.22402 1.169258382697859e-03
-7.20981 1.196699828344836e-03
-7.19560 1.225141145364857e-03
-7.18138 1.254849087204022e-03
-7.16717 1.285836543484809e-03
-7.15295 1.317876689924823e-03
-7.13874 1.350594611248459e-03
-7.12452 1.383582795882204e-03
-7.11031 1.416495854479362e-03
-7.09610 1.449099806353321e-03
-7.08188 1.481272521517652e-03
-7.06767 1.512967841935518e-03
-7.05345 1.544163690365900e-03
-7.03924 1.574814408713119e-03
-7.02503 1.604821940412848e-03
-7.01081 1.634032295975792e-03
-6.99660 1.662255743499826e-03
-6.98238 1.689303215690567e-03
-6.96817 1.715028384337264e-03
-6.95395 1.739364719269840e-03
-6.93974 1.762349030828834e-03
-6.92553 1.784126611333549e-03
-6.91131 1.804937215875185e-03
-6.89710 1.825084951240403e-03
-6.88288 1.844898075456528e-03
-6.86867 1.864686379822048e-03
-6.85445 1.884704077985541e-03
-6.84024 1.905125007686216e-03
-6.82603 1.926034687219421e-03
-6.81181 1.947440749829892e-03
-6.79760 1.969300006739031e-03
-6.78338 1.991557376336347e-03
-6.76917 2.014189551597603e-03
-6.75495 2.037244731753160e-03
-6.74074 2.060869048238878e-03
-6.72653 2.085310698369886e-03
-6.71231 2.110895274572918e-03
-6.69810 2.137972783181697e-03
-6.68388 2.166852529097760e-03
-6.66967 2.197770885386124e-03
-6.65546 2.230977734563451e-03
-6.64124 2.267059147596600e-03
-6.62703 2.307580620117019e-03
-6.61281 2.355959306267835e-03
-6.59860 2.418171693953958e-03
-6.58438 2.503036454862578e-03
-6.57017 2.623687612436673e-03
-6.55596 2.795224394134028e-03
-6.54174 2.993607922306356e-03
-6.52753 3.205245639517021e-03
-6.51331 3.476493348045915e-03
-6.49910 3.711924821507917e-03
-6.48488 3.915829902296776e-03
-6.47067 4.823690146195735e-03
-6.45646 3.453549937874916e-03
-6.44224 3.248856290821290e-03
-6.42803 3.047912055727521e-03
-6.41381 2.857967388428377e-03
-6.39960 2.697265907732361e-03
-6.38539 2.568150588797054e-03
-6.37117 2.463962904426795e-03
-6.35696 2.376176081020788e-03
-6.34274 2.298328497416707e-03
-6.32853 2.226841426750246e-03
-6.31431 2.160237957239431e-03
-6.30010 2.098069177252416e-03
-6.28589 2.040158594204713e-03
-6.27167 1.986257128776930e-03
-6.25746 1.935979534691141e-03
-6.24324 1.888866745164300e-03
-6.22903 1.844469246061352e-03
-6.21481 1.802403855789331e-03
-6.20060 1.762374625999812e-03
-6.18639 1.724166646974270e-03
-6.17217 1.687626049869749e-03
-6.15796 1.652637241739010e-03
-6.14374 1.619104003724342e-03
-6.12953 1.586937013024911e-03
-6.11532 1.556047589827148e-03
-6.10110 1.526346099698240e-03
-6.08689 1.497743119209788e-03
-6.07267 1.470151755718882e-03
-6.05846 1.443490029150477e-03
-6.04424 1.417682732782548e-03
-6.03003 1.392662574677178e-03
-6.01582 1.368370634610540e-03
-6.00160 1.344756276687438e-03
-5.98739 1.321776677783623e-03
-5.97317 1.299396107975253e-03
-5.95896 1.277585061942327e-03
-5.94474 1.256319307825948e-03
-5.93053 1.235578899127996e-03
-5.91632 1.215347185667181e-03
-5.90210 1.195609857457726e-03
-5.88789 1.176354055980547e-03
-5.87367 1.157567586911079e-03
-5.85946 1.139238264815728e-03
-5.84525 1.121353413114857e-03
-5.83103 1.103899532441704e-03
-5.81682 1.086862138795778e-03
-5.80260 1.070225761175984e-03
-5.78839 1.053974078082719e-03
-5.77417 1.038090164409780e-03
-5.75996 1.022556815354994e-03
-5.74575 1.007356912179454e-03
-5.73153 9.924737957099114e-04
-5.71732 9.778916169407574e-04
-5.70310 9.635956393529067e-04
-5.68889 9.495724739843837e-04
-5.67467 9.358102352406383e-04
-5.66046 9.222986123653394e-04
-5.64625 9.090288579388060e-04
-5.63203 8.959937003680331e-04
-5.61782 8.831871918219430e-04
-5.60360 8.706045062935543e-04
-5.58939 8.582417043791644e-04
-5.57518 8.460954819820727e-04
-5.56096 8.341629195784642e-04
-5.54675 8.224412470902836e-04
-5.53253 8.109276370039413e-04
-5.51832 7.996190353926368e-04
-5.50410 7.885120371935277e-04
-5.48989 7.776028087035868e-04
-5.47568 7.668870570146246e-04
-5.46146 7.563600432016095e-04
-5.44725 7.460166336607081e-04
-5.43303 7.358513821693420e-04
-5.41882 7.258586340659595e-04
-5.40460 7.160326434307603e-04
-5.39039 7.063676942557580e-04
-5.37618 6.968582172526647e-04
-5.36196 6.874988950616496e-04
-5.34775 6.782847500761668e-04
-5.33353 6.692112107630868e-04
-5.31932 6.602741541075814e-04
-5.30511 6.514699235310906e-04
-5.29089 6.427953232152685e-04
-5.27668 6.342475911314857e-04
-5.26246 6.258243541631748e-04
-5.24825 6.175235694796320e-04
-5.23403 6.093434567607646e-04
-5.21982 6.012824259902928e-04
-5.20561 5.933390053562919e-04
-5.19139 5.855117733640568e-04
-5.17718 5.777992986292930e-04
-5.16296 5.702000900383821e-04
-5.14875 5.627125590981310e-04
-5.13453 5.553349954096246e-04
-5.12032 5.480655553444171e-04
-5.10611 5.409022632235509e-04
-5.09189 5.338430236386645e-04
-5.07768 5.268856430367725e-04
-5.06346 5.200278583322854e-04
-5.04925 5.132673701165236e-04
-5.03504 5.066018780015143e-04
-5.02082 5.000291157475312e-04
-5.00661 4.935468840619177e-04
-4.99239 4.871530792943392e-04
-4.97818 4.808457166615707e-04
-4.96396 4.746229470830272e-04
-4.94975 4.684830671667198e-04
-4.93554 4.624245223268028e-04
-4.92132 4.564459034145207e-04
-4.90711 4.505459375849462e-04
-4.89289 4.447234743884517e-04
-4.87868 4.389774682599893e-04
-4.86446 4.333069586780132e-04
-4.85025 4.277110492805905e-04
-4.83604 4.221888871656592e-04
-4.82182 4.167396434761086e-04
-4.80761 4.113624961917285e-04
-4.79339 4.060566158342566e-04
-4.77918 4.008211545546832e-04
-4.76496 3.956552388293608e-04
-4.75075 3.905579657579599e-04
-4.73654 3.855284027447170e-04
-4.72232 3.805655901651972e-04
-4.70811 3.756685464815705e-04
-4.69389 3.708362751748996e-04
-4.67968 3.660677728148747e-04
-4.66547 3.613620375846980e-04
-4.65125 3.567180776178618e-04
-4.63704 3.521349185786518e-04
-4.62282 3.476116100221839e-04
-4.60861 3.431472301943777e-04
-4.59439 3.387408890690031e-04
-4.58018 3.343917295594653e-04
-4.56597 3.300989269800107e-04
-4.55175 3.258616869587308e-04
-4.53754 3.216792421196874e-04
-4.52332 3.175508479533937e-04
-4.50911 3.134757783879141e-04
-4.49489 3.094533216672173e-04
-4.48068 3.054827772582588e-04
-4.46647 3.015634546758673e-04
-4.45225 2.976946753874714e-04
-4.43804 2.938757794222548e-04
-4.42382 2.901061390958676e-04
-4.40961 2.863851835862605e-04
-4.39540 2.827124402992609e-04
-4.38118 2.790876025869945e-04
-4.36697 2.755106392945428e-04
-4.35275 2.719819711984138e-04
-4.33854 2.685027549033958e-04
-4.32432 2.650753398268229e-04
-4.31011 2.617040045108956e-04
-4.29590 2.583961445685767e-04
-4.28168 2.551641924523117e-04
-4.26747 2.520287257856901e-04
-4.25325 2.490235100733872e-04
-4.23904 2.462036965976517e-04
-4.22482 2.436591913254002e-04
-4.21061 2.415366086227349e-04
-4.19640 2.400758890582081e-04
-4.18218 2.396731403817879e-04
-4.16797 2.409927120615267e-04
-4.15375 2.451738691388555e-04
-4.13954 2.542148070158126e-04
-4.12533 2.716650571852734e-04
-4.11111 3.037976241663880e-04
-4.09690 3.614420955170124e-04
-4.08268 4.626266641829910e-04
-4.06847 6.359694916813033e-04
-4.05425 9.245015327872867e-04
-4.04004 1.407417633569258e-03
-4.02583 2.325911555863952e-03
-4.01161 3.768594333460374e-03
-3.99740 4.814161529925511e-03
-3.98318 5.553269422404232e-03
-3.96897 6.540359550585805e-03
-3.95475 7.441855551820332e-03
-3.94054 8.114202049072892e-03
-3.92633 8.658799298615761e-03
-3.91211 9.207049093612097e-03
-3.89790 9.817983745288351e-03
-3.88368 1.047916770151987e-02
-3.86947 1.116013345177158e-02
-3.85526 1.184845749488317e-02
-3.84104 1.255256625849453e-02
-3.82683 1.329405624592525e-02
-3.81261 1.410464138982637e-02
-3.79840 1.501517615623677e-02
-3.78418 1.601300180641033e-02
-3.76997 1.698275596348369e-02
-3.75576 1.770928353088888e-02
-3.74154 1.799910121615759e-02
-3.72733 1.783495539937787e-02
-3.71311 1.739739046611460e-02
-3.69890 1.692195929790968e-02
-3.68468 1.654415146755950e-02
-3.67047 1.626770033951780e-02
-3.65626 1.603357800439487e-02
-3.64204 1.579082131434320e-02
-3.62783 1.552049476111716e-02
-3.61361 1.522704572055428e-02
-3.59940 1.492366569951049e-02
-3.58519 1.462323918714969e-02
-3.57097 1.433493724919703e-02
-3.55676 1.406385267535245e-02
-3.54254 1.381186661102239e-02
-3.52833 1.357882495179379e-02
-3.51411 1.336356673363452e-02
-3.49990 1.316461110380075e-02
-3.48569 1.298049545557455e-02
-3.47147 1.280986868880600e-02
-3.45726 1.265147322409808e-02
-3.44304 1.250411829679882e-02
-3.42883 1.236669250011334e-02
-3.41461 1.223821683469839e-02
-3.40040 1.211791459087594e-02
-3.38619 1.200526990795758e-02
-3.37197 1.190005446209454e-02
-3.35776 1.180231316874070e-02
-3.34354 1.171231003372427e-02
-3.32933 1.163044250266441e-02
-3.31512 1.155713681156528e-02
-3.30090 1.149273850329474e-02
-3.28669 1.143741201689631e-02
-3.27247 1.139106152221401e-02
-3.25826 1.135328232885054e-02
-3.24404 1.132334858854214e-02
-3.22983 1.130023895693760e-02
-3.21562 1.128269768592415e-02
-3.20140 1.126932458285359e-02
-3.18719 1.125868374334759e-02
-3.17297 1.124941835543132e-02
-3.15876 1.124035764325846e-02
-3.14454 1.123060257330285e-02
-3.13033 1.121957949017727e-02
-3.11612 1.120705524833440e-02
-3.10190 1.119311310822792e-02
-3.08769 1.117809473831084e-02
-3.07347 1.116251895385469e-02
-3.05926 1.114699121146553e-02
-3.04505 1.113211856864220e-02
-3.03083 1.111844257568437e-02
-3.01662 1.110639783203855e-02
-3.00240 1.109629777014214e-02
-2.98819 1.108834308417125e-02
-2.97397 1.108264360981707e-02
-2.95976 1.107924256426949e-02
-2.94555 1.107813339205441e-02
-2.93133 1.107926370388724e-02
-2.91712 1.108252678378832e-02
-2.90290 1.108774712570269e-02
-2.88869 1.109467053798803e-02
-2.87447 1.110297000062054e-02
-2.86026 1.111227506493247e-02
-2.84605 1.112222578848155e-02
-2.83183 1.113254385141197e-02
-2.81762 1.114310611703211e-02
-2.80340 1.115400162966388e-02
-2.78919 1.116555265516761e-02
-2.77497 1.117828310638666e-02
-2.76076 1.119282275633477e-02
-2.74655 1.120974466129724e-02
-2.73233 1.122935090641993e-02
-2.71812 1.125145132706249e-02
-2.70390 1.127521376834035e-02
-2.68969 1.129917971299841e-02
-2.67548 1.132150998760743e-02
-2.66126 1.134046604678112e-02
-2.64705 1.135522194152480e-02
-2.63283 1.136772046166234e-02
-2.61862 1.138466565443472e-02
-2.60440 1.140957886842321e-02
-2.59019 1.143246927467057e-02
-2.57598 1.144965348192478e-02
-2.56176 1.146817609746211e-02
-2.54755 1.148673167557580e-02
-2.53333 1.150190710845319e-02
-2.51912 1.151355199459444e-02
-2.50490 1.152256662308699e-02
-2.49069 1.153022964144268e-02
-2.47648 1.153755588192298e-02
-2.46226 1.154457903101324e-02
-2.44805 1.155040496933090e-02
-2.43383 1.155386454165435e-02
-2.41962 1.155431361457542e-02
-2.40541 1.155208015913039e-02
-2.39119 1.154821797213815e-02
-2.37698 1.154375610959755e-02
-2.36276 1.153902160370150e-02
-2.34855 1.153349150923336e-02
-2.33433 1.152620312061936e-02
-2.32012 1.151640015472408e-02
-2.30591 1.150400998380260e-02
-2.29169 1.148970365361998e-02
-2.27748 1.147454662703853e-02
-2.26326 1.145945491499564e-02
-2.24905 1.144473772901127e-02
-2.23483 1.142993006436821e-02
-2.22062 1.141396230057281e-02
-2.20641 1.139556586182924e-02
-2.19219 1.137373564540908e-02
-2.17798 1.134807664858157e-02
-2.16376 1.131893081234032e-02
-2.14955 1.128727058239629e-02
-2.13534 1.125442183946837e-02
-2.12112 1.122171952018270e-02
-2.10691 1.119020031486786e-02
-2.09269 1.116040724091510e-02
-2.07848 1.113233635922618e-02
-2.06426 1.110551262661840e-02
-2.05005 1.107915179913543e-02
-2.03584 1.105235368903131e-02
-2.02162 1.102427761384650e-02
-2.00741 1.099426766896196e-02
-1.99319 1.096191592578060e-02
-1.97898 1.092706918883982e-02
-1.96476 1.088979555771532e-02
-1.95055 1.085032986078318e-02
-1.93634 1.080901373689952e-02
-1.92212 1.076623980815404e-02
-1.90791 1.072240317626559e-02
-1.89369 1.067785961184321e-02
-1.87948 1.063288905807121e-02
-1.86527 1.058766480930606e-02
-1.85105 1.054223143377739e-02
-1.83684 1.049649649530865e-02
-1.82262 1.045024116503651e-02
-1.80841 1.040315251455657e-02
-1.79419 1.035487613970304e-02
-1.77998 1.030508290747443e-02
-1.76577 1.025353941496598e-02
-1.75155 1.020016939986264e-02
-1.73734 1.014509357596147e-02
-1.72312 1.008863828987007e-02
-1.70891 1.003130849933251e-02
-1.69469 9.973726883307202e-03
-1.68048 9.916547191676624e-03
-1.66627 9.860355026773675e-03
-1.65205 9.805572165629614e-03
-1.63784 9.752380737444345e-03
-1.62362 9.700681002087520e-03
-1.60941 9.650091524189195e-03
-1.59520 9.599993950691079e-03
-1.58098 9.549617343810258e-03
-1.56677 9.498150148400488e-03
-1.55255 9.444862416923024e-03
-1.53834 9.389217816700110e-03
-1.52412 9.330954969642794e-03
-1.50991 9.270121294582198e-03
-1.49570 9.207049726394403e-03
-1.48148 9.142278782976221e-03
-1.46727 9.076427966064331e-03
-1.45305 9.010051285765649e-03
-1.43884 8.943499415111637e-03
-1.42462 8.876823529928824e-03
-1.41041 8.809749858530525e-03
-1.39620 8.741742580580613e-03
-1.38198 8.672153654537997e-03
-1.36777 8.600432100397142e-03
-1.35355 8.526336058154742e-03
-1.33934 8.450068664217665e-03
-1.32513 8.372260423646107e-03
-1.31091 8.293764072253539e-03
-1.29670 8.215317846452302e-03
-1.28248 8.137245176287101e-03
-1.26827 8.059423521188129e-03
-1.25405 7.981652121700489e-03
-1.23984 7.904178383318633e-03
-1.22563 7.827685592098399e-03
-1.21141 7.752186764324666e-03
-1.19720 7.675494283884871e-03
-1.18298 7.592855175911363e-03
-1.16877 7.497712187900344e-03
-1.15455 7.382491874852458e-03
-1.14034 7.244899824993555e-03
-1.12613 7.102625118645118e-03
-1.11191 6.975342701389864e-03
-1.09770 6.724932016218529e-03
-1.08348 6.344787159951881e-03
-1.06927 6.016843362451803e-03
-1.05506 5.731349709090638e-03
-1.04084 5.465828178202405e-03
-1.02663 5.227540524534484e-03
-1.01241 5.021145189138623e-03
-0.99820 4.836980742211905e-03
-0.98398 4.661355222101003e-03
-0.96977 4.486688689029240e-03
-0.95556 4.313849512626547e-03
-0.94134 4.148007199207560e-03
-0.92713 3.993254032190151e-03
-0.91291 3.849916728498349e-03
-0.89870 3.715195020599204e-03
-0.88448 3.585533092578889e-03
-0.87027 3.458677159952009e-03
-0.85606 3.334326432674415e-03
-0.84184 3.213525809841747e-03
-0.82763 3.097567490398750e-03
-0.81341 2.987105315145980e-03
-0.79920 2.881821467542794e-03
-0.78498 2.780629498127607e-03
-0.77077 2.682182061564600e-03
-0.75656 2.585395882207086e-03
-0.74234 2.489774406289327e-03
-0.72813 2.395444407307176e-03
-0.71391 2.302961975506919e-03
-0.69970 2.213022596067930e-03
-0.68549 2.126203056260235e-03
-0.67127 2.042803628407528e-03
-0.65706 1.962804416793069e-03
-0.64284 1.885921181652656e-03
-0.62863 1.811725661563278e-03
-0.61441 1.739775312674786e-03
-0.60020 1.669699593669606e-03
-0.58599 1.601227898326019e-03
-0.57177 1.534187704973911e-03
-0.55756 1.468505878370078e-03
-0.54334 1.404211120001389e-03
-0.52913 1.341410086329710e-03
-0.51491 1.280229508404400e-03
-0.50070 1.220757062537855e-03
-0.48649 1.163021084695180e-03
-0.47227 1.107010811849672e-03
-0.45806 1.052700196280038e-03
-0.44384 1.000046044345597e-03
-0.42963 9.489738432984697e-04
-0.41542 8.993857855766471e-04
-0.40120 8.511953037967106e-04
-0.38699 8.043493771012535e-04
-0.37277 7.588052019211907e-04
-0.35856 7.144847724435596e-04
-0.34434 6.712736393556857e-04
-0.33013 6.291002023839776e-04
-0.31592 5.880484355657490e-04
-0.30170 5.484007684611517e-04
-0.28749 5.105413155890732e-04
-0.27327 4.747499785916389e-04
-0.25906 4.409946800458286e-04
-0.24484 4.088276851512558e-04
-0.23063 3.774576039844205e-04
-0.21642 3.460515304790342e-04
-0.20220 3.142591390290455e-04
-0.18799 2.827464218463566e-04
-0.17377 2.532625004680103e-04
-0.15956 2.277881136483161e-04
-0.14535 2.069988645289065e-04
-0.13113 1.892824043716511e-04
-0.11692 1.715322180726409e-04
-0.10270 1.512853206473941e-04
-0.08849 1.283083748325088e-04
-0.07427 1.045082706656119e-04
-0.06006 8.343224682380431e-05
-0.04585 7.012245113527126e-05
-0.03163 6.337200882781874e-05
-0.01742 5.077271345649302e-05
-0.00320 3.262425625399917e-05
0.01101 2.018374889116613e-05
0.02523 1.400315653016576e-05
0.03944 1.040878004848443e-05
0.05365 7.882881264220935e-06
0.06787 6.001465181925521e-06
0.08208 4.572321545884580e-06
0.09630 3.476906959323505e-06
0.11051 2.636243311159342e-06
0.12472 1.994164702772292e-06
0.13894 1.508400134834321e-06
0.15315 1.146091537615066e-06
0.16737 8.814925885954845e-07
0.18158 6.946478933316874e-07
0.19580 5.705195599692901e-07
0.21001 4.983641052246707e-07
0.22422 4.713099008163865e-07
0.23844 4.861438899348320e-07
0.25265 5.433400679091656e-07
0.26687 6.473771920231221e-07
0.28108 8.074103257627848e-07
0.29530 1.038384116438196e-06
0.30951 1.362706963076379e-06
0.32372 1.812646867936417e-06
0.33794 2.433666706623058e-06
0.35215 3.288998417088199e-06
0.36637 4.465879125933289e-06
0.38058 6.084065116336151e-06
0.39479 8.307542004459284e-06
0.40901 1.136081040972209e-05
0.42322 1.555178541993425e-05
0.43744 2.130419236621598e-05
0.45165 2.920322659404880e-05
0.46587 4.005878419161840e-05
0.48008 5.499002818244529e-05
0.49429 7.553235201254491e-05
0.50851 1.037619282490974e-04
0.52272 1.424248368775143e-04
0.53694 1.950562289194547e-04
0.55115 2.661121671898726e-04
0.56537 3.612748840536076e-04
0.57958 4.883425207254416e-04
0.59379 6.593156618270959e-04
0.60801 8.945297571533647e-04
0.62222 1.228788342455078e-03
0.63644 1.705096928296073e-03
0.65065 3.354338905015644e-03
0.66486 3.297276844392446e-03
0.67908 3.373259342174465e-03
0.69329 3.658033624624149e-03
0.70751 3.954664247692461e-03
0.72172 4.378474705294379e-03
0.73594 4.920621007773847e-03
0.75015 5.533664404291884e-03
0.76436 6.192734169459890e-03
0.77858 6.896074496655859e-03
0.79279 7.632493005731276e-03
0.80701 8.356527800744785e-03
0.82122 9.011969908369775e-03
0.83544 9.574082018124659e-03
0.84965 1.004697818748193e-02
0.86386 1.043892887767842e-02
0.87808 1.077175047590947e-02
0.89229 1.109212264167527e-02
0.90651 1.144133932974124e-02
0.92072 1.182342632108751e-02
0.93493 1.221434569543658e-02
0.94915 1.259065051682434e-02
0.96336 1.294324596692425e-02
0.97758 1.327334718103211e-02
0.99179 1.358411673728689e-02
1.00601 1.387666492880906e-02
1.02022 1.415112730636575e-02
1.03443 1.440962793505888e-02
1.04865 1.465777007159491e-02
1.06286 1.490337093828975e-02
1.07708 1.515349398557994e-02
1.09129 1.541180995899635e-02
1.10551 1.567771594325704e-02
1.11972 1.594734749159283e-02
1.13393 1.621565317446656e-02
1.14815 1.647847983115173e-02
1.16236 1.673378662378188e-02
1.17658 1.698186171531030e-02
1.19079 1.722465562218920e-02
1.20501 1.746469071072584e-02
1.21922 1.770400582395404e-02
1.23343 1.794347488935593e-02
1.24765 1.818264471862405e-02
1.26186 1.842004567724106e-02
1.27608 1.865379474066120e-02
1.29029 1.888225960738215e-02
1.30450 1.910458058073740e-02
1.31872 1.932092718973670e-02
1.33293 1.953246340794925e-02
1.34715 1.974107754629076e-02
1.36136 1.994898178553339e-02
1.37558 2.015829746816851e-02
1.38979 2.037072227813664e-02
1.40400 2.058733685682370e-02
1.41822 2.080856501291690e-02
1.43243 2.103426498650385e-02
1.44665 2.126390641304427e-02
1.46086 2.149678088037216e-02
1.47508 2.173220093782862e-02
1.48929 2.196965767029909e-02
1.50350 2.220892398756073e-02
1.51772 2.245010408271210e-02
1.53193 2.269363608400922e-02
1.54615 2.294025487463643e-02
1.56036 2.319091814199972e-02
1.57457 2.344669504489973e-02
1.58879 2.370861724078686e-02
1.60300 2.397749839089415e-02
1.61722 2.425374001694334e-02
1.63143 2.453715547297390e-02
1.64565 2.482685486564908e-02
1.65986 2.512123686635219e-02
1.67407 2.541812490805918e-02
1.68829 2.571506460011794e-02
1.70250 2.600976923386663e-02
1.71672 2.630066693939559e-02
1.73093 2.658747371255491e-02
1.74515 2.687169744536448e-02
1.75936 2.715697219296034e-02
1.77357 2.744912785301653e-02
1.78779 2.775591441506001e-02
1.80200 2.808632047497932e-02
1.81622 2.844945882138628e-02
1.83043 2.885305110759432e-02
1.84464 2.930164046324493e-02
1.85886 2.979478943937331e-02
1.87307 3.032564648722073e-02
1.88729 3.088032484281986e-02
1.90150 3.143846099114230e-02
1.91572 3.197508066656917e-02
1.92993 3.246361075064227e-02
1.94414 3.287979278089153e-02
1.95836 3.320656698194207e-02
1.97257 3.344032456606135e-02
1.98679 3.359779463056015e-02
2.00100 3.371837384151101e-02
2.01522 3.384572625731588e-02
2.02943 3.396645426471440e-02
2.04364 3.396597548192763e-02
2.05786 3.375356033147593e-02
2.07207 3.342050022607396e-02
2.08629 3.311964630786943e-02
2.10050 3.287622983557586e-02
2.11471 3.262568115307683e-02
2.12893 3.232809561863100e-02
2.14314 3.199614839949359e-02
2.15736 3.166371972430765e-02
2.17157 3.135680891075030e-02
2.18579 3.108888560917082e-02
2.20000 3.086987798256296e-02
