-12.00000 4.480148287728045e-39
-11.98579 2.665104595851939e-38
-11.97157 1.577734952694476e-37
-11.95736 9.292951965388303e-37
-11.94314 5.445213618496204e-36
-11.92893 3.173973226299021e-35
-11.91471 1.840549950325631e-34
-11.90050 1.061975532120206e-33
-11.88629 6.098129420436894e-33
-11.87207 3.485747167151109e-32
-11.85786 1.983821069352858e-31
-11.84364 1.124275737481338e-30
-11.82943 6.344673083914016e-30
-11.81522 3.564888102327706e-29
-11.80100 1.993626472634345e-28
-11.78679 1.109166207121064e-27
-11.77257 6.135462357398885e-27
-11.75836 3.372192950825152e-26
-11.74414 1.840394739051394e-25
-11.72993 9.967633947790078e-25
-11.71572 5.354966345290028e-24
-11.70150 2.852790498167765e-23
-11.68729 1.506814954733953e-22
-11.67307 7.890541183174532e-22
-11.65886 4.096585314646533e-21
-11.64464 2.108764332794443e-20
-11.63043 1.076329876680562e-19
-11.61622 5.447455742378763e-19
-11.60200 2.734061616415024e-18
-11.58779 1.361020498619770e-17
-11.57357 6.721938942299593e-17
-11.55936 3.295096892123699e-16
-11.54515 1.603668404185069e-15
-11.53093 7.747592368659632e-15
-11.51672 3.711620345347512e-14
-11.50250 1.759172541970520e-13
-11.48829 8.221156835451762e-13
-11.47407 3.774562277595334e-12
-11.45986 1.698448562442506e-11
-11.44565 7.490230834435863e-11
-11.43143 3.244807632839532e-10
-11.41722 1.383512612439944e-09
-11.40300 5.796058113242599e-09
-11.38879 2.376382198758813e-08
-11.37457 9.520230612543165e-08
-11.36036 3.671529665384351e-07
-11.34615 1.280318859568490e-06
-11.33193 3.681816431312333e-06
-11.31772 8.265938884769523e-06
-11.30350 1.475404394040247e-05
-11.28929 2.254830150158887e-05
-11.27508 3.170653883820784e-05
-11.26086 4.220318351424102e-05
-11.24665 5.348644516494054e-05
-11.23243 6.524876634141305e-05
-11.21822 7.774780380830626e-05
-11.20400 9.134735781507655e-05
-11.18979 1.060963191661230e-04
-11.17558 1.217486134507469e-04
-11.16136 1.380501294971385e-04
-11.14715 1.549620577024246e-04
-11.13293 1.726526224341745e-04
-11.11872 1.913247718929195e-04
-11.10450 2.110525959974815e-04
-11.09029 2.317391762744277e-04
-11.07608 2.531912610321471e-04
-11.06186 2.752362993404702e-04
-11.04765 2.978076797192267e-04
-11.03343 3.209627889482714e-04
-11.01922 3.448398220195492e-04
-11.00501 3.695845243149027e-04
-10.99079 3.952836868703358e-04
-10.97658 4.219323109409391e-04
-10.96236 4.494431672766544e-04
-10.94815 4.776892216899658e-04
-10.93393 5.065579447044304e-04
-10.91972 5.359950647939076e-04
-10.90551 5.660225988009837e-04
-10.89129 5.967275914961672e-04
-10.87708 6.282288303103423e-04
-10.86286 6.606352376452714e-04
-10.84865 6.940104372599786e-04
-10.83443 7.283540436934568e-04
-10.82022 7.636036918367966e-04
-10.80601 7.996551370534825e-04
-10.79179 8.363928627507654e-04
-10.77758 8.737215875769929e-04
-10.76336 9.115899503484750e-04
-10.74915 9.500007555666203e-04
-10.73493 9.890063216005352e-04
-10.72072 1.028691457026738e-03
-10.70651 1.069149426809508e-03
-10.69229 1.110457437730703e-03
-10.67808 1.152657638808431e-03
-10.66386 1.195747764524304e-03
-10.64965 1.239682952561357e-03
-10.63544 1.284387610920038e-03
-10.62122 1.329774069862806e-03
-10.60701 1.375763520236771e-03
-10.59279 1.422304564741795e-03
-10.57858 1.469385517309046e-03
-10.56436 1.517038119132560e-03
-10.55015 1.565332226706707e-03
-10.53594 1.614362865525459e-03
-10.52172 1.664232478795342e-03
-10.50751 1.715031989176804e-03
-10.49329 1.766824333960526e-03
-10.47908 1.819633480980884e-03
-10.46486 1.873440760695650e-03
-10.45065 1.928188916437464e-03
-10.43644 1.983792861798876e-03
-10.42222 2.040154993926920e-03
-10.40801 2.097182224744158e-03
-10.39379 2.154801743034448e-03
-10.37958 2.212972892492457e-03
-10.36537 2.271693340673374e-03
-10.35115 2.330998757263056e-03
-10.33694 2.390956326123407e-03
-10.32272 2.451653399795730e-03
-10.30851 2.513183318731965e-03
-10.29429 2.575630767117785e-03
-10.28008 2.639058994083962e-03
-10.26587 2.703500827710740e-03
-10.25165 2.768954735825441e-03
-10.23744 2.835386362724182e-03
-10.22322 2.902735128341566e-03
-10.20901 2.970924742013887e-03
-10.19479 3.039875957298562e-03
-10.18058 3.109519639986521e-03
-10.16637 3.179808257644702e-03
-10.15215 3.250724202460321e-03
-10.13794 3.322283870908848e-03
-10.12372 3.394537060367264e-03
-10.10951 3.467561909550079e-03
-10.09530 3.541456214218378e-03
-10.08108 3.616326414037730e-03
-10.06687 3.692275816266929e-03
-10.05265 3.769393671514972e-03
-10.03844 3.847746550597286e-03
-10.02422 3.927373121592295e-03
-10.01001 4.008282946320329e-03
-9.99580 4.090459373075756e-03
-9.98158 4.173866069406389e-03
-9.96737 4.258456282178198e-03
-9.95315 4.344183586433900e-03
-9.93894 4.431012725227269e-03
-9.92472 4.518929163137537e-03
-9.91051 4.607946167366174e-03
-9.89630 4.698108562672009e-03
-9.88208 4.789492734613131e-03
-9.86787 4.882202924757263e-03
-9.85365 4.976364314204927e-03
-9.83944 5.072113774710059e-03
-9.82523 5.169589436891917e-03
-9.81101 5.268920354221298e-03
-9.79680 5.370217518581331e-03
-9.78258 5.473567314894974e-03
-9.76837 5.579028211449004e-03
-9.75415 5.686631105101624e-03
-9.73994 5.796383321334829e-03
-9.72573 5.908275856740325e-03
-9.71151 6.022293093245339e-03
-9.69730 6.138423949841391e-03
-9.68308 6.256673297989046e-03
-9.66887 6.377072464884925e-03
-9.65465 6.499687779775110e-03
-9.64044 6.624626359526098e-03
-9.62623 6.752038643420465e-03
-9.61201 6.882117531056333e-03
-9.59780 7.015094316655700e-03
-9.58358 7.151231934267178e-03
-9.56937 7.290816342594052e-03
-9.55516 7.434147206860434e-03
-9.54094 7.581529369685662e-03
-9.52673 7.733266849526367e-03
-9.51251 7.889661050101608e-03
-9.49830 8.051014223726990e-03
-9.48408 8.217637856527691e-03
-9.46987 8.389863889764959e-03
-9.45566 8.568055801314152e-03
-9.44144 8.752618634533013e-03
-9.42723 8.944013878356241e-03
-9.41301 9.142795475700554e-03
-9.39880 9.349689504105928e-03
-9.38458 9.565727222354983e-03
-9.37037 9.792394403551489e-03
-9.35616 1.003168614255568e-02
-9.34194 1.028592128034127e-02
-9.32773 1.055733874005735e-02
-9.31351 1.084808946352814e-02
-9.29930 1.116209791301061e-02
-9.28509 1.150984448734842e-02
-9.27087 1.191263986805016e-02
-9.25666 1.239607810510513e-02
-9.24244 1.296607592984813e-02
-9.22823 1.358488073091122e-02
-9.21401 1.418051902386679e-02
-9.19980 1.468814815070828e-02
-9.18559 1.507213976905761e-02
-9.17137 1.530670652001131e-02
-9.15716 1.536738692911986e-02
-9.14294 1.526622048549121e-02
-9.12873 1.507449695453125e-02
-9.11451 1.488350796172944e-02
-9.10030 1.474590975156298e-02
-9.08609 1.466102648093577e-02
-9.07187 1.460233032230126e-02
-9.05766 1.454646187514496e-02
-9.04344 1.448305254714191e-02
-9.02923 1.441123934740544e-02
-9.01502 1.433353570361256e-02
-9.00080 1.425185264896096e-02
-8.98659 1.416624292082368e-02
-8.97237 1.407557421789289e-02
-8.95816 1.397898260369366e-02
-8.94394 1.387701989085421e-02
-8.92973 1.377186947331988e-02
-8.91552 1.366663972742862e-02
-8.90130 1.356421834552990e-02
-8.88709 1.346629469874955e-02
-8.87287 1.337296153281044e-02
-8.85866 1.328296789031575e-02
-8.84444 1.319440554389150e-02
-8.83023 1.310548536060700e-02
-8.81602 1.301510459598723e-02
-8.80180 1.292305326423337e-02
-8.78759 1.282987052945766e-02
-8.77337 1.273647718255023e-02
-8.75916 1.264375322998594e-02
-8.74494 1.255220823318176e-02
-8.73073 1.246183119009315e-02
-8.71652 1.237213463954506e-02
-8.70230 1.228234720380797e-02
-8.68809 1.219167374606151e-02
-8.67387 1.209953668972268e-02
-8.65966 1.200573140853787e-02
-8.64545 1.191046294681772e-02
-8.63123 1.181426866447904e-02
-8.61702 1.171786120460178e-02
-8.60280 1.162194192798397e-02
-8.58859 1.152703509151923e-02
-8.57437 1.143338039721895e-02
-8.56016 1.134090167316266e-02
-8.54595 1.124924863797122e-02
-8.53173 1.115789217258829e-02
-8.51752 1.106624439410192e-02
-8.50330 1.097377382679719e-02
-8.48909 1.088009180766178e-02
-8.47487 1.078499638536894e-02
-8.46066 1.068847138256736e-02
-8.44645 1.059064830288581e-02
-8.43223 1.049174548702667e-02
-8.41802 1.039200149048596e-02
-8.40380 1.029161820343086e-02
-8.38959 1.019072468885994e-02
-8.37538 1.008936648289963e-02
-8.36116 9.987518713695876e-03
-8.34695 9.885116199293161e-03
-8.33273 9.782090608746763e-03
-8.31852 9.678404204171331e-03
-8.30430 9.574071469840491e-03
-8.29009 9.469163473920595e-03
-8.27588 9.363794211130504e-03
-8.26166 9.258092466065678e-03
-8.24745 9.152166046354764e-03
-8.23323 9.046066946480870e-03
-8.21902 8.939765846975234e-03
-8.20480 8.833142427351049e-03
-8.19059 8.725994696932677e-03
-8.17638 8.618066579277149e-03
-8.16216 8.509089084028202e-03
-8.14795 8.398827300367121e-03
-8.13373 8.287123738660435e-03
-8.11952 8.173928583915554e-03
-8.10531 8.059309268746378e-03
-8.09109 7.943435188626627e-03
-8.07688 7.826537867067856e-03
-8.06266 7.708851734877860e-03
-8.04845 7.590545111795795e-03
-8.03423 7.471654160797200e-03
-8.02002 7.352033808116310e-03
-8.00581 7.231338354495431e-03
-7.99159 7.109040496183307e-03
-7.97738 6.984490872462169e-03
-7.96316 6.857011731052738e-03
-7.94895 6.726009175270175e-03
-7.93473 6.591080734214909e-03
-7.92052 6.452091192649377e-03
-7.90631 6.309192245436210e-03
-7.89209 6.162772285431974e-03
-7.87788 6.013341355549706e-03
-7.86366 5.861380205159940e-03
-7.84945 5.707205643783870e-03
-7.83524 5.550918194992082e-03
-7.82102 5.392491478377750e-03
-7.80681 5.232025161521752e-03
-7.79259 5.070110756837885e-03
-7.77838 4.908165977377142e-03
-7.76416 4.748521655710592e-03
-7.74995 4.594062700939023e-03
-7.73574 4.447388649514110e-03
-7.72152 4.309761241093663e-03
-7.70731 4.180431643959919e-03
-7.69309 4.057074777383798e-03
-7.67888 3.937719385199767e-03
-7.66466 3.823485307871223e-03
-7.65045 3.719796903148017e-03
-7.63624 3.632964541664913e-03
-7.62202 3.561798852984966e-03
-7.60781 3.492163411587344e-03
-7.59359 3.412404202576947e-03
-7.57938 3.343874844272018e-03
-7.56517 3.288801048561753e-03
-7.55095 3.118177333947367e-03
-7.53674 2.744493254505503e-03
-7.52252 2.341131599555981e-03
-7.50831 2.090439673332839e-03
-7.49409 1.987845359231049e-03
-7.47988 1.964354863583693e-03
-7.46567 1.972060337323000e-03
-7.45145 1.984127794955475e-03
-7.43724 1.991695113197060e-03
-7.42302 2.000800234750145e-03
-7.40881 2.021954675070395e-03
-7.39459 2.059976650268385e-03
-7.38038 2.111989835506744e-03
-7.36617 2.172270782810758e-03
-7.35195 2.237373241648318e-03
-7.33774 2.307506388046830e-03
-7.32352 2.384810850494663e-03
-7.30931 2.471037532552686e-03
-7.29510 2.566307367036085e-03
-7.28088 2.669211148015502e-03
-7.26667 2.777680716533265e-03
-7.25245 2.889919001709576e-03
-7.23824 3.004928770568177e-03
-7.22402 3.122535740527269e-03
-7.20981 3.243063587495615e-03
-7.19560 3.366911253898830e-03
-7.18138 3.494235451474662e-03
-7.16717 3.624829724553082e-03
-7.15295 3.758185561926671e-03
-7.13874 3.893658062025216e-03
-7.12452 4.030644406903151e-03
-7.11031 4.168704980811642e-03
-7.09610 4.307595271252030e-03
-7.08188 4.447214600135444e-03
-7.06767 4.587504084584201e-03
-7.05345 4.728336669886277e-03
-7.03924 4.869437912168802e-03
-7.02503 5.010362161943614e-03
-7.01081 5.150530772005953e-03
-6.99660 5.289322110070299e-03
-6.98238 5.426191038692980e-03
-6.96817 5.560789799526934e-03
-6.95395 5.693062958898559e-03
-6.93974 5.823295154127917e-03
-6.92553 5.952100103134749e-03
-6.91131 6.080350749095486e-03
-6.89710 6.209061597328764e-03
-6.88288 6.339243562670730e-03
-6.86867 6.471757593127748e-03
-6.85445 6.607194990354648e-03
-6.84024 6.745809272200326e-03
-6.82603 6.887516865696417e-03
-6.81181 7.031972877872742e-03
-6.79760 7.178715265423736e-03
-6.78338 7.327357688547738e-03
-6.76917 7.477799582336612e-03
-6.75495 7.630412250452007e-03
-6.74074 7.786152759837793e-03
-6.72653 7.946555476944520e-03
-6.71231 8.113560840131722e-03
-6.69810 8.289175228112372e-03
-6.68388 8.475032916857592e-03
-6.66967 8.672066814623755e-03
-6.65546 8.880674991071209e-03
-6.64124 9.101894665095903e-03
-6.62703 9.339921440972621e-03
-6.61281 9.605527759364130e-03
-6.59860 9.918583259127490e-03
-6.58438 1.030751392153337e-02
-6.57017 1.080951861976254e-02
-6.55596 1.146782860650140e-02
-6.54174 1.220831747486104e-02
-6.52753 1.296559213385291e-02
-6.51331 1.382735594907601e-02
-6.49910 1.453830982515286e-02
-6.48488 1.526972861140241e-02
-6.47067 1.803217178333036e-02
-6.45646 1.394052563940033e-02
-6.44224 1.331349543325482e-02
-6.42803 1.270722608608836e-02
-6.41381 1.214203941420495e-02
-6.39960 1.167166887912657e-02
-6.38539 1.130080204028479e-02
-6.37117 1.100708407388017e-02
-6.35696 1.076317656090222e-02
-6.34274 1.054872164781892e-02
-6.32853 1.035265483245804e-02
-6.31431 1.017059341435997e-02
-6.30010 1.000136301684405e-02
-6.28589 9.844574489449091e-03
-6.27167 9.699536403229196e-03
-6.25746 9.565080238027213e-03
-6.24324 9.439788016083974e-03
-6.22903 9.322277202470704e-03
-6.21481 9.211387578581498e-03
-6.20060 9.106243009956841e-03
-6.18639 9.006221390977577e-03
-6.17217 8.910880307792295e-03
-6.15796 8.819877086096732e-03
-6.14374 8.732905817191635e-03
-6.12953 8.649659357082647e-03
-6.11532 8.569814547867271e-03
-6.10110 8.493034214836813e-03
-6.08689 8.418978560432508e-03
-6.07267 8.347319783311331e-03
-6.05846 8.277755749470693e-03
-6.04424 8.210020471976807e-03
-6.03003 8.143890612148173e-03
-6.01582 8.079188116657567e-03
-6.00160 8.015779546807947e-03
-5.98739 7.953572794361227e-03
-5.97317 7.892511859024468e-03
-5.95896 7.832570290043901e-03
-5.94474 7.773743824715244e-03
-5.93053 7.716042708208098e-03
-5.91632 7.659484146680522e-03
-5.90210 7.604085314384597e-03
-5.88789 7.549857290911054e-03
-5.87367 7.496800238362339e-03
-5.85946 7.444900039043813e-03
-5.84525 7.394126507655142e-03
-5.83103 7.344433177504612e-03
-5.81682 7.295758549014431e-03
-5.80260 7.248028591065842e-03
-5.78839 7.201160209638550e-03
-5.77417 7.155065348817060e-03
-5.75996 7.109655368527843e-03
-5.74575 7.064845350486610e-03
-5.73153 7.020558015682377e-03
-5.71732 6.976726988626252e-03
-5.70310 6.933299209927364e-03
-5.68889 6.890236373527705e-03
-5.67467 6.847515342225892e-03
-5.66046 6.805127569500129e-03
-5.64625 6.763077622392659e-03
-5.63203 6.721380955566024e-03
-5.61782 6.680061127869342e-03
-5.60360 6.639146678265971e-03
-5.58939 6.598667887297510e-03
-5.57518 6.558653643977763e-03
-5.56096 6.519128617653579e-03
-5.54675 6.480110902249920e-03
-5.53253 6.441610259329838e-03
-5.51832 6.403627039803897e-03
-5.50410 6.366151815304700e-03
-5.48989 6.329165702492719e-03
-5.47568 6.292641319873381e-03
-5.46146 6.256544279607312e-03
-5.44725 6.220835088214755e-03
-5.43303 6.185471311264749e-03
-5.41882 6.150409848647015e-03
-5.40460 6.115609168708996e-03
-5.39039 6.081031360633389e-03
-5.37618 6.046643883631437e-03
-5.36196 6.012420917120683e-03
-5.34775 5.978344246054889e-03
-5.33353 5.944403647858347e-03
-5.31932 5.910596779873746e-03
-5.30511 5.876928596884444e-03
-5.29089 5.843410355383915e-03
-5.27668 5.810058283432778e-03
-5.26246 5.776892011150708e-03
-5.24825 5.743932866540668e-03
-5.23403 5.711202144264394e-03
-5.21982 5.678719451413444e-03
-5.20561 5.646501224842991e-03
-5.19139 5.614559500152410e-03
-5.17718 5.582900994033043e-03
-5.16296 5.551526540735419e-03
-5.14875 5.520430901179265e-03
-5.13453 5.489602941071215e-03
-5.12032 5.459026153553033e-03
-5.10611 5.428679483473862e-03
-5.09189 5.398538395260355e-03
-5.07768 5.368576115208835e-03
-5.06346 5.338764972247192e-03
-5.04925 5.309077758951643e-03
-5.03504 5.279489036741152e-03
-5.02082 5.249976315365069e-03
-5.00661 5.220521046502689e-03
-4.99239 5.191109383804515e-03
-4.97818 5.161732676210669e-03
-4.96396 5.132387677007353e-03
-4.94975 5.103076466941625e-03
-4.93554 5.073806104957474e-03
-4.92132 5.044588033970602e-03
-4.90711 5.015437280906860e-03
-4.89289 4.986371499473809e-03
-4.87868 4.957409910459425e-03
-4.86446 4.928572197569548e-03
-4.85025 4.899877416908447e-03
-4.83604 4.871342975317454e-03
-4.82182 4.842983727202501e-03
-4.80761 4.814811231611509e-03
-4.79339 4.786833201670648e-03
-4.77918 4.759053167621968e-03
-4.76496 4.731470363223594e-03
-4.75075 4.704079833777674e-03
-4.73654 4.676872753111443e-03
-4.72232 4.649836926968542e-03
-4.70811 4.622957451907524e-03
-4.69389 4.596217492294493e-03
-4.67968 4.569599133551542e-03
-4.66547 4.543084267604415e-03
-4.65125 4.516655466471516e-03
-4.63704 4.490296802054617e-03
-4.62282 4.463994574235563e-03
-4.60861 4.437737915076552e-03
-4.59439 4.411519243922643e-03
-4.58018 4.385334556127544e-03
-4.56597 4.359183536555361e-03
-4.55175 4.333069497536386e-03
-4.53754 4.306999149173528e-03
-4.52332 4.280982217441186e-03
-4.50911 4.255030932072683e-03
-4.49489 4.229159411540399e-03
-4.48068 4.203382976310611e-03
-4.46647 4.177717423896954e-03
-4.45225 4.152178300017501e-03
-4.43804 4.126780199438186e-03
-4.42382 4.101536127997938e-03
-4.40961 4.076456954076028e-03
-4.39540 4.051550973676120e-03
-4.38118 4.026823608741721e-03
-4.36697 4.002277253751715e-03
-4.35275 3.977911281650177e-03
-4.33854 3.953722217468536e-03
-4.32432 3.929704087545811e-03
-4.31011 3.905848955325034e-03
-4.29590 3.882147663106497e-03
-4.28168 3.858590815485576e-03
-4.26747 3.835170068329332e-03
-4.25325 3.811879832701353e-03
-4.23904 3.788719574662138e-03
-4.22482 3.765697003482018e-03
-4.21061 3.742832620185416e-03
-4.19640 3.720166407912681e-03
-4.18218 3.697768026969394e-03
-4.16797 3.675753010930971e-03
-4.15375 3.654309555297347e-03
-4.13954 3.633743778535098e-03
-4.12533 3.614554986599901e-03
-4.11111 3.597553386511338e-03
-4.09690 3.584025578197004e-03
-4.08268 3.575933644689300e-03
-4.06847 3.576102197981920e-03
-4.05425 3.588369253933330e-03
-4.04004 3.619377619623090e-03
-4.02583 3.689784491772615e-03
-4.01161 3.808220801183155e-03
-3.99740 3.898315445652184e-03
-3.98318 3.971758565769824e-03
-3.96897 4.078750356110655e-03
-3.95475 4.189972885233959e-03
-3.94054 4.290135058812160e-03
-3.92633 4.385222764145604e-03
-3.91211 4.485612959123879e-03
-3.89790 4.596922370451108e-03
-3.88368 4.718994517533282e-03
-3.86947 4.849915464443971e-03
-3.85526 4.989177234897207e-03
-3.84104 5.138184968684141e-03
-3.82683 5.299787273765162e-03
-3.81261 5.477982497424690e-03
-3.79840 5.676269040756626e-03
-3.78418 5.892109637143895e-03
-3.76997 6.109812382395554e-03
-3.75576 6.301564633909585e-03
-3.74154 6.442941743316884e-03
-3.72733 6.531626298963708e-03
-3.71311 6.589119511814037e-03
-3.69890 6.642682291876111e-03
-3.68468 6.706760718221693e-03
-3.67047 6.779964783518142e-03
-3.65626 6.854024735348082e-03
-3.64204 6.922471386355433e-03
-3.62783 6.983358442747977e-03
-3.61361 7.037963600789191e-03
-3.59940 7.088756441965129e-03
-3.58519 7.138068195657907e-03
-3.57097 7.187520020128207e-03
-3.55676 7.237928145816193e-03
-3.54254 7.289458491750041e-03
-3.52833 7.341878109604827e-03
-3.51411 7.394798455675485e-03
-3.49990 7.447849250423716e-03
-3.48569 7.500764752101379e-03
-3.47147 7.553396725448806e-03
-3.45726 7.605683816094772e-03
-3.44304 7.657607186201665e-03
-3.42883 7.709153646688852e-03
-3.41461 7.760296681766382e-03
-3.40040 7.810996706472123e-03
-3.38619 7.861216003253348e-03
-3.37197 7.910940892454563e-03
-3.35776 7.960203155355157e-03
-3.34354 8.009093908366642e-03
-3.32933 8.057765464787026e-03
-3.31512 8.106419665186035e-03
-3.30090 8.155284138915513e-03
-3.28669 8.204580445544399e-03
-3.27247 8.254489634871827e-03
-3.25826 8.305121254628097e-03
-3.24404 8.356491236277458e-03
-3.22983 8.408512591118874e-03
-3.21562 8.461000759730641e-03
-3.20140 8.513693140728720e-03
-3.18719 8.566280142107967e-03
-3.17297 8.618443369242586e-03
-3.15876 8.669895531327255e-03
-3.14454 8.720416454296222e-03
-3.13033 8.769880253603125e-03
-3.11612 8.818270135494565e-03
-3.10190 8.865679229939897e-03
-3.08769 8.912297989924942e-03
-3.07347 8.958390657512414e-03
-3.05926 9.004264758980703e-03
-3.04505 9.050238303971229e-03
-3.03083 9.096609227936326e-03
-3.01662 9.143630707448395e-03
-3.00240 9.191494531529112e-03
-2.98819 9.240323082330948e-03
-2.97397 9.290169056648159e-03
-2.95976 9.341021182098621e-03
-2.94555 9.392814039833386e-03
-2.93133 9.445440680706111e-03
-2.91712 9.498767763746030e-03
-2.90290 9.552654009356450e-03
-2.88869 9.606973307356135e-03
-2.87447 9.661643386529160e-03
-2.86026 9.716659346455601e-03
-2.84605 9.772128830758727e-03
-2.83183 9.828302915933474e-03
-2.81762 9.885594851242695e-03
-2.80340 9.944578213913365e-03
-2.78919 1.000595654655307e-02
-2.77497 1.007049715121756e-02
-2.76076 1.013892239678304e-02
-2.74655 1.021175584996947e-02
-2.73233 1.028913424704535e-02
-2.71812 1.037062405964939e-02
-2.70390 1.045511552452522e-02
-2.68969 1.054088446630498e-02
-2.67548 1.062589966830545e-02
-2.66126 1.070854915286997e-02
-2.64705 1.079012519459890e-02
-2.63283 1.088396710089095e-02
-2.61862 1.102316542665915e-02
-2.60440 1.120584460660246e-02
-2.59019 1.134266712769527e-02
-2.57598 1.140929810044545e-02
-2.56176 1.148026701433818e-02
-2.54755 1.157121357672915e-02
-2.53333 1.165611691713217e-02
-2.51912 1.172623959041579e-02
-2.50490 1.178915168185052e-02
-2.49069 1.185431036147839e-02
-2.47648 1.192461124664001e-02
-2.46226 1.199681869432096e-02
-2.44805 1.206636177732434e-02
-2.43383 1.213084513606450e-02
-2.41962 1.219072609018993e-02
-2.40541 1.224823101633115e-02
-2.39119 1.230572243565991e-02
-2.37698 1.236438701885687e-02
-2.36276 1.242381315668217e-02
-2.34855 1.248251736782328e-02
-2.33433 1.253896518634445e-02
-2.32012 1.259246064638334e-02
-2.30591 1.264347996118307e-02
-2.29169 1.269338289166826e-02
-2.27748 1.274372930275064e-02
-2.26326 1.279555199212506e-02
-2.24905 1.284889090175409e-02
-2.23483 1.290274116267574e-02
-2.22062 1.295539000090512e-02
-2.20641 1.300498377876822e-02
-2.19219 1.305011228456131e-02
-2.17798 1.309022306436811e-02
-2.16376 1.312575851902469e-02
-2.14955 1.315800663022862e-02
-2.13534 1.318873981861195e-02
-2.12112 1.321976458228846e-02
-2.10691 1.325251066170904e-02
-2.09269 1.328775875199367e-02
-2.07848 1.332555484694755e-02
-2.06426 1.336530456706904e-02
-2.05005 1.340599730736296e-02
-2.03584 1.344648680621764e-02
-2.02162 1.348575374162621e-02
-2.00741 1.352309310382527e-02
-1.99319 1.355819664624707e-02
-1.97898 1.359113009511380e-02
-1.96476 1.362222882927934e-02
-1.95055 1.365195000614359e-02
-1.93634 1.368072230684430e-02
-1.92212 1.370882801131291e-02
-1.90791 1.373633920765693e-02
-1.89369 1.376311454573238e-02
-1.87948 1.378884877358797e-02
-1.86527 1.381315710427025e-02
-1.85105 1.383567168649684e-02
-1.83684 1.385612818397156e-02
-1.82262 1.387442567238400e-02
-1.80841 1.389065097640959e-02
-1.79419 1.390506714830009e-02
-1.77998 1.391807314871895e-02
-1.76577 1.393014655197656e-02
-1.75155 1.394178260965529e-02
-1.73734 1.395344139244493e-02
-1.72312 1.396551077494710e-02
-1.70891 1.397828793629884e-02
-1.69469 1.399197713749348e-02
-1.68048 1.400669793814240e-02
-1.66627 1.402249645963812e-02
-1.65205 1.403935299740987e-02
-1.63784 1.405718192112532e-02
-1.62362 1.407582364006410e-02
-1.60941 1.409503244377769e-02
-1.59520 1.411446717280816e-02
-1.58098 1.413369298308358e-02
-1.56677 1.415220133655244e-02
-1.55255 1.416945170105631e-02
-1.53834 1.418493283642940e-02
-1.52412 1.419823517715445e-02
-1.50991 1.420912034405004e-02
-1.49570 1.421757096708838e-02
-1.48148 1.422380512204346e-02
-1.46727 1.422824526597417e-02
-1.45305 1.423144098675546e-02
-1.43884 1.423395650075450e-02
-1.42462 1.423624523194301e-02
-1.41041 1.423854212165962e-02
-1.39620 1.424080635034690e-02
-1.38198 1.424273957971290e-02
-1.36777 1.424388537573068e-02
-1.35355 1.424378581199417e-02
-1.33934 1.424214064458965e-02
-1.32513 1.423890057726683e-02
-1.31091 1.423424868903004e-02
-1.29670 1.422849101121695e-02
-1.28248 1.422196861252688e-02
-1.26827 1.421515491917356e-02
-1.25405 1.420899348039309e-02
-1.23984 1.420515818011181e-02
-1.22563 1.420547853382688e-02
-1.21141 1.421003817615684e-02
-1.19720 1.421497239499407e-02
-1.18298 1.421213869403293e-02
-1.16877 1.419088917956559e-02
-1.15455 1.414050873223805e-02
-1.14034 1.405894232495758e-02
-1.12613 1.397195407059225e-02
-1.11191 1.391330727990295e-02
-1.09770 1.369514993718590e-02
-1.08348 1.329436688403640e-02
-1.06927 1.295191536768817e-02
-1.05506 1.265616133621644e-02
-1.04084 1.238205362817718e-02
-1.02663 1.214180331906323e-02
-1.01241 1.193965642565377e-02
-0.99820 1.175987858479583e-02
-0.98398 1.158381013882486e-02
-0.96977 1.140306235545380e-02
-0.95556 1.122062232722547e-02
-0.94134 1.104402400382505e-02
-0.92713 1.087833478379783e-02
-0.91291 1.072348367217861e-02
-0.89870 1.057580676356125e-02
-0.88448 1.043122840544000e-02
-0.87027 1.028749192391902e-02
-0.85606 1.014446135601713e-02
-0.84184 1.000311810360634e-02
-0.82763 9.864376524660837e-03
-0.81341 9.728434996654546e-03
-0.79920 9.594766643244879e-03
-0.78498 9.462481179079520e-03
-0.77077 9.330734468209624e-03
-0.75656 9.198986075333641e-03
-0.74234 9.067051441429020e-03
-0.72813 8.935014464584714e-03
-0.71391 8.803141050454709e-03
-0.69970 8.671898705011026e-03
-0.68549 8.542034777058005e-03
-0.67127 8.414548996527516e-03
-0.65706 8.290466400583915e-03
-0.64284 8.170501031873022e-03
-0.62863 8.054778495054983e-03
-0.61441 7.942693337850826e-03
-0.60020 7.832890116504801e-03
-0.58599 7.723410760406987e-03
-0.57177 7.612115908404367e-03
-0.55756 7.497352818025383e-03
-0.54334 7.378568515616057e-03
-0.52913 7.256483737865609e-03
-0.51491 7.132727563268322e-03
-0.50070 7.009222455726967e-03
-0.48649 6.887682882427294e-03
-0.47227 6.769295235094726e-03
-0.45806 6.654395457218216e-03
-0.44384 6.542122186782469e-03
-0.42963 6.430402984811488e-03
-0.41542 6.316638787380968e-03
-0.40120 6.198868694027474e-03
-0.38699 6.076610222443509e-03
-0.37277 5.950759656006149e-03
-0.35856 5.822844588940519e-03
-0.34434 5.694548638862714e-03
-0.33013 5.567940170973486e-03
-0.31592 5.445631575324439e-03
-0.30170 5.329640048863480e-03
-0.28749 5.219031445036571e-03
-0.27327 5.108386008059578e-03
-0.25906 4.989051789841285e-03
-0.24484 4.852448927033552e-03
-0.23063 4.692789872174891e-03
-0.21642 4.508498336170700e-03
-0.20220 4.304632575777074e-03
-0.18799 4.097167702950914e-03
-0.17377 3.913378291418844e-03
-0.15956 3.778835008180370e-03
-0.14535 3.692924794815061e-03
-0.13113 3.616774390626080e-03
-0.11692 3.494994652767567e-03
-0.10270 3.293305006276148e-03
-0.08849 3.014371430136099e-03
-0.07427 2.693804054587239e-03
-0.06006 2.441042305955280e-03
-0.04585 2.477503191163366e-03
-0.03163 2.668070303209802e-03
-0.01742 2.301039163408230e-03
-0.00320 1.482428428430234e-03
0.01101 9.096527351423181e-04
0.02523 6.351082238052119e-04
0.03944 4.717917812592959e-04
0.05365 3.516074927240029e-04
0.06787 2.609260412418667e-04
0.08208 1.933358738666376e-04
0.09630 1.433585272782113e-04
0.11051 1.064938431774172e-04
0.12472 7.929400590883454e-05
0.13894 5.921137855523952e-05
0.15315 4.437917570658171e-05
0.16737 3.342205781076366e-05
0.18158 2.532095395993998e-05
0.19580 1.932105423519406e-05
0.21001 1.486654857831660e-05
0.22422 1.155151046779920e-05
0.23844 9.081971432613322e-06
0.25265 7.246947055187193e-06
0.26687 5.896942328249115e-06
0.28108 4.928584712911543e-06
0.29530 4.274138974950712e-06
0.30951 3.894879312189343e-06
0.32372 3.777581535748816e-06
0.33794 3.933692210861879e-06
0.35215 4.401011097917142e-06
0.36637 5.248000610435406e-06
0.38058 6.581147668356242e-06
0.39479 8.556202127090251e-06
0.40901 1.139466300828037e-05
0.42322 1.540762803280200e-05
0.43744 2.103005406150502e-05
0.45165 2.886944486239833e-05
0.46587 3.977357860566278e-05
0.48008 5.492133276249230e-05
0.49429 7.593782064717432e-05
0.50851 1.050288282031909e-04
0.52272 1.451204969047627e-04
0.53694 1.999855362964329e-04
0.55115 2.743610693697654e-04
0.56537 3.741580581905019e-04
0.57958 5.070308979476619e-04
0.59379 6.837545834331957e-04
0.60801 9.216217269064692e-04
0.62222 1.252951431093465e-03
0.63644 1.730856687798096e-03
0.65065 3.593685011493356e-03
0.66486 3.588997851781500e-03
0.67908 3.602264330338968e-03
0.69329 3.898854604113724e-03
0.70751 4.159239661535440e-03
0.72172 4.549506725675062e-03
0.73594 5.073297718310782e-03
0.75015 5.668992809058198e-03
0.76436 6.295309800406629e-03
0.77858 6.941973498588165e-03
0.79279 7.607082982700020e-03
0.80701 8.267894762114951e-03
0.82122 8.879546796049510e-03
0.83544 9.407388965461339e-03
0.84965 9.847830773792702e-03
0.86386 1.021962205142023e-02
0.87808 1.055536061727750e-02
0.89229 1.089519307645084e-02
0.90651 1.126553944486022e-02
0.92072 1.166318034783869e-02
0.93493 1.206671246471405e-02
0.94915 1.245848141017762e-02
0.96336 1.283364905210775e-02
0.97758 1.319575076854498e-02
0.99179 1.354949340798332e-02
1.00601 1.389745248417889e-02
1.02022 1.424103816575272e-02
1.03443 1.458304635067940e-02
1.04865 1.492908986060745e-02
1.06286 1.528744554843326e-02
1.07708 1.567925517169055e-02
1.09129 1.623555682321876e-02
1.10551 1.737935387293318e-02
1.11972 1.853649324801165e-02
1.13393 1.819853706218115e-02
1.14815 1.839831196775449e-02
1.16236 1.884915926083633e-02
1.17658 1.925294702810039e-02
1.19079 1.962043464089318e-02
1.20501 2.003262579874892e-02
1.21922 2.048856800735062e-02
1.23343 2.092598655394187e-02
1.24765 2.131265749536393e-02
1.26186 2.167573613082736e-02
1.27608 2.205467694380092e-02
1.29029 2.246174484706688e-02
1.30450 2.288602631149241e-02
1.31872 2.331141616433208e-02
1.33293 2.372654730869578e-02
1.34715 2.412752157421018e-02
1.36136 2.451715023707567e-02
1.37558 2.490200560194944e-02
1.38979 2.528871985038266e-02
1.40400 2.568119472865069e-02
1.41822 2.607967678471650e-02
1.43243 2.648165117793989e-02
1.44665 2.688377473038774e-02
1.46086 2.728382546177582e-02
1.47508 2.768186385837150e-02
1.48929 2.808028631604849e-02
1.50350 2.848295305623478e-02
1.51772 2.889389407699489e-02
1.53193 2.931615461520110e-02
1.54615 2.975117238841342e-02
1.56036 3.019879829022039e-02
1.57457 3.065781297719683e-02
1.58879 3.112664635012008e-02
1.60300 3.160400043250263e-02
1.61722 3.208917589982202e-02
1.63143 3.258204877381763e-02
1.64565 3.308277976682736e-02
1.65986 3.359142687300804e-02
1.67407 3.410765660092394e-02
1.68829 3.463071357776873e-02
1.70250 3.515972810704061e-02
1.71672 3.569434053504554e-02
1.73093 3.623552603967183e-02
1.74515 3.678643561612994e-02
1.75936 3.735304090833780e-02
1.77357 3.794438215818139e-02
1.78779 3.857225955970366e-02
1.80200 3.925026519127055e-02
1.81622 3.999211994852309e-02
1.83043 4.080936969310599e-02
1.84464 4.170863537286795e-02
1.85886 4.268882284781480e-02
1.87307 4.373893769717641e-02
1.88729 4.483725826696668e-02
1.90150 4.595235683105164e-02
1.91572 4.704577319020013e-02
1.92993 4.807556634919469e-02
1.94414 4.900052611275892e-02
1.95836 4.978695517736534e-02
1.97257 5.042171413319020e-02
1.98679 5.093147929087511e-02
2.00100 5.139362029523650e-02
2.01522 5.189794927692098e-02
2.02943 5.241937896393228e-02
2.04364 5.273239219594981e-02
2.05786 5.264787848363763e-02
2.07207 5.231501204182135e-02
2.08629 5.201187382745615e-02
2.10050 5.178680410957034e-02
2.11471 5.151920605565841e-02
2.12893 5.114223671958410e-02
2.14314 5.069545729277160e-02
2.15736 5.025566630689248e-02
2.17157 4.988370649012438e-02
2.18579 4.963938964931458e-02
2.20000 4.962282788018771e-02
