-12.00000 4.480139431613838e-39
-11.98579 2.665099505721608e-38
-11.97157 1.577732072205463e-37
-11.95736 9.292935940780048e-37
-11.94314 5.445204871523930e-36
-11.92893 3.173968553433957e-35
-11.91471 1.840547515534037e-34
-11.90050 1.061974300932376e-33
-11.88629 6.098123424692392e-33
-11.87207 3.485744390701871e-32
-11.85786 1.983819875447082e-31
-11.84364 1.124275285307325e-30
-11.82943 6.344671808444350e-30
-11.81522 3.564888095735740e-29
-11.80100 1.993626855440946e-28
-11.78679 1.109166626016574e-27
-11.77257 6.135465749244174e-27
-11.75836 3.372195364860847e-26
-11.74414 1.840396332253027e-25
-11.72993 9.967643929894323e-25
-11.71572 5.354972354891613e-24
-11.70150 2.852793997715138e-23
-11.68729 1.506816932795823e-22
-11.67307 7.890552051602157e-22
-11.65886 4.096591119347709e-21
-11.64464 2.108767342521159e-20
-11.63043 1.076331387926245e-19
-11.61622 5.447463062528711e-19
-11.60200 2.734065016716204e-18
-11.58779 1.361021999176263e-17
-11.57357 6.721945131896428e-17
-11.55936 3.295099202943753e-16
-11.54515 1.603669125213205e-15
-11.53093 7.747593722452890e-15
-11.51672 3.711619931841095e-14
-11.50250 1.759171845530698e-13
-11.48829 8.221151342720711e-13
-11.47407 3.774558794143211e-12
-11.45986 1.698446592324934e-11
-11.44565 7.490220512343668e-11
-11.43143 3.244802555626786e-10
-11.41722 1.383510272989203e-09
-11.40300 5.796048127596939e-09
-11.38879 2.376378286159842e-08
-11.37457 9.520216471885774e-08
-11.36036 3.671524919592775e-07
-11.34615 1.280317433674400e-06
-11.33193 3.681812918755836e-06
-11.31772 8.265932351120448e-06
-11.30350 1.475403504559696e-05
-11.28929 2.254829236926938e-05
-11.27508 3.170653127394171e-05
-11.26086 4.220317838579419e-05
-11.24665 5.348644285119552e-05
-11.23243 6.524876667408942e-05
-11.21822 7.774780609733301e-05
-11.20400 9.134736131208793e-05
-11.18979 1.060963233004437e-04
-11.17558 1.217486177093625e-04
-11.16136 1.380501333184017e-04
-11.14715 1.549620605322079e-04
-11.13293 1.726526238300559e-04
-11.11872 1.913247715697641e-04
-11.10450 2.110525938129358e-04
-11.09029 2.317391721972523e-04
-11.07608 2.531912551210918e-04
-11.06186 2.752362917364878e-04
-11.04765 2.978076706419409e-04
-11.03343 3.209627786875646e-04
-11.01922 3.448398109184844e-04
-11.00501 3.695845127459584e-04
-10.99079 3.952836752103158e-04
-10.97658 4.219322995501028e-04
-10.96236 4.494431564853410e-04
-10.94815 4.776892117927793e-04
-10.93393 5.065579359594850e-04
-10.91972 5.359950574237047e-04
-10.90551 5.660225929922591e-04
-10.89129 5.967275873977743e-04
-10.87708 6.282288280298878e-04
-10.86286 6.606352372460859e-04
-10.84865 6.940104387599175e-04
-10.83443 7.283540470663222e-04
-10.82022 7.636036970163289e-04
-10.80601 7.996551439392840e-04
-10.79179 8.363928712153084e-04
-10.77758 8.737215974729562e-04
-10.76336 9.115899615158776e-04
-10.74915 9.500007678394262e-04
-10.73493 9.890063348125366e-04
-10.72072 1.028691471016585e-03
-10.70651 1.069149441424788e-03
-10.69229 1.110457452831060e-03
-10.67808 1.152657654267776e-03
-10.66386 1.195747780232270e-03
-10.64965 1.239682968424215e-03
-10.63544 1.284387626861257e-03
-10.62122 1.329774085823389e-03
-10.60701 1.375763536175379e-03
-10.59279 1.422304580634579e-03
-10.57858 1.469385533149027e-03
-10.56436 1.517038134928419e-03
-10.55015 1.565332242480898e-03
-10.53594 1.614362881311700e-03
-10.52172 1.664232494635666e-03
-10.50751 1.715032005118461e-03
-10.49329 1.766824350053092e-03
-10.47908 1.819633497273906e-03
-10.46486 1.873440777237092e-03
-10.45065 1.928188933273029e-03
-10.43644 1.983792878972170e-03
-10.42222 2.040155011480221e-03
-10.40801 2.097182242719440e-03
-10.39379 2.154801761474277e-03
-10.37958 2.212972911440331e-03
-10.36537 2.271693360173210e-03
-10.35115 2.330998777357611e-03
-10.33694 2.390956346851617e-03
-10.32272 2.451653421189103e-03
-10.30851 2.513183340810336e-03
-10.29429 2.575630789884863e-03
-10.28008 2.639059017523174e-03
-10.26587 2.703500851781890e-03
-10.25165 2.768954760462642e-03
-10.23744 2.835386387835424e-03
-10.22322 2.902735153810095e-03
-10.20901 2.970924767701439e-03
-10.19479 3.039875983050245e-03
-10.18058 3.109519665637017e-03
-10.16637 3.179808283025283e-03
-10.15215 3.250724227406120e-03
-10.13794 3.322283895265793e-03
-10.12372 3.394537083998134e-03
-10.10951 3.467561932339230e-03
-10.09530 3.541456236074850e-03
-10.08108 3.616326434896622e-03
-10.06687 3.692275836089087e-03
-10.05265 3.769393690285217e-03
-10.03844 3.847746568321525e-03
-10.02422 3.927373138293924e-03
-10.01001 4.008282962036384e-03
-9.99580 4.090459387853211e-03
-9.98158 4.173866083298923e-03
-9.96737 4.258456295243662e-03
-9.95315 4.344183598732566e-03
-9.93894 4.431012736820843e-03
-9.92472 4.518929174088805e-03
-9.91051 4.607946177739069e-03
-9.89630 4.698108572531904e-03
-9.88208 4.789492744027093e-03
-9.86787 4.882202933794145e-03
-9.85365 4.976364322935149e-03
-9.83944 5.072113783205095e-03
-9.82523 5.169589445223534e-03
-9.81101 5.268920362460670e-03
-9.79680 5.370217526798201e-03
-9.78258 5.473567323157077e-03
-9.76837 5.579028219821848e-03
-9.75415 5.686631113648795e-03
-9.73994 5.796383330118821e-03
-9.72573 5.908275865823857e-03
-9.71151 6.022293102693025e-03
-9.69730 6.138423959721549e-03
-9.68308 6.256673308375428e-03
-9.66887 6.377072475858061e-03
-9.65465 6.499687791423059e-03
-9.64044 6.624626371944393e-03
-9.62623 6.752038656711147e-03
-9.61201 6.882117545326068e-03
-9.59780 7.015094332013062e-03
-9.58358 7.151231950819300e-03
-9.56937 7.290816360442949e-03
-9.55516 7.434147226099339e-03
-9.54094 7.581529390395752e-03
-9.52673 7.733266871774280e-03
-9.51251 7.889661073938068e-03
-9.49830 8.051014249186757e-03
-9.48408 8.217637883630953e-03
-9.46987 8.389863918520028e-03
-9.45566 8.568055831721185e-03
-9.44144 8.752618666588281e-03
-9.42723 8.944013912056710e-03
-9.41301 9.142795511048877e-03
-9.39880 9.349689541116887e-03
-9.38458 9.565727261065020e-03
-9.37037 9.792394444032460e-03
-9.35616 1.003168618493089e-02
-9.34194 1.028592132479670e-02
-9.32773 1.055733878683804e-02
-9.31351 1.084808951291958e-02
-9.29930 1.116209796533612e-02
-9.28509 1.150984454303984e-02
-9.27087 1.191263992778768e-02
-9.25666 1.239607816982397e-02
-9.24244 1.296607600029165e-02
-9.22823 1.358488080676703e-02
-9.21401 1.418051910317793e-02
-9.19980 1.468814823020268e-02
-9.18559 1.507213984502383e-02
-9.17137 1.530670658886330e-02
-9.15716 1.536738698766957e-02
-9.14294 1.526622053152612e-02
-9.12873 1.507449698747124e-02
-9.11451 1.488350798254128e-02
-9.10030 1.474590976188784e-02
-9.08609 1.466102648221046e-02
-9.07187 1.460233031542521e-02
-9.05766 1.454646186061626e-02
-9.04344 1.448305252535327e-02
-9.02923 1.441123931889564e-02
-9.01502 1.433353566919927e-02
-9.00080 1.425185260974779e-02
-8.98659 1.416624287810880e-02
-8.97237 1.407557417302467e-02
-8.95816 1.397898255791984e-02
-8.94394 1.387701984520060e-02
-8.92973 1.377186942851984e-02
-8.91552 1.366663968390949e-02
-8.90130 1.356421830345004e-02
-8.88709 1.346629465807064e-02
-8.87287 1.337296149338426e-02
-8.85866 1.328296785196566e-02
-8.84444 1.319440550647361e-02
-8.83023 1.310548532404415e-02
-8.81602 1.301510456027652e-02
-8.80180 1.292305322943386e-02
-8.78759 1.282987049566710e-02
-8.77337 1.273647714987963e-02
-8.75916 1.264375319853816e-02
-8.74494 1.255220820303788e-02
-8.73073 1.246183116130721e-02
-8.71652 1.237213461214618e-02
-8.70230 1.228234717780737e-02
-8.68809 1.219167372146193e-02
-8.67387 1.209953666652781e-02
-8.65966 1.200573138675998e-02
-8.64545 1.191046292648238e-02
-8.63123 1.181426864562662e-02
-8.61702 1.171786118728583e-02
-8.60280 1.162194191226708e-02
-8.58859 1.152703507746729e-02
-8.57437 1.143338038489466e-02
-8.56016 1.134090166261923e-02
-8.54595 1.124924862924691e-02
-8.53173 1.115789216570208e-02
-8.51752 1.106624438905049e-02
-8.50330 1.097377382355275e-02
-8.48909 1.088009180617054e-02
-8.47487 1.078499638554948e-02
-8.46066 1.068847138430857e-02
-8.44645 1.059064830604402e-02
-8.43223 1.049174549142177e-02
-8.41802 1.039200149589662e-02
-8.40380 1.029161820958885e-02
-8.38959 1.019072469544385e-02
-8.37538 1.008936648952791e-02
-8.36116 9.987518719919446e-03
-8.34695 9.885116204587372e-03
-8.33273 9.782090612502729e-03
-8.31852 9.678404205686528e-03
-8.30430 9.574071468308633e-03
-8.29009 9.469163468421020e-03
-8.27588 9.363794200617457e-03
-8.26166 9.258092449358131e-03
-8.24745 9.152166022127591e-03
-8.23323 9.046066913258356e-03
-8.21902 8.939765803127844e-03
-8.20480 8.833142371096394e-03
-8.19059 8.725994626341408e-03
-8.17638 8.618066492284271e-03
-8.16216 8.509088978449982e-03
-8.14795 8.398827173923564e-03
-8.13373 8.287123589003069e-03
-8.11952 8.173928408660129e-03
-8.10531 8.059309065510235e-03
-8.09109 7.943434955070579e-03
-8.07688 7.826537600942851e-03
-8.06266 7.708851434077017e-03
-8.04845 7.590544774412762e-03
-8.03423 7.471653785191990e-03
-8.02002 7.352033392989537e-03
-8.00581 7.231337898971361e-03
-7.99159 7.109039999900995e-03
-7.97738 6.984490335672475e-03
-7.96316 6.857011154717306e-03
-7.94895 6.726008561156939e-03
-7.93473 6.591080084983763e-03
-7.92052 6.452090511921815e-03
-7.90631 6.309191537844106e-03
-7.89209 6.162771556642991e-03
-7.87788 6.013340612269629e-03
-7.86366 5.861379455114386e-03
-7.84945 5.707204895682738e-03
-7.83524 5.550917458479635e-03
-7.82102 5.392490763969880e-03
-7.80681 5.232024480530455e-03
-7.79259 5.070110121280712e-03
-7.77838 4.908165399863755e-03
-7.76416 4.748521149287642e-03
-7.74995 4.594062278861759e-03
-7.73574 4.447388324912311e-03
-7.72152 4.309761026531410e-03
-7.70731 4.180431550966464e-03
-7.69309 4.057074816136931e-03
-7.67888 3.937719564586932e-03
-7.66466 3.823485635967936e-03
-7.65045 3.719797387611768e-03
-7.63624 3.632965188971015e-03
-7.62202 3.561799666122295e-03
-7.60781 3.492164389660663e-03
-7.59359 3.412405347004585e-03
-7.57938 3.343876152614491e-03
-7.56517 3.288802477752444e-03
-7.55095 3.118178818726430e-03
-7.53674 2.744494782944146e-03
-7.52252 2.341133189591357e-03
-7.50831 2.090441320550264e-03
-7.49409 1.987847045689156e-03
-7.47988 1.964356569793777e-03
-7.46567 1.972062042006474e-03
-7.45145 1.984129475216636e-03
-7.43724 1.991696746864453e-03
-7.42302 2.000801802582032e-03
-7.40881 2.021956160690061e-03
-7.39459 2.059978038538849e-03
-7.38038 2.111991111715242e-03
-7.36617 2.172271933445309e-03
-7.35195 2.237374255623867e-03
-7.33774 2.307507257307687e-03
-7.32352 2.384811569970538e-03
-7.30931 2.471038099921382e-03
-7.29510 2.566307782554621e-03
-7.28088 2.669211414408691e-03
-7.26667 2.777680838846097e-03
-7.25245 2.889918987074097e-03
-7.23824 3.004928627896301e-03
-7.22402 3.122535480170450e-03
-7.20981 3.243063220909908e-03
-7.19560 3.366910793335033e-03
-7.18138 3.494234909694614e-03
-7.16717 3.624829114563945e-03
-7.15295 3.758184896726097e-03
-7.13874 3.893657354357088e-03
-7.12452 4.030643669030220e-03
-7.11031 4.168704224314371e-03
-7.09610 4.307594506861572e-03
-7.08188 4.447213837604756e-03
-7.06767 4.587503332597120e-03
-7.05345 4.728335936001637e-03
-7.03924 4.869437202795809e-03
-7.02503 5.010361482345206e-03
-7.01081 5.150530126327735e-03
-6.99660 5.289321501392994e-03
-6.98238 5.426190469105962e-03
-6.96817 5.560789270219319e-03
-6.95395 5.693062470263071e-03
-6.93974 5.823294705871840e-03
-6.92553 5.952099694392031e-03
-6.91131 6.080350378534642e-03
-6.89710 6.209061263252481e-03
-6.88288 6.339243263104782e-03
-6.86867 6.471757325898569e-03
-6.85445 6.607194753156419e-03
-6.84024 6.745809062653376e-03
-6.82603 6.887516681399085e-03
-6.81181 7.031972716448402e-03
-6.79760 7.178715124563905e-03
-6.78338 7.327357566050859e-03
-6.76917 7.477799476140947e-03
-6.75495 7.630412158660159e-03
-6.74074 7.786152680730241e-03
-6.72653 7.946555408980436e-03
-6.71231 8.113560781937715e-03
-6.69810 8.289175178463908e-03
-6.68388 8.475032874663568e-03
-6.66967 8.672066778930513e-03
-6.65546 8.880674961102316e-03
-6.64124 9.101894640324903e-03
-6.62703 9.339921421176966e-03
-6.61281 9.605527744549024e-03
-6.59860 9.918583249220281e-03
-6.58438 1.030751391600583e-02
-6.57017 1.080951861774694e-02
-6.55596 1.146782860519845e-02
-6.54174 1.220831747178116e-02
-6.52753 1.296559213315227e-02
-6.51331 1.382735595206990e-02
-6.49910 1.453830983280412e-02
-6.48488 1.526972867253489e-02
-6.47067 1.803217180923625e-02
-6.45646 1.394052564926053e-02
-6.44224 1.331349544119137e-02
-6.42803 1.270722609074536e-02
-6.41381 1.214203941698780e-02
-6.39960 1.167166888129468e-02
-6.38539 1.130080204232509e-02
-6.37117 1.100708407567814e-02
-6.35696 1.076317656214803e-02
-6.34274 1.054872164826805e-02
-6.32853 1.035265483199804e-02
-6.31431 1.017059341298174e-02
-6.30010 1.000136301459799e-02
-6.28589 9.844574486413739e-03
-6.27167 9.699536399493159e-03
-6.25746 9.565080233679947e-03
-6.24324 9.439788011212376e-03
-6.22903 9.322277197159647e-03
-6.21481 9.211387572916698e-03
-6.20060 9.106243004028416e-03
-6.18639 9.006221384882919e-03
-6.17217 8.910880301637373e-03
-6.15796 8.819877079995472e-03
-6.14374 8.732905811263616e-03
-6.12953 8.649659351449575e-03
-6.11532 8.569814542648890e-03
-6.10110 8.493034210146874e-03
-6.08689 8.418978556375278e-03
-6.07267 8.347319779978954e-03
-6.05846 8.277755746941515e-03
-6.04424 8.210020470314638e-03
-6.03003 8.143890611402345e-03
-6.01582 8.079188116863605e-03
-6.00160 8.015779547988622e-03
-5.98739 7.953572796527820e-03
-5.97317 7.892511862178065e-03
-5.95896 7.832570294176619e-03
-5.94474 7.773743829811330e-03
-5.93053 7.716042714244858e-03
-5.91632 7.659484153629078e-03
-5.90210 7.604085322210522e-03
-5.88789 7.549857299574895e-03
-5.87367 7.496800247820086e-03
-5.85946 7.444900049247340e-03
-5.84525 7.394126518552658e-03
-5.83103 7.344433189041163e-03
-5.81682 7.295758561132444e-03
-5.80260 7.248028603705730e-03
-5.78839 7.201160222739380e-03
-5.77417 7.155065362317260e-03
-5.75996 7.109655382365940e-03
-5.74575 7.064845364601970e-03
-5.73153 7.020558030015913e-03
-5.71732 6.976727003121096e-03
-5.70310 6.933299224529459e-03
-5.68889 6.890236388186294e-03
-5.67467 6.847515356893907e-03
-5.66046 6.805127584134442e-03
-5.64625 6.763077636954214e-03
-5.63203 6.721380970019834e-03
-5.61782 6.680061142184366e-03
-5.60360 6.639146692414878e-03
-5.58939 6.598667901256365e-03
-5.57518 6.558653657725622e-03
-5.56096 6.519128631172052e-03
-5.54675 6.480110915522697e-03
-5.53253 6.441610272342206e-03
-5.51832 6.403627052542292e-03
-5.50410 6.366151827756260e-03
-5.48989 6.329165714644912e-03
-5.47568 6.292641331713671e-03
-5.46146 6.256544291122891e-03
-5.44725 6.220835099392343e-03
-5.43303 6.185471322090457e-03
-5.41882 6.150409859106269e-03
-5.40460 6.115609178786501e-03
-5.39039 6.081031370313176e-03
-5.37618 6.046643892896908e-03
-5.36196 6.012420925954718e-03
-5.34775 5.978344254439960e-03
-5.33353 5.944403655776657e-03
-5.31932 5.910596787307376e-03
-5.30511 5.876928603815505e-03
-5.29089 5.843410361794706e-03
-5.27668 5.810058289305944e-03
-5.26246 5.776892016469394e-03
-5.24825 5.743932871288680e-03
-5.23403 5.711202148426355e-03
-5.21982 5.678719454974946e-03
-5.20561 5.646501227790755e-03
-5.19139 5.614559502474438e-03
-5.17718 5.582900995718775e-03
-5.16296 5.551526541775880e-03
-5.14875 5.520430901567202e-03
-5.13453 5.489602940801237e-03
-5.12032 5.459026152621733e-03
-5.10611 5.428679481879916e-03
-5.09189 5.398538393004604e-03
-5.07768 5.368576112294340e-03
-5.06346 5.338764968679271e-03
-5.04925 5.309077754737862e-03
-5.03504 5.279489031891297e-03
-5.02082 5.249976309891074e-03
-5.00661 5.220521040418541e-03
-4.99239 5.191109377126133e-03
-4.97818 5.161732668955739e-03
-4.96396 5.132387669195163e-03
-4.94975 5.103076458592863e-03
-4.93554 5.073806096094034e-03
-4.92132 5.044588024615366e-03
-4.90711 5.015437271083494e-03
-4.89289 4.986371489206561e-03
-4.87868 4.957409899772935e-03
-4.86446 4.928572186488670e-03
-4.85025 4.899877405458092e-03
-4.83604 4.871342963522463e-03
-4.82182 4.842983715087528e-03
-4.80761 4.814811219200936e-03
-4.79339 4.786833188988515e-03
-4.77918 4.759053154691931e-03
-4.76496 4.731470350068899e-03
-4.75075 4.704079820421131e-03
-4.73654 4.676872739575431e-03
-4.72232 4.649836913275008e-03
-4.70811 4.622957438077986e-03
-4.69389 4.596217478350046e-03
-4.67968 4.569599119512855e-03
-4.66547 4.543084253491724e-03
-4.65125 4.516655452304612e-03
-4.63704 4.490296787852811e-03
-4.62282 4.463994560017665e-03
-4.60861 4.437737900860815e-03
-4.59439 4.411519229726713e-03
-4.58018 4.385334541968400e-03
-4.56597 4.359183522449246e-03
-4.55175 4.333069483498739e-03
-4.53754 4.306999135218910e-03
-4.52332 4.280982203583217e-03
-4.50911 4.255030918323973e-03
-4.49489 4.229159397912492e-03
-4.48068 4.203382962813932e-03
-4.46647 4.177717410540773e-03
-4.45225 4.152178286809908e-03
-4.43804 4.126780186386068e-03
-4.42382 4.101536115106984e-03
-4.40961 4.076456941350741e-03
-4.39540 4.051550961119842e-03
-4.38118 4.026823596356670e-03
-4.36697 4.002277241539039e-03
-4.35275 3.977911269610015e-03
-4.33854 3.953722205600095e-03
-4.32432 3.929704075847446e-03
-4.31011 3.905848943794343e-03
-4.29590 3.882147651740425e-03
-4.28168 3.858590804280529e-03
-4.26747 3.835170057281298e-03
-4.25325 3.811879821806053e-03
-4.23904 3.788719563915197e-03
-4.22482 3.765696992879175e-03
-4.21061 3.742832609722812e-03
-4.19640 3.720166397587257e-03
-4.18218 3.697768016779501e-03
-4.16797 3.675753000877387e-03
-4.15375 3.654309545385059e-03
-4.13954 3.633743768776537e-03
-4.12533 3.614554977020661e-03
-4.11111 3.597553377159687e-03
-4.09690 3.584025569158509e-03
-4.08268 3.575933636108037e-03
-4.06847 3.576102190091649e-03
-4.05425 3.588369247105388e-03
-4.04004 3.619377614512310e-03
-4.02583 3.689784490519854e-03
-4.01161 3.808220807014271e-03
-3.99740 3.898315452587998e-03
-3.98318 3.971758569253852e-03
-3.96897 4.078750358334625e-03
-3.95475 4.189972887298722e-03
-3.94054 4.290135061473820e-03
-3.92633 4.385222767272301e-03
-3.91211 4.485612961600651e-03
-3.89790 4.596922371227955e-03
-3.88368 4.718994516278825e-03
-3.86947 4.849915461306159e-03
-3.85526 4.989177230052698e-03
-3.84104 5.138184962157026e-03
-3.82683 5.299787265467053e-03
-3.81261 5.477982487270148e-03
-3.79840 5.676269028810666e-03
-3.78418 5.892109623746599e-03
-3.76997 6.109812368109841e-03
-3.75576 6.301564619253663e-03
-3.74154 6.442941728588729e-03
-3.72733 6.531626284458457e-03
-3.71311 6.589119498192068e-03
-3.69890 6.642682280204171e-03
-3.68468 6.706760709698519e-03
-3.67047 6.779964779284103e-03
-3.65626 6.854024736539345e-03
-3.64204 6.922471394229819e-03
-3.62783 6.983358458721472e-03
-3.61361 7.037963626381072e-03
-3.59940 7.088756478711004e-03
-3.58519 7.138068245027440e-03
-3.57097 7.187520083457088e-03
-3.55676 7.237928224250411e-03
-3.54254 7.289458586196205e-03
-3.52833 7.341878220679236e-03
-3.51411 7.394798583646843e-03
-3.49990 7.447849395148755e-03
-3.48569 7.500764912957191e-03
-3.47147 7.553396901268637e-03
-3.45726 7.605684005114887e-03
-3.44304 7.657607386026013e-03
-3.42883 7.709153854276363e-03
-3.41461 7.760296893443721e-03
-3.40040 7.810996917972951e-03
-3.38619 7.861216209783960e-03
-3.37197 7.910941088785152e-03
-3.35776 7.960203335935596e-03
-3.34354 8.009094067465370e-03
-3.32933 8.057765596651114e-03
-3.31512 8.106419764219580e-03
-3.30090 8.155284199872144e-03
-3.28669 8.204580463728010e-03
-3.27247 8.254489606337925e-03
-3.25826 8.305121176376568e-03
-3.24404 8.356491106426526e-03
-3.22983 8.408512409049620e-03
-3.21562 8.461000526191897e-03
-3.20140 8.513692857893409e-03
-3.18719 8.566279813573803e-03
-3.17297 8.618442999972395e-03
-3.15876 8.669895127526583e-03
-3.14454 8.720416023228050e-03
-3.13033 8.769879803341055e-03
-3.11612 8.818269674616455e-03
-3.10190 8.865678767163456e-03
-3.08769 8.912297533685545e-03
-3.07347 8.958390215481947e-03
-3.05926 9.004264337526080e-03
-3.04505 9.050237907554550e-03
-3.03083 9.096608858468221e-03
-3.01662 9.143630363625085e-03
-3.00240 9.191494208214088e-03
-2.98819 9.240322770083671e-03
-2.97397 9.290168741550260e-03
-2.95976 9.341020846072043e-03
-2.94555 9.392813661668317e-03
-2.93133 9.445440237997456e-03
-2.91712 9.498767235854562e-03
-2.90290 9.552653381350355e-03
-2.88869 9.606972574653427e-03
-2.87447 9.661642559678866e-03
-2.86026 9.716658455222068e-03
-2.84605 9.772127926487663e-03
-2.83183 9.828302071167087e-03
-2.81762 9.885594155783146e-03
-2.80340 9.944577767031048e-03
-2.78919 1.000595644575196e-02
-2.77497 1.007049747878067e-02
-2.76076 1.013892320604404e-02
-2.74655 1.021175715368921e-02
-2.73233 1.028913601024994e-02
-2.71812 1.037062619873736e-02
-2.70390 1.045511791343588e-02
-2.68969 1.054088694924817e-02
-2.67548 1.062590207727010e-02
-2.66126 1.070855132716005e-02
-2.64705 1.079012699922623e-02
-2.63283 1.088396844091441e-02
-2.61862 1.102316625546367e-02
-2.60440 1.120584492654717e-02
-2.59019 1.134266698390497e-02
-2.57598 1.140929757246594e-02
-2.56176 1.148026620332792e-02
-2.54755 1.157121258878521e-02
-2.53333 1.165611585089522e-02
-2.51912 1.172623852926958e-02
-2.50490 1.178915068889230e-02
-2.49069 1.185430947790625e-02
-2.47648 1.192461049337250e-02
-2.46226 1.199681807569629e-02
-2.44805 1.206636128571905e-02
-2.43383 1.213084475655414e-02
-2.41962 1.219072580462843e-02
-2.40541 1.224823080641743e-02
-2.39119 1.230572228481128e-02
-2.37698 1.236438691301583e-02
-2.36276 1.242381308439932e-02
-2.34855 1.248251731999105e-02
-2.33433 1.253896515584714e-02
-2.32012 1.259246062778127e-02
-2.30591 1.264347995044240e-02
-2.29169 1.269338288590853e-02
-2.27748 1.274372929999081e-02
-2.26326 1.279555199103454e-02
-2.24905 1.284889090143233e-02
-2.23483 1.290274116248409e-02
-2.22062 1.295539000036200e-02
-2.20641 1.300498377750280e-02
-2.19219 1.305011228230919e-02
-2.17798 1.309022306098749e-02
-2.16376 1.312575851451299e-02
-2.14955 1.315800662472542e-02
-2.13534 1.318873981238104e-02
-2.12112 1.321976457567939e-02
-2.10691 1.325251065510448e-02
-2.09269 1.328775874575239e-02
-2.07848 1.332555484135385e-02
-2.06426 1.336530456229761e-02
-2.05005 1.340599730346449e-02
-2.03584 1.344648680312575e-02
-2.02162 1.348575373918227e-02
-2.00741 1.352309310181441e-02
-1.99319 1.355819664443767e-02
-1.97898 1.359113009329318e-02
-1.96476 1.362222882728045e-02
-1.95055 1.365195000385988e-02
-1.93634 1.368072230423268e-02
-1.92212 1.370882800838639e-02
-1.90791 1.373633920446989e-02
-1.89369 1.376311454236141e-02
-1.87948 1.378884877011108e-02
-1.86527 1.381315710074682e-02
-1.85105 1.383567168294987e-02
-1.83684 1.385612818037366e-02
-1.82262 1.387442566864829e-02
-1.80841 1.389065097238646e-02
-1.79419 1.390506714378058e-02
-1.77998 1.391807314344513e-02
-1.76577 1.393014654565861e-02
-1.75155 1.394178260199445e-02
-1.73734 1.395344138316064e-02
-1.72312 1.396551076380637e-02
-1.70891 1.397828792314538e-02
-1.69469 1.399197712227415e-02
-1.68048 1.400669792092871e-02
-1.66627 1.402249644064031e-02
-1.65205 1.403935297698103e-02
-1.63784 1.405718189975262e-02
-1.62362 1.407582361834323e-02
-1.60941 1.409503242236522e-02
-1.59520 1.411446715234476e-02
-1.58098 1.413369296407835e-02
-1.56677 1.415220131921583e-02
-1.55255 1.416945168506526e-02
-1.53834 1.418493282060488e-02
-1.52412 1.419823515902897e-02
-1.50991 1.420912031930448e-02
-1.49570 1.421757092884864e-02
-1.48148 1.422380506005936e-02
-1.46727 1.422824516577195e-02
-1.45305 1.423144082898773e-02
-1.43884 1.423395626120325e-02
-1.42462 1.423624488300309e-02
-1.41041 1.423854163668018e-02
-1.39620 1.424080571294570e-02
-1.38198 1.424273880104820e-02
-1.36777 1.424388452354299e-02
-1.35355 1.424378505566054e-02
-1.33934 1.424214031989409e-02
-1.32513 1.423890127231684e-02
-1.31091 1.423425134796154e-02
-1.29670 1.422849704462665e-02
-1.28248 1.422197999346887e-02
-1.26827 1.421517423157611e-02
-1.25405 1.420902386105406e-02
-1.23984 1.420520296799990e-02
-1.22563 1.420553985697955e-02
-1.21141 1.421011188350898e-02
-1.19720 1.421503358438176e-02
-1.18298 1.421211239744484e-02
-1.16877 1.419061466251886e-02
-1.15455 1.413972269263341e-02
-1.14034 1.405731069828253e-02
-1.12613 1.397031977928739e-02
-1.11191 1.391934901128834e-02
-1.09770 1.370269884287005e-02
-1.08348 1.329375822145559e-02
-1.06927 1.295074322958249e-02
-1.05506 1.265503033598671e-02
-1.04084 1.237976638135566e-02
-1.02663 1.213779232681357e-02
-1.01241 1.193455193653240e-02
-0.99820 1.175514576338927e-02
-0.98398 1.158064729921395e-02
-0.96977 1.140162518685055e-02
-0.95556 1.122022345784122e-02
-0.94134 1.104385706324030e-02
-0.92713 1.087798418417417e-02
-0.91291 1.072301704972852e-02
-0.89870 1.057565060149042e-02
-0.88448 1.043198775238628e-02
-0.87027 1.028972989409196e-02
-0.85606 1.014844391880283e-02
-0.84184 1.000861340838622e-02
-0.82763 9.870641281707346e-03
-0.81341 9.734445348465900e-03
-0.79920 9.599597192875446e-03
-0.78498 9.465630334255083e-03
-0.77077 9.332232322350961e-03
-0.75656 9.199269352405458e-03
-0.74234 9.066722793524879e-03
-0.72813 8.934628565950923e-03
-0.71391 8.803091458990782e-03
-0.69970 8.672394879022592e-03
-0.68549 8.543116106072423e-03
-0.67127 8.416088503296842e-03
-0.65706 8.292149400232377e-03
-0.64284 8.171803768817905e-03
-0.62863 8.055003062484752e-03
-0.61441 7.941115427375326e-03
-0.60020 7.829022899962700e-03
-0.58599 7.717292215967165e-03
-0.57177 7.604453738127344e-03
-0.55756 7.489392904609125e-03
-0.54334 7.371702538532777e-03
-0.52913 7.251780706505097e-03
-0.51491 7.130626185799838e-03
-0.50070 7.009511905395320e-03
-0.48649 6.889720903154543e-03
-0.47227 6.772301713951593e-03
-0.45806 6.657674481554669e-03
-0.44384 6.545156848523612e-03
-0.42963 6.432849955224720e-03
-0.41542 6.318279811762722e-03
-0.40120 6.199563765350884e-03
-0.38699 6.076273973329348e-03
-0.37277 5.949370633544350e-03
-0.35856 5.820498778602332e-03
-0.34434 5.691564940830799e-03
-0.33013 5.564982079922876e-03
-0.31592 5.443717030250321e-03
-0.30170 5.329860257035266e-03
-0.28749 5.221955457320480e-03
-0.27327 5.113489771554362e-03
-0.25906 4.994709384908560e-03
-0.24484 4.856667096371669e-03
-0.23063 4.694187563553570e-03
-0.21642 4.506786069424573e-03
-0.20220 4.300335999632608e-03
-0.18799 4.090991101279047e-03
-0.17377 3.905759497767232e-03
-0.15956 3.769932249890494e-03
-0.14535 3.682942183649390e-03
-0.13113 3.606401389161653e-03
-0.11692 3.485721165182967e-03
-0.10270 3.287383243848354e-03
-0.08849 3.014279231289016e-03
-0.07427 2.701338482499518e-03
-0.06006 2.456566733908364e-03
-0.04585 2.499349541250755e-03
-0.03163 2.691621797679240e-03
-0.01742 2.320537783409894e-03
-0.00320 1.494608278537233e-03
0.01101 9.139041103102012e-04
0.02523 6.325787709812918e-04
0.03944 4.648168643106398e-04
0.05365 3.428055378739993e-04
0.06787 2.523855681517510e-04
0.08208 1.862611352779437e-04
0.09630 1.381379398230327e-04
0.11051 1.029815343948452e-04
0.12472 7.710657289928569e-05
0.13894 5.793575164858264e-05
0.15315 4.367549386012537e-05
0.16737 3.305067888048910e-05
0.18158 2.513040885087899e-05
0.19580 1.922356124976210e-05
0.21001 1.481486202849392e-05
0.22422 1.152182449129076e-05
0.23844 9.062981504987137e-06
0.25265 7.233545066288984e-06
0.26687 5.886884978322420e-06
0.28108 4.920867817261174e-06
0.29530 4.268264640472077e-06
0.30951 3.890552968879157e-06
0.32372 3.774599378128220e-06
0.33794 3.931905528297234e-06
0.35215 4.400318103463214e-06
0.36637 5.248346233159530e-06
0.38058 6.582524494248792e-06
0.39479 8.558650568548336e-06
0.40901 1.139827039804855e-05
0.42322 1.541252670373406e-05
0.43744 2.103641842332464e-05
0.45165 2.887748733875403e-05
0.46587 3.978354416095419e-05
0.48008 5.493349166393206e-05
0.49429 7.595245908335314e-05
0.50851 1.050462364179023e-04
0.52272 1.451409546025078e-04
0.53694 2.000092952289807e-04
0.55115 2.743883332152169e-04
0.56537 3.741889600962153e-04
0.57958 5.070654764588084e-04
0.59379 6.837927577768628e-04
0.60801 9.216632714770073e-04
0.62222 1.252995946551836e-03
0.63644 1.730903578744160e-03
0.65065 3.593733665880838e-03
0.66486 3.589047304093939e-03
0.67908 3.602313213179528e-03
0.69329 3.898901787782206e-03
0.70751 4.159283557420860e-03
0.72172 4.549545707090561e-03
0.73594 5.073330169394214e-03
0.75015 5.669017117901892e-03
0.76436 6.295324413737865e-03
0.77858 6.941977009719881e-03
0.79279 7.607074212213168e-03
0.80701 8.267872824522562e-03
0.82122 8.879511159304292e-03
0.83544 9.407339506082905e-03
0.84965 9.847767819544970e-03
0.86386 1.021954640151395e-02
0.87808 1.055527353339088e-02
0.89229 1.089509624265400e-02
0.90651 1.126543490569890e-02
0.92072 1.166307043641304e-02
0.93493 1.206659972052939e-02
0.94915 1.245836848198036e-02
0.96336 1.283353858987713e-02
0.97758 1.319564531520434e-02
0.99179 1.354939529934030e-02
1.00601 1.389736376161839e-02
1.02022 1.424096050456863e-02
1.03443 1.458298100692619e-02
1.04865 1.492903763917182e-02
1.06286 1.528740679387956e-02
1.07708 1.567922978184844e-02
1.09129 1.623554428542825e-02
1.10551 1.737935331685480e-02
1.11972 1.853650349015053e-02
1.13393 1.819855667865944e-02
1.14815 1.839833940123383e-02
1.16236 1.884919288193542e-02
1.17658 1.925298519365172e-02
1.19079 1.962047576049686e-02
1.20501 2.003266838917369e-02
1.21922 2.048861073444757e-02
1.23343 2.092602826200560e-02
1.24765 2.131269722385070e-02
1.26186 2.167577311988643e-02
1.27608 2.205471063071708e-02
1.29029 2.246177485527760e-02
1.30450 2.288605243362359e-02
1.31872 2.331143834096870e-02
1.33293 2.372656560473849e-02
1.34715 2.412753615450425e-02
1.36136 2.451716134271111e-02
1.37558 2.490201352830137e-02
1.38979 2.528872492761493e-02
1.40400 2.568119730508659e-02
1.41822 2.607967721321785e-02
1.43243 2.648164980523868e-02
1.44665 2.688377188917520e-02
1.46086 2.728382146525874e-02
1.47508 2.768185899694656e-02
1.48929 2.808028085571342e-02
1.50350 2.848294723835027e-02
1.51772 2.889388811902928e-02
1.53193 2.931614871212686e-02
1.54615 2.975116671447483e-02
1.56036 3.019879300084791e-02
1.57457 3.065780821089931e-02
1.58879 3.112664223023764e-02
1.60300 3.160399706874686e-02
1.61722 3.208917338956673e-02
1.63143 3.258204720313120e-02
1.64565 3.308277921125847e-02
1.65986 3.359142739815012e-02
1.67407 3.410765826279116e-02
1.68829 3.463071642301917e-02
1.70250 3.515973217308068e-02
1.71672 3.569434585004735e-02
1.73093 3.623553262253200e-02
1.74515 3.678644347639722e-02
1.75936 3.735305004613827e-02
1.77357 3.794439256417382e-02
1.78779 3.857227121510245e-02
1.80200 3.925027806797790e-02
1.81622 3.999213400941192e-02
1.83043 4.080938489248979e-02
1.84464 4.170865165718247e-02
1.85886 4.268884015651846e-02
1.87307 4.373895596385286e-02
1.88729 4.483727742059177e-02
1.90150 4.595237679740248e-02
1.91572 4.704579389346688e-02
1.92993 4.807558771397033e-02
1.94414 4.900054806659655e-02
1.95836 4.978697765405232e-02
1.97257 5.042173707728560e-02
1.98679 5.093150266451590e-02
2.00100 5.139364408517438e-02
2.01522 5.189797349538593e-02
2.02943 5.241940364994827e-02
2.04364 5.273241743035362e-02
2.05786 5.264790438986825e-02
2.07207 5.231503877254744e-02
2.08629 5.201190158748239e-02
2.10050 5.178683317258978e-02
2.11471 5.151923672769534e-02
2.12893 5.114226928030922e-02
2.14314 5.069549192193004e-02
2.15736 5.025570296578958e-02
2.17157 4.988374472666423e-02
2.18579 4.963942830786360e-02
2.20000 4.962286471768020e-02
