  300.00 -12.00000  6.66100e+03  6.71547e+03  6.71547e+03 -6.71190e+01 -6.71189e+01  7.33661e+01
  300.00 -11.97154  1.85167e+04  1.86673e+04  1.86673e+04 -1.85739e+02 -1.85738e+02  2.02707e+02
  300.00 -11.94309  5.13100e+04  5.17253e+04  5.17253e+04 -5.12158e+02 -5.12158e+02  5.57979e+02
  300.00 -11.91463  1.41691e+05  1.42831e+05  1.42831e+05 -1.40673e+03 -1.40673e+03  1.52966e+03
  300.00 -11.88617  3.89807e+05  3.92923e+05  3.92924e+05 -3.84736e+03 -3.84735e+03  4.17470e+03
  300.00 -11.85772  1.06801e+06  1.07649e+06  1.07649e+06 -1.04731e+04 -1.04731e+04  1.13373e+04
  300.00 -11.82926  2.91304e+06  2.93598e+06  2.93598e+06 -2.83619e+04 -2.83618e+04  3.06209e+04
  300.00 -11.80080  7.90614e+06  7.96788e+06  7.96788e+06 -7.63652e+04 -7.63652e+04  8.22011e+04
  300.00 -11.77234  2.13404e+07  2.15054e+07  2.15054e+07 -2.04299e+05 -2.04299e+05  2.19162e+05
  300.00 -11.74389  5.72518e+07  5.76897e+07  5.76897e+07 -5.42627e+05 -5.42626e+05  5.79828e+05
  300.00 -11.71543  1.52550e+08  1.53702e+08  1.53702e+08 -1.42952e+06 -1.42951e+06  1.52060e+06
  300.00 -11.68697  4.03361e+08  4.06364e+08  4.06364e+08 -3.73104e+06 -3.73104e+06  3.94766e+06
  300.00 -11.65852  1.05727e+09  1.06501e+09  1.06501e+09 -9.63410e+06 -9.63409e+06  1.01291e+07
  300.00 -11.63006  2.74373e+09  2.76343e+09  2.76343e+09 -2.45680e+07 -2.45680e+07  2.56334e+07
  300.00 -11.60160  7.03864e+09  7.08800e+09  7.08800e+09 -6.17359e+07 -6.17358e+07  6.38101e+07
  300.00 -11.57315  1.78150e+10  1.79365e+10  1.79365e+10 -1.52427e+08 -1.52427e+08  1.55696e+08
  300.00 -11.54469  4.43775e+10  4.46697e+10  4.46698e+10 -3.68359e+08 -3.68359e+08  3.70550e+08
  300.00 -11.51623  1.08449e+11  1.09133e+11  1.09133e+11 -8.66688e+08 -8.66687e+08  8.54169e+08
  300.00 -11.48778  2.58884e+11  2.60424e+11  2.60424e+11 -1.97012e+09 -1.97012e+09  1.88658e+09
  300.00 -11.45932  6.00044e+11  6.03341e+11  6.03341e+11 -4.27537e+09 -4.27536e+09  3.92047e+09
  300.00 -11.43086  1.33852e+12  1.34506e+12  1.34506e+12 -8.67950e+09 -8.67950e+09  7.39942e+09
  300.00 -11.40240  2.83486e+12  2.84630e+12  2.84630e+12 -1.58671e+10 -1.58671e+10  1.16426e+10
  300.00 -11.37395  5.58319e+12  5.59854e+12  5.59854e+12 -2.41929e+10 -2.41929e+10  1.09954e+10
  300.00 -11.34549  9.96096e+12  9.96910e+12  9.96910e+12 -2.72169e+10 -2.72169e+10 -1.13458e+10
  300.00 -11.31703  1.58769e+13  1.58603e+13  1.58603e+13 -2.97563e+10 -2.97563e+10 -5.73071e+10
  300.00 -11.28858  2.29317e+13  2.29491e+13  2.29491e+13 -6.42328e+10 -6.42329e+10 -2.66222e+10
  300.00 -11.26012  3.16901e+13  3.18337e+13  3.18337e+13 -8.03548e+10 -8.03549e+10  9.02664e+10
  300.00 -11.23166  4.33118e+13  4.33617e+13  4.33617e+13 -9.36618e+10 -9.36619e+10  1.00491e+11
  300.00 -11.20321  5.37369e+13  5.35861e+13  5.35861e+13 -1.35699e+11 -1.35699e+11 -4.36498e+10
  300.00 -11.17475  6.83756e+13  6.82641e+13  6.82641e+13 -7.50053e+10 -7.50054e+10 -2.60047e+11
  300.00 -11.14629  9.10663e+13  9.09550e+13  9.09550e+13  8.53521e+10  8.53523e+10 -1.90376e+11
  300.00 -11.11784  1.09710e+14  1.09601e+14  1.09601e+14 -4.30735e+10 -4.30729e+10  2.15011e+11
  300.00 -11.08938  1.15580e+14  1.15828e+14  1.15828e+14 -1.33079e+11 -1.33079e+11  4.56257e+11
  300.00 -11.06092  1.40131e+14  1.40398e+14  1.40398e+14  2.10945e+11  2.10944e+11  1.64054e+11
  300.00 -11.03246  1.79672e+14  1.79560e+14  1.79560e+14  2.35155e+11  2.35154e+11 -3.79263e+11
  300.00 -11.00401  2.09987e+14  2.09583e+14  2.09583e+14  1.92541e+10  1.92539e+10 -4.68617e+11
  300.00 -10.97555  2.12065e+14  2.11903e+14  2.11903e+14  2.52316e+10  2.52328e+10  1.84579e+11
  300.00 -10.94709  2.16392e+14  2.16182e+14  2.16182e+14  1.22882e+11  1.22883e+11  3.69458e+11
  300.00 -10.91864  2.60846e+14  2.60580e+14  2.60580e+14  5.84106e+10  5.84103e+10  8.57591e+10
  300.00 -10.89018  3.28589e+14  3.29483e+14  3.29483e+14  3.69539e+11  3.69538e+11  4.77782e+11
  300.00 -10.86172  3.46087e+14  3.47548e+14  3.47548e+14  5.17905e+11  5.17904e+11  3.71387e+11
  300.00 -10.83327  3.50320e+14  3.50537e+14  3.50537e+14  3.07222e+11  3.07222e+11 -1.34365e+10
  300.00 -10.80481  3.76383e+14  3.74938e+14  3.74938e+14 -3.06341e+10 -3.06356e+10 -1.71250e+11
  300.00 -10.77635  3.94657e+14  3.93398e+14  3.93398e+14  2.31591e+11  2.31590e+11 -1.18869e+11
  300.00 -10.74790  4.13660e+14  4.14130e+14  4.14130e+14  3.61364e+11  3.61365e+11  1.57295e+11
  300.00 -10.71944  5.10446e+14  5.11851e+14  5.11851e+14 -5.47959e+11 -5.47957e+11 -5.37757e+10
  300.00 -10.69098  5.82139e+14  5.82744e+14  5.82744e+14 -2.92146e+11 -2.92144e+11 -3.55484e+09
  300.00 -10.66253  5.72207e+14  5.72241e+14  5.72241e+14  5.12839e+11  5.12841e+11  9.25281e+10
  300.00 -10.63407  5.40469e+14  5.40011e+14  5.40011e+14  3.27427e+11  3.27424e+11  2.79097e+11
  300.00 -10.60561  5.56819e+14  5.56452e+14  5.56452e+14 -2.35118e+11 -2.35119e+11  2.64910e+11
  300.00 -10.57715  6.47705e+14  6.47896e+14  6.47896e+14 -7.53988e+11 -7.53989e+11  6.43227e+11
  300.00 -10.54870  7.01897e+14  7.01359e+14  7.01359e+14 -3.45321e+11 -3.45324e+11 -1.99937e+11
  300.00 -10.52024  7.44163e+14  7.43840e+14  7.43840e+14 -5.16638e+11 -5.16637e+11 -1.42837e+12
  300.00 -10.49178  8.47542e+14  8.48882e+14  8.48882e+14 -6.53570e+11 -6.53570e+11  8.29859e+11
  300.00 -10.46333  8.69084e+14  8.70679e+14  8.70679e+14 -1.00750e+12 -1.00749e+12  1.68274e+12
  300.00 -10.43487  7.66122e+14  7.65274e+14  7.65274e+14 -9.20097e+11 -9.20096e+11 -5.79660e+11
  300.00 -10.40641  7.82322e+14  7.80167e+14  7.80167e+14  3.09660e+11  3.09652e+11 -9.23737e+11
  300.00 -10.37796  9.10895e+14  9.11322e+14  9.11322e+14  5.15470e+11  5.15468e+11 -3.05126e+11
  300.00 -10.34950  1.04220e+15  1.04339e+15  1.04339e+15 -6.73965e+11 -6.73964e+11 -6.74523e+11
  300.00 -10.32104  1.02627e+15  1.02578e+15  1.02578e+15 -1.45673e+12 -1.45673e+12  2.97195e+11
  300.00 -10.29259  9.97706e+14  9.96783e+14  9.96783e+14 -9.63592e+10 -9.63560e+10  3.10255e+11
  300.00 -10.26413  1.14639e+15  1.14582e+15  1.14582e+15  8.19413e+11  8.19417e+11 -8.66657e+11
  300.00 -10.23567  1.21861e+15  1.21802e+15  1.21802e+15 -2.10038e+11 -2.10041e+11 -7.63691e+11
  300.00 -10.20721  1.15566e+15  1.15632e+15  1.15632e+15 -6.81701e+10 -6.81749e+10 -4.88962e+11
  300.00 -10.17876  1.16897e+15  1.16962e+15  1.16962e+15  7.72640e+11  7.72639e+11 -8.74739e+11
  300.00 -10.15030  1.21702e+15  1.21561e+15  1.21561e+15  7.44338e+10  7.44353e+10 -8.25199e+11
  300.00 -10.12184  1.21530e+15  1.21540e+15  1.21540e+15 -8.20174e+10 -8.20239e+10  9.47279e+11
  300.00 -10.09339  1.33825e+15  1.33945e+15  1.33945e+15  3.09546e+11  3.09543e+11  8.51102e+11
  300.00 -10.06493  1.54132e+15  1.54043e+15  1.54043e+15  4.58567e+11  4.58573e+11 -4.50796e+11
  300.00 -10.03647  1.55215e+15  1.55187e+15  1.55187e+15  1.39474e+12  1.39476e+12 -5.33311e+11
  300.00 -10.00802  1.48125e+15  1.48227e+15  1.48227e+15  1.51593e+12  1.51593e+12  2.00882e+12
  300.00 -9.97956  1.49783e+15  1.50024e+15  1.50024e+15 -4.61797e+11 -4.61804e+11  1.95451e+12
  300.00 -9.95110  1.52948e+15  1.53070e+15  1.53070e+15 -1.40341e+12 -1.40343e+12  2.03146e+11
  300.00 -9.92265  1.62185e+15  1.62077e+15  1.62077e+15  3.78888e+11  3.78886e+11  2.10697e+11
  300.00 -9.89419  1.67110e+15  1.66988e+15  1.66988e+15  2.13459e+12  2.13461e+12  1.62607e+12
  300.00 -9.86573  1.57804e+15  1.57802e+15  1.57802e+15  2.88825e+11  2.88836e+11  1.71503e+12
  300.00 -9.83727  1.72164e+15  1.72322e+15  1.72322e+15 -1.51669e+12 -1.51670e+12  1.19004e+11
  300.00 -9.80882  2.03222e+15  2.03275e+15  2.03275e+15 -6.65134e+11 -6.65140e+11 -4.62212e+10
  300.00 -9.78036  2.07369e+15  2.07233e+15  2.07233e+15 -3.22683e+11 -3.22677e+11  1.01183e+12
  300.00 -9.75190  1.82614e+15  1.82724e+15  1.82724e+15  2.75555e+10  2.75584e+10  2.95684e+12
  300.00 -9.72345  1.73991e+15  1.74190e+15  1.74190e+15  5.97667e+11  5.97661e+11  2.40407e+12
  300.00 -9.69499  1.95113e+15  1.94967e+15  1.94967e+15 -3.21546e+10 -3.21597e+10 -5.94629e+11
  300.00 -9.66653  2.13265e+15  2.12937e+15  2.12937e+15  4.74534e+10  4.74550e+10 -3.05085e+12
  300.00 -9.63808  2.14777e+15  2.14796e+15  2.14796e+15 -9.99266e+10 -9.99265e+10 -9.64077e+11
  300.00 -9.60962  2.07667e+15  2.07906e+15  2.07906e+15  2.81277e+11  2.81279e+11  1.82709e+12
  300.00 -9.58116  2.07060e+15  2.07025e+15  2.07025e+15  8.36197e+11  8.36205e+11  1.22557e+11
  300.00 -9.55271  2.22656e+15  2.22710e+15  2.22710e+15  8.22131e+11  8.22136e+11 -1.90002e+12
  300.00 -9.52425  2.39620e+15  2.39733e+15  2.39733e+15  7.33178e+11  7.33184e+11 -2.14759e+12
  300.00 -9.49579  2.38376e+15  2.38124e+15  2.38124e+15 -1.00562e+12 -1.00562e+12 -1.06225e+12
  300.00 -9.46733  2.23653e+15  2.23321e+15  2.23321e+15 -2.38743e+12 -2.38745e+12  2.34549e+11
  300.00 -9.43888  2.34537e+15  2.34485e+15  2.34485e+15 -2.13491e+11 -2.13502e+11 -8.27049e+11
  300.00 -9.41042  2.49680e+15  2.49750e+15  2.49750e+15  1.92405e+12  1.92406e+12 -2.86528e+12
  300.00 -9.38196  2.48238e+15  2.48433e+15  2.48433e+15  2.69417e+12  2.69418e+12 -5.18494e+12
  300.00 -9.35351  2.42621e+15  2.42629e+15  2.42629e+15 -8.75202e+11 -8.75205e+11 -3.52095e+12
  300.00 -9.32505  2.36493e+15  2.36264e+15  2.36264e+15 -3.86847e+12 -3.86849e+12  7.78527e+11
  300.00 -9.29659  2.45250e+15  2.45099e+15  2.45099e+15 -7.63977e+11 -7.63987e+11  1.48910e+12
  300.00 -9.26814  2.74823e+15  2.74941e+15  2.74941e+15  1.54926e+12  1.54926e+12 -1.51930e+11
  300.00 -9.23968  2.72702e+15  2.72874e+15  2.72874e+15  1.31524e+12  1.31525e+12 -1.30612e+12
  300.00 -9.21122  2.63889e+15  2.63841e+15  2.63841e+15 -5.43077e+11 -5.43082e+11 -4.22085e+11
  300.00 -9.18277  2.68304e+15  2.68169e+15  2.68169e+15 -2.28779e+12 -2.28780e+12  3.24004e+11
  300.00 -9.15431  2.68182e+15  2.68253e+15  2.68253e+15 -1.53981e+12 -1.53982e+12  4.51322e+11
  300.00 -9.12585  2.52023e+15  2.52209e+15  2.52209e+15 -6.04222e+11 -6.04214e+11  3.66830e+11
  300.00 -9.09739  2.50143e+15  2.50421e+15  2.50421e+15 -3.12462e+11 -3.12451e+11  1.95817e+12
  300.00 -9.06894  2.65497e+15  2.65557e+15  2.65557e+15 -1.50744e+12 -1.50745e+12  7.12511e+11
  300.00 -9.04048  2.61047e+15  2.60820e+15  2.60820e+15 -1.50082e+12 -1.50082e+12  6.10311e+11
  300.00 -9.01202  2.78986e+15  2.78822e+15  2.78822e+15 -7.91546e+11 -7.91548e+11  1.01442e+12
  300.00 -8.98357  3.03427e+15  3.03362e+15  3.03362e+15 -5.92833e+11 -5.92837e+11  5.92986e+11
  300.00 -8.95511  2.76391e+15  2.76489e+15  2.76489e+15 -8.60391e+11 -8.60390e+11  1.66809e+12
  300.00 -8.92665  2.45442e+15  2.45727e+15  2.45727e+15 -7.37173e+11 -7.37171e+11  1.54896e+12
  300.00 -8.89820  2.55617e+15  2.55709e+15  2.55709e+15  6.22534e+11  6.22537e+11 -1.41963e+11
  300.00 -8.86974  2.78532e+15  2.78329e+15  2.78329e+15  9.39571e+11  9.39569e+11  1.86834e+11
  300.00 -8.84128  2.72319e+15  2.72161e+15  2.72161e+15 -2.58678e+10 -2.58659e+10  7.84371e+11
  300.00 -8.81283  2.54371e+15  2.54544e+15  2.54544e+15  1.39819e+11  1.39827e+11  1.67528e+12
  300.00 -8.78437  2.51488e+15  2.51761e+15  2.51761e+15 -1.17488e+11 -1.17489e+11  1.83564e+12
  300.00 -8.75591  2.67481e+15  2.67479e+15  2.67479e+15  5.53918e+11  5.53916e+11  1.08195e+12
  300.00 -8.72745  2.93787e+15  2.93637e+15  2.93637e+15  7.94192e+11  7.94200e+11  1.19810e+12
  300.00 -8.69900  2.86134e+15  2.86050e+15  2.86050e+15  1.59883e+12  1.59884e+12 -1.04752e+11
  300.00 -8.67054  2.47221e+15  2.47282e+15  2.47282e+15  1.47662e+12  1.47662e+12 -1.66466e+12
  300.00 -8.64208  2.38457e+15  2.38408e+15  2.38408e+15  3.73118e+11  3.73126e+11 -5.25462e+11
  300.00 -8.61363  2.59580e+15  2.59490e+15  2.59490e+15  6.81366e+11  6.81373e+11  1.58558e+12
  300.00 -8.58517  2.65933e+15  2.66067e+15  2.66067e+15  1.20185e+12  1.20185e+12  1.27405e+12
  300.00 -8.55671  2.49895e+15  2.49900e+15  2.49900e+15  1.58510e+12  1.58509e+12 -1.73802e+12
  300.00 -8.52826  2.52179e+15  2.51922e+15  2.51922e+15  2.23184e+12  2.23184e+12 -2.11845e+12
  300.00 -8.49980  2.50095e+15  2.50062e+15  2.50062e+15  1.67778e+12  1.67779e+12  2.58932e+11
  300.00 -8.47134  2.36468e+15  2.36550e+15  2.36550e+15  4.31953e+09  4.32229e+09  7.74448e+11
  300.00 -8.44289  2.59846e+15  2.59774e+15  2.59774e+15  6.12504e+10  6.12463e+10  8.24732e+11
  300.00 -8.41443  2.69401e+15  2.69309e+15  2.69309e+15  1.16443e+12  1.16443e+12  2.38688e+11
  300.00 -8.38597  2.34816e+15  2.34836e+15  2.34836e+15  1.97607e+12  1.97608e+12 -1.01296e+11
  300.00 -8.35752  2.17643e+15  2.17670e+15  2.17670e+15  9.06257e+11  9.06259e+11  3.04237e+11
  300.00 -8.32906  2.41842e+15  2.41891e+15  2.41891e+15 -1.09071e+12 -1.09071e+12  2.00467e+12
  300.00 -8.30060  2.43144e+15  2.43206e+15  2.43206e+15 -1.19322e+12 -1.19321e+12  1.83359e+12
  300.00 -8.27214  2.08225e+15  2.08158e+15  2.08158e+15 -4.94593e+11 -4.94597e+11  5.81220e+11
  300.00 -8.24369  2.09289e+15  2.09236e+15  2.09236e+15  1.11747e+12  1.11746e+12 -6.32134e+11
  300.00 -8.21523  2.21693e+15  2.21676e+15  2.21676e+15  1.21495e+11  1.21496e+11  7.20248e+11
  300.00 -8.18677  2.24554e+15  2.24644e+15  2.24644e+15 -9.96312e+11 -9.96311e+11  2.14820e+12
  300.00 -8.15832  2.34367e+15  2.34409e+15  2.34409e+15 -7.81700e+11 -7.81700e+11  1.67657e+12
  300.00 -8.12986  2.25964e+15  2.25714e+15  2.25714e+15 -1.89267e+11 -1.89266e+11  9.90079e+11
  300.00 -8.10140  2.00877e+15  2.00779e+15  2.00779e+15 -2.39495e+11 -2.39497e+11  4.55876e+11
  300.00 -8.07295  1.89466e+15  1.89655e+15  1.89655e+15 -9.63082e+11 -9.63087e+11  3.83605e+11
  300.00 -8.04449  1.76824e+15  1.76938e+15  1.76938e+15 -7.96926e+11 -7.96929e+11 -4.10699e+11
  300.00 -8.01603  1.77571e+15  1.77635e+15  1.77635e+15 -7.95042e+11 -7.95041e+11 -2.03364e+11
  300.00 -7.98758  1.87588e+15  1.87592e+15  1.87592e+15 -7.45628e+11 -7.45626e+11  1.16953e+12
  300.00 -7.95912  1.89093e+15  1.89032e+15  1.89032e+15 -8.64539e+10 -8.64536e+10  7.38116e+11
  300.00 -7.93066  1.72840e+15  1.72743e+15  1.72743e+15  6.08121e+10  6.08109e+10 -3.09541e+11
  300.00 -7.90220  1.66169e+15  1.66126e+15  1.66126e+15 -4.63093e+11 -4.63094e+11 -3.52984e+11
  300.00 -7.87375  1.80071e+15  1.80098e+15  1.80098e+15 -4.87446e+11 -4.87449e+11 -2.75038e+11
  300.00 -7.84529  1.76615e+15  1.76626e+15  1.76626e+15 -3.34427e+11 -3.34427e+11 -5.34951e+11
  300.00 -7.81683  1.38165e+15  1.38073e+15  1.38073e+15 -5.52090e+11 -5.52089e+11 -1.87473e+11
  300.00 -7.78838  1.05663e+15  1.05700e+15  1.05700e+15 -5.02090e+11 -5.02090e+11 -2.66427e+11
  300.00 -7.75992  1.21587e+15  1.21810e+15  1.21810e+15 -6.47934e+10 -6.47945e+10 -1.57350e+11
  300.00 -7.73146  1.39427e+15  1.39491e+15  1.39491e+15 -2.15196e+11 -2.15196e+11  1.29469e+12
  300.00 -7.70301  1.24803e+15  1.24700e+15  1.24700e+15  5.34938e+11  5.34941e+11  2.95345e+12
  300.00 -7.67455  9.61580e+14  9.61055e+14  9.61055e+14  2.49187e+12  2.49187e+12  5.98430e+12
  300.00 -7.64609  7.99391e+14  8.02451e+14  8.02451e+14  4.99760e+12  4.99761e+12  1.30076e+13
  300.00 -7.61764  8.01816e+14  8.08863e+14  8.08863e+14  9.82859e+12  9.82861e+12  2.71788e+13
  300.00 -7.58918  7.97692e+14  8.09840e+14  8.09840e+14  1.84297e+13  1.84298e+13  5.09371e+13
  300.00 -7.56072  7.21063e+14  7.41800e+14  7.41800e+14  2.79016e+13  2.79016e+13  8.17168e+13
  300.00 -7.53226  5.37517e+14  5.68367e+14  5.68368e+14  3.09235e+13  3.09234e+13  1.07583e+14
  300.00 -7.50381  3.89584e+14  4.26037e+14  4.26038e+14  2.91414e+13  2.91414e+13  1.22940e+14
  300.00 -7.47535  4.39790e+14  4.73997e+14  4.73997e+14  4.18025e+13  4.18025e+13  1.33288e+14
  300.00 -7.44689  4.85886e+14  5.16635e+14  5.16635e+14  3.82327e+13  3.82327e+13  1.21128e+14
  300.00 -7.41844  4.40401e+14  4.65658e+14  4.65659e+14  2.10566e+13  2.10566e+13  8.55915e+13
  300.00 -7.38998  4.54149e+14  4.77446e+14  4.77446e+14  2.99126e+13  2.99126e+13  8.95815e+13
  300.00 -7.36152  5.57879e+14  5.95026e+14  5.95026e+14  3.76089e+13  3.76088e+13  1.34354e+14
  300.00 -7.33307  6.79641e+14  7.17455e+14  7.17455e+14  3.42134e+13  3.42134e+13  1.32463e+14
  300.00 -7.30461  8.79458e+14  9.05333e+14  9.05334e+14  2.32774e+13  2.32774e+13  9.11602e+13
  300.00 -7.27615  1.17257e+15  1.18699e+15  1.18699e+15  1.31342e+13  1.31342e+13  5.13668e+13
  300.00 -7.24770  1.28175e+15  1.28971e+15  1.28971e+15  6.81149e+12  6.81150e+12  2.58955e+13
  300.00 -7.21924  9.72568e+14  9.76832e+14  9.76833e+14  3.32803e+12  3.32804e+12  1.21946e+13
  300.00 -7.19078  7.37193e+14  7.38136e+14  7.38136e+14  1.16903e+12  1.16904e+12  5.57528e+12
  300.00 -7.16232  9.13796e+14  9.12555e+14  9.12555e+14  2.10969e+11  2.10971e+11  2.47336e+12
  300.00 -7.13387  1.29165e+15  1.29087e+15  1.29087e+15  3.21396e+11  3.21398e+11  1.08657e+12
  300.00 -7.10541  1.54898e+15  1.54899e+15  1.54899e+15  5.63819e+11  5.63826e+11  3.24529e+11
  300.00 -7.07695  1.47327e+15  1.47332e+15  1.47332e+15  5.70475e+11  5.70482e+11  1.18194e+11
  300.00 -7.04850  1.44988e+15  1.45055e+15  1.45055e+15 -1.48889e+11 -1.48888e+11  5.60297e+11
  300.00 -7.02004  1.69355e+15  1.69437e+15  1.69437e+15 -3.76203e+11 -3.76201e+11  6.80948e+11
  300.00 -6.99158  2.05090e+15  2.05087e+15  2.05087e+15 -1.88588e+11 -1.88584e+11 -2.54720e+11
  300.00 -6.96313  2.14686e+15  2.14514e+15  2.14514e+15 -1.92182e+11 -1.92178e+11 -5.68734e+11
  300.00 -6.93467  1.35928e+15  1.35971e+15  1.35971e+15 -3.35209e+10 -3.35181e+10  3.76598e+11
  300.00 -6.90621  7.77075e+14  7.77338e+14  7.77338e+14  8.12532e+10  8.12545e+10  6.08327e+10
  300.00 -6.87776  1.69615e+15  1.69533e+15  1.69533e+15 -5.58887e+10 -5.58878e+10 -5.58620e+11
  300.00 -6.84930  2.41352e+15  2.41571e+15  2.41571e+15 -3.65420e+11 -3.65420e+11 -2.09105e+11
  300.00 -6.82084  2.27345e+15  2.27529e+15  2.27529e+15 -2.91875e+11 -2.91876e+11 -4.37862e+11
  300.00 -6.79238  2.00841e+15  2.00759e+15  2.00759e+15  9.04564e+10  9.04557e+10 -6.48514e+11
  300.00 -6.76393  1.99818e+15  1.99672e+15  1.99672e+15  2.60220e+11  2.60218e+11 -2.85918e+11
  300.00 -6.73547  2.11826e+15  2.11885e+15  2.11885e+15 -2.09812e+11 -2.09814e+11 -7.68871e+11
  300.00 -6.70701  2.24299e+15  2.24409e+15  2.24409e+15 -6.12993e+11 -6.12996e+11 -7.25617e+11
  300.00 -6.67856  2.18385e+15  2.18473e+15  2.18473e+15 -3.27060e+11 -3.27062e+11 -7.22227e+09
  300.00 -6.65010  1.96968e+15  1.97186e+15  1.97186e+15  1.74348e+11  1.74341e+11 -1.84775e+11
  300.00 -6.62164  1.94688e+15  1.94608e+15  1.94608e+15  6.27370e+11  6.27366e+11  3.01381e+09
  300.00 -6.59319  2.31217e+15  2.31003e+15  2.31003e+15  1.04310e+12  1.04310e+12 -4.08165e+11
  300.00 -6.56473  2.67247e+15  2.67286e+15  2.67286e+15  1.40659e+11  1.40655e+11  3.59359e+11
  300.00 -6.53627  2.86530e+15  2.86532e+15  2.86532e+15 -1.03995e+12 -1.03995e+12  4.86444e+12
  300.00 -6.50782  2.88995e+15  2.88869e+15  2.88869e+15 -3.71073e+11 -3.71070e+11  6.94612e+12
  300.00 -6.47936  2.72689e+15  2.72836e+15  2.72836e+15  1.38802e+12  1.38802e+12  2.40167e+12
  300.00 -6.45090  2.71612e+15  2.71952e+15  2.71952e+15  1.12717e+12  1.12716e+12 -5.80012e+10
  300.00 -6.42244  3.12761e+15  3.12326e+15  3.12326e+15  7.76693e+11  7.76692e+11  4.47341e+12
  300.00 -6.39399  3.42779e+15  3.42239e+15  3.42239e+15  9.29668e+11  9.29670e+11  6.84028e+12
  300.00 -6.36553  3.38211e+15  3.38526e+15  3.38526e+15 -1.22957e+12 -1.22957e+12  6.28571e+12
  300.00 -6.33707  3.18841e+15  3.19187e+15  3.19187e+15 -3.88112e+12 -3.88112e+12  4.03213e+12
  300.00 -6.30862  3.15316e+15  3.14582e+15  3.14582e+15  9.25021e+11  9.25030e+11  4.20014e+12
  300.00 -6.28016  3.66120e+15  3.65914e+15  3.65914e+15  4.44217e+12  4.44218e+12  3.21233e+12
  300.00 -6.25170  4.21384e+15  4.21909e+15  4.21909e+15  1.01065e+12  1.01065e+12  3.30628e+12
  300.00 -6.22325  3.95310e+15  3.95740e+15  3.95740e+15 -4.64867e+12 -4.64867e+12  4.42052e+12
  300.00 -6.19479  3.41984e+15  3.41524e+15  3.41524e+15 -2.84865e+12 -2.84866e+12 -3.51352e+11
  300.00 -6.16633  3.39413e+15  3.38765e+15  3.38765e+15  4.45626e+12  4.45626e+12 -2.98585e+12
  300.00 -6.13788  3.91890e+15  3.92159e+15  3.92159e+15  3.93711e+12  3.93712e+12  5.62367e+11
  300.00 -6.10942  4.14302e+15  4.14484e+15  4.14484e+15  2.24386e+12  2.24386e+12  4.95290e+12
  300.00 -6.08096  3.91385e+15  3.91295e+15  3.91295e+15 -2.56622e+12 -2.56622e+12  1.59571e+12
  300.00 -6.05251  3.65585e+15  3.65610e+15  3.65610e+15 -1.42292e+12 -1.42291e+12 -2.55877e+12
  300.00 -6.02405  3.72765e+15  3.73165e+15  3.73165e+15  2.19841e+12  2.19841e+12 -4.73418e+12
  300.00 -5.99559  3.78074e+15  3.78359e+15  3.78359e+15  3.87055e+12  3.87055e+12 -1.10638e+12
  300.00 -5.96713  3.84306e+15  3.83851e+15  3.83851e+15  4.43771e+12  4.43771e+12  5.34450e+12
  300.00 -5.93868  3.91437e+15  3.91409e+15  3.91409e+15 -1.83922e+12 -1.83922e+12  4.38785e+12
  300.00 -5.91022  3.84807e+15  3.85312e+15  3.85312e+15 -2.95466e+12 -2.95466e+12 -7.87385e+12
  300.00 -5.88176  4.01513e+15  4.01876e+15  4.01876e+15  2.55999e+12  2.55998e+12 -1.11291e+13
  300.00 -5.85331  4.14732e+15  4.14770e+15  4.14770e+15  2.78939e+12  2.78939e+12 -2.08192e+12
  300.00 -5.82485  3.98528e+15  3.98411e+15  3.98411e+15  4.65058e+11  4.65075e+11  6.87046e+12
  300.00 -5.79639  3.35663e+15  3.35305e+15  3.35305e+15 -1.86075e+11 -1.86075e+11  8.17311e+12
  300.00 -5.76794  3.05425e+15  3.05206e+15  3.05206e+15 -3.98974e+11 -3.98977e+11 -3.90877e+12
  300.00 -5.73948  3.69481e+15  3.69698e+15  3.69698e+15 -4.60056e+12 -4.60055e+12 -1.34684e+13
  300.00 -5.71102  4.60338e+15  4.60563e+15  4.60563e+15 -3.41992e+12 -3.41992e+12 -8.54027e+12
  300.00 -5.68257  4.65433e+15  4.65377e+15  4.65377e+15  2.37408e+12  2.37408e+12 -4.03897e+12
  300.00 -5.65411  3.74403e+15  3.74200e+15  3.74200e+15  7.62026e+12  7.62026e+12  3.22326e+12
  300.00 -5.62565  2.82643e+15  2.82725e+15  2.82725e+15  2.74220e+12  2.74219e+12  1.34609e+12
  300.00 -5.59719  2.84819e+15  2.84756e+15  2.84756e+15 -5.25904e+12 -5.25904e+12 -3.57586e+12
  300.00 -5.56874  3.80358e+15  3.79890e+15  3.79890e+15 -4.01342e+12 -4.01341e+12  1.35545e+12
  300.00 -5.54028  4.53780e+15  4.53917e+15  4.53917e+15 -2.63025e+12 -2.63025e+12 -5.19528e+12
  300.00 -5.51182  4.39759e+15  4.40168e+15  4.40168e+15  2.16434e+11  2.16422e+11 -9.09888e+12
  300.00 -5.48337  3.45971e+15  3.46012e+15  3.46012e+15  5.29014e+12  5.29013e+12 -4.24864e+12
  300.00 -5.45491  2.64272e+15  2.63802e+15  2.63802e+15  2.40757e+12  2.40757e+12  1.29341e+12
  300.00 -5.42645  3.23489e+15  3.23292e+15  3.23292e+15 -8.34560e+12 -8.34560e+12  1.13000e+12
  300.00 -5.39800  4.22980e+15  4.23527e+15  4.23527e+15 -2.26768e+12 -2.26767e+12  3.28493e+12
  300.00 -5.36954  3.88655e+15  3.89017e+15  3.89017e+15  6.35670e+12  6.35671e+12  3.47030e+12
  300.00 -5.34108  3.59747e+15  3.59104e+15  3.59104e+15  5.40895e+10  5.40774e+10 -1.29189e+12
  300.00 -5.31263  3.71260e+15  3.70994e+15  3.70994e+15 -7.57956e+12 -7.57957e+12 -1.04063e+13
  300.00 -5.28417  3.03744e+15  3.03946e+15  3.03946e+15 -4.28588e+12 -4.28587e+12 -1.03494e+13
  300.00 -5.25571  2.65926e+15  2.66282e+15  2.66282e+15 -2.33012e+12 -2.33010e+12  7.42385e+12
  300.00 -5.22725  3.60968e+15  3.61225e+15  3.61225e+15 -1.56364e+12 -1.56363e+12  9.78103e+12
  300.00 -5.19880  4.06405e+15  4.06103e+15  4.06103e+15 -8.89848e+11 -8.89840e+11 -1.28321e+12
  300.00 -5.17034  3.60130e+15  3.59631e+15  3.59631e+15  2.38546e+12  2.38546e+12 -3.96379e+12
  300.00 -5.14188  3.48290e+15  3.48370e+15  3.48370e+15  1.39046e+12  1.39044e+12 -3.20716e+12
  300.00 -5.11343  3.27978e+15  3.27900e+15  3.27900e+15 -5.61918e+12 -5.61919e+12 -1.23315e+13
  300.00 -5.08497  2.61693e+15  2.61249e+15  2.61249e+15 -4.84929e+12 -4.84928e+12 -1.02863e+13
  300.00 -5.05651  2.69605e+15  2.69227e+15  2.69227e+15 -3.77425e+11 -3.77407e+11  1.14542e+13
  300.00 -5.02806  3.47096e+15  3.47212e+15  3.47212e+15  1.83937e+12  1.83935e+12  8.92049e+12
  300.00 -4.99960  3.91764e+15  3.92069e+15  3.92069e+15  2.66543e+12  2.66541e+12  2.32048e+11
  300.00 -4.97114  3.96237e+15  3.95939e+15  3.95939e+15  1.89929e+11  1.89924e+11  3.42387e+11
  300.00 -4.94269  3.60583e+15  3.60346e+15  3.60346e+15 -2.64862e+12 -2.64861e+12 -4.02225e+12
  300.00 -4.91423  2.78588e+15  2.78662e+15  2.78662e+15 -3.22782e+12 -3.22782e+12 -1.28388e+13
  300.00 -4.88577  2.02179e+15  2.02464e+15  2.02464e+15 -2.41171e+11 -2.41175e+11 -6.78174e+12
  300.00 -4.85731  2.20055e+15  2.20586e+15  2.20586e+15  2.90716e+12  2.90715e+12  1.06593e+13
  300.00 -4.82886  3.26455e+15  3.27010e+15  3.27010e+15  1.11475e+12  1.11474e+12  9.97462e+12
  300.00 -4.80040  3.87680e+15  3.88000e+15  3.88000e+15  4.92038e+11  4.92034e+11  6.02212e+12
  300.00 -4.77194  3.70913e+15  3.70710e+15  3.70710e+15 -1.45548e+12 -1.45548e+12  4.77158e+12
  300.00 -4.74349  3.01361e+15  3.01269e+15  3.01269e+15 -5.36609e+12 -5.36608e+12 -3.65526e+12
  300.00 -4.71503  2.53654e+15  2.54004e+15  2.54004e+15 -6.56940e+12 -6.56939e+12 -1.09773e+13
  300.00 -4.68657  2.40135e+15  2.40328e+15  2.40328e+15  2.05603e+12  2.05603e+12  9.95945e+10
  300.00 -4.65812  2.95115e+15  2.95425e+15  2.95425e+15  6.09254e+12  6.09253e+12  1.29388e+13
  300.00 -4.62966  3.38895e+15  3.38871e+15  3.38871e+15 -1.31248e+12 -1.31248e+12  4.69587e+12
  300.00 -4.60120  2.83214e+15  2.82901e+15  2.82901e+15 -5.22836e+12 -5.22837e+12 -6.70064e+12
  300.00 -4.57275  2.74925e+15  2.74744e+15  2.74744e+15  2.20777e+12  2.20778e+12  5.03417e+12
  300.00 -4.54429  3.33929e+15  3.33875e+15  3.33875e+15  1.19539e+12  1.19541e+12  7.87763e+12
  300.00 -4.51583  3.09881e+15  3.09924e+15  3.09924e+15 -8.49406e+12 -8.49405e+12 -7.56910e+11
  300.00 -4.48737  2.07223e+15  2.07463e+15  2.07463e+15 -4.11757e+12 -4.11758e+12 -2.17965e+12
  300.00 -4.45892  1.93477e+15  1.93606e+15  1.93606e+15  8.12484e+12  8.12483e+12 -6.97610e+11
  300.00 -4.43046  2.83448e+15  2.83268e+15  2.83268e+15  5.80288e+12  5.80288e+12 -3.06494e+11
  300.00 -4.40200  3.05425e+15  3.05108e+15  3.05108e+15 -3.66114e+12 -3.66113e+12 -1.49819e+12
  300.00 -4.37355  2.62590e+15  2.62414e+15  2.62414e+15 -2.79906e+12 -2.79905e+12  2.65433e+11
  300.00 -4.34509  2.66602e+15  2.66814e+15  2.66814e+15  4.40589e+12  4.40589e+12  3.46983e+12
  300.00 -4.31663  2.76762e+15  2.77086e+15  2.77086e+15  1.93306e+12  1.93306e+12  9.19993e+11
  300.00 -4.28818  2.69365e+15  2.69382e+15  2.69382e+15 -5.78162e+12 -5.78161e+12  7.89633e+11
  300.00 -4.25972  2.32742e+15  2.32622e+15  2.32622e+15 -4.19125e+12 -4.19125e+12  3.74194e+12
  300.00 -4.23126  2.14132e+15  2.14189e+15  2.14189e+15  7.11759e+12  7.11759e+12 -1.43881e+12
  300.00 -4.20281  2.59958e+15  2.60123e+15  2.60123e+15  6.49204e+12  6.49204e+12 -1.15874e+12
  300.00 -4.17435  2.98935e+15  2.99093e+15  2.99093e+15  2.12156e+12  2.12156e+12  2.59414e+12
  300.00 -4.14589  2.93038e+15  2.93204e+15  2.93204e+15 -1.39702e+12 -1.39702e+12  2.15412e+12
  300.00 -4.11743  2.50200e+15  2.50287e+15  2.50287e+15 -3.17647e+12 -3.17647e+12 -9.82559e+11
  300.00 -4.08898  2.23871e+15  2.23734e+15  2.23734e+15  1.93268e+12  1.93268e+12  2.13399e+12
  300.00 -4.06052  2.12768e+15  2.13002e+15  2.13002e+15 -4.52711e+11 -4.52712e+11  1.12687e+13
  300.00 -4.03206  1.67517e+15  1.67901e+15  1.67901e+15 -2.99362e+12 -2.99363e+12  6.75797e+12
  300.00 -4.00361  2.09604e+15  2.09292e+15  2.09292e+15  5.75191e+12  5.75191e+12 -5.59032e+12
  300.00 -3.97515  2.85935e+15  2.85574e+15  2.85574e+15  3.05811e+12  3.05811e+12 -7.52268e+11
  300.00 -3.94669  2.98040e+15  2.97978e+15  2.97978e+15 -1.03493e+12 -1.03493e+12  3.99370e+12
  300.00 -3.91824  2.80612e+15  2.80627e+15  2.80627e+15 -2.59678e+11 -2.59673e+11  2.40584e+11
  300.00 -3.88978  2.60186e+15  2.60075e+15  2.60075e+15 -4.00949e+11 -4.00944e+11 -1.93197e+12
  300.00 -3.86132  2.72968e+15  2.72809e+15  2.72809e+15 -1.32411e+12 -1.32410e+12  2.63384e+12
  300.00 -3.83287  2.91168e+15  2.90817e+15  2.90817e+15  7.60339e+11  7.60354e+11  9.34708e+12
  300.00 -3.80441  3.09078e+15  3.08675e+15  3.08675e+15  2.03745e+12  2.03746e+12  8.29211e+12
  300.00 -3.77595  3.44235e+15  3.44227e+15  3.44227e+15  2.89112e+11  2.89098e+11 -5.47455e+12
  300.00 -3.74749  3.54233e+15  3.54527e+15  3.54527e+15 -9.48444e+11 -9.48456e+11 -6.87404e+12
  300.00 -3.71904  3.56898e+15  3.56830e+15  3.56830e+15 -8.13463e+11 -8.13456e+11 -6.52418e+11
  300.00 -3.69058  3.94815e+15  3.94099e+15  3.94099e+15 -6.24203e+11 -6.24190e+11  8.26951e+12
  300.00 -3.66212  4.00253e+15  3.99745e+15  3.99745e+15  1.78706e+12  1.78707e+12  8.12162e+12
  300.00 -3.63367  3.93621e+15  3.93825e+15  3.93825e+15  4.27594e+12  4.27595e+12  7.15886e+12
  300.00 -3.60521  3.72144e+15  3.72556e+15  3.72556e+15  4.35383e+12  4.35385e+12  1.50377e+13
  300.00 -3.57675  3.83949e+15  3.84517e+15  3.84517e+15  9.96314e+12  9.96315e+12  1.81316e+13
  300.00 -3.54830  4.61369e+15  4.62565e+15  4.62565e+15  1.97715e+13  1.97715e+13  2.28566e+13
  300.00 -3.51984  4.78023e+15  4.79811e+15  4.79811e+15  2.03360e+13  2.03360e+13  3.73055e+13
  300.00 -3.49138  3.94426e+15  3.95812e+15  3.95812e+15  1.03082e+13  1.03083e+13  3.88805e+13
  300.00 -3.46293  4.03157e+15  4.03404e+15  4.03404e+15  2.27921e+12  2.27924e+12  2.10555e+13
  300.00 -3.43447  5.03471e+15  5.03642e+15  5.03642e+15  1.78248e+13  1.78248e+13  1.87233e+13
  300.00 -3.40601  5.25960e+15  5.27371e+15  5.27371e+15  3.57173e+13  3.57173e+13  4.48013e+13
  300.00 -3.37756  5.18990e+15  5.21157e+15  5.21157e+15  3.90005e+13  3.90006e+13  5.56674e+13
  300.00 -3.34910  5.36493e+15  5.38253e+15  5.38253e+15  2.56332e+13  2.56332e+13  5.14120e+13
  300.00 -3.32064  4.93300e+15  4.94108e+15  4.94108e+15  2.75493e+12  2.75493e+12  3.04950e+13
  300.00 -3.29218  4.83389e+15  4.83492e+15  4.83492e+15  7.64712e+12  7.64713e+12  5.15630e+12
  300.00 -3.26373  5.55716e+15  5.56218e+15  5.56218e+15  2.08595e+13  2.08595e+13  1.14958e+13
  300.00 -3.23527  5.93450e+15  5.94769e+15  5.94769e+15  1.64351e+13  1.64351e+13  2.53408e+13
  300.00 -3.20681  5.80657e+15  5.82167e+15  5.82167e+15  1.17970e+13  1.17970e+13  2.20774e+13
  300.00 -3.17836  5.72406e+15  5.74336e+15  5.74336e+15  8.17707e+12  8.17706e+12  1.20319e+13
  300.00 -3.14990  5.76546e+15  5.78250e+15  5.78250e+15  2.40576e+12  2.40576e+12  8.81479e+12
  300.00 -3.12144  5.44932e+15  5.45282e+15  5.45282e+15  2.26701e+12  2.26702e+12 -1.19280e+11
  300.00 -3.09299  5.08431e+15  5.08991e+15  5.08991e+15  2.77524e+12  2.77524e+12 -9.29081e+12
  300.00 -3.06453  5.40066e+15  5.41944e+15  5.41944e+15  4.26734e+11  4.26719e+11 -1.99532e+12
  300.00 -3.03607  6.21417e+15  6.23428e+15  6.23428e+15 -6.05484e+12 -6.05485e+12  9.84432e+12
  300.00 -3.00762  6.17600e+15  6.19083e+15  6.19083e+15 -2.94505e+12 -2.94506e+12  8.33545e+12
  300.00 -2.97916  6.16941e+15  6.17962e+15  6.17962e+15  4.77058e+12  4.77060e+12  5.56975e+12
  300.00 -2.95070  6.64348e+15  6.64903e+15  6.64903e+15  1.15433e+13  1.15433e+13  2.38480e+12
  300.00 -2.92224  6.61979e+15  6.62743e+15  6.62743e+15  7.15231e+12  7.15230e+12 -5.12492e+12
  300.00 -2.89379  6.22732e+15  6.22842e+15  6.22842e+15 -2.66684e+12 -2.66686e+12 -1.99960e+12
  300.00 -2.86533  6.30442e+15  6.30173e+15  6.30173e+15 -7.27242e+12 -7.27241e+12  4.66134e+12
  300.00 -2.83687  7.01812e+15  7.02364e+15  7.02364e+15  3.92859e+12  3.92861e+12  4.47400e+12
  300.00 -2.80842  7.25364e+15  7.26128e+15  7.26128e+15  9.61488e+12  9.61488e+12 -4.69218e+11
  300.00 -2.77996  6.84958e+15  6.85575e+15  6.85575e+15  9.58086e+12  9.58086e+12  1.97352e+12
  300.00 -2.75150  6.56996e+15  6.57338e+15  6.57338e+15  8.09708e+12  8.09709e+12 -7.34992e+11
  300.00 -2.72305  6.97808e+15  6.97953e+15  6.97953e+15  1.54269e+12  1.54269e+12  7.30751e+11
  300.00 -2.69459  7.59065e+15  7.59247e+15  7.59247e+15  1.92801e+12  1.92802e+12 -3.70957e+12
  300.00 -2.66613  7.21476e+15  7.21507e+15  7.21507e+15  7.93150e+11  7.93151e+11 -1.04750e+13
  300.00 -2.63768  6.35553e+15  6.35343e+15  6.35343e+15 -3.66805e+12 -3.66805e+12 -9.91518e+11
  300.00 -2.60922  5.94152e+15  5.94330e+15  5.94330e+15  1.13591e+12  1.13590e+12  2.52695e+12
  300.00 -2.58076  6.41647e+15  6.42186e+15  6.42186e+15  1.88961e+12  1.88961e+12  4.33519e+12
  300.00 -2.55230  7.41323e+15  7.41261e+15  7.41261e+15 -6.16857e+12 -6.16856e+12  9.56907e+12
  300.00 -2.52385  7.85101e+15  7.85096e+15  7.85096e+15 -3.26003e+12 -3.26002e+12  1.84057e+12
  300.00 -2.49539  7.29349e+15  7.30091e+15  7.30091e+15  7.64151e+11  7.64143e+11 -4.75959e+12
  300.00 -2.46693  6.94207e+15  6.93883e+15  6.93883e+15  1.40289e+11  1.40263e+11  1.58652e+12
  300.00 -2.43848  7.15925e+15  7.15117e+15  7.15117e+15 -5.54585e+12 -5.54588e+12  4.03376e+12
  300.00 -2.41002  7.08889e+15  7.08892e+15  7.08892e+15 -9.77916e+12 -9.77916e+12  9.24401e+12
  300.00 -2.38156  7.42175e+15  7.42590e+15  7.42590e+15 -8.63011e+12 -8.63008e+12  1.12776e+13
  300.00 -2.35311  7.51696e+15  7.51877e+15  7.51877e+15  1.19520e+12  1.19522e+12 -2.19392e+12
  300.00 -2.32465  7.04245e+15  7.04408e+15  7.04408e+15  7.81912e+12  7.81913e+12 -1.07412e+13
  300.00 -2.29619  6.72245e+15  6.72909e+15  6.72909e+15 -2.08610e+12 -2.08611e+12  2.04628e+12
  300.00 -2.26774  7.04450e+15  7.04717e+15  7.04717e+15 -1.62866e+12 -1.62868e+12  1.18732e+13
  300.00 -2.23928  7.41184e+15  7.40882e+15  7.40882e+15  1.02036e+12  1.02036e+12  2.16718e+12
  300.00 -2.21082  7.36232e+15  7.35753e+15  7.35753e+15 -1.41975e+13 -1.41975e+13  7.02764e+12
  300.00 -2.18236  6.77540e+15  6.77263e+15  6.77263e+15 -7.34726e+12 -7.34725e+12  1.63969e+12
  300.00 -2.15391  6.29787e+15  6.29747e+15  6.29747e+15  3.51500e+12  3.51500e+12 -2.53756e+12
  300.00 -2.12545  6.87835e+15  6.88194e+15  6.88194e+15 -9.52181e+10 -9.52194e+10  4.19139e+12
  300.00 -2.09699  7.36884e+15  7.36809e+15  7.36809e+15 -4.20024e+12 -4.20024e+12  6.30379e+12
  300.00 -2.06854  7.19781e+15  7.19170e+15  7.19170e+15 -5.23901e+12 -5.23902e+12  2.68717e+12
  300.00 -2.04008  6.92161e+15  6.91880e+15  6.91880e+15 -2.04599e+13 -2.04599e+13  2.24870e+13
  300.00 -2.01162  6.62937e+15  6.62783e+15  6.62783e+15 -1.57466e+13 -1.57466e+13  2.14045e+13
  300.00 -1.98317  6.63034e+15  6.62614e+15  6.62614e+15 -7.40177e+11 -7.40173e+11  6.82301e+12
  300.00 -1.95471  6.90614e+15  6.90164e+15  6.90164e+15  2.29664e+12  2.29663e+12  2.84293e+11
  300.00 -1.92625  6.78970e+15  6.78747e+15  6.78747e+15  1.18378e+12  1.18376e+12 -7.87430e+11
  300.00 -1.89780  6.53259e+15  6.53165e+15  6.53165e+15 -1.01401e+13 -1.01401e+13  8.94462e+12
  300.00 -1.86934  6.58821e+15  6.58685e+15  6.58685e+15 -2.04086e+13 -2.04086e+13  2.69926e+13
  300.00 -1.84088  6.84519e+15  6.84087e+15  6.84087e+15 -1.09283e+13 -1.09283e+13  2.29493e+13
  300.00 -1.81242  6.79560e+15  6.79101e+15  6.79101e+15  3.66661e+12  3.66662e+12 -3.06284e+10
  300.00 -1.78397  6.38569e+15  6.38348e+15  6.38348e+15  3.58209e+12  3.58208e+12 -3.36418e+12
  300.00 -1.75551  6.14558e+15  6.15021e+15  6.15021e+15 -3.49890e+12 -3.49891e+12  1.06050e+13
  300.00 -1.72705  6.20645e+15  6.21279e+15  6.21279e+15 -9.73557e+12 -9.73556e+12  1.33532e+13
  300.00 -1.69860  6.64718e+15  6.64653e+15  6.64653e+15 -1.33131e+13 -1.33131e+13  1.11969e+13
  300.00 -1.67014  6.70898e+15  6.70983e+15  6.70983e+15 -6.40093e+12 -6.40092e+12  7.03919e+12
  300.00 -1.64168  6.31205e+15  6.30842e+15  6.30842e+15  2.64792e+12  2.64794e+12  3.20131e+12
  300.00 -1.61323  5.83535e+15  5.82649e+15  5.82649e+15 -1.17278e+12 -1.17278e+12  4.86082e+12
  300.00 -1.58477  5.78191e+15  5.78763e+15  5.78763e+15 -7.43327e+12 -7.43327e+12  7.51230e+12
  300.00 -1.55631  6.16492e+15  6.17720e+15  6.17720e+15 -6.02700e+11 -6.02703e+11  8.59467e+11
  300.00 -1.52786  6.21137e+15  6.20805e+15  6.20805e+15 -1.48146e+12 -1.48146e+12  3.97826e+12
  300.00 -1.49940  5.58014e+15  5.56865e+15  5.56865e+15 -1.64437e+13 -1.64437e+13  2.08877e+13
  300.00 -1.47094  4.94673e+15  4.94439e+15  4.94439e+15 -1.55389e+13 -1.55389e+13  2.11785e+13
  300.00 -1.44248  5.08023e+15  5.08464e+15  5.08464e+15  1.07534e+13  1.07534e+13 -1.10569e+13
  300.00 -1.41403  5.53440e+15  5.53463e+15  5.53463e+15  6.57608e+12  6.57607e+12 -5.87778e+12
  300.00 -1.38557  5.61525e+15  5.60793e+15  5.60793e+15 -1.29797e+13 -1.29797e+13  1.86582e+13
  300.00 -1.35711  5.26918e+15  5.26039e+15  5.26039e+15 -1.17692e+13 -1.17692e+13  1.38562e+13
  300.00 -1.32866  4.83207e+15  4.83172e+15  4.83172e+15 -3.05102e+12 -3.05103e+12  2.40979e+12
  300.00 -1.30020  4.48744e+15  4.48977e+15  4.48977e+15 -1.81701e+12 -1.81702e+12  4.15139e+12
  300.00 -1.27174  4.67465e+15  4.67247e+15  4.67247e+15 -1.76370e+13 -1.76370e+13  2.20272e+13
  300.00 -1.24329  4.90695e+15  4.90315e+15  4.90315e+15 -1.28727e+13 -1.28727e+13  1.53251e+13
  300.00 -1.21483  4.72947e+15  4.72264e+15  4.72264e+15  1.10962e+13  1.10962e+13 -9.43602e+12
  300.00 -1.18637  4.34449e+15  4.34139e+15  4.34139e+15  9.99797e+12  9.99794e+12 -4.28987e+12
  300.00 -1.15792  4.17300e+15  4.17419e+15  4.17419e+15 -3.23130e+12 -3.23132e+12  1.30823e+13
  300.00 -1.12946  4.00963e+15  4.00917e+15  4.00917e+15 -8.71282e+12 -8.71280e+12  2.75375e+13
  300.00 -1.10100  3.75751e+15  3.75388e+15  3.75388e+15  6.93677e+11  6.93689e+11  1.94049e+13
  300.00 -1.07255  3.50605e+15  3.50153e+15  3.50153e+15  1.22413e+13  1.22413e+13  4.37173e+12
  300.00 -1.04409  3.23004e+15  3.22593e+15  3.22593e+15  1.81781e+13  1.81781e+13  3.12700e+12
  300.00 -1.01563  3.26807e+15  3.26875e+15  3.26875e+15  2.08531e+13  2.08531e+13  6.59990e+12
  300.00 -0.98717  3.45791e+15  3.45999e+15  3.45999e+15  1.83951e+13  1.83951e+13  2.15226e+13
  300.00 -0.95872  3.06248e+15  3.06161e+15  3.06161e+15  1.34437e+13  1.34437e+13  2.94415e+13
  300.00 -0.93026  2.40480e+15  2.40093e+15  2.40093e+15  1.81793e+13  1.81793e+13  1.37049e+13
  300.00 -0.90180  2.15230e+15  2.14732e+15  2.14732e+15  3.44063e+13  3.44063e+13  7.45175e+12
  300.00 -0.87335  2.32084e+15  2.31992e+15  2.31992e+15  3.55860e+13  3.55860e+13  1.56656e+13
  300.00 -0.84489  2.58683e+15  2.58899e+15  2.58899e+15  2.43428e+13  2.43428e+13  1.26668e+13
  300.00 -0.81643  2.60809e+15  2.60868e+15  2.60868e+15  2.31123e+13  2.31123e+13  1.14400e+13
  300.00 -0.78798  2.36099e+15  2.35765e+15  2.35765e+15  3.34171e+13  3.34171e+13  2.75686e+13
  300.00 -0.75952  1.94623e+15  1.94240e+15  1.94240e+15  3.60541e+13  3.60541e+13  3.56222e+13
  300.00 -0.73106  1.65711e+15  1.65712e+15  1.65712e+15  2.78229e+13  2.78229e+13  1.78846e+13
  300.00 -0.70261  1.82277e+15  1.82378e+15  1.82378e+15  1.95837e+13  1.95837e+13 -1.20697e+12
  300.00 -0.67415  2.01570e+15  2.01408e+15  2.01408e+15  2.70292e+13  2.70291e+13  1.44566e+13
  300.00 -0.64569  1.93688e+15  1.93208e+15  1.93208e+15  3.73767e+13  3.73766e+13  3.59128e+13
  300.00 -0.61723  1.65401e+15  1.64881e+15  1.64881e+15  3.29792e+13  3.29791e+13  4.08148e+13
  300.00 -0.58878  1.43952e+15  1.43794e+15  1.43794e+15  2.45788e+13  2.45788e+13  2.04386e+13
  300.00 -0.56032  1.25266e+15  1.25297e+15  1.25297e+15  1.91726e+13  1.91726e+13  2.75139e+12
  300.00 -0.53186  1.05182e+15  1.05115e+15  1.05115e+15  2.43702e+13  2.43702e+13  1.89064e+13
  300.00 -0.50341  1.05796e+15  1.05567e+15  1.05567e+15  3.31583e+13  3.31582e+13  3.81277e+13
  300.00 -0.47495  1.14774e+15  1.14490e+15  1.14490e+15  3.80987e+13  3.80986e+13  3.76217e+13
  300.00 -0.44649  1.07288e+15  1.07050e+15  1.07050e+15  2.85257e+13  2.85257e+13  2.32496e+13
  300.00 -0.41804  7.56318e+14  7.53889e+14  7.53889e+14  1.24795e+13  1.24794e+13  5.63661e+12
  300.00 -0.38958  5.64399e+14  5.62511e+14  5.62511e+14  1.80278e+13  1.80278e+13  1.33680e+13
  300.00 -0.36112  6.58611e+14  6.57625e+14  6.57625e+14  3.18025e+13  3.18025e+13  3.23659e+13
  300.00 -0.33267  7.45897e+14  7.44093e+14  7.44093e+14  3.57687e+13  3.57686e+13  3.51553e+13
  300.00 -0.30421  6.40786e+14  6.38521e+14  6.38521e+14  2.84765e+13  2.84765e+13  2.54448e+13
  300.00 -0.27575  4.46801e+14  4.46130e+14  4.46130e+14  1.39147e+13  1.39147e+13  1.05163e+13
  300.00 -0.24729  3.58130e+14  3.57784e+14  3.57784e+14  1.12766e+13  1.12766e+13  1.17227e+13
  300.00 -0.21884  3.79019e+14  3.76839e+14  3.76839e+14  2.44726e+13  2.44726e+13  2.30950e+13
  300.00 -0.19038  3.60109e+14  3.57403e+14  3.57403e+14  2.94771e+13  2.94771e+13  2.57789e+13
  300.00 -0.16192  3.02932e+14  3.00722e+14  3.00722e+14  2.02268e+13  2.02268e+13  1.85083e+13
  300.00 -0.13347  2.31876e+14  2.30006e+14  2.30006e+14  8.58637e+12  8.58637e+12  8.39399e+12
  300.00 -0.10501  1.70769e+14  1.69443e+14  1.69443e+14  1.09346e+13  1.09347e+13  1.06753e+13
  300.00 -0.07655  1.23682e+14  1.22922e+14  1.22922e+14  1.55855e+13  1.55855e+13  1.49437e+13
  300.00 -0.04810  8.11952e+13  8.09766e+13  8.09766e+13  1.17932e+13  1.17932e+13  1.11875e+13
  300.00 -0.01964  4.87497e+13  4.86447e+13  4.86447e+13  7.83578e+12  7.83578e+12  7.17311e+12
  300.00  0.00882  3.02527e+13  2.96653e+13  2.96653e+13  6.86389e+12  6.86389e+12  6.13466e+12
  300.00  0.03727  1.81227e+13  1.73787e+13  1.73787e+13  5.26921e+12  5.26921e+12  4.73319e+12
  300.00  0.06573  9.78571e+12  9.23730e+12  9.23731e+12  3.22973e+12  3.22974e+12  2.92280e+12
  300.00  0.09419  4.82834e+12  4.51169e+12  4.51169e+12  1.70827e+12  1.70827e+12  1.55379e+12
  300.00  0.12265  2.23381e+12  2.07305e+12  2.07305e+12  8.25019e+11  8.25021e+11  7.52937e+11
  300.00  0.15110  9.86799e+11  9.11284e+11  9.11284e+11  3.75237e+11  3.75237e+11  3.43261e+11
  300.00  0.17956  4.21094e+11  3.87430e+11  3.87430e+11  1.63531e+11  1.63531e+11  1.49862e+11
  300.00  0.20802  1.74949e+11  1.60501e+11  1.60501e+11  6.90099e+10  6.90101e+10  6.33348e+10
  300.00  0.23647  7.12595e+10  6.52377e+10  6.52377e+10  2.83895e+10  2.83896e+10  2.61007e+10
  300.00  0.26493  2.88837e+10  2.64348e+10  2.64348e+10  1.14242e+10  1.14242e+10  1.05576e+10
  300.00  0.29339  1.25240e+10  1.15577e+10  1.15577e+10  4.47026e+09  4.47027e+09  4.25115e+09
  300.00  0.32184  7.93058e+09  7.58590e+09  7.58590e+09  1.59497e+09  1.59497e+09  1.82168e+09
  300.00  0.35030  1.10357e+10  1.09997e+10  1.09997e+10  2.29185e+08  2.29187e+08  1.10436e+09
  300.00  0.37876  2.47676e+10  2.50201e+10  2.50201e+10 -8.76712e+08 -8.76712e+08  1.41416e+09
  300.00  0.40721  6.15970e+10  6.24102e+10  6.24102e+10 -2.68661e+09 -2.68661e+09  2.93905e+09
  300.00  0.43567  1.53748e+11  1.55964e+11  1.55964e+11 -6.61232e+09 -6.61232e+09  6.76651e+09
  300.00  0.46413  3.77973e+11  3.83819e+11  3.83819e+11 -1.53637e+10 -1.53637e+10  1.53816e+10
  300.00  0.49259  9.09476e+11  9.24606e+11  9.24606e+11 -3.40777e+10 -3.40777e+10  3.34433e+10
  300.00  0.52104  2.12971e+12  2.16806e+12  2.16806e+12 -7.10819e+10 -7.10820e+10  6.77487e+10
  300.00  0.54950  4.81607e+12  4.91062e+12  4.91062e+12 -1.34602e+11 -1.34602e+11  1.21706e+11
  300.00  0.57796  1.03976e+13  1.06207e+13  1.06207e+13 -2.11767e+11 -2.11767e+11  1.68404e+11
  300.00  0.60641  2.10726e+13  2.15505e+13  2.15505e+13 -1.90220e+11 -1.90220e+11  5.91887e+10
  300.00  0.63487  3.92250e+13  4.00120e+13  4.00120e+13  3.42297e+11  3.42297e+11 -6.91548e+11
  300.00  0.66333  6.54620e+13  6.61168e+13  6.61168e+13  2.16606e+12  2.16606e+12 -2.92440e+12
  300.00  0.69178  9.58350e+13  9.60570e+13  9.60570e+13  4.35847e+12  4.35847e+12 -5.35367e+12
  300.00  0.72024  1.32001e+14  1.32850e+14  1.32850e+14  1.12995e+12  1.12995e+12 -1.74788e+12
  300.00  0.74870  1.88088e+14  1.90832e+14  1.90832e+14 -4.54184e+12 -4.54184e+12  3.22669e+12
  300.00  0.77715  2.26336e+14  2.32168e+14  2.32168e+14 -3.25696e+12 -3.25696e+12  1.89969e+12
  300.00  0.80561  2.32663e+14  2.38137e+14  2.38137e+14  3.32906e+12  3.32906e+12 -1.67912e+12
  300.00  0.83407  3.04859e+14  3.10075e+14  3.10075e+14  1.52187e+13  1.52187e+13 -8.98879e+12
  300.00  0.86253  5.01509e+14  5.15378e+14  5.15378e+14  1.75384e+13  1.75384e+13 -8.01782e+12
  300.00  0.89098  7.25622e+14  7.42799e+14  7.42799e+14  1.57137e+13  1.57137e+13 -1.13130e+13
  300.00  0.91944  7.84073e+14  7.94135e+14  7.94135e+14  1.34676e+13  1.34676e+13 -2.12354e+13
  300.00  0.94790  6.77987e+14  6.82992e+14  6.82992e+14  5.09318e+12  5.09318e+12 -1.03783e+13
  300.00  0.97635  6.83325e+14  6.96932e+14  6.96932e+14  8.91562e+12  8.91563e+12 -1.47991e+11
  300.00  1.00481  9.85101e+14  1.00666e+15  1.00666e+15  1.97766e+13  1.97766e+13 -1.20685e+13
  300.00  1.03327  1.25476e+15  1.27119e+15  1.27119e+15  2.18645e+13  2.18645e+13 -2.23759e+13
  300.00  1.06172  1.30362e+15  1.31566e+15  1.31566e+15  2.01892e+13  2.01892e+13 -2.63642e+13
  300.00  1.09018  1.26915e+15  1.27826e+15  1.27826e+15  2.71423e+13  2.71423e+13 -3.47122e+13
  300.00  1.11864  1.29891e+15  1.30238e+15  1.30238e+15  1.67432e+13  1.67432e+13 -2.21482e+13
  300.00  1.14709  1.63438e+15  1.63400e+15  1.63400e+15 -9.12277e+11 -9.12272e+11 -7.37018e+12
  300.00  1.17555  1.98825e+15  1.99062e+15  1.99062e+15  5.08159e+12  5.08159e+12 -1.27090e+13
  300.00  1.20401  2.11797e+15  2.12507e+15  2.12507e+15  1.22891e+13  1.22891e+13 -7.78681e+12
  300.00  1.23246  2.27819e+15  2.28273e+15  2.28273e+15 -3.99602e+12 -3.99601e+12  2.40810e+13
  300.00  1.26092  2.63423e+15  2.63517e+15  2.63517e+15  9.03726e+12  9.03726e+12  2.51301e+13
  300.00  1.28938  3.06488e+15  3.06543e+15  3.06543e+15  4.81879e+13  4.81879e+13 -1.23600e+13
  300.00  1.31784  3.44292e+15  3.43547e+15  3.43547e+15  3.97671e+13  3.97671e+13 -1.80010e+13
  300.00  1.34629  3.45841e+15  3.45125e+15  3.45125e+15 -1.04010e+13 -1.04010e+13  9.99633e+12
  300.00  1.37475  3.57300e+15  3.56320e+15  3.56320e+15 -7.16768e+13 -7.16768e+13  8.36675e+13
  300.00  1.40321  4.21816e+15  4.21204e+15  4.21204e+15  1.66491e+12  1.66492e+12  3.73820e+13
  300.00  1.43166  4.58253e+15  4.58924e+15  4.58924e+15  7.27649e+13  7.27649e+13 -4.83558e+13
  300.00  1.46012  5.03251e+15  5.02313e+15  5.02313e+15  1.40807e+13  1.40807e+13  1.02931e+13
  300.00  1.48858  5.40311e+15  5.38425e+15  5.38425e+15  1.63193e+13  1.63193e+13 -7.80922e+11
  300.00  1.51703  5.09715e+15  5.10465e+15  5.10465e+15 -2.71301e+13 -2.71300e+13  5.03644e+11
  300.00  1.54549  4.87108e+15  4.85949e+15  4.85949e+15 -1.05354e+14 -1.05354e+14  9.51201e+13
  300.00  1.57395  5.48135e+15  5.45533e+15  5.45533e+15  2.10614e+13  2.10614e+13 -1.11198e+13
  300.00  1.60240  6.04852e+15  6.06617e+15  6.06617e+15  1.34219e+14  1.34219e+14 -1.52088e+14
  300.00  1.63086  6.14334e+15  6.17481e+15  6.17481e+15  3.19985e+13  3.19985e+13 -6.20326e+13
  300.00  1.65932  6.14423e+15  6.14292e+15  6.14292e+15 -8.76702e+13 -8.76702e+13  7.88574e+13
  300.00  1.68778  6.26658e+15  6.23905e+15  6.23905e+15 -5.39992e+13 -5.39992e+13  4.88713e+13
  300.00  1.71623  6.29501e+15  6.28645e+15  6.28645e+15 -4.12428e+12 -4.12429e+12 -7.80272e+12
  300.00  1.74469  6.05921e+15  6.06986e+15  6.06986e+15  6.91695e+13  6.91695e+13 -6.00782e+13
  300.00  1.77315  6.54179e+15  6.56599e+15  6.56599e+15  1.53426e+14  1.53426e+14 -1.37609e+14
  300.00  1.80160  8.11698e+15  8.16724e+15  8.16724e+15 -1.13392e+13 -1.13393e+13 -1.36906e+13
  300.00  1.83006  9.41720e+15  9.42209e+15  9.42209e+15 -1.50902e+14 -1.50902e+14  1.41698e+14
  300.00  1.85852  9.21487e+15  9.17545e+15  9.17545e+15 -5.41347e+13 -5.41347e+13  7.93413e+13
  300.00  1.88697  8.19182e+15  8.21393e+15  8.21393e+15  2.80643e+13  2.80643e+13 -3.67147e+12
  300.00  1.91543  8.07149e+15  8.11639e+15  8.11639e+15  3.95863e+13  3.95863e+13 -2.53612e+13
  300.00  1.94389  8.85332e+15  8.89148e+15  8.89148e+15 -2.11444e+13 -2.11444e+13  2.28426e+13
  300.00  1.97234  1.04272e+16  1.04446e+16  1.04446e+16 -5.67932e+13 -5.67932e+13  8.07150e+13
  300.00  2.00080  1.16836e+16  1.16935e+16  1.16935e+16 -9.81386e+13 -9.81385e+13  1.11586e+14
  300.00  2.02926  1.20480e+16  1.20462e+16  1.20462e+16 -1.37467e+14 -1.37467e+14  1.47379e+14
  300.00  2.05772  1.10661e+16  1.10631e+16  1.10631e+16 -3.36904e+13 -3.36904e+13  4.25324e+13
  300.00  2.08617  9.75859e+15  9.80317e+15  9.80317e+15  9.76185e+12  9.76183e+12  8.98052e+12
  300.00  2.11463  1.00609e+16  1.00857e+16  1.00857e+16 -1.00693e+14 -1.00693e+14  1.61791e+14
  300.00  2.14309  1.09045e+16  1.08720e+16  1.08720e+16 -1.27364e+14 -1.27364e+14  1.50190e+14
  300.00  2.17154  1.12951e+16  1.12603e+16  1.12603e+16 -6.46187e+13 -6.46187e+13  1.50753e+13
  300.00  2.20000  1.16814e+16  1.16765e+16  1.16765e+16 -7.21137e+13 -7.21137e+13  5.44022e+13
