  380.00 2.30505e-01
  396.00 1.97111e-01
  412.00 1.71838e-01
  428.00 1.52378e-01
  444.00 1.37181e-01
  460.00 1.25164e-01
  476.00 1.15572e-01
  492.00 1.07827e-01
  508.00 1.01513e-01
  524.00 9.63309e-02
  540.00 9.20305e-02
  556.00 8.84171e-02
  572.00 8.53334e-02
  588.00 8.26551e-02
  604.00 8.02710e-02
  620.00 7.80783e-02
  636.00 7.59996e-02
  652.00 7.39590e-02
  668.00 7.19018e-02
  684.00 6.97866e-02
  700.00 6.75942e-02
  716.00 6.53001e-02
  732.00 6.29209e-02
  748.00 6.04664e-02
  764.00 5.79606e-02
  780.00 5.54350e-02
  796.00 5.29167e-02
  812.00 5.04357e-02
