-8.00000 2.667235933947110e-01
-7.97595 2.857488481590150e-01
-7.95190 3.041248116607533e-01
-7.92786 3.217913887456358e-01
-7.90381 3.390614692244643e-01
-7.87976 3.565593348765800e-01
-7.85571 3.743865644268980e-01
-7.83166 3.912986929622070e-01
-7.80762 4.054939233012895e-01
-7.78357 4.161573597762321e-01
-7.75952 4.235446601046702e-01
-7.73547 4.280240711011822e-01
-7.71142 4.296431911119866e-01
-7.68737 4.282867270903038e-01
-7.66333 4.238681513283705e-01
-7.63928 4.163953473942451e-01
-7.61523 4.059650115421884e-01
-7.59118 3.927055002348700e-01
-7.56713 3.766270944117949e-01
-7.54309 3.574350985812046e-01
-7.51904 3.347355499384060e-01
-7.49499 3.089390926673743e-01
-7.47094 2.817776588330691e-01
-7.44689 2.551970664196359e-01
-7.42285 2.299832725809616e-01
-7.39880 2.059497426545981e-01
-7.37475 1.828708798372160e-01
-7.35070 1.608132856014020e-01
-7.32665 1.399661362434569e-01
-7.30261 1.204703623393397e-01
-7.27856 1.023629286843017e-01
-7.25451 8.558053915035987e-02
-7.23046 6.998398045178966e-02
-7.20641 5.538827913754973e-02
-7.18236 4.159100790993899e-02
-7.15832 2.839416245673312e-02
-7.13427 1.561793104273742e-02
-7.11022 3.107056984646317e-03
-7.08617 -9.268186120055914e-03
-7.06212 -2.161413238757982e-02
-7.03808 -3.401714713803845e-02
-7.01403 -4.654720554590414e-02
-6.98998 -5.926111533392195e-02
-6.96593 -7.220526929419228e-02
-6.94188 -8.541799098488330e-02
-6.91784 -9.893156958428609e-02
-6.89379 -1.127740493017783e-01
-6.86974 -1.269708006635636e-01
-6.84569 -1.415458792820392e-01
-6.82164 -1.565231736662792e-01
-6.79760 -1.719273487192777e-01
-6.77355 -1.877845970492102e-01
-6.74950 -2.041232115481308e-01
-6.72545 -2.209739898132582e-01
-6.70140 -2.383704765799787e-01
-6.67735 -2.563490476916501e-01
-6.65331 -2.749488406386348e-01
-6.62926 -2.942115431458734e-01
-6.60521 -3.141810618019038e-01
-6.58116 -3.349031050947069e-01
-6.55711 -3.564247264409706e-01
-6.53307 -3.787938796966400e-01
-6.50902 -4.020590395898405e-01
-6.48497 -4.262689310981051e-01
-6.46092 -4.514723952870563e-01
-6.43687 -4.777183967317141e-01
-6.41283 -5.050561532319092e-01
-6.38878 -5.335353469922689e-01
-6.36473 -5.632063626147891e-01
-6.34068 -5.941204947814693e-01
-6.31663 -6.263300787657022e-01
-6.29259 -6.598885184370780e-01
-6.26854 -6.948502149672213e-01
-6.24449 -7.312704287551958e-01
-6.22044 -7.692051302797845e-01
-6.19639 -8.087109067510911e-01
-6.17234 -8.498449871572138e-01
-6.14830 -8.926654286069342e-01
-6.12425 -9.372314753769811e-01
-6.10020 -9.836040652741017e-01
-6.07615 -1.031846423745040e+00
-6.05210 -1.082024662170860e+00
-6.02806 -1.134208288439453e+00
-6.00401 -1.188470547366135e+00
-5.97996 -1.244888534244784e+00
-5.95591 -1.303543061847839e+00
-5.93186 -1.364518302449689e+00
-5.90782 -1.427901264192269e+00
-5.88377 -1.493781188584746e+00
-5.85972 -1.562248968633921e+00
-5.83567 -1.633396683519961e+00
-5.81162 -1.707317327375867e+00
-5.78758 -1.784104780586340e+00
-5.76353 -1.863854037587463e+00
-5.73948 -1.946661671307539e+00
-5.71543 -2.032626486408163e+00
-5.69138 -2.121850295310611e+00
-5.66733 -2.214438744933300e+00
-5.64329 -2.310502128790766e+00
-5.61924 -2.410156137808549e+00
-5.59519 -2.513522531724740e+00
-5.57114 -2.620729747659253e+00
-5.54709 -2.731913498002458e+00
-5.52305 -2.847217438965178e+00
-5.49900 -2.966794005193861e+00
-5.47495 -3.090805496062397e+00
-5.45090 -3.219425459918031e+00
-5.42685 -3.352840355131899e+00
-5.40281 -3.491251383665860e+00
-5.37876 -3.634876318320047e+00
-5.35471 -3.783951110418914e+00
-5.33066 -3.938731097286720e+00
-5.30661 -4.099491733478922e+00
-5.28257 -4.266528915100581e+00
-5.25852 -4.440159086765078e+00
-5.23447 -4.620719346573444e+00
-5.21042 -4.808567684242117e+00
-5.18637 -5.004083405900803e+00
-5.16232 -5.207667920512473e+00
-5.13828 -5.419746515561249e+00
-5.11423 -5.640772268959958e+00
-5.09018 -5.871232999957853e+00
-5.06613 -6.111660289312248e+00
-5.04208 -6.362636761940783e+00
-5.01804 -6.624797874464651e+00
-4.99399 -6.898833180684884e+00
-4.96994 -7.185508825173945e+00
-4.94589 -7.485736921268400e+00
-4.92184 -7.800679369711533e+00
-4.89780 -8.131858011502761e+00
-4.87375 -8.481483642425991e+00
-4.84970 -8.853575700522857e+00
-4.82565 -9.255695674048235e+00
-4.80160 -9.693691165718221e+00
-4.77756 -1.016275613988682e+01
-4.75351 -1.064909274738050e+01
-4.72946 -1.115628297537197e+01
-4.70541 -1.168072322768602e+01
-4.68136 -1.222294803836552e+01
-4.65731 -1.278527310325684e+01
-4.63327 -1.336879843717311e+01
-4.60922 -1.397286001030110e+01
-4.58517 -1.459526228704277e+01
-4.56112 -1.524441694504438e+01
-4.53707 -1.592484189849025e+01
-4.51303 -1.663351946837970e+01
-4.48898 -1.737510732731683e+01
-4.46493 -1.816283861277845e+01
-4.44088 -1.901801114534901e+01
-4.41683 -1.996904377303925e+01
-4.39279 -2.104224416456725e+01
-4.36874 -2.225099297390437e+01
-4.34469 -2.359391857959764e+01
-4.32064 -2.506397790423490e+01
-4.29659 -2.665943628533667e+01
-4.27255 -2.838614069923038e+01
-4.24850 -3.025044057950454e+01
-4.22445 -3.225312154691358e+01
-4.20040 -3.439451600181913e+01
-4.17635 -3.668933885854236e+01
-4.15230 -3.917854603652056e+01
-4.12826 -4.192550917186436e+01
-4.10421 -4.499651461331059e+01
-4.08016 -4.844275851527258e+01
-4.05611 -5.230327592880263e+01
-4.03206 -5.663603898485513e+01
-4.00802 -6.159849861909234e+01
-3.98397 -6.693946563120313e+01
-3.95992 -7.255056027822714e+01
-3.93587 -7.811264588027466e+01
-3.91182 -8.330500603050544e+01
-3.88778 -8.810720658757266e+01
-3.86373 -9.261536811081521e+01
-3.83968 -9.701258246734697e+01
-3.81563 -1.014874204260228e+02
-3.79158 -1.062188451076774e+02
-3.76754 -1.113980694239281e+02
-3.74349 -1.172582482272923e+02
-3.71944 -1.240801600342055e+02
-3.69539 -1.321248654197389e+02
-3.67134 -1.415450795677229e+02
-3.64729 -1.525043943443535e+02
-3.62325 -1.653924383196592e+02
-3.59920 -1.809397392328911e+02
-3.57515 -2.001789241749064e+02
-3.55110 -2.237191017318632e+02
-3.52705 -2.504567181853537e+02
-3.50301 -2.766813326655488e+02
-3.47896 -2.966578199378300e+02
-3.45491 -3.048483659815253e+02
-3.43086 -2.985787926419977e+02
-3.40681 -2.792955962470328e+02
-3.38277 -2.515102207249182e+02
-3.35872 -2.204501850601296e+02
-3.33467 -1.905681540027202e+02
-3.31062 -1.691835403021771e+02
-3.28657 -1.596644180042252e+02
-3.26253 -1.504030398251597e+02
-3.23848 -1.505363736370180e+02
-3.21443 -1.446580401513066e+02
-3.19038 -1.439154160935604e+02
-3.16633 -1.534686405042662e+02
-3.14228 -2.765297506440105e+01
-3.11824 -1.882369512205645e+02
-3.09419 -2.002728081103593e+02
-3.07014 -1.995892271111728e+02
-3.04609 -1.746476218077930e+02
-3.02204 -1.116573357899981e+02
-2.99800 -9.074879610475607e+00
-2.97395 1.100366208941456e+02
-2.94990 2.578763361983371e+02
-2.92585 4.429265347543950e+02
-2.90180 4.083675267852008e+02
-2.87776 1.134945308580705e+02
-2.85371 -1.067194434363042e+02
-2.82966 -1.862729475399796e+02
-2.80561 -2.214526315192232e+02
-2.78156 -2.550530025596835e+02
-2.75752 -2.941767758044589e+02
-2.73347 -3.374109552167483e+02
-2.70942 -3.804777251262332e+02
-2.68537 -4.185642487975395e+02
-2.66132 -4.478289135947061e+02
-2.63727 -4.655272949890137e+02
-2.61323 -4.687960942324005e+02
-2.58918 -4.548290209537593e+02
-2.56513 -4.231537648120358e+02
-2.54108 -3.821158872222861e+02
-2.51703 -3.393239160214900e+02
-2.49299 -2.978261697709515e+02
-2.46894 -2.590923906641066e+02
-2.44489 -2.269468979833782e+02
-2.42084 -2.047220027711151e+02
-2.39679 -1.934315756147919e+02
-2.37275 -1.936535733714754e+02
-2.34870 -2.071862947711222e+02
-2.32465 -2.370343517060606e+02
-2.30060 -2.796526394176911e+02
-2.27655 -3.277229312281959e+02
-2.25251 -4.033611532460397e+02
-2.22846 -4.299741197851739e+02
-2.20441 -3.340289409398793e+02
-2.18036 -2.852111422893291e+02
-2.15631 -2.543046277272313e+02
-2.13226 -2.605518215694175e+02
-2.10822 -2.677577131929988e+02
-2.08417 -2.700093112101662e+02
-2.06012 -2.708578215656937e+02
-2.03607 -2.723119949736089e+02
-2.01202 -2.744238522925020e+02
-1.98798 -2.765887627765345e+02
-1.96393 -2.782597407859469e+02
-1.93988 -2.792029027246300e+02
-1.91583 -2.794419732350751e+02
-1.89178 -2.792565291286523e+02
-1.86774 -2.791449533454794e+02
-1.84369 -2.779673253936601e+02
-1.81964 -2.670506559146692e+02
-1.79559 -2.421711196727792e+02
-1.77154 -2.318464238164634e+02
-1.74749 -1.931300075930245e+02
-1.72345 -2.443657287157747e+02
-1.69940 -1.689875877946380e+02
-1.67535 -1.689610882170384e+02
-1.65130 -1.612036068717921e+02
-1.62725 -1.507753412920592e+02
-1.60321 -1.448895522930828e+02
-1.57916 -1.576230980792156e+02
-1.55511 -2.357230023256723e+02
-1.53106 -4.477413803348223e+02
-1.50701 -6.403519030884678e+02
-1.48297 -5.153816224092592e+02
-1.45892 -3.049643967367278e+02
-1.43487 -2.134586662417066e+02
-1.41082 -1.632417694345419e+02
-1.38677 -1.127282110611270e+02
-1.36273 -6.209237728515690e+01
-1.33868 -1.190706342333339e+01
-1.31463 3.426237097163730e+01
-1.29058 8.393004831238058e+01
-1.26653 1.354343004637007e+02
-1.24248 1.804642916004667e+02
-1.21844 2.147234414090584e+02
-1.19439 2.227164026524993e+02
-1.17034 2.095153416501417e+02
-1.14629 2.324615023394738e+02
-1.12224 2.804744042196140e+02
-1.09820 3.421332334364084e+02
-1.07415 4.409376328688069e+02
-1.05010 5.602447005328673e+02
-1.02605 5.980033844065561e+02
-1.00200 5.633891800412973e+02
-0.97796 5.160951046409039e+02
-0.95391 5.342633279808592e+02
-0.92986 5.525843543858986e+02
-0.90581 5.612190070758505e+02
-0.88176 6.197866625541351e+02
-0.85772 6.580603125529227e+02
-0.83367 6.578130754956422e+02
-0.80962 6.188931641049053e+02
-0.78557 3.473276050975002e+02
-0.76152 1.688903609096639e+02
-0.73747 -1.268223338667679e+01
-0.71343 -3.049017372497968e+01
-0.68938 8.114136253407158e+01
-0.66533 2.047365548394386e+02
-0.64128 2.533690728895918e+02
-0.61723 2.609828679489719e+02
-0.59319 2.437717552052250e+02
-0.56914 2.228548980350591e+02
-0.54509 2.330102987978997e+02
-0.52104 2.984265781841069e+02
-0.49699 4.077090698735796e+02
-0.47295 5.239612506990136e+02
-0.44890 6.185917387748179e+02
-0.42485 7.038759346093830e+02
-0.40080 7.908997386751354e+02
-0.37675 7.976136862057418e+02
-0.35271 7.659734636055169e+02
-0.32866 7.908380630544465e+02
-0.30461 8.152221439606330e+02
-0.28056 8.399191504322705e+02
-0.25651 8.518082534038723e+02
-0.23246 8.401933050392493e+02
-0.20842 8.126950914682817e+02
-0.18437 7.918653390269509e+02
-0.16032 7.928484130855750e+02
-0.13627 8.135480019615350e+02
-0.11222 8.457250502640701e+02
-0.08818 8.869529471043545e+02
-0.06413 9.465471326515043e+02
-0.04008 1.037069356368500e+03
-0.01603 1.136599269918337e+03
0.00802 1.181623349611267e+03
0.03206 1.143858269873603e+03
0.05611 1.066846845905120e+03
0.08016 9.821744067952521e+02
0.10421 9.036655095889444e+02
0.12826 8.582767581582772e+02
0.15230 8.386275025868512e+02
0.17635 8.278967056397612e+02
0.20040 8.215999363271987e+02
0.22445 8.127696125135016e+02
0.24850 7.903563414080344e+02
0.27255 7.471493698457581e+02
0.29659 6.865858338144766e+02
0.32064 6.227237265302309e+02
0.34469 5.729310839241375e+02
0.36874 5.456206319743237e+02
0.39279 5.420979706860902e+02
0.41683 5.505304455912750e+02
0.44088 5.588648660339045e+02
0.46493 5.589660199082385e+02
0.48898 5.480491419736541e+02
0.51303 5.272680726999654e+02
0.53707 4.995881380594998e+02
0.56112 4.682073655241163e+02
0.58517 4.359318384671115e+02
0.60922 4.053016770065261e+02
0.63327 3.782965618146505e+02
0.65731 3.571696492630179e+02
0.68136 3.397295816821018e+02
0.70541 3.274287192060935e+02
0.72946 3.202975608346707e+02
0.75351 3.182708790845601e+02
0.77756 3.211901317126398e+02
0.80160 3.287608426212618e+02
0.82565 3.404994135773084e+02
0.84970 3.557032641736564e+02
0.87375 3.734592466480030e+02
0.89780 3.926791699024913e+02
0.92184 4.121276792679829e+02
0.94589 4.304043346538115e+02
0.96994 4.468345663606790e+02
0.99399 4.575929761427195e+02
1.01804 4.615241725638583e+02
1.04208 4.565840349576467e+02
1.06613 4.411390537676211e+02
1.09018 4.137021435218272e+02
1.11423 3.738689408823516e+02
1.13828 3.245843600265003e+02
1.16232 2.708759351655870e+02
1.18637 2.135439705225520e+02
1.21042 1.511124731927063e+02
1.23447 8.410355546497074e+01
1.25852 -2.456852515981119e+01
1.28257 -3.510246856806102e+02
1.30661 -1.697939614847564e+02
1.33066 -2.491935540318702e+02
1.35471 -3.286773167278168e+02
1.37876 -3.595612207516559e+02
1.40281 -3.626784687609878e+02
1.42685 -3.901788105819471e+02
1.45090 -3.974381166569863e+02
1.47495 -2.675095295006478e+02
1.49900 -2.071962282197282e+01
1.52305 3.144376988262647e+01
1.54709 -8.176404299011057e+01
1.57114 -2.179034819271925e+02
1.59519 -2.876082014429459e+02
1.61924 -3.168104160874869e+02
1.64329 -3.185278001089616e+02
1.66733 -3.057778491838623e+02
1.69138 -2.912716423184739e+02
1.71543 -2.886764949683643e+02
1.73948 -3.047483480314351e+02
1.76353 -3.338456306466156e+02
1.78758 -3.582873408785767e+02
1.81162 -3.600883616204608e+02
1.83567 -3.353503517514018e+02
1.85972 -2.965350157102397e+02
1.88377 -2.609837635541975e+02
1.90782 -2.387328624944386e+02
1.93186 -2.301472496955375e+02
1.95591 -2.319945971423230e+02
1.97996 -2.451955299966070e+02
2.00401 -2.778650841513186e+02
2.02806 -3.368680038713438e+02
2.05210 -4.102754082651037e+02
2.07615 -4.651104398346076e+02
2.10020 -4.767008995732969e+02
2.12425 -4.559081346731446e+02
2.14830 -4.354641614026438e+02
2.17234 -4.322685993382717e+02
2.19639 -4.400647155992876e+02
2.22044 -4.765959054700372e+02
2.24449 -5.354217228874196e+02
2.26854 -6.009722838871446e+02
2.29259 -6.557540267755053e+02
2.31663 -6.965810052940892e+02
2.34068 -7.230139199662103e+02
2.36473 -7.358450945687592e+02
2.38878 -7.350735134213697e+02
2.41283 -7.190229654276258e+02
2.43687 -6.868133200366306e+02
2.46092 -6.426352607940075e+02
2.48497 -6.121493322128495e+02
2.50902 -5.548139226206538e+02
2.53307 -5.044031693598006e+02
2.55711 -4.566470667208915e+02
2.58116 -4.123941063448111e+02
2.60521 -3.721729432759628e+02
2.62926 -3.361526229524129e+02
2.65331 -3.042345786860488e+02
2.67735 -2.761594552361722e+02
2.70140 -2.515843748302106e+02
2.72545 -2.301323637852996e+02
2.74950 -2.114233626518015e+02
2.77355 -1.950936004438951e+02
2.79760 -1.808072319792983e+02
2.82164 -1.682625907991011e+02
2.84569 -1.571946539440221e+02
2.86974 -1.473748832363689e+02
2.89379 -1.386093181514892e+02
2.91784 -1.307355837429964e+02
2.94188 -1.236193144597311e+02
2.96593 -1.171503650428281e+02
2.98998 -1.112390741127425e+02
3.01403 -1.058127598779555e+02
3.03808 -1.008125581375887e+02
3.06212 -9.619065875601652e+01
3.08617 -9.190795648781405e+01
3.11022 -8.793210365403392e+01
3.13427 -8.423593374361486e+01
3.15832 -8.079621449708733e+01
3.18236 -7.759268447540886e+01
3.20641 -7.460732679392689e+01
3.23046 -7.182383616986091e+01
3.25451 -6.922723956199724e+01
3.27856 -6.680363563754220e+01
3.30261 -6.454002349923191e+01
3.32665 -6.242419616345345e+01
3.35070 -6.044467896641876e+01
3.37475 -5.859069726742730e+01
3.39880 -5.685216146597939e+01
3.42285 -5.521966044967717e+01
3.44689 -5.368445716769363e+01
3.47094 -5.223848212118989e+01
3.49499 -5.087432222669357e+01
3.51904 -4.958520379339886e+01
3.54309 -4.836496931296735e+01
3.56713 -4.720804844125842e+01
3.59118 -4.610942400295819e+01
3.61523 -4.506459411608827e+01
3.63928 -4.406953165339777e+01
3.66333 -4.312064226660394e+01
3.68737 -4.221472212784420e+01
3.71142 -4.134891641627160e+01
3.73547 -4.052067941795691e+01
3.75952 -3.972773693137895e+01
3.78357 -3.896805149231702e+01
3.80762 -3.823979076097523e+01
3.83166 -3.754129925786641e+01
3.85571 -3.687107349792938e+01
3.87976 -3.622774045723396e+01
3.90381 -3.561003921424044e+01
3.92786 -3.501680553764965e+01
3.95190 -3.444695914403420e+01
3.97595 -3.389949331871041e+01
4.00000 -3.337346658029359e+01
