0.00000 0.000000000000000e+00
0.01388 1.854797466786035e-02
0.02777 1.420087545164097e-01
0.04165 1.545564581144027e-01
0.05554 6.767799270861696e-02
0.06942 5.258528740156206e-02
0.08330 6.477906294972605e-02
0.09719 8.807266484482947e-02
0.11107 1.140232100240239e-01
0.12496 1.398394990032735e-01
0.13884 1.660941883777120e-01
0.15273 1.931434239336654e-01
0.16661 2.206963586705319e-01
0.18049 2.483862553684369e-01
0.19438 2.759488587206878e-01
0.20826 3.031812705544837e-01
0.22215 3.299006788401606e-01
0.23603 3.559496023598503e-01
0.24991 3.812217765712431e-01
0.26380 4.056846384040991e-01
0.27768 4.293982979776199e-01
0.29157 4.525235527135525e-01
0.30545 4.752964616874946e-01
0.31934 4.979481215121869e-01
0.33322 5.205621559121713e-01
0.34710 5.429158730474039e-01
0.36099 5.644308919166829e-01
0.37487 5.843084480382527e-01
0.38876 6.018206673089416e-01
0.40264 6.170551449586325e-01
0.41652 6.294921534729561e-01
0.43041 6.393771249425136e-01
0.44429 6.476604779271510e-01
0.45818 6.563822888369270e-01
0.47206 6.690122356687208e-01
0.48595 6.897892679563137e-01
0.49983 7.218116124404709e-01
0.51371 7.652775555230062e-01
0.52760 8.177002890936123e-01
0.54148 8.756561483815282e-01
0.55537 9.361010804201202e-01
0.56925 9.965736939525579e-01
0.58313 1.055222079316214e+00
0.59702 1.111156885836982e+00
0.61090 1.164139111974514e+00
0.62479 1.213617445759298e+00
0.63867 1.258562539395173e+00
0.65255 1.298297753849178e+00
0.66644 1.333425618031145e+00
0.68032 1.366325991995350e+00
0.69421 1.401447722459272e+00
0.70809 1.445381004460790e+00
0.72198 1.504396990610381e+00
0.73586 1.575088134747191e+00
0.74974 1.636336274066003e+00
0.76363 1.670384707809074e+00
0.77751 1.684910675104706e+00
0.79140 1.695358851533683e+00
0.80528 1.704370693152655e+00
0.81916 1.708356890475096e+00
0.83305 1.708670163640493e+00
0.84693 1.737624642486282e+00
0.86082 1.826545624001630e+00
0.87470 1.958136834637012e+00
0.88859 2.116365087583670e+00
0.90247 2.513509345087791e+00
0.91635 2.622633815640481e+00
0.93024 2.662364448861229e+00
0.94412 2.464916541738051e+00
0.95801 2.358650723783822e+00
0.97189 2.316259756387551e+00
0.98577 2.256311991287432e+00
0.99966 2.293609923722332e+00
1.01354 2.307040301404212e+00
1.02743 2.666648257717949e+00
1.04131 2.783213234598413e+00
1.05520 2.860777822323341e+00
1.06908 2.919749275373355e+00
1.08296 2.965591080844244e+00
1.09685 3.004018836610372e+00
1.11073 3.035652008951474e+00
1.12462 3.061699695878296e+00
1.13850 3.087977630689918e+00
1.15238 3.113596440246138e+00
1.16627 3.139978179656673e+00
1.18015 3.169732032314097e+00
1.19404 3.201797106718220e+00
1.20792 3.234761459186464e+00
1.22181 3.268840123586174e+00
1.23569 3.304152934598670e+00
1.24957 3.340406065644999e+00
1.26346 3.377204819756913e+00
1.27734 3.414498175432007e+00
1.29123 3.452500701486146e+00
1.30511 3.491268583473751e+00
1.31899 3.530659090697002e+00
1.33288 3.570589336893341e+00
1.34676 3.611138291077315e+00
1.36065 3.652465454280775e+00
1.37453 3.694699027667154e+00
1.38841 3.737901426914319e+00
1.40230 3.782076623559358e+00
1.41618 3.827186740958291e+00
1.43007 3.873093868450511e+00
1.44395 3.919689664246190e+00
1.45784 3.966769654379826e+00
1.47172 4.014094023841837e+00
1.48560 4.061412773789943e+00
1.49949 4.108547470854570e+00
1.51337 4.155479776073632e+00
1.52726 4.202408487620659e+00
1.54114 4.249821967050849e+00
1.55502 4.297922091775372e+00
1.56891 4.348082174639651e+00
1.58279 4.402007384738745e+00
1.59668 4.464967544035744e+00
1.61056 4.551263331679566e+00
1.62445 4.709391839914105e+00
1.63833 4.721858630017163e+00
1.65221 4.737461023709786e+00
1.66610 4.780227775444271e+00
1.67998 4.826647665117837e+00
1.69387 4.869649772776747e+00
1.70775 4.910818563997807e+00
1.72163 4.955022688077624e+00
1.73552 5.004063403703361e+00
1.74940 5.051467224184000e+00
1.76329 5.095250303636017e+00
1.77717 5.144152467082021e+00
1.79106 5.203705610359339e+00
1.80494 5.268187325313837e+00
1.81882 5.319358229445065e+00
1.83271 5.367813213652521e+00
1.84659 5.425425322479562e+00
1.86048 5.475859914764455e+00
1.87436 5.516994069933258e+00
1.88824 5.573270565388512e+00
1.90213 5.619120145096709e+00
1.91601 5.682711877025833e+00
1.92990 5.751356947935833e+00
1.94378 5.853315278867291e+00
1.95766 5.966931612189288e+00
1.97155 6.086739284177738e+00
1.98543 6.206128584308313e+00
1.99932 6.312430088232560e+00
2.01320 6.429780871272816e+00
2.02709 6.514819444575446e+00
2.04097 6.599156836221375e+00
2.05485 6.660764867358887e+00
2.06874 6.668451298184779e+00
2.08262 6.668582300482623e+00
2.09651 6.661912105010410e+00
2.11039 6.644367044031441e+00
2.12427 6.620941302028821e+00
2.13816 6.601144193275510e+00
2.15204 6.576791716970813e+00
2.16593 6.557264781690471e+00
2.17981 6.514119512132313e+00
2.19370 6.426867095551095e+00
2.20758 6.298742153154829e+00
2.22146 6.121088206656284e+00
2.23535 5.904113347126430e+00
2.24923 5.676800954075406e+00
2.26312 5.476946576096179e+00
2.27700 5.332772402398406e+00
2.29088 5.275099112043783e+00
2.30477 5.325835930860429e+00
2.31865 5.446189132113348e+00
2.33254 5.480082223171187e+00
2.34642 5.626533182413633e+00
2.36031 5.414205394970465e+00
2.37419 5.368633474798537e+00
2.38807 5.305359720391942e+00
2.40196 5.189544764841282e+00
2.41584 5.203438647629045e+00
2.42973 5.255223922469071e+00
2.44361 5.317721917363138e+00
2.45749 5.420849990391021e+00
2.47138 5.639421472677752e+00
2.48526 5.883653760458244e+00
2.49915 5.863859469994146e+00
2.51303 5.943206946500007e+00
2.52691 6.019373666673900e+00
2.54080 6.052122114463407e+00
2.55468 6.092411855231674e+00
2.56857 6.153042411752478e+00
2.58245 6.182147734845879e+00
2.59634 6.205159375069339e+00
2.61022 6.211772519704133e+00
2.62410 6.216007427003396e+00
2.63799 6.184801894257436e+00
2.65187 6.174416335314972e+00
2.66576 6.172055479039637e+00
2.67964 6.175828300070745e+00
2.69352 6.191550470949906e+00
2.70741 6.204124885900191e+00
2.72129 6.140444513857353e+00
2.73518 6.030859085405437e+00
2.74906 5.930344665453921e+00
2.76295 5.851894556681678e+00
2.77683 5.788938769489713e+00
2.79071 5.731728682599615e+00
2.80460 5.671726800780736e+00
2.81848 5.609614541183970e+00
2.83237 5.555194089681938e+00
2.84625 5.503375279319353e+00
2.86013 5.436316711185162e+00
2.87402 5.334879972208247e+00
2.88790 5.188680922882470e+00
2.90179 5.148820215085247e+00
2.91567 5.240384001344222e+00
2.92956 5.292996991611185e+00
2.94344 5.311172297826743e+00
2.95732 5.321972011913791e+00
2.97121 5.344903752300755e+00
2.98509 5.289661559633452e+00
2.99898 5.262856293044341e+00
3.01286 5.278885193683673e+00
3.02674 5.300757818397420e+00
3.04063 5.278429427797715e+00
3.05451 5.245394580277945e+00
3.06840 5.239674355183006e+00
3.08228 5.251579718828584e+00
3.09616 5.284346026266863e+00
3.11005 5.326565467411280e+00
3.12393 5.337120564877909e+00
3.13782 5.306938563150371e+00
3.15170 5.265578931614169e+00
3.16559 5.193107121718291e+00
3.17947 5.112377179148965e+00
3.19335 5.021201532488542e+00
3.20724 4.919264153868556e+00
3.22112 4.806077956277075e+00
3.23501 4.675204397580637e+00
3.24889 4.511529559076254e+00
3.26277 4.287739083695761e+00
3.27666 3.969904693250684e+00
3.29054 3.555247627142240e+00
3.30443 3.067501690978518e+00
3.31831 2.526486350774378e+00
3.33220 1.985185929189626e+00
3.34608 1.442549260055716e+00
3.35996 1.098602414538693e+00
3.37385 1.007402925242929e+00
3.38773 9.737076452053225e-01
3.40162 1.119449200993040e+00
3.41550 1.648810459841134e+00
3.42938 2.015473758205652e+00
3.44327 6.610006490378569e-01
3.45715 1.158134956823671e-01
3.47104 4.167532171682669e-01
3.48492 1.350617567022285e+00
3.49881 1.889886614828170e+00
3.51269 2.194651876039054e+00
3.52657 2.400453021842591e+00
3.54046 2.553113540717508e+00
3.55434 2.665950166762522e+00
3.56823 2.742198458752723e+00
3.58211 2.788835982834158e+00
3.59599 2.827800995754037e+00
3.60988 2.898856683397757e+00
3.62376 2.962977092632195e+00
3.63765 3.067544058397175e+00
3.65153 3.162485924685353e+00
3.66542 3.233067507594038e+00
3.67930 3.767578189326993e+00
3.69318 4.423255508752533e+00
3.70707 2.838774782341170e+00
3.72095 2.533837959487501e+00
3.73484 2.372192534287084e+00
3.74872 2.275032567440559e+00
3.76260 2.239660594261483e+00
3.77649 2.247122002151122e+00
3.79037 2.269657996077046e+00
3.80426 2.291662986804470e+00
3.81814 2.309284034011847e+00
3.83202 2.326258205839114e+00
3.84591 2.341459541722601e+00
3.85979 2.355607418354489e+00
3.87368 2.370047552965203e+00
3.88756 2.385077406557915e+00
3.90145 2.400319910589021e+00
3.91533 2.413450328895725e+00
3.92921 2.426705264273177e+00
3.94310 2.439356401214255e+00
3.95698 2.451031057720156e+00
3.97087 2.461628170534605e+00
3.98475 2.471107402776780e+00
3.99863 2.479436898623318e+00
4.01252 2.486734205361573e+00
4.02640 2.493699031077054e+00
4.04029 2.502297549698250e+00
4.05417 2.515871135661703e+00
4.06806 2.537335369801053e+00
4.08194 2.566476332075970e+00
4.09582 2.599912887725794e+00
4.10971 2.631857702527351e+00
4.12359 2.653823781422265e+00
4.13748 2.667241217816557e+00
4.15136 2.677830298490947e+00
4.16524 2.687185466978684e+00
4.17913 2.696727973818990e+00
4.19301 2.707544712291488e+00
4.20690 2.719941196678290e+00
4.22078 2.733593335308447e+00
4.23467 2.748063467174533e+00
4.24855 2.763138302655026e+00
4.26243 2.778507053419981e+00
4.27632 2.794955060165087e+00
4.29020 2.813544420887458e+00
4.30409 2.834596838498976e+00
4.31797 2.858464907969852e+00
4.33185 2.884922764400104e+00
4.34574 2.913636691673751e+00
4.35962 2.945635990717436e+00
4.37351 2.984328845214477e+00
4.38739 3.040096707017910e+00
4.40127 3.136981836607104e+00
4.41516 3.168164429930334e+00
4.42904 3.138684941954607e+00
4.44293 3.146137383909029e+00
4.45681 3.165412282374378e+00
4.47070 3.186985667436443e+00
4.48458 3.207872381081083e+00
4.49846 3.228814921945527e+00
4.51235 3.250628236482753e+00
4.52623 3.273962709473632e+00
4.54012 3.299475875647678e+00
4.55400 3.327878886321522e+00
4.56788 3.361200213373149e+00
4.58177 3.402757501710262e+00
4.59565 3.434522302352823e+00
4.60954 3.473701094407563e+00
4.62342 3.525276162511602e+00
4.63731 3.584784453527741e+00
4.65119 3.650774247616667e+00
4.66507 3.724636161109864e+00
4.67896 3.809288293895298e+00
4.69284 3.910202054047565e+00
4.70673 4.034541159284986e+00
4.72061 4.188877266045227e+00
4.73449 4.378111689387771e+00
4.74838 4.614510512253989e+00
4.76226 4.926128242390831e+00
4.77615 5.075280819036857e+00
4.79003 4.955715004092739e+00
4.80392 4.870834948613957e+00
4.81780 4.820299783440132e+00
4.83168 4.764432376152548e+00
4.84557 4.701920887785445e+00
4.85945 4.641167376492766e+00
4.87334 4.587092376898889e+00
4.88722 4.539091226004328e+00
4.90110 4.498157190954453e+00
4.91499 4.464884352936470e+00
4.92887 4.438499760081457e+00
4.94276 4.417796697503570e+00
4.95664 4.401639301647114e+00
4.97052 4.388936716902700e+00
4.98441 4.379007868221239e+00
4.99829 4.371303224141795e+00
5.01218 4.366124290029901e+00
5.02606 4.363820012281280e+00
5.03995 4.365748152494537e+00
5.05383 4.374712968470970e+00
5.06771 4.394100139889580e+00
5.08160 4.425692131439849e+00
5.09548 4.466832413403867e+00
5.10937 4.509936053828178e+00
5.12325 4.548203596156314e+00
5.13713 4.586646699037995e+00
5.15102 4.644167603731131e+00
5.16490 4.709067563825360e+00
5.17879 4.726063155716940e+00
5.19267 4.673340408551913e+00
5.20656 4.532776147706946e+00
5.22044 4.361621246080491e+00
5.23432 4.201550308024886e+00
5.24821 4.061189516041447e+00
5.26209 3.940025343681063e+00
5.27598 3.835292796019599e+00
5.28986 3.743837901501096e+00
5.30374 3.663173655082463e+00
5.31763 3.591725340500073e+00
5.33151 3.528222737154068e+00
5.34540 3.471235150443122e+00
5.35928 3.419372332197405e+00
5.37317 3.371479239322720e+00
5.38705 3.326639252587929e+00
5.40093 3.284105861293706e+00
5.41482 3.243240020140843e+00
5.42870 3.203477578915168e+00
5.44259 3.164326135085501e+00
5.45647 3.125378890754809e+00
5.47035 3.086334769174127e+00
5.48424 3.047007895294255e+00
5.49812 3.007336385635744e+00
5.51201 2.967387918907578e+00
5.52589 2.927371547636712e+00
5.53977 2.887663879498065e+00
5.55366 2.848856640853252e+00
5.56754 2.811824636724343e+00
5.58143 2.777782822073084e+00
5.59531 2.748168389286759e+00
5.60920 2.723721444422853e+00
5.62308 2.701842089646593e+00
5.63696 2.675194201132084e+00
5.65085 2.635292597114888e+00
5.66473 2.572361980418318e+00
5.67862 2.478740799020650e+00
5.69250 2.353959599967995e+00
5.70638 2.200138619786477e+00
5.72027 2.020664293213139e+00
5.73415 1.827000673815666e+00
5.74804 1.636677917215641e+00
5.76192 1.458661633665476e+00
5.77581 1.289825792447917e+00
5.78969 1.124320098466644e+00
5.80357 9.573822648106250e-01
5.81746 7.838997735601080e-01
5.83134 5.988976524740991e-01
5.84523 3.984684367163656e-01
5.85911 1.773601728898619e-01
5.87299 -8.465779496704377e-02
5.88688 -4.705055491470876e-01
5.90076 -6.402191205702598e-01
5.91465 -9.710646899866868e-01
5.92853 -1.351903751835974e+00
5.94242 -1.785466060726550e+00
5.95630 -2.274431812222592e+00
5.97018 -2.813615960881443e+00
5.98407 -3.401049301084405e+00
5.99795 -4.005081114395544e+00
6.01184 -4.566493462545182e+00
6.02572 -4.651173487292809e+00
6.03960 -4.515436824056494e+00
6.05349 -4.461453378092213e+00
6.06737 -4.393589972759541e+00
6.08126 -4.310473745134632e+00
6.09514 -4.244054248853508e+00
6.10903 -4.210740454693309e+00
6.12291 -4.207614568591251e+00
6.13679 -4.224861415502279e+00
6.15068 -4.253048032927798e+00
6.16456 -4.285379623678669e+00
6.17845 -4.317498762240099e+00
6.19233 -4.346000928148348e+00
6.20621 -4.367885693480998e+00
6.22010 -4.382448261033417e+00
6.23398 -4.392534551622338e+00
6.24787 -4.400947680642330e+00
6.26175 -4.406717388844574e+00
6.27563 -4.408832756772203e+00
6.28952 -4.409807048925322e+00
6.30340 -4.413990968442418e+00
6.31729 -4.426624338489346e+00
6.33117 -4.453344857752546e+00
6.34506 -4.495304370575650e+00
6.35894 -4.548950120791683e+00
6.37282 -4.610908880706261e+00
6.38671 -4.681412841552983e+00
6.40059 -4.771551637266358e+00
6.41448 -4.905906593601306e+00
6.42836 -5.051643377121853e+00
6.44224 -5.110668822915119e+00
6.45613 -5.179944465789633e+00
6.47001 -5.154669309740758e+00
6.48390 -4.850724699163540e+00
6.49778 -4.506178578696002e+00
6.51167 -4.230959802641004e+00
6.52555 -4.008136771817987e+00
6.53943 -3.822876121696377e+00
6.55332 -3.665943578902302e+00
6.56720 -3.530645962029324e+00
6.58109 -3.411639668535878e+00
6.59497 -3.304721349252050e+00
6.60885 -3.206852007906322e+00
6.62274 -3.116060191589323e+00
6.63662 -3.031112803641063e+00
6.65051 -2.951002332765475e+00
6.66439 -2.874403631735241e+00
6.67828 -2.799278671658687e+00
6.69216 -2.722780128755357e+00
6.70604 -2.641526881694564e+00
6.71993 -2.552144367896391e+00
6.73381 -2.451747230302345e+00
6.74770 -2.338096948234926e+00
6.76158 -2.209701492917497e+00
6.77546 -2.066945152298963e+00
6.78935 -1.912655893618145e+00
6.80323 -1.749065850588242e+00
6.81712 -1.582758553571035e+00
6.83100 -1.420258101596140e+00
6.84488 -1.263675881546900e+00
6.85877 -1.111108131982900e+00
6.87265 -9.615392913812848e-01
6.88654 -8.215354788208471e-01
6.90042 -7.004369891136283e-01
6.91431 -6.023183439372387e-01
6.92819 -5.225346292198479e-01
6.94207 -4.634124159061391e-01
