0.00000 9.145400180257537e+02
0.01388 9.452275762196772e+02
0.02777 9.502465403837493e+02
0.04165 2.377778682414214e+02
0.05554 3.297434699080105e+02
0.06942 4.139822741435781e+02
0.08330 4.550684744641468e+02
0.09719 4.707950700149127e+02
0.11107 4.731645532267314e+02
0.12496 4.704489246454501e+02
0.13884 4.658507365628582e+02
0.15273 4.600622965810792e+02
0.16661 4.534190490633787e+02
0.18049 4.462616287463907e+02
0.19438 4.388583117234641e+02
0.20826 4.313925785790112e+02
0.22215 4.239978848205107e+02
0.23603 4.167861226882336e+02
0.24991 4.098560488485816e+02
0.26380 4.032914003544228e+02
0.27768 3.971544352091976e+02
0.29157 3.914736426963662e+02
0.30545 3.862284946446503e+02
0.31934 3.813400727828471e+02
0.33322 3.766811189345792e+02
0.34710 3.721210670803055e+02
0.36099 3.675980621999838e+02
0.37487 3.631739583599987e+02
0.38876 3.590755109715500e+02
0.40264 3.555064550468412e+02
0.41652 3.526446410182305e+02
0.43041 3.508453254891777e+02
0.44429 3.504338257810872e+02
0.45818 3.516944087744076e+02
0.47206 3.546753592794823e+02
0.48595 3.589407940135217e+02
0.49983 3.635453580918879e+02
0.51371 3.674094233570676e+02
0.52760 3.698018907425653e+02
0.54148 3.704897604609267e+02
0.55537 3.695642810955791e+02
0.56925 3.672634378146602e+02
0.58313 3.639230088190027e+02
0.59702 3.598961977116825e+02
0.61090 3.554126154069231e+02
0.62479 3.506063747485969e+02
0.63867 3.456847947670000e+02
0.65255 3.410071197747604e+02
0.66644 3.370126306363682e+02
0.68032 3.340861852682288e+02
0.69421 3.324088796546949e+02
0.70809 3.316847798699159e+02
0.72198 3.306516214903694e+02
0.73586 3.270903607104106e+02
0.74974 3.201287915444427e+02
0.76363 3.124639833106327e+02
0.77751 3.070316333369495e+02
0.79140 3.039509727081330e+02
0.80528 3.023931176161988e+02
0.81916 3.025817135269437e+02
0.83305 3.064072101390697e+02
0.84693 3.154840067584517e+02
0.86082 3.250126821658855e+02
0.87470 3.339142988911754e+02
0.88859 3.383033052577371e+02
0.90247 3.388051290819127e+02
0.91635 2.934887633450447e+02
0.93024 2.627421343302138e+02
0.94412 2.453785946550421e+02
0.95801 2.477749835725098e+02
0.97189 2.504231046903584e+02
0.98577 2.534789618013820e+02
0.99966 2.710879126680634e+02
1.01354 2.883466882218257e+02
1.02743 2.845539014283632e+02
1.04131 2.720082654220491e+02
1.05520 2.623187258817788e+02
1.06908 2.537923542005192e+02
1.08296 2.462478360000212e+02
1.09685 2.397726723400631e+02
1.11073 2.332524760679380e+02
1.12462 2.283955606526413e+02
1.13850 2.240250401083040e+02
1.15238 2.201944624210724e+02
1.16627 2.169297594678598e+02
1.18015 2.140504097059478e+02
1.19404 2.112796306934564e+02
1.20792 2.086414525807091e+02
1.22181 2.061521527500776e+02
1.23569 2.037751578900701e+02
1.24957 2.014808899011529e+02
1.26346 1.992781674364510e+02
1.27734 1.971992004136577e+02
1.29123 1.952624416012773e+02
1.30511 1.934781511346292e+02
1.31899 1.918845059335809e+02
1.33288 1.905685226212241e+02
1.34676 1.896878518630200e+02
1.36065 1.895552702637072e+02
1.37453 1.909444015104754e+02
1.38841 1.964992949272422e+02
1.40230 2.256823055957636e+02
1.41618 1.700221689699570e+02
1.43007 1.364996998560218e+02
1.44395 1.500743313785541e+02
1.45784 1.531748502783919e+02
1.47172 1.535929648212502e+02
1.48560 1.528752290027612e+02
1.49949 1.515497292689051e+02
1.51337 1.498381667283542e+02
1.52726 1.478136588728970e+02
1.54114 1.453887319757398e+02
1.55502 1.421092686063388e+02
1.56891 1.358148830516261e+02
1.58279 1.233024937395908e+03
1.59668 1.564038170603419e+02
1.61056 1.501317707818132e+02
1.62445 1.442358066001967e+02
1.63833 1.338387959214710e+02
1.65221 1.310074263865555e+02
1.66610 1.282506318166424e+02
1.67998 1.251849116622245e+02
1.69387 1.221247555593710e+02
1.70775 1.193601234266095e+02
1.72163 1.168788627673271e+02
1.73552 1.141966523614316e+02
1.74940 1.118217096090804e+02
1.76329 1.093014459694170e+02
1.77717 1.072893139441333e+02
1.79106 1.051672222029609e+02
1.80494 1.020749118744083e+02
1.81882 9.908505817664336e+01
1.83271 9.638084202385889e+01
1.84659 9.376843265632466e+01
1.86048 9.045119505616732e+01
1.87436 8.839711289365034e+01
1.88824 8.578498889200728e+01
1.90213 8.358595155114703e+01
1.91601 8.216590518231892e+01
1.92990 8.110410998873373e+01
1.94378 7.955194186527149e+01
1.95766 7.690255625276841e+01
1.97155 7.351370073890558e+01
1.98543 6.742326278898331e+01
1.99932 6.205334073627131e+01
2.01320 5.559326296725524e+01
2.02709 4.759665113017601e+01
2.04097 3.988796966976923e+01
2.05485 3.009711592546012e+01
2.06874 2.094394499929075e+01
2.08262 1.313789395098583e+01
2.09651 5.619870318624319e+00
2.11039 -1.626922516250777e+00
2.12427 -8.000494007711080e+00
2.13816 -1.439683099207398e+01
2.15204 -2.096062066787208e+01
2.16593 -2.764267363574665e+01
2.17981 -3.585033085724521e+01
2.19370 -4.411147693098584e+01
2.20758 -5.176556109577865e+01
2.22146 -5.810757731583244e+01
2.23535 -6.156367036837486e+01
2.24923 -6.152499913088813e+01
2.26312 -5.791447605216648e+01
2.27700 -5.105327264055346e+01
2.29088 -4.320081658709295e+01
2.30477 -3.626575745154437e+01
2.31865 -3.480870135018743e+01
2.33254 -3.698596241385225e+01
2.34642 -3.382187545551511e+01
2.36031 -4.392450282004893e+01
2.37419 -4.328769424916955e+01
2.38807 -4.335140654183100e+01
2.40196 -3.768975302798702e+01
2.41584 -3.152467089049034e+01
2.42973 -2.757744176987154e+01
2.44361 -2.381403583900160e+01
2.45749 -1.941294352620510e+01
2.47138 -1.645564710261673e+01
2.48526 -2.422796921622938e+01
2.49915 -2.771614913756612e+01
2.51303 -3.006475932912496e+01
2.52691 -3.391560534920021e+01
2.54080 -3.767346371127393e+01
2.55468 -4.066750681570247e+01
2.56857 -4.499727452441330e+01
2.58245 -4.803258301232005e+01
2.59634 -5.266501770885268e+01
2.61022 -5.649862705203615e+01
2.62410 -6.130961664817058e+01
2.63799 -6.439944542210399e+01
2.65187 -6.716064817773994e+01
2.66576 -6.998557099462631e+01
2.67964 -7.297219680628258e+01
2.69352 -7.643591207485636e+01
2.70741 -8.173724255607848e+01
2.72129 -8.789215015326721e+01
2.73518 -9.178192036630701e+01
2.74906 -9.382837511372755e+01
2.76295 -9.514308846811412e+01
2.77683 -9.636965722272517e+01
2.79071 -9.772405798173844e+01
2.80460 -9.910085530796056e+01
2.81848 -1.001851831045499e+02
2.83237 -1.010875926583215e+02
2.84625 -1.023051864839183e+02
2.86013 -1.038203016923075e+02
2.87402 -1.050537754330161e+02
2.88790 -1.036835856431996e+02
2.90179 -9.794697079761497e+01
2.91567 -9.603161382169149e+01
2.92956 -9.716918087137327e+01
2.94344 -9.862515860968826e+01
2.95732 -9.992492475395242e+01
2.97121 -1.021432378387438e+02
2.98509 -1.046996658980204e+02
2.99898 -1.042089185839062e+02
3.01286 -1.057890041021107e+02
3.02674 -1.066501293891350e+02
3.04063 -1.099942580172837e+02
3.05451 -1.110319984134074e+02
3.06840 -1.120411405524359e+02
3.08228 -1.132941316152892e+02
3.09616 -1.151776354937645e+02
3.11005 -1.184987590263618e+02
3.12393 -1.232712899145627e+02
3.13782 -1.280263810618870e+02
3.15170 -1.328076024772072e+02
3.16559 -1.375635031767218e+02
3.17947 -1.420169991843908e+02
3.19335 -1.465109755054961e+02
3.20724 -1.510953059686545e+02
3.22112 -1.559575038197667e+02
3.23501 -1.613659463174663e+02
3.24889 -1.675456884049144e+02
3.26277 -1.744583880448647e+02
3.27666 -1.812051792881603e+02
3.29054 -1.860801096373036e+02
3.30443 -1.879965101781534e+02
3.31831 -1.860787070428468e+02
3.33220 -1.793205879686517e+02
3.34608 -1.667970285007050e+02
3.35996 -1.444174622360279e+02
3.37385 7.813458309673124e+02
3.38773 -6.080946288754743e+01
3.40162 -9.850012499563194e+01
3.41550 -9.720503521866830e+01
3.42938 -1.146103165071962e+02
3.44327 -1.239841301558528e+02
3.45715 -9.025770290878792e+01
3.47104 -5.340401065562931e+01
3.48492 -4.152589453030309e+01
3.49881 -4.420786819230359e+01
3.51269 -4.759063936342785e+01
3.52657 -5.043880559996838e+01
3.54046 -5.298285687173673e+01
3.55434 -5.538197046579247e+01
3.56823 -5.751061817642235e+01
3.58211 -5.899089462467652e+01
3.59599 -5.945137832600429e+01
3.60988 -5.950250358882700e+01
3.62376 -5.960440899046697e+01
3.63765 -5.993931903232716e+01
3.65153 -6.116184100879249e+01
3.66542 -6.019888597373605e+01
3.67930 -5.025267174405320e+01
3.69318 -1.175597005406609e+02
3.70707 -1.052466641291122e+02
3.72095 -9.524048137141131e+01
3.73484 -8.883077720534305e+01
3.74872 -8.321270226677147e+01
3.76260 -7.821354447332614e+01
3.77649 -7.431119526449129e+01
3.79037 -7.149255185891124e+01
3.80426 -6.939839025102393e+01
3.81814 -6.767779736473696e+01
3.83202 -6.617220439749413e+01
3.84591 -6.485902940932775e+01
3.85979 -6.364963317524813e+01
3.87368 -6.252824415930361e+01
3.88756 -6.150110844298210e+01
3.90145 -6.058946141204895e+01
3.91533 -5.974153424929823e+01
3.92921 -5.893939566168370e+01
3.94310 -5.819280320344353e+01
3.95698 -5.749032237154627e+01
3.97087 -5.681531123853088e+01
3.98475 -5.615393477293679e+01
3.99863 -5.548951323620253e+01
4.01252 -5.479773725092780e+01
4.02640 -5.404482767864392e+01
4.04029 -5.320020231345380e+01
4.05417 -5.227448899786248e+01
4.06806 -5.135491622886015e+01
4.08194 -5.057308481877403e+01
4.09582 -5.003017378160521e+01
4.10971 -4.978238623479371e+01
4.12359 -4.972023066176151e+01
4.13748 -4.958509713131489e+01
4.15136 -4.935619940865011e+01
4.16524 -4.905044212118012e+01
4.17913 -4.867525067304029e+01
4.19301 -4.825344697748865e+01
4.20690 -4.781023788734148e+01
4.22078 -4.736586705351229e+01
4.23467 -4.692138759915559e+01
4.24855 -4.646907675764461e+01
4.26243 -4.602560818116994e+01
4.27632 -4.552707309227822e+01
4.29020 -4.500766209091300e+01
4.30409 -4.447783201192813e+01
4.31797 -4.394992888825334e+01
4.33185 -4.343854676188572e+01
4.34574 -4.293145776279447e+01
4.35962 -4.239870026757019e+01
4.37351 -4.180894238450642e+01
4.38739 -4.117751162127718e+01
4.40127 -4.127783240476207e+01
4.41516 -4.353795683362619e+01
4.42904 -4.373824747073163e+01
4.44293 -4.341519155724917e+01
4.45681 -4.322503213682415e+01
4.47070 -4.315171432616614e+01
4.48458 -4.316231578038813e+01
4.49846 -4.334879829514475e+01
4.51235 -4.505707832471519e+01
4.52623 -3.937403206098642e+01
4.54012 -4.072289348855039e+01
4.55400 -4.069298530655257e+01
4.56788 -4.040860728456872e+01
4.58177 -4.014780234967817e+01
4.59565 -3.990693762497664e+01
4.60954 -3.933938292517449e+01
4.62342 -3.874870716180842e+01
4.63731 -3.821892169208584e+01
4.65119 -3.770860449428486e+01
4.66507 -3.718849536546485e+01
4.67896 -3.663607241130976e+01
4.69284 -3.606021420032225e+01
4.70673 -3.555394863294862e+01
4.72061 -3.531120876953243e+01
4.73449 -3.559632437555498e+01
4.74838 -3.675690894914069e+01
4.76226 -4.057860450268797e+01
4.77615 -5.002029412169854e+01
4.79003 -5.618730284303253e+01
4.80392 -5.922756018341435e+01
4.81780 -6.189226850199672e+01
4.83168 -6.437389599306439e+01
4.84557 -6.643336052451504e+01
4.85945 -6.802937163386926e+01
4.87334 -6.932238244575102e+01
4.88722 -7.038343859341953e+01
4.90110 -7.126702865635427e+01
4.91499 -7.203167810601786e+01
4.92887 -7.273837568539470e+01
4.94276 -7.342054706528101e+01
4.95664 -7.409883790277637e+01
4.97052 -7.478212613700930e+01
4.98441 -7.546779147554476e+01
4.99829 -7.615118701927138e+01
5.01218 -7.681978403935592e+01
5.02606 -7.746569568832875e+01
5.03995 -7.807396305094055e+01
5.05383 -7.865052392716937e+01
5.06771 -7.925150828325793e+01
5.08160 -7.999511549616686e+01
5.09548 -8.102541807921273e+01
5.10937 -8.241124401000033e+01
5.12325 -8.405462889474637e+01
5.13713 -8.577857744480980e+01
5.15102 -8.778206771589511e+01
5.16490 -9.093972099287235e+01
5.17879 -9.512041271106585e+01
5.19267 -9.980313662257257e+01
5.20656 -1.038022513211467e+02
5.22044 -1.062783304914151e+02
5.23432 -1.076787698680990e+02
5.24821 -1.084665115418338e+02
5.26209 -1.089128818713807e+02
5.27598 -1.091787300165361e+02
5.28986 -1.093540250383771e+02
5.30374 -1.094852390573748e+02
5.31763 -1.096020477433200e+02
5.33151 -1.097324328550385e+02
5.34540 -1.098981547835079e+02
5.35928 -1.101105527890368e+02
5.37317 -1.103731846663032e+02
5.38705 -1.106842974599138e+02
5.40093 -1.110348418783007e+02
5.41482 -1.113906816760828e+02
5.42870 -1.114953969223148e+02
5.44259 -1.137481172761909e+02
5.45647 -1.136096884984248e+02
5.47035 -1.141490697947810e+02
5.48424 -1.148032442346715e+02
5.49812 -1.155191983123164e+02
5.51201 -1.162810640841569e+02
5.52589 -1.170821201195643e+02
5.53977 -1.179201388356906e+02
5.55366 -1.187971301151661e+02
5.56754 -1.197213992661846e+02
5.58143 -1.207128086388771e+02
5.59531 -1.218138823000532e+02
5.60920 -1.231070535875517e+02
5.62308 -1.247106589046879e+02
5.63696 -1.267039796528126e+02
5.65085 -1.290919804159401e+02
5.66473 -1.318174580637643e+02
5.67862 -1.347003228385961e+02
5.69250 -1.375364027994569e+02
5.70638 -1.401766657065135e+02
5.72027 -1.424468576391001e+02
5.73415 -1.441769545858022e+02
5.74804 -1.454101289285415e+02
5.76192 -1.463920180738270e+02
5.77581 -1.473721085786918e+02
5.78969 -1.484217500875688e+02
5.80357 -1.495924293937834e+02
5.81746 -1.509113145880999e+02
5.83134 -1.523738726538796e+02
5.84523 -1.539763313239308e+02
5.85911 -1.557730367379507e+02
5.87299 -1.580896875909959e+02
5.88688 -1.561693132658215e+02
5.90076 -1.588833897266999e+02
5.91465 -1.605640851125515e+02
5.92853 -1.616818278517448e+02
5.94242 -1.621609240648520e+02
5.95630 -1.616723854879874e+02
5.97018 -1.598075046493104e+02
5.98407 -1.560618769426884e+02
5.99795 -1.492624714090972e+02
6.01184 -1.384414985892226e+02
6.02572 -1.230085429492894e+02
6.03960 -1.151777413432675e+02
6.05349 -1.089983145282247e+02
6.06737 -1.034889991768885e+02
6.08126 -9.910044689056019e+01
6.09514 -9.577796986440919e+01
6.10903 -9.306518619215883e+01
6.12291 -9.056252185905272e+01
6.13679 -8.805543326231079e+01
6.15068 -8.546501515285127e+01
6.16456 -8.278356520435149e+01
6.17845 -8.002604196711704e+01
6.19233 -7.721303382644325e+01
6.20621 -7.438793398278249e+01
6.22010 -7.162281407778744e+01
6.23398 -6.896681081248144e+01
6.24787 -6.640139579049477e+01
6.26175 -6.390376880732136e+01
6.27563 -6.151479178828675e+01
6.28952 -5.928409686078209e+01
6.30340 -5.722874980800470e+01
6.31729 -5.532946647672220e+01
6.33117 -5.351522613849459e+01
6.34506 -5.164227457890667e+01
6.35894 -4.963190486530521e+01
6.37282 -4.746362655447174e+01
6.38671 -4.518042897095049e+01
6.40059 -4.280353615991519e+01
6.41448 -3.994803677418822e+01
6.42836 -3.535029923922246e+01
6.44224 -3.014232823884325e+01
6.45613 -2.447890922425739e+01
6.47001 -1.634719279282431e+01
6.48390 -9.166616858880872e+00
6.49778 -5.725009180028775e+00
6.51167 -3.892992252054058e+00
6.52555 -2.683426516676345e+00
6.53943 -1.770783684528998e+00
6.55332 -1.000173379019816e+00
6.56720 -2.820908719015370e-01
6.58109 4.344822103124796e-01
6.59497 1.173972736091033e+00
6.60885 1.944833481733483e+00
6.62274 2.750047124342522e+00
6.63662 3.595681945326052e+00
6.65051 4.495261293798069e+00
6.66439 5.468813176888456e+00
6.67828 6.537111937465363e+00
6.69216 7.713096907207103e+00
6.70604 8.993894110367043e+00
6.71993 1.035747167227688e+01
6.73381 1.176524320075704e+01
6.74770 1.316590379083317e+01
6.76158 1.449299925696995e+01
6.77546 1.565438778760070e+01
6.78935 1.666604874147755e+01
6.80323 1.731616825480660e+01
6.81712 1.767654023099162e+01
6.83100 1.774362508661303e+01
6.84488 1.760132910546598e+01
6.85877 1.727311727881625e+01
6.87265 1.670530583832398e+01
6.88654 1.583913967406352e+01
6.90042 1.472570452679805e+01
6.91431 1.352977102536799e+01
6.92819 1.232520965791272e+01
6.94207 1.118606113395579e+01
