-0.20000 -7.93793e+04
-0.19920 -7.80039e+04
-0.19840 -7.66392e+04
-0.19760 -7.52891e+04
-0.19680 -7.39571e+04
-0.19600 -7.26471e+04
-0.19520 -7.13624e+04
-0.19440 -7.01066e+04
-0.19360 -6.88828e+04
-0.19280 -6.76941e+04
-0.19200 -6.65436e+04
-0.19120 -6.54340e+04
-0.19040 -6.43680e+04
-0.18960 -6.33478e+04
-0.18880 -6.23759e+04
-0.18800 -6.14542e+04
-0.18720 -6.05846e+04
-0.18640 -5.97688e+04
-0.18560 -5.90083e+04
-0.18480 -5.83043e+04
-0.18400 -5.76580e+04
-0.18320 -5.70703e+04
-0.18240 -5.65418e+04
-0.18160 -5.60730e+04
-0.18080 -5.56644e+04
-0.18000 -5.53161e+04
-0.17920 -5.50281e+04
-0.17840 -5.48002e+04
-0.17760 -5.46320e+04
-0.17680 -5.45230e+04
-0.17600 -5.44726e+04
-0.17520 -5.44800e+04
-0.17440 -5.45441e+04
-0.17360 -5.46640e+04
-0.17280 -5.48383e+04
-0.17200 -5.50657e+04
-0.17120 -5.53447e+04
-0.17040 -5.56737e+04
-0.16960 -5.60509e+04
-0.16880 -5.64747e+04
-0.16800 -5.69429e+04
-0.16720 -5.74537e+04
-0.16640 -5.80048e+04
-0.16560 -5.85940e+04
-0.16480 -5.92191e+04
-0.16400 -5.98776e+04
-0.16320 -6.05670e+04
-0.16240 -6.12848e+04
-0.16160 -6.20283e+04
-0.16080 -6.27949e+04
-0.16000 -6.35817e+04
-0.15920 -6.43860e+04
-0.15840 -6.52049e+04
-0.15760 -6.60353e+04
-0.15680 -6.68743e+04
-0.15600 -6.77189e+04
-0.15520 -6.85660e+04
-0.15440 -6.94125e+04
-0.15360 -7.02552e+04
-0.15280 -7.10910e+04
-0.15200 -7.19167e+04
-0.15120 -7.27291e+04
-0.15040 -7.35252e+04
-0.14960 -7.43017e+04
-0.14880 -7.50555e+04
-0.14800 -7.57836e+04
-0.14720 -7.64830e+04
-0.14640 -7.71506e+04
-0.14560 -7.77836e+04
-0.14480 -7.83792e+04
-0.14400 -7.89347e+04
-0.14320 -7.94475e+04
-0.14240 -7.99151e+04
-0.14160 -8.03352e+04
-0.14080 -8.07056e+04
-0.14000 -8.10244e+04
-0.13920 -8.12895e+04
-0.13840 -8.14995e+04
-0.13760 -8.16528e+04
-0.13680 -8.17482e+04
-0.13600 -8.17847e+04
-0.13520 -8.17613e+04
-0.13440 -8.16775e+04
-0.13360 -8.15330e+04
-0.13280 -8.13275e+04
-0.13200 -8.10612e+04
-0.13120 -8.07343e+04
-0.13040 -8.03474e+04
-0.12960 -7.99013e+04
-0.12880 -7.93969e+04
-0.12800 -7.88354e+04
-0.12720 -7.82182e+04
-0.12640 -7.75468e+04
-0.12560 -7.68229e+04
-0.12480 -7.60486e+04
-0.12400 -7.52257e+04
-0.12320 -7.43564e+04
-0.12240 -7.34430e+04
-0.12160 -7.24878e+04
-0.12080 -7.14932e+04
-0.12000 -7.04616e+04
-0.11920 -6.93956e+04
-0.11840 -6.82974e+04
-0.11760 -6.71697e+04
-0.11680 -6.60146e+04
-0.11600 -6.48345e+04
-0.11520 -6.36316e+04
-0.11440 -6.24080e+04
-0.11360 -6.11656e+04
-0.11280 -5.99062e+04
-0.11200 -5.86315e+04
-0.11120 -5.73431e+04
-0.11040 -5.60421e+04
-0.10960 -5.47297e+04
-0.10880 -5.34070e+04
-0.10800 -5.20746e+04
-0.10720 -5.07331e+04
-0.10640 -4.93828e+04
-0.10560 -4.80240e+04
-0.10480 -4.66567e+04
-0.10400 -4.52806e+04
-0.10320 -4.38954e+04
-0.10240 -4.25007e+04
-0.10160 -4.10957e+04
-0.10080 -3.96797e+04
-0.10000 -3.82519e+04
-0.09920 -3.68112e+04
-0.09840 -3.53567e+04
-0.09760 -3.38872e+04
-0.09680 -3.24015e+04
-0.09600 -3.08986e+04
-0.09520 -2.93773e+04
-0.09440 -2.78365e+04
-0.09360 -2.62752e+04
-0.09280 -2.46923e+04
-0.09200 -2.30869e+04
-0.09120 -2.14582e+04
-0.09040 -1.98057e+04
-0.08960 -1.81286e+04
-0.08880 -1.64267e+04
-0.08800 -1.46998e+04
-0.08720 -1.29477e+04
-0.08640 -1.11706e+04
-0.08560 -9.36890e+03
-0.08480 -7.54299e+03
-0.08400 -5.69362e+03
-0.08320 -3.82168e+03
-0.08240 -1.92825e+03
-0.08160 -1.46126e+01
-0.08080  1.91778e+03
-0.08000  3.86731e+03
-0.07920  5.83216e+03
-0.07840  7.81040e+03
-0.07760  9.79992e+03
-0.07680  1.17985e+04
-0.07600  1.38038e+04
-0.07520  1.58133e+04
-0.07440  1.78245e+04
-0.07360  1.98349e+04
-0.07280  2.18417e+04
-0.07200  2.38422e+04
-0.07120  2.58336e+04
-0.07040  2.78133e+04
-0.06960  2.97785e+04
-0.06880  3.17265e+04
-0.06800  3.36546e+04
-0.06720  3.55601e+04
-0.06640  3.74406e+04
-0.06560  3.92934e+04
-0.06480  4.11163e+04
-0.06400  4.29068e+04
-0.06320  4.46629e+04
-0.06240  4.63823e+04
-0.06160  4.80631e+04
-0.06080  4.97034e+04
-0.06000  5.13015e+04
-0.05920  5.28556e+04
-0.05840  5.43643e+04
-0.05760  5.58261e+04
-0.05680  5.72396e+04
-0.05600  5.86033e+04
-0.05520  5.99160e+04
-0.05440  6.11761e+04
-0.05360  6.23823e+04
-0.05280  6.35328e+04
-0.05200  6.46256e+04
-0.05120  6.56584e+04
-0.05040  6.66285e+04
-0.04960  6.75321e+04
-0.04880  6.83651e+04
-0.04800  6.91218e+04
-0.04720  6.97955e+04
-0.04640  7.03779e+04
-0.04560  7.08585e+04
-0.04480  7.12248e+04
-0.04400  7.14615e+04
-0.04320  7.15506e+04
-0.04240  7.14705e+04
-0.04160  7.11959e+04
-0.04080  7.06980e+04
-0.04000  6.99435e+04
-0.03920  6.88950e+04
-0.03840  6.75110e+04
-0.03760  6.57463e+04
-0.03680  6.35521e+04
-0.03600  6.08772e+04
-0.03520  5.76687e+04
-0.03440  5.38738e+04
-0.03360  4.94412e+04
-0.03280  4.43233e+04
-0.03200  3.84789e+04
-0.03120  3.18754e+04
-0.03040  2.44923e+04
-0.02960  1.63240e+04
-0.02880  7.38287e+03
-0.02800 -2.29776e+03
-0.02720 -1.26609e+04
-0.02640 -2.36239e+04
-0.02560 -3.50768e+04
-0.02480 -4.68821e+04
-0.02400 -5.88751e+04
-0.02320 -7.08660e+04
-0.02240 -8.26424e+04
-0.02160 -9.39749e+04
-0.02080 -1.04622e+05
-0.02000 -1.14338e+05
-0.01920 -1.22882e+05
-0.01840 -1.30027e+05
-0.01760 -1.35566e+05
-0.01680 -1.39330e+05
-0.01600 -1.41191e+05
-0.01520 -1.41073e+05
-0.01440 -1.38959e+05
-0.01360 -1.34897e+05
-0.01280 -1.29005e+05
-0.01200 -1.21467e+05
-0.01120 -1.12535e+05
-0.01040 -1.02522e+05
-0.00960 -9.17936e+04
-0.00880 -8.07558e+04
-0.00800 -6.98431e+04
-0.00720 -5.95020e+04
-0.00640 -5.01741e+04
-0.00560 -4.22791e+04
-0.00480 -3.61972e+04
-0.00400 -3.22535e+04
-0.00320 -3.07036e+04
-0.00240 -3.17223e+04
-0.00160 -3.53951e+04
-0.00080 -4.17135e+04
 0.00000 -5.05743e+04
 0.00080 -6.17827e+04
 0.00160 -7.50591e+04
 0.00240 -9.00500e+04
 0.00320 -1.06341e+05
 0.00400 -1.23473e+05
 0.00480 -1.40959e+05
 0.00560 -1.58303e+05
 0.00640 -1.75018e+05
 0.00720 -1.90640e+05
 0.00800 -2.04751e+05
 0.00880 -2.16984e+05
 0.00960 -2.27038e+05
 0.01040 -2.34686e+05
 0.01120 -2.39776e+05
 0.01200 -2.42237e+05
 0.01280 -2.42071e+05
 0.01360 -2.39355e+05
 0.01440 -2.34226e+05
 0.01520 -2.26880e+05
 0.01600 -2.17557e+05
 0.01680 -2.06529e+05
 0.01760 -1.94093e+05
 0.01840 -1.80555e+05
 0.01920 -1.66222e+05
 0.02000 -1.51392e+05
 0.02080 -1.36347e+05
 0.02160 -1.21343e+05
 0.02240 -1.06608e+05
 0.02320 -9.23393e+04
 0.02400 -7.86974e+04
 0.02480 -6.58095e+04
 0.02560 -5.37686e+04
 0.02640 -4.26356e+04
 0.02720 -3.24420e+04
 0.02800 -2.31932e+04
 0.02880 -1.48722e+04
 0.02960 -7.44338e+03
 0.03040 -8.56470e+02
 0.03120  4.94984e+03
 0.03200  1.00444e+04
 0.03280  1.45004e+04
 0.03360  1.83927e+04
 0.03440  2.17958e+04
 0.03520  2.47816e+04
 0.03600  2.74180e+04
 0.03680  2.97682e+04
 0.03760  3.18897e+04
 0.03840  3.38341e+04
 0.03920  3.56467e+04
 0.04000  3.73670e+04
 0.04080  3.90284e+04
 0.04160  4.06590e+04
 0.04240  4.22819e+04
 0.04320  4.39154e+04
 0.04400  4.55739e+04
 0.04480  4.72680e+04
 0.04560  4.90054e+04
 0.04640  5.07907e+04
 0.04720  5.26265e+04
 0.04800  5.45133e+04
 0.04880  5.64500e+04
 0.04960  5.84341e+04
 0.05040  6.04620e+04
 0.05120  6.25292e+04
 0.05200  6.46305e+04
 0.05280  6.67599e+04
 0.05360  6.89112e+04
 0.05440  7.10777e+04
 0.05520  7.32526e+04
 0.05600  7.54286e+04
 0.05680  7.75987e+04
 0.05760  7.97554e+04
 0.05840  8.18914e+04
 0.05920  8.39995e+04
 0.06000  8.60724e+04
 0.06080  8.81030e+04
 0.06160  9.00843e+04
 0.06240  9.20095e+04
 0.06320  9.38720e+04
 0.06400  9.56652e+04
 0.06480  9.73832e+04
 0.06560  9.90200e+04
 0.06640  1.00570e+05
 0.06720  1.02028e+05
 0.06800  1.03389e+05
 0.06880  1.04648e+05
 0.06960  1.05801e+05
 0.07040  1.06845e+05
 0.07120  1.07775e+05
 0.07200  1.08590e+05
 0.07280  1.09285e+05
 0.07360  1.09860e+05
 0.07440  1.10312e+05
 0.07520  1.10640e+05
 0.07600  1.10842e+05
 0.07680  1.10920e+05
 0.07760  1.10872e+05
 0.07840  1.10698e+05
 0.07920  1.10401e+05
 0.08000  1.09980e+05
 0.08080  1.09437e+05
 0.08160  1.08775e+05
 0.08240  1.07995e+05
 0.08320  1.07101e+05
 0.08400  1.06095e+05
 0.08480  1.04980e+05
 0.08560  1.03760e+05
 0.08640  1.02440e+05
 0.08720  1.01023e+05
 0.08800  9.95133e+04
 0.08880  9.79162e+04
 0.08960  9.62363e+04
 0.09040  9.44787e+04
 0.09120  9.26485e+04
 0.09200  9.07511e+04
 0.09280  8.87921e+04
 0.09360  8.67769e+04
 0.09440  8.47112e+04
 0.09520  8.26007e+04
 0.09600  8.04511e+04
 0.09680  7.82680e+04
 0.09760  7.60571e+04
 0.09840  7.38239e+04
 0.09920  7.15740e+04
 0.10000  6.93126e+04
 0.10080  6.70450e+04
 0.10160  6.47762e+04
 0.10240  6.25110e+04
 0.10320  6.02540e+04
 0.10400  5.80095e+04
 0.10480  5.57816e+04
 0.10560  5.35742e+04
 0.10640  5.13908e+04
 0.10720  4.92346e+04
 0.10800  4.71088e+04
 0.10880  4.50160e+04
 0.10960  4.29590e+04
 0.11040  4.09401e+04
 0.11120  3.89617e+04
 0.11200  3.70259e+04
 0.11280  3.51349e+04
 0.11360  3.32911e+04
 0.11440  3.14969e+04
 0.11520  2.97548e+04
 0.11600  2.80679e+04
 0.11680  2.64395e+04
 0.11760  2.48733e+04
 0.11840  2.33736e+04
 0.11920  2.19454e+04
 0.12000  2.05942e+04
 0.12080  1.93263e+04
 0.12160  1.81486e+04
 0.12240  1.70688e+04
 0.12320  1.60951e+04
 0.12400  1.52365e+04
 0.12480  1.45023e+04
 0.12560  1.39022e+04
 0.12640  1.34458e+04
 0.12720  1.31428e+04
 0.12800  1.30023e+04
 0.12880  1.30326e+04
 0.12960  1.32407e+04
 0.13040  1.36322e+04
 0.13120  1.42103e+04
 0.13200  1.49758e+04
 0.13280  1.59268e+04
 0.13360  1.70580e+04
 0.13440  1.83607e+04
 0.13520  1.98226e+04
 0.13600  2.14283e+04
 0.13680  2.31588e+04
 0.13760  2.49927e+04
 0.13840  2.69063e+04
 0.13920  2.88747e+04
 0.14000  3.08725e+04
 0.14080  3.28749e+04
 0.14160  3.48587e+04
 0.14240  3.68031e+04
 0.14320  3.86906e+04
 0.14400  4.05077e+04
 0.14480  4.22449e+04
 0.14560  4.38970e+04
 0.14640  4.54627e+04
 0.14720  4.69440e+04
 0.14800  4.83454e+04
 0.14880  4.96726e+04
 0.14960  5.09319e+04
 0.15040  5.21282e+04
 0.15120  5.32646e+04
 0.15200  5.43412e+04
 0.15280  5.53545e+04
 0.15360  5.62972e+04
 0.15440  5.71581e+04
 0.15520  5.79228e+04
 0.15600  5.85741e+04
 0.15680  5.90934e+04
 0.15760  5.94616e+04
 0.15840  5.96604e+04
 0.15920  5.96736e+04
 0.16000  5.94883e+04
 0.16080  5.90953e+04
 0.16160  5.84903e+04
 0.16240  5.76738e+04
 0.16320  5.66512e+04
 0.16400  5.54324e+04
 0.16480  5.40312e+04
 0.16560  5.24645e+04
 0.16640  5.07516e+04
 0.16720  4.89130e+04
 0.16800  4.69693e+04
 0.16880  4.49407e+04
 0.16960  4.28461e+04
 0.17040  4.07024e+04
 0.17120  3.85243e+04
 0.17200  3.63237e+04
 0.17280  3.41102e+04
 0.17360  3.18906e+04
 0.17440  2.96696e+04
 0.17520  2.74497e+04
 0.17600  2.52320e+04
 0.17680  2.30159e+04
 0.17760  2.08002e+04
 0.17840  1.85830e+04
 0.17920  1.63621e+04
 0.18000  1.41351e+04
 0.18080  1.19000e+04
 0.18160  9.65508e+03
 0.18240  7.39892e+03
 0.18320  5.13066e+03
 0.18400  2.84990e+03
 0.18480  5.56734e+02
 0.18560 -1.74828e+03
 0.18640 -4.06419e+03
 0.18720 -6.38968e+03
 0.18800 -8.72312e+03
 0.18880 -1.10626e+04
 0.18960 -1.34062e+04
 0.19040 -1.57515e+04
 0.19120 -1.80964e+04
 0.19200 -2.04384e+04
 0.19280 -2.27752e+04
 0.19360 -2.51043e+04
 0.19440 -2.74234e+04
 0.19520 -2.97301e+04
 0.19600 -3.20222e+04
 0.19680 -3.42973e+04
 0.19760 -3.65534e+04
 0.19840 -3.87884e+04
 0.19920 -4.10002e+04
 0.20000 -4.31869e+04
