-0.20000  2.68232e+04
-0.19920  2.68358e+04
-0.19840  2.67655e+04
-0.19760  2.66166e+04
-0.19680  2.63937e+04
-0.19600  2.61007e+04
-0.19520  2.57419e+04
-0.19440  2.53211e+04
-0.19360  2.48421e+04
-0.19280  2.43085e+04
-0.19200  2.37235e+04
-0.19120  2.30904e+04
-0.19040  2.24121e+04
-0.18960  2.16913e+04
-0.18880  2.09307e+04
-0.18800  2.01327e+04
-0.18720  1.92996e+04
-0.18640  1.84335e+04
-0.18560  1.75364e+04
-0.18480  1.66104e+04
-0.18400  1.56573e+04
-0.18320  1.46791e+04
-0.18240  1.36774e+04
-0.18160  1.26540e+04
-0.18080  1.16105e+04
-0.18000  1.05488e+04
-0.17920  9.47065e+03
-0.17840  8.37792e+03
-0.17760  7.27245e+03
-0.17680  6.15617e+03
-0.17600  5.03103e+03
-0.17520  3.89907e+03
-0.17440  2.76239e+03
-0.17360  1.62312e+03
-0.17280  4.83481e+02
-0.17200 -6.54263e+02
-0.17120 -1.78780e+03
-0.17040 -2.91475e+03
-0.16960 -4.03273e+03
-0.16880 -5.13930e+03
-0.16800 -6.23200e+03
-0.16720 -7.30836e+03
-0.16640 -8.36589e+03
-0.16560 -9.40212e+03
-0.16480 -1.04146e+04
-0.16400 -1.14008e+04
-0.16320 -1.23584e+04
-0.16240 -1.32850e+04
-0.16160 -1.41783e+04
-0.16080 -1.50360e+04
-0.16000 -1.58558e+04
-0.15920 -1.66357e+04
-0.15840 -1.73735e+04
-0.15760 -1.80673e+04
-0.15680 -1.87151e+04
-0.15600 -1.93153e+04
-0.15520 -1.98660e+04
-0.15440 -2.03657e+04
-0.15360 -2.08128e+04
-0.15280 -2.12060e+04
-0.15200 -2.15440e+04
-0.15120 -2.18255e+04
-0.15040 -2.20497e+04
-0.14960 -2.22154e+04
-0.14880 -2.23220e+04
-0.14800 -2.23686e+04
-0.14720 -2.23548e+04
-0.14640 -2.22800e+04
-0.14560 -2.21440e+04
-0.14480 -2.19466e+04
-0.14400 -2.16876e+04
-0.14320 -2.13671e+04
-0.14240 -2.09854e+04
-0.14160 -2.05426e+04
-0.14080 -2.00392e+04
-0.14000 -1.94758e+04
-0.13920 -1.88528e+04
-0.13840 -1.81711e+04
-0.13760 -1.74314e+04
-0.13680 -1.66344e+04
-0.13600 -1.57815e+04
-0.13520 -1.48740e+04
-0.13440 -1.39126e+04
-0.13360 -1.28982e+04
-0.13280 -1.18316e+04
-0.13200 -1.07138e+04
-0.13120 -9.54566e+03
-0.13040 -8.32788e+03
-0.12960 -7.06109e+03
-0.12880 -5.74560e+03
-0.12800 -4.38184e+03
-0.12720 -2.97022e+03
-0.12640 -1.51120e+03
-0.12560 -5.44720e+00
-0.12480  1.54610e+03
-0.12400  3.14219e+03
-0.12320  4.78123e+03
-0.12240  6.46137e+03
-0.12160  8.18066e+03
-0.12080  9.93724e+03
-0.12000  1.17296e+04
-0.11920  1.35568e+04
-0.11840  1.54186e+04
-0.11760  1.73156e+04
-0.11680  1.92492e+04
-0.11600  2.12217e+04
-0.11520  2.32354e+04
-0.11440  2.52931e+04
-0.11360  2.73974e+04
-0.11280  2.95506e+04
-0.11200  3.17541e+04
-0.11120  3.40089e+04
-0.11040  3.63152e+04
-0.10960  3.86725e+04
-0.10880  4.10794e+04
-0.10800  4.35342e+04
-0.10720  4.60348e+04
-0.10640  4.85783e+04
-0.10560  5.11620e+04
-0.10480  5.37825e+04
-0.10400  5.64364e+04
-0.10320  5.91198e+04
-0.10240  6.18289e+04
-0.10160  6.45594e+04
-0.10080  6.73070e+04
-0.10000  7.00672e+04
-0.09920  7.28353e+04
-0.09840  7.56067e+04
-0.09760  7.83767e+04
-0.09680  8.11407e+04
-0.09600  8.38943e+04
-0.09520  8.66330e+04
-0.09440  8.93530e+04
-0.09360  9.20506e+04
-0.09280  9.47224e+04
-0.09200  9.73659e+04
-0.09120  9.99786e+04
-0.09040  1.02559e+05
-0.08960  1.05106e+05
-0.08880  1.07620e+05
-0.08800  1.10100e+05
-0.08720  1.12548e+05
-0.08640  1.14966e+05
-0.08560  1.17355e+05
-0.08480  1.19721e+05
-0.08400  1.22065e+05
-0.08320  1.24394e+05
-0.08240  1.26712e+05
-0.08160  1.29026e+05
-0.08080  1.31342e+05
-0.08000  1.33668e+05
-0.07920  1.36010e+05
-0.07840  1.38379e+05
-0.07760  1.40782e+05
-0.07680  1.43229e+05
-0.07600  1.45730e+05
-0.07520  1.48294e+05
-0.07440  1.50934e+05
-0.07360  1.53659e+05
-0.07280  1.56482e+05
-0.07200  1.59413e+05
-0.07120  1.62465e+05
-0.07040  1.65651e+05
-0.06960  1.68982e+05
-0.06880  1.72473e+05
-0.06800  1.76137e+05
-0.06720  1.79986e+05
-0.06640  1.84036e+05
-0.06560  1.88302e+05
-0.06480  1.92797e+05
-0.06400  1.97537e+05
-0.06320  2.02538e+05
-0.06240  2.07816e+05
-0.06160  2.13388e+05
-0.06080  2.19271e+05
-0.06000  2.25482e+05
-0.05920  2.32041e+05
-0.05840  2.38965e+05
-0.05760  2.46274e+05
-0.05680  2.53988e+05
-0.05600  2.62127e+05
-0.05520  2.70713e+05
-0.05440  2.79768e+05
-0.05360  2.89313e+05
-0.05280  2.99372e+05
-0.05200  3.09968e+05
-0.05120  3.21126e+05
-0.05040  3.32869e+05
-0.04960  3.45224e+05
-0.04880  3.58216e+05
-0.04800  3.71870e+05
-0.04720  3.86215e+05
-0.04640  4.01276e+05
-0.04560  4.17082e+05
-0.04480  4.33659e+05
-0.04400  4.51036e+05
-0.04320  4.69240e+05
-0.04240  4.88300e+05
-0.04160  5.08243e+05
-0.04080  5.29097e+05
-0.04000  5.50889e+05
-0.03920  5.73647e+05
-0.03840  5.97397e+05
-0.03760  6.22164e+05
-0.03680  6.47973e+05
-0.03600  6.74848e+05
-0.03520  7.02812e+05
-0.03440  7.31884e+05
-0.03360  7.62085e+05
-0.03280  7.93432e+05
-0.03200  8.25939e+05
-0.03120  8.59619e+05
-0.03040  8.94483e+05
-0.02960  9.30538e+05
-0.02880  9.67789e+05
-0.02800  1.00624e+06
-0.02720  1.04588e+06
-0.02640  1.08672e+06
-0.02560  1.12874e+06
-0.02480  1.17194e+06
-0.02400  1.21631e+06
-0.02320  1.26183e+06
-0.02240  1.30849e+06
-0.02160  1.35628e+06
-0.02080  1.40518e+06
-0.02000  1.45519e+06
-0.01920  1.50629e+06
-0.01840  1.55848e+06
-0.01760  1.61176e+06
-0.01680  1.66613e+06
-0.01600  1.72160e+06
-0.01520  1.77818e+06
-0.01440  1.83589e+06
-0.01360  1.89474e+06
-0.01280  1.95476e+06
-0.01200  2.01596e+06
-0.01120  2.07837e+06
-0.01040  2.14200e+06
-0.00960  2.20685e+06
-0.00880  2.27292e+06
-0.00800  2.34019e+06
-0.00720  2.40861e+06
-0.00640  2.47813e+06
-0.00560  2.54865e+06
-0.00480  2.62006e+06
-0.00400  2.69222e+06
-0.00320  2.76495e+06
-0.00240  2.83805e+06
-0.00160  2.91129e+06
-0.00080  2.98441e+06
 0.00000  3.05714e+06
 0.00080  3.12918e+06
 0.00160  3.20021e+06
 0.00240  3.26993e+06
 0.00320  3.33802e+06
 0.00400  3.40416e+06
 0.00480  3.46804e+06
 0.00560  3.52940e+06
 0.00640  3.58795e+06
 0.00720  3.64345e+06
 0.00800  3.69571e+06
 0.00880  3.74452e+06
 0.00960  3.78975e+06
 0.01040  3.83128e+06
 0.01120  3.86903e+06
 0.01200  3.90295e+06
 0.01280  3.93305e+06
 0.01360  3.95933e+06
 0.01440  3.98187e+06
 0.01520  4.00074e+06
 0.01600  4.01608e+06
 0.01680  4.02804e+06
 0.01760  4.03681e+06
 0.01840  4.04261e+06
 0.01920  4.04568e+06
 0.02000  4.04632e+06
 0.02080  4.04481e+06
 0.02160  4.04151e+06
 0.02240  4.03675e+06
 0.02320  4.03092e+06
 0.02400  4.02441e+06
 0.02480  4.01762e+06
 0.02560  4.01094e+06
 0.02640  4.00479e+06
 0.02720  3.99955e+06
 0.02800  3.99559e+06
 0.02880  3.99327e+06
 0.02960  3.99288e+06
 0.03040  3.99472e+06
 0.03120  3.99899e+06
 0.03200  4.00589e+06
 0.03280  4.01552e+06
 0.03360  4.02795e+06
 0.03440  4.04316e+06
 0.03520  4.06109e+06
 0.03600  4.08160e+06
 0.03680  4.10451e+06
 0.03760  4.12956e+06
 0.03840  4.15646e+06
 0.03920  4.18485e+06
 0.04000  4.21437e+06
 0.04080  4.24458e+06
 0.04160  4.27506e+06
 0.04240  4.30535e+06
 0.04320  4.33500e+06
 0.04400  4.36355e+06
 0.04480  4.39057e+06
 0.04560  4.41563e+06
 0.04640  4.43834e+06
 0.04720  4.45834e+06
 0.04800  4.47530e+06
 0.04880  4.48894e+06
 0.04960  4.49901e+06
 0.05040  4.50534e+06
 0.05120  4.50776e+06
 0.05200  4.50620e+06
 0.05280  4.50060e+06
 0.05360  4.49095e+06
 0.05440  4.47730e+06
 0.05520  4.45973e+06
 0.05600  4.43836e+06
 0.05680  4.41335e+06
 0.05760  4.38486e+06
 0.05840  4.35311e+06
 0.05920  4.31833e+06
 0.06000  4.28077e+06
 0.06080  4.24067e+06
 0.06160  4.19832e+06
 0.06240  4.15398e+06
 0.06320  4.10792e+06
 0.06400  4.06044e+06
 0.06480  4.01179e+06
 0.06560  3.96226e+06
 0.06640  3.91210e+06
 0.06720  3.86157e+06
 0.06800  3.81091e+06
 0.06880  3.76035e+06
 0.06960  3.71013e+06
 0.07040  3.66046e+06
 0.07120  3.61153e+06
 0.07200  3.56353e+06
 0.07280  3.51664e+06
 0.07360  3.47102e+06
 0.07440  3.42683e+06
 0.07520  3.38420e+06
 0.07600  3.34327e+06
 0.07680  3.30414e+06
 0.07760  3.26694e+06
 0.07840  3.23174e+06
 0.07920  3.19865e+06
 0.08000  3.16773e+06
 0.08080  3.13905e+06
 0.08160  3.11267e+06
 0.08240  3.08864e+06
 0.08320  3.06698e+06
 0.08400  3.04774e+06
 0.08480  3.03093e+06
 0.08560  3.01656e+06
 0.08640  3.00464e+06
 0.08720  2.99516e+06
 0.08800  2.98810e+06
 0.08880  2.98345e+06
 0.08960  2.98118e+06
 0.09040  2.98126e+06
 0.09120  2.98362e+06
 0.09200  2.98824e+06
 0.09280  2.99504e+06
 0.09360  3.00396e+06
 0.09440  3.01493e+06
 0.09520  3.02788e+06
 0.09600  3.04271e+06
 0.09680  3.05933e+06
 0.09760  3.07765e+06
 0.09840  3.09757e+06
 0.09920  3.11898e+06
 0.10000  3.14176e+06
 0.10080  3.16580e+06
 0.10160  3.19099e+06
 0.10240  3.21718e+06
 0.10320  3.24426e+06
 0.10400  3.27210e+06
 0.10480  3.30056e+06
 0.10560  3.32951e+06
 0.10640  3.35881e+06
 0.10720  3.38833e+06
 0.10800  3.41792e+06
 0.10880  3.44744e+06
 0.10960  3.47677e+06
 0.11040  3.50576e+06
 0.11120  3.53428e+06
 0.11200  3.56220e+06
 0.11280  3.58938e+06
 0.11360  3.61570e+06
 0.11440  3.64104e+06
 0.11520  3.66528e+06
 0.11600  3.68829e+06
 0.11680  3.70998e+06
 0.11760  3.73023e+06
 0.11840  3.74895e+06
 0.11920  3.76603e+06
 0.12000  3.78140e+06
 0.12080  3.79497e+06
 0.12160  3.80667e+06
 0.12240  3.81642e+06
 0.12320  3.82416e+06
 0.12400  3.82985e+06
 0.12480  3.83342e+06
 0.12560  3.83484e+06
 0.12640  3.83407e+06
 0.12720  3.83109e+06
 0.12800  3.82587e+06
 0.12880  3.81839e+06
 0.12960  3.80864e+06
 0.13040  3.79661e+06
 0.13120  3.78231e+06
 0.13200  3.76571e+06
 0.13280  3.74684e+06
 0.13360  3.72568e+06
 0.13440  3.70225e+06
 0.13520  3.67656e+06
 0.13600  3.64861e+06
 0.13680  3.61842e+06
 0.13760  3.58600e+06
 0.13840  3.55139e+06
 0.13920  3.51460e+06
 0.14000  3.47568e+06
 0.14080  3.43468e+06
 0.14160  3.39165e+06
 0.14240  3.34666e+06
 0.14320  3.29980e+06
 0.14400  3.25117e+06
 0.14480  3.20086e+06
 0.14560  3.14901e+06
 0.14640  3.09573e+06
 0.14720  3.04117e+06
 0.14800  2.98547e+06
 0.14880  2.92877e+06
 0.14960  2.87120e+06
 0.15040  2.81291e+06
 0.15120  2.75401e+06
 0.15200  2.69463e+06
 0.15280  2.63487e+06
 0.15360  2.57481e+06
 0.15440  2.51454e+06
 0.15520  2.45412e+06
 0.15600  2.39361e+06
 0.15680  2.33304e+06
 0.15760  2.27247e+06
 0.15840  2.21194e+06
 0.15920  2.15147e+06
 0.16000  2.09110e+06
 0.16080  2.03089e+06
 0.16160  1.97088e+06
 0.16240  1.91113e+06
 0.16320  1.85170e+06
 0.16400  1.79266e+06
 0.16480  1.73409e+06
 0.16560  1.67606e+06
 0.16640  1.61866e+06
 0.16720  1.56197e+06
 0.16800  1.50606e+06
 0.16880  1.45101e+06
 0.16960  1.39690e+06
 0.17040  1.34378e+06
 0.17120  1.29172e+06
 0.17200  1.24075e+06
 0.17280  1.19093e+06
 0.17360  1.14229e+06
 0.17440  1.09485e+06
 0.17520  1.04863e+06
 0.17600  1.00364e+06
 0.17680  9.59889e+05
 0.17760  9.17379e+05
 0.17840  8.76106e+05
 0.17920  8.36064e+05
 0.18000  7.97246e+05
 0.18080  7.59639e+05
 0.18160  7.23230e+05
 0.18240  6.88005e+05
 0.18320  6.53948e+05
 0.18400  6.21042e+05
 0.18480  5.89268e+05
 0.18560  5.58609e+05
 0.18640  5.29043e+05
 0.18720  5.00552e+05
 0.18800  4.73114e+05
 0.18880  4.46707e+05
 0.18960  4.21310e+05
 0.19040  3.96899e+05
 0.19120  3.73452e+05
 0.19200  3.50945e+05
 0.19280  3.29354e+05
 0.19360  3.08654e+05
 0.19440  2.88822e+05
 0.19520  2.69832e+05
 0.19600  2.51661e+05
 0.19680  2.34282e+05
 0.19760  2.17671e+05
 0.19840  2.01804e+05
 0.19920  1.86657e+05
 0.20000  1.72203e+05
