-0.20000  2.67280e+05
-0.19920  2.85179e+05
-0.19840  3.04510e+05
-0.19760  3.24977e+05
-0.19680  3.46252e+05
-0.19600  3.67986e+05
-0.19520  3.89826e+05
-0.19440  4.11430e+05
-0.19360  4.32485e+05
-0.19280  4.52717e+05
-0.19200  4.71905e+05
-0.19120  4.89876e+05
-0.19040  5.06352e+05
-0.18960  5.19584e+05
-0.18880  5.18568e+05
-0.18800  4.55993e+05
-0.18720  2.03759e+05
-0.18640 -4.18971e+05
-0.18560 -1.40425e+06
-0.18480 -2.28539e+06
-0.18400 -2.40969e+06
-0.18320 -1.66497e+06
-0.18240 -6.20298e+05
-0.18160  1.45260e+05
-0.18080  5.09326e+05
-0.18000  6.33925e+05
-0.17920  6.72339e+05
-0.17840  6.90472e+05
-0.17760  7.05506e+05
-0.17680  7.20229e+05
-0.17600  7.34728e+05
-0.17520  7.48738e+05
-0.17440  7.61966e+05
-0.17360  7.74126e+05
-0.17280  7.84957e+05
-0.17200  7.94231e+05
-0.17120  8.01758e+05
-0.17040  8.07388e+05
-0.16960  8.11013e+05
-0.16880  8.12559e+05
-0.16800  8.11992e+05
-0.16720  8.09302e+05
-0.16640  8.04510e+05
-0.16560  7.97653e+05
-0.16480  7.88792e+05
-0.16400  7.77999e+05
-0.16320  7.65362e+05
-0.16240  7.50985e+05
-0.16160  7.34982e+05
-0.16080  7.17488e+05
-0.16000  6.98652e+05
-0.15920  6.78646e+05
-0.15840  6.57667e+05
-0.15760  6.35942e+05
-0.15680  6.13732e+05
-0.15600  5.91334e+05
-0.15520  5.69088e+05
-0.15440  5.47374e+05
-0.15360  5.26612e+05
-0.15280  5.07256e+05
-0.15200  4.89781e+05
-0.15120  4.74662e+05
-0.15040  4.62355e+05
-0.14960  4.53258e+05
-0.14880  4.47677e+05
-0.14800  4.45787e+05
-0.14720  4.47587e+05
-0.14640  4.52874e+05
-0.14560  4.61215e+05
-0.14480  4.71950e+05
-0.14400  4.84229e+05
-0.14320  4.97141e+05
-0.14240  5.10078e+05
-0.14160  5.23597e+05
-0.14080  5.41130e+05
-0.14000  5.71005e+05
-0.13920  6.19201e+05
-0.13840  6.08577e+05
-0.13760  1.34969e+05
-0.13680 -1.23566e+06
-0.13600 -2.30062e+06
-0.13520 -1.28204e+06
-0.13440  5.91535e+05
-0.13360  1.46022e+06
-0.13280  1.32931e+06
-0.13200 -1.09385e+06
-0.13120 -6.44661e+06
-0.13040 -4.75836e+06
-0.12960 -2.87188e+06
-0.12880  3.49922e+04
-0.12800  1.87330e+05
-0.12720  1.56352e+05
-0.12640  1.36994e+05
-0.12560  1.25210e+05
-0.12480  1.17428e+05
-0.12400  1.12019e+05
-0.12320  1.08133e+05
-0.12240  1.05216e+05
-0.12160  1.02847e+05
-0.12080  1.00710e+05
-0.12000  9.85813e+04
-0.11920  9.63251e+04
-0.11840  9.38799e+04
-0.11760  9.12371e+04
-0.11680  8.84161e+04
-0.11600  8.54389e+04
-0.11520  8.23079e+04
-0.11440  7.89906e+04
-0.11360  7.54142e+04
-0.11280  7.14692e+04
-0.11200  6.70227e+04
-0.11120  6.19372e+04
-0.11040  5.60924e+04
-0.10960  4.94052e+04
-0.10880  4.18445e+04
-0.10800  3.34402e+04
-0.10720  2.42832e+04
-0.10640  1.45191e+04
-0.10560  4.33659e+03
-0.10480 -6.04718e+03
-0.10400 -1.64013e+04
-0.10320 -2.64944e+04
-0.10240 -3.61059e+04
-0.10160 -4.50324e+04
-0.10080 -5.30930e+04
-0.10000 -6.01307e+04
-0.09920 -6.60128e+04
-0.09840 -7.06310e+04
-0.09760 -7.39004e+04
-0.09680 -7.57592e+04
-0.09600 -7.61692e+04
-0.09520 -7.51152e+04
-0.09440 -7.26053e+04
-0.09360 -6.86706e+04
-0.09280 -6.33645e+04
-0.09200 -5.67616e+04
-0.09120 -4.89561e+04
-0.09040 -4.00594e+04
-0.08960 -3.01988e+04
-0.08880 -1.95140e+04
-0.08800 -8.15568e+03
-0.08720  3.71753e+03
-0.08640  1.59412e+04
-0.08560  2.83474e+04
-0.08480  4.07673e+04
-0.08400  5.30331e+04
-0.08320  6.49806e+04
-0.08240  7.64514e+04
-0.08160  8.72947e+04
-0.08080  9.73698e+04
-0.08000  1.06548e+05
-0.07920  1.14712e+05
-0.07840  1.21762e+05
-0.07760  1.27612e+05
-0.07680  1.32192e+05
-0.07600  1.35449e+05
-0.07520  1.37349e+05
-0.07440  1.37871e+05
-0.07360  1.37014e+05
-0.07280  1.34789e+05
-0.07200  1.31225e+05
-0.07120  1.26363e+05
-0.07040  1.20257e+05
-0.06960  1.12971e+05
-0.06880  1.04579e+05
-0.06800  9.51661e+04
-0.06720  8.48204e+04
-0.06640  7.36374e+04
-0.06560  6.17158e+04
-0.06480  4.91569e+04
-0.06400  3.60628e+04
-0.06320  2.25353e+04
-0.06240  8.67458e+03
-0.06160 -5.42226e+03
-0.06080 -1.96622e+04
-0.06000 -3.39578e+04
-0.05920 -4.82277e+04
-0.05840 -6.23983e+04
-0.05760 -7.64044e+04
-0.05680 -9.01904e+04
-0.05600 -1.03710e+05
-0.05520 -1.16930e+05
-0.05440 -1.29825e+05
-0.05360 -1.42384e+05
-0.05280 -1.54606e+05
-0.05200 -1.66502e+05
-0.05120 -1.78093e+05
-0.05040 -1.89410e+05
-0.04960 -2.00492e+05
-0.04880 -2.11386e+05
-0.04800 -2.22144e+05
-0.04720 -2.32821e+05
-0.04640 -2.43474e+05
-0.04560 -2.54158e+05
-0.04480 -2.64929e+05
-0.04400 -2.75834e+05
-0.04320 -2.86918e+05
-0.04240 -2.98216e+05
-0.04160 -3.09755e+05
-0.04080 -3.21555e+05
-0.04000 -3.33623e+05
-0.03920 -3.45958e+05
-0.03840 -3.58549e+05
-0.03760 -3.71373e+05
-0.03680 -3.84399e+05
-0.03600 -3.97587e+05
-0.03520 -4.10887e+05
-0.03440 -4.24240e+05
-0.03360 -4.37580e+05
-0.03280 -4.50830e+05
-0.03200 -4.63909e+05
-0.03120 -4.76726e+05
-0.03040 -4.89182e+05
-0.02960 -5.01174e+05
-0.02880 -5.12590e+05
-0.02800 -5.23316e+05
-0.02720 -5.33231e+05
-0.02640 -5.42212e+05
-0.02560 -5.50134e+05
-0.02480 -5.56874e+05
-0.02400 -5.62311e+05
-0.02320 -5.66326e+05
-0.02240 -5.68810e+05
-0.02160 -5.69661e+05
-0.02080 -5.68791e+05
-0.02000 -5.66126e+05
-0.01920 -5.61606e+05
-0.01840 -5.55196e+05
-0.01760 -5.46877e+05
-0.01680 -5.36658e+05
-0.01600 -5.24573e+05
-0.01520 -5.10684e+05
-0.01440 -4.95083e+05
-0.01360 -4.77894e+05
-0.01280 -4.59273e+05
-0.01200 -4.39411e+05
-0.01120 -4.18533e+05
-0.01040 -3.96901e+05
-0.00960 -3.74814e+05
-0.00880 -3.52612e+05
-0.00800 -3.30669e+05
-0.00720 -3.09405e+05
-0.00640 -2.89279e+05
-0.00560 -2.70792e+05
-0.00480 -2.54490e+05
-0.00400 -2.40964e+05
-0.00320 -2.30850e+05
-0.00240 -2.24832e+05
-0.00160 -2.23639e+05
-0.00080 -2.28047e+05
 0.00000 -2.38878e+05
 0.00080 -2.56996e+05
 0.00160 -2.83304e+05
 0.00240 -3.18738e+05
 0.00320 -3.64263e+05
 0.00400 -4.20859e+05
 0.00480 -4.89513e+05
 0.00560 -5.71205e+05
 0.00640 -6.66891e+05
 0.00720 -7.77483e+05
 0.00800 -9.03834e+05
 0.00880 -1.04671e+06
 0.00960 -1.20676e+06
 0.01040 -1.38451e+06
 0.01120 -1.58033e+06
 0.01200 -1.79438e+06
 0.01280 -2.02663e+06
 0.01360 -2.27681e+06
 0.01440 -2.54440e+06
 0.01520 -2.82860e+06
 0.01600 -3.12833e+06
 0.01680 -3.44221e+06
 0.01760 -3.76857e+06
 0.01840 -4.10544e+06
 0.01920 -4.45056e+06
 0.02000 -4.80143e+06
 0.02080 -5.15526e+06
 0.02160 -5.50907e+06
 0.02240 -5.85970e+06
 0.02320 -6.20385e+06
 0.02400 -6.53811e+06
 0.02480 -6.85906e+06
 0.02560 -7.16328e+06
 0.02640 -7.44741e+06
 0.02720 -7.70825e+06
 0.02800 -7.94276e+06
 0.02880 -8.14816e+06
 0.02960 -8.32196e+06
 0.03040 -8.46200e+06
 0.03120 -8.56653e+06
 0.03200 -8.63420e+06
 0.03280 -8.66410e+06
 0.03360 -8.65580e+06
 0.03440 -8.60934e+06
 0.03520 -8.52520e+06
 0.03600 -8.40436e+06
 0.03680 -8.24821e+06
 0.03760 -8.05857e+06
 0.03840 -7.83763e+06
 0.03920 -7.58792e+06
 0.04000 -7.31223e+06
 0.04080 -7.01361e+06
 0.04160 -6.69529e+06
 0.04240 -6.36059e+06
 0.04320 -6.01291e+06
 0.04400 -5.65566e+06
 0.04480 -5.29218e+06
 0.04560 -4.92574e+06
 0.04640 -4.55945e+06
 0.04720 -4.19622e+06
 0.04800 -3.83876e+06
 0.04880 -3.48953e+06
 0.04960 -3.15071e+06
 0.05040 -2.82421e+06
 0.05120 -2.51164e+06
 0.05200 -2.21432e+06
 0.05280 -1.93329e+06
 0.05360 -1.66930e+06
 0.05440 -1.42282e+06
 0.05520 -1.19412e+06
 0.05600 -9.83187e+05
 0.05680 -7.89843e+05
 0.05760 -6.13713e+05
 0.05840 -4.54272e+05
 0.05920 -3.10866e+05
 0.06000 -1.82735e+05
 0.06080 -6.90388e+04
 0.06160  3.11195e+04
 0.06240  1.18675e+05
 0.06320  1.94583e+05
 0.06400  2.59798e+05
 0.06480  3.15263e+05
 0.06560  3.61897e+05
 0.06640  4.00585e+05
 0.06720  4.32167e+05
 0.06800  4.57437e+05
 0.06880  4.77135e+05
 0.06960  4.91946e+05
 0.07040  5.02500e+05
 0.07120  5.09368e+05
 0.07200  5.13070e+05
 0.07280  5.14068e+05
 0.07360  5.12778e+05
 0.07440  5.09565e+05
 0.07520  5.04752e+05
 0.07600  4.98621e+05
 0.07680  4.91418e+05
 0.07760  4.83354e+05
 0.07840  4.74613e+05
 0.07920  4.65354e+05
 0.08000  4.55714e+05
 0.08080  4.45811e+05
 0.08160  4.35751e+05
 0.08240  4.25627e+05
 0.08320  4.15523e+05
 0.08400  4.05521e+05
 0.08480  3.95697e+05
 0.08560  3.86128e+05
 0.08640  3.76892e+05
 0.08720  3.68069e+05
 0.08800  3.59743e+05
 0.08880  3.51999e+05
 0.08960  3.44923e+05
 0.09040  3.38599e+05
 0.09120  3.33106e+05
 0.09200  3.28513e+05
 0.09280  3.24873e+05
 0.09360  3.22219e+05
 0.09440  3.20552e+05
 0.09520  3.19844e+05
 0.09600  3.20023e+05
 0.09680  3.20977e+05
 0.09760  3.22553e+05
 0.09840  3.24555e+05
 0.09920  3.26754e+05
 0.10000  3.28898e+05
 0.10080  3.30723e+05
 0.10160  3.31974e+05
 0.10240  3.32421e+05
 0.10320  3.31880e+05
 0.10400  3.30233e+05
 0.10480  3.27444e+05
 0.10560  3.23569e+05
 0.10640  3.18764e+05
 0.10720  3.13281e+05
 0.10800  3.07459e+05
 0.10880  3.01702e+05
 0.10960  2.96453e+05
 0.11040  2.92165e+05
 0.11120  2.89264e+05
 0.11200  2.88109e+05
 0.11280  2.88966e+05
 0.11360  2.91975e+05
 0.11440  2.97134e+05
 0.11520  3.04293e+05
 0.11600  3.13151e+05
 0.11680  3.23276e+05
 0.11760  3.34128e+05
 0.11840  3.45093e+05
 0.11920  3.55518e+05
 0.12000  3.64754e+05
 0.12080  3.72194e+05
 0.12160  3.77306e+05
 0.12240  3.79662e+05
 0.12320  3.78956e+05
 0.12400  3.75012e+05
 0.12480  3.67785e+05
 0.12560  3.57351e+05
 0.12640  3.43892e+05
 0.12720  3.27678e+05
 0.12800  3.09040e+05
 0.12880  2.88351e+05
 0.12960  2.66003e+05
 0.13040  2.42390e+05
 0.13120  2.17895e+05
 0.13200  1.92879e+05
 0.13280  1.67678e+05
 0.13360  1.42599e+05
 0.13440  1.17925e+05
 0.13520  9.39142e+04
 0.13600  7.08064e+04
 0.13680  4.88242e+04
 0.13760  2.81754e+04
 0.13840  9.05329e+03
 0.13920 -8.36547e+03
 0.14000 -2.39241e+04
 0.14080 -3.74907e+04
 0.14160 -4.89636e+04
 0.14240 -5.82774e+04
 0.14320 -6.54073e+04
 0.14400 -7.03731e+04
 0.14480 -7.32404e+04
 0.14560 -7.41196e+04
 0.14640 -7.31629e+04
 0.14720 -7.05577e+04
 0.14800 -6.65188e+04
 0.14880 -6.12787e+04
 0.14960 -5.50766e+04
 0.15040 -4.81470e+04
 0.15120 -4.07100e+04
 0.15200 -3.29614e+04
 0.15280 -2.50659e+04
 0.15360 -1.71521e+04
 0.15440 -9.31055e+03
 0.15520 -1.59426e+03
 0.15600  5.97818e+03
 0.15680  1.34173e+04
 0.15760  2.07562e+04
 0.15840  2.80422e+04
 0.15920  3.53297e+04
 0.16000  4.26718e+04
 0.16080  5.01143e+04
 0.16160  5.76901e+04
 0.16240  6.54157e+04
 0.16320  7.32899e+04
 0.16400  8.12931e+04
 0.16480  8.93895e+04
 0.16560  9.75293e+04
 0.16640  1.05653e+05
 0.16720  1.13695e+05
 0.16800  1.21587e+05
 0.16880  1.29266e+05
 0.16960  1.36671e+05
 0.17040  1.43751e+05
 0.17120  1.50465e+05
 0.17200  1.56783e+05
 0.17280  1.62688e+05
 0.17360  1.68170e+05
 0.17440  1.73234e+05
 0.17520  1.77889e+05
 0.17600  1.82154e+05
 0.17680  1.86052e+05
 0.17760  1.89609e+05
 0.17840  1.92856e+05
 0.17920  1.95821e+05
 0.18000  1.98535e+05
 0.18080  2.01029e+05
 0.18160  2.03330e+05
 0.18240  2.05466e+05
 0.18320  2.07464e+05
 0.18400  2.09348e+05
 0.18480  2.11143e+05
 0.18560  2.12869e+05
 0.18640  2.14551e+05
 0.18720  2.16209e+05
 0.18800  2.17863e+05
 0.18880  2.19534e+05
 0.18960  2.21242e+05
 0.19040  2.23004e+05
 0.19120  2.24838e+05
 0.19200  2.26760e+05
 0.19280  2.28785e+05
 0.19360  2.30926e+05
 0.19440  2.33191e+05
 0.19520  2.35590e+05
 0.19600  2.38125e+05
 0.19680  2.40799e+05
 0.19760  2.43609e+05
 0.19840  2.46549e+05
 0.19920  2.49609e+05
 0.20000  2.52776e+05
