-0.20000  3.76037e+04
-0.19920  3.87025e+04
-0.19840  3.97053e+04
-0.19760  4.06168e+04
-0.19680  4.14414e+04
-0.19600  4.21836e+04
-0.19520  4.28475e+04
-0.19440  4.34372e+04
-0.19360  4.39566e+04
-0.19280  4.44093e+04
-0.19200  4.47989e+04
-0.19120  4.51285e+04
-0.19040  4.54012e+04
-0.18960  4.56196e+04
-0.18880  4.57865e+04
-0.18800  4.59040e+04
-0.18720  4.59744e+04
-0.18640  4.59997e+04
-0.18560  4.59816e+04
-0.18480  4.59217e+04
-0.18400  4.58216e+04
-0.18320  4.56827e+04
-0.18240  4.55063e+04
-0.18160  4.52934e+04
-0.18080  4.50452e+04
-0.18000  4.47627e+04
-0.17920  4.44468e+04
-0.17840  4.40986e+04
-0.17760  4.37189e+04
-0.17680  4.33086e+04
-0.17600  4.28686e+04
-0.17520  4.23996e+04
-0.17440  4.19025e+04
-0.17360  4.13781e+04
-0.17280  4.08273e+04
-0.17200  4.02508e+04
-0.17120  3.96494e+04
-0.17040  3.90240e+04
-0.16960  3.83753e+04
-0.16880  3.77042e+04
-0.16800  3.70114e+04
-0.16720  3.62977e+04
-0.16640  3.55639e+04
-0.16560  3.48108e+04
-0.16480  3.40390e+04
-0.16400  3.32494e+04
-0.16320  3.24426e+04
-0.16240  3.16194e+04
-0.16160  3.07805e+04
-0.16080  2.99266e+04
-0.16000  2.90585e+04
-0.15920  2.81767e+04
-0.15840  2.72821e+04
-0.15760  2.63754e+04
-0.15680  2.54573e+04
-0.15600  2.45285e+04
-0.15520  2.35899e+04
-0.15440  2.26422e+04
-0.15360  2.16863e+04
-0.15280  2.07230e+04
-0.15200  1.97534e+04
-0.15120  1.87784e+04
-0.15040  1.77990e+04
-0.14960  1.68165e+04
-0.14880  1.58319e+04
-0.14800  1.48466e+04
-0.14720  1.38619e+04
-0.14640  1.28792e+04
-0.14560  1.19002e+04
-0.14480  1.09265e+04
-0.14400  9.95965e+03
-0.14320  9.00164e+03
-0.14240  8.05434e+03
-0.14160  7.11979e+03
-0.14080  6.20009e+03
-0.14000  5.29746e+03
-0.13920  4.41422e+03
-0.13840  3.55279e+03
-0.13760  2.71567e+03
-0.13680  1.90550e+03
-0.13600  1.12494e+03
-0.13520  3.76758e+02
-0.13440 -3.36088e+02
-0.13360 -1.01050e+03
-0.13280 -1.64330e+03
-0.13200 -2.23112e+03
-0.13120 -2.77047e+03
-0.13040 -3.25801e+03
-0.12960 -3.68979e+03
-0.12880 -4.06201e+03
-0.12800 -4.37070e+03
-0.12720 -4.61217e+03
-0.12640 -4.78285e+03
-0.12560 -4.87949e+03
-0.12480 -4.89927e+03
-0.12400 -4.83989e+03
-0.12320 -4.69959e+03
-0.12240 -4.47709e+03
-0.12160 -4.17149e+03
-0.12080 -3.78205e+03
-0.12000 -3.30801e+03
-0.11920 -2.74833e+03
-0.11840 -2.10155e+03
-0.11760 -1.36569e+03
-0.11680 -5.38309e+02
-0.11600  3.83383e+02
-0.11520  1.40229e+03
-0.11440  2.52114e+03
-0.11360  3.74221e+03
-0.11280  5.06706e+03
-0.11200  6.49639e+03
-0.11120  8.02986e+03
-0.11040  9.66613e+03
-0.10960  1.14029e+04
-0.10880  1.32369e+04
-0.10800  1.51642e+04
-0.10720  1.71802e+04
-0.10640  1.92798e+04
-0.10560  2.14571e+04
-0.10480  2.37064e+04
-0.10400  2.60211e+04
-0.10320  2.83947e+04
-0.10240  3.08203e+04
-0.10160  3.32908e+04
-0.10080  3.57989e+04
-0.10000  3.83374e+04
-0.09920  4.08990e+04
-0.09840  4.34762e+04
-0.09760  4.60620e+04
-0.09680  4.86493e+04
-0.09600  5.12315e+04
-0.09520  5.38023e+04
-0.09440  5.63557e+04
-0.09360  5.88865e+04
-0.09280  6.13900e+04
-0.09200  6.38622e+04
-0.09120  6.62998e+04
-0.09040  6.87003e+04
-0.08960  7.10622e+04
-0.08880  7.33848e+04
-0.08800  7.56681e+04
-0.08720  7.79134e+04
-0.08640  8.01227e+04
-0.08560  8.22990e+04
-0.08480  8.44461e+04
-0.08400  8.65688e+04
-0.08320  8.86729e+04
-0.08240  9.07647e+04
-0.08160  9.28515e+04
-0.08080  9.49415e+04
-0.08000  9.70433e+04
-0.07920  9.91663e+04
-0.07840  1.01321e+05
-0.07760  1.03517e+05
-0.07680  1.05766e+05
-0.07600  1.08080e+05
-0.07520  1.10471e+05
-0.07440  1.12950e+05
-0.07360  1.15532e+05
-0.07280  1.18228e+05
-0.07200  1.21053e+05
-0.07120  1.24020e+05
-0.07040  1.27143e+05
-0.06960  1.30435e+05
-0.06880  1.33912e+05
-0.06800  1.37589e+05
-0.06720  1.41478e+05
-0.06640  1.45597e+05
-0.06560  1.49960e+05
-0.06480  1.54582e+05
-0.06400  1.59480e+05
-0.06320  1.64669e+05
-0.06240  1.70166e+05
-0.06160  1.75987e+05
-0.06080  1.82150e+05
-0.06000  1.88672e+05
-0.05920  1.95570e+05
-0.05840  2.02864e+05
-0.05760  2.10571e+05
-0.05680  2.18711e+05
-0.05600  2.27304e+05
-0.05520  2.36369e+05
-0.05440  2.45927e+05
-0.05360  2.55999e+05
-0.05280  2.66607e+05
-0.05200  2.77774e+05
-0.05120  2.89521e+05
-0.05040  3.01872e+05
-0.04960  3.14851e+05
-0.04880  3.28482e+05
-0.04800  3.42790e+05
-0.04720  3.57799e+05
-0.04640  3.73535e+05
-0.04560  3.90025e+05
-0.04480  4.07294e+05
-0.04400  4.25368e+05
-0.04320  4.44274e+05
-0.04240  4.64038e+05
-0.04160  4.84688e+05
-0.04080  5.06248e+05
-0.04000  5.28747e+05
-0.03920  5.52208e+05
-0.03840  5.76658e+05
-0.03760  6.02121e+05
-0.03680  6.28622e+05
-0.03600  6.56181e+05
-0.03520  6.84822e+05
-0.03440  7.14564e+05
-0.03360  7.45426e+05
-0.03280  7.77424e+05
-0.03200  8.10572e+05
-0.03120  8.44883e+05
-0.03040  8.80367e+05
-0.02960  9.17031e+05
-0.02880  9.54878e+05
-0.02800  9.93911e+05
-0.02720  1.03413e+06
-0.02640  1.07552e+06
-0.02560  1.11809e+06
-0.02480  1.16182e+06
-0.02400  1.20671e+06
-0.02320  1.25273e+06
-0.02240  1.29988e+06
-0.02160  1.34815e+06
-0.02080  1.39752e+06
-0.02000  1.44797e+06
-0.01920  1.49951e+06
-0.01840  1.55212e+06
-0.01760  1.60581e+06
-0.01680  1.66058e+06
-0.01600  1.71643e+06
-0.01520  1.77338e+06
-0.01440  1.83145e+06
-0.01360  1.89066e+06
-0.01280  1.95103e+06
-0.01200  2.01258e+06
-0.01120  2.07533e+06
-0.01040  2.13930e+06
-0.00960  2.20451e+06
-0.00880  2.27093e+06
-0.00800  2.33856e+06
-0.00720  2.40735e+06
-0.00640  2.47725e+06
-0.00560  2.54816e+06
-0.00480  2.61999e+06
-0.00400  2.69257e+06
-0.00320  2.76574e+06
-0.00240  2.83930e+06
-0.00160  2.91302e+06
-0.00080  2.98663e+06
 0.00000  3.05987e+06
 0.00080  3.13243e+06
 0.00160  3.20400e+06
 0.00240  3.27427e+06
 0.00320  3.34291e+06
 0.00400  3.40962e+06
 0.00480  3.47408e+06
 0.00560  3.53601e+06
 0.00640  3.59515e+06
 0.00720  3.65126e+06
 0.00800  3.70411e+06
 0.00880  3.75354e+06
 0.00960  3.79939e+06
 0.01040  3.84155e+06
 0.01120  3.87995e+06
 0.01200  3.91453e+06
 0.01280  3.94530e+06
 0.01360  3.97227e+06
 0.01440  3.99552e+06
 0.01520  4.01512e+06
 0.01600  4.03121e+06
 0.01680  4.04394e+06
 0.01760  4.05350e+06
 0.01840  4.06010e+06
 0.01920  4.06401e+06
 0.02000  4.06549e+06
 0.02080  4.06485e+06
 0.02160  4.06242e+06
 0.02240  4.05856e+06
 0.02320  4.05364e+06
 0.02400  4.04805e+06
 0.02480  4.04218e+06
 0.02560  4.03643e+06
 0.02640  4.03122e+06
 0.02720  4.02691e+06
 0.02800  4.02389e+06
 0.02880  4.02249e+06
 0.02960  4.02304e+06
 0.03040  4.02580e+06
 0.03120  4.03099e+06
 0.03200  4.03880e+06
 0.03280  4.04932e+06
 0.03360  4.06263e+06
 0.03440  4.07871e+06
 0.03520  4.09749e+06
 0.03600  4.11884e+06
 0.03680  4.14256e+06
 0.03760  4.16841e+06
 0.03840  4.19608e+06
 0.03920  4.22522e+06
 0.04000  4.25545e+06
 0.04080  4.28636e+06
 0.04160  4.31749e+06
 0.04240  4.34841e+06
 0.04320  4.37866e+06
 0.04400  4.40778e+06
 0.04480  4.43532e+06
 0.04560  4.46087e+06
 0.04640  4.48403e+06
 0.04720  4.50444e+06
 0.04800  4.52176e+06
 0.04880  4.53572e+06
 0.04960  4.54608e+06
 0.05040  4.55264e+06
 0.05120  4.55525e+06
 0.05200  4.55383e+06
 0.05280  4.54832e+06
 0.05360  4.53871e+06
 0.05440  4.52506e+06
 0.05520  4.50744e+06
 0.05600  4.48597e+06
 0.05680  4.46080e+06
 0.05760  4.43211e+06
 0.05840  4.40011e+06
 0.05920  4.36503e+06
 0.06000  4.32712e+06
 0.06080  4.28662e+06
 0.06160  4.24382e+06
 0.06240  4.19898e+06
 0.06320  4.15238e+06
 0.06400  4.10430e+06
 0.06480  4.05502e+06
 0.06560  4.00480e+06
 0.06640  3.95391e+06
 0.06720  3.90260e+06
 0.06800  3.85113e+06
 0.06880  3.79972e+06
 0.06960  3.74861e+06
 0.07040  3.69800e+06
 0.07120  3.64810e+06
 0.07200  3.59910e+06
 0.07280  3.55117e+06
 0.07360  3.50449e+06
 0.07440  3.45920e+06
 0.07520  3.41545e+06
 0.07600  3.37337e+06
 0.07680  3.33308e+06
 0.07760  3.29468e+06
 0.07840  3.25829e+06
 0.07920  3.22398e+06
 0.08000  3.19183e+06
 0.08080  3.16192e+06
 0.08160  3.13431e+06
 0.08240  3.10903e+06
 0.08320  3.08614e+06
 0.08400  3.06568e+06
 0.08480  3.04765e+06
 0.08560  3.03208e+06
 0.08640  3.01898e+06
 0.08720  3.00835e+06
 0.08800  3.00017e+06
 0.08880  2.99444e+06
 0.08960  2.99112e+06
 0.09040  2.99020e+06
 0.09120  2.99162e+06
 0.09200  2.99534e+06
 0.09280  3.00132e+06
 0.09360  3.00948e+06
 0.09440  3.01977e+06
 0.09520  3.03211e+06
 0.09600  3.04642e+06
 0.09680  3.06262e+06
 0.09760  3.08061e+06
 0.09840  3.10030e+06
 0.09920  3.12159e+06
 0.10000  3.14436e+06
 0.10080  3.16850e+06
 0.10160  3.19390e+06
 0.10240  3.22043e+06
 0.10320  3.24797e+06
 0.10400  3.27639e+06
 0.10480  3.30555e+06
 0.10560  3.33531e+06
 0.10640  3.36555e+06
 0.10720  3.39612e+06
 0.10800  3.42687e+06
 0.10880  3.45767e+06
 0.10960  3.48838e+06
 0.11040  3.51883e+06
 0.11120  3.54891e+06
 0.11200  3.57845e+06
 0.11280  3.60733e+06
 0.11360  3.63540e+06
 0.11440  3.66253e+06
 0.11520  3.68859e+06
 0.11600  3.71344e+06
 0.11680  3.73697e+06
 0.11760  3.75904e+06
 0.11840  3.77956e+06
 0.11920  3.79840e+06
 0.12000  3.81548e+06
 0.12080  3.83069e+06
 0.12160  3.84394e+06
 0.12240  3.85516e+06
 0.12320  3.86427e+06
 0.12400  3.87122e+06
 0.12480  3.87594e+06
 0.12560  3.87838e+06
 0.12640  3.87852e+06
 0.12720  3.87632e+06
 0.12800  3.87177e+06
 0.12880  3.86484e+06
 0.12960  3.85554e+06
 0.13040  3.84387e+06
 0.13120  3.82984e+06
 0.13200  3.81346e+06
 0.13280  3.79478e+06
 0.13360  3.77380e+06
 0.13440  3.75057e+06
 0.13520  3.72514e+06
 0.13600  3.69753e+06
 0.13680  3.66780e+06
 0.13760  3.63599e+06
 0.13840  3.60217e+06
 0.13920  3.56637e+06
 0.14000  3.52866e+06
 0.14080  3.48909e+06
 0.14160  3.44770e+06
 0.14240  3.40457e+06
 0.14320  3.35973e+06
 0.14400  3.31325e+06
 0.14480  3.26517e+06
 0.14560  3.21556e+06
 0.14640  3.16447e+06
 0.14720  3.11197e+06
 0.14800  3.05810e+06
 0.14880  3.00294e+06
 0.14960  2.94655e+06
 0.15040  2.88902e+06
 0.15120  2.83040e+06
 0.15200  2.77080e+06
 0.15280  2.71030e+06
 0.15360  2.64900e+06
 0.15440  2.58699e+06
 0.15520  2.52438e+06
 0.15600  2.46129e+06
 0.15680  2.39782e+06
 0.15760  2.33409e+06
 0.15840  2.27022e+06
 0.15920  2.20633e+06
 0.16000  2.14252e+06
 0.16080  2.07892e+06
 0.16160  2.01563e+06
 0.16240  1.95275e+06
 0.16320  1.89039e+06
 0.16400  1.82863e+06
 0.16480  1.76757e+06
 0.16560  1.70727e+06
 0.16640  1.64781e+06
 0.16720  1.58926e+06
 0.16800  1.53167e+06
 0.16880  1.47508e+06
 0.16960  1.41955e+06
 0.17040  1.36511e+06
 0.17120  1.31179e+06
 0.17200  1.25962e+06
 0.17280  1.20863e+06
 0.17360  1.15882e+06
 0.17440  1.11021e+06
 0.17520  1.06282e+06
 0.17600  1.01664e+06
 0.17680  9.71692e+05
 0.17760  9.27969e+05
 0.17840  8.85472e+05
 0.17920  8.44198e+05
 0.18000  8.04143e+05
 0.18080  7.65300e+05
 0.18160  7.27659e+05
 0.18240  6.91212e+05
 0.18320  6.55944e+05
 0.18400  6.21844e+05
 0.18480  5.88895e+05
 0.18560  5.57082e+05
 0.18640  5.26385e+05
 0.18720  4.96787e+05
 0.18800  4.68267e+05
 0.18880  4.40803e+05
 0.18960  4.14374e+05
 0.19040  3.88956e+05
 0.19120  3.64526e+05
 0.19200  3.41060e+05
 0.19280  3.18531e+05
 0.19360  2.96916e+05
 0.19440  2.76189e+05
 0.19520  2.56323e+05
 0.19600  2.37293e+05
 0.19680  2.19072e+05
 0.19760  2.01635e+05
 0.19840  1.84955e+05
 0.19920  1.69007e+05
 0.20000  1.53765e+05
