-0.20000  1.10994e+05
-0.19920  1.24857e+05
-0.19840  1.40252e+05
-0.19760  1.56887e+05
-0.19680  1.74435e+05
-0.19600  1.92549e+05
-0.19520  2.10879e+05
-0.19440  2.29084e+05
-0.19360  2.46854e+05
-0.19280  2.63918e+05
-0.19200  2.80056e+05
-0.19120  2.95098e+05
-0.19040  3.08769e+05
-0.18960  3.19321e+05
-0.18880  3.15752e+05
-0.18800  2.50755e+05
-0.18720 -3.76963e+03
-0.18640 -6.28654e+05
-0.18560 -1.61595e+06
-0.18480 -2.49897e+06
-0.18400 -2.62500e+06
-0.18320 -1.88188e+06
-0.18240 -8.38654e+05
-0.18160 -7.43932e+04
-0.18080  2.88526e+05
-0.18000  4.12134e+05
-0.17920  4.49712e+05
-0.17840  4.67169e+05
-0.17760  4.81687e+05
-0.17680  4.96058e+05
-0.17600  5.10370e+05
-0.17520  5.24361e+05
-0.17440  5.37739e+05
-0.17360  5.50221e+05
-0.17280  5.61548e+05
-0.17200  5.71493e+05
-0.17120  5.79867e+05
-0.17040  5.86523e+05
-0.16960  5.91350e+05
-0.16880  5.94279e+05
-0.16800  5.95272e+05
-0.16720  5.94321e+05
-0.16640  5.91445e+05
-0.16560  5.86681e+05
-0.16480  5.80084e+05
-0.16400  5.71726e+05
-0.16320  5.61691e+05
-0.16240  5.50076e+05
-0.16160  5.36991e+05
-0.16080  5.22561e+05
-0.16000  5.06930e+05
-0.15920  4.90259e+05
-0.15840  4.72734e+05
-0.15760  4.54571e+05
-0.15680  4.36015e+05
-0.15600  4.17351e+05
-0.15520  3.98900e+05
-0.15440  3.81026e+05
-0.15360  3.64130e+05
-0.15280  3.48645e+05
-0.15200  3.35024e+05
-0.15120  3.23721e+05
-0.15040  3.15169e+05
-0.14960  3.09741e+05
-0.14880  3.07721e+05
-0.14800  3.09257e+05
-0.14720  3.14328e+05
-0.14640  3.22705e+05
-0.14560  3.33935e+05
-0.14480  3.47337e+05
-0.14400  3.62041e+05
-0.14320  3.77121e+05
-0.14240  3.91954e+05
-0.14160  4.07088e+05
-0.14080  4.25949e+05
-0.14000  4.56861e+05
-0.13920  5.05804e+05
-0.13840  4.95644e+05
-0.13760  2.22308e+04
-0.13680 -1.34846e+06
-0.13600 -2.41371e+06
-0.13520 -1.39563e+06
-0.13440  4.77274e+05
-0.13360  1.34516e+06
-0.13280  1.21336e+06
-0.13200 -1.21071e+06
-0.13120 -6.56433e+06
-0.13040 -4.87685e+06
-0.12960 -2.99095e+06
-0.12880 -8.43721e+04
-0.12800  6.80652e+04
-0.12720  3.76894e+04
-0.12640  1.95546e+04
-0.12560  9.73188e+03
-0.12480  4.76230e+03
-0.12400  3.11236e+03
-0.12320  4.00393e+03
-0.12240  6.91549e+03
-0.12160  1.14176e+04
-0.12080  1.71313e+04
-0.12000  2.37204e+04
-0.11920  3.08902e+04
-0.11840  3.83847e+04
-0.11760  4.59833e+04
-0.11680  5.34956e+04
-0.11600  6.07570e+04
-0.11520  6.76243e+04
-0.11440  7.39713e+04
-0.11360  7.96864e+04
-0.11280  8.46696e+04
-0.11200  8.88315e+04
-0.11120  9.20922e+04
-0.11040  9.43810e+04
-0.10960  9.56364e+04
-0.10880  9.58067e+04
-0.10800  9.48497e+04
-0.10720  9.27339e+04
-0.10640  8.94384e+04
-0.10560  8.49533e+04
-0.10480  7.92801e+04
-0.10400  7.24315e+04
-0.10320  6.44314e+04
-0.10240  5.53153e+04
-0.10160  4.51293e+04
-0.10080  3.39304e+04
-0.10000  2.17856e+04
-0.09920  8.77163e+03
-0.09840 -5.02609e+03
-0.09760 -1.95142e+04
-0.09680 -3.45926e+04
-0.09600 -5.01553e+04
-0.09520 -6.60919e+04
-0.09440 -8.22885e+04
-0.09360 -9.86294e+04
-0.09280 -1.14998e+05
-0.09200 -1.31278e+05
-0.09120 -1.47355e+05
-0.09040 -1.63118e+05
-0.08960 -1.78457e+05
-0.08880 -1.93271e+05
-0.08800 -2.07460e+05
-0.08720 -2.20934e+05
-0.08640 -2.33609e+05
-0.08560 -2.45408e+05
-0.08480 -2.56263e+05
-0.08400 -2.66115e+05
-0.08320 -2.74913e+05
-0.08240 -2.82616e+05
-0.08160 -2.89193e+05
-0.08080 -2.94621e+05
-0.08000 -2.98890e+05
-0.07920 -3.01996e+05
-0.07840 -3.03946e+05
-0.07760 -3.04756e+05
-0.07680 -3.04450e+05
-0.07600 -3.03061e+05
-0.07520 -3.00630e+05
-0.07440 -2.97205e+05
-0.07360 -2.92840e+05
-0.07280 -2.87597e+05
-0.07200 -2.81541e+05
-0.07120 -2.74742e+05
-0.07040 -2.67275e+05
-0.06960 -2.59216e+05
-0.06880 -2.50644e+05
-0.06800 -2.41640e+05
-0.06720 -2.32283e+05
-0.06640 -2.22653e+05
-0.06560 -2.12829e+05
-0.06480 -2.02887e+05
-0.06400 -1.92900e+05
-0.06320 -1.82940e+05
-0.06240 -1.73072e+05
-0.06160 -1.63360e+05
-0.06080 -1.53862e+05
-0.06000 -1.44633e+05
-0.05920 -1.35724e+05
-0.05840 -1.27181e+05
-0.05760 -1.19049e+05
-0.05680 -1.11368e+05
-0.05600 -1.04178e+05
-0.05520 -9.75176e+04
-0.05440 -9.14227e+04
-0.05360 -8.59310e+04
-0.05280 -8.10801e+04
-0.05200 -7.69081e+04
-0.05120 -7.34541e+04
-0.05040 -7.07579e+04
-0.04960 -6.88597e+04
-0.04880 -6.77992e+04
-0.04800 -6.76153e+04
-0.04720 -6.83447e+04
-0.04640 -7.00214e+04
-0.04560 -7.26749e+04
-0.04480 -7.63297e+04
-0.04400 -8.10038e+04
-0.04320 -8.67085e+04
-0.04240 -9.34473e+04
-0.04160 -1.01216e+05
-0.04080 -1.10001e+05
-0.04000 -1.19781e+05
-0.03920 -1.30529e+05
-0.03840 -1.42207e+05
-0.03760 -1.54771e+05
-0.03680 -1.68171e+05
-0.03600 -1.82352e+05
-0.03520 -1.97250e+05
-0.03440 -2.12800e+05
-0.03360 -2.28929e+05
-0.03280 -2.45560e+05
-0.03200 -2.62614e+05
-0.03120 -2.80003e+05
-0.03040 -2.97640e+05
-0.02960 -3.15430e+05
-0.02880 -3.33278e+05
-0.02800 -3.51084e+05
-0.02720 -3.68746e+05
-0.02640 -3.86160e+05
-0.02560 -4.03224e+05
-0.02480 -4.19833e+05
-0.02400 -4.35889e+05
-0.02320 -4.51294e+05
-0.02240 -4.65957e+05
-0.02160 -4.79797e+05
-0.02080 -4.92737e+05
-0.02000 -5.04717e+05
-0.01920 -5.15685e+05
-0.01840 -5.25604e+05
-0.01760 -5.34455e+05
-0.01680 -5.42232e+05
-0.01600 -5.48947e+05
-0.01520 -5.54631e+05
-0.01440 -5.59330e+05
-0.01360 -5.63110e+05
-0.01280 -5.66051e+05
-0.01200 -5.68252e+05
-0.01120 -5.69824e+05
-0.01040 -5.70892e+05
-0.00960 -5.71592e+05
-0.00880 -5.72073e+05
-0.00800 -5.72488e+05
-0.00720 -5.73000e+05
-0.00640 -5.73773e+05
-0.00560 -5.74976e+05
-0.00480 -5.76779e+05
-0.00400 -5.79353e+05
-0.00320 -5.82867e+05
-0.00240 -5.87489e+05
-0.00160 -5.93384e+05
-0.00080 -6.00717e+05
 0.00000 -6.09648e+05
 0.00080 -6.20335e+05
 0.00160 -6.32934e+05
 0.00240 -6.47599e+05
 0.00320 -6.64480e+05
 0.00400 -6.83724e+05
 0.00480 -7.05473e+05
 0.00560 -7.29863e+05
 0.00640 -7.57022e+05
 0.00720 -7.87070e+05
 0.00800 -8.20111e+05
 0.00880 -8.56234e+05
 0.00960 -8.95507e+05
 0.01040 -9.37973e+05
 0.01120 -9.83646e+05
 0.01200 -1.03251e+06
 0.01280 -1.08451e+06
 0.01360 -1.13954e+06
 0.01440 -1.19746e+06
 0.01520 -1.25809e+06
 0.01600 -1.32118e+06
 0.01680 -1.38645e+06
 0.01760 -1.45355e+06
 0.01840 -1.52208e+06
 0.01920 -1.59162e+06
 0.02000 -1.66168e+06
 0.02080 -1.73174e+06
 0.02160 -1.80124e+06
 0.02240 -1.86961e+06
 0.02320 -1.93623e+06
 0.02400 -2.00049e+06
 0.02480 -2.06179e+06
 0.02560 -2.11952e+06
 0.02640 -2.17307e+06
 0.02720 -2.22190e+06
 0.02800 -2.26548e+06
 0.02880 -2.30332e+06
 0.02960 -2.33499e+06
 0.03040 -2.36013e+06
 0.03120 -2.37843e+06
 0.03200 -2.38968e+06
 0.03280 -2.39371e+06
 0.03360 -2.39046e+06
 0.03440 -2.37992e+06
 0.03520 -2.36220e+06
 0.03600 -2.33745e+06
 0.03680 -2.30592e+06
 0.03760 -2.26790e+06
 0.03840 -2.22377e+06
 0.03920 -2.17396e+06
 0.04000 -2.11893e+06
 0.04080 -2.05921e+06
 0.04160 -1.99534e+06
 0.04240 -1.92788e+06
 0.04320 -1.85741e+06
 0.04400 -1.78451e+06
 0.04480 -1.70974e+06
 0.04560 -1.63366e+06
 0.04640 -1.55681e+06
 0.04720 -1.47970e+06
 0.04800 -1.40279e+06
 0.04880 -1.32651e+06
 0.04960 -1.25125e+06
 0.05040 -1.17736e+06
 0.05120 -1.10513e+06
 0.05200 -1.03481e+06
 0.05280 -9.66618e+05
 0.05360 -9.00701e+05
 0.05440 -8.37179e+05
 0.05520 -7.76132e+05
 0.05600 -7.17600e+05
 0.05680 -6.61595e+05
 0.05760 -6.08095e+05
 0.05840 -5.57058e+05
 0.05920 -5.08418e+05
 0.06000 -4.62094e+05
 0.06080 -4.17992e+05
 0.06160 -3.76009e+05
 0.06240 -3.36034e+05
 0.06320 -2.97957e+05
 0.06400 -2.61663e+05
 0.06480 -2.27042e+05
 0.06560 -1.93987e+05
 0.06640 -1.62396e+05
 0.06720 -1.32175e+05
 0.06800 -1.03235e+05
 0.06880 -7.54978e+04
 0.06960 -4.88910e+04
 0.07040 -2.33522e+04
 0.07120  1.17295e+03
 0.07200  2.47308e+04
 0.07280  4.73601e+04
 0.07360  6.90926e+04
 0.07440  8.99535e+04
 0.07520  1.09963e+05
 0.07600  1.29135e+05
 0.07680  1.47480e+05
 0.07760  1.65008e+05
 0.07840  1.81722e+05
 0.07920  1.97629e+05
 0.08000  2.12733e+05
 0.08080  2.27041e+05
 0.08160  2.40560e+05
 0.08240  2.53305e+05
 0.08320  2.65291e+05
 0.08400  2.76544e+05
 0.08480  2.87094e+05
 0.08560  2.96981e+05
 0.08640  3.06253e+05
 0.08720  3.14967e+05
 0.08800  3.23189e+05
 0.08880  3.30992e+05
 0.08960  3.38455e+05
 0.09040  3.45659e+05
 0.09120  3.52682e+05
 0.09200  3.59595e+05
 0.09280  3.66458e+05
 0.09360  3.73311e+05
 0.09440  3.80166e+05
 0.09520  3.87004e+05
 0.09600  3.93771e+05
 0.09680  4.00369e+05
 0.09760  4.06659e+05
 0.09840  4.12466e+05
 0.09920  4.17580e+05
 0.10000  4.21768e+05
 0.10080  4.24790e+05
 0.10160  4.26411e+05
 0.10240  4.26425e+05
 0.10320  4.24675e+05
 0.10400  4.21066e+05
 0.10480  4.15590e+05
 0.10560  4.08331e+05
 0.10640  3.99474e+05
 0.10720  3.89303e+05
 0.10800  3.78186e+05
 0.10880  3.66563e+05
 0.10960  3.54911e+05
 0.11040  3.43720e+05
 0.11120  3.33452e+05
 0.11200  3.24509e+05
 0.11280  3.17197e+05
 0.11360  3.11698e+05
 0.11440  3.08055e+05
 0.11520  3.06160e+05
 0.11600  3.05761e+05
 0.11680  3.06469e+05
 0.11760  3.07790e+05
 0.11840  3.09152e+05
 0.11920  3.09946e+05
 0.12000  3.09561e+05
 0.12080  3.07428e+05
 0.12160  3.03046e+05
 0.12240  2.96017e+05
 0.12320  2.86056e+05
 0.12400  2.73007e+05
 0.12480  2.56836e+05
 0.12560  2.37627e+05
 0.12640  2.15563e+05
 0.12720  1.90909e+05
 0.12800  1.63988e+05
 0.12880  1.35162e+05
 0.12960  1.04808e+05
 0.13040  7.33029e+04
 0.13120  4.10134e+04
 0.13200  8.28419e+03
 0.13280 -2.45638e+04
 0.13360 -5.72342e+04
 0.13440 -8.94529e+04
 0.13520 -1.20964e+05
 0.13600 -1.51527e+05
 0.13680 -1.80913e+05
 0.13760 -2.08901e+05
 0.13840 -2.35280e+05
 0.13920 -2.59854e+05
 0.14000 -2.82440e+05
 0.14080 -3.02879e+05
 0.14160 -3.21038e+05
 0.14240 -3.36822e+05
 0.14320 -3.50175e+05
 0.14400 -3.61089e+05
 0.14480 -3.69601e+05
 0.14560 -3.75798e+05
 0.14640 -3.79811e+05
 0.14720 -3.81810e+05
 0.14800 -3.81997e+05
 0.14880 -3.80594e+05
 0.14960 -3.77838e+05
 0.15040 -3.73960e+05
 0.15120 -3.69182e+05
 0.15200 -3.63707e+05
 0.15280 -3.57705e+05
 0.15360 -3.51315e+05
 0.15440 -3.44639e+05
 0.15520 -3.37741e+05
 0.15600 -3.30654e+05
 0.15680 -3.23379e+05
 0.15760 -3.15898e+05
 0.15840 -3.08177e+05
 0.15920 -3.00174e+05
 0.16000 -2.91850e+05
 0.16080 -2.83174e+05
 0.16160 -2.74124e+05
 0.16240 -2.64699e+05
 0.16320 -2.54912e+05
 0.16400 -2.44796e+05
 0.16480 -2.34400e+05
 0.16560 -2.23787e+05
 0.16640 -2.13028e+05
 0.16720 -2.02203e+05
 0.16800 -1.91390e+05
 0.16880 -1.80666e+05
 0.16960 -1.70101e+05
 0.17040 -1.59757e+05
 0.17120 -1.49685e+05
 0.17200 -1.39922e+05
 0.17280 -1.30496e+05
 0.17360 -1.21420e+05
 0.17440 -1.12700e+05
 0.17520 -1.04328e+05
 0.17600 -9.62934e+04
 0.17680 -8.85757e+04
 0.17760 -8.11519e+04
 0.17840 -7.39958e+04
 0.17920 -6.70799e+04
 0.18000 -6.03760e+04
 0.18080 -5.38563e+04
 0.18160 -4.74937e+04
 0.18240 -4.12621e+04
 0.18320 -3.51367e+04
 0.18400 -2.90936e+04
 0.18480 -2.31100e+04
 0.18560 -1.71640e+04
 0.18640 -1.12344e+04
 0.18720 -5.30052e+03
 0.18800  6.57763e+02
 0.18880  6.66000e+03
 0.18960  1.27251e+04
 0.19040  1.88713e+04
 0.19120  2.51157e+04
 0.19200  3.14741e+04
 0.19280  3.79608e+04
 0.19360  4.45883e+04
 0.19440  5.13664e+04
 0.19520  5.83025e+04
 0.19600  6.54010e+04
 0.19680  7.26631e+04
 0.19760  8.00863e+04
 0.19840  8.76646e+04
 0.19920  9.53882e+04
 0.20000  1.03243e+05
