-0.20000  2.20132e+04
-0.19920  2.18303e+04
-0.19840  2.16305e+04
-0.19760  2.14125e+04
-0.19680  2.11752e+04
-0.19600  2.09174e+04
-0.19520  2.06380e+04
-0.19440  2.03361e+04
-0.19360  2.00105e+04
-0.19280  1.96606e+04
-0.19200  1.92854e+04
-0.19120  1.88842e+04
-0.19040  1.84563e+04
-0.18960  1.80010e+04
-0.18880  1.75176e+04
-0.18800  1.70058e+04
-0.18720  1.64653e+04
-0.18640  1.58964e+04
-0.18560  1.52981e+04
-0.18480  1.46678e+04
-0.18400  1.40017e+04
-0.18320  1.32983e+04
-0.18240  1.25590e+04
-0.18160  1.17850e+04
-0.18080  1.09756e+04
-0.18000  1.01283e+04
-0.17920  9.24075e+03
-0.17840  8.31073e+03
-0.17760  7.33592e+03
-0.17680  6.31388e+03
-0.17600  5.24193e+03
-0.17520  4.11714e+03
-0.17440  2.93632e+03
-0.17360  1.69603e+03
-0.17280  3.92577e+02
-0.17200 -9.77991e+02
-0.17120 -2.41985e+03
-0.17040 -3.93742e+03
-0.16960 -5.53530e+03
-0.16880 -7.21831e+03
-0.16800 -8.99140e+03
-0.16720 -1.08597e+04
-0.16640 -1.28283e+04
-0.16560 -1.49025e+04
-0.16480 -1.70876e+04
-0.16400 -1.93886e+04
-0.16320 -2.18108e+04
-0.16240 -2.43590e+04
-0.16160 -2.70378e+04
-0.16080 -2.98518e+04
-0.16000 -3.28048e+04
-0.15920 -3.59004e+04
-0.15840 -3.91414e+04
-0.15760 -4.25303e+04
-0.15680 -4.60685e+04
-0.15600 -4.97566e+04
-0.15520 -5.35945e+04
-0.15440 -5.75807e+04
-0.15360 -6.17127e+04
-0.15280 -6.59868e+04
-0.15200 -7.03975e+04
-0.15120 -7.49383e+04
-0.15040 -7.96008e+04
-0.14960 -8.43749e+04
-0.14880 -8.92488e+04
-0.14800 -9.42087e+04
-0.14720 -9.92389e+04
-0.14640 -1.04322e+05
-0.14560 -1.09437e+05
-0.14480 -1.14564e+05
-0.14400 -1.19677e+05
-0.14320 -1.24751e+05
-0.14240 -1.29757e+05
-0.14160 -1.34665e+05
-0.14080 -1.39445e+05
-0.14000 -1.44061e+05
-0.13920 -1.48479e+05
-0.13840 -1.52665e+05
-0.13760 -1.56581e+05
-0.13680 -1.60193e+05
-0.13600 -1.63465e+05
-0.13520 -1.66363e+05
-0.13440 -1.68856e+05
-0.13360 -1.70911e+05
-0.13280 -1.72501e+05
-0.13200 -1.73599e+05
-0.13120 -1.74175e+05
-0.13040 -1.74200e+05
-0.12960 -1.73635e+05
-0.12880 -1.72434e+05
-0.12800 -1.70536e+05
-0.12720 -1.67868e+05
-0.12640 -1.64345e+05
-0.12560 -1.59870e+05
-0.12480 -1.54342e+05
-0.12400 -1.47669e+05
-0.12320 -1.39776e+05
-0.12240 -1.30623e+05
-0.12160 -1.20216e+05
-0.12080 -1.08619e+05
-0.12000 -9.59576e+04
-0.11920 -8.24145e+04
-0.11840 -6.82194e+04
-0.11760 -5.36300e+04
-0.11680 -3.89082e+04
-0.11600 -2.42951e+04
-0.11520 -9.98872e+03
-0.11440  3.87167e+03
-0.11360  1.72118e+04
-0.11280  3.00185e+04
-0.11200  4.23260e+04
-0.11120  5.41954e+04
-0.11040  6.56918e+04
-0.10960  7.68616e+04
-0.10880  8.77156e+04
-0.10800  9.82199e+04
-0.10720  1.08294e+05
-0.10640  1.17820e+05
-0.10560  1.26652e+05
-0.10480  1.34634e+05
-0.10400  1.41614e+05
-0.10320  1.47458e+05
-0.10240  1.52057e+05
-0.10160  1.55331e+05
-0.10080  1.57228e+05
-0.10000  1.57718e+05
-0.09920  1.56789e+05
-0.09840  1.54438e+05
-0.09760  1.50663e+05
-0.09680  1.45466e+05
-0.09600  1.38848e+05
-0.09520  1.30808e+05
-0.09440  1.21354e+05
-0.09360  1.10502e+05
-0.09280  9.82813e+04
-0.09200  8.47416e+04
-0.09120  6.99536e+04
-0.09040  5.40113e+04
-0.08960  3.70314e+04
-0.08880  1.91510e+04
-0.08800  5.24891e+02
-0.08720 -1.86785e+04
-0.08640 -3.82814e+04
-0.08560 -5.81012e+04
-0.08480 -7.79536e+04
-0.08400 -9.76567e+04
-0.08320 -1.17033e+05
-0.08240 -1.35912e+05
-0.08160 -1.54133e+05
-0.08080 -1.71542e+05
-0.08000 -1.87998e+05
-0.07920 -2.03372e+05
-0.07840 -2.17545e+05
-0.07760 -2.30412e+05
-0.07680 -2.41881e+05
-0.07600 -2.51871e+05
-0.07520 -2.60317e+05
-0.07440 -2.67167e+05
-0.07360 -2.72380e+05
-0.07280 -2.75933e+05
-0.07200 -2.77812e+05
-0.07120 -2.78016e+05
-0.07040 -2.76559e+05
-0.06960 -2.73464e+05
-0.06880 -2.68765e+05
-0.06800 -2.62507e+05
-0.06720 -2.54743e+05
-0.06640 -2.45534e+05
-0.06560 -2.34950e+05
-0.06480 -2.23064e+05
-0.06400 -2.09957e+05
-0.06320 -1.95714e+05
-0.06240 -1.80421e+05
-0.06160 -1.64169e+05
-0.06080 -1.47049e+05
-0.06000 -1.29153e+05
-0.05920 -1.10573e+05
-0.05840 -9.13989e+04
-0.05760 -7.17215e+04
-0.05680 -5.16278e+04
-0.05600 -3.12027e+04
-0.05520 -1.05281e+04
-0.05440  1.03175e+04
-0.05360  3.12592e+04
-0.05280  5.22262e+04
-0.05200  7.31516e+04
-0.05120  9.39729e+04
-0.05040  1.14632e+05
-0.04960  1.35074e+05
-0.04880  1.55251e+05
-0.04800  1.75115e+05
-0.04720  1.94627e+05
-0.04640  2.13749e+05
-0.04560  2.32446e+05
-0.04480  2.50690e+05
-0.04400  2.68453e+05
-0.04320  2.85713e+05
-0.04240  3.02449e+05
-0.04160  3.18644e+05
-0.04080  3.34282e+05
-0.04000  3.49352e+05
-0.03920  3.63843e+05
-0.03840  3.77746e+05
-0.03760  3.91055e+05
-0.03680  4.03765e+05
-0.03600  4.15872e+05
-0.03520  4.27374e+05
-0.03440  4.38270e+05
-0.03360  4.48558e+05
-0.03280  4.58242e+05
-0.03200  4.67321e+05
-0.03120  4.75799e+05
-0.03040  4.83679e+05
-0.02960  4.90965e+05
-0.02880  4.97662e+05
-0.02800  5.03776e+05
-0.02720  5.09311e+05
-0.02640  5.14275e+05
-0.02560  5.18675e+05
-0.02480  5.22517e+05
-0.02400  5.25808e+05
-0.02320  5.28555e+05
-0.02240  5.30763e+05
-0.02160  5.32437e+05
-0.02080  5.33581e+05
-0.02000  5.34197e+05
-0.01920  5.34285e+05
-0.01840  5.33841e+05
-0.01760  5.32860e+05
-0.01680  5.31335e+05
-0.01600  5.29253e+05
-0.01520  5.26599e+05
-0.01440  5.23357e+05
-0.01360  5.19506e+05
-0.01280  5.15024e+05
-0.01200  5.09888e+05
-0.01120  5.04076e+05
-0.01040  4.97564e+05
-0.00960  4.90334e+05
-0.00880  4.82370e+05
-0.00800  4.73661e+05
-0.00720  4.64203e+05
-0.00640  4.54001e+05
-0.00560  4.43068e+05
-0.00480  4.31427e+05
-0.00400  4.19109e+05
-0.00320  4.06157e+05
-0.00240  3.92623e+05
-0.00160  3.78568e+05
-0.00080  3.64057e+05
 0.00000  3.49164e+05
 0.00080  3.33964e+05
 0.00160  3.18531e+05
 0.00240  3.02940e+05
 0.00320  2.87260e+05
 0.00400  2.71553e+05
 0.00480  2.55874e+05
 0.00560  2.40266e+05
 0.00640  2.24762e+05
 0.00720  2.09382e+05
 0.00800  1.94135e+05
 0.00880  1.79019e+05
 0.00960  1.64020e+05
 0.01040  1.49118e+05
 0.01120  1.34284e+05
 0.01200  1.19487e+05
 0.01280  1.04692e+05
 0.01360  8.98670e+04
 0.01440  7.49798e+04
 0.01520  6.00047e+04
 0.01600  4.49219e+04
 0.01680  2.97196e+04
 0.01760  1.43944e+04
 0.01840 -1.04801e+03
 0.01920 -1.65928e+04
 0.02000 -3.22165e+04
 0.02080 -4.78878e+04
 0.02160 -6.35687e+04
 0.02240 -7.92151e+04
 0.02320 -9.47792e+04
 0.02400 -1.10210e+05
 0.02480 -1.25455e+05
 0.02560 -1.40462e+05
 0.02640 -1.55180e+05
 0.02720 -1.69560e+05
 0.02800 -1.83555e+05
 0.02880 -1.97123e+05
 0.02960 -2.10227e+05
 0.03040 -2.22831e+05
 0.03120 -2.34908e+05
 0.03200 -2.46433e+05
 0.03280 -2.57387e+05
 0.03360 -2.67754e+05
 0.03440 -2.77523e+05
 0.03520 -2.86686e+05
 0.03600 -2.95240e+05
 0.03680 -3.03185e+05
 0.03760 -3.10521e+05
 0.03840 -3.17254e+05
 0.03920 -3.23391e+05
 0.04000 -3.28939e+05
 0.04080 -3.33909e+05
 0.04160 -3.38312e+05
 0.04240 -3.42160e+05
 0.04320 -3.45467e+05
 0.04400 -3.48245e+05
 0.04480 -3.50511e+05
 0.04560 -3.52277e+05
 0.04640 -3.53559e+05
 0.04720 -3.54371e+05
 0.04800 -3.54729e+05
 0.04880 -3.54647e+05
 0.04960 -3.54140e+05
 0.05040 -3.53222e+05
 0.05120 -3.51908e+05
 0.05200 -3.50212e+05
 0.05280 -3.48147e+05
 0.05360 -3.45727e+05
 0.05440 -3.42966e+05
 0.05520 -3.39876e+05
 0.05600 -3.36472e+05
 0.05680 -3.32766e+05
 0.05760 -3.28771e+05
 0.05840 -3.24501e+05
 0.05920 -3.19968e+05
 0.06000 -3.15185e+05
 0.06080 -3.10166e+05
 0.06160 -3.04924e+05
 0.06240 -2.99473e+05
 0.06320 -2.93826e+05
 0.06400 -2.87996e+05
 0.06480 -2.81999e+05
 0.06560 -2.75847e+05
 0.06640 -2.69556e+05
 0.06720 -2.63140e+05
 0.06800 -2.56613e+05
 0.06880 -2.49989e+05
 0.06960 -2.43284e+05
 0.07040 -2.36512e+05
 0.07120 -2.29688e+05
 0.07200 -2.22827e+05
 0.07280 -2.15943e+05
 0.07360 -2.09050e+05
 0.07440 -2.02163e+05
 0.07520 -1.95296e+05
 0.07600 -1.88462e+05
 0.07680 -1.81676e+05
 0.07760 -1.74951e+05
 0.07840 -1.68300e+05
 0.07920 -1.61735e+05
 0.08000 -1.55269e+05
 0.08080 -1.48914e+05
 0.08160 -1.42681e+05
 0.08240 -1.36582e+05
 0.08320 -1.30627e+05
 0.08400 -1.24826e+05
 0.08480 -1.19189e+05
 0.08560 -1.13725e+05
 0.08640 -1.08443e+05
 0.08720 -1.03352e+05
 0.08800 -9.84581e+04
 0.08880 -9.37697e+04
 0.08960 -8.92929e+04
 0.09040 -8.50337e+04
 0.09120 -8.09974e+04
 0.09200 -7.71885e+04
 0.09280 -7.36110e+04
 0.09360 -7.02678e+04
 0.09440 -6.71610e+04
 0.09520 -6.42919e+04
 0.09600 -6.16605e+04
 0.09680 -5.92659e+04
 0.09760 -5.71055e+04
 0.09840 -5.51755e+04
 0.09920 -5.34705e+04
 0.10000 -5.19834e+04
 0.10080 -5.07049e+04
 0.10160 -4.96240e+04
 0.10240 -4.87273e+04
 0.10320 -4.79994e+04
 0.10400 -4.74223e+04
 0.10480 -4.69764e+04
 0.10560 -4.66396e+04
 0.10640 -4.63886e+04
 0.10720 -4.61989e+04
 0.10800 -4.60457e+04
 0.10880 -4.59046e+04
 0.10960 -4.57530e+04
 0.11040 -4.55708e+04
 0.11120 -4.53424e+04
 0.11200 -4.50573e+04
 0.11280 -4.47120e+04
 0.11360 -4.43107e+04
 0.11440 -4.38659e+04
 0.11520 -4.33993e+04
 0.11600 -4.29406e+04
 0.11680 -4.25270e+04
 0.11760 -4.22014e+04
 0.11840 -4.20094e+04
 0.11920 -4.19961e+04
 0.12000 -4.22023e+04
 0.12080 -4.26603e+04
 0.12160 -4.33892e+04
 0.12240 -4.43911e+04
 0.12320 -4.56476e+04
 0.12400 -4.71178e+04
 0.12480 -4.87369e+04
 0.12560 -5.04171e+04
 0.12640 -5.20506e+04
 0.12720 -5.35132e+04
 0.12800 -5.46707e+04
 0.12880 -5.53862e+04
 0.12960 -5.55283e+04
 0.13040 -5.49797e+04
 0.13120 -5.36450e+04
 0.13200 -5.14582e+04
 0.13280 -4.83886e+04
 0.13360 -4.44435e+04
 0.13440 -3.96701e+04
 0.13520 -3.41535e+04
 0.13600 -2.80133e+04
 0.13680 -2.13966e+04
 0.13760 -1.44705e+04
 0.13840 -7.41244e+03
 0.13920 -4.00612e+02
 0.14000  6.39615e+03
 0.14080  1.28272e+04
 0.14160  1.87676e+04
 0.14240  2.41240e+04
 0.14320  2.88381e+04
 0.14400  3.28878e+04
 0.14480  3.62863e+04
 0.14560  3.90789e+04
 0.14640  4.13380e+04
 0.14720  4.31568e+04
 0.14800  4.46428e+04
 0.14880  4.59094e+04
 0.14960  4.70695e+04
 0.15040  4.82287e+04
 0.15120  4.94794e+04
 0.15200  5.08968e+04
 0.15280  5.25355e+04
 0.15360  5.44287e+04
 0.15440  5.65876e+04
 0.15520  5.90034e+04
 0.15600  6.16491e+04
 0.15680  6.44830e+04
 0.15760  6.74531e+04
 0.15840  7.05002e+04
 0.15920  7.35628e+04
 0.16000  7.65803e+04
 0.16080  7.94968e+04
 0.16160  8.22630e+04
 0.16240  8.48386e+04
 0.16320  8.71931e+04
 0.16400  8.93061e+04
 0.16480  9.11673e+04
 0.16560  9.27753e+04
 0.16640  9.41365e+04
 0.16720  9.52633e+04
 0.16800  9.61731e+04
 0.16880  9.68859e+04
 0.16960  9.74234e+04
 0.17040  9.78074e+04
 0.17120  9.80586e+04
 0.17200  9.81963e+04
 0.17280  9.82372e+04
 0.17360  9.81958e+04
 0.17440  9.80837e+04
 0.17520  9.79102e+04
 0.17600  9.76825e+04
 0.17680  9.74055e+04
 0.17760  9.70828e+04
 0.17840  9.67168e+04
 0.17920  9.63090e+04
 0.18000  9.58603e+04
 0.18080  9.53715e+04
 0.18160  9.48433e+04
 0.18240  9.42763e+04
 0.18320  9.36716e+04
 0.18400  9.30304e+04
 0.18480  9.23542e+04
 0.18560  9.16449e+04
 0.18640  9.09045e+04
 0.18720  9.01354e+04
 0.18800  8.93400e+04
 0.18880  8.85211e+04
 0.18960  8.76813e+04
 0.19040  8.68235e+04
 0.19120  8.59505e+04
 0.19200  8.50650e+04
 0.19280  8.41698e+04
 0.19360  8.32674e+04
 0.19440  8.23605e+04
 0.19520  8.14514e+04
 0.19600  8.05424e+04
 0.19680  7.96356e+04
 0.19760  7.87329e+04
 0.19840  7.78363e+04
 0.19920  7.69474e+04
 0.20000  7.60677e+04
