-3.50000 1.351312310026903e-01
-3.49128 1.292401918094502e-01
-3.48256 1.217154155120845e-01
-3.47384 1.124314042474251e-01
-3.46512 1.003110441040425e-01
-3.45640 8.693476478061297e-02
-3.44768 7.636233309820613e-02
-3.43896 6.901585060765965e-02
-3.43025 6.306254230381743e-02
-3.42153 5.796318368529585e-02
-3.41281 5.349120085427669e-02
-3.40409 4.951283651523941e-02
-3.39537 4.592709779928814e-02
-3.38665 4.264826464631039e-02
-3.37793 3.960354133557225e-02
-3.36921 3.673347688478678e-02
-3.36049 3.399106208547389e-02
-3.35177 3.133956510659322e-02
-3.34305 2.875005286713965e-02
-3.33433 2.619923048150364e-02
-3.32561 2.366778261765952e-02
-3.31689 2.113915221371861e-02
-3.30817 1.859863307339601e-02
-3.29945 1.603267924325968e-02
-3.29074 1.342837100121166e-02
-3.28202 1.077299966808077e-02
-3.27330 8.053743196262644e-03
-3.26458 5.257408963647785e-03
-3.25586 2.370223918821360e-03
-3.24714 -6.223434747251868e-04
-3.23842 -3.735739530760679e-03
-3.22970 -6.986460178782265e-03
-3.22098 -1.039215606783546e-02
-3.21226 -1.397173240961096e-02
-3.20354 -1.774552944914557e-02
-3.19482 -2.173548886394244e-02
-3.18610 -2.596484217998122e-02
-3.17738 -3.045761620152475e-02
-3.16866 -3.524007876172077e-02
-3.15995 -4.034427963135821e-02
-3.15123 -4.580572371123497e-02
-3.14251 -5.152643023790201e-02
-3.13379 -5.729505664686727e-02
-3.12507 -6.202994228412256e-02
-3.11635 -6.647039602221737e-02
-3.10763 -7.105014531832754e-02
-3.09891 -7.496503647824505e-02
-3.09019 -7.825273863306659e-02
-3.08147 -8.141815172583154e-02
-3.07275 -8.467547354941946e-02
-3.06403 -8.807313267293040e-02
-3.05531 -9.154908352895996e-02
-3.04659 -9.264221795178977e-02
-3.03787 -9.100638850579465e-02
-3.02915 -8.847229409382899e-02
-3.02044 -8.540627795941566e-02
-3.01172 -8.192254719160229e-02
-3.00300 -7.791820253333437e-02
-2.99428 -7.368158965909610e-02
-2.98556 -7.003069613013030e-02
-2.97684 -6.665675941568683e-02
-2.96812 -6.343422802159440e-02
-2.95940 -6.029162202915377e-02
-2.95068 -5.717048697998070e-02
-2.94196 -5.400928011907441e-02
-2.93324 -5.073620801881946e-02
-2.92452 -4.726913641462693e-02
-2.91580 -4.350824195916848e-02
-2.90708 -3.920083724802512e-02
-2.89836 -3.316342913759143e-02
-2.88964 -2.284349390246838e-02
-2.88093 -1.269259326966693e-02
-2.87221 -1.964711932098971e-03
-2.86349 7.636987731694756e-03
-2.85477 1.603038418889992e-02
-2.84605 2.407971272021959e-02
-2.83733 3.096253818901500e-02
-2.82861 3.783390911714953e-02
-2.81989 4.551572661631833e-02
-2.81117 5.454075920652189e-02
-2.80245 6.498682105568782e-02
-2.79373 7.768056995734701e-02
-2.78501 9.020400979082480e-02
-2.77629 1.013441546236444e-01
-2.76757 1.096888419920864e-01
-2.75885 1.163889857884901e-01
-2.75014 1.218621316598616e-01
-2.74142 1.264531510952608e-01
-2.73270 1.304663701874383e-01
-2.72398 1.340187236267421e-01
-2.71526 1.371853102500235e-01
-2.70654 1.400247306306720e-01
-2.69782 1.425882634448739e-01
-2.68910 1.449251665806077e-01
-2.68038 1.470874648327265e-01
-2.67166 1.491362711061938e-01
-2.66294 1.511561129191984e-01
-2.65422 1.532976504343442e-01
-2.64550 1.560555534493574e-01
-2.63678 1.585424010827458e-01
-2.62806 1.605156607921731e-01
-2.61934 1.621853055092572e-01
-2.61063 1.635823741698449e-01
-2.60191 1.646779475571440e-01
-2.59319 1.653593103822571e-01
-2.58447 1.653122505144001e-01
-2.57575 1.642656942333400e-01
-2.56703 1.624633563957622e-01
-2.55831 1.605233693184899e-01
-2.54959 1.591351292344531e-01
-2.54087 1.585965337140291e-01
-2.53215 1.589415140058411e-01
-2.52343 1.658980899692227e-01
-2.51471 1.750377921559760e-01
-2.50599 1.805596387837207e-01
-2.49727 1.849477703693152e-01
-2.48855 1.875007539764973e-01
-2.47984 1.877434994167004e-01
-2.47112 1.865227857512677e-01
-2.46240 1.846042543952283e-01
-2.45368 1.823101135731424e-01
-2.44496 1.798718978642834e-01
-2.43624 1.774175658899741e-01
-2.42752 1.749145935103642e-01
-2.41880 1.722270187050798e-01
-2.41008 1.695155567879065e-01
-2.40136 1.678098033579228e-01
-2.39264 1.664985306607999e-01
-2.38392 1.653389353157710e-01
-2.37520 1.642820328728532e-01
-2.36648 1.632734280884118e-01
-2.35776 1.622982437454978e-01
-2.34904 1.612924176106146e-01
-2.34033 1.599689162793940e-01
-2.33161 1.579003028398762e-01
-2.32289 1.558405124783399e-01
-2.31417 1.538443607176214e-01
-2.30545 1.518412896764587e-01
-2.29673 1.497537819838538e-01
-2.28801 1.475587684736223e-01
-2.27929 1.452785523384924e-01
-2.27057 1.429374344193897e-01
-2.26185 1.405470253114612e-01
-2.25313 1.381107038530709e-01
-2.24441 1.356303448830096e-01
-2.23569 1.331169449713146e-01
-2.22697 1.306007550538295e-01
-2.21825 1.280605306897158e-01
-2.20954 1.253587523078438e-01
-2.20082 1.225020286147593e-01
-2.19210 1.194937598464142e-01
-2.18338 1.164849522504920e-01
-2.17466 1.135305192528019e-01
-2.16594 1.105730931370073e-01
-2.15722 1.075814863434443e-01
-2.14850 1.045850335266169e-01
-2.13978 1.016235104090637e-01
-2.13106 9.861499029898774e-02
-2.12234 9.550666791429518e-02
-2.11362 9.224419735280200e-02
-2.10490 8.888215420752091e-02
-2.09618 8.543093009029289e-02
-2.08746 8.188531998189336e-02
-2.07874 7.823564444207916e-02
-2.07003 7.447032883089826e-02
-2.06131 7.057650929971246e-02
-2.05259 6.654009695831307e-02
-2.04387 6.234570795280042e-02
-2.03515 5.797658077994406e-02
-2.02643 5.341429608653107e-02
-2.01771 4.863748818639367e-02
-2.00899 4.361931871802966e-02
-2.00027 3.831435893131006e-02
-1.99155 3.267414316426906e-02
-1.98283 2.676149845278049e-02
-1.97411 2.049424833928433e-02
-1.96539 1.382190814621479e-02
-1.95667 6.711919135745721e-03
-1.94795 -8.655144701475261e-04
-1.93924 -8.938768893004018e-03
-1.93052 -1.753383130492122e-02
-1.92180 -2.667424947511368e-02
-1.91308 -3.638178838740359e-02
-1.90436 -4.667525955109997e-02
-1.89564 -5.755280688160562e-02
-1.88692 -6.892624632968963e-02
-1.87820 -8.053376051100958e-02
-1.86948 -9.196709500018733e-02
-1.86076 -1.028098204945619e-01
-1.85204 -1.126511787350331e-01
-1.84332 -1.207842930628240e-01
-1.83460 -1.252233850338003e-01
-1.82588 -1.259390637050448e-01
-1.81716 -1.258333568102678e-01
-1.80844 -1.254712581094852e-01
-1.79973 -1.249120287357869e-01
-1.79101 -1.239127923704319e-01
-1.78229 -1.194116651529209e-01
-1.77357 -1.122666351622530e-01
-1.76485 -1.044938501750496e-01
-1.75613 -9.663652651633037e-02
-1.74741 -8.892522490929326e-02
-1.73869 -8.147324861206959e-02
-1.72997 -7.433848680030583e-02
-1.72125 -6.754952893110536e-02
-1.71253 -6.111629258257308e-02
-1.70381 -5.503580081058041e-02
-1.69509 -4.929493774760924e-02
-1.68637 -4.387346258549763e-02
-1.67765 -3.874848626758932e-02
-1.66893 -3.389879286912934e-02
-1.66022 -2.930806513914507e-02
-1.65150 -2.496609659662920e-02
-1.64278 -2.086754080505032e-02
-1.63406 -1.700899134796488e-02
-1.62534 -1.338594207640528e-02
-1.61662 -9.990890338998854e-03
-1.60790 -6.812972484943942e-03
-1.59918 -3.838749092245324e-03
-1.59046 -1.053455113355461e-03
-1.58174 1.557849663656570e-03
-1.57302 4.009501958195496e-03
-1.56430 6.314848724773068e-03
-1.55558 8.486146403508787e-03
-1.54686 1.053461841834012e-02
-1.53814 1.247057709099188e-02
-1.52943 1.430355891006513e-02
-1.52071 1.604245286220082e-02
-1.51199 1.769561724465693e-02
-1.50327 1.927098593760505e-02
-1.49455 2.077616600528541e-02
-1.48583 2.221852807247859e-02
-1.47711 2.360529054904065e-02
-1.46839 2.494359873923317e-02
-1.45967 2.624060007949925e-02
-1.45095 2.750351703915214e-02
-1.44223 2.873971946373804e-02
-1.43351 2.995679823645902e-02
-1.42479 3.116264196876477e-02
-1.41607 3.236551788543648e-02
-1.40735 3.357415707980099e-02
-1.39863 3.479784307021177e-02
-1.38992 3.604650185574700e-02
-1.38120 3.733079316761286e-02
-1.37248 3.866220917798946e-02
-1.36376 4.005320201208822e-02
-1.35504 4.151738783886035e-02
-1.34632 4.306991463319172e-02
-1.33760 4.472813380045876e-02
-1.32888 4.651277188463293e-02
-1.32016 4.844978286254970e-02
-1.31144 5.057283628377623e-02
-1.30272 5.292646994692688e-02
-1.29400 5.557406055646647e-02
-1.28528 5.863074554087650e-02
-1.27656 6.256787930964491e-02
-1.26784 6.726717074546545e-02
-1.25913 7.217185371313622e-02
-1.25041 7.674547621297952e-02
-1.24169 8.086037712548223e-02
-1.23297 8.466933331462428e-02
-1.22425 8.830990630029693e-02
-1.21553 9.159618519478735e-02
-1.20681 9.409358625953163e-02
-1.19809 9.577444784311707e-02
-1.18937 9.689348511321126e-02
-1.18065 9.776506127530912e-02
-1.17193 9.809122211332812e-02
-1.16321 9.780176920889364e-02
-1.15449 9.750853337662735e-02
-1.14577 9.708926674836342e-02
-1.13705 9.607226583414101e-02
-1.12833 9.451560100929060e-02
-1.11962 9.303908312966554e-02
-1.11090 9.160208799814569e-02
-1.10218 8.980477419466276e-02
-1.09346 8.740354928003136e-02
-1.08474 8.488085535024710e-02
-1.07602 8.226504994033905e-02
-1.06730 7.933563834522309e-02
-1.05858 7.606143198824196e-02
-1.04986 7.283770733605680e-02
-1.04114 6.967676838391521e-02
-1.03242 6.679502957226467e-02
-1.02370 6.428313998292114e-02
-1.01498 6.201434956292579e-02
-1.00626 5.995268564782603e-02
-0.99754 5.812006194641253e-02
-0.98883 5.653562978407855e-02
-0.98011 5.520209605938127e-02
-0.97139 5.413936062699688e-02
-0.96267 5.314921188228541e-02
-0.95395 5.222006978377534e-02
-0.94523 5.131217377225455e-02
-0.93651 5.041460992262208e-02
-0.92779 4.951112992998930e-02
-0.91907 4.859325740128007e-02
-0.91035 4.766422268490816e-02
-0.90163 4.666679340963889e-02
-0.89291 4.568446592330776e-02
-0.88419 4.472667513702974e-02
-0.87547 4.375292678885188e-02
-0.86675 4.266532160496402e-02
-0.85803 4.132767727717410e-02
-0.84932 3.935301637152305e-02
-0.84060 3.786432286596658e-02
-0.83188 3.695852940470796e-02
-0.82316 3.620126077024809e-02
-0.81444 3.552977712894442e-02
-0.80572 3.492415245224062e-02
-0.79700 3.437212541842248e-02
-0.78828 3.386323557395778e-02
-0.77956 3.339075541205233e-02
-0.77084 3.296132157729222e-02
-0.76212 3.260364305442649e-02
-0.75340 3.234054566149836e-02
-0.74468 3.213885531948309e-02
-0.73596 3.192547076987328e-02
-0.72724 3.162908921659586e-02
-0.71853 3.121058284043393e-02
-0.70981 3.070267366081306e-02
-0.70109 3.017726428920641e-02
-0.69237 2.969724076188592e-02
-0.68365 2.932591691242763e-02
-0.67493 2.950730526348585e-02
-0.66621 2.809757392158610e-02
-0.65749 2.706274301710688e-02
-0.64877 2.642166699073354e-02
-0.64005 2.583694055186951e-02
-0.63133 2.525958539563560e-02
-0.62261 2.467886961526145e-02
-0.61389 2.409187466353682e-02
-0.60517 2.349683995658566e-02
-0.59645 2.289242291071155e-02
-0.58773 2.227714568593635e-02
-0.57902 2.164786113942762e-02
-0.57030 2.099846570211593e-02
-0.56158 2.032251018145666e-02
-0.55286 1.961852967713142e-02
-0.54414 1.883147186579545e-02
-0.53542 1.806715174914513e-02
-0.52670 1.741820989816070e-02
-0.51798 1.677613307572278e-02
-0.50926 1.616727035010645e-02
-0.50054 1.570187793823521e-02
-0.49182 1.528428519296464e-02
-0.48310 1.488873911335709e-02
-0.47438 1.450006882173031e-02
-0.46566 1.410812839580909e-02
-0.45694 1.370645395471736e-02
-0.44822 1.329099506179048e-02
-0.43951 1.285906937001172e-02
-0.43079 1.240871889448389e-02
-0.42207 1.193837559349066e-02
-0.41335 1.144668799953184e-02
-0.40463 1.093241170773533e-02
-0.39591 1.039432128693133e-02
-0.38719 9.831138760041169e-03
-0.37847 9.241497824903267e-03
-0.36975 8.623968509099930e-03
-0.36103 7.977154933460118e-03
-0.35231 7.299865455613871e-03
-0.34359 6.591272189329492e-03
-0.33487 5.850593159344182e-03
-0.32615 5.075607128670579e-03
-0.31743 4.262123864986160e-03
-0.30872 3.408120485329390e-03
-0.30000 2.508653195555289e-03
-0.29128 1.642534377049667e-03
-0.28256 1.056610776899074e-03
-0.27384 7.340612156176207e-04
-0.26512 5.561139589977283e-04
-0.25640 4.580689969740911e-04
-0.24768 4.036305228745279e-04
-0.23896 3.731130098961424e-04
-0.23024 3.559007590149537e-04
-0.22152 3.461486003485406e-04
-0.21280 3.405974007811613e-04
-0.20408 3.374220065219185e-04
-0.19536 3.355973974166352e-04
-0.18664 3.345454701744185e-04
-0.17792 3.339381066849070e-04
-0.16921 3.335876219432279e-04
-0.16049 3.333858529670101e-04
-0.15177 3.332701299322487e-04
-0.14305 3.332040600271497e-04
-0.13433 3.331665267009278e-04
-0.12561 3.331453152818344e-04
-0.11689 3.331333917865268e-04
-0.10817 3.331267260392206e-04
-0.09945 3.331230208892628e-04
-0.09073 3.331209737528930e-04
-0.08201 3.331198498467135e-04
-0.07329 3.331192369076545e-04
-0.06457 3.331189049453556e-04
-0.05585 3.331187264392822e-04
-0.04713 3.331186311486379e-04
-0.03842 3.331185806534025e-04
-0.02970 3.331185540922584e-04
-0.02098 3.331185402231461e-04
-0.01226 3.331185330341040e-04
-0.00354 3.331185293347715e-04
0.00518 3.331185274450773e-04
0.01390 3.331185264871288e-04
0.02262 3.331185260058656e-04
0.03134 3.331185257677338e-04
0.04006 3.331185256549640e-04
0.04878 3.331185256112324e-04
0.05750 3.331185256154542e-04
0.06622 3.331185256724674e-04
0.07494 3.331185258167334e-04
0.08366 3.331185261314994e-04
0.09238 3.331185267930209e-04
0.10109 3.331185281612779e-04
0.10981 3.331185309598937e-04
0.11853 3.331185366270060e-04
0.12725 3.331185479919040e-04
0.13597 3.331185705669105e-04
0.14469 3.331186149897232e-04
0.15341 3.331187015983006e-04
0.16213 3.331188689207432e-04
0.17085 3.331191892880983e-04
0.17957 3.331197972911850e-04
0.18829 3.331209412004023e-04
0.19701 3.331230751149589e-04
0.20573 3.331270228466613e-04
0.21445 3.331342673912040e-04
0.22317 3.331474591876345e-04
0.23188 3.331713039402145e-04
0.24060 3.332141063387377e-04
0.24932 3.332904427877237e-04
0.25804 3.334257715856357e-04
0.26676 3.336643692956182e-04
0.27548 3.340830245145664e-04
0.28420 3.348148920835443e-04
0.29292 3.360917851331904e-04
0.30164 3.383207779879333e-04
0.31036 3.422252706591168e-04
0.31908 3.491064977834283e-04
0.32780 3.613325247759787e-04
0.33652 3.832998670413786e-04
0.34524 4.235576683423209e-04
0.35396 4.997800018317217e-04
0.36268 6.482062812456045e-04
0.37139 9.323590781236126e-04
0.38011 1.493593178482605e-03
0.38883 2.344608798754665e-03
0.39755 3.215494279617566e-03
0.40627 4.152031306818221e-03
0.41499 5.132729553570577e-03
0.42371 6.160138323665829e-03
0.43243 7.244484705742500e-03
0.44115 8.404247169855793e-03
0.44987 9.688979435071325e-03
0.45859 1.120486230376462e-02
0.46731 1.310359818974055e-02
0.47603 1.519505996534944e-02
0.48475 1.750869453928679e-02
0.49347 2.011363030451984e-02
0.50218 2.315417109961228e-02
0.51090 2.684570217591499e-02
0.51962 3.127937546329025e-02
0.52834 3.621924999601832e-02
0.53706 4.135704130725639e-02
0.54578 4.649365691996057e-02
0.55450 5.157437924914599e-02
0.56322 5.649822679884862e-02
0.57194 6.117964067162331e-02
0.58066 6.560336587416436e-02
0.58938 6.979960031100842e-02
0.59810 7.382818898009039e-02
0.60682 7.787977040413034e-02
0.61554 8.170714423640558e-02
0.62426 8.541000776963448e-02
0.63298 8.900726851469461e-02
0.64169 9.247939092503088e-02
0.65041 9.613992939162672e-02
0.65913 9.913453363963413e-02
0.66785 1.023585531686667e-01
0.67657 1.055573410056463e-01
0.68529 1.085085604821474e-01
0.69401 1.115740712588600e-01
0.70273 1.148216064208127e-01
0.71145 1.182988262563427e-01
0.72017 1.221795382538605e-01
0.72889 1.266675195765211e-01
0.73761 1.310891357303854e-01
0.74633 1.349557423418354e-01
0.75505 1.383968149463218e-01
0.76377 1.413525837806724e-01
0.77249 1.434795493575536e-01
0.78120 1.445158527140764e-01
0.78992 1.444792496822254e-01
0.79864 1.451644732861168e-01
0.80736 1.457930280813964e-01
0.81608 1.463394458311268e-01
0.82480 1.463837769927749e-01
0.83352 1.446990223057573e-01
0.84224 1.376534132136290e-01
0.85096 8.549009348608316e-02
