-12.00000  0.00000 
-11.98580  0.00000 
-11.97160  0.00000 
-11.95740  0.00000 
-11.94320  0.00000 
-11.92900  0.00000 
-11.91480  0.00000 
-11.90060  0.00000 
-11.88640  0.00000 
-11.87220  0.00000 
-11.85800  0.00000 
-11.84380  0.00000 
-11.82960  0.00000 
-11.81540  0.00000 
-11.80120  0.00000 
-11.78700  0.00000 
-11.77280  0.00000 
-11.75860  0.00000 
-11.74440  0.00000 
-11.73020  0.00000 
-11.71600  0.00000 
-11.70180  0.00000 
-11.68760  0.00000 
-11.67340  0.00000 
-11.65920  0.00000 
-11.64500  0.00000 
-11.63080  0.00000 
-11.61660  0.00000 
-11.60240  0.00000 
-11.58820  0.00000 
-11.57400  0.00000 
-11.55980  0.00000 
-11.54560  0.00000 
-11.53140  0.00000 
-11.51720  0.00000 
-11.50300  0.00000 
-11.48880  0.00000 
-11.47460  0.00000 
-11.46040  0.00000 
-11.44620  0.00000 
-11.43200  0.00000 
-11.41780  0.00000 
-11.40360  0.00000 
-11.38940  0.00000 
-11.37520  0.00000 
-11.36100  0.00000 
-11.34680  0.00000 
-11.33260  0.00000 
-11.31840  0.00000 
-11.30420  0.00000 
-11.29000  0.00000 
-11.27580  0.00000 
-11.26160  0.00000 
-11.24740  0.00000 
-11.23320  0.00000 
-11.21900  0.00001 
-11.20480  0.00001 
-11.19060  0.00001 
-11.17640  0.00001 
-11.16220  0.00001 
-11.14800  0.00002 
-11.13380  0.00002 
-11.11960  0.00002 
-11.10540  0.00002 
-11.09120  0.00003 
-11.07700  0.00003 
-11.06280  0.00003 
-11.04860  0.00004 
-11.03440  0.00004 
-11.02020  0.00005 
-11.00600  0.00005 
-10.99180  0.00005 
-10.97760  0.00006 
-10.96340  0.00006 
-10.94920  0.00007 
-10.93500  0.00007 
-10.92080  0.00008 
-10.90660  0.00008 
-10.89240  0.00009 
-10.87820  0.00010 
-10.86400  0.00010 
-10.84980  0.00011 
-10.83560  0.00011 
-10.82140  0.00012 
-10.80720  0.00013 
-10.79300  0.00013 
-10.77880  0.00014 
-10.76460  0.00015 
-10.75040  0.00016 
-10.73620  0.00016 
-10.72200  0.00017 
-10.70780  0.00018 
-10.69360  0.00019 
-10.67940  0.00019 
-10.66520  0.00020 
-10.65100  0.00021 
-10.63680  0.00022 
-10.62260  0.00023 
-10.60840  0.00024 
-10.59420  0.00024 
-10.58000  0.00025 
-10.56580  0.00026 
-10.55160  0.00027 
-10.53740  0.00028 
-10.52320  0.00029 
-10.50900  0.00030 
-10.49480  0.00031 
-10.48060  0.00032 
-10.46640  0.00033 
-10.45220  0.00034 
-10.43800  0.00035 
-10.42380  0.00036 
-10.40960  0.00037 
-10.39540  0.00038 
-10.38120  0.00039 
-10.36700  0.00040 
-10.35280  0.00041 
-10.33860  0.00042 
-10.32440  0.00043 
-10.31020  0.00044 
-10.29600  0.00045 
-10.28180  0.00046 
-10.26760  0.00047 
-10.25340  0.00048 
-10.23920  0.00049 
-10.22500  0.00050 
-10.21080  0.00051 
-10.19660  0.00052 
-10.18240  0.00053 
-10.16820  0.00054 
-10.15400  0.00055 
-10.13980  0.00056 
-10.12560  0.00057 
-10.11140  0.00058 
-10.09720  0.00059 
-10.08300  0.00060 
-10.06880  0.00061 
-10.05460  0.00062 
-10.04040  0.00064 
-10.02620  0.00065 
-10.01200  0.00066 
-9.99780  0.00067 
-9.98360  0.00068 
-9.96940  0.00069 
-9.95520  0.00070 
-9.94100  0.00071 
-9.92680  0.00072 
-9.91260  0.00073 
-9.89840  0.00074 
-9.88420  0.00075 
-9.87000  0.00077 
-9.85580  0.00078 
-9.84160  0.00079 
-9.82740  0.00080 
-9.81320  0.00081 
-9.79900  0.00082 
-9.78480  0.00083 
-9.77060  0.00084 
-9.75640  0.00085 
-9.74220  0.00086 
-9.72800  0.00087 
-9.71380  0.00088 
-9.69960  0.00089 
-9.68540  0.00091 
-9.67120  0.00092 
-9.65700  0.00093 
-9.64280  0.00094 
-9.62860  0.00095 
-9.61440  0.00096 
-9.60020  0.00097 
-9.58600  0.00098 
-9.57180  0.00099 
-9.55760  0.00100 
-9.54340  0.00101 
-9.52920  0.00102 
-9.51500  0.00103 
-9.50080  0.00104 
-9.48660  0.00105 
-9.47240  0.00106 
-9.45820  0.00107 
-9.44400  0.00108 
-9.42980  0.00109 
-9.41560  0.00110 
-9.40140  0.00111 
-9.38720  0.00112 
-9.37300  0.00113 
-9.35880  0.00114 
-9.34460  0.00115 
-9.33040  0.00116 
-9.31620  0.00117 
-9.30200  0.00118 
-9.28780  0.00119 
-9.27360  0.00120 
-9.25940  0.00120 
-9.24520  0.00121 
-9.23100  0.00122 
-9.21680  0.00123 
-9.20260  0.00124 
-9.18840  0.00125 
-9.17420  0.00126 
-9.16000  0.00127 
-9.14580  0.00128 
-9.13160  0.00129 
-9.11740  0.00129 
-9.10320  0.00130 
-9.08900  0.00131 
-9.07480  0.00132 
-9.06060  0.00133 
-9.04640  0.00133 
-9.03220  0.00134 
-9.01800  0.00135 
-9.00380  0.00135 
-8.98960  0.00136 
-8.97540  0.00137 
-8.96120  0.00137 
-8.94700  0.00138 
-8.93280  0.00138 
-8.91860  0.00139 
-8.90440  0.00140 
-8.89020  0.00140 
-8.87600  0.00141 
-8.86180  0.00141 
-8.84760  0.00142 
-8.83340  0.00142 
-8.81920  0.00143 
-8.80500  0.00143 
-8.79080  0.00144 
-8.77660  0.00144 
-8.76240  0.00144 
-8.74820  0.00145 
-8.73400  0.00145 
-8.71980  0.00146 
-8.70560  0.00146 
-8.69140  0.00146 
-8.67720  0.00147 
-8.66300  0.00147 
-8.64880  0.00147 
-8.63460  0.00148 
-8.62040  0.00148 
-8.60620  0.00148 
-8.59200  0.00148 
-8.57780  0.00149 
-8.56360  0.00149 
-8.54940  0.00149 
-8.53520  0.00149 
-8.52100  0.00149 
-8.50680  0.00150 
-8.49260  0.00150 
-8.47840  0.00150 
-8.46420  0.00150 
-8.45000  0.00150 
-8.43580  0.00150 
-8.42160  0.00150 
-8.40740  0.00150 
-8.39320  0.00150 
-8.37900  0.00150 
-8.36480  0.00150 
-8.35060  0.00150 
-8.33640  0.00150 
-8.32220  0.00150 
-8.30800  0.00150 
-8.29380  0.00150 
-8.27960  0.00150 
-8.26540  0.00150 
-8.25120  0.00149 
-8.23700  0.00149 
-8.22280  0.00149 
-8.20860  0.00149 
-8.19440  0.00148 
-8.18020  0.00148 
-8.16600  0.00148 
-8.15180  0.00147 
-8.13760  0.00147 
-8.12340  0.00147 
-8.10920  0.00146 
-8.09500  0.00146 
-8.08080  0.00145 
-8.06660  0.00145 
-8.05240  0.00144 
-8.03820  0.00143 
-8.02400  0.00143 
-8.00980  0.00142 
-7.99560  0.00141 
-7.98140  0.00140 
-7.96720  0.00139 
-7.95300  0.00138 
-7.93880  0.00137 
-7.92460  0.00135 
-7.91040  0.00133 
-7.89620  0.00132 
-7.88200  0.00130 
-7.86780  0.00128 
-7.85360  0.00126 
-7.83940  0.00123 
-7.82520  0.00121 
-7.81100  0.00118 
-7.79680  0.00116 
-7.78260  0.00113 
-7.76840  0.00110 
-7.75420  0.00107 
-7.74000  0.00105 
-7.72580  0.00103 
-7.71160  0.00101 
-7.69740  0.00099 
-7.68320  0.00098 
-7.66900  0.00097 
-7.65480  0.00097 
-7.64060  0.00098 
-7.62640  0.00101 
-7.61220  0.00105 
-7.59800  0.00109 
-7.58380  0.00115 
-7.56960  0.00124 
-7.55540  0.00131 
-7.54120  0.00124 
-7.52700  0.00112 
-7.51280  0.00147 
-7.49860  0.00104 
-7.48440  0.00104 
-7.47020  0.00116 
-7.45600  0.00121 
-7.44180  0.00111 
-7.42760  0.00103 
-7.41340  0.00102 
-7.39920  0.00116 
-7.38500  0.00098 
-7.37080  0.00094 
-7.35660  0.00094 
-7.34240  0.00093 
-7.32820  0.00093 
-7.31400  0.00094 
-7.29980  0.00095 
-7.28560  0.00097 
-7.27140  0.00099 
-7.25720  0.00102 
-7.24300  0.00105 
-7.22880  0.00108 
-7.21460  0.00111 
-7.20040  0.00114 
-7.18620  0.00117 
-7.17200  0.00121 
-7.15780  0.00125 
-7.14360  0.00128 
-7.12940  0.00132 
-7.11520  0.00136 
-7.10100  0.00140 
-7.08680  0.00143 
-7.07260  0.00147 
-7.05840  0.00150 
-7.04420  0.00154 
-7.03000  0.00157 
-7.01580  0.00160 
-7.00160  0.00164 
-6.98740  0.00167 
-6.97320  0.00169 
-6.95900  0.00172 
-6.94480  0.00175 
-6.93060  0.00177 
-6.91640  0.00179 
-6.90220  0.00181 
-6.88800  0.00183 
-6.87380  0.00185 
-6.85960  0.00188 
-6.84540  0.00190 
-6.83120  0.00192 
-6.81700  0.00194 
-6.80280  0.00196 
-6.78860  0.00198 
-6.77440  0.00201 
-6.76020  0.00203 
-6.74600  0.00205 
-6.73180  0.00208 
-6.71760  0.00210 
-6.70340  0.00213 
-6.68920  0.00216 
-6.67500  0.00219 
-6.66080  0.00222 
-6.64660  0.00225 
-6.63240  0.00229 
-6.61820  0.00234 
-6.60400  0.00240 
-6.58980  0.00247 
-6.57560  0.00258 
-6.56140  0.00273 
-6.54720  0.00292 
-6.53300  0.00312 
-6.51880  0.00337 
-6.50460  0.00363 
-6.49040  0.00374 
-6.47620  0.00464 
-6.46200  0.00378 
-6.44780  0.00332 
-6.43360  0.00313 
-6.41940  0.00293 
-6.40520  0.00276 
-6.39100  0.00262 
-6.37680  0.00250 
-6.36260  0.00241 
-6.34840  0.00233 
-6.33420  0.00226 
-6.32000  0.00219 
-6.30580  0.00212 
-6.29160  0.00206 
-6.27740  0.00201 
-6.26320  0.00196 
-6.24900  0.00191 
-6.23480  0.00186 
-6.22060  0.00182 
-6.20640  0.00178 
-6.19220  0.00174 
-6.17800  0.00170 
-6.16380  0.00167 
-6.14960  0.00163 
-6.13540  0.00160 
-6.12120  0.00157 
-6.10700  0.00154 
-6.09280  0.00151 
-6.07860  0.00148 
-6.06440  0.00145 
-6.05020  0.00143 
-6.03600  0.00140 
-6.02180  0.00138 
-6.00760  0.00135 
-5.99340  0.00133 
-5.97920  0.00131 
-5.96500  0.00129 
-5.95080  0.00127 
-5.93660  0.00124 
-5.92240  0.00122 
-5.90820  0.00120 
-5.89400  0.00118 
-5.87980  0.00117 
-5.86560  0.00115 
-5.85140  0.00113 
-5.83720  0.00111 
-5.82300  0.00109 
-5.80880  0.00108 
-5.79460  0.00106 
-5.78040  0.00104 
-5.76620  0.00103 
-5.75200  0.00101 
-5.73780  0.00100 
-5.72360  0.00098 
-5.70940  0.00097 
-5.69520  0.00096 
-5.68100  0.00094 
-5.66680  0.00093 
-5.65260  0.00091 
-5.63840  0.00090 
-5.62420  0.00089 
-5.61000  0.00088 
-5.59580  0.00086 
-5.58160  0.00085 
-5.56740  0.00084 
-5.55320  0.00083 
-5.53900  0.00082 
-5.52480  0.00080 
-5.51060  0.00079 
-5.49640  0.00078 
-5.48220  0.00077 
-5.46800  0.00076 
-5.45380  0.00075 
-5.43960  0.00074 
-5.42540  0.00073 
-5.41120  0.00072 
-5.39700  0.00071 
-5.38280  0.00070 
-5.36860  0.00069 
-5.35440  0.00068 
-5.34020  0.00067 
-5.32600  0.00066 
-5.31180  0.00066 
-5.29760  0.00065 
-5.28340  0.00064 
-5.26920  0.00063 
-5.25500  0.00062 
-5.24080  0.00061 
-5.22660  0.00061 
-5.21240  0.00060 
-5.19820  0.00059 
-5.18400  0.00058 
-5.16980  0.00057 
-5.15560  0.00057 
-5.14140  0.00056 
-5.12720  0.00055 
-5.11300  0.00054 
-5.09880  0.00054 
-5.08460  0.00053 
-5.07040  0.00052 
-5.05620  0.00052 
-5.04200  0.00051 
-5.02780  0.00050 
-5.01360  0.00050 
-4.99940  0.00049 
-4.98520  0.00048 
-4.97100  0.00048 
-4.95680  0.00047 
-4.94260  0.00047 
-4.92840  0.00046 
-4.91420  0.00045 
-4.90000  0.00045 
-4.88580  0.00044 
-4.87160  0.00044 
-4.85740  0.00043 
-4.84320  0.00043 
-4.82900  0.00042 
-4.81480  0.00041 
-4.80060  0.00041 
-4.78640  0.00040 
-4.77220  0.00040 
-4.75800  0.00039 
-4.74380  0.00039 
-4.72960  0.00038 
-4.71540  0.00038 
-4.70120  0.00037 
-4.68700  0.00037 
-4.67280  0.00036 
-4.65860  0.00036 
-4.64440  0.00035 
-4.63020  0.00035 
-4.61600  0.00035 
-4.60180  0.00034 
-4.58760  0.00034 
-4.57340  0.00033 
-4.55920  0.00033 
-4.54500  0.00032 
-4.53080  0.00032 
-4.51660  0.00032 
-4.50240  0.00031 
-4.48820  0.00031 
-4.47400  0.00030 
-4.45980  0.00030 
-4.44560  0.00030 
-4.43140  0.00029 
-4.41720  0.00029 
-4.40300  0.00029 
-4.38880  0.00028 
-4.37460  0.00028 
-4.36040  0.00027 
-4.34620  0.00027 
-4.33200  0.00027 
-4.31780  0.00026 
-4.30360  0.00026 
-4.28940  0.00026 
-4.27520  0.00025 
-4.26100  0.00025 
-4.24680  0.00025 
-4.23260  0.00025 
-4.21840  0.00024 
-4.20420  0.00024 
-4.19000  0.00024 
-4.17580  0.00024 
-4.16160  0.00024 
-4.14740  0.00025 
-4.13320  0.00026 
-4.11900  0.00029 
-4.10480  0.00033 
-4.09060  0.00041 
-4.07640  0.00055 
-4.06220  0.00079 
-4.04800  0.00117 
-4.03380  0.00183 
-4.01960  0.00306 
-4.00540  0.00447 
-3.99120  0.00524 
-3.97700  0.00603 
-3.96280  0.00693 
-3.94860  0.00764 
-3.93440  0.00820 
-3.92020  0.00873 
-3.90600  0.00931 
-3.89180  0.00995 
-3.87760  0.01064 
-3.86340  0.01134 
-3.84920  0.01205 
-3.83500  0.01280 
-3.82080  0.01360 
-3.80660  0.01448 
-3.79240  0.01544 
-3.77820  0.01642 
-3.76400  0.01725 
-3.74980  0.01775 
-3.73560  0.01781 
-3.72140  0.01753 
-3.70720  0.01711 
-3.69300  0.01671 
-3.67880  0.01641 
-3.66460  0.01617 
-3.65040  0.01595 
-3.63620  0.01570 
-3.62200  0.01543 
-3.60780  0.01513 
-3.59360  0.01483 
-3.57940  0.01453 
-3.56520  0.01425 
-3.55100  0.01399 
-3.53680  0.01375 
-3.52260  0.01355 
-3.50840  0.01337 
-3.49420  0.01322 
-3.48000  0.01306 
-3.46580  0.01290 
-3.45160  0.01275 
-3.43740  0.01260 
-3.42320  0.01245 
-3.40900  0.01230 
-3.39480  0.01216 
-3.38060  0.01203 
-3.36640  0.01192 
-3.35220  0.01182 
-3.33800  0.01174 
-3.32380  0.01166 
-3.30960  0.01159 
-3.29540  0.01153 
-3.28120  0.01147 
-3.26700  0.01142 
-3.25280  0.01138 
-3.23860  0.01134 
-3.22440  0.01130 
-3.21020  0.01127 
-3.19600  0.01124 
-3.18180  0.01122 
-3.16760  0.01120 
-3.15340  0.01119 
-3.13920  0.01117 
-3.12500  0.01116 
-3.11080  0.01114 
-3.09660  0.01113 
-3.08240  0.01111 
-3.06820  0.01110 
-3.05400  0.01109 
-3.03980  0.01108 
-3.02560  0.01107 
-3.01140  0.01106 
-2.99720  0.01106 
-2.98300  0.01106 
-2.96880  0.01106 
-2.95460  0.01107 
-2.94040  0.01108 
-2.92620  0.01108 
-2.91200  0.01109 
-2.89780  0.01110 
-2.88360  0.01111 
-2.86940  0.01112 
-2.85520  0.01113 
-2.84100  0.01114 
-2.82680  0.01115 
-2.81260  0.01115 
-2.79840  0.01116 
-2.78420  0.01117 
-2.77000  0.01117 
-2.75580  0.01119 
-2.74160  0.01120 
-2.72740  0.01122 
-2.71320  0.01124 
-2.69900  0.01126 
-2.68480  0.01129 
-2.67060  0.01131 
-2.65640  0.01133 
-2.64220  0.01134 
-2.62800  0.01136 
-2.61380  0.01138 
-2.59960  0.01141 
-2.58540  0.01143 
-2.57120  0.01145 
-2.55700  0.01147 
-2.54280  0.01149 
-2.52860  0.01150 
-2.51440  0.01151 
-2.50020  0.01152 
-2.48600  0.01153 
-2.47180  0.01154 
-2.45760  0.01155 
-2.44340  0.01155 
-2.42920  0.01156 
-2.41500  0.01156 
-2.40080  0.01155 
-2.38660  0.01155 
-2.37240  0.01155 
-2.35820  0.01154 
-2.34400  0.01154 
-2.32980  0.01153 
-2.31560  0.01152 
-2.30140  0.01150 
-2.28720  0.01149 
-2.27300  0.01147 
-2.25880  0.01145 
-2.24460  0.01144 
-2.23040  0.01142 
-2.21620  0.01140 
-2.20200  0.01138 
-2.18780  0.01136 
-2.17360  0.01133 
-2.15940  0.01130 
-2.14520  0.01126 
-2.13100  0.01123 
-2.11680  0.01120 
-2.10260  0.01117 
-2.08840  0.01114 
-2.07420  0.01111 
-2.06000  0.01109 
-2.04580  0.01106 
-2.03160  0.01104 
-2.01740  0.01101 
-2.00320  0.01098 
-1.98900  0.01095 
-1.97480  0.01092 
-1.96060  0.01088 
-1.94640  0.01084 
-1.93220  0.01080 
-1.91800  0.01076 
-1.90380  0.01071 
-1.88960  0.01067 
-1.87540  0.01062 
-1.86120  0.01057 
-1.84700  0.01053 
-1.83280  0.01048 
-1.81860  0.01043 
-1.80440  0.01038 
-1.79020  0.01033 
-1.77600  0.01028 
-1.76180  0.01023 
-1.74760  0.01018 
-1.73340  0.01012 
-1.71920  0.01007 
-1.70500  0.01001 
-1.69080  0.00996 
-1.67660  0.00990 
-1.66240  0.00985 
-1.64820  0.00980 
-1.63400  0.00975 
-1.61980  0.00970 
-1.60560  0.00965 
-1.59140  0.00960 
-1.57720  0.00955 
-1.56300  0.00950 
-1.54880  0.00945 
-1.53460  0.00939 
-1.52040  0.00933 
-1.50620  0.00927 
-1.49200  0.00921 
-1.47780  0.00914 
-1.46360  0.00907 
-1.44940  0.00900 
-1.43520  0.00893 
-1.42100  0.00886 
-1.40680  0.00879 
-1.39260  0.00872 
-1.37840  0.00865 
-1.36420  0.00857 
-1.35000  0.00850 
-1.33580  0.00842 
-1.32160  0.00834 
-1.30740  0.00827 
-1.29320  0.00819 
-1.27900  0.00812 
-1.26480  0.00804 
-1.25060  0.00797 
-1.23640  0.00789 
-1.22220  0.00781 
-1.20800  0.00774 
-1.19380  0.00766 
-1.17960  0.00756 
-1.16540  0.00745 
-1.15120  0.00730 
-1.13700  0.00712 
-1.12280  0.00701 
-1.10860  0.00707 
-1.09440  0.00671 
-1.08020  0.00619 
-1.06600  0.00591 
-1.05180  0.00567 
-1.03760  0.00544 
-1.02340  0.00522 
-1.00920  0.00503 
-0.99500  0.00483 
-0.98080  0.00464 
-0.96660  0.00444 
-0.95240  0.00426 
-0.93820  0.00409 
-0.92400  0.00394 
-0.90980  0.00381 
-0.89560  0.00368 
-0.88140  0.00356 
-0.86720  0.00344 
-0.85300  0.00332 
-0.83880  0.00320 
-0.82460  0.00309 
-0.81040  0.00298 
-0.79620  0.00287 
-0.78200  0.00277 
-0.76780  0.00267 
-0.75360  0.00256 
-0.73940  0.00246 
-0.72520  0.00237 
-0.71100  0.00227 
-0.69680  0.00219 
-0.68260  0.00210 
-0.66840  0.00202 
-0.65420  0.00195 
-0.64000  0.00187 
-0.62580  0.00180 
-0.61160  0.00173 
-0.59740  0.00166 
-0.58320  0.00159 
-0.56900  0.00153 
-0.55480  0.00146 
-0.54060  0.00140 
-0.52640  0.00133 
-0.51220  0.00127 
-0.49800  0.00121 
-0.48380  0.00115 
-0.46960  0.00110 
-0.45540  0.00104 
-0.44120  0.00099 
-0.42700  0.00094 
-0.41280  0.00089 
-0.39860  0.00084 
-0.38440  0.00079 
-0.37020  0.00075 
-0.35600  0.00071 
-0.34180  0.00066 
-0.32760  0.00062 
-0.31340  0.00058 
-0.29920  0.00054 
-0.28500  0.00050 
-0.27080  0.00047 
-0.25660  0.00044 
-0.24240  0.00040 
-0.22820  0.00037 
-0.21400  0.00034 
-0.19980  0.00031 
-0.18560  0.00028 
-0.17140  0.00025 
-0.15720  0.00022 
-0.14300  0.00020 
-0.12880  0.00018 
-0.11460  0.00017 
-0.10040  0.00015 
-0.08620  0.00012 
-0.07200  0.00010 
-0.05780  0.00008 
-0.04360  0.00007 
-0.02940  0.00006 
-0.01520  0.00005 
-0.00100  0.00003 
0.01320  0.00002 
0.02740  0.00001 
0.04160  0.00001 
0.05580  0.00001 
0.07000  0.00000 
0.08420  0.00000 
0.09840  0.00000 
0.11260  0.00000 
0.12680  0.00000 
0.14100  0.00000 
0.15520  0.00000 
0.16940  0.00000 
0.18360  0.00000 
0.19780  0.00000 
0.21200  0.00000 
0.22620  0.00000 
0.24040  0.00000 
0.25460  0.00000 
0.26880  0.00000 
0.28300  0.00000 
0.29720  0.00000 
0.31140  0.00000 
0.32560  0.00000 
0.33980  0.00000 
0.35400  0.00000 
0.36820  0.00001 
0.38240  0.00001 
0.39660  0.00001 
0.41080  0.00001 
0.42500  0.00002 
0.43920  0.00002 
0.45340  0.00003 
0.46760  0.00005 
0.48180  0.00006 
0.49600  0.00009 
0.51020  0.00012 
0.52440  0.00016 
0.53860  0.00022 
0.55280  0.00029 
0.56700  0.00040 
0.58120  0.00053 
0.59540  0.00071 
0.60960  0.00096 
0.62380  0.00132 
0.63800  0.00183 
0.65220  0.00408 
0.66640  0.00320 
0.68060  0.00343 
0.69480  0.00369 
0.70900  0.00400 
0.72320  0.00444 
0.73740  0.00501 
0.75160  0.00566 
0.76580  0.00639 
0.78000  0.00715 
0.79420  0.00791 
0.80840  0.00858 
0.82260  0.00916 
0.83680  0.00967 
0.85100  0.01012 
0.86520  0.01050 
0.87940  0.01083 
0.89360  0.01115 
0.90780  0.01150 
0.92200  0.01188 
0.93620  0.01226 
0.95040  0.01263 
0.96460  0.01296 
0.97880  0.01327 
0.99300  0.01355 
1.00720  0.01383 
1.02140  0.01409 
1.03560  0.01434 
1.04980  0.01458 
1.06400  0.01483 
1.07820  0.01509 
1.09240  0.01535 
1.10660  0.01562 
1.12080  0.01590 
1.13500  0.01618 
1.14920  0.01645 
1.16340  0.01671 
1.17760  0.01696 
1.19180  0.01721 
1.20600  0.01745 
1.22020  0.01769 
1.23440  0.01794 
1.24860  0.01818 
1.26280  0.01842 
1.27700  0.01865 
1.29120  0.01888 
1.30540  0.01910 
1.31960  0.01932 
1.33380  0.01953 
1.34800  0.01974 
1.36220  0.01994 
1.37640  0.02015 
1.39060  0.02036 
1.40480  0.02058 
1.41900  0.02080 
1.43320  0.02103 
1.44740  0.02125 
1.46160  0.02149 
1.47580  0.02172 
1.49000  0.02196 
1.50420  0.02219 
1.51840  0.02243 
1.53260  0.02268 
1.54680  0.02292 
1.56100  0.02318 
1.57520  0.02343 
1.58940  0.02370 
1.60360  0.02397 
1.61780  0.02425 
1.63200  0.02453 
1.64620  0.02482 
1.66040  0.02511 
1.67460  0.02541 
1.68880  0.02570 
1.70300  0.02599 
1.71720  0.02627 
1.73140  0.02654 
1.74560  0.02682 
1.75980  0.02709 
1.77400  0.02738 
1.78820  0.02768 
1.80240  0.02801 
1.81660  0.02838 
1.83080  0.02879 
1.84500  0.02924 
1.85920  0.02974 
1.87340  0.03028 
1.88760  0.03084 
1.90180  0.03140 
1.91600  0.03193 
1.93020  0.03241 
1.94440  0.03282 
1.95860  0.03314 
1.97280  0.03337 
1.98700  0.03353 
2.00120  0.03366 
2.01540  0.03382 
2.02960  0.03395 
2.04380  0.03392 
2.05800  0.03367 
2.07220  0.03333 
2.08640  0.03305 
2.10060  0.03281 
2.11480  0.03257 
2.12900  0.03229 
2.14320  0.03197 
2.15740  0.03166 
2.17160  0.03136 
2.18580  0.03111 
