0.00001 1.00000e+00 
0.01200 1.00000e+00 
0.02400 1.00000e+00 
0.03600 1.54808e+01 
0.04800 1.49310e+01 
0.06000 1.44494e+01 
0.07200 1.38642e+01 
0.08400 1.34151e+01 
0.09600 1.29497e+01 
0.10800 1.26481e+01 
0.12000 1.23461e+01 
0.13200 1.21722e+01 
0.14400 1.19905e+01 
0.15600 1.19237e+01 
0.16800 1.18588e+01 
0.18000 1.18891e+01 
0.19200 1.19107e+01 
0.20400 1.19899e+01 
0.21600 1.20325e+01 
0.22800 1.21077e+01 
0.24000 1.21361e+01 
0.25200 1.21944e+01 
0.26400 1.22088e+01 
0.27600 1.22560e+01 
0.28800 1.22625e+01 
0.30000 1.23034e+01 
0.31200 1.23054e+01 
0.32400 1.23427e+01 
0.33600 1.23421e+01 
0.34800 1.23772e+01 
0.36000 1.23751e+01 
0.37200 1.24089e+01 
0.38400 1.24060e+01 
0.39600 1.24392e+01 
0.40800 1.24360e+01 
0.42000 1.24691e+01 
0.43200 1.24660e+01 
0.44400 1.24992e+01 
0.45600 1.24965e+01 
0.46800 1.25302e+01 
0.48000 1.25279e+01 
0.49200 1.25622e+01 
0.50400 1.25606e+01 
0.51600 1.25955e+01 
0.52800 1.25947e+01 
0.54000 1.26304e+01 
0.55200 1.26302e+01 
0.56400 1.26667e+01 
0.57600 1.26673e+01 
0.58800 1.27047e+01 
0.60000 1.27061e+01 
0.61200 1.27443e+01 
0.62400 1.27464e+01 
0.63600 1.27856e+01 
0.64800 1.27885e+01 
0.66000 1.28285e+01 
0.67200 1.28323e+01 
0.68400 1.28733e+01 
0.69600 1.28778e+01 
0.70800 1.29198e+01 
0.72000 1.29252e+01 
0.73200 1.29683e+01 
0.74400 1.29745e+01 
0.75600 1.30186e+01 
0.76800 1.30257e+01 
0.78000 1.30710e+01 
0.79200 1.30790e+01 
0.80400 1.31255e+01 
0.81600 1.31344e+01 
0.82800 1.31821e+01 
0.84000 1.31920e+01 
0.85200 1.32410e+01 
0.86400 1.32518e+01 
0.87600 1.33021e+01 
0.88800 1.33140e+01 
0.90000 1.33656e+01 
0.91200 1.33785e+01 
0.92400 1.34316e+01 
0.93600 1.34456e+01 
0.94800 1.35002e+01 
0.96000 1.35152e+01 
0.97200 1.35714e+01 
0.98400 1.35876e+01 
0.99600 1.36453e+01 
1.00800 1.36627e+01 
1.02000 1.37221e+01 
1.03200 1.37407e+01 
1.04400 1.38019e+01 
1.05600 1.38217e+01 
1.06800 1.38847e+01 
1.08000 1.39058e+01 
1.09200 1.39708e+01 
1.10400 1.39932e+01 
1.11600 1.40601e+01 
1.12800 1.40840e+01 
1.14000 1.41530e+01 
1.15200 1.41784e+01 
1.16400 1.42496e+01 
1.17600 1.42765e+01 
1.18800 1.43500e+01 
1.20000 1.43785e+01 
1.21200 1.44544e+01 
1.22400 1.44846e+01 
1.23600 1.45630e+01 
1.24800 1.45950e+01 
1.26000 1.46762e+01 
1.27200 1.47101e+01 
1.28400 1.47940e+01 
1.29600 1.48299e+01 
1.30800 1.49168e+01 
1.32000 1.49548e+01 
1.33200 1.50449e+01 
1.34400 1.50851e+01 
1.35600 1.51787e+01 
1.36800 1.52212e+01 
1.38000 1.53183e+01 
1.39200 1.53634e+01 
1.40400 1.54644e+01 
1.41600 1.55122e+01 
1.42800 1.56172e+01 
1.44000 1.56678e+01 
1.45200 1.57773e+01 
1.46400 1.58310e+01 
1.47600 1.59451e+01 
1.48800 1.60022e+01 
1.50000 1.61213e+01 
1.51200 1.61819e+01 
1.52400 1.63065e+01 
1.53600 1.63709e+01 
1.54800 1.65014e+01 
1.56000 1.65700e+01 
1.57200 1.67068e+01 
1.58400 1.67799e+01 
1.59600 1.69236e+01 
1.60800 1.70015e+01 
1.62000 1.71527e+01 
1.63200 1.72359e+01 
1.64400 1.73953e+01 
1.65600 1.74843e+01 
1.66800 1.76525e+01 
1.68000 1.77478e+01 
1.69200 1.79259e+01 
1.70400 1.80281e+01 
1.71600 1.82169e+01 
1.72800 1.83266e+01 
1.74000 1.85273e+01 
1.75200 1.86453e+01 
1.76400 1.88591e+01 
1.77600 1.89864e+01 
1.78800 1.92147e+01 
1.80000 1.93521e+01 
1.81200 1.95966e+01 
1.82400 1.97452e+01 
1.83600 2.00080e+01 
1.84800 2.01690e+01 
1.86000 2.04522e+01 
1.87200 2.06271e+01 
1.88400 2.09334e+01 
1.89600 2.11239e+01 
1.90800 2.14563e+01 
1.92000 2.16643e+01 
1.93200 2.20268e+01 
1.94400 2.22545e+01 
1.95600 2.26517e+01 
1.96800 2.29019e+01 
1.98000 2.33396e+01 
1.99200 2.36159e+01 
2.00400 2.41017e+01 
2.01600 2.44089e+01 
2.02800 2.49535e+01 
2.04000 2.52989e+01 
2.05200 2.59186e+01 
2.06400 2.63131e+01 
2.07600 2.70250e+01 
2.08800 2.74620e+01 
2.10000 2.82563e+01 
2.11200 2.87076e+01 
2.12400 2.96169e+01 
2.13600 3.01385e+01 
2.14800 3.12918e+01 
2.16000 3.19756e+01 
2.17200 3.35641e+01 
2.18400 3.44687e+01 
2.19600 3.70293e+01 
2.20800 3.65902e+01 
2.22000 3.48853e+01 
2.23200 3.36261e+01 
2.24400 3.22564e+01 
2.25600 3.02891e+01 
2.26800 3.01141e+01 
2.28000 2.94549e+01 
2.29200 2.97808e+01 
2.30400 2.85568e+01 
2.31600 2.84498e+01 
2.32800 2.75809e+01 
2.34000 2.65469e+01 
2.35200 2.51757e+01 
2.36400 2.48818e+01 
2.37600 2.38279e+01 
2.38800 2.36880e+01 
2.40000 2.33046e+01 
2.41200 2.34218e+01 
2.42400 2.31311e+01 
2.43600 2.33550e+01 
2.44800 2.32079e+01 
2.46000 2.35499e+01 
2.47200 2.35264e+01 
2.48400 2.39443e+01 
2.49600 2.39071e+01 
2.50800 2.42552e+01 
2.52000 2.41922e+01 
2.53200 2.44619e+01 
2.54400 2.43001e+01 
2.55600 2.45272e+01 
2.56800 2.43007e+01 
2.58000 2.44550e+01 
2.59200 2.41702e+01 
2.60400 2.42731e+01 
2.61600 2.39460e+01 
2.62800 2.40244e+01 
2.64000 2.36932e+01 
2.65200 2.37812e+01 
2.66400 2.34660e+01 
2.67600 2.35647e+01 
2.68800 2.32577e+01 
2.70000 2.33750e+01 
2.71200 2.31046e+01 
2.72400 2.32627e+01 
2.73600 2.30024e+01 
2.74800 2.31114e+01 
2.76000 2.27550e+01 
2.77200 2.27875e+01 
2.78400 2.23848e+01 
2.79600 2.24115e+01 
2.80800 2.20500e+01 
2.82000 2.21544e+01 
2.83200 2.18786e+01 
2.84400 2.20124e+01 
2.85600 2.16730e+01 
2.86800 2.17048e+01 
2.88000 2.12947e+01 
2.89200 2.13248e+01 
2.90400 2.09599e+01 
2.91600 2.10607e+01 
2.92800 2.07865e+01 
2.94000 2.09609e+01 
2.95200 2.07305e+01 
2.96400 2.09130e+01 
2.97600 2.06509e+01 
2.98800 2.07807e+01 
3.00000 2.04696e+01 
3.01200 2.05955e+01 
3.02400 2.03269e+01 
3.03600 2.05175e+01 
3.04800 2.03196e+01 
3.06000 2.05627e+01 
3.07200 2.03944e+01 
3.08400 2.06589e+01 
3.09600 2.05106e+01 
3.10800 2.08011e+01 
3.12000 2.06761e+01 
3.13200 2.09860e+01 
3.14400 2.08656e+01 
3.15600 2.11771e+01 
3.16800 2.10505e+01 
3.18000 2.13692e+01 
3.19200 2.12574e+01 
3.20400 2.16113e+01 
3.21600 2.15418e+01 
3.22800 2.19506e+01 
3.24000 2.19326e+01 
3.25200 2.24008e+01 
3.26400 2.24359e+01 
3.27600 2.29722e+01 
3.28800 2.30754e+01 
3.30000 2.37053e+01 
3.31200 2.39036e+01 
3.32400 2.46539e+01 
3.33600 2.49527e+01 
3.34800 2.58022e+01 
3.36000 2.61190e+01 
3.37200 2.69325e+01 
3.38400 2.70499e+01 
3.39600 2.75825e+01 
3.40800 2.72302e+01 
3.42000 2.72557e+01 
3.43200 2.62514e+01 
3.44400 2.56468e+01 
3.45600 2.39807e+01 
3.46800 2.28997e+01 
3.48000 2.09693e+01 
3.49200 1.98175e+01 
3.50400 1.77709e+01 
3.51600 1.46158e+01 
3.52800 8.00369e+00 
3.54000 3.39795e+00 
3.55200 -1.71016e+00 
3.56400 -5.60173e+00 
3.57600 -8.22313e+00 
3.58800 -9.04713e+00 
3.60000 -1.02680e+01 
3.61200 -1.04112e+01 
3.62400 -1.07470e+01 
3.63600 -1.02155e+01 
3.64800 -1.00225e+01 
3.66000 -9.30066e+00 
3.67200 -9.15766e+00 
3.68400 -8.65144e+00 
3.69600 -8.74468e+00 
3.70800 -8.45722e+00 
3.72000 -8.70889e+00 
3.73200 -8.54946e+00 
3.74400 -8.88047e+00 
3.75600 -8.78680e+00 
3.76800 -9.14687e+00 
3.78000 -9.08049e+00 
3.79200 -9.43795e+00 
3.80400 -9.37461e+00 
3.81600 -9.70948e+00 
3.82800 -9.63414e+00 
3.84000 -9.93454e+00 
3.85200 -9.83859e+00 
3.86400 -1.00985e+01 
3.87600 -9.97796e+00 
3.88800 -1.01956e+01 
3.90000 -1.00495e+01 
3.91200 -1.02256e+01 
3.92400 -1.00548e+01 
3.93600 -1.01918e+01 
3.94800 -9.99835e+00 
3.96000 -1.00993e+01 
3.97200 -9.88547e+00 
3.98400 -9.95397e+00 
3.99600 -9.72225e+00 
4.00800 -9.76205e+00 
4.02000 -9.51524e+00 
4.03200 -9.53044e+00 
4.04400 -9.27159e+00 
4.05600 -9.26654e+00 
4.06800 -8.99884e+00 
4.08000 -8.97797e+00 
4.09200 -8.70463e+00 
4.10400 -8.67221e+00 
4.11600 -8.39615e+00 
4.12800 -8.35604e+00 
4.14000 -8.07981e+00 
4.15200 -8.03540e+00 
4.16400 -7.76115e+00 
4.17600 -7.71544e+00 
4.18800 -7.44499e+00 
4.20000 -7.40054e+00 
4.21200 -7.13524e+00 
4.22400 -7.09384e+00 
4.23600 -6.83410e+00 
4.24800 -6.79634e+00 
4.26000 -6.54146e+00 
4.27200 -6.50704e+00 
4.28400 -6.25595e+00 
4.29600 -6.22476e+00 
4.30800 -5.97652e+00 
4.32000 -5.94780e+00 
4.33200 -5.69897e+00 
4.34400 -5.66781e+00 
4.35600 -5.41122e+00 
4.36800 -5.37364e+00 
4.38000 -5.11022e+00 
4.39200 -5.07648e+00 
4.40400 -4.81771e+00 
4.41600 -4.80443e+00 
4.42800 -4.55409e+00 
4.44000 -4.58990e+00 
4.45200 -4.66714e+00 
4.46400 -5.57346e+00 
4.47600 -6.33200e+00 
4.48800 -7.36824e+00 
4.50000 -8.11643e+00 
4.51200 -8.77933e+00 
4.52400 -8.84817e+00 
4.53600 -9.01584e+00 
4.54800 -8.86267e+00 
4.56000 -8.89216e+00 
4.57200 -8.71279e+00 
4.58400 -8.75341e+00 
4.59600 -8.59832e+00 
4.60800 -8.64702e+00 
4.62000 -8.50327e+00 
4.63200 -8.55452e+00 
4.64400 -8.41865e+00 
4.65600 -8.47215e+00 
4.66800 -8.34395e+00 
4.68000 -8.40150e+00 
4.69200 -8.28303e+00 
4.70400 -8.34881e+00 
4.71600 -8.24469e+00 
4.72800 -8.32493e+00 
4.74000 -8.24096e+00 
4.75200 -8.34119e+00 
4.76400 -8.28080e+00 
4.77600 -8.40161e+00 
4.78800 -8.36201e+00 
4.80000 -8.49604e+00 
4.81200 -8.46664e+00 
4.82400 -8.59932e+00 
4.83600 -8.56648e+00 
4.84800 -8.68909e+00 
4.86000 -8.65709e+00 
4.87200 -8.78485e+00 
4.88400 -8.76432e+00 
4.89600 -8.89005e+00 
4.90800 -8.85673e+00 
4.92000 -8.94915e+00 
4.93200 -8.88422e+00 
4.94400 -8.94018e+00 
4.95600 -8.85365e+00 
4.96800 -8.89299e+00 
4.98000 -8.80159e+00 
4.99200 -8.83465e+00 
5.00400 -8.74270e+00 
5.01600 -8.77135e+00 
5.02800 -8.67939e+00 
5.04000 -8.70413e+00 
5.05200 -8.61220e+00 
5.06400 -8.63313e+00 
5.07600 -8.54105e+00 
5.08800 -8.55818e+00 
5.10000 -8.46583e+00 
5.11200 -8.47939e+00 
5.12400 -8.38696e+00 
5.13600 -8.39747e+00 
5.14800 -8.30539e+00 
5.16000 -8.31361e+00 
5.17200 -8.22245e+00 
5.18400 -8.22917e+00 
5.19600 -8.13952e+00 
5.20800 -8.14546e+00 
5.22000 -8.05778e+00 
5.23200 -8.06351e+00 
5.24400 -7.97813e+00 
5.25600 -7.98408e+00 
5.26800 -7.90124e+00 
5.28000 -7.90777e+00 
5.29200 -7.82770e+00 
5.30400 -7.83518e+00 
5.31600 -7.75814e+00 
5.32800 -7.76699e+00 
5.34000 -7.69334e+00 
5.35200 -7.70404e+00 
5.36400 -7.63415e+00 
5.37600 -7.64717e+00 
5.38800 -7.58143e+00 
5.40000 -7.59713e+00 
5.41200 -7.53576e+00 
5.42400 -7.55432e+00 
5.43600 -7.49735e+00 
5.44800 -7.51865e+00 
5.46000 -7.46586e+00 
5.47200 -7.48952e+00 
5.48400 -7.44044e+00 
5.49600 -7.46583e+00 
5.50800 -7.41982e+00 
5.52000 -7.44613e+00 
5.53200 -7.40243e+00 
5.54400 -7.42880e+00 
5.55600 -7.38664e+00 
5.56800 -7.41226e+00 
5.58000 -7.37097e+00 
5.59200 -7.39520e+00 
5.60400 -7.35431e+00 
5.61600 -7.37679e+00 
5.62800 -7.33610e+00 
5.64000 -7.35678e+00 
5.65200 -7.31639e+00 
5.66400 -7.33549e+00 
5.67600 -7.29571e+00 
5.68800 -7.31366e+00 
5.70000 -7.27492e+00 
5.71200 -7.29233e+00 
5.72400 -7.25546e+00 
5.73600 -7.27336e+00 
5.74800 -7.23915e+00 
5.76000 -7.25773e+00 
5.77200 -7.22561e+00 
5.78400 -7.24391e+00 
5.79600 -7.21334e+00 
5.80800 -7.23160e+00 
5.82000 -7.20364e+00 
5.83200 -7.22370e+00 
5.84400 -7.20041e+00 
5.85600 -7.22451e+00 
5.86800 -7.20817e+00 
5.88000 -7.23901e+00 
5.89200 -7.23301e+00 
5.90400 -7.27536e+00 
5.91600 -7.28632e+00 
5.92800 -7.35049e+00 
5.94000 -7.39409e+00 
5.95200 -7.50949e+00 
5.96400 -7.63356e+00 
5.97600 -7.97387e+00 
5.98800 1.00000e+00 
