gG 313
X 157
W 111
K 332
gG 271
L 192
U 111
W 221
L 192
K 0
U 111
X 0

0.0 0.0 0.0
0.0 0.00160217285156 0.00160217285156
0.0 0.00320434570312 0.00320434570312
0.0 0.00480651855469 0.00480651855469
0.0 0.00640869140625 0.00640869140625
0.0 0.00801086425781 0.00801086425781
0.0 0.00961303710938 0.00961303710938
0.0 0.0112152099609 0.0112152099609
0.0 0.0128173828125 0.0128173828125
0.0 0.0144195556641 0.0144195556641
0.0 0.0160217285156 0.0160217285156
0.0 0.0176239013672 0.0176239013672
0.0 0.0192260742188 0.0192260742188
0.0 0.0208282470703 0.0208282470703
0.0 0.0224304199219 0.0224304199219
0.0 0.0240325927734 0.0240325927734
0.0 0.025634765625 0.025634765625
0.0 0.0272369384766 0.0272369384766
0.0 0.0288391113281 0.0288391113281
0.0 0.0304412841797 0.0304412841797
0.0 0.0320434570312 0.0320434570312
0.0 0.0336608886719 0.0336608886719
0.0 0.0352478027344 0.0352478027344
0.0 0.036865234375 0.036865234375
0.0 0.0384521484375 0.0384521484375
0.0 0.0400695800781 0.0400695800781
0.0 0.0416564941406 0.0416564941406
0.0 0.0432739257812 0.0432739257812
0.0 0.0448608398438 0.0448608398438
0.0 0.0464782714844 0.0464782714844
0.0 0.0480651855469 0.0480651855469
0.0 0.0496826171875 0.0496826171875
0.0 0.05126953125 0.05126953125
0.0 0.0528869628906 0.0528869628906
0.0 0.0544738769531 0.0544738769531
0.0 0.0560913085938 0.0560913085938
0.0 0.0576782226562 0.0576782226562
0.0 0.0592956542969 0.0592956542969
0.0 0.0608825683594 0.0608825683594
0.0 0.0625 0.0625
0.0 0.0640869140625 0.0640869140625
0.0 0.0657348632812 0.0657348632812
0.0 0.0673217773438 0.0673217773438
0.0 0.0689086914062 0.0689086914062
0.0 0.0704956054688 0.0704956054688
0.0 0.0721435546875 0.0721435546875
0.0 0.07373046875 0.07373046875
0.0 0.0753173828125 0.0753173828125
0.0 0.076904296875 0.076904296875
0.0 0.0785522460938 0.0785522460938
0.0 0.0801391601562 0.0801391601562
0.0 0.0817260742188 0.0817260742188
0.0 0.0833129882812 0.0833129882812
0.0 0.0849609375 0.0849609375
0.0 0.0865478515625 0.0865478515625
0.0 0.088134765625 0.088134765625
0.0 0.0897216796875 0.0897216796875
0.0 0.0913696289062 0.0913696289062
0.0 0.0929565429688 0.0929565429688
0.0 0.0945434570312 0.0945434570312
0.0 0.0961303710938 0.0961303710938
0.0 0.0977783203125 0.0977783203125
0.0 0.099365234375 0.099365234375
0.0 0.100952148438 0.100952148438
0.0 0.1025390625 0.1025390625
0.0 0.104187011719 0.104187011719
0.0 0.105773925781 0.105773925781
0.0 0.107360839844 0.107360839844
0.0 0.108947753906 0.108947753906
0.0 0.110595703125 0.110595703125
0.0 0.112182617188 0.112182617188
0.0 0.11376953125 0.11376953125
0.0 0.115356445312 0.115356445312
0.0 0.117004394531 0.117004394531
0.0 0.118591308594 0.118591308594
0.0 0.120178222656 0.120178222656
0.0 0.121765136719 0.121765136719
0.0 0.123413085938 0.123413085938
0.0 0.125 0.125
0.0 0.126586914062 0.126586914062
0.0 0.128173828125 0.128173828125
0.0 0.129760742188 0.129760742188
0.0 0.131469726562 0.131469726562
0.0 0.133056640625 0.133056640625
0.0 0.134643554688 0.134643554688
0.0 0.13623046875 0.13623046875
0.0 0.137817382812 0.137817382812
0.0 0.139404296875 0.139404296875
0.0 0.140991210938 0.140991210938
0.0 0.142578125 0.142578125
0.0 0.144287109375 0.144287109375
0.0 0.145874023438 0.145874023438
0.0 0.1474609375 0.1474609375
0.0 0.149047851562 0.149047851562
0.0 0.150634765625 0.150634765625
0.0 0.152221679688 0.152221679688
0.0 0.15380859375 0.15380859375
0.0 0.155395507812 0.155395507812
0.0 0.157104492188 0.157104492188
0.0 0.15869140625 0.15869140625
0.0 0.160278320312 0.160278320312
0.0 0.161865234375 0.161865234375
0.0 0.163452148438 0.163452148438
0.0 0.1650390625 0.1650390625
0.0 0.166625976562 0.166625976562
0.0 0.168212890625 0.168212890625
0.0 0.169921875 0.169921875
0.0 0.171508789062 0.171508789062
0.0 0.173095703125 0.173095703125
0.0 0.174682617188 0.174682617188
0.0 0.17626953125 0.17626953125
0.0 0.177856445312 0.177856445312
0.0 0.179443359375 0.179443359375
0.0 0.181030273438 0.181030273438
0.0 0.182739257812 0.182739257812
0.0 0.184326171875 0.184326171875
0.0 0.185913085938 0.185913085938
0.0 0.1875 0.1875
0.0 0.189086914062 0.189086914062
0.0 0.190673828125 0.190673828125
0.0 0.192260742188 0.192260742188
0.0 0.193969726562 0.193969726562
0.0 0.195556640625 0.195556640625
0.0 0.197143554688 0.197143554688
0.0 0.19873046875 0.19873046875
0.0 0.200317382812 0.200317382812
0.0 0.201904296875 0.201904296875
0.0 0.203491210938 0.203491210938
0.0 0.205078125 0.205078125
0.0 0.206787109375 0.206787109375
0.0 0.208374023438 0.208374023438
0.0 0.2099609375 0.2099609375
0.0 0.211547851562 0.211547851562
0.0 0.213134765625 0.213134765625
0.0 0.214721679688 0.214721679688
0.0 0.21630859375 0.21630859375
0.0 0.217895507812 0.217895507812
0.0 0.219604492188 0.219604492188
0.0 0.22119140625 0.22119140625
0.0 0.222778320312 0.222778320312
0.0 0.224365234375 0.224365234375
0.0 0.225952148438 0.225952148438
0.0 0.2275390625 0.2275390625
0.0 0.229125976562 0.229125976562
0.0 0.230712890625 0.230712890625
0.0 0.232421875 0.232421875
0.0 0.234008789062 0.234008789062
0.0 0.235595703125 0.235595703125
0.0 0.237182617188 0.237182617188
0.0 0.23876953125 0.23876953125
0.0 0.240356445312 0.240356445312
0.0 0.241943359375 0.241943359375
0.0 0.243530273438 0.243530273438
0.0 0.245239257812 0.245239257812
0.0 0.246826171875 0.246826171875
0.0 0.248413085938 0.248413085938
0.0 0.25 0.25
0.0 0.251708984375 0.251708984375
0.0 0.253173828125 0.253173828125
0.0 0.2548828125 0.2548828125
0.0 0.25634765625 0.25634765625
0.0 0.258056640625 0.258056640625
0.0 0.259521484375 0.259521484375
0.0 0.26123046875 0.26123046875
0.0 0.262939453125 0.262939453125
0.0 0.264404296875 0.264404296875
0.0 0.26611328125 0.26611328125
0.0 0.267578125 0.267578125
0.0 0.269287109375 0.269287109375
0.0 0.270751953125 0.270751953125
0.0 0.2724609375 0.2724609375
0.0 0.27392578125 0.27392578125
0.0 0.275634765625 0.275634765625
0.0 0.27734375 0.27734375
0.0 0.27880859375 0.27880859375
0.0 0.280517578125 0.280517578125
0.0 0.281982421875 0.281982421875
0.0 0.28369140625 0.28369140625
0.0 0.28515625 0.28515625
0.0 0.286865234375 0.286865234375
0.0 0.28857421875 0.28857421875
0.0 0.2900390625 0.2900390625
0.0 0.291748046875 0.291748046875
0.0 0.293212890625 0.293212890625
0.0 0.294921875 0.294921875
0.0 0.29638671875 0.29638671875
0.0 0.298095703125 0.298095703125
0.0 0.299560546875 0.299560546875
0.0 0.30126953125 0.30126953125
0.0 0.302978515625 0.302978515625
0.0 0.304443359375 0.304443359375
0.0 0.30615234375 0.30615234375
0.0 0.3076171875 0.3076171875
0.0 0.309326171875 0.309326171875
0.0 0.310791015625 0.310791015625
0.0 0.3125 0.3125
0.0 0.314208984375 0.314208984375
0.0 0.315673828125 0.315673828125
0.0 0.3173828125 0.3173828125
0.0 0.31884765625 0.31884765625
0.0 0.320556640625 0.320556640625
0.0 0.322021484375 0.322021484375
0.0 0.32373046875 0.32373046875
0.0 0.325439453125 0.325439453125
0.0 0.326904296875 0.326904296875
0.0 0.32861328125 0.32861328125
0.0 0.330078125 0.330078125
0.0 0.331787109375 0.331787109375
0.0 0.333251953125 0.333251953125
0.0 0.3349609375 0.3349609375
0.0 0.33642578125 0.33642578125
0.0 0.338134765625 0.338134765625
0.0 0.33984375 0.33984375
0.0 0.34130859375 0.34130859375
0.0 0.343017578125 0.343017578125
0.0 0.344482421875 0.344482421875
0.0 0.34619140625 0.34619140625
0.0 0.34765625 0.34765625
0.0 0.349365234375 0.349365234375
0.0 0.35107421875 0.35107421875
0.0 0.3525390625 0.3525390625
0.0 0.354248046875 0.354248046875
0.0 0.355712890625 0.355712890625
0.0 0.357421875 0.357421875
0.0 0.35888671875 0.35888671875
0.0 0.360595703125 0.360595703125
0.0 0.362060546875 0.362060546875
0.0 0.36376953125 0.36376953125
0.0 0.365478515625 0.365478515625
0.0 0.366943359375 0.366943359375
0.0 0.36865234375 0.36865234375
0.0 0.3701171875 0.3701171875
0.0 0.371826171875 0.371826171875
0.0 0.373291015625 0.373291015625
0.0 0.375 0.375
0.0 0.376708984375 0.376708984375
0.0 0.378173828125 0.378173828125
0.0 0.3798828125 0.3798828125
0.0 0.38134765625 0.38134765625
0.0 0.383056640625 0.383056640625
0.0 0.384521484375 0.384521484375
0.0 0.38623046875 0.38623046875
0.0 0.387939453125 0.387939453125
0.0 0.389404296875 0.389404296875
0.0 0.39111328125 0.39111328125
0.0 0.392578125 0.392578125
0.0 0.394287109375 0.394287109375
0.0 0.395751953125 0.395751953125
0.0 0.3974609375 0.3974609375
0.0 0.39892578125 0.39892578125
0.0 0.400634765625 0.400634765625
0.0 0.40234375 0.40234375
0.0 0.40380859375 0.40380859375
0.0 0.405517578125 0.405517578125
0.0 0.406982421875 0.406982421875
0.0 0.40869140625 0.40869140625
0.0 0.41015625 0.41015625
0.0 0.411865234375 0.411865234375
0.0 0.41357421875 0.41357421875
0.0 0.4150390625 0.4150390625
0.0 0.416748046875 0.416748046875
0.0 0.418212890625 0.418212890625
0.0 0.419921875 0.419921875
0.0 0.42138671875 0.42138671875
0.0 0.423095703125 0.423095703125
0.0 0.424560546875 0.424560546875
0.0 0.42626953125 0.42626953125
0.0 0.427978515625 0.427978515625
0.0 0.429443359375 0.429443359375
0.0 0.43115234375 0.43115234375
0.0 0.4326171875 0.4326171875
0.0 0.434326171875 0.434326171875
0.0 0.435791015625 0.435791015625
0.0 0.4375 0.4375
0.0 0.439208984375 0.439208984375
0.0 0.440673828125 0.440673828125
0.0 0.4423828125 0.4423828125
0.0 0.44384765625 0.44384765625
0.0 0.445556640625 0.445556640625
0.0 0.447021484375 0.447021484375
0.0 0.44873046875 0.44873046875
0.0 0.450439453125 0.450439453125
0.0 0.451904296875 0.451904296875
0.0 0.45361328125 0.45361328125
0.0 0.455078125 0.455078125
0.0 0.456787109375 0.456787109375
0.0 0.458251953125 0.458251953125
0.0 0.4599609375 0.4599609375
0.0 0.46142578125 0.46142578125
0.0 0.463134765625 0.463134765625
0.0 0.46484375 0.46484375
0.0 0.46630859375 0.46630859375
0.0 0.468017578125 0.468017578125
0.0 0.469482421875 0.469482421875
0.0 0.47119140625 0.47119140625
0.0 0.47265625 0.47265625
0.0 0.474365234375 0.474365234375
0.0 0.47607421875 0.47607421875
0.0 0.4775390625 0.4775390625
0.0 0.479248046875 0.479248046875
0.0 0.480712890625 0.480712890625
0.0 0.482421875 0.482421875
0.0 0.48388671875 0.48388671875
0.0 0.485595703125 0.485595703125
0.0 0.487060546875 0.487060546875
0.0 0.48876953125 0.48876953125
0.0 0.490478515625 0.490478515625
0.0 0.491943359375 0.491943359375
0.0 0.49365234375 0.49365234375
0.0 0.4951171875 0.4951171875
0.0 0.496826171875 0.496826171875
0.0 0.498291015625 0.498291015625
0.0 0.5 0.5
0.0 0.5 0.5
-0.00160217285156 0.5 0.498291015625
-0.00320434570312 0.5 0.496826171875
-0.00480651855469 0.5 0.4951171875
-0.00640869140625 0.5 0.49365234375
-0.00801086425781 0.5 0.491943359375
-0.00961303710938 0.5 0.490478515625
-0.0112152099609 0.5 0.48876953125
-0.0128173828125 0.5 0.487060546875
-0.0144195556641 0.5 0.485595703125
-0.0160217285156 0.5 0.48388671875
-0.0176239013672 0.5 0.482421875
-0.0192260742188 0.5 0.480712890625
-0.0208282470703 0.5 0.479248046875
-0.0224304199219 0.5 0.4775390625
-0.0240325927734 0.5 0.47607421875
-0.025634765625 0.5 0.474365234375
-0.0272369384766 0.5 0.47265625
-0.0288391113281 0.5 0.47119140625
-0.0304412841797 0.5 0.469482421875
-0.0320434570312 0.5 0.468017578125
-0.0336608886719 0.5 0.46630859375
-0.0352478027344 0.5 0.46484375
-0.036865234375 0.5 0.463134765625
-0.0384521484375 0.5 0.46142578125
-0.0400695800781 0.5 0.4599609375
-0.0416564941406 0.5 0.458251953125
-0.0432739257812 0.5 0.456787109375
-0.0448608398438 0.5 0.455078125
-0.0464782714844 0.5 0.45361328125
-0.0480651855469 0.5 0.451904296875
-0.0496826171875 0.5 0.450439453125
-0.05126953125 0.5 0.44873046875
-0.0528869628906 0.5 0.447021484375
-0.0544738769531 0.5 0.445556640625
-0.0560913085938 0.5 0.44384765625
-0.0576782226562 0.5 0.4423828125
-0.0592956542969 0.5 0.440673828125
-0.0608825683594 0.5 0.439208984375
-0.0625 0.5 0.4375
-0.0640869140625 0.5 0.435791015625
-0.0657348632812 0.5 0.434326171875
-0.0673217773438 0.5 0.4326171875
-0.0689086914062 0.5 0.43115234375
-0.0704956054688 0.5 0.429443359375
-0.0721435546875 0.5 0.427978515625
-0.07373046875 0.5 0.42626953125
-0.0753173828125 0.5 0.424560546875
-0.076904296875 0.5 0.423095703125
-0.0785522460938 0.5 0.42138671875
-0.0801391601562 0.5 0.419921875
-0.0817260742188 0.5 0.418212890625
-0.0833129882812 0.5 0.416748046875
-0.0849609375 0.5 0.4150390625
-0.0865478515625 0.5 0.41357421875
-0.088134765625 0.5 0.411865234375
-0.0897216796875 0.5 0.41015625
-0.0913696289062 0.5 0.40869140625
-0.0929565429688 0.5 0.406982421875
-0.0945434570312 0.5 0.405517578125
-0.0961303710938 0.5 0.40380859375
-0.0977783203125 0.5 0.40234375
-0.099365234375 0.5 0.400634765625
-0.100952148438 0.5 0.39892578125
-0.1025390625 0.5 0.3974609375
-0.104187011719 0.5 0.395751953125
-0.105773925781 0.5 0.394287109375
-0.107360839844 0.5 0.392578125
-0.108947753906 0.5 0.39111328125
-0.110595703125 0.5 0.389404296875
-0.112182617188 0.5 0.387939453125
-0.11376953125 0.5 0.38623046875
-0.115356445312 0.5 0.384521484375
-0.117004394531 0.5 0.383056640625
-0.118591308594 0.5 0.38134765625
-0.120178222656 0.5 0.3798828125
-0.121765136719 0.5 0.378173828125
-0.123413085938 0.5 0.376708984375
-0.125 0.5 0.375
-0.126586914062 0.5 0.373291015625
-0.128173828125 0.5 0.371826171875
-0.129760742188 0.5 0.3701171875
-0.131469726562 0.5 0.36865234375
-0.133056640625 0.5 0.366943359375
-0.134643554688 0.5 0.365478515625
-0.13623046875 0.5 0.36376953125
-0.137817382812 0.5 0.362060546875
-0.139404296875 0.5 0.360595703125
-0.140991210938 0.5 0.35888671875
-0.142578125 0.5 0.357421875
-0.144287109375 0.5 0.355712890625
-0.145874023438 0.5 0.354248046875
-0.1474609375 0.5 0.3525390625
-0.149047851562 0.5 0.35107421875
-0.150634765625 0.5 0.349365234375
-0.152221679688 0.5 0.34765625
-0.15380859375 0.5 0.34619140625
-0.155395507812 0.5 0.344482421875
-0.157104492188 0.5 0.343017578125
-0.15869140625 0.5 0.34130859375
-0.160278320312 0.5 0.33984375
-0.161865234375 0.5 0.338134765625
-0.163452148438 0.5 0.33642578125
-0.1650390625 0.5 0.3349609375
-0.166625976562 0.5 0.333251953125
-0.168212890625 0.5 0.331787109375
-0.169921875 0.5 0.330078125
-0.171508789062 0.5 0.32861328125
-0.173095703125 0.5 0.326904296875
-0.174682617188 0.5 0.325439453125
-0.17626953125 0.5 0.32373046875
-0.177856445312 0.5 0.322021484375
-0.179443359375 0.5 0.320556640625
-0.181030273438 0.5 0.31884765625
-0.182739257812 0.5 0.3173828125
-0.184326171875 0.5 0.315673828125
-0.185913085938 0.5 0.314208984375
-0.1875 0.5 0.3125
-0.189086914062 0.5 0.310791015625
-0.190673828125 0.5 0.309326171875
-0.192260742188 0.5 0.3076171875
-0.193969726562 0.5 0.30615234375
-0.195556640625 0.5 0.304443359375
-0.197143554688 0.5 0.302978515625
-0.19873046875 0.5 0.30126953125
-0.200317382812 0.5 0.299560546875
-0.201904296875 0.5 0.298095703125
-0.203491210938 0.5 0.29638671875
-0.205078125 0.5 0.294921875
-0.206787109375 0.5 0.293212890625
-0.208374023438 0.5 0.291748046875
-0.2099609375 0.5 0.2900390625
-0.211547851562 0.5 0.28857421875
-0.213134765625 0.5 0.286865234375
-0.214721679688 0.5 0.28515625
-0.21630859375 0.5 0.28369140625
-0.217895507812 0.5 0.281982421875
-0.219604492188 0.5 0.280517578125
-0.22119140625 0.5 0.27880859375
-0.222778320312 0.5 0.27734375
-0.224365234375 0.5 0.275634765625
-0.225952148438 0.5 0.27392578125
-0.2275390625 0.5 0.2724609375
-0.229125976562 0.5 0.270751953125
-0.230712890625 0.5 0.269287109375
-0.232421875 0.5 0.267578125
-0.234008789062 0.5 0.26611328125
-0.235595703125 0.5 0.264404296875
-0.237182617188 0.5 0.262939453125
-0.23876953125 0.5 0.26123046875
-0.240356445312 0.5 0.259521484375
-0.241943359375 0.5 0.258056640625
-0.243530273438 0.5 0.25634765625
-0.245239257812 0.5 0.2548828125
-0.246826171875 0.5 0.253173828125
-0.248413085938 0.5 0.251708984375
-0.25 0.5 0.25
-0.25 0.5 0.25
-0.251220703125 0.498779296875 0.247680664062
-0.252197265625 0.497802734375 0.245483398438
-0.25341796875 0.49658203125 0.2431640625
-0.254638671875 0.495361328125 0.240966796875
-0.255615234375 0.494384765625 0.238647460938
-0.2568359375 0.4931640625 0.236328125
-0.258056640625 0.491943359375 0.234130859375
-0.259033203125 0.490966796875 0.231811523438
-0.26025390625 0.48974609375 0.2294921875
-0.261474609375 0.488525390625 0.227294921875
-0.262451171875 0.487548828125 0.224975585938
-0.263671875 0.486328125 0.222778320312
-0.264892578125 0.485107421875 0.220458984375
-0.265869140625 0.484130859375 0.218139648438
-0.26708984375 0.48291015625 0.215942382812
-0.26806640625 0.48193359375 0.213623046875
-0.269287109375 0.480712890625 0.211303710938
-0.2705078125 0.4794921875 0.209106445312
-0.271484375 0.478515625 0.206787109375
-0.272705078125 0.477294921875 0.20458984375
-0.27392578125 0.47607421875 0.202270507812
-0.27490234375 0.47509765625 0.199951171875
-0.276123046875 0.473876953125 0.19775390625
-0.27734375 0.47265625 0.195434570312
-0.2783203125 0.4716796875 0.193237304688
-0.279541015625 0.470458984375 0.19091796875
-0.28076171875 0.46923828125 0.188598632812
-0.28173828125 0.46826171875 0.186401367188
-0.282958984375 0.467041015625 0.18408203125
-0.2841796875 0.4658203125 0.181762695312
-0.28515625 0.46484375 0.179565429688
-0.286376953125 0.463623046875 0.17724609375
-0.28759765625 0.46240234375 0.175048828125
-0.28857421875 0.46142578125 0.172729492188
-0.289794921875 0.460205078125 0.17041015625
-0.291015625 0.458984375 0.168212890625
-0.2919921875 0.4580078125 0.165893554688
-0.293212890625 0.456787109375 0.163696289062
-0.29443359375 0.45556640625 0.161376953125
-0.29541015625 0.45458984375 0.159057617188
-0.296630859375 0.453369140625 0.156860351562
-0.297607421875 0.452392578125 0.154541015625
-0.298828125 0.451171875 0.152221679688
-0.300048828125 0.449951171875 0.150024414062
-0.301025390625 0.448974609375 0.147705078125
-0.30224609375 0.44775390625 0.1455078125
-0.303466796875 0.446533203125 0.143188476562
-0.304443359375 0.445556640625 0.140869140625
-0.3056640625 0.4443359375 0.138671875
-0.306884765625 0.443115234375 0.136352539062
-0.307861328125 0.442138671875 0.134033203125
-0.30908203125 0.44091796875 0.1318359375
-0.310302734375 0.439697265625 0.129516601562
-0.311279296875 0.438720703125 0.127319335938
-0.3125 0.4375 0.125
-0.313720703125 0.436279296875 0.122741699219
-0.314697265625 0.435302734375 0.120483398438
-0.31591796875 0.43408203125 0.1181640625
-0.317138671875 0.432861328125 0.115905761719
-0.318115234375 0.431884765625 0.113647460938
-0.3193359375 0.4306640625 0.111389160156
-0.320556640625 0.429443359375 0.109069824219
-0.321533203125 0.428466796875 0.106811523438
-0.32275390625 0.42724609375 0.104553222656
-0.323974609375 0.426025390625 0.102294921875
-0.324951171875 0.425048828125 0.0999755859375
-0.326171875 0.423828125 0.0977172851562
-0.327392578125 0.422607421875 0.095458984375
-0.328369140625 0.421630859375 0.0932006835938
-0.32958984375 0.42041015625 0.0908813476562
-0.33056640625 0.41943359375 0.088623046875
-0.331787109375 0.418212890625 0.0863647460938
-0.3330078125 0.4169921875 0.0841064453125
-0.333984375 0.416015625 0.0818481445312
-0.335205078125 0.414794921875 0.0795288085938
-0.33642578125 0.41357421875 0.0772705078125
-0.33740234375 0.41259765625 0.0750122070312
-0.338623046875 0.411376953125 0.07275390625
-0.33984375 0.41015625 0.0704345703125
-0.3408203125 0.4091796875 0.0681762695312
-0.342041015625 0.407958984375 0.06591796875
-0.34326171875 0.40673828125 0.0636596679688
-0.34423828125 0.40576171875 0.0613708496094
-0.345458984375 0.404541015625 0.05908203125
-0.3466796875 0.4033203125 0.0568237304688
-0.34765625 0.40234375 0.0545349121094
-0.348876953125 0.401123046875 0.0522766113281
-0.35009765625 0.39990234375 0.0499877929688
-0.35107421875 0.39892578125 0.0477294921875
-0.352294921875 0.397705078125 0.0454406738281
-0.353515625 0.396484375 0.0431823730469
-0.3544921875 0.3955078125 0.0409240722656
-0.355712890625 0.394287109375 0.0386352539062
-0.35693359375 0.39306640625 0.036376953125
-0.35791015625 0.39208984375 0.0340881347656
-0.359130859375 0.390869140625 0.0318298339844
-0.360107421875 0.389892578125 0.029541015625
-0.361328125 0.388671875 0.0272674560547
-0.362548828125 0.387451171875 0.0249938964844
-0.363525390625 0.386474609375 0.0227203369141
-0.36474609375 0.38525390625 0.0204620361328
-0.365966796875 0.384033203125 0.0181884765625
-0.366943359375 0.383056640625 0.0159149169922
-0.3681640625 0.3818359375 0.0136337280273
-0.369384765625 0.380615234375 0.011360168457
-0.370361328125 0.379638671875 0.00909423828125
-0.37158203125 0.37841796875 0.00681686401367
-0.372802734375 0.377197265625 0.00454711914062
-0.373779296875 0.376220703125 0.00227355957031
-0.375 0.375 0.0
-0.375 0.375 0.0
-0.373779296875 0.373779296875 0.0
-0.372802734375 0.372802734375 0.0
-0.37158203125 0.37158203125 0.0
-0.370361328125 0.370361328125 0.0
-0.369384765625 0.369384765625 0.0
-0.3681640625 0.3681640625 0.0
-0.3671875 0.3671875 0.0
-0.365966796875 0.365966796875 0.0
-0.36474609375 0.36474609375 0.0
-0.36376953125 0.36376953125 0.0
-0.362548828125 0.362548828125 0.0
-0.361328125 0.361328125 0.0
-0.3603515625 0.3603515625 0.0
-0.359130859375 0.359130859375 0.0
-0.35791015625 0.35791015625 0.0
-0.35693359375 0.35693359375 0.0
-0.355712890625 0.355712890625 0.0
-0.3544921875 0.3544921875 0.0
-0.353515625 0.353515625 0.0
-0.352294921875 0.352294921875 0.0
-0.351318359375 0.351318359375 0.0
-0.35009765625 0.35009765625 0.0
-0.348876953125 0.348876953125 0.0
-0.347900390625 0.347900390625 0.0
-0.3466796875 0.3466796875 0.0
-0.345458984375 0.345458984375 0.0
-0.344482421875 0.344482421875 0.0
-0.34326171875 0.34326171875 0.0
-0.342041015625 0.342041015625 0.0
-0.341064453125 0.341064453125 0.0
-0.33984375 0.33984375 0.0
-0.3388671875 0.3388671875 0.0
-0.337646484375 0.337646484375 0.0
-0.33642578125 0.33642578125 0.0
-0.33544921875 0.33544921875 0.0
-0.334228515625 0.334228515625 0.0
-0.3330078125 0.3330078125 0.0
-0.33203125 0.33203125 0.0
-0.330810546875 0.330810546875 0.0
-0.32958984375 0.32958984375 0.0
-0.32861328125 0.32861328125 0.0
-0.327392578125 0.327392578125 0.0
-0.326171875 0.326171875 0.0
-0.3251953125 0.3251953125 0.0
-0.323974609375 0.323974609375 0.0
-0.322998046875 0.322998046875 0.0
-0.32177734375 0.32177734375 0.0
-0.320556640625 0.320556640625 0.0
-0.319580078125 0.319580078125 0.0
-0.318359375 0.318359375 0.0
-0.317138671875 0.317138671875 0.0
-0.316162109375 0.316162109375 0.0
-0.31494140625 0.31494140625 0.0
-0.313720703125 0.313720703125 0.0
-0.312744140625 0.312744140625 0.0
-0.3115234375 0.3115234375 0.0
-0.310302734375 0.310302734375 0.0
-0.309326171875 0.309326171875 0.0
-0.30810546875 0.30810546875 0.0
-0.30712890625 0.30712890625 0.0
-0.305908203125 0.305908203125 0.0
-0.3046875 0.3046875 0.0
-0.3037109375 0.3037109375 0.0
-0.302490234375 0.302490234375 0.0
-0.30126953125 0.30126953125 0.0
-0.30029296875 0.30029296875 0.0
-0.299072265625 0.299072265625 0.0
-0.2978515625 0.2978515625 0.0
-0.296875 0.296875 0.0
-0.295654296875 0.295654296875 0.0
-0.294677734375 0.294677734375 0.0
-0.29345703125 0.29345703125 0.0
-0.292236328125 0.292236328125 0.0
-0.291259765625 0.291259765625 0.0
-0.2900390625 0.2900390625 0.0
-0.288818359375 0.288818359375 0.0
-0.287841796875 0.287841796875 0.0
-0.28662109375 0.28662109375 0.0
-0.285400390625 0.285400390625 0.0
-0.284423828125 0.284423828125 0.0
-0.283203125 0.283203125 0.0
-0.281982421875 0.281982421875 0.0
-0.281005859375 0.281005859375 0.0
-0.27978515625 0.27978515625 0.0
-0.27880859375 0.27880859375 0.0
-0.277587890625 0.277587890625 0.0
-0.2763671875 0.2763671875 0.0
-0.275390625 0.275390625 0.0
-0.274169921875 0.274169921875 0.0
-0.27294921875 0.27294921875 0.0
-0.27197265625 0.27197265625 0.0
-0.270751953125 0.270751953125 0.0
-0.26953125 0.26953125 0.0
-0.2685546875 0.2685546875 0.0
-0.267333984375 0.267333984375 0.0
-0.266357421875 0.266357421875 0.0
-0.26513671875 0.26513671875 0.0
-0.263916015625 0.263916015625 0.0
-0.262939453125 0.262939453125 0.0
-0.26171875 0.26171875 0.0
-0.260498046875 0.260498046875 0.0
-0.259521484375 0.259521484375 0.0
-0.25830078125 0.25830078125 0.0
-0.257080078125 0.257080078125 0.0
-0.256103515625 0.256103515625 0.0
-0.2548828125 0.2548828125 0.0
-0.253662109375 0.253662109375 0.0
-0.252685546875 0.252685546875 0.0
-0.25146484375 0.25146484375 0.0
-0.25048828125 0.25048828125 0.0
-0.249267578125 0.249267578125 0.0
-0.248168945312 0.248168945312 0.0
-0.246948242188 0.246948242188 0.0
-0.245849609375 0.245849609375 0.0
-0.244750976562 0.244750976562 0.0
-0.243530273438 0.243530273438 0.0
-0.242431640625 0.242431640625 0.0
-0.241333007812 0.241333007812 0.0
-0.240234375 0.240234375 0.0
-0.239013671875 0.239013671875 0.0
-0.237915039062 0.237915039062 0.0
-0.23681640625 0.23681640625 0.0
-0.235595703125 0.235595703125 0.0
-0.234497070312 0.234497070312 0.0
-0.2333984375 0.2333984375 0.0
-0.232299804688 0.232299804688 0.0
-0.231079101562 0.231079101562 0.0
-0.22998046875 0.22998046875 0.0
-0.228881835938 0.228881835938 0.0
-0.227661132812 0.227661132812 0.0
-0.2265625 0.2265625 0.0
-0.225463867188 0.225463867188 0.0
-0.224365234375 0.224365234375 0.0
-0.22314453125 0.22314453125 0.0
-0.222045898438 0.222045898438 0.0
-0.220947265625 0.220947265625 0.0
-0.219848632812 0.219848632812 0.0
-0.218627929688 0.218627929688 0.0
-0.217529296875 0.217529296875 0.0
-0.216430664062 0.216430664062 0.0
-0.215209960938 0.215209960938 0.0
-0.214111328125 0.214111328125 0.0
-0.213012695312 0.213012695312 0.0
-0.2119140625 0.2119140625 0.0
-0.210693359375 0.210693359375 0.0
-0.209594726562 0.209594726562 0.0
-0.20849609375 0.20849609375 0.0
-0.207275390625 0.207275390625 0.0
-0.206176757812 0.206176757812 0.0
-0.205078125 0.205078125 0.0
-0.203979492188 0.203979492188 0.0
-0.202758789062 0.202758789062 0.0
-0.20166015625 0.20166015625 0.0
-0.200561523438 0.200561523438 0.0
-0.199340820312 0.199340820312 0.0
-0.1982421875 0.1982421875 0.0
-0.197143554688 0.197143554688 0.0
-0.196044921875 0.196044921875 0.0
-0.19482421875 0.19482421875 0.0
-0.193725585938 0.193725585938 0.0
-0.192626953125 0.192626953125 0.0
-0.19140625 0.19140625 0.0
-0.190307617188 0.190307617188 0.0
-0.189208984375 0.189208984375 0.0
-0.188110351562 0.188110351562 0.0
-0.186889648438 0.186889648438 0.0
-0.185791015625 0.185791015625 0.0
-0.184692382812 0.184692382812 0.0
-0.18359375 0.18359375 0.0
-0.182373046875 0.182373046875 0.0
-0.181274414062 0.181274414062 0.0
-0.18017578125 0.18017578125 0.0
-0.178955078125 0.178955078125 0.0
-0.177856445312 0.177856445312 0.0
-0.1767578125 0.1767578125 0.0
-0.175659179688 0.175659179688 0.0
-0.174438476562 0.174438476562 0.0
-0.17333984375 0.17333984375 0.0
-0.172241210938 0.172241210938 0.0
-0.171020507812 0.171020507812 0.0
-0.169921875 0.169921875 0.0
-0.168823242188 0.168823242188 0.0
-0.167724609375 0.167724609375 0.0
-0.16650390625 0.16650390625 0.0
-0.165405273438 0.165405273438 0.0
-0.164306640625 0.164306640625 0.0
-0.1630859375 0.1630859375 0.0
-0.161987304688 0.161987304688 0.0
-0.160888671875 0.160888671875 0.0
-0.159790039062 0.159790039062 0.0
-0.158569335938 0.158569335938 0.0
-0.157470703125 0.157470703125 0.0
-0.156372070312 0.156372070312 0.0
-0.155151367188 0.155151367188 0.0
-0.154052734375 0.154052734375 0.0
-0.152954101562 0.152954101562 0.0
-0.15185546875 0.15185546875 0.0
-0.150634765625 0.150634765625 0.0
-0.149536132812 0.149536132812 0.0
-0.1484375 0.1484375 0.0
-0.147338867188 0.147338867188 0.0
-0.146118164062 0.146118164062 0.0
-0.14501953125 0.14501953125 0.0
-0.143920898438 0.143920898438 0.0
-0.142700195312 0.142700195312 0.0
-0.1416015625 0.1416015625 0.0
-0.140502929688 0.140502929688 0.0
-0.139404296875 0.139404296875 0.0
-0.13818359375 0.13818359375 0.0
-0.137084960938 0.137084960938 0.0
-0.135986328125 0.135986328125 0.0
-0.134765625 0.134765625 0.0
-0.133666992188 0.133666992188 0.0
-0.132568359375 0.132568359375 0.0
-0.131469726562 0.131469726562 0.0
-0.130249023438 0.130249023438 0.0
-0.129150390625 0.129150390625 0.0
-0.128051757812 0.128051757812 0.0
-0.126831054688 0.126831054688 0.0
-0.125732421875 0.125732421875 0.0
-0.124633789062 0.124633789062 0.0
-0.123474121094 0.123474121094 0.0
-0.122375488281 0.122375488281 0.0
-0.121215820312 0.121215820312 0.0
-0.1201171875 0.1201171875 0.0
-0.118957519531 0.118957519531 0.0
-0.117797851562 0.117797851562 0.0
-0.11669921875 0.11669921875 0.0
-0.115539550781 0.115539550781 0.0
-0.114440917969 0.114440917969 0.0
-0.11328125 0.11328125 0.0
-0.112182617188 0.112182617188 0.0
-0.111022949219 0.111022949219 0.0
-0.109924316406 0.109924316406 0.0
-0.108764648438 0.108764648438 0.0
-0.107604980469 0.107604980469 0.0
-0.106506347656 0.106506347656 0.0
-0.105346679688 0.105346679688 0.0
-0.104248046875 0.104248046875 0.0
-0.103088378906 0.103088378906 0.0
-0.101989746094 0.101989746094 0.0
-0.100830078125 0.100830078125 0.0
-0.0996704101562 0.0996704101562 0.0
-0.0985717773438 0.0985717773438 0.0
-0.097412109375 0.097412109375 0.0
-0.0963134765625 0.0963134765625 0.0
-0.0951538085938 0.0951538085938 0.0
-0.0940551757812 0.0940551757812 0.0
-0.0928955078125 0.0928955078125 0.0
-0.091796875 0.091796875 0.0
-0.0906372070312 0.0906372070312 0.0
-0.0894775390625 0.0894775390625 0.0
-0.08837890625 0.08837890625 0.0
-0.0872192382812 0.0872192382812 0.0
-0.0861206054688 0.0861206054688 0.0
-0.0849609375 0.0849609375 0.0
-0.0838623046875 0.0838623046875 0.0
-0.0827026367188 0.0827026367188 0.0
-0.08154296875 0.08154296875 0.0
-0.0804443359375 0.0804443359375 0.0
-0.0792846679688 0.0792846679688 0.0
-0.0781860351562 0.0781860351562 0.0
-0.0770263671875 0.0770263671875 0.0
-0.075927734375 0.075927734375 0.0
-0.0747680664062 0.0747680664062 0.0
-0.0736694335938 0.0736694335938 0.0
-0.072509765625 0.072509765625 0.0
-0.0713500976562 0.0713500976562 0.0
-0.0702514648438 0.0702514648438 0.0
-0.069091796875 0.069091796875 0.0
-0.0679931640625 0.0679931640625 0.0
-0.0668334960938 0.0668334960938 0.0
-0.0657348632812 0.0657348632812 0.0
-0.0645751953125 0.0645751953125 0.0
-0.0634155273438 0.0634155273438 0.0
-0.0623168945312 0.0623168945312 0.0
-0.0611877441406 0.0611877441406 0.0
-0.06005859375 0.06005859375 0.0
-0.0588989257812 0.0588989257812 0.0
-0.0577697753906 0.0577697753906 0.0
-0.056640625 0.056640625 0.0
-0.0555114746094 0.0555114746094 0.0
-0.0543823242188 0.0543823242188 0.0
-0.0532531738281 0.0532531738281 0.0
-0.0521240234375 0.0521240234375 0.0
-0.0509948730469 0.0509948730469 0.0
-0.0498352050781 0.0498352050781 0.0
-0.0487060546875 0.0487060546875 0.0
-0.0475769042969 0.0475769042969 0.0
-0.0464477539062 0.0464477539062 0.0
-0.0453186035156 0.0453186035156 0.0
-0.044189453125 0.044189453125 0.0
-0.0430603027344 0.0430603027344 0.0
-0.0419311523438 0.0419311523438 0.0
-0.040771484375 0.040771484375 0.0
-0.0396423339844 0.0396423339844 0.0
-0.0385131835938 0.0385131835938 0.0
-0.0373840332031 0.0373840332031 0.0
-0.0362548828125 0.0362548828125 0.0
-0.0351257324219 0.0351257324219 0.0
-0.0339965820312 0.0339965820312 0.0
-0.0328674316406 0.0328674316406 0.0
-0.0317077636719 0.0317077636719 0.0
-0.0305938720703 0.0305938720703 0.0
-0.0294494628906 0.0294494628906 0.0
-0.0283203125 0.0283203125 0.0
-0.0271911621094 0.0271911621094 0.0
-0.0260620117188 0.0260620117188 0.0
-0.0249176025391 0.0249176025391 0.0
-0.0237884521484 0.0237884521484 0.0
-0.0226593017578 0.0226593017578 0.0
-0.0215301513672 0.0215301513672 0.0
-0.0203857421875 0.0203857421875 0.0
-0.0192565917969 0.0192565917969 0.0
-0.0181274414062 0.0181274414062 0.0
-0.0169982910156 0.0169982910156 0.0
-0.0158538818359 0.0158538818359 0.0
-0.0147247314453 0.0147247314453 0.0
-0.0135955810547 0.0135955810547 0.0
-0.0124588012695 0.0124588012695 0.0
-0.0113296508789 0.0113296508789 0.0
-0.0101928710938 0.0101928710938 0.0
-0.00906372070312 0.00906372070312 0.0
-0.00792694091797 0.00792694091797 0.0
-0.00679779052734 0.00679779052734 0.0
-0.00566482543945 0.00566482543945 0.0
-0.00453186035156 0.00453186035156 0.0
-0.00339889526367 0.00339889526367 0.0
-0.00226593017578 0.00226593017578 0.0
-0.00113296508789 0.00113296508789 0.0
0.0 0.0 0.0
0.0 0.0 0.0
0.0 0.00185203552246 0.0
0.0 0.00370407104492 0.0
0.0 0.00555419921875 0.0
0.0 0.00740814208984 0.0
0.0 0.00926208496094 0.0
0.0 0.0111083984375 0.0
0.0 0.0129623413086 0.0
0.0 0.0148162841797 0.0
0.0 0.0166625976562 0.0
0.0 0.0185241699219 0.0
0.0 0.0203704833984 0.0
0.0 0.022216796875 0.0
0.0 0.0240783691406 0.0
0.0 0.0259246826172 0.0
0.0 0.0277709960938 0.0
0.0 0.0296325683594 0.0
0.0 0.031494140625 0.0
0.0 0.0333251953125 0.0
0.0 0.0351867675781 0.0
0.0 0.0370483398438 0.0
0.0 0.0388793945312 0.0
0.0 0.0407409667969 0.0
0.0 0.0426025390625 0.0
0.0 0.04443359375 0.0
0.0 0.0462951660156 0.0
0.0 0.0481567382812 0.0
0.0 0.0499877929688 0.0
0.0 0.0518493652344 0.0
0.0 0.0537109375 0.0
0.0 0.0555419921875 0.0
0.0 0.0574035644531 0.0
0.0 0.0592651367188 0.0
0.0 0.0610961914062 0.0
0.0 0.06298828125 0.0
0.0 0.0648193359375 0.0
0.0 0.066650390625 0.0
0.0 0.0685424804688 0.0
0.0 0.0703735351562 0.0
0.0 0.0722045898438 0.0
0.0 0.0740966796875 0.0
0.0 0.075927734375 0.0
0.0 0.0777587890625 0.0
0.0 0.0796508789062 0.0
0.0 0.0814819335938 0.0
0.0 0.0833129882812 0.0
0.0 0.085205078125 0.0
0.0 0.0870361328125 0.0
0.0 0.0888671875 0.0
0.0 0.0907592773438 0.0
0.0 0.0925903320312 0.0
0.0 0.0944213867188 0.0
0.0 0.0963134765625 0.0
0.0 0.09814453125 0.0
0.0 0.0999755859375 0.0
0.0 0.101867675781 0.0
0.0 0.103698730469 0.0
0.0 0.105529785156 0.0
0.0 0.107421875 0.0
0.0 0.109252929688 0.0
0.0 0.111083984375 0.0
0.0 0.112976074219 0.0
0.0 0.114807128906 0.0
0.0 0.116638183594 0.0
0.0 0.118530273438 0.0
0.0 0.120361328125 0.0
0.0 0.122192382812 0.0
0.0 0.124084472656 0.0
0.0 0.1259765625 0.0
0.0 0.127807617188 0.0
0.0 0.129638671875 0.0
0.0 0.131469726562 0.0
0.0 0.13330078125 0.0
0.0 0.135131835938 0.0
0.0 0.137084960938 0.0
0.0 0.138916015625 0.0
0.0 0.140747070312 0.0
0.0 0.142578125 0.0
0.0 0.144409179688 0.0
0.0 0.146240234375 0.0
0.0 0.148193359375 0.0
0.0 0.150024414062 0.0
0.0 0.15185546875 0.0
0.0 0.153686523438 0.0
0.0 0.155517578125 0.0
0.0 0.157348632812 0.0
0.0 0.159301757812 0.0
0.0 0.1611328125 0.0
0.0 0.162963867188 0.0
0.0 0.164794921875 0.0
0.0 0.166625976562 0.0
0.0 0.168579101562 0.0
0.0 0.17041015625 0.0
0.0 0.172241210938 0.0
0.0 0.174072265625 0.0
0.0 0.175903320312 0.0
0.0 0.177734375 0.0
0.0 0.1796875 0.0
0.0 0.181518554688 0.0
0.0 0.183349609375 0.0
0.0 0.185180664062 0.0
0.0 0.18701171875 0.0
0.0 0.188842773438 0.0
0.0 0.190795898438 0.0
0.0 0.192626953125 0.0
0.0 0.194458007812 0.0
0.0 0.1962890625 0.0
0.0 0.198120117188 0.0
0.0 0.199951171875 0.0
0.0 0.201904296875 0.0
0.0 0.203735351562 0.0
0.0 0.20556640625 0.0
0.0 0.207397460938 0.0
0.0 0.209228515625 0.0
0.0 0.211059570312 0.0
0.0 0.213012695312 0.0
0.0 0.21484375 0.0
0.0 0.216674804688 0.0
0.0 0.218505859375 0.0
0.0 0.220336914062 0.0
0.0 0.22216796875 0.0
0.0 0.22412109375 0.0
0.0 0.225952148438 0.0
0.0 0.227783203125 0.0
0.0 0.229614257812 0.0
0.0 0.2314453125 0.0
0.0 0.233276367188 0.0
0.0 0.235229492188 0.0
0.0 0.237060546875 0.0
0.0 0.238891601562 0.0
0.0 0.24072265625 0.0
0.0 0.242553710938 0.0
0.0 0.244384765625 0.0
0.0 0.246337890625 0.0
0.0 0.248168945312 0.0
0.0 0.25 0.0
0.0 0.251953125 0.0
0.0 0.253662109375 0.0
0.0 0.255615234375 0.0
0.0 0.25732421875 0.0
0.0 0.25927734375 0.0
0.0 0.26123046875 0.0
0.0 0.262939453125 0.0
0.0 0.264892578125 0.0
0.0 0.2666015625 0.0
0.0 0.2685546875 0.0
0.0 0.270263671875 0.0
0.0 0.272216796875 0.0
0.0 0.274169921875 0.0
0.0 0.27587890625 0.0
0.0 0.27783203125 0.0
0.0 0.279541015625 0.0
0.0 0.281494140625 0.0
0.0 0.283447265625 0.0
0.0 0.28515625 0.0
0.0 0.287109375 0.0
0.0 0.288818359375 0.0
0.0 0.290771484375 0.0
0.0 0.29248046875 0.0
0.0 0.29443359375 0.0
0.0 0.29638671875 0.0
0.0 0.298095703125 0.0
0.0 0.300048828125 0.0
0.0 0.3017578125 0.0
0.0 0.3037109375 0.0
0.0 0.3056640625 0.0
0.0 0.307373046875 0.0
0.0 0.309326171875 0.0
0.0 0.31103515625 0.0
0.0 0.31298828125 0.0
0.0 0.314697265625 0.0
0.0 0.316650390625 0.0
0.0 0.318603515625 0.0
0.0 0.3203125 0.0
0.0 0.322265625 0.0
0.0 0.323974609375 0.0
0.0 0.325927734375 0.0
0.0 0.327880859375 0.0
0.0 0.32958984375 0.0
0.0 0.33154296875 0.0
0.0 0.333251953125 0.0
0.0 0.335205078125 0.0
0.0 0.337158203125 0.0
0.0 0.3388671875 0.0
0.0 0.3408203125 0.0
0.0 0.342529296875 0.0
0.0 0.344482421875 0.0
0.0 0.34619140625 0.0
0.0 0.34814453125 0.0
0.0 0.35009765625 0.0
0.0 0.351806640625 0.0
0.0 0.353759765625 0.0
0.0 0.35546875 0.0
0.0 0.357421875 0.0
0.0 0.359375 0.0
0.0 0.361083984375 0.0
0.0 0.363037109375 0.0
0.0 0.36474609375 0.0
0.0 0.36669921875 0.0
0.0 0.368408203125 0.0
0.0 0.370361328125 0.0
0.0 0.372314453125 0.0
0.0 0.3740234375 0.0
0.0 0.3759765625 0.0
0.0 0.377685546875 0.0
0.0 0.379638671875 0.0
0.0 0.381591796875 0.0
0.0 0.38330078125 0.0
0.0 0.38525390625 0.0
0.0 0.386962890625 0.0
0.0 0.388916015625 0.0
0.0 0.390625 0.0
0.0 0.392578125 0.0
0.0 0.39453125 0.0
0.0 0.396240234375 0.0
0.0 0.398193359375 0.0
0.0 0.39990234375 0.0
0.0 0.40185546875 0.0
0.0 0.40380859375 0.0
0.0 0.405517578125 0.0
0.0 0.407470703125 0.0
0.0 0.4091796875 0.0
0.0 0.4111328125 0.0
0.0 0.412841796875 0.0
0.0 0.414794921875 0.0
0.0 0.416748046875 0.0
0.0 0.41845703125 0.0
0.0 0.42041015625 0.0
0.0 0.422119140625 0.0
0.0 0.424072265625 0.0
0.0 0.426025390625 0.0
0.0 0.427734375 0.0
0.0 0.4296875 0.0
0.0 0.431396484375 0.0
0.0 0.433349609375 0.0
0.0 0.435302734375 0.0
0.0 0.43701171875 0.0
0.0 0.43896484375 0.0
0.0 0.440673828125 0.0
0.0 0.442626953125 0.0
0.0 0.4443359375 0.0
0.0 0.4462890625 0.0
0.0 0.4482421875 0.0
0.0 0.449951171875 0.0
0.0 0.451904296875 0.0
0.0 0.45361328125 0.0
0.0 0.45556640625 0.0
0.0 0.45751953125 0.0
0.0 0.459228515625 0.0
0.0 0.461181640625 0.0
0.0 0.462890625 0.0
0.0 0.46484375 0.0
0.0 0.466552734375 0.0
0.0 0.468505859375 0.0
0.0 0.470458984375 0.0
0.0 0.47216796875 0.0
0.0 0.47412109375 0.0
0.0 0.475830078125 0.0
0.0 0.477783203125 0.0
0.0 0.479736328125 0.0
0.0 0.4814453125 0.0
0.0 0.4833984375 0.0
0.0 0.485107421875 0.0
0.0 0.487060546875 0.0
0.0 0.48876953125 0.0
0.0 0.49072265625 0.0
0.0 0.49267578125 0.0
0.0 0.494384765625 0.0
0.0 0.496337890625 0.0
0.0 0.498046875 0.0
0.0 0.5 0.0
0.0 0.5 0.0
0.0 0.50048828125 0.00196266174316
0.0 0.50146484375 0.00392532348633
0.0 0.501953125 0.00588989257812
0.0 0.50244140625 0.00785064697266
0.0 0.50341796875 0.00981903076172
0.0 0.50390625 0.0117797851562
0.0 0.50439453125 0.0137405395508
0.0 0.50537109375 0.0157012939453
0.0 0.505859375 0.0176696777344
0.0 0.50634765625 0.0196380615234
0.0 0.50732421875 0.0215911865234
0.0 0.5078125 0.0235595703125
0.0 0.50830078125 0.0255279541016
0.0 0.50927734375 0.0274810791016
0.0 0.509765625 0.0294494628906
0.0 0.51025390625 0.0314025878906
0.0 0.51123046875 0.0333862304688
0.0 0.51171875 0.0353393554688
0.0 0.51220703125 0.0372924804688
0.0 0.51318359375 0.0392761230469
0.0 0.513671875 0.0412292480469
0.0 0.51416015625 0.0431823730469
0.0 0.51513671875 0.045166015625
0.0 0.515625 0.047119140625
0.0 0.5166015625 0.049072265625
0.0 0.51708984375 0.0510559082031
0.0 0.517578125 0.0530090332031
0.0 0.5185546875 0.0549621582031
0.0 0.51904296875 0.0569458007812
0.0 0.51953125 0.0588989257812
0.0 0.5205078125 0.0608520507812
0.0 0.52099609375 0.0628051757812
0.0 0.521484375 0.0648193359375
0.0 0.5224609375 0.0667724609375
0.0 0.52294921875 0.0687255859375
0.0 0.5234375 0.0706787109375
0.0 0.5244140625 0.0726318359375
0.0 0.52490234375 0.0745849609375
0.0 0.525390625 0.0765991210938
0.0 0.5263671875 0.0785522460938
0.0 0.52685546875 0.0805053710938
0.0 0.52734375 0.0824584960938
0.0 0.5283203125 0.0844116210938
0.0 0.52880859375 0.0863647460938
0.0 0.529296875 0.08837890625
0.0 0.5302734375 0.09033203125
0.0 0.53076171875 0.09228515625
0.0 0.53125 0.09423828125
0.0 0.5322265625 0.09619140625
0.0 0.53271484375 0.09814453125
0.0 0.533203125 0.100158691406
0.0 0.5341796875 0.102111816406
0.0 0.53466796875 0.104064941406
0.0 0.53515625 0.106018066406
0.0 0.5361328125 0.107971191406
0.0 0.53662109375 0.109924316406
0.0 0.537109375 0.111938476562
0.0 0.5380859375 0.113891601562
0.0 0.53857421875 0.115844726562
0.0 0.5390625 0.117797851562
0.0 0.5400390625 0.119750976562
0.0 0.54052734375 0.121704101562
0.0 0.541015625 0.123718261719
0.0 0.5419921875 0.125610351562
0.0 0.54248046875 0.127563476562
0.0 0.54296875 0.129638671875
0.0 0.5439453125 0.131591796875
0.0 0.54443359375 0.133544921875
0.0 0.544921875 0.135498046875
0.0 0.5458984375 0.137451171875
0.0 0.54638671875 0.139404296875
0.0 0.54736328125 0.141357421875
0.0 0.5478515625 0.143310546875
0.0 0.54833984375 0.145263671875
0.0 0.54931640625 0.147216796875
0.0 0.5498046875 0.149169921875
0.0 0.55029296875 0.151123046875
0.0 0.55126953125 0.153198242188
0.0 0.5517578125 0.155151367188
0.0 0.55224609375 0.157104492188
0.0 0.55322265625 0.159057617188
0.0 0.5537109375 0.161010742188
0.0 0.55419921875 0.162963867188
0.0 0.55517578125 0.164916992188
0.0 0.5556640625 0.166870117188
0.0 0.55615234375 0.168823242188
0.0 0.55712890625 0.170776367188
0.0 0.5576171875 0.172729492188
0.0 0.55810546875 0.174682617188
0.0 0.55908203125 0.1767578125
0.0 0.5595703125 0.1787109375
0.0 0.56005859375 0.1806640625
0.0 0.56103515625 0.1826171875
0.0 0.5615234375 0.1845703125
0.0 0.56201171875 0.1865234375
0.0 0.56298828125 0.1884765625
0.0 0.5634765625 0.1904296875
0.0 0.56396484375 0.1923828125
0.0 0.56494140625 0.1943359375
0.0 0.5654296875 0.1962890625
0.0 0.56591796875 0.1982421875
0.0 0.56689453125 0.200317382812
0.0 0.5673828125 0.202270507812
0.0 0.56787109375 0.204223632812
0.0 0.56884765625 0.206176757812
0.0 0.5693359375 0.208129882812
0.0 0.56982421875 0.210083007812
0.0 0.57080078125 0.212036132812
0.0 0.5712890625 0.213989257812
0.0 0.57177734375 0.215942382812
0.0 0.57275390625 0.217895507812
0.0 0.5732421875 0.219848632812
0.0 0.57373046875 0.221801757812
0.0 0.57470703125 0.223876953125
0.0 0.5751953125 0.225830078125
0.0 0.57568359375 0.227783203125
0.0 0.57666015625 0.229736328125
0.0 0.5771484375 0.231689453125
0.0 0.57763671875 0.233642578125
0.0 0.57861328125 0.235595703125
0.0 0.5791015625 0.237548828125
0.0 0.580078125 0.239501953125
0.0 0.58056640625 0.241455078125
0.0 0.5810546875 0.243408203125
0.0 0.58203125 0.245361328125
0.0 0.58251953125 0.247436523438
0.0 0.5830078125 0.249389648438
0.0 0.583984375 0.251220703125
0.0 0.58447265625 0.253173828125
0.0 0.5849609375 0.255126953125
0.0 0.5859375 0.257080078125
0.0 0.58642578125 0.25927734375
0.0 0.5869140625 0.26123046875
0.0 0.587890625 0.26318359375
0.0 0.58837890625 0.26513671875
0.0 0.5888671875 0.26708984375
0.0 0.58984375 0.26904296875
0.0 0.59033203125 0.27099609375
0.0 0.5908203125 0.27294921875
0.0 0.591796875 0.27490234375
0.0 0.59228515625 0.27685546875
0.0 0.5927734375 0.27880859375
0.0 0.59375 0.28076171875
0.0 0.59423828125 0.28271484375
0.0 0.5947265625 0.28466796875
0.0 0.595703125 0.28662109375
0.0 0.59619140625 0.28857421875
0.0 0.5966796875 0.29052734375
0.0 0.59765625 0.29248046875
0.0 0.59814453125 0.29443359375
0.0 0.5986328125 0.29638671875
0.0 0.599609375 0.29833984375
0.0 0.60009765625 0.30029296875
0.0 0.6005859375 0.30224609375
0.0 0.6015625 0.30419921875
0.0 0.60205078125 0.306396484375
0.0 0.6025390625 0.308349609375
0.0 0.603515625 0.310302734375
0.0 0.60400390625 0.312255859375
0.0 0.6044921875 0.314208984375
0.0 0.60546875 0.316162109375
0.0 0.60595703125 0.318115234375
0.0 0.6064453125 0.320068359375
0.0 0.607421875 0.322021484375
0.0 0.60791015625 0.323974609375
0.0 0.6083984375 0.325927734375
0.0 0.609375 0.327880859375
0.0 0.60986328125 0.329833984375
0.0 0.61083984375 0.331787109375
0.0 0.611328125 0.333740234375
0.0 0.61181640625 0.335693359375
0.0 0.61279296875 0.337646484375
0.0 0.61328125 0.339599609375
0.0 0.61376953125 0.341552734375
0.0 0.61474609375 0.343505859375
0.0 0.615234375 0.345458984375
0.0 0.61572265625 0.347412109375
0.0 0.61669921875 0.349365234375
0.0 0.6171875 0.351318359375
0.0 0.61767578125 0.353515625
0.0 0.61865234375 0.35546875
0.0 0.619140625 0.357421875
0.0 0.61962890625 0.359375
0.0 0.62060546875 0.361328125
0.0 0.62109375 0.36328125
0.0 0.62158203125 0.365234375
0.0 0.62255859375 0.3671875
0.0 0.623046875 0.369140625
0.0 0.62353515625 0.37109375
0.0 0.62451171875 0.373046875
0.0 0.625 0.375
0.0 0.625 0.375
-0.00227355957031 0.6240234375 0.373779296875
-0.00454711914062 0.62255859375 0.372802734375
-0.00681686401367 0.62158203125 0.37158203125
-0.00909423828125 0.62060546875 0.370361328125
-0.011360168457 0.619140625 0.369384765625
-0.0136337280273 0.6181640625 0.3681640625
-0.0159149169922 0.6171875 0.366943359375
-0.0181884765625 0.61572265625 0.365966796875
-0.0204620361328 0.61474609375 0.36474609375
-0.0227203369141 0.61376953125 0.363525390625
-0.0249938964844 0.6123046875 0.362548828125
-0.0272674560547 0.611328125 0.361328125
-0.029541015625 0.6103515625 0.360107421875
-0.0318298339844 0.60888671875 0.359130859375
-0.0340881347656 0.60791015625 0.35791015625
-0.036376953125 0.60693359375 0.35693359375
-0.0386352539062 0.60546875 0.355712890625
-0.0409240722656 0.6044921875 0.3544921875
-0.0431823730469 0.603515625 0.353515625
-0.0454406738281 0.60205078125 0.352294921875
-0.0477294921875 0.60107421875 0.35107421875
-0.0499877929688 0.60009765625 0.35009765625
-0.0522766113281 0.5986328125 0.348876953125
-0.0545349121094 0.59765625 0.34765625
-0.0568237304688 0.5966796875 0.3466796875
-0.05908203125 0.59521484375 0.345458984375
-0.0613708496094 0.59423828125 0.34423828125
-0.0636596679688 0.59326171875 0.34326171875
-0.06591796875 0.59228515625 0.342041015625
-0.0681762695312 0.5908203125 0.3408203125
-0.0704345703125 0.58984375 0.33984375
-0.07275390625 0.5888671875 0.338623046875
-0.0750122070312 0.58740234375 0.33740234375
-0.0772705078125 0.58642578125 0.33642578125
-0.0795288085938 0.58544921875 0.335205078125
-0.0818481445312 0.583984375 0.333984375
-0.0841064453125 0.5830078125 0.3330078125
-0.0863647460938 0.58203125 0.331787109375
-0.088623046875 0.58056640625 0.33056640625
-0.0908813476562 0.57958984375 0.32958984375
-0.0932006835938 0.57861328125 0.328369140625
-0.095458984375 0.5771484375 0.327392578125
-0.0977172851562 0.576171875 0.326171875
-0.0999755859375 0.5751953125 0.324951171875
-0.102294921875 0.57373046875 0.323974609375
-0.104553222656 0.57275390625 0.32275390625
-0.106811523438 0.57177734375 0.321533203125
-0.109069824219 0.5703125 0.320556640625
-0.111389160156 0.5693359375 0.3193359375
-0.113647460938 0.568359375 0.318115234375
-0.115905761719 0.56689453125 0.317138671875
-0.1181640625 0.56591796875 0.31591796875
-0.120483398438 0.56494140625 0.314697265625
-0.122741699219 0.5634765625 0.313720703125
-0.125 0.5625 0.3125
-0.127319335938 0.5615234375 0.311279296875
-0.129516601562 0.56005859375 0.310302734375
-0.1318359375 0.55908203125 0.30908203125
-0.134033203125 0.55810546875 0.307861328125
-0.136352539062 0.556640625 0.306884765625
-0.138671875 0.5556640625 0.3056640625
-0.140869140625 0.5546875 0.304443359375
-0.143188476562 0.55322265625 0.303466796875
-0.1455078125 0.55224609375 0.30224609375
-0.147705078125 0.55126953125 0.301025390625
-0.150024414062 0.5498046875 0.300048828125
-0.152221679688 0.548828125 0.298828125
-0.154541015625 0.5478515625 0.297607421875
-0.156860351562 0.54638671875 0.296630859375
-0.159057617188 0.54541015625 0.29541015625
-0.161376953125 0.54443359375 0.29443359375
-0.163696289062 0.54296875 0.293212890625
-0.165893554688 0.5419921875 0.2919921875
-0.168212890625 0.541015625 0.291015625
-0.17041015625 0.53955078125 0.289794921875
-0.172729492188 0.53857421875 0.28857421875
-0.175048828125 0.53759765625 0.28759765625
-0.17724609375 0.5361328125 0.286376953125
-0.179565429688 0.53515625 0.28515625
-0.181762695312 0.5341796875 0.2841796875
-0.18408203125 0.53271484375 0.282958984375
-0.186401367188 0.53173828125 0.28173828125
-0.188598632812 0.53076171875 0.28076171875
-0.19091796875 0.52978515625 0.279541015625
-0.193237304688 0.5283203125 0.2783203125
-0.195434570312 0.52734375 0.27734375
-0.19775390625 0.5263671875 0.276123046875
-0.199951171875 0.52490234375 0.27490234375
-0.202270507812 0.52392578125 0.27392578125
-0.20458984375 0.52294921875 0.272705078125
-0.206787109375 0.521484375 0.271484375
-0.209106445312 0.5205078125 0.2705078125
-0.211303710938 0.51953125 0.269287109375
-0.213623046875 0.51806640625 0.26806640625
-0.215942382812 0.51708984375 0.26708984375
-0.218139648438 0.51611328125 0.265869140625
-0.220458984375 0.5146484375 0.264892578125
-0.222778320312 0.513671875 0.263671875
-0.224975585938 0.5126953125 0.262451171875
-0.227294921875 0.51123046875 0.261474609375
-0.2294921875 0.51025390625 0.26025390625
-0.231811523438 0.50927734375 0.259033203125
-0.234130859375 0.5078125 0.258056640625
-0.236328125 0.5068359375 0.2568359375
-0.238647460938 0.505859375 0.255615234375
-0.240966796875 0.50439453125 0.254638671875
-0.2431640625 0.50341796875 0.25341796875
-0.245483398438 0.50244140625 0.252197265625
-0.247680664062 0.5009765625 0.251220703125
-0.25 0.5 0.25
-0.25 0.5 0.25
-0.248901367188 0.5 0.248901367188
-0.247680664062 0.5 0.247680664062
-0.24658203125 0.5 0.24658203125
-0.245483398438 0.5 0.245483398438
-0.244262695312 0.5 0.244262695312
-0.2431640625 0.5 0.2431640625
-0.242065429688 0.5 0.242065429688
-0.240966796875 0.5 0.240966796875
-0.23974609375 0.5 0.23974609375
-0.238647460938 0.5 0.238647460938
-0.237548828125 0.5 0.237548828125
-0.236328125 0.5 0.236328125
-0.235229492188 0.5 0.235229492188
-0.234130859375 0.5 0.234130859375
-0.23291015625 0.5 0.23291015625
-0.231811523438 0.5 0.231811523438
-0.230712890625 0.5 0.230712890625
-0.2294921875 0.5 0.2294921875
-0.228393554688 0.5 0.228393554688
-0.227294921875 0.5 0.227294921875
-0.226196289062 0.5 0.226196289062
-0.224975585938 0.5 0.224975585938
-0.223876953125 0.5 0.223876953125
-0.222778320312 0.5 0.222778320312
-0.221557617188 0.5 0.221557617188
-0.220458984375 0.5 0.220458984375
-0.219360351562 0.5 0.219360351562
-0.218139648438 0.5 0.218139648438
-0.217041015625 0.5 0.217041015625
-0.215942382812 0.5 0.215942382812
-0.214721679688 0.5 0.214721679688
-0.213623046875 0.5 0.213623046875
-0.212524414062 0.5 0.212524414062
-0.211303710938 0.5 0.211303710938
-0.210205078125 0.5 0.210205078125
-0.209106445312 0.5 0.209106445312
-0.2080078125 0.5 0.2080078125
-0.206787109375 0.5 0.206787109375
-0.205688476562 0.5 0.205688476562
-0.20458984375 0.5 0.20458984375
-0.203369140625 0.5 0.203369140625
-0.202270507812 0.5 0.202270507812
-0.201171875 0.5 0.201171875
-0.199951171875 0.5 0.199951171875
-0.198852539062 0.5 0.198852539062
-0.19775390625 0.5 0.19775390625
-0.196533203125 0.5 0.196533203125
-0.195434570312 0.5 0.195434570312
-0.1943359375 0.5 0.1943359375
-0.193237304688 0.5 0.193237304688
-0.192016601562 0.5 0.192016601562
-0.19091796875 0.5 0.19091796875
-0.189819335938 0.5 0.189819335938
-0.188598632812 0.5 0.188598632812
-0.1875 0.5 0.1875
-0.186401367188 0.5 0.186401367188
-0.185180664062 0.5 0.185180664062
-0.18408203125 0.5 0.18408203125
-0.182983398438 0.5 0.182983398438
-0.181762695312 0.5 0.181762695312
-0.1806640625 0.5 0.1806640625
-0.179565429688 0.5 0.179565429688
-0.178466796875 0.5 0.178466796875
-0.17724609375 0.5 0.17724609375
-0.176147460938 0.5 0.176147460938
-0.175048828125 0.5 0.175048828125
-0.173828125 0.5 0.173828125
-0.172729492188 0.5 0.172729492188
-0.171630859375 0.5 0.171630859375
-0.17041015625 0.5 0.17041015625
-0.169311523438 0.5 0.169311523438
-0.168212890625 0.5 0.168212890625
-0.1669921875 0.5 0.1669921875
-0.165893554688 0.5 0.165893554688
-0.164794921875 0.5 0.164794921875
-0.163696289062 0.5 0.163696289062
-0.162475585938 0.5 0.162475585938
-0.161376953125 0.5 0.161376953125
-0.160278320312 0.5 0.160278320312
-0.159057617188 0.5 0.159057617188
-0.157958984375 0.5 0.157958984375
-0.156860351562 0.5 0.156860351562
-0.155639648438 0.5 0.155639648438
-0.154541015625 0.5 0.154541015625
-0.153442382812 0.5 0.153442382812
-0.152221679688 0.5 0.152221679688
-0.151123046875 0.5 0.151123046875
-0.150024414062 0.5 0.150024414062
-0.148803710938 0.5 0.148803710938
-0.147705078125 0.5 0.147705078125
-0.146606445312 0.5 0.146606445312
-0.1455078125 0.5 0.1455078125
-0.144287109375 0.5 0.144287109375
-0.143188476562 0.5 0.143188476562
-0.14208984375 0.5 0.14208984375
-0.140869140625 0.5 0.140869140625
-0.139770507812 0.5 0.139770507812
-0.138671875 0.5 0.138671875
-0.137451171875 0.5 0.137451171875
-0.136352539062 0.5 0.136352539062
-0.13525390625 0.5 0.13525390625
-0.134033203125 0.5 0.134033203125
-0.132934570312 0.5 0.132934570312
-0.1318359375 0.5 0.1318359375
-0.130737304688 0.5 0.130737304688
-0.129516601562 0.5 0.129516601562
-0.12841796875 0.5 0.12841796875
-0.127319335938 0.5 0.127319335938
-0.126098632812 0.5 0.126098632812
-0.125 0.5 0.125
-0.123840332031 0.5 0.123840332031
-0.122741699219 0.5 0.122741699219
-0.12158203125 0.5 0.12158203125
-0.120483398438 0.5 0.120483398438
-0.119323730469 0.5 0.119323730469
-0.1181640625 0.5 0.1181640625
-0.117065429688 0.5 0.117065429688
-0.115905761719 0.5 0.115905761719
-0.11474609375 0.5 0.11474609375
-0.113647460938 0.5 0.113647460938
-0.112487792969 0.5 0.112487792969
-0.111389160156 0.5 0.111389160156
-0.110229492188 0.5 0.110229492188
-0.109069824219 0.5 0.109069824219
-0.107971191406 0.5 0.107971191406
-0.106811523438 0.5 0.106811523438
-0.105651855469 0.5 0.105651855469
-0.104553222656 0.5 0.104553222656
-0.103393554688 0.5 0.103393554688
-0.102294921875 0.5 0.102294921875
-0.101135253906 0.5 0.101135253906
-0.0999755859375 0.5 0.0999755859375
-0.098876953125 0.5 0.098876953125
-0.0977172851562 0.5 0.0977172851562
-0.0966186523438 0.5 0.0966186523438
-0.095458984375 0.5 0.095458984375
-0.0942993164062 0.5 0.0942993164062
-0.0932006835938 0.5 0.0932006835938
-0.092041015625 0.5 0.092041015625
-0.0908813476562 0.5 0.0908813476562
-0.0897827148438 0.5 0.0897827148438
-0.088623046875 0.5 0.088623046875
-0.0875244140625 0.5 0.0875244140625
-0.0863647460938 0.5 0.0863647460938
-0.085205078125 0.5 0.085205078125
-0.0841064453125 0.5 0.0841064453125
-0.0829467773438 0.5 0.0829467773438
-0.0818481445312 0.5 0.0818481445312
-0.0806884765625 0.5 0.0806884765625
-0.0795288085938 0.5 0.0795288085938
-0.0784301757812 0.5 0.0784301757812
-0.0772705078125 0.5 0.0772705078125
-0.0761108398438 0.5 0.0761108398438
-0.0750122070312 0.5 0.0750122070312
-0.0738525390625 0.5 0.0738525390625
-0.07275390625 0.5 0.07275390625
-0.0715942382812 0.5 0.0715942382812
-0.0704345703125 0.5 0.0704345703125
-0.0693359375 0.5 0.0693359375
-0.0681762695312 0.5 0.0681762695312
-0.0670166015625 0.5 0.0670166015625
-0.06591796875 0.5 0.06591796875
-0.0647583007812 0.5 0.0647583007812
-0.0636596679688 0.5 0.0636596679688
-0.0625 0.5 0.0625
-0.0613708496094 0.5 0.0613708496094
-0.0602416992188 0.5 0.0602416992188
-0.05908203125 0.5 0.05908203125
-0.0579528808594 0.5 0.0579528808594
-0.0568237304688 0.5 0.0568237304688
-0.0556945800781 0.5 0.0556945800781
-0.0545349121094 0.5 0.0545349121094
-0.0534057617188 0.5 0.0534057617188
-0.0522766113281 0.5 0.0522766113281
-0.0511474609375 0.5 0.0511474609375
-0.0499877929688 0.5 0.0499877929688
-0.0488586425781 0.5 0.0488586425781
-0.0477294921875 0.5 0.0477294921875
-0.0466003417969 0.5 0.0466003417969
-0.0454406738281 0.5 0.0454406738281
-0.0443115234375 0.5 0.0443115234375
-0.0431823730469 0.5 0.0431823730469
-0.0420532226562 0.5 0.0420532226562
-0.0409240722656 0.5 0.0409240722656
-0.0397644042969 0.5 0.0397644042969
-0.0386352539062 0.5 0.0386352539062
-0.0375061035156 0.5 0.0375061035156
-0.036376953125 0.5 0.036376953125
-0.0352172851562 0.5 0.0352172851562
-0.0340881347656 0.5 0.0340881347656
-0.032958984375 0.5 0.032958984375
-0.0318298339844 0.5 0.0318298339844
-0.0306854248047 0.5 0.0306854248047
-0.029541015625 0.5 0.029541015625
-0.0284118652344 0.5 0.0284118652344
-0.0272674560547 0.5 0.0272674560547
-0.0261383056641 0.5 0.0261383056641
-0.0249938964844 0.5 0.0249938964844
-0.0238647460938 0.5 0.0238647460938
-0.0227203369141 0.5 0.0227203369141
-0.0215911865234 0.5 0.0215911865234
-0.0204620361328 0.5 0.0204620361328
-0.0193176269531 0.5 0.0193176269531
-0.0181884765625 0.5 0.0181884765625
-0.0170440673828 0.5 0.0170440673828
-0.0159149169922 0.5 0.0159149169922
-0.0147705078125 0.5 0.0147705078125
-0.0136337280273 0.5 0.0136337280273
-0.0124969482422 0.5 0.0124969482422
-0.011360168457 0.5 0.011360168457
-0.0102310180664 0.5 0.0102310180664
-0.00909423828125 0.5 0.00909423828125
-0.00795745849609 0.5 0.00795745849609
-0.00681686401367 0.5 0.00681686401367
-0.00568008422852 0.5 0.00568008422852
-0.00454711914062 0.5 0.00454711914062
-0.00340843200684 0.5 0.00340843200684
-0.00227355957031 0.5 0.00227355957031
-0.00113677978516 0.5 0.00113677978516
0.0 0.5 0.0
0.0 0.5 0.0
-0.00196266174316 0.499267578125 0.0
-0.00392532348633 0.498779296875 0.0
-0.00588989257812 0.498046875 0.0
-0.00785064697266 0.497314453125 0.0
-0.00981903076172 0.496826171875 0.0
-0.0117797851562 0.49609375 0.0
-0.0137405395508 0.495361328125 0.0
-0.0157012939453 0.494873046875 0.0
-0.0176696777344 0.494140625 0.0
-0.0196380615234 0.493408203125 0.0
-0.0215911865234 0.492919921875 0.0
-0.0235595703125 0.4921875 0.0
-0.0255279541016 0.491455078125 0.0
-0.0274810791016 0.49072265625 0.0
-0.0294494628906 0.490234375 0.0
-0.0314025878906 0.489501953125 0.0
-0.0333862304688 0.48876953125 0.0
-0.0353393554688 0.48828125 0.0
-0.0372924804688 0.487548828125 0.0
-0.0392761230469 0.48681640625 0.0
-0.0412292480469 0.486328125 0.0
-0.0431823730469 0.485595703125 0.0
-0.045166015625 0.48486328125 0.0
-0.047119140625 0.484375 0.0
-0.049072265625 0.483642578125 0.0
-0.0510559082031 0.48291015625 0.0
-0.0530090332031 0.482421875 0.0
-0.0549621582031 0.481689453125 0.0
-0.0569458007812 0.48095703125 0.0
-0.0588989257812 0.48046875 0.0
-0.0608520507812 0.479736328125 0.0
-0.0628051757812 0.47900390625 0.0
-0.0648193359375 0.478515625 0.0
-0.0667724609375 0.477783203125 0.0
-0.0687255859375 0.47705078125 0.0
-0.0706787109375 0.476318359375 0.0
-0.0726318359375 0.475830078125 0.0
-0.0745849609375 0.47509765625 0.0
-0.0765991210938 0.474365234375 0.0
-0.0785522460938 0.473876953125 0.0
-0.0805053710938 0.47314453125 0.0
-0.0824584960938 0.472412109375 0.0
-0.0844116210938 0.471923828125 0.0
-0.0863647460938 0.47119140625 0.0
-0.08837890625 0.470458984375 0.0
-0.09033203125 0.469970703125 0.0
-0.09228515625 0.46923828125 0.0
-0.09423828125 0.468505859375 0.0
-0.09619140625 0.468017578125 0.0
-0.09814453125 0.46728515625 0.0
-0.100158691406 0.466552734375 0.0
-0.102111816406 0.466064453125 0.0
-0.104064941406 0.46533203125 0.0
-0.106018066406 0.464599609375 0.0
-0.107971191406 0.464111328125 0.0
-0.109924316406 0.46337890625 0.0
-0.111938476562 0.462646484375 0.0
-0.113891601562 0.462158203125 0.0
-0.115844726562 0.46142578125 0.0
-0.117797851562 0.460693359375 0.0
-0.119750976562 0.4599609375 0.0
-0.121704101562 0.45947265625 0.0
-0.123718261719 0.458740234375 0.0
-0.125610351562 0.4580078125 0.0
-0.127563476562 0.45751953125 0.0
-0.129638671875 0.456787109375 0.0
-0.131591796875 0.4560546875 0.0
-0.133544921875 0.45556640625 0.0
-0.135498046875 0.454833984375 0.0
-0.137451171875 0.4541015625 0.0
-0.139404296875 0.45361328125 0.0
-0.141357421875 0.452880859375 0.0
-0.143310546875 0.4521484375 0.0
-0.145263671875 0.45166015625 0.0
-0.147216796875 0.450927734375 0.0
-0.149169921875 0.4501953125 0.0
-0.151123046875 0.44970703125 0.0
-0.153198242188 0.448974609375 0.0
-0.155151367188 0.4482421875 0.0
-0.157104492188 0.44775390625 0.0
-0.159057617188 0.447021484375 0.0
-0.161010742188 0.4462890625 0.0
-0.162963867188 0.44580078125 0.0
-0.164916992188 0.445068359375 0.0
-0.166870117188 0.4443359375 0.0
-0.168823242188 0.443603515625 0.0
-0.170776367188 0.443115234375 0.0
-0.172729492188 0.4423828125 0.0
-0.174682617188 0.441650390625 0.0
-0.1767578125 0.441162109375 0.0
-0.1787109375 0.4404296875 0.0
-0.1806640625 0.439697265625 0.0
-0.1826171875 0.439208984375 0.0
-0.1845703125 0.4384765625 0.0
-0.1865234375 0.437744140625 0.0
-0.1884765625 0.437255859375 0.0
-0.1904296875 0.4365234375 0.0
-0.1923828125 0.435791015625 0.0
-0.1943359375 0.435302734375 0.0
-0.1962890625 0.4345703125 0.0
-0.1982421875 0.433837890625 0.0
-0.200317382812 0.433349609375 0.0
-0.202270507812 0.4326171875 0.0
-0.204223632812 0.431884765625 0.0
-0.206176757812 0.431396484375 0.0
-0.208129882812 0.4306640625 0.0
-0.210083007812 0.429931640625 0.0
-0.212036132812 0.42919921875 0.0
-0.213989257812 0.4287109375 0.0
-0.215942382812 0.427978515625 0.0
-0.217895507812 0.42724609375 0.0
-0.219848632812 0.4267578125 0.0
-0.221801757812 0.426025390625 0.0
-0.223876953125 0.42529296875 0.0
-0.225830078125 0.4248046875 0.0
-0.227783203125 0.424072265625 0.0
-0.229736328125 0.42333984375 0.0
-0.231689453125 0.4228515625 0.0
-0.233642578125 0.422119140625 0.0
-0.235595703125 0.42138671875 0.0
-0.237548828125 0.4208984375 0.0
-0.239501953125 0.420166015625 0.0
-0.241455078125 0.41943359375 0.0
-0.243408203125 0.4189453125 0.0
-0.245361328125 0.418212890625 0.0
-0.247436523438 0.41748046875 0.0
-0.249389648438 0.4169921875 0.0
-0.251220703125 0.416259765625 0.0
-0.253173828125 0.41552734375 0.0
-0.255126953125 0.4150390625 0.0
-0.257080078125 0.414306640625 0.0
-0.25927734375 0.41357421875 0.0
-0.26123046875 0.412841796875 0.0
-0.26318359375 0.412353515625 0.0
-0.26513671875 0.41162109375 0.0
-0.26708984375 0.410888671875 0.0
-0.26904296875 0.410400390625 0.0
-0.27099609375 0.40966796875 0.0
-0.27294921875 0.408935546875 0.0
-0.27490234375 0.408447265625 0.0
-0.27685546875 0.40771484375 0.0
-0.27880859375 0.406982421875 0.0
-0.28076171875 0.406494140625 0.0
-0.28271484375 0.40576171875 0.0
-0.28466796875 0.405029296875 0.0
-0.28662109375 0.404541015625 0.0
-0.28857421875 0.40380859375 0.0
-0.29052734375 0.403076171875 0.0
-0.29248046875 0.402587890625 0.0
-0.29443359375 0.40185546875 0.0
-0.29638671875 0.401123046875 0.0
-0.29833984375 0.400634765625 0.0
-0.30029296875 0.39990234375 0.0
-0.30224609375 0.399169921875 0.0
-0.30419921875 0.398681640625 0.0
-0.306396484375 0.39794921875 0.0
-0.308349609375 0.397216796875 0.0
-0.310302734375 0.396484375 0.0
-0.312255859375 0.39599609375 0.0
-0.314208984375 0.395263671875 0.0
-0.316162109375 0.39453125 0.0
-0.318115234375 0.39404296875 0.0
-0.320068359375 0.393310546875 0.0
-0.322021484375 0.392578125 0.0
-0.323974609375 0.39208984375 0.0
-0.325927734375 0.391357421875 0.0
-0.327880859375 0.390625 0.0
-0.329833984375 0.39013671875 0.0
-0.331787109375 0.389404296875 0.0
-0.333740234375 0.388671875 0.0
-0.335693359375 0.38818359375 0.0
-0.337646484375 0.387451171875 0.0
-0.339599609375 0.38671875 0.0
-0.341552734375 0.38623046875 0.0
-0.343505859375 0.385498046875 0.0
-0.345458984375 0.384765625 0.0
-0.347412109375 0.38427734375 0.0
-0.349365234375 0.383544921875 0.0
-0.351318359375 0.3828125 0.0
-0.353515625 0.382080078125 0.0
-0.35546875 0.381591796875 0.0
-0.357421875 0.380859375 0.0
-0.359375 0.380126953125 0.0
-0.361328125 0.379638671875 0.0
-0.36328125 0.37890625 0.0
-0.365234375 0.378173828125 0.0
-0.3671875 0.377685546875 0.0
-0.369140625 0.376953125 0.0
-0.37109375 0.376220703125 0.0
-0.373046875 0.375732421875 0.0
-0.375 0.375 0.0
0.0 0.625 0.375
0.0 0.6240234375 0.376220703125
0.0 0.62255859375 0.377197265625
0.0 0.62158203125 0.37841796875
0.0 0.62060546875 0.379638671875
0.0 0.619140625 0.380615234375
0.0 0.6181640625 0.3818359375
0.0 0.6171875 0.383056640625
0.0 0.61572265625 0.384033203125
0.0 0.61474609375 0.38525390625
0.0 0.61376953125 0.386474609375
0.0 0.6123046875 0.387451171875
0.0 0.611328125 0.388671875
0.0 0.6103515625 0.389892578125
0.0 0.60888671875 0.390869140625
0.0 0.60791015625 0.39208984375
0.0 0.60693359375 0.39306640625
0.0 0.60546875 0.394287109375
0.0 0.6044921875 0.3955078125
0.0 0.603515625 0.396484375
0.0 0.60205078125 0.397705078125
0.0 0.60107421875 0.39892578125
0.0 0.60009765625 0.39990234375
0.0 0.5986328125 0.401123046875
0.0 0.59765625 0.40234375
0.0 0.5966796875 0.4033203125
0.0 0.59521484375 0.404541015625
0.0 0.59423828125 0.40576171875
0.0 0.59326171875 0.40673828125
0.0 0.59228515625 0.407958984375
0.0 0.5908203125 0.4091796875
0.0 0.58984375 0.41015625
0.0 0.5888671875 0.411376953125
0.0 0.58740234375 0.41259765625
0.0 0.58642578125 0.41357421875
0.0 0.58544921875 0.414794921875
0.0 0.583984375 0.416015625
0.0 0.5830078125 0.4169921875
0.0 0.58203125 0.418212890625
0.0 0.58056640625 0.41943359375
0.0 0.57958984375 0.42041015625
0.0 0.57861328125 0.421630859375
0.0 0.5771484375 0.422607421875
0.0 0.576171875 0.423828125
0.0 0.5751953125 0.425048828125
0.0 0.57373046875 0.426025390625
0.0 0.57275390625 0.42724609375
0.0 0.57177734375 0.428466796875
0.0 0.5703125 0.429443359375
0.0 0.5693359375 0.4306640625
0.0 0.568359375 0.431884765625
0.0 0.56689453125 0.432861328125
0.0 0.56591796875 0.43408203125
0.0 0.56494140625 0.435302734375
0.0 0.5634765625 0.436279296875
0.0 0.5625 0.4375
0.0 0.5615234375 0.438720703125
0.0 0.56005859375 0.439697265625
0.0 0.55908203125 0.44091796875
0.0 0.55810546875 0.442138671875
0.0 0.556640625 0.443115234375
0.0 0.5556640625 0.4443359375
0.0 0.5546875 0.445556640625
0.0 0.55322265625 0.446533203125
0.0 0.55224609375 0.44775390625
0.0 0.55126953125 0.448974609375
0.0 0.5498046875 0.449951171875
0.0 0.548828125 0.451171875
0.0 0.5478515625 0.452392578125
0.0 0.54638671875 0.453369140625
0.0 0.54541015625 0.45458984375
0.0 0.54443359375 0.45556640625
0.0 0.54296875 0.456787109375
0.0 0.5419921875 0.4580078125
0.0 0.541015625 0.458984375
0.0 0.53955078125 0.460205078125
0.0 0.53857421875 0.46142578125
0.0 0.53759765625 0.46240234375
0.0 0.5361328125 0.463623046875
0.0 0.53515625 0.46484375
0.0 0.5341796875 0.4658203125
0.0 0.53271484375 0.467041015625
0.0 0.53173828125 0.46826171875
0.0 0.53076171875 0.46923828125
0.0 0.52978515625 0.470458984375
0.0 0.5283203125 0.4716796875
0.0 0.52734375 0.47265625
0.0 0.5263671875 0.473876953125
0.0 0.52490234375 0.47509765625
0.0 0.52392578125 0.47607421875
0.0 0.52294921875 0.477294921875
0.0 0.521484375 0.478515625
0.0 0.5205078125 0.4794921875
0.0 0.51953125 0.480712890625
0.0 0.51806640625 0.48193359375
0.0 0.51708984375 0.48291015625
0.0 0.51611328125 0.484130859375
0.0 0.5146484375 0.485107421875
0.0 0.513671875 0.486328125
0.0 0.5126953125 0.487548828125
0.0 0.51123046875 0.488525390625
0.0 0.51025390625 0.48974609375
0.0 0.50927734375 0.490966796875
0.0 0.5078125 0.491943359375
0.0 0.5068359375 0.4931640625
0.0 0.505859375 0.494384765625
0.0 0.50439453125 0.495361328125
0.0 0.50341796875 0.49658203125
0.0 0.50244140625 0.497802734375
0.0 0.5009765625 0.498779296875
0.0 0.5 0.5
