0.00000 6.037035778097902e-07
1.00000 2.211009821354697e-02
2.00000 9.711100093648350e-02
3.00000 2.344087052921289e-01
4.00000 4.489235621938172e-01
5.00000 7.447342751213252e-01
6.00000 1.083617790714183e+00
7.00000 1.455734340787717e+00
8.00000 1.727976630087130e+00
9.00000 1.835657279075183e+00
10.00000 1.752696541090407e+00
11.00000 1.513479224413534e+00
12.00000 1.190760049618713e+00
13.00000 8.594602108626810e-01
14.00000 5.721320043641576e-01
15.00000 3.528102616182469e-01
16.00000 2.026348709747361e-01
17.00000 1.091398971089363e-01
18.00000 5.470271198082144e-02
19.00000 2.265356144567265e-02
20.00000 8.681154581327011e-04
21.00000 -1.706934491360013e-02
22.00000 -3.160161609235324e-02
23.00000 -4.057325307296200e-02
24.00000 -3.977208135247690e-02
25.00000 -2.621780061726853e-02
26.00000 -2.006298973507015e-04
27.00000 3.592817441235907e-02
28.00000 7.408703199234967e-02
29.00000 1.061197978118958e-01
30.00000 1.200704739027861e-01
31.00000 1.056450739188293e-01
32.00000 5.455606337083962e-02
33.00000 -4.109253196485257e-02
34.00000 -1.794796284662595e-01
35.00000 -3.631667631891607e-01
36.00000 -5.780513904635063e-01
37.00000 -8.209211164213195e-01
38.00000 -1.068253662498412e+00
39.00000 -1.312768808545346e+00
40.00000 -1.528195229276518e+00
41.00000 -1.708965151703104e+00
42.00000 -1.827355976801411e+00
43.00000 -1.880513702918800e+00
44.00000 -1.862312313169798e+00
45.00000 -1.766821088729640e+00
46.00000 -1.605653668739319e+00
47.00000 -1.386346256732233e+00
48.00000 -1.123177830342694e+00
49.00000 -8.226100103186482e-01
50.00000 -5.275865307202439e-01
51.00000 -2.478901865056071e-01
52.00000 -2.812633449415292e-03
53.00000 1.975740511209347e-01
54.00000 3.262524002439944e-01
55.00000 3.856583792108265e-01
56.00000 3.760162440523346e-01
57.00000 3.000162491919696e-01
58.00000 1.760189392271472e-01
59.00000 1.892328537015375e-02
60.00000 -1.529363118900147e-01
61.00000 -3.292201073764105e-01
62.00000 -4.864992836530462e-01
63.00000 -6.350816380484430e-01
64.00000 -8.028330041007847e-01
65.00000 -1.073444505272328e+00
66.00000 -1.579585687625306e+00
67.00000 -2.611284956922417e+00
68.00000 -4.625127809136469e+00
69.00000 -8.094105207474859e+00
70.00000 -1.085224475771076e+01
71.00000 -6.157894269068717e+00
72.00000 5.332887347951276e+00
73.00000 9.777549988642589e+00
74.00000 7.357400777617931e+00
75.00000 4.203978681773402e+00
76.00000 1.993661800077414e+00
77.00000 6.462902171716025e-01
78.00000 -1.951662965415935e-05
79.00000 -1.818991196717972e-01
80.00000 2.244017824780453e-03
81.00000 4.875882144392656e-01
82.00000 1.277462174398226e+00
83.00000 2.179663329921699e+00
84.00000 3.145107994973389e+00
85.00000 4.053871883535667e+00
86.00000 4.768821977776692e+00
87.00000 5.146435709964393e+00
88.00000 5.051785300455748e+00
89.00000 4.376052633677954e+00
90.00000 2.925446878175645e+00
91.00000 9.047893533615401e-01
92.00000 -1.692308031264369e+00
93.00000 -4.718774968748729e+00
94.00000 -7.957622587934718e+00
95.00000 -1.113666808572004e+01
96.00000 -1.395206582915819e+01
97.00000 -1.609863789730601e+01
98.00000 -1.735098923342618e+01
99.00000 -1.731366756015822e+01
100.00000 -1.601179912282631e+01
101.00000 -1.345610357408919e+01
102.00000 -9.778509487480125e+00
103.00000 -5.224796613398171e+00
104.00000 2.761112335777187e+01
105.00000 3.517886706295837e+01
106.00000 4.327037375481510e+01
107.00000 5.033983341359591e+01
108.00000 5.667685130318469e+01
109.00000 6.208890788513847e+01
110.00000 6.650684006872592e+01
111.00000 6.997449131910460e+01
112.00000 7.256126191722649e+01
113.00000 7.410263823215166e+01
114.00000 7.391289657020127e+01
115.00000 7.311927611136309e+01
116.00000 7.571482417741754e+01
117.00000 8.025613765318883e+01
118.00000 8.462100176331313e+01
119.00000 8.979571593788344e+01
120.00000 9.676103885885306e+01
121.00000 1.067612955810765e+02
122.00000 1.186021090856115e+02
123.00000 1.331356925769288e+02
124.00000 3.694529128073594e+02
125.00000 4.337002633095758e+02
126.00000 4.655026222364289e+02
127.00000 4.669049937729190e+02
128.00000 4.433010378541092e+02
129.00000 3.987706003387970e+02
130.00000 3.482640122187391e+02
131.00000 2.968807661855274e+02
132.00000 2.487083723124674e+02
133.00000 2.507295547524163e+03
134.00000 1.447475207635765e+03
135.00000 9.027452763622996e+02
136.00000 5.981076958013426e+02
137.00000 4.035850659913092e+02
138.00000 -3.996377912823644e-01
139.00000 -3.830477350511419e-01
140.00000 -3.674328291980026e-01
141.00000 -3.530291026473487e-01
142.00000 -3.399963362956280e-01
143.00000 -3.284164767794050e-01
144.00000 -3.182945223119449e-01
145.00000 -3.089471452318259e-01
146.00000 -3.015749097253783e-01
147.00000 -2.952921780932294e-01
148.00000 -2.899205912618779e-01
149.00000 -2.852955404027466e-01
150.00000 -2.812888076964136e-01
151.00000 -2.778233079312203e-01
152.00000 -2.748769221055044e-01
153.00000 -2.723141641235235e-01
154.00000 -2.705610030346033e-01
155.00000 -2.694763571431071e-01
156.00000 -2.691088046054866e-01
157.00000 -2.692651257580071e-01
158.00000 -2.696931723341245e-01
159.00000 -2.704532395805506e-01
160.00000 -2.714469489305231e-01
161.00000 -2.728124899901849e-01
162.00000 -2.743743836145470e-01
163.00000 -2.763519469640590e-01
164.00000 -2.786528465051824e-01
165.00000 -2.810958320929964e-01
166.00000 -1.776076325445114e+02
167.00000 -2.012261345303069e+02
168.00000 -2.015240071067313e+02
169.00000 -1.813045354272054e+02
170.00000 -1.492102766166733e+02
171.00000 -1.194383267088457e+02
172.00000 -9.221686641786891e+01
173.00000 -7.109260675151481e+01
174.00000 -5.628823932398760e+01
175.00000 2.448507121126196e+00
176.00000 2.333616760064539e+00
177.00000 2.226754091150890e+00
178.00000 2.137022314725377e+00
179.00000 2.048679255801483e+00
180.00000 1.966667509272980e+00
181.00000 1.889871490179710e+00
182.00000 1.812126892783398e+00
183.00000 1.739866504775502e+00
184.00000 1.665339420940277e+00
185.00000 1.594802457169769e+00
186.00000 1.521989889896959e+00
187.00000 1.453843511111125e+00
188.00000 1.382887410418941e+00
189.00000 1.312323547862524e+00
190.00000 1.248454619188281e+00
191.00000 1.180321156700251e+00
192.00000 1.118884362320145e+00
193.00000 1.053112460346797e+00
194.00000 9.937107667531750e-01
195.00000 9.296569598893245e-01
196.00000 8.665514152702221e-01
197.00000 8.068309824820730e-01
198.00000 7.424118486465239e-01
199.00000 6.810784333231763e-01
200.00000 6.108885191489242e-01
201.00000 5.398674939562360e-01
202.00000 4.555273423203943e-01
203.00000 3.593344120239002e-01
204.00000 2.588521733571185e-01
205.00000 1.389881256302949e-01
206.00000 4.283363918547645e-02
207.00000 -6.688499777224299e-03
208.00000 2.907224590802349e-02
209.00000 1.468037340501716e-01
210.00000 2.840845807702128e-01
211.00000 4.002256326095126e-01
212.00000 4.620496441586373e-01
213.00000 4.883478018946263e-01
214.00000 4.971938071467124e-01
215.00000 4.981647696367482e-01
216.00000 4.945971139321905e-01
217.00000 4.897653807955451e-01
218.00000 4.833773892957574e-01
219.00000 4.768044516934236e-01
220.00000 4.705668407011228e-01
221.00000 4.638053420870270e-01
222.00000 4.575368170555203e-01
223.00000 4.506014630965351e-01
224.00000 4.442657557506946e-01
225.00000 4.361654325806406e-01
226.00000 4.292788886485717e-01
227.00000 4.183608090660282e-01
228.00000 4.052143236921406e-01
229.00000 3.962397591332518e-01
230.00000 3.804821600694517e-01
231.00000 3.702954771772653e-01
232.00000 3.563831612309976e-01
233.00000 3.504136191439358e-01
234.00000 3.442611379080915e-01
235.00000 3.441925856138539e-01
236.00000 3.482893653761039e-01
237.00000 3.575506184212998e-01
238.00000 3.740608359394955e-01
239.00000 3.939049836246227e-01
240.00000 4.175208448271732e-01
241.00000 4.439346561349389e-01
242.00000 4.723085109790963e-01
243.00000 5.020372847745600e-01
244.00000 5.327722769246845e-01
245.00000 5.679494471849900e-01
246.00000 6.005473253440829e-01
247.00000 6.340986655597867e-01
248.00000 6.686636357303297e-01
249.00000 7.043007377781354e-01
250.00000 7.411011542742680e-01
251.00000 7.792378081718092e-01
252.00000 8.235597711870808e-01
253.00000 8.657369802250598e-01
254.00000 9.105610813300655e-01
255.00000 9.568357527720819e-01
256.00000 9.984523030534749e-01
257.00000 1.031497316555796e+00
258.00000 1.068316815719917e+00
259.00000 1.120278020135668e+00
260.00000 1.171972530074870e+00
261.00000 1.226201000400591e+00
262.00000 1.282167920036950e+00
263.00000 1.339400580831781e+00
264.00000 1.397495884612274e+00
265.00000 1.456041948040075e+00
266.00000 1.521068966630875e+00
267.00000 1.579002941203927e+00
268.00000 1.635749920896175e+00
269.00000 1.690597231337245e+00
270.00000 1.742707490692760e+00
271.00000 1.791101934239903e+00
272.00000 1.834649826992802e+00
273.00000 1.875785494745309e+00
274.00000 1.904713014921566e+00
275.00000 1.924365310531059e+00
276.00000 1.933125290157684e+00
277.00000 1.929377431089605e+00
278.00000 1.911592962922951e+00
279.00000 1.878428903286838e+00
280.00000 1.822273464107580e+00
281.00000 1.753655585897624e+00
282.00000 1.667750088074961e+00
283.00000 1.564948773724074e+00
284.00000 1.446209718052578e+00
285.00000 1.313063198220110e+00
286.00000 1.167588020604679e+00
287.00000 9.946316978086491e-01
288.00000 8.320651093884548e-01
289.00000 6.663681611642120e-01
290.00000 5.009933281538652e-01
291.00000 5.425146370489990e-01
292.00000 6.146896767884384e-01
293.00000 6.267542536178943e-01
294.00000 6.121334100801903e-01
295.00000 5.834147519970703e-01
296.00000 3.356569471021688e-01
297.00000 3.492721021295014e-01
298.00000 3.687443787551219e-01
299.00000 3.972449500177789e-01
300.00000 4.399061671165597e-01
301.00000 4.853328529151848e-01
302.00000 5.323012017078605e-01
303.00000 5.748508040146435e-01
304.00000 6.101984854730808e-01
305.00000 6.228470852050659e-01
306.00000 5.850374023482146e-01
307.00000 7.310472891199123e-01
308.00000 7.167081545782681e-01
309.00000 7.216877987584649e-01
310.00000 7.544498657057636e-01
311.00000 8.114573233533497e-01
312.00000 8.934227165122451e-01
313.00000 9.667378797504620e-01
314.00000 1.014599808849901e+00
315.00000 1.008904625620164e+00
316.00000 9.053701697927490e-01
317.00000 7.330114138928923e-01
318.00000 4.355998090241004e-01
319.00000 6.672376615256193e-02
320.00000 -6.450953624742137e-01
321.00000 -9.659543329416902e-01
322.00000 -1.302972214187021e+00
323.00000 -1.327387823195926e+00
324.00000 -1.493356072477881e+00
325.00000 -1.416556976286956e+00
326.00000 -1.163027982751847e+00
327.00000 -7.694675735206067e-01
328.00000 -2.247663017873349e-01
329.00000 3.071237969397509e-01
330.00000 8.296075494202482e-01
331.00000 1.302853714500792e+00
332.00000 1.733637344236953e+00
333.00000 2.012980379440458e+00
334.00000 2.178718663226213e+00
335.00000 2.231178489752499e+00
336.00000 2.170531564435745e+00
337.00000 2.032361787839832e+00
338.00000 1.843458449426207e+00
339.00000 1.629067860835327e+00
340.00000 1.409433018748000e+00
341.00000 1.559469565805262e+00
342.00000 1.258208095304706e+00
343.00000 1.139330170477721e+00
344.00000 1.039405812593386e+00
345.00000 9.369945390126743e-01
346.00000 8.604304520576046e-01
347.00000 6.934779559028568e-01
348.00000 5.416808552350231e-01
349.00000 3.723926618540794e-01
350.00000 2.350674886170818e-01
351.00000 1.522253243654594e-01
352.00000 1.578521430430393e-01
353.00000 2.654175608863492e-01
354.00000 4.325169905701309e-01
355.00000 4.960105076442216e-01
356.00000 5.342198849609114e-01
357.00000 6.221362959606611e-01
358.00000 7.211843600703853e-01
359.00000 8.194565742405064e-01
360.00000 8.971721826008476e-01
361.00000 9.608502277211979e-01
362.00000 1.006514022208349e+00
363.00000 1.046688340578071e+00
364.00000 1.060427030896424e+00
365.00000 1.105302873392153e+00
366.00000 1.161569431609702e+00
367.00000 1.242358398724795e+00
368.00000 1.298738169132996e+00
369.00000 1.250842887536583e+00
370.00000 1.108184764123976e+00
371.00000 9.403438936453377e-01
372.00000 8.636431814414749e-01
373.00000 7.299902141425960e-01
374.00000 6.448790656801577e-01
375.00000 6.591113952602754e-01
376.00000 6.588044765981920e-01
377.00000 6.878756959724512e-01
378.00000 7.087384354778976e-01
379.00000 7.250358436008497e-01
380.00000 1.131423347410867e-01
381.00000 8.960673314149004e-02
382.00000 1.851491826987389e-02
383.00000 -8.508282924155591e-02
384.00000 -2.151125333240989e-01
385.00000 -3.277640226479424e-01
386.00000 -2.604110415802248e-01
387.00000 -4.295445897513100e-01
388.00000 -3.408941098403022e-01
389.00000 -1.727149132480917e-01
390.00000 7.769080324197586e-02
391.00000 3.542209878679288e-01
392.00000 6.416363385550978e-01
393.00000 8.675312000275714e-01
394.00000 1.038916109995673e+00
395.00000 1.147353363956697e+00
396.00000 1.169023843757702e+00
397.00000 1.210875223727666e+00
398.00000 1.304027586093549e+00
399.00000 1.244376933724127e+00
400.00000 9.201384704169846e-01
401.00000 3.743242078325975e-01
402.00000 -1.282577820011195e-01
403.00000 -4.407231408182128e-01
404.00000 -6.705461004928859e-01
405.00000 -8.095819343786288e-01
406.00000 -9.384046223132083e-01
407.00000 -9.623752944485888e-01
408.00000 -9.270957557956483e-01
409.00000 -8.576139504005105e-01
410.00000 -7.276782512241338e-01
411.00000 -5.349135511939698e-01
412.00000 -3.065036513832785e-01
413.00000 -7.957969632190998e-02
414.00000 1.089767123943521e-01
415.00000 2.322232407029118e-01
416.00000 2.693923741246353e-01
417.00000 2.294247014507218e-01
418.00000 1.331784792517612e-01
419.00000 1.202731192771878e-02
420.00000 -9.887658884093753e-02
421.00000 -1.673212396536985e-01
422.00000 -1.698345450557618e-01
423.00000 -9.565469113770431e-02
424.00000 5.160743953966374e-02
425.00000 2.545155205891588e-01
426.00000 4.842336443445630e-01
427.00000 7.046676595605481e-01
428.00000 8.781958063920312e-01
429.00000 9.717483769703413e-01
430.00000 9.672701467023099e-01
431.00000 8.585221197899980e-01
432.00000 6.601423556814403e-01
433.00000 4.049795489265802e-01
434.00000 1.397798235517413e-01
435.00000 -8.261138743848218e-02
436.00000 -2.152113767141350e-01
437.00000 -2.273332490261368e-01
438.00000 -7.103705233098090e-02
439.00000 2.298091014525614e-01
440.00000 5.401807266783569e-01
441.00000 8.696111583164052e-01
442.00000 9.271079329182932e-01
443.00000 8.059824894753049e-01
444.00000 4.690145945284794e-01
445.00000 -6.178405974276924e-02
446.00000 -6.896347745265432e-01
447.00000 -1.286263371334466e+00
448.00000 -1.765894730483724e+00
449.00000 -2.095495184652544e+00
450.00000 -2.287194276327118e+00
451.00000 -2.358583658596452e+00
452.00000 -2.279798397684714e+00
453.00000 -1.956123956783722e+00
454.00000 -1.290402543707990e+00
455.00000 -4.451625989256489e-01
456.00000 6.037035778097902e-07
457.00000 -6.112412673228724e-01
458.00000 -2.242771859957557e+00
459.00000 -4.013804154698840e+00
460.00000 -4.729689156609060e+00
461.00000 -4.073179615911506e+00
462.00000 -2.772424171477525e+00
463.00000 -1.488240301067499e+00
464.00000 -4.997112109001591e-01
465.00000 1.370191574191040e-01
466.00000 4.580298867734314e-01
467.00000 5.218628070224298e-01
468.00000 4.100760196030961e-01
469.00000 4.589708095195704e-01
470.00000 2.670289074903565e-02
471.00000 -1.215676055444419e-01
472.00000 -1.726690856693835e-01
473.00000 -1.975141104788065e-01
474.00000 -9.218661148227625e-02
475.00000 5.508377382733443e-02
476.00000 1.508468048515397e-01
477.00000 1.648717506748483e-01
478.00000 7.918329154387038e-02
479.00000 -1.010340572772606e-01
480.00000 -3.412212129085503e-01
481.00000 -6.030257492162860e-01
482.00000 -8.296631671869932e-01
483.00000 -9.716218504808438e-01
484.00000 -1.001014378629037e+00
485.00000 -9.030212450389996e-01
486.00000 -6.936992841002905e-01
487.00000 -3.976108409534049e-01
488.00000 -6.234953657018139e-02
489.00000 2.586821612475063e-01
490.00000 5.387931485222452e-01
491.00000 7.326038211199233e-01
492.00000 8.394773554532975e-01
493.00000 8.616947450584505e-01
494.00000 8.123532384208758e-01
495.00000 7.057979757318620e-01
496.00000 5.637002164277760e-01
497.00000 4.196467774422530e-01
498.00000 2.765742373039615e-01
499.00000 1.299339608487884e-01
500.00000 3.805930814855429e-02
501.00000 2.280395402678437e-04
502.00000 -5.542360534171564e-03
503.00000 1.353064168475626e-02
504.00000 5.283608009376906e-02
505.00000 1.099557901400843e-01
506.00000 1.784479755432677e-01
507.00000 2.448364925400703e-01
508.00000 2.562237195950203e-01
509.00000 2.269706624386458e-01
510.00000 2.099056110645598e-01
511.00000 2.064186423504246e-01
512.00000 1.944403091248894e-01
513.00000 1.647552292552383e-01
514.00000 1.297664398011200e-01
515.00000 1.092378973280113e-01
516.00000 1.088800039380544e-01
517.00000 1.239971414204142e-01
518.00000 1.401286498524676e-01
519.00000 1.438939603558929e-01
520.00000 1.268367400884998e-01
521.00000 9.221498086687419e-02
522.00000 5.020776895272050e-02
523.00000 1.281550786312913e-02
524.00000 -9.191773860530716e-03
525.00000 -1.649111355443544e-02
526.00000 -1.901859547338880e-02
527.00000 -2.589249720120712e-02
528.00000 -2.086642698459684e-02
529.00000 9.256612517994434e-02
530.00000 5.993544488461300e-01
531.00000 -2.754625032336745e+01
532.00000 -1.066069622182317e+00
533.00000 5.397374195081301e-01
534.00000 1.111957468895998e+00
535.00000 1.352402445535182e+00
536.00000 1.343191879586566e+00
537.00000 1.095444464491566e+00
538.00000 6.587852791935749e-01
539.00000 1.279567149026208e-01
540.00000 -3.687730186412033e-01
541.00000 -7.096372283454500e-01
542.00000 -8.215159574646886e-01
543.00000 -6.983136040980771e-01
544.00000 -4.395751779141319e-01
545.00000 -1.726734183889915e-01
546.00000 -1.916527674218571e-03
547.00000 5.082608214479478e-03
548.00000 -8.112697939083624e-02
549.00000 -4.990782135286098e-02
550.00000 1.411542573591988e-01
551.00000 2.448291711041479e-01
552.00000 3.652235917751092e-01
553.00000 1.025523367018325e+00
554.00000 1.357277287653930e+00
555.00000 1.450206560303217e+00
556.00000 1.240469433701745e+00
557.00000 1.043251108820685e+01
558.00000 1.166092779406239e+01
559.00000 1.300905924448046e+01
560.00000 1.451555332039842e+01
561.00000 1.640187150789757e+01
562.00000 1.870923438560819e+01
563.00000 2.137415791332947e+01
564.00000 2.426257737731123e+01
565.00000 2.742533566668499e+01
566.00000 3.036250388067960e+01
567.00000 3.325224215274763e+01
568.00000 3.618074251137225e+01
569.00000 3.922597835956167e+01
570.00000 4.249609028988159e+01
571.00000 4.627164992432084e+01
572.00000 5.002834043646305e+01
573.00000 5.387142559583209e+01
574.00000 5.765161113618451e+01
575.00000 6.124582125605498e+01
576.00000 6.459946273084853e+01
577.00000 6.794501949343385e+01
578.00000 7.096563145121016e+01
579.00000 -7.145847409773349e+01
580.00000 -9.252648108764240e+01
581.00000 -1.191285757527423e+02
582.00000 -1.528094412984632e+02
583.00000 -1.987354713043814e+02
584.00000 -2.535015773023515e+02
585.00000 -3.216789971882782e+02
586.00000 -4.041747743821272e+02
587.00000 -4.991724279940765e+02
588.00000 -6.000527051752011e+02
589.00000 -6.995411120958549e+02
590.00000 -7.664289842883780e+02
591.00000 -7.909800855466395e+02
592.00000 -6.379292417892461e+02
593.00000 -4.205202573734066e+02
594.00000 -2.245616874831610e+02
595.00000 -1.176761181042678e+02
596.00000 -7.082318289774190e+01
597.00000 -3.951197079256536e+01
598.00000 -2.299819440140205e+01
599.00000 -1.532724067112729e+01
600.00000 -9.641669140295473e+00
601.00000 -6.325592579613496e+00
602.00000 -4.688127441661535e+00
603.00000 -3.346095571179634e+00
604.00000 -2.505880474605971e+00
605.00000 -2.088044212395045e+00
606.00000 -1.708269266286954e+00
607.00000 -1.459447417030620e+00
608.00000 -1.343839753353586e+00
609.00000 -1.222711632239988e+00
610.00000 -1.141317075209174e+00
611.00000 -1.110925623018811e+00
612.00000 -1.069326498871087e+00
613.00000 -1.041007013816846e+00
614.00000 -1.035750930706985e+00
615.00000 -1.020142064801009e+00
616.00000 -1.008759953296426e+00
617.00000 -1.009304583169356e+00
618.00000 -1.000607505649024e+00
619.00000 -9.922810585525355e-01
620.00000 -9.909648775380990e-01
621.00000 -9.804420416546220e-01
622.00000 -9.676917762887776e-01
623.00000 -9.593682706081328e-01
624.00000 -9.386233843075180e-01
625.00000 -9.126814989886718e-01
626.00000 -8.935999734550570e-01
627.00000 -8.682884135174511e-01
628.00000 -8.506942610930190e-01
629.00000 -8.457281389763676e-01
630.00000 -8.418506584044811e-01
631.00000 -8.354919797602864e-01
632.00000 -8.204935492292913e-01
633.00000 -7.937227009910526e-01
634.00000 -7.700684347634503e-01
635.00000 -7.556642714971602e-01
636.00000 -7.368002070570334e-01
637.00000 -7.200639434083218e-01
638.00000 -7.100030871322680e-01
639.00000 -6.965826680120419e-01
640.00000 -6.840948279511028e-01
641.00000 -6.743234818589929e-01
642.00000 -6.595294227801070e-01
643.00000 -6.415446777958933e-01
644.00000 -6.232773747130826e-01
645.00000 -5.953380247909124e-01
646.00000 -5.595528680863273e-01
647.00000 -5.241755401511909e-01
648.00000 -4.705257791177122e-01
649.00000 -4.056513421828118e-01
650.00000 -3.509806082243738e-01
651.00000 -2.755737011352868e-01
652.00000 -2.007477393333894e-01
653.00000 -1.443301718252461e-01
654.00000 -7.179471561866868e-02
655.00000 1.285252785947266e-03
656.00000 6.272572858570635e-02
657.00000 1.408213089698036e-01
658.00000 2.215750270242665e-01
659.00000 2.910224365847043e-01
660.00000 3.773016465103196e-01
661.00000 4.668503223872089e-01
662.00000 5.444627541789515e-01
663.00000 6.424280042018871e-01
664.00000 7.468232286693217e-01
665.00000 8.395276738455224e-01
666.00000 9.599331085706377e-01
667.00000 1.091498787851064e+00
668.00000 1.209607385977900e+00
669.00000 1.364922089041948e+00
670.00000 1.534553989277898e+00
671.00000 1.684859384107628e+00
672.00000 1.880402398284567e+00
673.00000 2.089089952840220e+00
674.00000 2.268956277434911e+00
675.00000 2.496834780670297e+00
676.00000 2.731633733092104e+00
677.00000 2.927452691358275e+00
678.00000 3.166507422504627e+00
679.00000 3.402362523011075e+00
680.00000 3.591847931531992e+00
681.00000 3.810938773671780e+00
682.00000 4.013045582628540e+00
683.00000 4.163596293325277e+00
684.00000 4.312668280642361e+00
685.00000 4.409826160334299e+00
686.00000 4.436055308446762e+00
687.00000 4.437034783374029e+00
688.00000 4.939351767571473e+00
689.00000 5.296279392654705e+00
690.00000 5.675747287485635e+00
691.00000 5.919988800735794e+00
692.00000 6.145870732084616e+00
693.00000 6.261305316192900e+00
694.00000 6.324544295598351e+00
695.00000 6.301438581320802e+00
696.00000 6.225327905451276e+00
697.00000 6.065860097236632e+00
698.00000 5.893620494123013e+00
699.00000 5.632572922707200e+00
700.00000 5.394927025869716e+00
701.00000 5.072189275191732e+00
702.00000 4.731614907122409e+00
703.00000 4.453178338533808e+00
704.00000 4.104920538479242e+00
705.00000 3.830569101646859e+00
706.00000 3.497664626132026e+00
707.00000 3.242038784988627e+00
708.00000 2.938495546748574e+00
709.00000 2.654650629435408e+00
710.00000 2.442592762124193e+00
711.00000 2.196731260547010e+00
712.00000 2.015389658142001e+00
713.00000 1.807498315986223e+00
714.00000 1.655706851952233e+00
715.00000 1.483245936288772e+00
716.00000 1.328905107571361e+00
717.00000 1.217715207459412e+00
718.00000 1.093256308718461e+00
719.00000 1.004855187795951e+00
720.00000 9.079427921980905e-01
721.00000 8.411667273177432e-01
722.00000 7.710856845958656e-01
723.00000 7.157965679420184e-01
724.00000 6.820665960043195e-01
725.00000 6.526883322303725e-01
726.00000 6.390121598409522e-01
727.00000 6.333267586074136e-01
728.00000 6.368484011397717e-01
729.00000 6.491385394498925e-01
730.00000 6.667509332304187e-01
731.00000 6.816388077035045e-01
732.00000 6.971140714823818e-01
733.00000 7.040258264990236e-01
734.00000 7.024326402570047e-01
735.00000 6.911407546966988e-01
736.00000 6.632641039244440e-01
737.00000 6.204652549818555e-01
738.00000 5.771357644396886e-01
739.00000 5.156774756252496e-01
740.00000 4.650532639528606e-01
741.00000 4.071871953709838e-01
742.00000 3.708551266773377e-01
743.00000 3.442611379080915e-01
744.00000 3.560858962367988e-01
745.00000 3.656134742678816e-01
746.00000 3.784006046409587e-01
747.00000 3.888115356957655e-01
748.00000 4.048129631805182e-01
749.00000 4.235464108115004e-01
750.00000 4.374670416830710e-01
751.00000 4.614610526398124e-01
752.00000 4.887973552311280e-01
753.00000 5.120147415708871e-01
754.00000 5.454114142028601e-01
755.00000 5.748909387363845e-01
756.00000 6.138834727524909e-01
757.00000 6.547407213204437e-01
758.00000 6.910771197487371e-01
759.00000 7.367522001119475e-01
760.00000 7.767318172948166e-01
761.00000 8.240619250888308e-01
762.00000 8.738116901315518e-01
763.00000 9.237328444131698e-01
764.00000 9.804755116879900e-01
765.00000 1.034837320907560e+00
766.00000 1.099659273791790e+00
767.00000 1.168492259710957e+00
768.00000 1.237516963493629e+00
769.00000 1.312496569142859e+00
770.00000 1.388874542290390e+00
771.00000 1.458308935467679e+00
772.00000 1.537769307963028e+00
773.00000 1.603105514105206e+00
774.00000 1.668398436899849e+00
775.00000 1.724888568319329e+00
776.00000 1.768828604016083e+00
777.00000 1.805265963677309e+00
778.00000 1.824279359542311e+00
779.00000 1.825573184044735e+00
780.00000 1.809831740369782e+00
781.00000 1.784503873770163e+00
782.00000 1.746262079084815e+00
783.00000 1.703855311398376e+00
784.00000 1.662100807724855e+00
785.00000 1.612435121337080e+00
786.00000 1.558086947401181e+00
787.00000 1.498159411860394e+00
788.00000 1.433729937624463e+00
789.00000 1.371385578872626e+00
790.00000 1.297330295911804e+00
791.00000 1.233386153017083e+00
792.00000 1.165197063939388e+00
793.00000 1.100106437280905e+00
794.00000 1.044704177265888e+00
795.00000 9.845027428397835e-01
796.00000 9.344067154273521e-01
797.00000 8.746784936685525e-01
798.00000 8.055559092359772e-01
799.00000 7.307847598630763e-01
800.00000 6.436026025167267e-01
801.00000 5.853424868918609e-01
802.00000 5.582368542423541e-01
803.00000 4.711428764345076e-01
804.00000 3.823173075077069e-01
805.00000 2.811104704857676e-01
806.00000 1.813367332874130e-01
807.00000 9.492808467242053e-02
808.00000 -6.090930579778941e-03
809.00000 -8.920289924027625e-02
810.00000 -1.820051128752844e-01
811.00000 -2.722366219045220e-01
812.00000 -3.507006389943914e-01
813.00000 -4.358968803034724e-01
814.00000 -5.074101373394173e-01
815.00000 -5.904659184530070e-01
816.00000 -6.736190894373273e-01
817.00000 -7.466558353885757e-01
818.00000 -8.307794070139547e-01
819.00000 -9.165746091990963e-01
820.00000 -9.897750796625715e-01
821.00000 -1.080512264728614e+00
822.00000 -1.156406894740306e+00
823.00000 -1.249730223679401e+00
824.00000 -1.346384809105918e+00
825.00000 -1.429818994681963e+00
826.00000 -1.536771143999941e+00
827.00000 -1.629042548035471e+00
828.00000 -1.747958515713278e+00
829.00000 -1.877388973034745e+00
830.00000 -1.998083700844857e+00
831.00000 -2.155985635241108e+00
832.00000 -2.335253536486896e+00
833.00000 -2.507128694140469e+00
834.00000 -2.743751216558647e+00
835.00000 -2.987137640517883e+00
836.00000 -3.320287624416940e+00
837.00000 -3.728707941456711e+00
838.00000 -4.161073751781331e+00
839.00000 -4.818597055076459e+00
840.00000 -5.528040556300218e+00
841.00000 -6.600221928575537e+00
842.00000 -8.066502445323737e+00
843.00000 -9.951826704238501e+00
844.00000 -1.289070791261361e+01
845.00000 -1.671197463235568e+01
846.00000 -2.330872927825248e+01
847.00000 -3.404174211499885e+01
848.00000 -5.096275221929866e+01
849.00000 -8.248910967551531e+01
850.00000 -1.407990192905463e+02
851.00000 -2.351859776238936e+02
852.00000 -4.291192267967895e+02
853.00000 -6.510132133038414e+02
854.00000 -7.909800855466395e+02
855.00000 -6.745701561653653e+02
856.00000 -4.117596414737001e+02
857.00000 -2.489710352062810e+02
858.00000 -1.514157020292878e+02
859.00000 -8.777018450723898e+01
860.00000 -5.869813445318398e+01
861.00000 -4.111138037403268e+01
862.00000 -2.833105587965748e+01
863.00000 -2.162231667853108e+01
864.00000 -1.702541567770131e+01
865.00000 -1.323502100437535e+01
866.00000 -1.099671780756111e+01
867.00000 -9.310424694322272e+00
868.00000 -7.785526345989263e+00
869.00000 -6.806349604050130e+00
870.00000 -6.017406645893651e+00
871.00000 -5.255614417323756e+00
872.00000 -4.736327651038340e+00
873.00000 -4.297060632489412e+00
874.00000 -3.851934579649720e+00
875.00000 -3.534803166835379e+00
876.00000 -3.256765382849778e+00
877.00000 -2.965130065062440e+00
878.00000 -2.751039545155165e+00
879.00000 -2.558964843362243e+00
880.00000 -2.352969731617748e+00
881.00000 -2.198847960615579e+00
882.00000 -2.060424187128984e+00
883.00000 -1.913812217385282e+00
884.00000 -1.802218786194620e+00
885.00000 -1.698029871453442e+00
886.00000 -1.581859059332163e+00
887.00000 -1.491879379211788e+00
888.00000 -1.407929781825954e+00
889.00000 -1.315103150353503e+00
890.00000 -1.243746701239679e+00
891.00000 -1.176701478373605e+00
892.00000 -1.101047714104984e+00
893.00000 -1.042414904780832e+00
894.00000 -9.886605739853600e-01
895.00000 -9.313260944111477e-01
896.00000 -8.893249397670679e-01
897.00000 -8.516914363379966e-01
898.00000 -8.107099866647696e-01
899.00000 -7.788362891053886e-01
900.00000 -7.481561192131343e-01
901.00000 -7.119522276756607e-01
902.00000 -6.815641016228833e-01
903.00000 -6.503510100898664e-01
904.00000 -6.110115475151208e-01
905.00000 -5.760685734681132e-01
906.00000 -5.388582840807210e-01
907.00000 -4.915791399174685e-01
908.00000 -4.510910722162080e-01
909.00000 -4.108168462575632e-01
910.00000 -3.632691676707314e-01
911.00000 -3.236162577829447e-01
912.00000 -2.830306645897007e-01
913.00000 -2.323897302612350e-01
914.00000 -1.885355077106823e-01
915.00000 -1.435499991349314e-01
916.00000 -8.893759443484406e-02
917.00000 -4.376780034516070e-02
918.00000 3.071342426990142e-04
919.00000 5.085072466937612e-02
920.00000 9.036029589410344e-02
921.00000 1.269518821148310e-01
922.00000 1.664664349667468e-01
923.00000 1.955484871338857e-01
924.00000 2.212433220148973e-01
925.00000 2.480783359785783e-01
926.00000 2.676884613239539e-01
927.00000 2.854231033969543e-01
928.00000 3.050964435459464e-01
929.00000 3.208358010563277e-01
930.00000 3.365183971911718e-01
931.00000 3.558073392173240e-01
932.00000 3.725731081851320e-01
933.00000 3.900974581514749e-01
934.00000 4.121158120751796e-01
935.00000 4.311547995546670e-01
936.00000 4.506120138155341e-01
937.00000 4.741525055629197e-01
938.00000 4.935889624558483e-01
939.00000 5.125314664677241e-01
940.00000 5.341550128463086e-01
941.00000 5.508435201421773e-01
942.00000 5.658881560359930e-01
943.00000 5.809989303751641e-01
944.00000 5.901594313619323e-01
945.00000 5.947160275154684e-01
946.00000 5.906048661809793e-01
947.00000 5.744243068294459e-01
948.00000 5.423103921228543e-01
949.00000 4.978532801099083e-01
950.00000 5.009933281538652e-01
951.00000 4.437034783374029e+00
952.00000 4.496790309963444e+00
953.00000 4.610963091335194e+00
954.00000 4.758725567525645e+00
955.00000 4.924077267262169e+00
956.00000 5.101605891920037e+00
957.00000 5.287986519449447e+00
958.00000 5.496944131402826e+00
959.00000 5.728535743848863e+00
960.00000 5.974950689943864e+00
961.00000 6.231783309958859e+00
962.00000 6.475183053590071e+00
963.00000 6.741260093557690e+00
964.00000 6.993621821839755e+00
965.00000 7.249594480214958e+00
966.00000 7.502653987214281e+00
967.00000 7.746571480558101e+00
968.00000 7.994699702868534e+00
969.00000 8.232388376099674e+00
970.00000 8.474917153171432e+00
971.00000 8.708729252155853e+00
972.00000 8.947630899937856e+00
973.00000 9.177503857140398e+00
974.00000 9.386619664182469e+00
975.00000 9.585370539907537e+00
976.00000 9.760792060681144e+00
977.00000 9.918819964536624e+00
978.00000 1.005178774283373e+01
979.00000 1.016179241861084e+01
980.00000 1.024618464911207e+01
981.00000 1.031478315055427e+01
982.00000 1.036163936806631e+01
983.00000 1.040210304325466e+01
984.00000 1.043115228308995e+01
985.00000 1.046270254452990e+01
986.00000 1.049484115229656e+01
987.00000 1.053553980837794e+01
988.00000 1.058908328489433e+01
989.00000 -2.201750826966284e+01
990.00000 -2.620910128727920e+01
991.00000 -3.138131415166087e+01
992.00000 -3.742474409451781e+01
993.00000 -4.355579422209039e+01
994.00000 -4.803396151847421e+01
995.00000 -4.868458337442085e+01
996.00000 -4.438528374617104e+01
997.00000 -3.638905971045016e+01
998.00000 -2.737336373525998e-01
999.00000 -2.728024110500534e-01
1000.00000 -2.720328419267313e-01
1001.00000 -2.713577558951759e-01
1002.00000 -2.707126725750679e-01
1003.00000 -2.701810007387779e-01
1004.00000 -2.697214662862564e-01
1005.00000 -2.693864258632167e-01
1006.00000 -2.691794185997149e-01
1007.00000 -2.691088046054866e-01
