-8.00000 -2.010439490783273e+01
-7.97595 -2.099404468127729e+01
-7.95190 -2.191902751660722e+01
-7.92786 -2.288090062778648e+01
-7.90381 -2.388131273681680e+01
-7.87976 -2.492200212085817e+01
-7.85571 -2.600479032693749e+01
-7.83166 -2.713157140164860e+01
-7.80762 -2.830429692612789e+01
-7.78357 -2.952495784938374e+01
-7.75952 -3.079556578096943e+01
-7.73547 -3.211813988316815e+01
-7.71142 -3.349471101493577e+01
-7.68737 -3.492736097090201e+01
-7.66333 -3.641831843645277e+01
-7.63928 -3.797013148259768e+01
-7.61523 -3.958592879512501e+01
-7.59118 -4.126977291769771e+01
-7.56713 -4.302711088071000e+01
-7.54309 -4.486537944042970e+01
-7.51904 -4.679505089134140e+01
-7.49499 -4.883248148004743e+01
-7.47094 -5.100933687510403e+01
-7.44689 -5.337863983309306e+01
-7.42285 -5.599843292168089e+01
-7.39880 -5.903064202255323e+01
-7.37475 -6.204458579536702e+01
-7.35070 -6.523413989426366e+01
-7.32665 -6.854792044253219e+01
-7.30261 -7.194180127197002e+01
-7.27856 -7.540724445366736e+01
-7.25451 -7.896129590671032e+01
-7.23046 -8.262419742275299e+01
-7.20641 -8.640657974046681e+01
-7.18236 -9.031154297466156e+01
-7.15832 -9.434496071538808e+01
-7.13427 -9.854333350102985e+01
-7.11022 -1.028956559036015e+02
-7.08617 -1.074336101697049e+02
-7.06212 -1.121571507897430e+02
-7.03808 -1.170742468232726e+02
-7.01403 -1.221991541143416e+02
-6.98998 -1.275426500838488e+02
-6.96593 -1.331135524356157e+02
-6.94188 -1.389253003979894e+02
-6.91784 -1.450015430846099e+02
-6.89379 -1.513773825145983e+02
-6.86974 -1.580882017920894e+02
-6.84569 -1.651485080387640e+02
-6.82164 -1.725431625857201e+02
-6.79760 -1.802351800754525e+02
-6.77355 -1.881847510891082e+02
-6.74950 -1.963704916243732e+02
-6.72545 -2.047880815740407e+02
-6.70140 -2.134389792348873e+02
-6.67735 -2.223122714816816e+02
-6.65331 -2.314096620074457e+02
-6.62926 -2.407332588513127e+02
-6.60521 -2.502912077280847e+02
-6.58116 -2.600959117376844e+02
-6.55711 -2.701507691047524e+02
-6.53307 -2.804285101022077e+02
-6.50902 -2.908703428229305e+02
-6.48497 -3.014274928994299e+02
-6.46092 -3.120902495670624e+02
-6.43687 -3.228417093443741e+02
-6.41283 -3.336260936017834e+02
-6.38878 -3.444123846783415e+02
-6.36473 -3.552144565131319e+02
-6.34068 -3.660244749493324e+02
-6.31663 -3.768112501175395e+02
-6.29259 -3.875730101093905e+02
-6.26854 -3.983336417972382e+02
-6.24449 -4.091093705718177e+02
-6.22044 -4.199054057339683e+02
-6.19639 -4.307310068049812e+02
-6.17234 -4.416062246823034e+02
-6.14830 -4.525577626239702e+02
-6.12425 -4.636138406497768e+02
-6.10020 -4.748036631651090e+02
-6.07615 -4.861592826809344e+02
-6.05210 -4.977155678673979e+02
-6.02806 -5.095072711318353e+02
-6.00401 -5.215658340802888e+02
-5.97996 -5.339194610765940e+02
-5.95591 -5.465984556631038e+02
-5.93186 -5.596455006587507e+02
-5.90782 -5.731286418939167e+02
-5.88377 -5.871541614187340e+02
-5.85972 -6.018791954681222e+02
-5.83567 -6.175298591694188e+02
-5.81162 -6.344259888026326e+02
-5.78758 -6.530818347795001e+02
-5.76353 -6.737238700085583e+02
-5.73948 -6.966495605214303e+02
-5.71543 -7.216452497195695e+02
-5.69138 -7.499604140348033e+02
-5.66733 -7.821855957513435e+02
-5.64329 -8.174658176641051e+02
-5.61924 -8.545366993301793e+02
-5.59519 -8.914048003614573e+02
-5.57114 -9.259382026449053e+02
-5.54709 -9.567483489778310e+02
-5.52305 -9.835697302025205e+02
-5.49900 -1.006951889334583e+03
-5.47495 -1.027703986399324e+03
-5.45090 -1.046546506290411e+03
-5.42685 -1.064048428547356e+03
-5.40281 -1.080695055998489e+03
-5.37876 -1.096952640586984e+03
-5.35471 -1.113283585960818e+03
-5.33066 -1.130071260220952e+03
-5.30661 -1.147198920391412e+03
-5.28257 -1.160943472704546e+03
-5.25852 -1.153383010873056e+03
-5.23447 -1.135369126120629e+03
-5.21042 -1.128517758497230e+03
-5.18637 -1.128789305415293e+03
-5.16232 -1.142849604545569e+03
-5.13828 -1.172612960453360e+03
-5.11423 -1.211099928437429e+03
-5.09018 -1.250455341277254e+03
-5.06613 -1.287817801268699e+03
-5.04208 -1.323790448929425e+03
-5.01804 -1.360137188580352e+03
-4.99399 -1.398444806319864e+03
-4.96994 -1.438398793711801e+03
-4.94589 -1.479856218993125e+03
-4.92184 -1.519849023033114e+03
-4.89780 -1.559935849208283e+03
-4.87375 -1.600139380979075e+03
-4.84970 -1.643038109411205e+03
-4.82565 -1.687492026391334e+03
-4.80160 -1.733464086262350e+03
-4.77756 -1.780907288962608e+03
-4.75351 -1.829745597409054e+03
-4.72946 -1.879896922306632e+03
-4.70541 -1.931234674393613e+03
-4.68136 -1.983526432795150e+03
-4.65731 -2.036334051702907e+03
-4.63327 -2.088484528203686e+03
-4.60922 -2.136344610179285e+03
-4.58517 -2.174700702624107e+03
-4.56112 -2.206362508764176e+03
-4.53707 -2.241444006065552e+03
-4.51303 -2.281394773724638e+03
-4.48898 -2.320946351257260e+03
-4.46493 -2.358412344298538e+03
-4.44088 -2.395363437800965e+03
-4.41683 -2.425595522933264e+03
-4.39279 -2.443730877881513e+03
-4.36874 -2.455709732459726e+03
-4.34469 -2.462507836693699e+03
-4.32064 -2.463087473917548e+03
-4.29659 -2.456901339667676e+03
-4.27255 -2.443039662030951e+03
-4.24850 -2.420666505156307e+03
-4.22445 -2.391148615156154e+03
-4.20040 -2.361848964783910e+03
-4.17635 -2.327261292495684e+03
-4.15230 -2.287306635894092e+03
-4.12826 -2.238149648867220e+03
-4.10421 -2.184113094956286e+03
-4.08016 -2.126986213338877e+03
-4.05611 -2.066099904577527e+03
-4.03206 -1.992695439673154e+03
-4.00802 -1.916551367254762e+03
-3.98397 -1.843753280260449e+03
-3.95992 -1.784490552496334e+03
-3.93587 -1.744733816097001e+03
-3.91182 -1.721907938313720e+03
-3.88778 -1.706638497790168e+03
-3.86373 -1.692436536006608e+03
-3.83968 -1.679239525746370e+03
-3.81563 -1.667313541547820e+03
-3.79158 -1.656028543327360e+03
-3.76754 -1.644712185039923e+03
-3.74349 -1.633071987826429e+03
-3.71944 -1.620970006227106e+03
-3.69539 -1.608298168551148e+03
-3.67134 -1.594983117156480e+03
-3.64729 -1.580988955408402e+03
-3.62325 -1.566287094240343e+03
-3.59920 -1.550823930079914e+03
-3.57515 -1.534502083955805e+03
-3.55110 -1.517175801876245e+03
-3.52705 -1.498679951162564e+03
-3.50301 -1.478773609835343e+03
-3.47896 -1.456907215867696e+03
-3.45491 -1.432449397794092e+03
-3.43086 -1.405048274193515e+03
-3.40681 -1.374187399607443e+03
-3.38277 -1.336246129538217e+03
-3.35872 -1.280814666097501e+03
-3.33467 -1.215290131543994e+03
-3.31062 -1.135826284989064e+03
-3.28657 -1.035901724626120e+03
-3.26253 -9.039353190758463e+02
-3.23848 -7.618367863521440e+02
-3.21443 -6.514780444512350e+02
-3.19038 -5.668950390185727e+02
-3.16633 -5.260341224228308e+02
-3.14228 -5.068496532116359e+02
-3.11824 -5.069299159631132e+02
-3.09419 -5.246802014160121e+02
-3.07014 -5.537490801229462e+02
-3.04609 -5.829980990401531e+02
-3.02204 -6.032506602209787e+02
-2.99800 -6.127971756788182e+02
-2.97395 -6.154822403090817e+02
-2.94990 -6.155482226560276e+02
-2.92585 -6.151672180294443e+02
-2.90180 -6.148189348406912e+02
-2.87776 -6.140745251816468e+02
-2.85371 -6.125903928222518e+02
-2.82966 -6.112284063240718e+02
-2.80561 -6.108013588000173e+02
-2.78156 -6.110792662608843e+02
-2.75752 -6.121082413490723e+02
-2.73347 -6.143803990808860e+02
-2.70942 -6.187780232246052e+02
-2.68537 -6.267623184572151e+02
-2.66132 -6.401649315835962e+02
-2.63727 -6.596825412730811e+02
-2.61323 -6.826265110761523e+02
-2.58918 -7.048014264699982e+02
-2.56513 -7.263297910028259e+02
-2.54108 -7.496421879833001e+02
-2.51703 -7.734547217173924e+02
-2.49299 -7.981022501967099e+02
-2.46894 -8.242852771426947e+02
-2.44489 -8.504951512600483e+02
-2.42084 -8.743165088869594e+02
-2.39679 -8.935344508384335e+02
-2.37275 -9.067316230380861e+02
-2.34870 -9.127827693867140e+02
-2.32465 -9.094237074494384e+02
-2.30060 -8.951564138361074e+02
-2.27655 -8.737029198141341e+02
-2.25251 -8.467142749797665e+02
-2.22846 -8.071159417349903e+02
-2.20441 -7.569792652116899e+02
-2.18036 -7.096421796095558e+02
-2.15631 -6.685702312574213e+02
-2.13226 -6.308564681562859e+02
-2.10822 -5.956191482222544e+02
-2.08417 -5.631994208467960e+02
-2.06012 -5.340544293198222e+02
-2.03607 -5.083138501359630e+02
-2.01202 -4.857168121969743e+02
-1.98798 -4.658873937046916e+02
-1.96393 -4.485849217546499e+02
-1.93988 -4.337798062287801e+02
-1.91583 -4.216287569027606e+02
-1.89178 -4.124219481927274e+02
-1.86774 -4.065038065530774e+02
-1.84369 -4.042574854378560e+02
-1.81964 -4.054072902359374e+02
-1.79559 -4.091927226239703e+02
-1.77154 -4.154669161919938e+02
-1.74749 -4.260968667640068e+02
-1.72345 -4.427408801880263e+02
-1.69940 -4.598729410148856e+02
-1.67535 -4.733483257962554e+02
-1.65130 -4.852831922053795e+02
-1.62725 -4.967424599045170e+02
-1.60321 -5.083740848318728e+02
-1.57916 -5.216074884057671e+02
-1.55511 -5.353555069785476e+02
-1.53106 -5.461291587475703e+02
-1.50701 -5.564009065956142e+02
-1.48297 -5.577671200258424e+02
-1.45892 -4.106215647909769e+02
-1.43487 -3.590841199637406e+02
-1.41082 -3.166797085668676e+02
-1.38677 -2.772431912945962e+02
-1.36273 -2.415617057429134e+02
-1.33868 -2.089441875930035e+02
-1.31463 -1.787102998189344e+02
-1.29058 -1.501508650626230e+02
-1.26653 -1.227613910527700e+02
-1.24248 -9.626974569939115e+01
-1.21844 -7.053544738456318e+01
-1.19439 -4.545725977620323e+01
-1.17034 -2.090690996587710e+01
-1.14629 3.298771650672858e+00
-1.12224 2.738489767920341e+01
-1.09820 5.158428015978714e+01
-1.07415 7.610514254318026e+01
-1.05010 1.011130231449963e+02
-1.02605 1.267276679074217e+02
-1.00200 1.530297002933373e+02
-0.97796 1.800704545633794e+02
-0.95391 2.078795106268073e+02
-0.92986 2.364666858849216e+02
-0.90581 2.658175573779322e+02
-0.88176 2.958834783925150e+02
-0.85772 3.265683826322561e+02
-0.83367 3.577155144000173e+02
-0.80962 3.890976658722543e+02
-0.78557 4.204145211803384e+02
-0.76152 4.513001862634449e+02
-0.73747 4.813427852346490e+02
-0.71343 5.101160773145482e+02
-0.68938 5.372205577329430e+02
-0.66533 5.623289257590845e+02
-0.64128 5.852289206841103e+02
-0.61723 6.058563551203785e+02
-0.59319 6.243138270197046e+02
-0.56914 6.408770730679117e+02
-0.54509 6.560014592036836e+02
-0.52104 6.703532365578624e+02
-0.49699 6.848955904871818e+02
-0.47295 5.977033939052161e+02
-0.44890 6.174976508933113e+02
-0.42485 6.436834636188910e+02
-0.40080 6.794705930688533e+02
-0.37675 7.278373468421717e+02
-0.35271 7.904433294341059e+02
-0.32866 8.665660349762263e+02
-0.30461 9.527076969187503e+02
-0.28056 1.043364543858873e+03
-0.25651 1.132781021829837e+03
-0.23246 1.216650609345003e+03
-0.20842 1.292638430256404e+03
-0.18437 1.359817134546542e+03
-0.16032 1.535331898500766e+03
-0.13627 1.585912987815266e+03
-0.11222 1.630716612108922e+03
-0.08818 1.672089234557648e+03
-0.06413 1.712654045944199e+03
-0.04008 1.753327639091974e+03
-0.01603 1.794994438679036e+03
0.00802 1.838197180169584e+03
0.03206 1.885927674285786e+03
0.05611 1.932178278801855e+03
0.08016 1.964098441905794e+03
0.10421 1.983583647684489e+03
0.12826 1.987341289129886e+03
0.15230 1.980749058188329e+03
0.17635 1.966195616882495e+03
0.20040 1.944834305020629e+03
0.22445 1.917459056821835e+03
0.24850 1.888852299790798e+03
0.27255 1.852577805139932e+03
0.29659 1.813501902005877e+03
0.32064 1.758638085112985e+03
0.34469 1.715889886451209e+03
0.36874 1.671472382256081e+03
0.39279 1.625378284383432e+03
0.41683 1.577724266021917e+03
0.44088 1.528743725563832e+03
0.46493 1.478735409095686e+03
0.48898 1.428047584233473e+03
0.51303 1.377095546970674e+03
0.53707 1.326345939358434e+03
0.56112 1.276109593106201e+03
0.58517 1.226936088447688e+03
0.60922 1.179270094484081e+03
0.63327 1.133663901616387e+03
0.65731 1.090114502659911e+03
0.68136 1.048272665764674e+03
0.70541 1.007963773122156e+03
0.72946 9.691519884202174e+02
0.75351 9.318916701620127e+02
0.77756 8.963050808272621e+02
0.80160 8.625655114136003e+02
0.82565 8.308698433506327e+02
0.84970 8.013853427687116e+02
0.87375 7.741848855333903e+02
0.89780 7.492057096190567e+02
0.92184 7.185600621121415e+02
0.94589 6.973632577441274e+02
0.96994 6.776245559859077e+02
0.99399 6.590788319145150e+02
1.01804 6.415176650517764e+02
1.04208 6.247925220672875e+02
1.06613 6.088039234244405e+02
1.09018 5.934861904026309e+02
1.11423 5.787939279245250e+02
1.13828 5.646925430744290e+02
1.16232 5.511526222423896e+02
1.18637 5.381470460964912e+02
1.21042 5.256497198992165e+02
1.23447 5.136351330394959e+02
1.25852 5.020782959101714e+02
1.28257 4.909548270179260e+02
1.30661 4.802410865212272e+02
1.33066 4.699143117823111e+02
1.35471 4.599527368963323e+02
1.37876 4.503356894545147e+02
1.40281 4.410436626694332e+02
1.42685 4.320583631947978e+02
1.45090 4.233627360501903e+02
1.47495 4.149409686342591e+02
1.49900 4.067784761290313e+02
1.52305 3.988618707668708e+02
1.54709 3.911789174956201e+02
1.57114 3.837184785595891e+02
1.59519 3.764704494307007e+02
1.61924 3.694256883882715e+02
1.64329 3.625759418706365e+02
1.66733 3.559137675187652e+02
1.69138 3.494324566122947e+02
1.71543 3.431259573712618e+02
1.73948 3.369888003703417e+02
1.76353 3.310160270928467e+02
1.78758 3.294557066374346e+02
1.81162 3.237985360410208e+02
1.83567 3.182932875739991e+02
1.85972 3.129364194239769e+02
1.88377 3.077246128254432e+02
1.90782 3.026547305014645e+02
1.93186 2.977237805344490e+02
1.95591 2.929288855002655e+02
1.97996 2.882672566259332e+02
2.00401 2.837361726713683e+02
2.02806 2.793329631888062e+02
2.05210 2.750549957787853e+02
2.07615 2.708996669377299e+02
2.10020 2.668643960786047e+02
2.12425 2.629466223016138e+02
2.14830 2.591438034957708e+02
2.17234 2.554534173634850e+02
2.19639 2.518729639781099e+02
2.22044 2.483999695078576e+02
2.24449 2.450319907676491e+02
2.26854 2.417666202922979e+02
2.29259 2.386014916592123e+02
2.31663 2.355342848252232e+02
2.34068 2.325627312796273e+02
2.36473 2.296846188529844e+02
2.38878 2.268977960577465e+02
2.41283 2.242001758718342e+02
2.43687 2.215897389088858e+02
2.46092 2.190645359487130e+02
2.48497 2.166226898278863e+02
2.50902 2.142623967130440e+02
2.53307 2.119819267982886e+02
2.55711 2.097796244826856e+02
2.58116 2.076539080946500e+02
2.60521 2.056032692367563e+02
2.62926 2.036262718277810e+02
2.65331 2.017215509187498e+02
2.67735 1.998878113568151e+02
2.70140 1.981238263655533e+02
2.72545 1.964284361031218e+02
2.74950 1.948005462511917e+02
2.77355 1.932391266782872e+02
2.79760 1.917432102114939e+02
2.82164 1.903118915410087e+02
2.84569 1.889443262730582e+02
2.86974 1.876397301387300e+02
2.89379 1.863973783593981e+02
2.91784 1.852166051641739e+02
2.94188 1.840968034509260e+02
2.96593 1.830374245804651e+02
2.98998 1.820379782929880e+02
3.01403 1.810980327371909e+02
3.03808 1.802172146052326e+02
3.06212 1.793952093708788e+02
3.08617 1.786317616335208e+02
3.11022 1.779266755770442e+02
3.13427 1.772798155595023e+02
3.15832 1.766911068569433e+02
3.18236 1.761605365922496e+02
3.20641 1.756881548872249e+02
3.23046 1.752740762830031e+02
3.25451 1.749184814801382e+02
3.27856 1.746216194548414e+02
3.30261 1.743838100119771e+02
3.32665 1.742054468379876e+02
3.35070 1.740870011181286e+02
3.37475 1.740290257819196e+02
3.39880 1.740321604386256e+02
3.42285 1.740971370608698e+02
3.44689 1.742247864693349e+02
3.47094 1.744160456648966e+02
3.49499 1.746719660470171e+02
3.51904 1.749937225487198e+02
3.54309 1.753826237097155e+02
3.56713 1.758401227003963e+02
3.59118 1.763678293010125e+02
3.61523 1.769675228327906e+02
3.63928 1.776411660314687e+02
3.66333 1.783909198489974e+02
3.68737 1.792191591662172e+02
3.71142 1.801284893981619e+02
3.73547 1.811217639741681e+02
3.75952 1.822021026765353e+02
3.78357 1.833729108236017e+02
3.80762 1.846378992842693e+02
3.83166 1.860011053100905e+02
3.85571 1.874669141659293e+02
3.87976 1.890400815286911e+02
3.90381 1.907257566033960e+02
3.92786 1.925295058740459e+02
3.95190 1.944573373607294e+02
3.97595 1.965157251916863e+02
4.00000 1.987116342173547e+02
