-12.00000 3.208368103165119e-35
-11.98579 1.660911634412780e-34
-11.97157 8.570927839450056e-34
-11.95736 4.408351382098049e-33
-11.94314 2.259271012598634e-32
-11.92893 1.153260750738264e-31
-11.91471 5.860706168551373e-31
-11.90050 2.963709487095399e-30
-11.88629 1.490801041984433e-29
-11.87207 7.457622784439959e-29
-11.85786 3.709888718640189e-28
-11.84364 1.835616276987750e-27
-11.82943 9.037426131844158e-27
-11.81522 4.430199777520163e-26
-11.80100 2.164044129405074e-25
-11.78679 1.054318105405394e-24
-11.77257 5.128171527914532e-24
-11.75836 2.492685165954181e-23
-11.74414 1.212053453181159e-22
-11.72993 5.901954464341760e-22
-11.71572 2.881710192580570e-21
-11.70150 1.413194076331869e-20
-11.68729 6.975215672820749e-20
-11.67307 3.473420851370241e-19
-11.65886 1.748910226691831e-18
-11.64464 8.915262967145133e-18
-11.63043 4.598407194985463e-17
-11.61622 2.392919474370427e-16
-11.60200 1.250034220571574e-15
-11.58779 6.514471418294737e-15
-11.57357 3.365473575098023e-14
-11.55936 1.714118488825099e-13
-11.54515 8.572483650789039e-13
-11.53093 4.199874042357139e-12
-11.51672 2.014919837031169e-11
-11.50250 9.483163696580967e-11
-11.48829 4.396917895446702e-10
-11.47407 2.020759557616376e-09
-11.45986 9.263409322517504e-09
-11.44565 4.250098148544624e-08
-11.43143 1.949412115104149e-07
-11.41722 8.918528871631669e-07
-11.40300 4.096193965155303e-06
-11.38879 1.929472662600392e-05
-11.37457 9.405197332834171e-05
-11.36036 4.439471595366039e-04
-11.34615 1.764497010730005e-03
-11.33193 5.216837642036919e-03
-11.31772 1.089718631636457e-02
-11.30350 1.656996798264587e-02
-11.28929 2.041134739636491e-02
-11.27508 2.330227851514527e-02
-11.26086 2.630775026305439e-02
-11.24665 2.901992379707733e-02
-11.23243 3.086033284095397e-02
-11.21822 3.201266151076568e-02
-11.20400 3.303240933868384e-02
-11.18979 3.422862367464596e-02
-11.17558 3.554035500802648e-02
-11.16136 3.677844456592951e-02
-11.14715 3.784859194575977e-02
-11.13293 3.879321762734987e-02
-11.11872 3.971314822509538e-02
-11.10450 4.068077774772609e-02
-11.09029 4.170394054357331e-02
-11.07608 4.273960559663861e-02
-11.06186 4.372920414162687e-02
-11.04765 4.462963967163299e-02
-11.03343 4.542786386220602e-02
-11.01922 4.613898531465160e-02
-11.00501 4.679404111797393e-02
-10.99079 4.742495914822790e-02
-10.97658 4.805290015191759e-02
-10.96236 4.868340739134291e-02
-10.94815 4.930858804615734e-02
-10.93393 4.991394285133368e-02
-10.91972 5.048627153327669e-02
-10.90551 5.101948618988467e-02
-10.89129 5.151665092961957e-02
-10.87708 5.198830370597735e-02
-10.86286 5.244840163335959e-02
-10.84865 5.290973454985815e-02
-10.83443 5.338041883187194e-02
-10.82022 5.386239089955427e-02
-10.80601 5.435200566108403e-02
-10.79179 5.484218584527224e-02
-10.77758 5.532521851103298e-02
-10.76336 5.579528111568947e-02
-10.74915 5.625002746405325e-02
-10.73493 5.669094601955474e-02
-10.72072 5.712258613798896e-02
-10.70651 5.755102995686155e-02
-10.69229 5.798211769189882e-02
-10.67808 5.841991183194512e-02
-10.66386 5.886574907265855e-02
-10.64965 5.931803441033248e-02
-10.63544 5.977273650969520e-02
-10.62122 6.022439121747159e-02
-10.60701 6.066733557762807e-02
-10.59279 6.109688295926984e-02
-10.57858 6.151020014388623e-02
-10.56436 6.190673859099524e-02
-10.55015 6.228817980939543e-02
-10.53594 6.265795536285683e-02
-10.52172 6.302047738472849e-02
-10.50751 6.338025500625723e-02
-10.49329 6.374107348426999e-02
-10.47908 6.410538107477298e-02
-10.46486 6.447397421807270e-02
-10.45065 6.484600742753160e-02
-10.43644 6.521929335182071e-02
-10.42222 6.559081129847572e-02
-10.40801 6.595731556001495e-02
-10.39379 6.631593011631855e-02
-10.37958 6.666463146001890e-02
-10.36537 6.700255105322001e-02
-10.35115 6.733006624896672e-02
-10.33694 6.764868618066415e-02
-10.32272 6.796077096935009e-02
-10.30851 6.826914434560616e-02
-10.29429 6.857666941772700e-02
-10.28008 6.888585503235255e-02
-10.26587 6.919854796630452e-02
-10.25165 6.951574725830846e-02
-10.23744 6.983755505829112e-02
-10.22322 7.016325704779604e-02
-10.20901 7.049150775477221e-02
-10.19479 7.082058398813847e-02
-10.18058 7.114866410746859e-02
-10.16637 7.147409183374417e-02
-10.15215 7.179558984560222e-02
-10.13794 7.211239893508639e-02
-10.12372 7.242433115114830e-02
-10.10951 7.273173824352099e-02
-10.09530 7.303540814786673e-02
-10.08108 7.333641091945307e-02
-10.06687 7.363592060353134e-02
-10.05265 7.393504071971305e-02
-10.03844 7.423465852223288e-02
-10.02422 7.453534758851521e-02
-10.01001 7.483733051303633e-02
-9.99580 7.514050465948076e-02
-9.98158 7.544452521925885e-02
-9.96737 7.574893231989532e-02
-9.95315 7.605330349658510e-02
-9.93894 7.635741005812063e-02
-9.92472 7.666135596356793e-02
-9.91051 7.696568063300006e-02
-9.89630 7.727141216926912e-02
-9.88208 7.758006403829946e-02
-9.86787 7.789357546120554e-02
-9.85365 7.821420269671926e-02
-9.83944 7.854437420149285e-02
-9.82523 7.888652669175794e-02
-9.81101 7.924294098323968e-02
-9.79680 7.961559602987994e-02
-9.78258 8.000605696855832e-02
-9.76837 8.041540860468216e-02
-9.75415 8.084424022540374e-02
-9.73994 8.129268159514461e-02
-9.72573 8.176048418954325e-02
-9.71151 8.224713682114014e-02
-9.69730 8.275200133835273e-02
-9.68308 8.327445238966014e-02
-9.66887 8.381400546610866e-02
-9.65465 8.437041945914991e-02
-9.64044 8.494376346807082e-02
-9.62623 8.553444206284605e-02
-9.61201 8.614317807556793e-02
-9.59780 8.677095671773465e-02
-9.58358 8.741893902068310e-02
-9.56937 8.808835611319257e-02
-9.55516 8.878039868933973e-02
-9.54094 8.949611813205970e-02
-9.52673 9.023635670290785e-02
-9.51251 9.100172289638042e-02
-9.49830 9.179262294143839e-02
-9.48408 9.260934959199660e-02
-9.46987 9.345221662280966e-02
-9.45566 9.432171889247803e-02
-9.44144 9.521870606388239e-02
-9.42723 9.614459527969696e-02
-9.41301 9.710171007809326e-02
-9.39880 9.809387635405135e-02
-9.38458 9.912733886570928e-02
-9.37037 1.002117820680488e-01
-9.35616 1.013607650161736e-01
-9.34194 1.025905784204461e-01
-9.32773 1.039173827805074e-01
-9.31351 1.053559545819996e-01
-9.29930 1.069291952636881e-01
-9.28509 1.086973822503112e-01
-9.27087 1.107910366660071e-01
-9.25666 1.133824508533210e-01
-9.24244 1.165368884669724e-01
-9.22823 1.200361519262351e-01
-9.21401 1.234113130561876e-01
-9.19980 1.262176366078147e-01
-9.18559 1.282068613820512e-01
-9.17137 1.292073752315340e-01
-9.15716 1.290650681169301e-01
-9.14294 1.278791580077900e-01
-9.12873 1.261362456902913e-01
-9.11451 1.244242994049809e-01
-9.10030 1.230552947054199e-01
-9.08609 1.220031033300022e-01
-9.07187 1.210972585930942e-01
-9.05766 1.202009787747324e-01
-9.04344 1.192626538438393e-01
-9.02923 1.182894407858050e-01
-9.01502 1.173073613910180e-01
-9.00080 1.163348561826374e-01
-8.98659 1.153737143728781e-01
-8.97237 1.144135014933089e-01
-8.95816 1.134424162946573e-01
-8.94394 1.124569732128711e-01
-8.92973 1.114654989341552e-01
-8.91552 1.104847304285222e-01
-8.90130 1.095324068876944e-01
-8.88709 1.086200739208587e-01
-8.87287 1.077493087443522e-01
-8.85866 1.069123318940976e-01
-8.84444 1.060958747974611e-01
-8.83023 1.052861205494621e-01
-8.81602 1.044726677612379e-01
-8.80180 1.036503634537674e-01
-8.78759 1.028189190429489e-01
-8.77337 1.019810139819267e-01
-8.75916 1.011399173930758e-01
-8.74494 1.002975567765406e-01
-8.73073 9.945359450670030e-02
-8.71652 9.860562335807040e-02
-8.70230 9.775021333341687e-02
-8.68809 9.688432398271957e-02
-8.67387 9.600656452545875e-02
-8.65966 9.511790900765833e-02
-8.64545 9.422169048801125e-02
-8.63123 9.332292988696664e-02
-8.61702 9.242723510069391e-02
-8.60280 9.153959407347516e-02
-8.58859 9.066337385132461e-02
-8.57437 8.979974656110958e-02
-8.56016 8.894763025454318e-02
-8.54595 8.810409872646688e-02
-8.53173 8.726511297057572e-02
-8.51752 8.642637642121621e-02
-8.50330 8.558411906893847e-02
-8.48909 8.473566141040247e-02
-8.47487 8.387967983672896e-02
-8.46066 8.301617049533731e-02
-8.44645 8.214617184701194e-02
-8.43223 8.127134595876191e-02
-8.41802 8.039353083453274e-02
-8.40380 7.951436295127810e-02
-8.38959 7.863503748622118e-02
-8.37538 7.775623285042201e-02
-8.36116 7.687818574973587e-02
-8.34695 7.600087119748063e-02
-8.33273 7.512422401175767e-02
-8.31852 7.424833626276474e-02
-8.30430 7.337357751805412e-02
-8.29009 7.250060755982138e-02
-8.27588 7.163027891369340e-02
-8.26166 7.076345302372385e-02
-8.24745 6.990077395065976e-02
-8.23323 6.904245339309807e-02
-8.21902 6.818811910812490e-02
-8.20480 6.733676616791527e-02
-8.19059 6.648682963850609e-02
-8.17638 6.563637230968264e-02
-8.16216 6.478335677183530e-02
-8.14795 6.392595196819403e-02
-8.13373 6.306281396166262e-02
-8.11952 6.219328117234815e-02
-8.10531 6.131743610239498e-02
-8.09109 6.043600708705566e-02
-8.07688 5.955011182282978e-02
-8.06266 5.866087509183305e-02
-8.04845 5.776898137503984e-02
-8.03423 5.687424401638071e-02
-8.02002 5.597528180553755e-02
-8.00581 5.506938773375824e-02
-7.99159 5.415265108438617e-02
-7.97738 5.322035288159969e-02
-7.96316 5.226759908974968e-02
-7.94895 5.129009324348513e-02
-7.93473 5.028489306927449e-02
-7.92052 4.925096162788600e-02
-7.90631 4.818933199937173e-02
-7.89209 4.710277114180566e-02
-7.87788 4.599495731064501e-02
-7.86366 4.486936141868924e-02
-7.84945 4.372820737150986e-02
-7.83524 4.257201595456665e-02
-7.82102 4.140022418803358e-02
-7.80681 4.021311938233347e-02
-7.79259 3.901477076968320e-02
-7.77838 3.781585160839424e-02
-7.76416 3.663455019125539e-02
-7.74995 3.549377560149954e-02
-7.73574 3.441418585174896e-02
-7.72152 3.340525273878795e-02
-7.70731 3.245959829502237e-02
-7.69309 3.155705642918855e-02
-7.67888 3.068164419533419e-02
-7.66466 2.984496733655595e-02
-7.65045 2.909599583051461e-02
-7.63624 2.849227419530791e-02
-7.62202 2.803449572025447e-02
-7.60781 2.763964526439244e-02
-7.59359 2.727343603826283e-02
-7.57938 2.707282428601048e-02
-7.56517 2.682709663348583e-02
-7.55095 2.545443725218438e-02
-7.53674 2.247320988887356e-02
-7.52252 1.928630228214771e-02
-7.50831 1.733021259234343e-02
-7.49409 1.663249999572750e-02
-7.47988 1.660506870636571e-02
-7.46567 1.678075745669872e-02
-7.45145 1.690833426263345e-02
-7.43724 1.693615427399559e-02
-7.42302 1.695520742475233e-02
-7.40881 1.707843279704028e-02
-7.39459 1.734613433898911e-02
-7.38038 1.772196225393893e-02
-7.36617 1.814805765011140e-02
-7.35195 1.859283415349150e-02
-7.33774 1.906045741774605e-02
-7.32352 1.957323068412456e-02
-7.30931 2.015020391512489e-02
-7.29510 2.079593530691837e-02
-7.28088 2.150109243890824e-02
-7.26667 2.224987598114000e-02
-7.25245 2.302813614808230e-02
-7.23824 2.382815591481418e-02
-7.22402 2.464907676580413e-02
-7.20981 2.549421938079809e-02
-7.19560 2.636743250391232e-02
-7.18138 2.727027282749622e-02
-7.16717 2.820088910495511e-02
-7.15295 2.915454962751661e-02
-7.13874 3.012515984562007e-02
-7.12452 3.110694854049769e-02
-7.11031 3.209566534131394e-02
-7.09610 3.308896769862119e-02
-7.08188 3.408602467359160e-02
-7.06767 3.508661826318867e-02
-7.05345 3.609013202054859e-02
-7.03924 3.709478770489147e-02
-7.02503 3.809736553248800e-02
-7.01081 3.909347763131589e-02
-6.99660 4.007830797747837e-02
-6.98238 4.104762025533401e-02
-6.96817 4.199878384163041e-02
-6.95395 4.293157716681759e-02
-6.93974 4.384858541687159e-02
-6.92553 4.475509843489231e-02
-6.91131 4.565851593024894e-02
-6.89710 4.656736335644100e-02
-6.88288 4.749009857416361e-02
-6.86867 4.843393551804177e-02
-6.85445 4.940391916239401e-02
-6.84024 5.040245344837468e-02
-6.82603 5.142941376406263e-02
-6.81181 5.248287803872750e-02
-6.79760 5.356040108699488e-02
-6.78338 5.466065282668468e-02
-6.76917 5.578515590377341e-02
-6.75495 5.693979841963649e-02
-6.74074 5.813576690385484e-02
-6.72653 5.938956360138855e-02
-6.71231 6.072190838526516e-02
-6.69810 6.215572488941636e-02
-6.68388 6.371428095421454e-02
-6.66967 6.542200368908785e-02
-6.65546 6.731207227904488e-02
-6.64124 6.944487715809679e-02
-6.62703 7.193670252515073e-02
-6.61281 7.498772879426502e-02
-6.59860 7.890252884074675e-02
-6.58438 8.423028284326767e-02
-6.57017 9.203979546563251e-02
-6.55596 1.025124870487575e-01
-6.54174 1.119835698535480e-01
-6.52753 1.201557532972693e-01
-6.51331 1.317920828933702e-01
-6.49910 1.404013680398901e-01
-6.48488 1.498409731947679e-01
-6.47067 1.640545277026007e-01
-6.45646 1.359690712777335e-01
-6.44224 1.223114519056997e-01
-6.42803 1.148200245904844e-01
-6.41381 1.080230692096294e-01
-6.39960 1.022831322084744e-01
-6.38539 9.767838933855003e-02
-6.37117 9.399047328978535e-02
-6.35696 9.092116141561801e-02
-6.34274 8.823472457714521e-02
-6.32853 8.579443948213832e-02
-6.31431 8.353946413513552e-02
-6.30010 8.144806322624182e-02
-6.28589 7.951048172508314e-02
-6.27167 7.771594638759488e-02
-6.25746 7.604974687279469e-02
-6.24324 7.449502560583467e-02
-6.22903 7.303551574840603e-02
-6.21481 7.165744530718994e-02
-6.20060 7.035020868167342e-02
-6.18639 6.910608967427199e-02
-6.17217 6.791950631561838e-02
-6.15796 6.678617506494877e-02
-6.14374 6.570243269257398e-02
-6.12953 6.466480472480683e-02
-6.11532 6.366980802359024e-02
-6.10110 6.271392529798725e-02
-6.08689 6.179367841746760e-02
-6.07267 6.090573883692082e-02
-6.05846 6.004703342083981e-02
-6.04424 5.921482351436736e-02
-6.03003 5.840674993208861e-02
-6.01582 5.762084563698661e-02
-6.00160 5.685552215120771e-02
-5.98739 5.610953676716865e-02
-5.97317 5.538194695517874e-02
-5.95896 5.467205712986170e-02
-5.94474 5.397936179493121e-02
-5.93053 5.330348828167259e-02
-5.91632 5.264414181464133e-02
-5.90210 5.200105533876244e-02
-5.88789 5.137394626691231e-02
-5.87367 5.076248194081662e-02
-5.85946 5.016625509101114e-02
-5.84525 4.958476994545072e-02
-5.83103 4.901743892577656e-02
-5.81682 4.846358916009581e-02
-5.80260 4.792247740636534e-02
-5.78839 4.739331148206722e-02
-5.77417 4.687527597329485e-02
-5.75996 4.636755986579075e-02
-5.74575 4.586938379691069e-02
-5.73153 4.538002484924705e-02
-5.71732 4.489883716057926e-02
-5.70310 4.442526707141278e-02
-5.68889 4.395886202907971e-02
-5.67467 4.349927297611225e-02
-5.66046 4.304625043424258e-02
-5.64625 4.259963492355151e-02
-5.63203 4.215934270543835e-02
-5.61782 4.172534809209668e-02
-5.60360 4.129766371549235e-02
-5.58939 4.087632019420896e-02
-5.57518 4.046134658243548e-02
-5.56096 4.005275284313935e-02
-5.54675 3.965051537309726e-02
-5.53253 3.925456634028412e-02
-5.51832 3.886478729536860e-02
-5.50410 3.848100721036291e-02
-5.48989 3.810300479946428e-02
-5.47568 3.773051470821468e-02
-5.46146 3.736323693247006e-02
-5.44725 3.700084865953218e-02
-5.43303 3.664301761701121e-02
-5.41882 3.628941597295805e-02
-5.40460 3.593973385167521e-02
-5.39039 3.559369160772499e-02
-5.37618 3.525105012720404e-02
-5.36196 3.491161858919829e-02
-5.34775 3.457525930885890e-02
-5.33353 3.424188948356499e-02
-5.31932 3.391147986224551e-02
-5.30511 3.358405054324545e-02
-5.29089 3.325966426792221e-02
-5.27668 3.293841770737314e-02
-5.26246 3.262043133269994e-02
-5.24825 3.230583851197470e-02
-5.23403 3.199477448911598e-02
-5.21982 3.168736587313856e-02
-5.20561 3.138372120473685e-02
-5.19139 3.108392307664131e-02
-5.17718 3.078802217165200e-02
-5.16296 3.049603345547315e-02
-5.14875 3.020793462849499e-02
-5.13453 2.992366680934265e-02
-5.12032 2.964313730057321e-02
-5.10611 2.936622417960517e-02
-5.09189 2.909278237082061e-02
-5.07768 2.882265079135653e-02
-5.06346 2.855566012543780e-02
-5.04925 2.829164077070008e-02
-5.03504 2.803043051385410e-02
-5.02082 2.777188152999088e-02
-5.00661 2.751586635646894e-02
-4.99239 2.726228256446700e-02
-4.97818 2.701105593417690e-02
-4.96396 2.676214202823535e-02
-4.94975 2.651552614734483e-02
-4.93554 2.627122173739070e-02
-4.92132 2.602926739450631e-02
-4.90711 2.578972267994713e-02
-4.89289 2.555266300761630e-02
-4.87868 2.531817390185862e-02
-4.86446 2.508634494087151e-02
-4.85025 2.485726370186038e-02
-4.83604 2.463101000883589e-02
-4.82182 2.440765075440971e-02
-4.80761 2.418723552540494e-02
-4.79339 2.396979321132737e-02
-4.77918 2.375532971780176e-02
-4.76496 2.354382684713595e-02
-4.75075 2.333524234836184e-02
-4.73654 2.312951108233796e-02
-4.72232 2.292654719638005e-02
-4.70811 2.272624715957149e-02
-4.69389 2.252849347604225e-02
-4.67968 2.233315887018362e-02
-4.66547 2.214011072550472e-02
-4.65125 2.194921555759144e-02
-4.63704 2.176034331083874e-02
-4.62282 2.157337128726731e-02
-4.60861 2.138818754240230e-02
-4.59439 2.120469361619009e-02
-4.58018 2.102280650436915e-02
-4.56597 2.084245981561504e-02
-4.55175 2.066360410017029e-02
-4.53754 2.048620637467083e-02
-4.52332 2.031024890378807e-02
-4.50911 2.013572733066293e-02
-4.49489 1.996264827375194e-02
-4.48068 1.979102652680634e-02
-4.46647 1.962088201078493e-02
-4.45225 1.945223663143839e-02
-4.43804 1.928511119432350e-02
-4.42382 1.911952252066374e-02
-4.40961 1.895548089362172e-02
-4.39540 1.879298794630969e-02
-4.38118 1.863203508159711e-02
-4.36697 1.847260249105384e-02
-4.35275 1.831465881798787e-02
-4.33854 1.815816148953279e-02
-4.32432 1.800305772748216e-02
-4.31011 1.784928623991090e-02
-4.29590 1.769677959917848e-02
-4.28168 1.754546733141262e-02
-4.26747 1.739527978438483e-02
-4.25325 1.724615291346384e-02
-4.23904 1.709803424132279e-02
-4.22482 1.695089042601833e-02
-4.21061 1.680471715305175e-02
-4.19640 1.665955253944298e-02
-4.18218 1.651549610302811e-02
-4.16797 1.637273699661593e-02
-4.15375 1.623159817504444e-02
-4.13954 1.609260767589065e-02
-4.12533 1.595661282197569e-02
-4.11111 1.582495280400071e-02
-4.09690 1.569969031438881e-02
-4.08268 1.558386342214608e-02
-4.06847 1.548165039461515e-02
-4.05425 1.539829309553869e-02
-4.04004 1.534122964617676e-02
-4.02583 1.533365689043618e-02
-4.01161 1.538970164975684e-02
-3.99740 1.540481089382226e-02
-3.98318 1.539180983632155e-02
-3.96897 1.542095106754542e-02
-3.95475 1.545742343963986e-02
-3.94054 1.548611953580244e-02
-3.92633 1.551387181419837e-02
-3.91211 1.555152665300330e-02
-3.89790 1.560576969057827e-02
-3.88368 1.567751479923748e-02
-3.86947 1.576518357018890e-02
-3.85526 1.586817754111177e-02
-3.84104 1.598815402730789e-02
-3.82683 1.612904339560935e-02
-3.81261 1.629713661254517e-02
-3.79840 1.649934844653879e-02
-3.78418 1.673451945787498e-02
-3.76997 1.697892519906914e-02
-3.75576 1.718398763125760e-02
-3.74154 1.730399270287072e-02
-3.72733 1.733436879433718e-02
-3.71311 1.731555646926355e-02
-3.69890 1.729617384901046e-02
-3.68468 1.729856367675513e-02
-3.67047 1.731693027372658e-02
-3.65626 1.733548874637329e-02
-3.64204 1.734298587349150e-02
-3.62783 1.733625784953750e-02
-3.61361 1.731769130809042e-02
-3.59940 1.729185652005843e-02
-3.58519 1.726325097173721e-02
-3.57097 1.723518717947589e-02
-3.55676 1.720945932059723e-02
-3.54254 1.718648757692063e-02
-3.52833 1.716571214247286e-02
-3.51411 1.714605455584970e-02
-3.49990 1.712631717968190e-02
-3.48569 1.710545474290753e-02
-3.47147 1.708270818414916e-02
-3.45726 1.705762753735976e-02
-3.44304 1.703002528097362e-02
-3.42883 1.699990014836402e-02
-3.41461 1.696736152551575e-02
-3.40040 1.693257221099002e-02
-3.38619 1.689571595612692e-02
-3.37197 1.685698748800948e-02
-3.35776 1.681659728717396e-02
-3.34354 1.677478130720832e-02
-3.32933 1.673180667217844e-02
-3.31512 1.668796734351896e-02
-3.30090 1.664356772545497e-02
-3.28669 1.659889607666594e-02
-3.27247 1.655419253853277e-02
-3.25826 1.650961807427562e-02
-3.24404 1.646523054290467e-02
-3.22983 1.642097274983703e-02
-3.21562 1.637667507802001e-02
-3.20140 1.633207274237181e-02
-3.18719 1.628683532276169e-02
-3.17297 1.624060440038067e-02
-3.15876 1.619303408256818e-02
-3.14454 1.614382902871385e-02
-3.13033 1.609277522109664e-02
-3.11612 1.603975998596130e-02
-3.10190 1.598477941730479e-02
-3.08769 1.592793311577652e-02
-3.07347 1.586940776792517e-02
-3.05926 1.580945234620461e-02
-3.04505 1.574834847268214e-02
-3.03083 1.568637971253997e-02
-3.01662 1.562380328632306e-02
-3.00240 1.556082702087846e-02
-2.98819 1.549759344885892e-02
-2.97397 1.543417197703528e-02
-2.95976 1.537055911662471e-02
-2.94555 1.530668600446947e-02
-2.93133 1.524243188888068e-02
-2.91712 1.517764190333351e-02
-2.90290 1.511214726247298e-02
-2.88869 1.504578593148615e-02
-2.87447 1.497842179862297e-02
-2.86026 1.490996041524456e-02
-2.84605 1.484035949863927e-02
-2.83183 1.476963269397466e-02
-2.81762 1.469784563360485e-02
-2.80340 1.462510413401166e-02
-2.78919 1.455153537310281e-02
-2.77497 1.447726397323315e-02
-2.76076 1.440238595867175e-02
-2.74655 1.432694448512335e-02
-2.73233 1.425091196652559e-02
-2.71812 1.417418348865664e-02
-2.70390 1.409658564394605e-02
-2.68969 1.401790247820238e-02
-2.67548 1.393791591138230e-02
-2.66126 1.385645273424119e-02
-2.64705 1.377342629763521e-02
-2.63283 1.368886080987754e-02
-2.61862 1.360289083559212e-02
-2.60440 1.351573660785244e-02
-2.59019 1.342766382011107e-02
-2.57598 1.333894133473264e-02
-2.56176 1.324980848110968e-02
-2.54755 1.316045648661256e-02
-2.53333 1.307102311642654e-02
-2.51912 1.298159666819339e-02
-2.50490 1.289222353953107e-02
-2.49069 1.280291541010569e-02
-2.47648 1.271365546699521e-02
-2.46226 1.262440451292848e-02
-2.44805 1.253510767953063e-02
-2.43383 1.244570189873341e-02
-2.41962 1.235612366277592e-02
-2.40541 1.226631624396638e-02
-2.39119 1.217623559836107e-02
-2.37698 1.208585449705456e-02
-2.36276 1.199516476421691e-02
-2.34855 1.190417769693550e-02
-2.33433 1.181292279026384e-02
-2.32012 1.172144487898310e-02
-2.30591 1.162979983613318e-02
-2.29169 1.153804909040815e-02
-2.27748 1.144625342573873e-02
-2.26326 1.135446674005287e-02
-2.24905 1.126273057960564e-02
-2.23483 1.117107025869941e-02
-2.22062 1.107949319192223e-02
-2.20641 1.098798972983549e-02
-2.19219 1.089653636851636e-02
-2.17798 1.080510079374010e-02
-2.16376 1.071364791560892e-02
-2.14955 1.062214591553220e-02
-2.13534 1.053057138733383e-02
-2.12112 1.043891288377585e-02
-2.10691 1.034717251781409e-02
-2.09269 1.025536563472908e-02
-2.07848 1.016351888948297e-02
-2.06426 1.007166727555705e-02
-2.05005 9.979850729359819e-03
-2.03584 9.888110881941638e-03
-2.02162 9.796488377167069e-03
-2.00741 9.705020968557611e-03
-1.99319 9.613742395831546e-03
-1.97898 9.522681870574760e-03
-1.96476 9.431863898509644e-03
-1.95055 9.341308145951813e-03
-1.93634 9.251029115071934e-03
-1.92212 9.161035506653769e-03
-1.90791 9.071329290703315e-03
-1.89369 8.981904641581752e-03
-1.87948 8.892746995080095e-03
-1.86527 8.803832527837882e-03
-1.85105 8.715128334355213e-03
-1.83684 8.626593486639349e-03
-1.82262 8.538181022125722e-03
-1.80841 8.449840742620059e-03
-1.79419 8.361522551462129e-03
-1.77998 8.273179938221837e-03
-1.76577 8.184773164146840e-03
-1.75155 8.096271720702252e-03
-1.73734 8.007655727894658e-03
-1.72312 7.918916095018972e-03
-1.70891 7.830053458885917e-03
-1.69469 7.741076111098283e-03
-1.68048 7.651997292402319e-03
-1.66627 7.562832338481816e-03
-1.65205 7.473596187000080e-03
-1.63784 7.384301692433172e-03
-1.62362 7.294959050155219e-03
-1.60941 7.205576425269268e-03
-1.59520 7.116161647042326e-03
-1.58098 7.026724605440671e-03
-1.56677 6.937279812129601e-03
-1.55255 6.847848499270668e-03
-1.53834 6.758459649526555e-03
-1.52412 6.669149488315888e-03
-1.50991 6.579959214392480e-03
-1.49570 6.490931067693480e-03
-1.48148 6.402103186927762e-03
-1.46727 6.313504033384714e-03
-1.45305 6.225147386060993e-03
-1.43884 6.137028984304149e-03
-1.42462 6.049125760134845e-03
-1.41041 5.961398241305034e-03
-1.39620 5.873796132879620e-03
-1.38198 5.786266362096069e-03
-1.36777 5.698762117190699e-03
-1.35355 5.611250803037459e-03
-1.33934 5.523718596097398e-03
-1.32513 5.436169628253505e-03
-1.31091 5.348618896475045e-03
-1.29670 5.261079714152655e-03
-1.28248 5.173548524705295e-03
-1.26827 5.085991530882953e-03
-1.25405 4.998338080834598e-03
-1.23984 4.910484548709794e-03
-1.22563 4.822309611531130e-03
-1.21141 4.733698195367402e-03
-1.19720 4.644568332687087e-03
-1.18298 4.554894032237977e-03
-1.16877 4.464718491099059e-03
-1.15455 4.374155001200324e-03
-1.14034 4.283376337166474e-03
-1.12613 4.192595527504505e-03
-1.11191 4.102042701238621e-03
-1.09770 4.011946128004191e-03
-1.08348 3.922520580610407e-03
-1.06927 3.833957617788456e-03
-1.05506 3.746419746838741e-03
-1.04084 3.660041047123194e-03
-1.02663 3.574929176483011e-03
-1.01241 3.491166495167450e-03
-0.99820 3.408811145384483e-03
-0.98398 3.327898384104111e-03
-0.96977 3.248442216522734e-03
-0.95556 3.170437558628649e-03
-0.94134 3.093863129881911e-03
-0.92713 3.018685041774364e-03
-0.91291 2.944860806402454e-03
-0.89870 2.872343366421854e-03
-0.88448 2.801084752902340e-03
-0.87027 2.731039061491657e-03
-0.85606 2.662164549732752e-03
-0.84184 2.594424773545382e-03
-0.82763 2.527788792508396e-03
-0.81341 2.462230578672477e-03
-0.79920 2.397727852664341e-03
-0.78498 2.334260628314838e-03
-0.77077 2.271809757896797e-03
-0.75656 2.210355726952967e-03
-0.74234 2.149877856012580e-03
-0.72813 2.090353945509491e-03
-0.71391 2.031760279924224e-03
-0.69970 1.974071821287846e-03
-0.68549 1.917262398645726e-03
-0.67127 1.861304751419726e-03
-0.65706 1.806170401270702e-03
-0.64284 1.751829476604375e-03
-0.62863 1.698250747706683e-03
-0.61441 1.645402197362531e-03
-0.60020 1.593252414275723e-03
-0.58599 1.541772945386209e-03
-0.57177 1.490941503955129e-03
-0.55756 1.440745659873329e-03
-0.54334 1.391186410739506e-03
-0.52913 1.342280916517302e-03
-0.51491 1.294063721293799e-03
-0.50070 1.246585986697050e-03
-0.48649 1.199912582828251e-03
-0.47227 1.154117249895893e-03
-0.45806 1.109276369321471e-03
-0.44384 1.065462090993686e-03
-0.42963 1.022735611780374e-03
-0.41542 9.811412935480999e-04
-0.40120 9.407020943292757e-04
-0.38699 9.014165382971125e-04
-0.37277 8.632572450066147e-04
-0.35856 8.261709285354654e-04
-0.34434 7.900797748200355e-04
-0.33013 7.548841794788972e-04
-0.31592 7.204669167490728e-04
-0.30170 6.866988432747116e-04
-0.28749 6.534461673617707e-04
-0.27327 6.205791222854624e-04
-0.25906 5.879816037376787e-04
-0.24484 5.555610354527786e-04
-0.23063 5.232574979968250e-04
-0.21642 4.910510677882638e-04
-0.20220 4.589664077475634e-04
-0.18799 4.270739234560739e-04
-0.17377 3.954872016292513e-04
-0.15956 3.643569038345500e-04
-0.14535 3.338617123737121e-04
-0.13113 3.041972451868861e-04
-0.11692 2.755640289335871e-04
-0.10270 2.481556337049694e-04
-0.08849 2.221479480610746e-04
-0.07427 1.976903485602753e-04
-0.06006 1.748992427752187e-04
-0.04585 1.538542074650564e-04
-0.03163 1.345970604680786e-04
-0.01742 1.171341128042658e-04
-0.00320 1.014334056808596e-04
0.01101 8.742575244022350e-05
0.02523 7.503082257024149e-05
0.03944 6.414900528555151e-05
0.05365 5.465974937690692e-05
0.06787 4.643608670274922e-05
0.08208 3.934935426368012e-05
0.09630 3.327269677650244e-05
0.11051 2.808446249467065e-05
0.12472 2.367076278632552e-05
0.13894 1.992716612177180e-05
0.15315 1.675962356283175e-05
0.16737 1.408475825234514e-05
0.18158 1.182966600714731e-05
0.19580 9.931373772967520e-06
0.21001 8.336091630469284e-06
0.22422 6.998376397530801e-06
0.23844 5.880304653322135e-06
0.25265 4.950733760802842e-06
0.26687 4.184713984307362e-06
0.28108 3.563105057709441e-06
0.29530 3.072447859196864e-06
0.30951 2.705147160801804e-06
0.32372 2.460035814308673e-06
0.33794 2.343415877999847e-06
0.35215 2.370710914134571e-06
0.36637 2.568920648066127e-06
0.38058 2.980151574288542e-06
0.39479 3.666615315314782e-06
0.40901 4.717654309589047e-06
0.42322 6.259587402096384e-06
0.43744 8.469478955640515e-06
0.45165 1.159432272046497e-05
0.46587 1.597755793533602e-05
0.48008 2.209519033896060e-05
0.49429 3.060385471135392e-05
0.50851 4.240259703008494e-05
0.52272 5.870866942707175e-05
0.53694 8.114534371324742e-05
0.55115 1.118377626991278e-04
0.56537 1.535130215926399e-04
0.57958 2.096027972420940e-04
0.59379 2.843445910562135e-04
0.60801 3.828715182399924e-04
0.62222 5.113430511958334e-04
0.63644 6.777825455210781e-04
0.65065 1.695444258908441e-03
0.66486 1.511071062028544e-03
0.67908 1.518025282785455e-03
0.69329 1.930684855050234e-03
0.70751 2.366103753749199e-03
0.72172 2.779785700589131e-03
0.73594 3.167554456617365e-03
0.75015 3.565333102829530e-03
0.76436 3.995730981302834e-03
0.77858 4.433822032176820e-03
0.79279 4.836577716877038e-03
0.80701 5.191265653917638e-03
0.82122 5.520539988034540e-03
0.83544 5.844278514012873e-03
0.84965 6.152386412060719e-03
0.86386 6.424863049519580e-03
0.87808 6.668689261762050e-03
0.89229 6.917685857224919e-03
0.90651 7.197157765369159e-03
0.92072 7.502744533275067e-03
0.93493 7.815180449723241e-03
0.94915 8.125300383403193e-03
0.96336 8.441626230534465e-03
0.97758 8.779967297234523e-03
0.99179 9.150307035234015e-03
1.00601 9.552265772998923e-03
1.02022 9.979534027902252e-03
1.03443 1.042727148772351e-02
1.04865 1.089785769466219e-02
1.06286 1.142748475376211e-02
1.07708 1.224244899173861e-02
1.09129 1.371688432856953e-02
1.10551 1.559197081423656e-02
1.11972 1.681638427252467e-02
1.13393 1.687966600960775e-02
1.14815 1.723335000516934e-02
1.16236 1.802167802528643e-02
1.17658 1.849478981524376e-02
1.19079 1.875232366521917e-02
1.20501 1.913601677078536e-02
1.21922 1.968028833514065e-02
1.23343 2.025818775575778e-02
1.24765 2.080731360157628e-02
1.26186 2.134919888089140e-02
1.27608 2.192240066027511e-02
1.29029 2.254043044796930e-02
1.30450 2.318830906448248e-02
1.31872 2.383832317410089e-02
1.33293 2.446713619058331e-02
1.34715 2.506505861008825e-02
1.36136 2.563610056045405e-02
1.37558 2.619202414010144e-02
1.38979 2.674483130459679e-02
1.40400 2.730119339567618e-02
1.41822 2.786055876396660e-02
1.43243 2.841687974906748e-02
1.44665 2.896255961168442e-02
1.46086 2.949263586190601e-02
1.47508 3.000745538415983e-02
1.48929 3.051294216952737e-02
1.50350 3.101860757407279e-02
1.51772 3.153429433255287e-02
1.53193 3.206700779052135e-02
1.54615 3.261900894217235e-02
1.56036 3.318775920867240e-02
1.57457 3.376757602410595e-02
1.58879 3.435226032640953e-02
1.60300 3.493769079334736e-02
1.61722 3.552350192748469e-02
1.63143 3.611338357833676e-02
1.64565 3.671406998195784e-02
1.65986 3.733352250249736e-02
1.67407 3.797901162786509e-02
1.68829 3.865573952608944e-02
1.70250 3.936638685635545e-02
1.71672 4.011164252157706e-02
1.73093 4.089149928368278e-02
1.74515 4.170693464285855e-02
1.75936 4.256154640471550e-02
1.77357 4.346273960942552e-02
1.78779 4.442212931764016e-02
1.80200 4.545492283679123e-02
1.81622 4.657819341441328e-02
1.83043 4.780816931053992e-02
1.84464 4.915691278774553e-02
1.85886 5.062900635689842e-02
1.87307 5.221907929296258e-02
1.88729 5.391107399984064e-02
1.90150 5.567949528816007e-02
1.91572 5.749087412134922e-02
1.92993 5.930169695678108e-02
1.94414 6.105115393620301e-02
1.95836 6.265389774876075e-02
1.97257 6.400279543630163e-02
1.98679 6.499483230153989e-02
2.00100 6.559659098348262e-02
2.01522 6.591970721252674e-02
2.02943 6.618867590863485e-02
2.04364 6.653952106606235e-02
2.05786 6.672760270988255e-02
2.07207 6.631353107791495e-02
2.08629 6.551331199550513e-02
2.10050 6.487047084128654e-02
2.11471 6.448746112592375e-02
2.12893 6.422310526570076e-02
2.14314 6.398595485616344e-02
2.15736 6.378487407830852e-02
2.17157 6.367260253533485e-02
2.18579 6.370984076610219e-02
2.20000 6.395962378234193e-02
