-12.00000 3.60084e-38
-11.98579 2.14479e-37
-11.97157 1.27096e-36
-11.95736 7.49153e-36
-11.94314 4.39213e-35
-11.92893 2.56131e-34
-11.91471 1.48592e-33
-11.90050 8.57784e-33
-11.88629 4.92869e-32
-11.87207 2.81961e-31
-11.85786 1.60647e-30
-11.84364 9.11719e-30
-11.82943 5.15450e-29
-11.81522 2.90275e-28
-11.80100 1.62786e-27
-11.78679 9.08716e-27
-11.77257 5.04680e-26
-11.75836 2.78693e-25
-11.74414 1.52934e-24
-11.72993 8.33537e-24
-11.71572 4.51031e-23
-11.70150 2.42226e-22
-11.68729 1.29089e-21
-11.67307 6.82603e-21
-11.65886 3.58127e-20
-11.64464 1.86414e-19
-11.63043 9.62687e-19
-11.61622 4.93250e-18
-11.60200 2.50774e-17
-11.58779 1.26551e-16
-11.57357 6.34188e-16
-11.55936 3.15779e-15
-11.54515 1.56281e-14
-11.53093 7.68531e-14
-11.51672 3.74992e-13
-11.50250 1.81035e-12
-11.48829 8.61402e-12
-11.47407 4.02438e-11
-11.45986 1.84210e-10
-11.44565 8.26764e-10
-11.43143 3.64974e-09
-11.41722 1.58836e-08
-11.40300 6.80086e-08
-11.38879 2.85384e-07
-11.37457 1.17290e-06
-11.36036 4.64324e-06
-11.34615 1.65261e-05
-11.33193 4.79883e-05
-11.31772 1.07526e-04
-11.30350 1.89524e-04
-11.28929 2.83980e-04
-11.27508 3.90818e-04
-11.26086 5.09461e-04
-11.24665 6.31953e-04
-11.23243 7.53368e-04
-11.21822 8.76594e-04
-11.20400 1.00638e-03
-11.18979 1.14356e-03
-11.17558 1.28500e-03
-11.16136 1.42710e-03
-11.14715 1.56872e-03
-11.13293 1.71139e-03
-11.11872 1.85737e-03
-11.10450 2.00768e-03
-11.09029 2.16145e-03
-11.07608 2.31663e-03
-11.06186 2.47117e-03
-11.04765 2.62399e-03
-11.03343 2.77531e-03
-11.01922 2.92625e-03
-11.00501 3.07820e-03
-10.99079 3.23214e-03
-10.97658 3.38825e-03
-10.96236 3.54587e-03
-10.94815 3.70389e-03
-10.93393 3.86115e-03
-10.91972 4.01692e-03
-10.90551 4.17107e-03
-10.89129 4.32407e-03
-10.87708 4.47678e-03
-10.86286 4.63009e-03
-10.84865 4.78462e-03
-10.83443 4.94056e-03
-10.82022 5.09761e-03
-10.80601 5.25510e-03
-10.79179 5.41217e-03
-10.77758 5.56804e-03
-10.76336 5.72217e-03
-10.74915 5.87436e-03
-10.73493 6.02479e-03
-10.72072 6.17390e-03
-10.70651 6.32227e-03
-10.69229 6.47045e-03
-10.67808 6.61881e-03
-10.66386 6.76751e-03
-10.64965 6.91639e-03
-10.63544 7.06510e-03
-10.62122 7.21315e-03
-10.60701 7.36005e-03
-10.59279 7.50540e-03
-10.57858 7.64896e-03
-10.56436 7.79075e-03
-10.55015 7.93101e-03
-10.53594 8.07013e-03
-10.52172 8.20860e-03
-10.50751 8.34691e-03
-10.49329 8.48544e-03
-10.47908 8.62441e-03
-10.46486 8.76384e-03
-10.45065 8.90353e-03
-10.43644 9.04313e-03
-10.42222 9.18219e-03
-10.40801 9.32023e-03
-10.39379 9.45682e-03
-10.37958 9.59167e-03
-10.36537 9.72462e-03
-10.35115 9.85571e-03
-10.33694 9.98512e-03
-10.32272 1.01132e-02
-10.30851 1.02402e-02
-10.29429 1.03666e-02
-10.28008 1.04927e-02
-10.26587 1.06187e-02
-10.25165 1.07446e-02
-10.23744 1.08705e-02
-10.22322 1.09961e-02
-10.20901 1.11212e-02
-10.19479 1.12454e-02
-10.18058 1.13685e-02
-10.16637 1.14902e-02
-10.15215 1.16103e-02
-10.13794 1.17288e-02
-10.12372 1.18457e-02
-10.10951 1.19614e-02
-10.09530 1.20759e-02
-10.08108 1.21896e-02
-10.06687 1.23029e-02
-10.05265 1.24161e-02
-10.03844 1.25293e-02
-10.02422 1.26429e-02
-10.01001 1.27567e-02
-9.99580 1.28708e-02
-9.98158 1.29851e-02
-9.96737 1.30994e-02
-9.95315 1.32134e-02
-9.93894 1.33270e-02
-9.92472 1.34400e-02
-9.91051 1.35523e-02
-9.89630 1.36639e-02
-9.88208 1.37748e-02
-9.86787 1.38852e-02
-9.85365 1.39952e-02
-9.83944 1.41052e-02
-9.82523 1.42155e-02
-9.81101 1.43262e-02
-9.79680 1.44376e-02
-9.78258 1.45499e-02
-9.76837 1.46632e-02
-9.75415 1.47774e-02
-9.73994 1.48926e-02
-9.72573 1.50084e-02
-9.71151 1.51249e-02
-9.69730 1.52418e-02
-9.68308 1.53589e-02
-9.66887 1.54761e-02
-9.65465 1.55933e-02
-9.64044 1.57106e-02
-9.62623 1.58279e-02
-9.61201 1.59455e-02
-9.59780 1.60636e-02
-9.58358 1.61825e-02
-9.56937 1.63026e-02
-9.55516 1.64242e-02
-9.54094 1.65476e-02
-9.52673 1.66733e-02
-9.51251 1.68014e-02
-9.49830 1.69322e-02
-9.48408 1.70658e-02
-9.46987 1.72025e-02
-9.45566 1.73422e-02
-9.44144 1.74851e-02
-9.42723 1.76313e-02
-9.41301 1.77809e-02
-9.39880 1.79344e-02
-9.38458 1.80923e-02
-9.37037 1.82554e-02
-9.35616 1.84250e-02
-9.34194 1.86029e-02
-9.32773 1.87905e-02
-9.31351 1.89895e-02
-9.29930 1.92026e-02
-9.28509 1.94369e-02
-9.27087 1.97067e-02
-9.25666 2.00295e-02
-9.24244 2.04098e-02
-9.22823 2.08235e-02
-9.21401 2.12236e-02
-9.19980 2.15673e-02
-9.18559 2.18303e-02
-9.17137 2.19931e-02
-9.15716 2.20369e-02
-9.14294 2.19683e-02
-9.12873 2.18353e-02
-9.11451 2.17003e-02
-9.10030 2.15993e-02
-9.08609 2.15325e-02
-9.07187 2.14823e-02
-9.05766 2.14332e-02
-9.04344 2.13785e-02
-9.02923 2.13180e-02
-9.01502 2.12531e-02
-9.00080 2.11847e-02
-8.98659 2.11124e-02
-8.97237 2.10349e-02
-8.95816 2.09513e-02
-8.94394 2.08621e-02
-8.92973 2.07690e-02
-8.91552 2.06747e-02
-8.90130 2.05814e-02
-8.88709 2.04904e-02
-8.87287 2.04017e-02
-8.85866 2.03144e-02
-8.84444 2.02270e-02
-8.83023 2.01381e-02
-8.81602 2.00470e-02
-8.80180 1.99540e-02
-8.78759 1.98595e-02
-8.77337 1.97645e-02
-8.75916 1.96697e-02
-8.74494 1.95754e-02
-8.73073 1.94814e-02
-8.71652 1.93872e-02
-8.70230 1.92917e-02
-8.68809 1.91943e-02
-8.67387 1.90944e-02
-8.65966 1.89919e-02
-8.64545 1.88870e-02
-8.63123 1.87803e-02
-8.61702 1.86726e-02
-8.60280 1.85645e-02
-8.58859 1.84566e-02
-8.57437 1.83490e-02
-8.56016 1.82417e-02
-8.54595 1.81342e-02
-8.53173 1.80260e-02
-8.51752 1.79166e-02
-8.50330 1.78055e-02
-8.48909 1.76922e-02
-8.47487 1.75767e-02
-8.46066 1.74589e-02
-8.44645 1.73391e-02
-8.43223 1.72176e-02
-8.41802 1.70943e-02
-8.40380 1.69697e-02
-8.38959 1.68437e-02
-8.37538 1.67162e-02
-8.36116 1.65873e-02
-8.34695 1.64567e-02
-8.33273 1.63245e-02
-8.31852 1.61904e-02
-8.30430 1.60547e-02
-8.29009 1.59175e-02
-8.27588 1.57788e-02
-8.26166 1.56390e-02
-8.24745 1.54981e-02
-8.23323 1.53562e-02
-8.21902 1.52132e-02
-8.20480 1.50689e-02
-8.19059 1.49232e-02
-8.17638 1.47754e-02
-8.16216 1.46254e-02
-8.14795 1.44727e-02
-8.13373 1.43171e-02
-8.11952 1.41586e-02
-8.10531 1.39973e-02
-8.09109 1.38333e-02
-8.07688 1.36670e-02
-8.06266 1.34986e-02
-8.04845 1.33282e-02
-8.03423 1.31558e-02
-8.02002 1.29808e-02
-8.00581 1.28027e-02
-7.99159 1.26204e-02
-7.97738 1.24328e-02
-7.96316 1.22386e-02
-7.94895 1.20370e-02
-7.93473 1.18271e-02
-7.92052 1.16086e-02
-7.90631 1.13818e-02
-7.89209 1.11471e-02
-7.87788 1.09052e-02
-7.86366 1.06568e-02
-7.84945 1.04023e-02
-7.83524 1.01419e-02
-7.82102 9.87549e-03
-7.80681 9.60363e-03
-7.79259 9.32780e-03
-7.77838 9.05113e-03
-7.76416 8.77853e-03
-7.74995 8.51592e-03
-7.73574 8.26863e-03
-7.72152 8.03945e-03
-7.70731 7.82748e-03
-7.69309 7.62927e-03
-7.67888 7.44295e-03
-7.66466 7.27401e-03
-7.65045 7.13734e-03
-7.63624 7.04894e-03
-7.62202 7.00653e-03
-7.60781 6.97828e-03
-7.59359 6.94414e-03
-7.57938 6.97327e-03
-7.56517 7.08181e-03
-7.55095 6.94567e-03
-7.53674 6.36586e-03
-7.52252 5.75740e-03
-7.50831 5.42020e-03
-7.49409 5.27171e-03
-7.47988 5.29659e-03
-7.46567 5.45276e-03
-7.45145 5.55681e-03
-7.43724 5.51483e-03
-7.42302 5.40980e-03
-7.40881 5.35086e-03
-7.39459 5.36488e-03
-7.38038 5.42262e-03
-7.36617 5.49381e-03
-7.35195 5.56758e-03
-7.33774 5.64900e-03
-7.32352 5.74923e-03
-7.30931 5.87717e-03
-7.29510 6.03553e-03
-7.28088 6.22133e-03
-7.26667 6.42881e-03
-7.25245 6.65252e-03
-7.23824 6.88919e-03
-7.22402 7.13799e-03
-7.20981 7.39965e-03
-7.19560 7.67523e-03
-7.18138 7.96511e-03
-7.16717 8.26860e-03
-7.15295 8.58406e-03
-7.13874 8.90936e-03
-7.12452 9.24239e-03
-7.11031 9.58150e-03
-7.09610 9.92559e-03
-7.08188 1.02740e-02
-7.06767 1.06265e-02
-7.05345 1.09824e-02
-7.03924 1.13411e-02
-7.02503 1.17015e-02
-7.01081 1.20622e-02
-6.99660 1.24217e-02
-6.98238 1.27789e-02
-6.96817 1.31330e-02
-6.95395 1.34843e-02
-6.93974 1.38338e-02
-6.92553 1.41836e-02
-6.91131 1.45363e-02
-6.89710 1.48951e-02
-6.88288 1.52632e-02
-6.86867 1.56433e-02
-6.85445 1.60377e-02
-6.84024 1.64479e-02
-6.82603 1.68747e-02
-6.81181 1.73186e-02
-6.79760 1.77802e-02
-6.78338 1.82609e-02
-6.76917 1.87634e-02
-6.75495 1.92930e-02
-6.74074 1.98576e-02
-6.72653 2.04680e-02
-6.71231 2.11382e-02
-6.69810 2.18847e-02
-6.68388 2.27269e-02
-6.66967 2.36890e-02
-6.65546 2.48071e-02
-6.64124 2.61428e-02
-6.62703 2.78031e-02
-6.61281 2.99544e-02
-6.59860 3.28201e-02
-6.58438 3.67132e-02
-6.57017 4.25094e-02
-6.55596 5.20580e-02
-6.54174 6.10050e-02
-6.52753 6.61336e-02
-6.51331 7.51931e-02
-6.49910 8.37228e-02
-6.48488 8.77103e-02
-6.47067 1.11169e-01
-6.45646 7.44999e-02
-6.44224 6.96369e-02
-6.42803 6.47983e-02
-6.41381 6.02112e-02
-6.39960 5.63917e-02
-6.38539 5.34084e-02
-6.37117 5.10756e-02
-6.35696 4.91583e-02
-6.34274 4.74841e-02
-6.32853 4.59624e-02
-6.31431 4.45594e-02
-6.30010 4.32666e-02
-6.28589 4.20808e-02
-6.27167 4.09950e-02
-6.25746 3.99983e-02
-6.24324 3.90778e-02
-6.22903 3.82213e-02
-6.21481 3.74186e-02
-6.20060 3.66621e-02
-6.18639 3.59462e-02
-6.17217 3.52672e-02
-6.15796 3.46221e-02
-6.14374 3.40086e-02
-6.12953 3.34242e-02
-6.11532 3.28668e-02
-6.10110 3.23339e-02
-6.08689 3.18234e-02
-6.07267 3.13330e-02
-6.05846 3.08610e-02
-6.04424 3.04057e-02
-6.03003 2.99655e-02
-6.01582 2.95392e-02
-6.00160 2.91260e-02
-5.98739 2.87249e-02
-5.97317 2.83354e-02
-5.95896 2.79568e-02
-5.94474 2.75887e-02
-5.93053 2.72308e-02
-5.91632 2.68827e-02
-5.90210 2.65441e-02
-5.88789 2.62147e-02
-5.87367 2.58941e-02
-5.85946 2.55821e-02
-5.84525 2.52784e-02
-5.83103 2.49824e-02
-5.81682 2.46939e-02
-5.80260 2.44125e-02
-5.78839 2.41376e-02
-5.77417 2.38689e-02
-5.75996 2.36061e-02
-5.74575 2.33486e-02
-5.73153 2.30962e-02
-5.71732 2.28484e-02
-5.70310 2.26052e-02
-5.68889 2.23661e-02
-5.67467 2.21311e-02
-5.66046 2.19001e-02
-5.64625 2.16728e-02
-5.63203 2.14493e-02
-5.61782 2.12295e-02
-5.60360 2.10134e-02
-5.58939 2.08011e-02
-5.57518 2.05924e-02
-5.56096 2.03874e-02
-5.54675 2.01861e-02
-5.53253 1.99884e-02
-5.51832 1.97942e-02
-5.50410 1.96035e-02
-5.48989 1.94161e-02
-5.47568 1.92319e-02
-5.46146 1.90508e-02
-5.44725 1.88727e-02
-5.43303 1.86972e-02
-5.41882 1.85244e-02
-5.40460 1.83539e-02
-5.39039 1.81857e-02
-5.37618 1.80197e-02
-5.36196 1.78557e-02
-5.34775 1.76937e-02
-5.33353 1.75335e-02
-5.31932 1.73751e-02
-5.30511 1.72186e-02
-5.29089 1.70638e-02
-5.27668 1.69108e-02
-5.26246 1.67597e-02
-5.24825 1.66104e-02
-5.23403 1.64630e-02
-5.21982 1.63175e-02
-5.20561 1.61738e-02
-5.19139 1.60321e-02
-5.17718 1.58923e-02
-5.16296 1.57544e-02
-5.14875 1.56183e-02
-5.13453 1.54841e-02
-5.12032 1.53515e-02
-5.10611 1.52207e-02
-5.09189 1.50914e-02
-5.07768 1.49636e-02
-5.06346 1.48372e-02
-5.04925 1.47121e-02
-5.03504 1.45883e-02
-5.02082 1.44656e-02
-5.00661 1.43440e-02
-4.99239 1.42234e-02
-4.97818 1.41038e-02
-4.96396 1.39851e-02
-4.94975 1.38674e-02
-4.93554 1.37506e-02
-4.92132 1.36348e-02
-4.90711 1.35200e-02
-4.89289 1.34062e-02
-4.87868 1.32934e-02
-4.86446 1.31816e-02
-4.85025 1.30710e-02
-4.83604 1.29615e-02
-4.82182 1.28532e-02
-4.80761 1.27460e-02
-4.79339 1.26400e-02
-4.77918 1.25352e-02
-4.76496 1.24315e-02
-4.75075 1.23290e-02
-4.73654 1.22276e-02
-4.72232 1.21273e-02
-4.70811 1.20281e-02
-4.69389 1.19297e-02
-4.67968 1.18324e-02
-4.66547 1.17359e-02
-4.65125 1.16402e-02
-4.63704 1.15453e-02
-4.62282 1.14511e-02
-4.60861 1.13576e-02
-4.59439 1.12647e-02
-4.58018 1.11725e-02
-4.56597 1.10809e-02
-4.55175 1.09900e-02
-4.53754 1.08996e-02
-4.52332 1.08100e-02
-4.50911 1.07209e-02
-4.49489 1.06326e-02
-4.48068 1.05450e-02
-4.46647 1.04581e-02
-4.45225 1.03721e-02
-4.43804 1.02868e-02
-4.42382 1.02023e-02
-4.40961 1.01187e-02
-4.39540 1.00360e-02
-4.38118 9.95414e-03
-4.36697 9.87316e-03
-4.35275 9.79305e-03
-4.33854 9.71381e-03
-4.32432 9.63543e-03
-4.31011 9.55791e-03
-4.29590 9.48126e-03
-4.28168 9.40549e-03
-4.26747 9.33068e-03
-4.25325 9.25693e-03
-4.23904 9.18448e-03
-4.22482 9.11371e-03
-4.21061 9.04526e-03
-4.19640 8.98023e-03
-4.18218 8.92042e-03
-4.16797 8.86888e-03
-4.15375 8.83085e-03
-4.13954 8.81544e-03
-4.12533 8.83886e-03
-4.11111 8.92956e-03
-4.09690 9.13655e-03
-4.08268 9.54106e-03
-4.06847 1.02716e-02
-4.05425 1.15206e-02
-4.04004 1.36416e-02
-4.02583 1.77210e-02
-4.01161 2.41692e-02
-3.99740 2.88164e-02
-3.98318 3.20887e-02
-3.96897 3.65090e-02
-3.95475 4.05658e-02
-3.94054 4.36074e-02
-3.92633 4.60841e-02
-3.91211 4.85835e-02
-3.89790 5.13719e-02
-3.88368 5.43960e-02
-3.86947 5.75212e-02
-3.85526 6.06930e-02
-3.84104 6.39501e-02
-3.82683 6.73896e-02
-3.81261 7.11520e-02
-3.79840 7.53730e-02
-3.78418 7.99965e-02
-3.76997 8.45156e-02
-3.75576 8.79854e-02
-3.74154 8.95560e-02
-3.72733 8.91497e-02
-3.71311 8.75554e-02
-3.69890 8.58022e-02
-3.68468 8.44795e-02
-3.67047 8.35998e-02
-3.65626 8.29029e-02
-3.64204 8.21659e-02
-3.62783 8.13082e-02
-3.61361 8.03514e-02
-3.59940 7.93556e-02
-3.58519 7.83784e-02
-3.57097 7.74600e-02
-3.55676 7.66219e-02
-3.54254 7.58709e-02
-3.52833 7.52045e-02
-3.51411 7.46152e-02
-3.49990 7.40935e-02
-3.48569 7.36292e-02
-3.47147 7.32115e-02
-3.45726 7.28301e-02
-3.44304 7.24768e-02
-3.42883 7.21463e-02
-3.41461 7.18376e-02
-3.40040 7.15528e-02
-3.38619 7.12963e-02
-3.37197 7.10727e-02
-3.35776 7.08858e-02
-3.34354 7.07381e-02
-3.32933 7.06310e-02
-3.31512 7.05653e-02
-3.30090 7.05415e-02
-3.28669 7.05597e-02
-3.27247 7.06192e-02
-3.25826 7.07186e-02
-3.24404 7.08553e-02
-3.22983 7.10253e-02
-3.21562 7.12236e-02
-3.20140 7.14443e-02
-3.18719 7.16811e-02
-3.17297 7.19282e-02
-3.15876 7.21805e-02
-3.14454 7.24347e-02
-3.13033 7.26893e-02
-3.11612 7.29449e-02
-3.10190 7.32042e-02
-3.08769 7.34712e-02
-3.07347 7.37513e-02
-3.05926 7.40500e-02
-3.04505 7.43722e-02
-3.03083 7.47222e-02
-3.01662 7.51025e-02
-3.00240 7.55141e-02
-2.98819 7.59563e-02
-2.97397 7.64269e-02
-2.95976 7.69227e-02
-2.94555 7.74398e-02
-2.93133 7.79742e-02
-2.91712 7.85220e-02
-2.90290 7.90806e-02
-2.88869 7.96488e-02
-2.87447 8.02278e-02
-2.86026 8.08223e-02
-2.84605 8.14407e-02
-2.83183 8.20963e-02
-2.81762 8.28071e-02
-2.80340 8.35950e-02
-2.78919 8.44841e-02
-2.77497 8.54981e-02
-2.76076 8.66562e-02
-2.74655 8.79669e-02
-2.73233 8.94220e-02
-2.71812 9.09902e-02
-2.70390 9.26138e-02
-2.68969 9.42127e-02
-2.67548 9.56971e-02
-2.66126 9.69996e-02
-2.64705 9.81951e-02
-2.63283 9.99824e-02
-2.61862 1.04107e-01
-2.60440 1.10356e-01
-2.59019 1.13698e-01
-2.57598 1.12852e-01
-2.56176 1.12096e-01
-2.54755 1.12465e-01
-2.53333 1.12726e-01
-2.51912 1.12431e-01
-2.50490 1.11812e-01
-2.49069 1.11218e-01
-2.47648 1.10806e-01
-2.46226 1.10525e-01
-2.44805 1.10250e-01
-2.43383 1.09895e-01
-2.41962 1.09445e-01
-2.40541 1.08943e-01
-2.39119 1.08453e-01
-2.37698 1.08022e-01
-2.36276 1.07658e-01
-2.34855 1.07332e-01
-2.33433 1.07003e-01
-2.32012 1.06636e-01
-2.30591 1.06224e-01
-2.29169 1.05782e-01
-2.27748 1.05339e-01
-2.26326 1.04925e-01
-2.24905 1.04554e-01
-2.23483 1.04220e-01
-2.22062 1.03904e-01
-2.20641 1.03577e-01
-2.19219 1.03216e-01
-2.17798 1.02807e-01
-2.16376 1.02352e-01
-2.14955 1.01864e-01
-2.13534 1.01367e-01
-2.12112 1.00885e-01
-2.10691 1.00437e-01
-2.09269 1.00036e-01
-2.07848 9.96813e-02
-2.06426 9.93664e-02
-2.05005 9.90782e-02
-2.03584 9.88016e-02
-2.02162 9.85229e-02
-2.00741 9.82322e-02
-1.99319 9.79245e-02
-1.97898 9.75993e-02
-1.96476 9.72598e-02
-1.95055 9.69109e-02
-1.93634 9.65578e-02
-1.92212 9.62048e-02
-1.90791 9.58545e-02
-1.89369 9.55074e-02
-1.87948 9.51626e-02
-1.86527 9.48179e-02
-1.85105 9.44707e-02
-1.83684 9.41187e-02
-1.82262 9.37603e-02
-1.80841 9.33945e-02
-1.79419 9.30219e-02
-1.77998 9.26437e-02
-1.76577 9.22622e-02
-1.75155 9.18801e-02
-1.73734 9.15008e-02
-1.72312 9.11278e-02
-1.70891 9.07647e-02
-1.69469 9.04146e-02
-1.68048 9.00805e-02
-1.66627 8.97643e-02
-1.65205 8.94672e-02
-1.63784 8.91890e-02
-1.62362 8.89282e-02
-1.60941 8.86818e-02
-1.59520 8.84456e-02
-1.58098 8.82144e-02
-1.56677 8.79826e-02
-1.55255 8.77446e-02
-1.53834 8.74958e-02
-1.52412 8.72331e-02
-1.50991 8.69554e-02
-1.49570 8.66635e-02
-1.48148 8.63604e-02
-1.46727 8.60502e-02
-1.45305 8.57372e-02
-1.43884 8.54252e-02
-1.42462 8.51163e-02
-1.41041 8.48102e-02
-1.39620 8.45045e-02
-1.38198 8.41951e-02
-1.36777 8.38779e-02
-1.35355 8.35499e-02
-1.33934 8.32107e-02
-1.32513 8.28627e-02
-1.31091 8.25104e-02
-1.29670 8.21576e-02
-1.28248 8.18065e-02
-1.26827 8.14578e-02
-1.25405 8.11144e-02
-1.23984 8.07848e-02
-1.22563 8.04806e-02
-1.21141 8.02006e-02
-1.19720 7.99118e-02
-1.18298 7.95415e-02
-1.16877 7.89851e-02
-1.15455 7.81277e-02
-1.14034 7.69997e-02
-1.12613 7.62468e-02
-1.11191 7.64091e-02
-1.09770 7.45597e-02
-1.08348 7.02829e-02
-1.06927 6.69798e-02
-1.05506 6.45293e-02
-1.04084 6.21950e-02
-1.02663 5.99998e-02
-1.01241 5.81183e-02
-0.99820 5.65255e-02
-0.98398 5.50542e-02
-0.96977 5.35712e-02
-0.95556 5.20616e-02
-0.94134 5.05931e-02
-0.92713 4.92344e-02
-0.91291 4.80031e-02
-0.89870 4.68660e-02
-0.88448 4.57719e-02
-0.87027 4.46857e-02
-0.85606 4.36019e-02
-0.84184 4.25376e-02
-0.82763 4.15160e-02
-0.81341 4.05506e-02
-0.79920 3.96391e-02
-0.78498 3.87657e-02
-0.77077 3.79099e-02
-0.75656 3.70557e-02
-0.74234 3.61970e-02
-0.72813 3.53380e-02
-0.71391 3.44898e-02
-0.69970 3.36641e-02
-0.68549 3.28688e-02
-0.67127 3.21055e-02
-0.65706 3.13697e-02
-0.64284 3.06538e-02
-0.62863 2.99505e-02
-0.61441 2.92553e-02
-0.60020 2.85679e-02
-0.58599 2.78914e-02
-0.57177 2.72301e-02
-0.55756 2.65876e-02
-0.54334 2.59649e-02
-0.52913 2.53595e-02
-0.51491 2.47664e-02
-0.50070 2.41797e-02
-0.48649 2.35946e-02
-0.47227 2.30088e-02
-0.45806 2.24232e-02
-0.44384 2.18414e-02
-0.42963 2.12682e-02
-0.41542 2.07075e-02
-0.40120 2.01605e-02
-0.38699 1.96252e-02
-0.37277 1.90958e-02
-0.35856 1.85651e-02
-0.34434 1.80265e-02
-0.33013 1.74774e-02
-0.31592 1.69210e-02
-0.30170 1.63668e-02
-0.28749 1.58268e-02
-0.27327 1.53098e-02
-0.25906 1.48142e-02
-0.24484 1.43239e-02
-0.23063 1.38114e-02
-0.21642 1.32494e-02
-0.20220 1.26298e-02
-0.18799 1.19795e-02
-0.17377 1.13600e-02
-0.15956 1.08376e-02
-0.14535 1.04330e-02
-0.13113 1.00877e-02
-0.11692 9.68632e-03
-0.10270 9.12941e-03
-0.08849 8.39809e-03
-0.07427 7.56432e-03
-0.06006 6.85178e-03
-0.04585 6.77298e-03
-0.03163 7.13292e-03
-0.01742 6.17861e-03
-0.00320 3.98989e-03
0.01101 2.35798e-03
0.02523 1.52937e-03
0.03944 1.05344e-03
0.05365 7.38015e-04
0.06787 5.24577e-04
0.08208 3.79477e-04
0.09630 2.79232e-04
0.11051 2.08336e-04
0.12472 1.56994e-04
0.13894 1.19100e-04
0.15315 9.07831e-05
0.16737 6.94735e-05
0.18158 5.33781e-05
0.19580 4.11931e-05
0.21001 3.19495e-05
0.22422 2.49211e-05
0.23844 1.95635e-05
0.25265 1.54697e-05
0.26687 1.23369e-05
0.28108 9.94157e-06
0.29530 8.12055e-06
0.30951 6.75764e-06
0.32372 5.77390e-06
0.33794 5.12130e-06
0.35215 4.77924e-06
0.36637 4.75351e-06
0.38058 5.07775e-06
0.39479 5.81772e-06
0.40901 7.07867e-06
0.42322 9.01712e-06
0.43744 1.18582e-05
0.45165 1.59206e-05
0.46587 2.16518e-05
0.48008 2.96744e-05
0.49429 4.08458e-05
0.50851 5.63268e-05
0.52272 7.76532e-05
0.53694 1.06799e-04
0.55115 1.46233e-04
0.56537 1.99008e-04
0.57958 2.69011e-04
0.59379 3.61577e-04
0.60801 4.85152e-04
0.62222 6.55665e-04
0.63644 8.99808e-04
0.65065 1.80764e-03
0.66486 1.83028e-03
0.67908 1.85859e-03
0.69329 2.01681e-03
0.70751 2.15726e-03
0.72172 2.36198e-03
0.73594 2.63201e-03
0.75015 2.93712e-03
0.76436 3.25838e-03
0.77858 3.59261e-03
0.79279 3.94097e-03
0.80701 5.97256e-03
0.82122 4.63402e-03
0.83544 4.94273e-03
0.84965 5.21743e-03
0.86386 5.46439e-03
0.87808 5.69621e-03
0.89229 5.92934e-03
0.90651 6.17466e-03
0.92072 6.43018e-03
0.93493 6.68609e-03
0.94915 6.93456e-03
0.96336 7.17383e-03
0.97758 7.40609e-03
0.99179 7.63419e-03
1.00601 7.86009e-03
1.02022 8.08517e-03
1.03443 8.31138e-03
1.04865 8.54173e-03
1.06286 8.78015e-03
1.07708 9.03468e-03
1.09129 9.35054e-03
1.10551 9.87255e-03
1.11972 1.04043e-02
1.13393 1.04289e-02
1.14815 1.06406e-02
1.16236 1.09395e-02
1.17658 1.12235e-02
1.19079 1.14984e-02
1.20501 1.17933e-02
1.21922 1.21066e-02
1.23343 1.24145e-02
1.24765 1.27051e-02
1.26186 1.29895e-02
1.27608 1.32831e-02
1.29029 1.35904e-02
1.30450 1.39067e-02
1.31872 1.42256e-02
1.33293 1.45425e-02
1.34715 1.48562e-02
1.36136 1.51682e-02
1.37558 1.54814e-02
1.38979 1.57988e-02
1.40400 1.61221e-02
1.41822 1.64511e-02
1.43243 1.67847e-02
1.44665 1.71214e-02
1.46086 1.74603e-02
1.47508 1.78019e-02
1.48929 1.81475e-02
1.50350 1.84993e-02
1.51772 1.88597e-02
1.53193 1.92300e-02
1.54615 1.96112e-02
1.56036 2.00032e-02
1.57457 2.04053e-02
1.58879 2.08168e-02
1.60300 2.12369e-02
1.61722 2.16654e-02
1.63143 2.21023e-02
1.64565 2.25476e-02
1.65986 2.30013e-02
1.67407 2.34633e-02
1.68829 2.39333e-02
1.70250 2.44110e-02
1.71672 2.48966e-02
1.73093 2.53914e-02
1.74515 2.58984e-02
1.75936 2.64223e-02
1.77357 2.69700e-02
1.78779 2.75503e-02
1.80200 2.81729e-02
1.81622 2.88476e-02
1.83043 2.95824e-02
1.84464 3.03817e-02
1.85886 3.12445e-02
1.87307 3.21625e-02
1.88729 3.31202e-02
1.90150 3.40951e-02
1.91572 3.50603e-02
1.92993 3.59858e-02
1.94414 3.68413e-02
1.95836 3.76007e-02
1.97257 3.82530e-02
1.98679 3.88198e-02
2.00100 3.93663e-02
2.01522 3.99690e-02
2.02943 4.06055e-02
2.04364 4.10803e-02
2.05786 4.12247e-02
2.07207 4.11543e-02
2.08629 4.10971e-02
2.10050 4.10925e-02
2.11471 4.10424e-02
2.12893 4.08970e-02
2.14314 4.06955e-02
2.15736 4.05055e-02
2.17157 4.03787e-02
2.18579 4.03692e-02
2.20000 4.05729e-02
