-12.00000 7.038295068579372e-38
-11.98579 3.887539736715184e-37
-11.97157 2.139167538358930e-36
-11.95736 1.169580792060086e-35
-11.94314 6.340234991986718e-35
-11.92893 3.402051928004471e-34
-11.91471 1.804600462955904e-33
-11.90050 9.454169984334293e-33
-11.88629 4.888809879381095e-32
-11.87207 2.494479288840217e-31
-11.85786 1.255817282153071e-30
-11.84364 6.239041581546785e-30
-11.82943 3.059985988356868e-29
-11.81522 1.482421831061364e-28
-11.80100 7.098598188613373e-28
-11.78679 3.362436870720014e-27
-11.77257 1.576735137220324e-26
-11.75836 7.325115466381082e-26
-11.74414 3.373773193513655e-25
-11.72993 1.541398403853862e-24
-11.71572 6.989180957081173e-24
-11.70150 3.146657205144105e-23
-11.68729 1.407357217371097e-22
-11.67307 6.257110593232361e-22
-11.65886 2.767825450962248e-21
-11.64464 1.219517597303924e-20
-11.63043 5.359035378181765e-20
-11.61622 2.351731692789442e-19
-11.60200 1.031572558179250e-18
-11.58779 4.524148869298458e-18
-11.57357 1.982470565506848e-17
-11.55936 8.665262764489544e-17
-11.54515 3.768517363038340e-16
-11.53093 1.625801684078554e-15
-11.51672 6.936529822477595e-15
-11.50250 2.919081644034958e-14
-11.48829 1.209588580792364e-13
-11.47407 4.933852407274100e-13
-11.45986 1.983374293276568e-12
-11.44565 7.871396109316124e-12
-11.43143 3.084797310796647e-11
-11.41722 1.189908809818676e-10
-11.40300 4.489038129066907e-10
-11.38879 1.644039457935078e-09
-11.37457 5.780404689948917e-09
-11.36036 1.905860364140537e-08
-11.34615 5.680004378487585e-08
-11.33193 1.478431947005156e-07
-11.31772 3.313774169607973e-07
-11.30350 6.466360177338583e-07
-11.28929 1.127388540181262e-06
-11.27508 1.800157352634746e-06
-11.26086 2.674064265937334e-06
-11.24665 3.737322370022521e-06
-11.23243 4.976916188720720e-06
-11.21822 6.396181967652594e-06
-11.20400 8.006360201046700e-06
-11.18979 9.809730725667294e-06
-11.17558 1.179855153619122e-05
-11.16136 1.396676579752545e-05
-11.14715 1.631788233873515e-05
-11.13293 1.886234611969701e-05
-11.11872 2.160970410793353e-05
-11.10450 2.456268225443630e-05
-11.09029 2.771602955031320e-05
-11.07608 3.105927236805151e-05
-11.06186 3.458121930793218e-05
-11.04765 3.827413362131783e-05
-11.03343 4.213598627897798e-05
-11.01922 4.616996772119674e-05
-11.00501 5.038152996844131e-05
-10.99079 5.477435470492026e-05
-10.97658 5.934719955683795e-05
-10.96236 6.409316585696922e-05
-10.94815 6.900173593993722e-05
-10.93393 7.406260411655619e-05
-10.91972 7.926956079980162e-05
-10.90551 8.462279423363953e-05
-10.89129 9.012878001542766e-05
-10.87708 9.579797256782858e-05
-10.86286 1.016413229713995e-04
-10.84865 1.076669494469625e-04
-10.83443 1.138780628364407e-04
-10.82022 1.202726787458413e-04
-10.80601 1.268449907084100e-04
-10.79179 1.335877662258937e-04
-10.77758 1.404948939950454e-04
-10.76336 1.475632748362238e-04
-10.74915 1.547935371550999e-04
-10.73493 1.621894485963928e-04
-10.72072 1.697562655553911e-04
-10.70651 1.774985199076184e-04
-10.69229 1.854178432966210e-04
-10.67808 1.935113749917057e-04
-10.66386 2.017711251792571e-04
-10.64965 2.101844256393485e-04
-10.63544 2.187353522493882e-04
-10.62122 2.274067997990082e-04
-10.60701 2.361827659124234e-04
-10.59279 2.450503755916530e-04
-10.57858 2.540012493254289e-04
-10.56436 2.630319659426875e-04
-10.55015 2.721435627478759e-04
-10.53594 2.813402094115625e-04
-10.52172 2.906273494437027e-04
-10.50751 3.000096940209670e-04
-10.49329 3.094894628072411e-04
-10.47908 3.190651980330321e-04
-10.46486 3.287313501885252e-04
-10.45065 3.384786757592068e-04
-10.43644 3.482953327704783e-04
-10.42222 3.581684382676122e-04
-10.40801 3.680857836829841e-04
-10.39379 3.780373972814863e-04
-10.37958 3.880166928026983e-04
-10.36537 3.980210350968620e-04
-10.35115 4.080516660280933e-04
-10.33694 4.181130450183742e-04
-10.32272 4.282117492499766e-04
-10.30851 4.383551357953913e-04
-10.29429 4.485499864071741e-04
-10.28008 4.588013372944963e-04
-10.26587 4.691116486592214e-04
-10.25165 4.794804033169883e-04
-10.23744 4.899041527171633e-04
-10.22322 5.003769633386584e-04
-10.20901 5.108911653754337e-04
-10.19479 5.214382739963044e-04
-10.18058 5.320099429028483e-04
-10.16637 5.425988189881089e-04
-10.15215 5.531991919212898e-04
-10.13794 5.638073683930388e-04
-10.12372 5.744217419873760e-04
-10.10951 5.850425708181070e-04
-10.09530 5.956715114827266e-04
-10.08108 6.063109858560979e-04
-10.06687 6.169634742759369e-04
-10.05265 6.276308335538827e-04
-10.03844 6.383137310700892e-04
-10.02422 6.490112683075776e-04
-10.01001 6.597208409835922e-04
-9.99580 6.704382517246878e-04
-9.98158 6.811580588128806e-04
-9.96737 6.918741148048741e-04
-9.95315 7.025802253438049e-04
-9.93894 7.132708440067602e-04
-9.92472 7.239417151947583e-04
-9.91051 7.345903841722913e-04
-9.89630 7.452165103333190e-04
-9.88208 7.558219443280673e-04
-9.86787 7.664105586466070e-04
-9.85365 7.769878509608697e-04
-9.83944 7.875603663172337e-04
-9.82523 7.981350049513420e-04
-9.81101 8.087182947192790e-04
-9.79680 8.193157096712503e-04
-9.78258 8.299311091248325e-04
-9.76837 8.405663558908588e-04
-9.75415 8.512211502170404e-04
-9.73994 8.618930903758348e-04
-9.72573 8.725779447768048e-04
-9.71151 8.832700970901225e-04
-9.69730 8.939631077411547e-04
-9.68308 9.046503241522956e-04
-9.66887 9.153254692176811e-04
-9.65465 9.259831426570783e-04
-9.64044 9.366191821334170e-04
-9.62623 9.472308485999616e-04
-9.61201 9.578168210328769e-04
-9.59780 9.683770070738562e-04
-9.58358 9.789121958436184e-04
-9.56937 9.894235953627753e-04
-9.55516 9.999123082674564e-04
-9.54094 1.010378805091619e-03
-9.52673 1.020822454118511e-03
-9.51251 1.031241160881598e-03
-9.49830 1.041631159226320e-03
-9.48408 1.051986979966769e-03
-9.46987 1.062301603430171e-03
-9.45566 1.072566780208167e-03
-9.44144 1.082773483257549e-03
-9.42723 1.092912438766256e-03
-9.41301 1.102974678210008e-03
-9.39880 1.112952062915127e-03
-9.38458 1.122837752319628e-03
-9.37037 1.132626606992438e-03
-9.35616 1.142315523187934e-03
-9.34194 1.151903687414650e-03
-9.32773 1.161392760950257e-03
-9.31351 1.170787151700258e-03
-9.29930 1.180094820014964e-03
-9.28509 1.189329035560638e-03
-9.27087 1.198510132184263e-03
-9.25666 1.207663916472316e-03
-9.24244 1.216814372090299e-03
-9.22823 1.225975774082382e-03
-9.21401 1.235151882001738e-03
-9.19980 1.244334216669912e-03
-9.18559 1.253483890768133e-03
-9.17137 1.262517616470573e-03
-9.15716 1.271343073109163e-03
-9.14294 1.279925145672131e-03
-9.12873 1.288300145110776e-03
-9.11451 1.296516728624105e-03
-9.10030 1.304579139401148e-03
-9.08609 1.312450485365434e-03
-9.07187 1.320092156641609e-03
-9.05766 1.327491792651960e-03
-9.04344 1.334664743519844e-03
-9.02923 1.341640543329610e-03
-9.01502 1.348448337732574e-03
-9.00080 1.355108412526673e-03
-8.98659 1.361631177132099e-03
-8.97237 1.368021329841582e-03
-8.95816 1.374283186808705e-03
-8.94394 1.380423520034813e-03
-8.92973 1.386450339976623e-03
-8.91552 1.392368628323362e-03
-8.90130 1.398175694268520e-03
-8.88709 1.403858871447898e-03
-8.87287 1.409396925149732e-03
-8.85866 1.414764696495475e-03
-8.84444 1.419939134375090e-03
-8.83023 1.424904489609534e-03
-8.81602 1.429655027780110e-03
-8.80180 1.434194721741844e-03
-8.78759 1.438534484032991e-03
-8.77337 1.442688207297441e-03
-8.75916 1.446669045417761e-03
-8.74494 1.450487046983512e-03
-8.73073 1.454148635157388e-03
-8.71652 1.457657749584994e-03
-8.70230 1.461017938118721e-03
-8.68809 1.464234446009849e-03
-8.67387 1.467315435270577e-03
-8.65966 1.470271816455927e-03
-8.64545 1.473115658306747e-03
-8.63123 1.475857601747047e-03
-8.61702 1.478504010969487e-03
-8.60280 1.481054671938161e-03
-8.58859 1.483501696372034e-03
-8.57437 1.485829969218231e-03
-8.56016 1.488019089216411e-03
-8.54595 1.490046400199451e-03
-8.53173 1.491890477615129e-03
-8.51752 1.493534363314311e-03
-8.50330 1.494967931440078e-03
-8.48909 1.496188982423409e-03
-8.47487 1.497202941410810e-03
-8.46066 1.498021316488096e-03
-8.44645 1.498659293716864e-03
-8.43223 1.499132971808477e-03
-8.41802 1.499456754445238e-03
-8.40380 1.499641331530298e-03
-8.38959 1.499692519703253e-03
-8.37538 1.499611036576097e-03
-8.36116 1.499393094519351e-03
-8.34695 1.499031555279653e-03
-8.33273 1.498517311155837e-03
-8.31852 1.497840561140075e-03
-8.30430 1.496991724309664e-03
-8.29009 1.495961856966082e-03
-8.27588 1.494742584683075e-03
-8.26166 1.493325692840010e-03
-8.24745 1.491702610220760e-03
-8.23323 1.489864049675049e-03
-8.21902 1.487800030100196e-03
-8.20480 1.485500401439358e-03
-8.19059 1.482955848096354e-03
-8.17638 1.480159184682485e-03
-8.16216 1.477106614491297e-03
-8.14795 1.473798527715204e-03
-8.13373 1.470239398919107e-03
-8.11952 1.466436416528260e-03
-8.10531 1.462396642211896e-03
-8.09109 1.458122741630520e-03
-8.07688 1.453607623135646e-03
-8.06266 1.448828629624199e-03
-8.04845 1.443742204484738e-03
-8.03423 1.438280142958627e-03
-8.02002 1.432348588186902e-03
-8.00581 1.425830777254992e-03
-7.99159 1.418594131675178e-03
-7.97738 1.410501585273229e-03
-7.96316 1.401426068864735e-03
-7.94895 1.391265938161570e-03
-7.93473 1.379958084411190e-03
-7.92052 1.367484891451364e-03
-7.90631 1.353871567921437e-03
-7.89209 1.339172111354641e-03
-7.87788 1.323445434530618e-03
-7.86366 1.306727740273488e-03
-7.84945 1.289012162671406e-03
-7.83524 1.270250240049497e-03
-7.82102 1.250389131442092e-03
-7.80681 1.229449968881171e-03
-7.79259 1.207633488368878e-03
-7.77838 1.185411133997749e-03
-7.76416 1.163535442473978e-03
-7.74995 1.142906267002200e-03
-7.73574 1.124283742206506e-03
-7.72152 1.107948016841468e-03
-7.70731 1.093530692141424e-03
-7.69309 1.080296559527987e-03
-7.67888 1.068010088032880e-03
-7.66466 1.058059265885146e-03
-7.65045 1.053810861348512e-03
-7.63624 1.058893723142684e-03
-7.62202 1.073630334642178e-03
-7.60781 1.094244902581311e-03
-7.59359 1.121718288073149e-03
-7.57938 1.167083287919271e-03
-7.56517 1.213645613790753e-03
-7.55095 1.184576012032224e-03
-7.53674 1.043325266766714e-03
-7.52252 8.807649524059177e-04
-7.50831 7.944209368659301e-04
-7.49409 7.876563505230733e-04
-7.47988 8.198576804139848e-04
-7.46567 8.580055669550125e-04
-7.45145 8.843879994318198e-04
-7.43724 8.958615107208697e-04
-7.42302 9.000279558953328e-04
-7.40881 9.064226377760787e-04
-7.39459 9.191813682899373e-04
-7.38038 9.363495205183941e-04
-7.36617 9.539268470673048e-04
-7.35195 9.696662030761127e-04
-7.33774 9.840249536599260e-04
-7.32352 9.989394863237225e-04
-7.30931 1.016194462599695e-03
-7.29510 1.036511417299489e-03
-7.28088 1.059531954579633e-03
-7.26667 1.084336241904408e-03
-7.25245 1.110041101109433e-03
-7.23824 1.136173328478375e-03
-7.22402 1.162732588916299e-03
-7.20981 1.190024509188047e-03
-7.19560 1.218411010496351e-03
-7.18138 1.248105434943136e-03
-7.16717 1.279078053019747e-03
-7.15295 1.311074308489635e-03
-7.13874 1.343707081760999e-03
-7.12452 1.376570744075454e-03
-7.11031 1.409332959886374e-03
-7.09610 1.441779879494141e-03
-7.08188 1.473811769949654e-03
-7.06767 1.505402390233541e-03
-7.05345 1.536543365096702e-03
-7.03924 1.567194592058759e-03
-7.02503 1.597255649248860e-03
-7.01081 1.626564432015924e-03
-6.99660 1.654920757015601e-03
-6.98238 1.682126452684043e-03
-6.96817 1.708030424248196e-03
-6.95395 1.732567299804905e-03
-6.93974 1.755780842251626e-03
-6.92553 1.777827352712018e-03
-6.91131 1.798958772257354e-03
-6.89710 1.819489246730689e-03
-6.88288 1.839751933794756e-03
-6.86867 1.860054434853498e-03
-6.85445 1.880641289412275e-03
-6.84024 1.901670542661286e-03
-6.82603 1.923208749805735e-03
-6.81181 1.945245358386398e-03
-6.79760 1.967723797578905e-03
-6.78338 1.990583415929953e-03
-6.76917 2.013804127943065e-03
-6.75495 2.037444474256018e-03
-6.74074 2.061663772531721e-03
-6.72653 2.086720270505561e-03
-6.71231 2.112940612462018e-03
-6.69810 2.140663860287508e-03
-6.68388 2.170179740522753e-03
-6.66967 2.201709494430293e-03
-6.65546 2.235515721364564e-03
-6.64124 2.272251427664325e-03
-6.62703 2.313610430830560e-03
-6.61281 2.363153024248490e-03
-6.59860 2.426965042127543e-03
-6.58438 2.514705295360733e-03
-6.57017 2.640049474034236e-03
-6.55596 2.806319189591646e-03
-6.54174 2.991939822336811e-03
-6.52753 3.205195123387866e-03
-6.51331 3.472285763514559e-03
-6.49910 3.687118619010002e-03
-6.48488 3.942396487718756e-03
-6.47067 4.342005079645214e-03
-6.45646 3.623125817089271e-03
-6.44224 3.241805732208134e-03
-6.42803 3.037735313436020e-03
-6.41381 2.851817501691467e-03
-6.39960 2.693268902470896e-03
-6.38539 2.564164317883128e-03
-6.37117 2.459082253490626e-03
-6.35696 2.370519683003538e-03
-6.34274 2.292417175674099e-03
-6.32853 2.221142362135532e-03
-6.31431 2.154996836284578e-03
-6.30010 2.093329835581784e-03
-6.28589 2.035847915828442e-03
-6.27167 1.982263438986095e-03
-6.25746 1.932200314577939e-03
-6.24324 1.885227595030257e-03
-6.22903 1.840924664206290e-03
-6.21481 1.798929905735475e-03
-6.20060 1.758960133166261e-03
-6.18639 1.720806220225062e-03
-6.17217 1.684315887991031e-03
-6.15796 1.649373380563888e-03
-6.14374 1.615882143660652e-03
-6.12953 1.583753055862044e-03
-6.11532 1.552898254253638e-03
-6.10110 1.523229286594871e-03
-6.08689 1.494657947044739e-03
-6.07267 1.467098339072912e-03
-6.05846 1.440469133031190e-03
-6.04424 1.414695428958594e-03
-6.03003 1.389709985569634e-03
-6.01582 1.365453801201655e-03
-6.00160 1.341876145640154e-03
-5.98739 1.318934176600301e-03
-5.97317 1.296592266087088e-03
-5.95896 1.274821136928969e-03
-5.94474 1.253596884964441e-03
-5.93053 1.232899944790296e-03
-5.91632 1.212714047353440e-03
-5.90210 1.193025213349385e-03
-5.88789 1.173820823858909e-03
-5.87367 1.155088806025251e-03
-5.85946 1.136816965259038e-03
-5.84525 1.118992486196553e-03
-5.83103 1.101601613172927e-03
-5.81682 1.084629508600300e-03
-5.80260 1.068060275785038e-03
-5.78839 1.051877122615071e-03
-5.77417 1.036062635071445e-03
-5.75996 1.020599125116529e-03
-5.74575 1.005469016237860e-03
-5.73153 9.906552315158063e-04
-5.71732 9.761415530490198e-04
-5.70310 9.619129273034960e-04
-5.68889 9.479556977950942e-04
-5.67467 9.342577538376855e-04
-5.66046 9.208085913186365e-04
-5.64625 9.075992881199751e-04
-5.63203 8.946224025128368e-04
-5.61782 8.818718073517621e-04
-5.60360 8.693424760315399e-04
-5.58939 8.570302378945529e-04
-5.57518 8.449315211368077e-04
-5.56096 8.330431003825251e-04
-5.54675 8.213618641708831e-04
-5.53253 8.098846148607712e-04
-5.51832 7.986079101734521e-04
-5.50410 7.875279520296216e-04
-5.48989 7.766405247570088e-04
-5.47568 7.659409813818219e-04
-5.46146 7.554242737681655e-04
-5.44725 7.450850199827778e-04
-5.43303 7.349176005349516e-04
-5.41882 7.249162741172599e-04
-5.40460 7.150753031456720e-04
-5.39039 7.053890797174366e-04
-5.37618 6.958522434852820e-04
-5.36196 6.864597842739037e-04
-5.34775 6.772071239099085e-04
-5.33353 6.680901735636820e-04
-5.31932 6.591053647783109e-04
-5.30511 6.502496541652253e-04
-5.29089 6.415205033745693e-04
-5.27668 6.329158373184140e-04
-5.26246 6.244339846794225e-04
-5.24825 6.160736054444847e-04
-5.23403 6.078336105546631e-04
-5.21982 5.997130787744067e-04
-5.20561 5.917111755880265e-04
-5.19139 5.838270783784422e-04
-5.17718 5.760599113909858e-04
-5.16296 5.684086930980832e-04
-5.14875 5.608722976246965e-04
-5.13453 5.534494309325612e-04
-5.12032 5.461386215504560e-04
-5.10611 5.389382248261396e-04
-5.09189 5.318464390007956e-04
-5.07768 5.248613308945975e-04
-5.06346 5.179808686562741e-04
-5.04925 5.112029588725739e-04
-5.03504 5.045254853471305e-04
-5.02082 4.979463470251842e-04
-5.00661 4.914634928366460e-04
-4.99239 4.850749516257411e-04
-4.97818 4.787788557987488e-04
-4.96396 4.725734578192188e-04
-4.94975 4.664571391806937e-04
-4.93554 4.604284119615247e-04
-4.92132 4.544859134901329e-04
-4.90711 4.486283950026095e-04
-4.89289 4.428547054442217e-04
-4.87868 4.371637717446384e-04
-4.86446 4.315545769818026e-04
-4.85025 4.260261378451921e-04
-4.83604 4.205774827241616e-04
-4.82182 4.152076315935288e-04
-4.80761 4.099155786615761e-04
-4.79339 4.047002785019683e-04
-4.77918 3.995606361279972e-04
-4.76496 3.944955012019017e-04
-4.75075 3.895036663192466e-04
-4.73654 3.845838690817842e-04
-4.72232 3.797347974825779e-04
-4.70811 3.749550979820328e-04
-4.69389 3.702433855573028e-04
-4.67968 3.655982549616387e-04
-4.66547 3.610182924329232e-04
-4.65125 3.565020871377556e-04
-4.63704 3.520482417226698e-04
-4.62282 3.476553814596834e-04
-4.60861 3.433221616107294e-04
-4.59439 3.390472727859181e-04
-4.58018 3.348294442258117e-04
-4.56597 3.306674450911582e-04
-4.55175 3.265600839902128e-04
-4.53754 3.225062071123982e-04
-4.52332 3.185046954706390e-04
-4.50911 3.145544618923847e-04
-4.49489 3.106544485589605e-04
-4.48068 3.068036261046801e-04
-4.46647 3.030009955995592e-04
-4.45225 2.992455952278889e-04
-4.43804 2.955365142557065e-04
-4.42382 2.918729181324303e-04
-4.40961 2.882540905727376e-04
-4.39540 2.846795016469027e-04
-4.38118 2.811489159556437e-04
-4.36697 2.776625629775044e-04
-4.35275 2.742214044428824e-04
-4.33854 2.708275540632411e-04
-4.32432 2.674849380386705e-04
-4.31011 2.642003386400010e-04
-4.29590 2.609850512115360e-04
-4.28168 2.578575287142151e-04
-4.26747 2.548476212115200e-04
-4.25325 2.520033927486460e-04
-4.23904 2.494020983575093e-04
-4.22482 2.471678789891578e-04
-4.21061 2.455003981787029e-04
-4.19640 2.447217410239402e-04
-4.18218 2.453551168040857e-04
-4.16797 2.482616487042771e-04
-4.15375 2.548861376575676e-04
-4.13954 2.677042304900520e-04
-4.12533 2.910202323770444e-04
-4.11111 3.323208556804628e-04
-4.09690 4.044126707792619e-04
-4.08268 5.284756147443629e-04
-4.06847 7.376084039656718e-04
-4.05425 1.078938867581298e-03
-4.04004 1.624849898516193e-03
-4.02583 2.598762314854981e-03
-4.01161 4.122636578903729e-03
-3.99740 5.129804232883823e-03
-3.98318 5.703458428773160e-03
-3.96897 6.520106288626320e-03
-3.95475 7.268742943458528e-03
-3.94054 7.851783566269369e-03
-3.92633 8.365693839729734e-03
-3.91211 8.912871735672028e-03
-3.89790 9.535553465594529e-03
-3.88368 1.021873222526858e-02
-3.86947 1.092969467912893e-02
-3.85526 1.164906775295649e-02
-3.84104 1.237787711439887e-02
-3.82683 1.313315210702781e-02
-3.81261 1.394584584428105e-02
-3.79840 1.485420909056324e-02
-3.78418 1.586476011309501e-02
-3.76997 1.687950362931405e-02
-3.75576 1.767328390819245e-02
-3.74154 1.801778017523592e-02
-3.72733 1.787371379696940e-02
-3.71311 1.743105854773006e-02
-3.69890 1.694422047556792e-02
-3.68468 1.655663742118688e-02
-3.67047 1.627228993605543e-02
-3.65626 1.603218176963555e-02
-3.64204 1.578568476801429e-02
-3.62783 1.551334058243611e-02
-3.61361 1.521863781500712e-02
-3.59940 1.491409084877593e-02
-3.58519 1.461233315656946e-02
-3.57097 1.432254178650867e-02
-3.55676 1.404990463861939e-02
-3.54254 1.379639994866417e-02
-3.52833 1.356195014153810e-02
-3.51411 1.334546605694441e-02
-3.49990 1.314556377698400e-02
-3.48569 1.296092476964678e-02
-3.47147 1.279038835654415e-02
-3.45726 1.263290608677530e-02
-3.44304 1.248746762345867e-02
-3.42883 1.235306068061854e-02
-3.41461 1.222868258871551e-02
-3.40040 1.211339236052727e-02
-3.38619 1.200638036015334e-02
-3.37197 1.190703223996163e-02
-3.35776 1.181496888212587e-02
-3.34354 1.173005112110911e-02
-3.32933 1.165234551336819e-02
-3.31512 1.158205469277036e-02
-3.30090 1.151942224671463e-02
-3.28669 1.146462674368137e-02
-3.27247 1.141768178654249e-02
-3.25826 1.137835837691142e-02
-3.24404 1.134614258216612e-02
-3.22983 1.132023608580188e-02
-3.21562 1.129960056408223e-02
-3.20140 1.128303999246330e-02
-3.18719 1.126930896946981e-02
-3.17297 1.125723087873486e-02
-3.15876 1.124580792015053e-02
-3.14454 1.123430614787787e-02
-3.13033 1.122230264765312e-02
-3.11612 1.120968834564896e-02
-3.10190 1.119662763006725e-02
-3.08769 1.118348356433766e-02
-3.07347 1.117072343451838e-02
-3.05926 1.115882238835276e-02
-3.04505 1.114818225383235e-02
-3.03083 1.113907836064545e-02
-3.01662 1.113164029265304e-02
-3.00240 1.112586462341219e-02
-2.98819 1.112165076779598e-02
-2.97397 1.111884683875964e-02
-2.95976 1.111729184952263e-02
-2.94555 1.111684376724403e-02
-2.93133 1.111738879304161e-02
-2.91712 1.111883403785885e-02
-2.90290 1.112109143902731e-02
-2.88869 1.112406359978027e-02
-2.87447 1.112764136253339e-02
-2.86026 1.113171860640775e-02
-2.84605 1.113622331267592e-02
-2.83183 1.114115731735796e-02
-2.81762 1.114663226576566e-02
-2.80340 1.115288731363032e-02
-2.78919 1.116027539595596e-02
-2.77497 1.116920922910788e-02
-2.76076 1.118006572364814e-02
-2.74655 1.119305879809985e-02
-2.73233 1.120810564250968e-02
-2.71812 1.122472698577981e-02
-2.70390 1.124202962646353e-02
-2.68969 1.125880886338856e-02
-2.67548 1.127377598265274e-02
-2.66126 1.128588274018387e-02
-2.64705 1.129479152792711e-02
-2.63283 1.130206052247519e-02
-2.61862 1.131299867383572e-02
-2.60440 1.133171324450933e-02
-2.59019 1.135175496424957e-02
-2.57598 1.136994356948555e-02
-2.56176 1.139129942440559e-02
-2.54755 1.141281902954335e-02
-2.53333 1.142926932377967e-02
-2.51912 1.144058054508293e-02
-2.50490 1.144972571555543e-02
-2.49069 1.145947542327664e-02
-2.47648 1.147056941115319e-02
-2.46226 1.148206077577070e-02
-2.44805 1.149273596390977e-02
-2.43383 1.150194954261151e-02
-2.41962 1.150959255062989e-02
-2.40541 1.151570948182051e-02
-2.39119 1.152012251684319e-02
-2.37698 1.152223568582956e-02
-2.36276 1.152114769867811e-02
-2.34855 1.151606250289783e-02
-2.33433 1.150678055478691e-02
-2.32012 1.149397874881180e-02
-2.30591 1.147911189766694e-02
-2.29169 1.146398330028340e-02
-2.27748 1.145018380603399e-02
-2.26326 1.143862121321532e-02
-2.24905 1.142928806601249e-02
-2.23483 1.142131263920609e-02
-2.22062 1.141324872022658e-02
-2.20641 1.140349941396811e-02
-2.19219 1.139074336623729e-02
-2.17798 1.137424218733188e-02
-2.16376 1.135395266226492e-02
-2.14955 1.133043227482894e-02
-2.13534 1.130458956951681e-02
-2.12112 1.127737131687765e-02
-2.10691 1.124948538520616e-02
-2.09269 1.122123355932871e-02
-2.07848 1.119248475666880e-02
-2.06426 1.116277322670305e-02
-2.05005 1.113147324242411e-02
-2.03584 1.109798938616608e-02
-2.02162 1.106190942339607e-02
-2.00741 1.102308824984484e-02
-1.99319 1.098165708935983e-02
-1.97898 1.093797347261066e-02
-1.96476 1.089253922901409e-02
-1.95055 1.084591452067235e-02
-1.93634 1.079864813481998e-02
-1.92212 1.075123229280844e-02
-1.90791 1.070407900479378e-02
-1.89369 1.065750819431506e-02
-1.87948 1.061173695719019e-02
-1.86527 1.056686360471450e-02
-1.85105 1.052284708724893e-02
-1.83684 1.047948892484172e-02
-1.82262 1.043642832721882e-02
-1.80841 1.039316047828277e-02
-1.79419 1.034908320545002e-02
-1.77998 1.030356992131072e-02
-1.76577 1.025605898380781e-02
-1.75155 1.020614369069013e-02
-1.73734 1.015364469866915e-02
-1.72312 1.009864851722225e-02
-1.70891 1.004150158577489e-02
-1.69469 9.982758047958104e-03
-1.68048 9.923088782379685e-03
-1.66627 9.863167437608103e-03
-1.65205 9.803554352629976e-03
-1.63784 9.744600231363270e-03
-1.62362 9.686388108387638e-03
-1.60941 9.628725216014279e-03
-1.59520 9.571187226922361e-03
-1.58098 9.513207702749582e-03
-1.56677 9.454197092742122e-03
-1.55255 9.393669673708251e-03
-1.53834 9.331354364679443e-03
-1.52412 9.267266902292756e-03
-1.50991 9.201726476397339e-03
-1.49570 9.135309115723935e-03
-1.48148 9.068741754164392e-03
-1.46727 9.002753192094407e-03
-1.45305 8.937908788643202e-03
-1.43884 8.874462348572434e-03
-1.42462 8.812259567086630e-03
-1.41041 8.750721841305480e-03
-1.39620 8.688927374883495e-03
-1.38198 8.625788635094630e-03
-1.36777 8.560301659554796e-03
-1.35355 8.491815035525209e-03
-1.33934 8.420240703969116e-03
-1.32513 8.346118625812348e-03
-1.31091 8.270471984209764e-03
-1.29670 8.194463999034580e-03
-1.28248 8.118984235416224e-03
-1.26827 8.044395237538025e-03
-1.25405 7.970631685062244e-03
-1.23984 7.897524726192673e-03
-1.22563 7.824754463005595e-03
-1.21141 7.750958748390871e-03
-1.19720 7.673016439870648e-03
-1.18298 7.587814804350042e-03
-1.16877 7.495564432985894e-03
-1.15455 7.398642503967588e-03
-1.14034 7.294976343351084e-03
-1.12613 7.167024553354472e-03
-1.11191 7.017108300824391e-03
-1.09770 6.726865904239099e-03
-1.08348 6.325131648953202e-03
-1.06927 6.013994045528194e-03
-1.05506 5.732437561354593e-03
-1.04084 5.469609853842351e-03
-1.02663 5.235227034726435e-03
-1.01241 5.028811211716833e-03
-0.99820 4.838717584850732e-03
-0.98398 4.654189689351685e-03
-0.96977 4.472496927649040e-03
-0.95556 4.297969138523710e-03
-0.94134 4.135845374072497e-03
-0.92713 3.987549355065474e-03
-0.91291 3.850517328187110e-03
-0.89870 3.720791271949891e-03
-0.88448 3.595381587644744e-03
-0.87027 3.473047939981108e-03
-0.85606 3.353850363974977e-03
-0.84184 3.238310420308396e-03
-0.82763 3.126758312946493e-03
-0.81341 3.019073964744514e-03
-0.79920 2.914736235914572e-03
-0.78498 2.812978397825495e-03
-0.77077 2.712961587799104e-03
-0.75656 2.614002528850033e-03
-0.74234 2.515825950541033e-03
-0.72813 2.418690938946134e-03
-0.71391 2.323284925799962e-03
-0.69970 2.230447451216413e-03
-0.68549 2.140880589172892e-03
-0.67127 2.054960716228335e-03
-0.65706 1.972682328862601e-03
-0.64284 1.893718956147818e-03
-0.62863 1.817568123778935e-03
-0.61441 1.743725993661278e-03
-0.60020 1.671823849292589e-03
-0.58599 1.601679412386616e-03
-0.57177 1.533263957873179e-03
-0.55756 1.466625020678268e-03
-0.54334 1.401810430754935e-03
-0.52913 1.338821261517514e-03
-0.51491 1.277601048736875e-03
-0.50070 1.218056216696941e-03
-0.48649 1.160094212552856e-03
-0.47227 1.103659140528487e-03
-0.45806 1.048745858146737e-03
-0.44384 9.953869140733457e-04
-0.42963 9.436239321388037e-04
-0.41542 8.934807499307378e-04
-0.40120 8.449456032403655e-04
-0.38699 7.979580607056689e-04
-0.37277 7.524000651090213e-04
-0.35856 7.081067501530490e-04
-0.34434 6.649186909608441e-04
-0.33013 6.227742074227936e-04
-0.31592 5.817986858656871e-04
-0.30170 5.423236219134643e-04
-0.28749 5.047901430611357e-04
-0.27327 4.695518840869912e-04
-0.25906 4.366523190594965e-04
-0.24484 4.056830022722676e-04
-0.23063 3.758295899558606e-04
-0.21642 3.461768261657747e-04
-0.20220 3.162356256207906e-04
-0.18799 2.864517192008127e-04
-0.17377 2.582577903769895e-04
-0.15956 2.333206486716010e-04
-0.14535 2.122366526209632e-04
-0.13113 1.936940851198660e-04
-0.11692 1.750902291862796e-04
-0.10270 1.543404321555449e-04
-0.08849 1.313378570973803e-04
-0.07427 1.078715627207116e-04
-0.06006 8.672076356841254e-05
-0.04585 7.117547626243559e-05
-0.03163 6.119182338000861e-05
-0.01742 5.196021422027216e-05
-0.00320 4.220228785102037e-05
0.01101 2.924909635517238e-05
0.02523 1.784646258531394e-05
0.03944 1.204217269891337e-05
0.05365 8.917863310460742e-06
0.06787 6.757880026258148e-06
0.08208 5.151620136143023e-06
0.09630 3.934123174464625e-06
0.11051 3.001483234975929e-06
0.12472 2.283772517418816e-06
0.13894 1.731991160945924e-06
0.15315 1.310125016289360e-06
0.16737 9.906589089675263e-07
0.18158 7.521494049083827e-07
0.19580 5.778901725704167e-07
0.21001 4.551210324907282e-07
0.22422 3.745215444852674e-07
0.23844 3.298936917650862e-07
0.25265 3.180173523506159e-07
0.26687 3.386977171200880e-07
0.28108 3.950426827054226e-07
0.29530 4.940246655062819e-07
0.30951 6.474018166697482e-07
0.32372 8.731018388276553e-07
0.33794 1.197210835693419e-06
0.35215 1.656764470938016e-06
0.36637 2.303616187542070e-06
0.38058 3.209767935980599e-06
0.39479 4.474708181524885e-06
0.40901 6.235530865770198e-06
0.42322 8.680932800224390e-06
0.43744 1.207062923929096e-05
0.45165 1.676229389062437e-05
0.46587 2.324877561674895e-05
0.48008 3.220892059791860e-05
0.49429 4.457552016452700e-05
0.50851 6.162321615310165e-05
0.52272 8.507712803039115e-05
0.53694 1.172395330577932e-04
0.55115 1.611283377265073e-04
0.56537 2.206193119266676e-04
0.57958 3.005833170379702e-04
0.59379 4.070033235147324e-04
0.60801 5.470579428163415e-04
0.62222 7.293100813539970e-04
0.63644 9.652671711317617e-04
0.65065 2.419270187173938e-03
0.66486 2.184551631174926e-03
0.67908 2.172984687388388e-03
0.69329 2.776217482693398e-03
0.70751 3.411445758471548e-03
0.72172 4.008624553211538e-03
0.73594 4.564798218085737e-03
0.75015 5.142806327263437e-03
0.76436 5.784802295971413e-03
0.77858 6.457253695999942e-03
0.79279 7.094299592602094e-03
0.80701 7.669799011194173e-03
0.82122 8.206145348662878e-03
0.83544 8.720212713979721e-03
0.84965 9.186588879177749e-03
0.86386 9.572594860853476e-03
0.87808 9.895797954071570e-03
0.89229 1.021788569040561e-02
0.90651 1.058165164160279e-02
0.92072 1.097594799364440e-02
0.93493 1.136367903090866e-02
0.94915 1.172638789103288e-02
0.96336 1.207694327034117e-02
0.97758 1.244019797417179e-02
0.99179 1.282945223566276e-02
1.00601 1.323891238677609e-02
1.02022 1.365240208250811e-02
1.03443 1.405712613978213e-02
1.04865 1.445204018213896e-02
1.06286 1.484664270685981e-02
1.07708 1.525209828135466e-02
1.09129 1.567093211365022e-02
1.10551 1.609277499182768e-02
1.11972 1.649972502020830e-02
1.13393 1.687716624748088e-02
1.14815 1.722103463999198e-02
1.16236 1.753614938085380e-02
1.17658 1.782912703082166e-02
1.19079 1.810391518979310e-02
1.20501 1.836341918790808e-02
1.21922 1.861320843579199e-02
1.23343 1.886170075903145e-02
1.24765 1.911621241378880e-02
1.26186 1.937899280341882e-02
1.27608 1.964687709880189e-02
1.29029 1.991434187595236e-02
1.30450 2.017715933066744e-02
1.31872 2.043430723115525e-02
1.33293 2.068771832615115e-02
1.34715 2.094080227856672e-02
1.36136 2.119685361763791e-02
1.37558 2.145799027013387e-02
1.38979 2.172476215819966e-02
1.40400 2.199628334663765e-02
1.41822 2.227065996722393e-02
1.43243 2.254551663838063e-02
1.44665 2.281848950622437e-02
1.46086 2.308761258648077e-02
1.47508 2.335156320120773e-02
1.48929 2.360975704596397e-02
1.50350 2.386230356768206e-02
1.51772 2.410985270879311e-02
1.53193 2.435338195099036e-02
1.54615 2.459398131746402e-02
1.56036 2.483268862294181e-02
1.57457 2.507040816655359e-02
1.58879 2.530791892710786e-02
1.60300 2.554595145047884e-02
1.61722 2.578529357348125e-02
1.63143 2.602687838677175e-02
1.64565 2.627181420222656e-02
1.65986 2.652133369142577e-02
1.67407 2.677666417469862e-02
1.68829 2.703884896052377e-02
1.70250 2.730857567950418e-02
1.71672 2.758608542840921e-02
1.73093 2.787123825815048e-02
1.74515 2.816378750685316e-02
1.75936 2.846386187487972e-02
1.77357 2.877257275155177e-02
1.78779 2.909257335665279e-02
1.80200 2.942833270422536e-02
1.81622 2.978589785926357e-02
1.83043 3.017202953216551e-02
1.84464 3.059277883127896e-02
1.85886 3.105174115749487e-02
1.87307 3.154830843738807e-02
1.88729 3.207624675614573e-02
1.90150 3.262283468979740e-02
1.91572 3.316859771788158e-02
1.92993 3.368782573103780e-02
1.94414 3.415084695909513e-02
1.95836 3.452807571831062e-02
1.97257 3.479239383759802e-02
1.98679 3.492126069401101e-02
2.00100 3.491255657981220e-02
2.01522 3.480929402110037e-02
2.02943 3.468619156978290e-02
2.04364 3.457843256695830e-02
2.05786 3.440736748432425e-02
2.07207 3.405319084411212e-02
2.08629 3.357292809582805e-02
2.10050 3.312330442940460e-02
2.11471 3.274839938650689e-02
2.12893 3.240235608276086e-02
2.14314 3.204302659727018e-02
2.15736 3.166581281571834e-02
2.17157 3.128825012372208e-02
2.18579 3.093112015195685e-02
2.20000 3.061190610923148e-02
