-12.00000 1.81931e-66
-11.98579 3.93682e-65
-11.97157 8.52483e-64
-11.95736 1.84895e-62
-11.94314 4.01997e-61
-11.92893 8.76741e-60
-11.91471 1.91901e-58
-11.90050 4.21628e-57
-11.88629 9.29744e-56
-11.87207 2.05658e-54
-11.85786 4.55894e-53
-11.84364 1.01146e-51
-11.82943 2.24230e-50
-11.81522 4.95810e-49
-11.80100 1.09140e-47
-11.78679 2.38706e-46
-11.77257 5.17803e-45
-11.75836 1.11215e-43
-11.74414 2.36177e-42
-11.72993 4.95346e-41
-11.71572 1.02533e-39
-11.70150 2.09402e-38
-11.68729 4.22026e-37
-11.67307 8.39857e-36
-11.65886 1.65208e-34
-11.64464 3.21715e-33
-11.63043 6.21442e-32
-11.61622 1.19369e-30
-11.60200 2.28596e-29
-11.58779 4.37370e-28
-11.57357 8.37081e-27
-11.55936 1.60338e-25
-11.54515 3.07426e-24
-11.53093 5.89700e-23
-11.51672 1.12770e-21
-11.50250 2.13129e-20
-11.48829 3.92856e-19
-11.47407 6.97152e-18
-11.45986 1.18310e-16
-11.44565 1.92443e-15
-11.43143 3.01931e-14
-11.41722 4.56941e-13
-11.40300 6.62354e-12
-11.38879 9.18428e-11
-11.37457 1.21567e-09
-11.36036 1.49041e-08
-11.34615 1.63497e-07
-11.33193 1.27671e-06
-11.31772 4.86347e-06
-11.30350 1.02889e-05
-11.28929 1.73325e-05
-11.27508 2.54262e-05
-11.26086 3.44044e-05
-11.24665 4.46477e-05
-11.23243 5.57331e-05
-11.21822 6.74857e-05
-11.20400 8.03216e-05
-11.18979 9.43921e-05
-11.17558 1.09402e-04
-11.16136 1.25146e-04
-11.14715 1.41759e-04
-11.13293 1.59444e-04
-11.11872 1.78153e-04
-11.10450 1.97614e-04
-11.09029 2.17622e-04
-11.07608 2.38228e-04
-11.06186 2.59654e-04
-11.04765 2.82054e-04
-11.03343 3.05367e-04
-11.01922 3.29385e-04
-11.00501 3.53940e-04
-10.99079 3.79039e-04
-10.97658 4.04860e-04
-10.96236 4.31607e-04
-10.94815 4.59374e-04
-10.93393 4.88081e-04
-10.91972 5.17541e-04
-10.90551 5.47583e-04
-10.89129 5.78157e-04
-10.87708 6.09356e-04
-10.86286 6.41354e-04
-10.84865 6.74303e-04
-10.83443 7.08243e-04
-10.82022 7.43083e-04
-10.80601 7.78648e-04
-10.79179 8.14770e-04
-10.77758 8.51365e-04
-10.76336 8.88468e-04
-10.74915 9.26213e-04
-10.73493 9.64762e-04
-10.72072 1.00423e-03
-10.70651 1.04465e-03
-10.69229 1.08592e-03
-10.67808 1.12792e-03
-10.66386 1.17047e-03
-10.64965 1.21351e-03
-10.63544 1.25705e-03
-10.62122 1.30118e-03
-10.60701 1.34607e-03
-10.59279 1.39186e-03
-10.57858 1.43866e-03
-10.56436 1.48646e-03
-10.55015 1.53518e-03
-10.53594 1.58467e-03
-10.52172 1.63478e-03
-10.50751 1.68540e-03
-10.49329 1.73652e-03
-10.47908 1.78819e-03
-10.46486 1.84054e-03
-10.45065 1.89374e-03
-10.43644 1.94791e-03
-10.42222 2.00312e-03
-10.40801 2.05935e-03
-10.39379 2.11652e-03
-10.37958 2.17448e-03
-10.36537 2.23311e-03
-10.35115 2.29232e-03
-10.33694 2.35208e-03
-10.32272 2.41245e-03
-10.30851 2.47356e-03
-10.29429 2.53555e-03
-10.28008 2.59856e-03
-10.26587 2.66271e-03
-10.25165 2.72800e-03
-10.23744 2.79440e-03
-10.22322 2.86178e-03
-10.20901 2.93000e-03
-10.19479 2.99891e-03
-10.18058 3.06844e-03
-10.16637 3.13855e-03
-10.15215 3.20930e-03
-10.13794 3.28081e-03
-10.12372 3.35324e-03
-10.10951 3.42677e-03
-10.09530 3.50152e-03
-10.08108 3.57757e-03
-10.06687 3.65493e-03
-10.05265 3.73355e-03
-10.03844 3.81331e-03
-10.02422 3.89410e-03
-10.01001 3.97582e-03
-9.99580 4.05844e-03
-9.98158 4.14198e-03
-9.96737 4.22654e-03
-9.95315 4.31228e-03
-9.93894 4.39939e-03
-9.92472 4.48807e-03
-9.91051 4.57846e-03
-9.89630 4.67066e-03
-9.88208 4.76468e-03
-9.86787 4.86048e-03
-9.85365 4.95793e-03
-9.83944 5.05691e-03
-9.82523 5.15728e-03
-9.81101 5.25896e-03
-9.79680 5.36195e-03
-9.78258 5.46628e-03
-9.76837 5.57211e-03
-9.75415 5.67962e-03
-9.73994 5.78904e-03
-9.72573 5.90059e-03
-9.71151 6.01444e-03
-9.69730 6.13073e-03
-9.68308 6.24952e-03
-9.66887 6.37082e-03
-9.65465 6.49458e-03
-9.64044 6.62076e-03
-9.62623 6.74932e-03
-9.61201 6.88030e-03
-9.59780 7.01378e-03
-9.58358 7.14998e-03
-9.56937 7.28916e-03
-9.55516 7.43169e-03
-9.54094 7.57799e-03
-9.52673 7.72850e-03
-9.51251 7.88366e-03
-9.49830 8.04388e-03
-9.48408 8.20956e-03
-9.46987 8.38105e-03
-9.45566 8.55873e-03
-9.44144 8.74302e-03
-9.42723 8.93443e-03
-9.41301 9.13362e-03
-9.39880 9.34145e-03
-9.38458 9.55902e-03
-9.37037 9.78779e-03
-9.35616 1.00296e-02
-9.34194 1.02869e-02
-9.32773 1.05625e-02
-9.31351 1.08602e-02
-9.29930 1.11857e-02
-9.28509 1.15480e-02
-9.27087 1.19564e-02
-9.25666 1.24278e-02
-9.24244 1.30283e-02
-9.22823 1.38276e-02
-9.21401 1.46716e-02
-9.19980 1.52991e-02
-9.18559 1.55631e-02
-9.17137 1.54310e-02
-9.15716 1.51969e-02
-9.14294 1.50854e-02
-9.12873 1.50331e-02
-9.11451 1.49710e-02
-9.10030 1.48981e-02
-9.08609 1.48214e-02
-9.07187 1.47360e-02
-9.05766 1.46388e-02
-9.04344 1.45370e-02
-9.02923 1.44408e-02
-9.01502 1.43521e-02
-9.00080 1.42654e-02
-8.98659 1.41757e-02
-8.97237 1.40830e-02
-8.95816 1.39911e-02
-8.94394 1.39029e-02
-8.92973 1.38176e-02
-8.91552 1.37322e-02
-8.90130 1.36439e-02
-8.88709 1.35526e-02
-8.87287 1.34604e-02
-8.85866 1.33697e-02
-8.84444 1.32812e-02
-8.83023 1.31940e-02
-8.81602 1.31061e-02
-8.80180 1.30160e-02
-8.78759 1.29234e-02
-8.77337 1.28296e-02
-8.75916 1.27360e-02
-8.74494 1.26437e-02
-8.73073 1.25527e-02
-8.71652 1.24619e-02
-8.70230 1.23702e-02
-8.68809 1.22764e-02
-8.67387 1.21804e-02
-8.65966 1.20829e-02
-8.64545 1.19849e-02
-8.63123 1.18876e-02
-8.61702 1.17914e-02
-8.60280 1.16963e-02
-8.58859 1.16015e-02
-8.57437 1.15065e-02
-8.56016 1.14106e-02
-8.54595 1.13137e-02
-8.53173 1.12161e-02
-8.51752 1.11184e-02
-8.50330 1.10212e-02
-8.48909 1.09246e-02
-8.47487 1.08287e-02
-8.46066 1.07327e-02
-8.44645 1.06360e-02
-8.43223 1.05381e-02
-8.41802 1.04385e-02
-8.40380 1.03375e-02
-8.38959 1.02354e-02
-8.37538 1.01330e-02
-8.36116 1.00310e-02
-8.34695 9.92981e-03
-8.33273 9.82951e-03
-8.31852 9.72975e-03
-8.30430 9.62983e-03
-8.29009 9.52892e-03
-8.27588 9.42623e-03
-8.26166 9.32130e-03
-8.24745 9.21402e-03
-8.23323 9.10474e-03
-8.21902 8.99409e-03
-8.20480 8.88284e-03
-8.19059 8.77169e-03
-8.17638 8.66107e-03
-8.16216 8.55103e-03
-8.14795 8.44121e-03
-8.13373 8.33095e-03
-8.11952 8.21945e-03
-8.10531 8.10597e-03
-8.09109 7.99005e-03
-8.07688 7.87162e-03
-8.06266 7.75104e-03
-8.04845 7.62900e-03
-8.03423 7.50632e-03
-8.02002 7.38371e-03
-8.00581 7.26158e-03
-7.99159 7.13986e-03
-7.97738 7.01799e-03
-7.96316 6.89511e-03
-7.94895 6.77023e-03
-7.93473 6.64252e-03
-7.92052 6.51153e-03
-7.90631 6.37722e-03
-7.89209 6.23977e-03
-7.87788 6.09936e-03
-7.86366 5.95578e-03
-7.84945 5.80835e-03
-7.83524 5.65606e-03
-7.82102 5.49804e-03
-7.80681 5.33403e-03
-7.79259 5.16465e-03
-7.77838 4.99111e-03
-7.76416 4.81444e-03
-7.74995 4.63490e-03
-7.73574 4.45213e-03
-7.72152 4.26655e-03
-7.70731 4.08102e-03
-7.69309 3.90061e-03
-7.67888 3.72945e-03
-7.66466 3.56726e-03
-7.65045 3.41178e-03
-7.63624 3.26717e-03
-7.62202 3.14414e-03
-7.60781 3.04359e-03
-7.59359 2.95699e-03
-7.57938 2.90174e-03
-7.56517 2.88574e-03
-7.55095 2.88451e-03
-7.53674 2.81280e-03
-7.52252 2.29017e-03
-7.50831 2.14920e-03
-7.49409 2.08434e-03
-7.47988 1.91863e-03
-7.46567 1.86284e-03
-7.45145 1.84953e-03
-7.43724 1.87777e-03
-7.42302 1.91621e-03
-7.40881 1.93331e-03
-7.39459 1.92521e-03
-7.38038 1.91804e-03
-7.36617 1.93156e-03
-7.35195 1.96628e-03
-7.33774 2.02008e-03
-7.32352 2.09340e-03
-7.30931 2.18509e-03
-7.29510 2.29179e-03
-7.28088 2.41009e-03
-7.26667 2.53789e-03
-7.25245 2.67411e-03
-7.23824 2.81768e-03
-7.22402 2.96697e-03
-7.20981 3.11995e-03
-7.19560 3.27481e-03
-7.18138 3.43039e-03
-7.16717 3.58622e-03
-7.15295 3.74216e-03
-7.13874 3.89795e-03
-7.12452 4.05301e-03
-7.11031 4.20640e-03
-7.09610 4.35716e-03
-7.08188 4.50456e-03
-7.06767 4.64837e-03
-7.05345 4.78885e-03
-7.03924 4.92664e-03
-7.02503 5.06250e-03
-7.01081 5.19712e-03
-6.99660 5.33100e-03
-6.98238 5.46438e-03
-6.96817 5.59735e-03
-6.95395 5.72991e-03
-6.93974 5.86211e-03
-6.92553 5.99409e-03
-6.91131 6.12613e-03
-6.89710 6.25865e-03
-6.88288 6.39214e-03
-6.86867 6.52712e-03
-6.85445 6.66404e-03
-6.84024 6.80312e-03
-6.82603 6.94432e-03
-6.81181 7.08724e-03
-6.79760 7.23126e-03
-6.78338 7.37571e-03
-6.76917 7.52026e-03
-6.75495 7.66528e-03
-6.74074 7.81209e-03
-6.72653 7.96289e-03
-6.71231 8.12028e-03
-6.69810 8.28650e-03
-6.68388 8.46259e-03
-6.66967 8.64812e-03
-6.65546 8.84197e-03
-6.64124 9.04420e-03
-6.62703 9.25878e-03
-6.61281 9.49550e-03
-6.59860 9.76909e-03
-6.58438 1.00945e-02
-6.57017 1.04865e-02
-6.55596 1.09975e-02
-6.54174 1.15709e-02
-6.52753 1.24002e-02
-6.51331 1.34959e-02
-6.49910 1.49931e-02
-6.48488 1.61127e-02
-6.47067 1.84331e-02
-6.45646 1.46750e-02
-6.44224 1.35694e-02
-6.42803 1.27338e-02
-6.41381 1.21663e-02
-6.39960 1.17449e-02
-6.38539 1.13948e-02
-6.37117 1.10925e-02
-6.35696 1.08307e-02
-6.34274 1.06025e-02
-6.32853 1.03999e-02
-6.31431 1.02163e-02
-6.30010 1.00477e-02
-6.28589 9.89157e-03
-6.27167 9.74625e-03
-6.25746 9.61052e-03
-6.24324 9.48336e-03
-6.22903 9.36390e-03
-6.21481 9.25140e-03
-6.20060 9.14524e-03
-6.18639 9.04480e-03
-6.17217 8.94949e-03
-6.15796 8.85874e-03
-6.14374 8.77197e-03
-6.12953 8.68866e-03
-6.11532 8.60835e-03
-6.10110 8.53064e-03
-6.08689 8.45522e-03
-6.07267 8.38187e-03
-6.05846 8.31045e-03
-6.04424 8.24088e-03
-6.03003 8.17313e-03
-6.01582 8.10721e-03
-6.00160 8.04310e-03
-5.98739 7.98080e-03
-5.97317 7.92024e-03
-5.95896 7.86136e-03
-5.94474 7.80403e-03
-5.93053 7.74808e-03
-5.91632 7.69336e-03
-5.90210 7.63969e-03
-5.88789 7.58690e-03
-5.87367 7.53485e-03
-5.85946 7.48345e-03
-5.84525 7.43264e-03
-5.83103 7.38238e-03
-5.81682 7.33271e-03
-5.80260 7.28366e-03
-5.78839 7.23528e-03
-5.77417 7.18763e-03
-5.75996 7.14075e-03
-5.74575 7.09469e-03
-5.73153 7.04943e-03
-5.71732 7.00495e-03
-5.70310 6.96120e-03
-5.68889 6.91810e-03
-5.67467 6.87557e-03
-5.66046 6.83351e-03
-5.64625 6.79184e-03
-5.63203 6.75049e-03
-5.61782 6.70939e-03
-5.60360 6.66854e-03
-5.58939 6.62791e-03
-5.57518 6.58753e-03
-5.56096 6.54744e-03
-5.54675 6.50768e-03
-5.53253 6.46832e-03
-5.51832 6.42940e-03
-5.50410 6.39096e-03
-5.48989 6.35303e-03
-5.47568 6.31560e-03
-5.46146 6.27867e-03
-5.44725 6.24219e-03
-5.43303 6.20613e-03
-5.41882 6.17041e-03
-5.40460 6.13499e-03
-5.39039 6.09979e-03
-5.37618 6.06477e-03
-5.36196 6.02989e-03
-5.34775 5.99512e-03
-5.33353 5.96047e-03
-5.31932 5.92593e-03
-5.30511 5.89155e-03
-5.29089 5.85735e-03
-5.27668 5.82338e-03
-5.26246 5.78967e-03
-5.24825 5.75627e-03
-5.23403 5.72321e-03
-5.21982 5.69050e-03
-5.20561 5.65814e-03
-5.19139 5.62613e-03
-5.17718 5.59443e-03
-5.16296 5.56301e-03
-5.14875 5.53183e-03
-5.13453 5.50085e-03
-5.12032 5.47001e-03
-5.10611 5.43927e-03
-5.09189 5.40862e-03
-5.07768 5.37802e-03
-5.06346 5.34746e-03
-5.04925 5.31696e-03
-5.03504 5.28654e-03
-5.02082 5.25621e-03
-5.00661 5.22601e-03
-4.99239 5.19597e-03
-4.97818 5.16613e-03
-4.96396 5.13652e-03
-4.94975 5.10716e-03
-4.93554 5.07806e-03
-4.92132 5.04922e-03
-4.90711 5.02063e-03
-4.89289 4.99228e-03
-4.87868 4.96414e-03
-4.86446 4.93616e-03
-4.85025 4.90832e-03
-4.83604 4.88057e-03
-4.82182 4.85289e-03
-4.80761 4.82525e-03
-4.79339 4.79763e-03
-4.77918 4.77002e-03
-4.76496 4.74241e-03
-4.75075 4.71483e-03
-4.73654 4.68728e-03
-4.72232 4.65979e-03
-4.70811 4.63239e-03
-4.69389 4.60511e-03
-4.67968 4.57798e-03
-4.66547 4.55102e-03
-4.65125 4.52425e-03
-4.63704 4.49768e-03
-4.62282 4.47132e-03
-4.60861 4.44516e-03
-4.59439 4.41918e-03
-4.58018 4.39338e-03
-4.56597 4.36771e-03
-4.55175 4.34215e-03
-4.53754 4.31668e-03
-4.52332 4.29128e-03
-4.50911 4.26590e-03
-4.49489 4.24055e-03
-4.48068 4.21521e-03
-4.46647 4.18988e-03
-4.45225 4.16457e-03
-4.43804 4.13928e-03
-4.42382 4.11403e-03
-4.40961 4.08886e-03
-4.39540 4.06378e-03
-4.38118 4.03881e-03
-4.36697 4.01399e-03
-4.35275 3.98934e-03
-4.33854 3.96487e-03
-4.32432 3.94059e-03
-4.31011 3.91650e-03
-4.29590 3.89260e-03
-4.28168 3.86889e-03
-4.26747 3.84534e-03
-4.25325 3.82194e-03
-4.23904 3.79866e-03
-4.22482 3.77547e-03
-4.21061 3.75237e-03
-4.19640 3.72932e-03
-4.18218 3.70631e-03
-4.16797 3.68335e-03
-4.15375 3.66043e-03
-4.13954 3.63760e-03
-4.12533 3.61493e-03
-4.11111 3.59260e-03
-4.09690 3.57095e-03
-4.08268 3.55074e-03
-4.06847 3.53369e-03
-4.05425 3.52368e-03
-4.04004 3.52912e-03
-4.02583 3.56656e-03
-4.01161 3.68513e-03
-3.99740 3.77490e-03
-3.98318 3.87869e-03
-3.96897 3.96105e-03
-3.95475 4.04484e-03
-3.94054 4.14556e-03
-3.92633 4.24924e-03
-3.91211 4.34980e-03
-3.89790 4.45395e-03
-3.88368 4.56792e-03
-3.86947 4.69214e-03
-3.85526 4.82491e-03
-3.84104 4.96694e-03
-3.82683 5.12208e-03
-3.81261 5.29518e-03
-3.79840 5.49044e-03
-3.78418 5.71712e-03
-3.76997 5.99318e-03
-3.75576 6.25088e-03
-3.74154 6.37027e-03
-3.72733 6.42867e-03
-3.71311 6.49763e-03
-3.69890 6.57468e-03
-3.68468 6.65311e-03
-3.67047 6.72600e-03
-3.65626 6.79068e-03
-3.64204 6.84962e-03
-3.62783 6.90719e-03
-3.61361 6.96648e-03
-3.59940 7.02810e-03
-3.58519 7.09075e-03
-3.57097 7.15242e-03
-3.55676 7.21149e-03
-3.54254 7.26740e-03
-3.52833 7.32066e-03
-3.51411 7.37242e-03
-3.49990 7.42389e-03
-3.48569 7.47578e-03
-3.47147 7.52801e-03
-3.45726 7.58016e-03
-3.44304 7.63199e-03
-3.42883 7.68376e-03
-3.41461 7.73580e-03
-3.40040 7.78823e-03
-3.38619 7.84086e-03
-3.37197 7.89344e-03
-3.35776 7.94580e-03
-3.34354 7.99785e-03
-3.32933 8.04954e-03
-3.31512 8.10085e-03
-3.30090 8.15175e-03
-3.28669 8.20230e-03
-3.27247 8.25264e-03
-3.25826 8.30302e-03
-3.24404 8.35370e-03
-3.22983 8.40493e-03
-3.21562 8.45679e-03
-3.20140 8.50920e-03
-3.18719 8.56185e-03
-3.17297 8.61432e-03
-3.15876 8.66612e-03
-3.14454 8.71688e-03
-3.13033 8.76642e-03
-3.11612 8.81482e-03
-3.10190 8.86243e-03
-3.08769 8.90977e-03
-3.07347 8.95745e-03
-3.05926 9.00604e-03
-3.04505 9.05591e-03
-3.03083 9.10722e-03
-3.01662 9.15988e-03
-3.00240 9.21359e-03
-2.98819 9.26793e-03
-2.97397 9.32243e-03
-2.95976 9.37668e-03
-2.94555 9.43039e-03
-2.93133 9.48352e-03
-2.91712 9.53623e-03
-2.90290 9.58896e-03
-2.88869 9.64231e-03
-2.87447 9.69699e-03
-2.86026 9.75366e-03
-2.84605 9.81276e-03
-2.83183 9.87435e-03
-2.81762 9.93812e-03
-2.80340 1.00033e-02
-2.78919 1.00692e-02
-2.77497 1.01350e-02
-2.76076 1.02006e-02
-2.74655 1.02667e-02
-2.73233 1.03347e-02
-2.71812 1.04071e-02
-2.70390 1.04861e-02
-2.68969 1.05734e-02
-2.67548 1.06683e-02
-2.66126 1.07670e-02
-2.64705 1.08638e-02
-2.63283 1.09567e-02
-2.61862 1.10922e-02
-2.60440 1.12934e-02
-2.59019 1.13601e-02
-2.57598 1.14450e-02
-2.56176 1.15303e-02
-2.54755 1.16050e-02
-2.53333 1.16843e-02
-2.51912 1.17594e-02
-2.50490 1.18244e-02
-2.49069 1.18864e-02
-2.47648 1.19527e-02
-2.46226 1.20227e-02
-2.44805 1.20923e-02
-2.43383 1.21597e-02
-2.41962 1.22267e-02
-2.40541 1.22947e-02
-2.39119 1.23617e-02
-2.37698 1.24240e-02
-2.36276 1.24790e-02
-2.34855 1.25282e-02
-2.33433 1.25754e-02
-2.32012 1.26245e-02
-2.30591 1.26771e-02
-2.29169 1.27314e-02
-2.27748 1.27848e-02
-2.26326 1.28353e-02
-2.24905 1.28828e-02
-2.23483 1.29292e-02
-2.22062 1.29766e-02
-2.20641 1.30262e-02
-2.19219 1.30777e-02
-2.17798 1.31293e-02
-2.16376 1.31790e-02
-2.14955 1.32248e-02
-2.13534 1.32663e-02
-2.12112 1.33043e-02
-2.10691 1.33407e-02
-2.09269 1.33773e-02
-2.07848 1.34155e-02
-2.06426 1.34556e-02
-2.05005 1.34969e-02
-2.03584 1.35377e-02
-2.02162 1.35765e-02
-2.00741 1.36121e-02
-1.99319 1.36441e-02
-1.97898 1.36728e-02
-1.96476 1.36992e-02
-1.95055 1.37246e-02
-1.93634 1.37501e-02
-1.92212 1.37763e-02
-1.90791 1.38035e-02
-1.89369 1.38314e-02
-1.87948 1.38596e-02
-1.86527 1.38875e-02
-1.85105 1.39145e-02
-1.83684 1.39404e-02
-1.82262 1.39647e-02
-1.80841 1.39873e-02
-1.79419 1.40081e-02
-1.77998 1.40269e-02
-1.76577 1.40440e-02
-1.75155 1.40598e-02
-1.73734 1.40746e-02
-1.72312 1.40892e-02
-1.70891 1.41039e-02
-1.69469 1.41191e-02
-1.68048 1.41345e-02
-1.66627 1.41499e-02
-1.65205 1.41646e-02
-1.63784 1.41782e-02
-1.62362 1.41906e-02
-1.60941 1.42018e-02
-1.59520 1.42126e-02
-1.58098 1.42238e-02
-1.56677 1.42362e-02
-1.55255 1.42497e-02
-1.53834 1.42640e-02
-1.52412 1.42778e-02
-1.50991 1.42895e-02
-1.49570 1.42975e-02
-1.48148 1.43012e-02
-1.46727 1.43007e-02
-1.45305 1.42975e-02
-1.43884 1.42935e-02
-1.42462 1.42909e-02
-1.41041 1.42909e-02
-1.39620 1.42932e-02
-1.38198 1.42963e-02
-1.36777 1.42979e-02
-1.35355 1.42966e-02
-1.33934 1.42925e-02
-1.32513 1.42881e-02
-1.31091 1.42872e-02
-1.29670 1.42928e-02
-1.28248 1.43054e-02
-1.26827 1.43215e-02
-1.25405 1.43349e-02
-1.23984 1.43405e-02
-1.22563 1.43375e-02
-1.21141 1.43291e-02
-1.19720 1.43196e-02
-1.18298 1.43126e-02
-1.16877 1.43088e-02
-1.15455 1.42930e-02
-1.14034 1.42311e-02
-1.12613 1.41155e-02
-1.11191 1.41343e-02
-1.09770 1.37011e-02
-1.08348 1.32848e-02
-1.06927 1.28912e-02
-1.05506 1.25793e-02
-1.04084 1.23499e-02
-1.02663 1.21299e-02
-1.01241 1.19153e-02
-0.99820 1.17253e-02
-0.98398 1.15498e-02
-0.96977 1.13696e-02
-0.95556 1.11859e-02
-0.94134 1.10124e-02
-0.92713 1.08548e-02
-0.91291 1.07065e-02
-0.89870 1.05599e-02
-0.88448 1.04139e-02
-0.87027 1.02719e-02
-0.85606 1.01351e-02
-0.84184 1.00004e-02
-0.82763 9.86329e-03
-0.81341 9.72205e-03
-0.79920 9.57971e-03
-0.78498 9.44141e-03
-0.77077 9.31035e-03
-0.75656 9.18558e-03
-0.74234 9.06317e-03
-0.72813 8.93925e-03
-0.71391 8.81255e-03
-0.69970 8.68472e-03
-0.68549 8.55857e-03
-0.67127 8.43578e-03
-0.65706 8.31575e-03
-0.64284 8.19619e-03
-0.62863 8.07489e-03
-0.61441 7.95136e-03
-0.60020 7.82718e-03
-0.58599 7.70491e-03
-0.57177 7.58640e-03
-0.55756 7.47142e-03
-0.54334 7.35770e-03
-0.52913 7.24218e-03
-0.51491 7.12268e-03
-0.50070 6.99916e-03
-0.48649 6.87356e-03
-0.47227 6.74852e-03
-0.45806 6.62568e-03
-0.44384 6.50458e-03
-0.42963 6.38294e-03
-0.41542 6.25813e-03
-0.40120 6.12917e-03
-0.38699 5.99778e-03
-0.37277 5.86781e-03
-0.35856 5.74287e-03
-0.34434 5.62355e-03
-0.33013 5.50613e-03
-0.31592 5.38426e-03
-0.30170 5.25316e-03
-0.28749 5.11385e-03
-0.27327 4.97350e-03
-0.25906 4.84045e-03
-0.24484 4.71661e-03
-0.23063 4.59403e-03
-0.21642 4.46019e-03
-0.20220 4.30932e-03
-0.18799 4.14943e-03
-0.17377 3.99679e-03
-0.15956 3.86080e-03
-0.14535 3.73050e-03
-0.13113 3.57328e-03
-0.11692 3.35529e-03
-0.10270 3.08909e-03
-0.08849 2.86689e-03
-0.07427 2.75089e-03
-0.06006 2.60239e-03
-0.04585 2.27346e-03
-0.03163 1.93329e-03
-0.01742 2.13876e-03
-0.00320 1.30343e-03
0.01101 5.91853e-04
0.02523 3.29667e-04
0.03944 1.86760e-04
0.05365 1.11221e-04
0.06787 6.95966e-05
0.08208 4.48204e-05
0.09630 2.93402e-05
0.11051 1.94724e-05
0.12472 1.31109e-05
0.13894 8.96080e-06
0.15315 6.21508e-06
0.16737 4.36949e-06
0.18158 3.10796e-06
0.19580 2.23116e-06
0.21001 1.61227e-06
0.22422 1.16959e-06
0.23844 8.49681e-07
0.25265 6.16867e-07
0.26687 4.46795e-07
0.28108 3.22457e-07
0.29530 2.31725e-07
0.30951 1.65810e-07
0.32372 1.18283e-07
0.33794 8.44534e-08
0.35215 6.09677e-08
0.36637 4.55981e-08
0.38058 3.72138e-08
0.39479 3.60274e-08
0.40901 4.43234e-08
0.42322 6.81027e-08
0.43744 1.20473e-07
0.45165 2.28308e-07
0.46587 4.44909e-07
0.48008 8.73532e-07
0.49429 1.71077e-06
0.50851 3.32686e-06
0.52272 6.41600e-06
0.53694 1.22762e-05
0.55115 2.33109e-05
0.56537 4.38531e-05
0.57958 8.13234e-05
0.59379 1.47469e-04
0.60801 2.59043e-04
0.62222 4.37470e-04
0.63644 7.11339e-04
0.65065 1.36018e-03
0.66486 3.08979e-03
0.67908 2.54395e-03
0.69329 3.01212e-03
0.70751 3.50905e-03
0.72172 3.97057e-03
0.73594 4.45035e-03
0.75015 4.94966e-03
0.76436 5.48159e-03
0.77858 6.06529e-03
0.79279 6.70885e-03
0.80701 7.43241e-03
0.82122 8.16630e-03
0.83544 8.67992e-03
0.84965 9.00286e-03
0.86386 9.39065e-03
0.87808 9.83812e-03
0.89229 1.02366e-02
0.90651 1.06034e-02
0.92072 1.09832e-02
0.93493 1.13684e-02
0.94915 1.17382e-02
0.96336 1.20947e-02
0.97758 1.24490e-02
0.99179 1.28021e-02
1.00601 1.31493e-02
1.02022 1.34937e-02
1.03443 1.38475e-02
1.04865 1.42229e-02
1.06286 1.46242e-02
1.07708 1.50490e-02
1.09129 1.55311e-02
1.10551 1.66645e-02
1.11972 1.72357e-02
1.13393 1.75927e-02
1.14815 1.78940e-02
1.16236 1.82860e-02
1.17658 1.88148e-02
1.19079 1.93288e-02
1.20501 1.98322e-02
1.21922 2.03588e-02
1.23343 2.08684e-02
1.24765 2.13244e-02
1.26186 2.17588e-02
1.27608 2.22073e-02
1.29029 2.26652e-02
1.30450 2.31127e-02
1.31872 2.35419e-02
1.33293 2.39598e-02
1.34715 2.43787e-02
1.36136 2.48041e-02
1.37558 2.52326e-02
1.38979 2.56582e-02
1.40400 2.60791e-02
1.41822 2.65001e-02
1.43243 2.69280e-02
1.44665 2.73660e-02
1.46086 2.78116e-02
1.47508 2.82588e-02
1.48929 2.87015e-02
1.50350 2.91369e-02
1.51772 2.95660e-02
1.53193 2.99926e-02
1.54615 3.04211e-02
1.56036 3.08545e-02
1.57457 3.12939e-02
1.58879 3.17391e-02
1.60300 3.21901e-02
1.61722 3.26470e-02
1.63143 3.31115e-02
1.64565 3.35851e-02
1.65986 3.40691e-02
1.67407 3.45642e-02
1.68829 3.50702e-02
1.70250 3.55872e-02
1.71672 3.61164e-02
1.73093 3.66601e-02
1.74515 3.72221e-02
1.75936 3.78066e-02
1.77357 3.84173e-02
1.78779 3.90570e-02
1.80200 3.97275e-02
1.81622 4.04305e-02
1.83043 4.11694e-02
1.84464 4.19513e-02
1.85886 4.27893e-02
1.87307 4.37039e-02
1.88729 4.47237e-02
1.90150 4.58821e-02
1.91572 4.72006e-02
1.92993 4.86549e-02
1.94414 5.01524e-02
1.95836 5.15513e-02
1.97257 5.26940e-02
1.98679 5.34549e-02
2.00100 5.38249e-02
2.01522 5.39585e-02
2.02943 5.41443e-02
2.04364 5.45134e-02
2.05786 5.47392e-02
2.07207 5.46472e-02
2.08629 5.43864e-02
2.10050 5.39784e-02
2.11471 5.34720e-02
2.12893 5.29849e-02
2.14314 5.25589e-02
2.15736 5.22219e-02
2.17157 5.20982e-02
2.18579 5.21482e-02
2.20000 5.18384e-02
