-12.00000 5.528933307260289e-37
-11.98579 2.724942171830455e-36
-11.97157 1.332380470346621e-35
-11.95736 6.467023925377822e-35
-11.94314 3.117860258744562e-34
-11.92893 1.494077090949541e-33
-11.91471 7.121264733797828e-33
-11.90050 3.378527196406922e-32
-11.88629 1.596683994283620e-31
-11.87207 7.522959874969591e-31
-11.85786 3.536912505559803e-30
-11.84364 1.660945714354819e-29
-11.82943 7.799480872778756e-29
-11.81522 3.666900839824559e-28
-11.80100 1.728441834662454e-27
-11.78679 8.180138347680335e-27
-11.77257 3.892459920023004e-26
-11.75836 1.864496416347176e-25
-11.74414 8.997541779472642e-25
-11.72993 4.375674250944795e-24
-11.71572 2.144062476649613e-23
-11.70150 1.057898776618235e-22
-11.68729 5.252004409802358e-22
-11.67307 2.621396672608527e-21
-11.65886 1.314382584867029e-20
-11.64464 6.613990113318543e-20
-11.63043 3.334905849684279e-19
-11.61622 1.680719098856546e-18
-11.60200 8.435704386761238e-18
-11.58779 4.197253066999348e-17
-11.57357 2.059746005796343e-16
-11.55936 9.919871983924311e-16
-11.54515 4.668583968940309e-15
-11.53093 2.140354254486026e-14
-11.51672 9.542266591829314e-14
-11.50250 4.136148666520109e-13
-11.48829 1.745461848939637e-12
-11.47407 7.191161217066140e-12
-11.45986 2.903378715229686e-11
-11.44565 1.153415976165966e-10
-11.43143 4.523847646234116e-10
-11.41722 1.755024732148094e-09
-11.40300 6.740185555498676e-09
-11.38879 2.569112706928702e-08
-11.37457 9.755792293369292e-08
-11.36036 3.627320663281846e-07
-11.34615 1.231186195212183e-06
-11.33193 3.469119034009048e-06
-11.31772 7.718808495738845e-06
-11.30350 1.391084621402334e-05
-11.28929 2.183729972360773e-05
-11.27508 3.163106072640514e-05
-11.26086 4.294727051676827e-05
-11.24665 5.484239571825959e-05
-11.23243 6.678324392229301e-05
-11.21822 7.908665570549027e-05
-11.20400 9.232520857174048e-05
-11.18979 1.066651814491597e-04
-11.17558 1.218653999465169e-04
-11.16136 1.376920768138267e-04
-11.14715 1.541899148728562e-04
-11.13293 1.716223096329502e-04
-11.11872 1.902477666594515e-04
-11.10450 2.101479315164084e-04
-11.09029 2.312002456459890e-04
-11.07608 2.531663943350849e-04
-11.06186 2.758161101338765e-04
-11.04765 2.990173142173718e-04
-11.03343 3.227621329794254e-04
-11.01922 3.471343428106086e-04
-11.00501 3.722450228248773e-04
-10.99079 3.981689479442846e-04
-10.97658 4.249076106176914e-04
-10.96236 4.523901091046754e-04
-10.94815 4.805064779293743e-04
-10.93393 5.091558341941242e-04
-10.91972 5.382882004040779e-04
-10.90551 5.679241469057633e-04
-10.89129 5.981469462970482e-04
-10.87708 6.290728019265411e-04
-10.86286 6.608118685141428e-04
-10.84865 6.934344005284841e-04
-10.83443 7.269529047500749e-04
-10.82022 7.613246569876906e-04
-10.80601 7.964719447966435e-04
-10.79179 8.323121552675194e-04
-10.77758 8.687876532341175e-04
-10.76336 9.058864778378540e-04
-10.74915 9.436484367561651e-04
-10.73493 9.821558343762432e-04
-10.72072 1.021512382398532e-03
-10.70651 1.061816690862796e-03
-10.69229 1.103137581946117e-03
-10.67808 1.145497376064028e-03
-10.66386 1.188866813286244e-03
-10.64965 1.233172184674764e-03
-10.63544 1.278312360815994e-03
-10.62122 1.324181346378148e-03
-10.60701 1.370691107290041e-03
-10.59279 1.417789755154955e-03
-10.57858 1.465471516046877e-03
-10.56436 1.513776867750533e-03
-10.55015 1.562783338890703e-03
-10.53594 1.612589290343004e-03
-10.52172 1.663294214842348e-03
-10.50751 1.714979520459757e-03
-10.49329 1.767693401987108e-03
-10.47908 1.821442395568416e-03
-10.46486 1.876190805942902e-03
-10.45065 1.931867688899253e-03
-10.43644 1.988379746834760e-03
-10.42222 2.045627571734371e-03
-10.40801 2.103522270876531e-03
-10.39379 2.161999653809498e-03
-10.37958 2.221029766749177e-03
-10.36537 2.280620484652824e-03
-10.35115 2.340814927878205e-03
-10.33694 2.401683474609912e-03
-10.32272 2.463311936384316e-03
-10.30851 2.525787946701984e-03
-10.29429 2.589187737133891e-03
-10.28008 2.653565256853663e-03
-10.26587 2.718945095991274e-03
-10.25165 2.785320001011207e-03
-10.23744 2.852653037482597e-03
-10.22322 2.920883774946468e-03
-10.20901 2.989937333777809e-03
-10.19479 3.059734808393664e-03
-10.18058 3.130203492574458e-03
-10.16637 3.201285473274845e-03
-10.15215 3.272943490899357e-03
-10.13794 3.345163426375218e-03
-10.12372 3.417953296374227e-03
-10.10951 3.491339144088826e-03
-10.09530 3.565358638147769e-03
-10.08108 3.640053485642880e-03
-10.06687 3.715461895706126e-03
-10.05265 3.791612288487989e-03
-10.03844 3.868519243248585e-03
-10.02422 3.946182350123990e-03
-10.01001 4.024588219037633e-03
-9.99580 4.103715460880988e-03
-9.98158 4.183542047083367e-03
-9.96737 4.264054125710771e-03
-9.95315 4.345255165864216e-03
-9.93894 4.427174242072885e-03
-9.92472 4.509872362554916e-03
-9.91051 4.593445976411008e-03
-9.89630 4.678027134567602e-03
-9.88208 4.763780184051568e-03
-9.86787 4.850895294053285e-03
-9.85365 4.939579493478193e-03
-9.83944 5.030046197152399e-03
-9.82523 5.122504376494562e-03
-9.81101 5.217148570282209e-03
-9.79680 5.314150829088486e-03
-9.78258 5.413655456826314e-03
-9.76837 5.515777083147123e-03
-9.75415 5.620602210859422e-03
-9.73994 5.728193979172926e-03
-9.72573 5.838599513798876e-03
-9.71151 5.951858942088092e-03
-9.69730 6.068014969837083e-03
-9.68308 6.187121867246632e-03
-9.66887 6.309252799398169e-03
-9.65465 6.434504648132789e-03
-9.64044 6.562999777133850e-03
-9.62623 6.694884548113012e-03
-9.61201 6.830324758320765e-03
-9.59780 6.969498502935504e-03
-9.58358 7.112587256601038e-03
-9.56937 7.259766228284494e-03
-9.55516 7.411195296900975e-03
-9.54094 7.567012083250438e-03
-9.52673 7.727328885725133e-03
-9.51251 7.892235124819765e-03
-9.49830 8.061806354359215e-03
-9.48408 8.236119651300174e-03
-9.46987 8.415273556849933e-03
-9.45566 8.599409761290366e-03
-9.44144 8.788735282704211e-03
-9.42723 8.983549777774696e-03
-9.41301 9.184292124447125e-03
-9.39880 9.391626893102158e-03
-9.38458 9.606580735666235e-03
-9.37037 9.830695747201379e-03
-9.35616 1.006609453472017e-02
-9.34194 1.031530646707254e-02
-9.32773 1.058083703900757e-02
-9.31351 1.086499823556265e-02
-9.29930 1.117141730302940e-02
-9.28509 1.150960806617556e-02
-9.27087 1.190008450386953e-02
-9.25666 1.236990489661152e-02
-9.24244 1.292946243885878e-02
-9.22823 1.354493938388111e-02
-9.21401 1.414330247421655e-02
-9.19980 1.465505199741442e-02
-9.18559 1.504104781447857e-02
-9.17137 1.527379824015803e-02
-9.15716 1.532822720313672e-02
-9.14294 1.521878758746041e-02
-9.12873 1.502101859695591e-02
-9.11451 1.482711476930672e-02
-9.10030 1.468642198057573e-02
-9.08609 1.459504541140264e-02
-9.07187 1.452601045458297e-02
-9.05766 1.445740250264931e-02
-9.04344 1.438070705334599e-02
-9.02923 1.429678348687257e-02
-9.01502 1.420961398576197e-02
-9.00080 1.412212574566915e-02
-8.98659 1.403472795582295e-02
-8.97237 1.394596215724423e-02
-8.95816 1.385416509956951e-02
-8.94394 1.375896029452816e-02
-8.92973 1.366179627193920e-02
-8.91552 1.356541650985560e-02
-8.90130 1.347270655423929e-02
-8.88709 1.338557180302286e-02
-8.87287 1.330434503263353e-02
-8.85866 1.322787584235803e-02
-8.84444 1.315412857354384e-02
-8.83023 1.308095062831559e-02
-8.81602 1.300669219807622e-02
-8.80180 1.293049668063719e-02
-8.78759 1.285224694325810e-02
-8.77337 1.277227603415195e-02
-8.75916 1.269100238535143e-02
-8.74494 1.260863438940310e-02
-8.73073 1.252503207979826e-02
-8.71652 1.243974344331097e-02
-8.70230 1.235217342585713e-02
-8.68809 1.226180929458399e-02
-8.67387 1.216842084478640e-02
-8.65966 1.207217350220699e-02
-8.64545 1.197362650948394e-02
-8.63123 1.187362497158356e-02
-8.61702 1.177312303370895e-02
-8.60280 1.167298947974116e-02
-8.58859 1.157384528248346e-02
-8.57437 1.147596830159898e-02
-8.56016 1.137927932970875e-02
-8.54595 1.128340253449306e-02
-8.53173 1.118777729262833e-02
-8.51752 1.109179039577142e-02
-8.50330 1.099489802545677e-02
-8.48909 1.089671407354099e-02
-8.47487 1.079705245263516e-02
-8.46066 1.069592284192906e-02
-8.44645 1.059348917008619e-02
-8.43223 1.049000631345097e-02
-8.41802 1.038575234920937e-02
-8.40380 1.028097161362230e-02
-8.38959 1.017583886864135e-02
-8.37538 1.007044855000060e-02
-8.36116 9.964826861882315e-03
-8.34695 9.858959646142182e-03
-8.33273 9.752826287101161e-03
-8.31852 9.646429684181279e-03
-8.30430 9.539814295274333e-03
-8.29009 9.433067787373357e-03
-8.27588 9.326306058529861e-03
-8.26166 9.219645399290330e-03
-8.24745 9.113168548206287e-03
-8.23323 9.006892824961333e-03
-8.21902 8.900748184880273e-03
-8.20480 8.794571059072860e-03
-8.19059 8.688116648388897e-03
-8.17638 8.581088553672298e-03
-8.16216 8.473180963904540e-03
-8.14795 8.364125767487770e-03
-8.13373 8.253735436009105e-03
-8.11952 8.141932664778209e-03
-8.10531 8.028759580834073e-03
-8.09109 7.914362614016783e-03
-8.07688 7.798953397967294e-03
-8.06266 7.682750678704097e-03
-8.04845 7.565912419660424e-03
-8.03423 7.448470359874520e-03
-8.02002 7.330280540488670e-03
-8.00581 7.211002253089144e-03
-7.99159 7.090114208639108e-03
-7.97738 6.966970548104753e-03
-7.96316 6.840891167135503e-03
-7.94895 6.711271886519409e-03
-7.93473 6.577692147395925e-03
-7.92052 6.439993595550336e-03
-7.90631 6.298304703170754e-03
-7.89209 6.152996319133277e-03
-7.87788 6.004570908397211e-03
-7.86366 5.853511879314808e-03
-7.84945 5.700143527316914e-03
-7.83524 5.544568569456136e-03
-7.82102 5.386748193332887e-03
-7.80681 5.226756770902032e-03
-7.79259 5.065171323960805e-03
-7.77838 4.903452066439372e-03
-7.76416 4.744075967641546e-03
-7.74995 4.590179871943996e-03
-7.73574 4.444637963424185e-03
-7.72152 4.308852929933972e-03
-7.70731 4.181945178676999e-03
-7.69309 4.061187617381305e-03
-7.67888 3.944095539919618e-03
-7.66466 3.831330128023931e-03
-7.65045 3.727911788214353e-03
-7.63624 3.639766013054354e-03
-7.62202 3.565806464065582e-03
-7.60781 3.494026880656749e-03
-7.59359 3.417731289959489e-03
-7.57938 3.357909087358205e-03
-7.56517 3.302345924629540e-03
-7.55095 3.121673725980590e-03
-7.53674 2.753731658722947e-03
-7.52252 2.371743654933394e-03
-7.50831 2.139293860212823e-03
-7.49409 2.049061895379387e-03
-7.47988 2.033223482006890e-03
-7.46567 2.041085846642104e-03
-7.45145 2.045529757984326e-03
-7.43724 2.042323152525789e-03
-7.42302 2.043054569425769e-03
-7.40881 2.060217486881041e-03
-7.39459 2.096957121687751e-03
-7.38038 2.148054053081716e-03
-7.36617 2.206734001868924e-03
-7.35195 2.269532375818238e-03
-7.33774 2.336748583802357e-03
-7.32352 2.410387384815431e-03
-7.30931 2.492037777970849e-03
-7.29510 2.581870982548809e-03
-7.28088 2.678777740723373e-03
-7.26667 2.781120665187086e-03
-7.25245 2.887516248989387e-03
-7.23824 2.997269620932474e-03
-7.22402 3.110373183600921e-03
-7.20981 3.227201810911518e-03
-7.19560 3.348124276804354e-03
-7.18138 3.473216135097152e-03
-7.16717 3.602161863200184e-03
-7.15295 3.734334580506383e-03
-7.13874 3.868977967749316e-03
-7.12452 4.005397702720382e-03
-7.11031 4.143089682909038e-03
-7.09610 4.281771493069380e-03
-7.08188 4.421323897238689e-03
-7.06767 4.561677813621377e-03
-7.05345 4.702693743617085e-03
-7.03924 4.844075940746458e-03
-7.02503 4.985347863130495e-03
-7.01081 5.125895285751391e-03
-6.99660 5.265064811895979e-03
-6.98238 5.402292461361187e-03
-6.96817 5.537231329388918e-03
-6.95395 5.669848875198493e-03
-6.93974 5.800471767017399e-03
-6.92553 5.929767273986053e-03
-6.91131 6.058662703167566e-03
-6.89710 6.188216257157353e-03
-6.88288 6.319462179298184e-03
-6.86867 6.453258774715378e-03
-6.85445 6.590168889672193e-03
-6.84024 6.730398298762445e-03
-6.82603 6.873808527164076e-03
-6.81181 7.020008118287850e-03
-6.79760 7.168512176759579e-03
-6.78338 7.318946368543927e-03
-6.76917 7.471260203433546e-03
-6.75495 7.625906218920358e-03
-6.74074 7.783937047907643e-03
-6.72653 7.946973106806117e-03
-6.71231 8.117005862465401e-03
-6.69810 8.296038036297547e-03
-6.68388 8.485641222231683e-03
-6.66967 8.686648370246564e-03
-6.65546 8.899376650010442e-03
-6.64124 9.124888097195440e-03
-6.62703 9.367586088848176e-03
-6.61281 9.638616962297352e-03
-6.59860 9.958314834125135e-03
-6.58438 1.035614290108490e-02
-6.57017 1.086839757706092e-02
-6.55596 1.151414457306847e-02
-6.54174 1.222403719266375e-02
-6.52753 1.298515952925181e-02
-6.51331 1.381983274569360e-02
-6.49910 1.445577154826625e-02
-6.48488 1.541495328569839e-02
-6.47067 1.663411868983134e-02
-6.45646 1.436013118073216e-02
-6.44224 1.329092365796945e-02
-6.42803 1.266364370039449e-02
-6.41381 1.210583949703906e-02
-6.39960 1.163963985114176e-02
-6.38539 1.126834673219330e-02
-6.37117 1.097251542997630e-02
-6.35696 1.072679358421921e-02
-6.34274 1.051157765218747e-02
-6.32853 1.031574989136303e-02
-6.31431 1.013452350552867e-02
-6.30010 9.966304255550241e-03
-6.28589 9.810434341654260e-03
-6.27167 9.666125860985820e-03
-6.25746 9.532229947925328e-03
-6.24324 9.407396854328849e-03
-6.22903 9.290314506939503e-03
-6.21481 9.179874532797710e-03
-6.20060 9.075230595762339e-03
-6.18639 8.975773117901702e-03
-6.17217 8.881061652977093e-03
-6.15796 8.790750433862146e-03
-6.14374 8.704528718126145e-03
-6.12953 8.622084155809173e-03
-6.11532 8.543088135234942e-03
-6.10110 8.467197394619817e-03
-6.08689 8.394065058254761e-03
-6.07267 8.323355203982611e-03
-6.05846 8.254756842904706e-03
-6.04424 8.187994974654526e-03
-6.03003 8.122837772525754e-03
-6.01582 8.059099854066977e-03
-6.00160 7.996642074620638e-03
-5.98739 7.935368476055861e-03
-5.97317 7.875221058740792e-03
-5.95896 7.816173014628487e-03
-5.94474 7.758221015133133e-03
-5.93053 7.701377107917396e-03
-5.91632 7.645660739941697e-03
-5.90210 7.591091379880967e-03
-5.88789 7.537682151367090e-03
-5.87367 7.485434804592077e-03
-5.85946 7.434336249081338e-03
-5.84525 7.384356751733922e-03
-5.83103 7.335449781551050e-03
-5.81682 7.287553366726814e-03
-5.80260 7.240592730758290e-03
-5.78839 7.194483899360330e-03
-5.77417 7.149137923646277e-03
-5.75996 7.104465348602877e-03
-5.74575 7.060380567969521e-03
-5.73153 7.016805743695209e-03
-5.71732 6.973674025143066e-03
-5.70310 6.930931874207065e-03
-5.68889 6.888540381236435e-03
-5.67467 6.846475537011094e-03
-5.66046 6.804727502375576e-03
-5.64625 6.763298984724191e-03
-5.63203 6.722202885552046e-03
-5.61782 6.681459423099762e-03
-5.60360 6.641092957274785e-03
-5.58939 6.601128750262854e-03
-5.57518 6.561589886388778e-03
-5.56096 6.522494550654566e-03
-5.54675 6.483853829568491e-03
-5.53253 6.445670153537390e-03
-5.51832 6.407936450705341e-03
-5.50410 6.370636031240189e-03
-5.48989 6.333743172093757e-03
-5.47568 6.297224328226954e-03
-5.46146 6.261039859701194e-03
-5.44725 6.225146136744113e-03
-5.43303 6.189497868030780e-03
-5.41882 6.154050491372331e-03
-5.40460 6.118762470455446e-03
-5.39039 6.083597355276391e-03
-5.37618 6.048525485983401e-03
-5.36196 6.013525248105821e-03
-5.34775 5.978583819481431e-03
-5.33353 5.943697383366568e-03
-5.31932 5.908870816038792e-03
-5.30511 5.874116888660206e-03
-5.29089 5.839455050518910e-03
-5.27668 5.804909882625508e-03
-5.26246 5.770509326044322e-03
-5.24825 5.736282797762159e-03
-5.23403 5.702259308257896e-03
-5.21982 5.668465689567256e-03
-5.20561 5.634925031238019e-03
-5.19139 5.601655405143366e-03
-5.17718 5.568668939890775e-03
-5.16296 5.535971282896206e-03
-5.14875 5.503561464507859e-03
-5.13453 5.471432155249973e-03
-5.12032 5.439570285600486e-03
-5.10611 5.407957978832129e-03
-5.09189 5.376573732230866e-03
-5.07768 5.345393771098757e-03
-5.06346 5.314393493716968e-03
-5.04925 5.283548923978781e-03
-5.03504 5.252838091527562e-03
-5.02082 5.222242266538482e-03
-5.00661 5.191746987151557e-03
-4.99239 5.161342831228013e-03
-4.97818 5.131025899687685e-03
-4.96396 5.100797995265823e-03
-4.94975 5.070666497177233e-03
-4.93554 5.040643948017338e-03
-4.92132 5.010747383478702e-03
-4.90711 4.980997447460985e-03
-4.89289 4.951417344398951e-03
-4.87868 4.922031686794846e-03
-4.86446 4.892865298863022e-03
-4.85025 4.863942036895715e-03
-4.83604 4.835283683621594e-03
-4.82182 4.806908967778790e-03
-4.80761 4.778832751805772e-03
-4.79339 4.751065420499322e-03
-4.77918 4.723612492288059e-03
-4.76496 4.696474463035481e-03
-4.75075 4.669646880622895e-03
-4.73654 4.643120637536738e-03
-4.72232 4.616882458800932e-03
-4.70811 4.590915554272571e-03
-4.69389 4.565200397879382e-03
-4.67968 4.539715592032026e-03
-4.66547 4.514438773292860e-03
-4.65125 4.489347515415103e-03
-4.63704 4.464420187968333e-03
-4.62282 4.439636732733314e-03
-4.60861 4.414979325599557e-03
-4.59439 4.390432898493445e-03
-4.58018 4.365985503524188e-03
-4.56597 4.341628509661828e-03
-4.55175 4.317356630458753e-03
-4.53754 4.293167789215974e-03
-4.52332 4.269062835235233e-03
-4.50911 4.245045131095476e-03
-4.49489 4.221120036015534e-03
-4.48068 4.197294314151586e-03
-4.46647 4.173575499040239e-03
-4.45225 4.149971246325018e-03
-4.43804 4.126488706462663e-03
-4.42382 4.103133947439669e-03
-4.40961 4.079911454858835e-03
-4.39540 4.056823733375981e-03
-4.38118 4.033871029755756e-03
-4.36697 4.011051194241918e-03
-4.35275 3.988359694091407e-03
-4.33854 3.965789791760993e-03
-4.32432 3.943332901377222e-03
-4.31011 3.920979142186569e-03
-4.29590 3.898718118728024e-03
-4.28168 3.876539977508212e-03
-4.26747 3.854436823394149e-03
-4.25325 3.832404632168847e-03
-4.23904 3.810445878243675e-03
-4.22482 3.788573224115451e-03
-4.21061 3.766814821650788e-03
-4.19640 3.745222123084952e-03
-4.18218 3.723881741228446e-03
-4.16797 3.702934115571361e-03
-4.15375 3.682603921284037e-03
-4.13954 3.663250480225585e-03
-4.12533 3.645450029866059e-03
-4.11111 3.630122532494305e-03
-4.09690 3.618708284918378e-03
-4.08268 3.613377106460147e-03
-4.06847 3.617205605621504e-03
-4.05425 3.634200356782487e-03
-4.04004 3.670216389302542e-03
-4.02583 3.743726531128798e-03
-4.01161 3.866447074160200e-03
-3.99740 3.954603161874285e-03
-3.98318 4.018335647433508e-03
-3.96897 4.113761899811102e-03
-3.95475 4.213222561867625e-03
-3.94054 4.305132534287577e-03
-3.92633 4.394859874897573e-03
-3.91211 4.490615556001248e-03
-3.89790 4.597256353585462e-03
-3.88368 4.715132390754368e-03
-3.86947 4.842677910856414e-03
-3.85526 4.979123243325910e-03
-3.84104 5.125464066931067e-03
-3.82683 5.284355994457646e-03
-3.81261 5.459911821023439e-03
-3.79840 5.656290222214278e-03
-3.78418 5.872213502442564e-03
-3.76997 6.092672450489185e-03
-3.75576 6.288313536675172e-03
-3.74154 6.431726893835131e-03
-3.72733 6.519318765073885e-03
-3.71311 6.574160750096941e-03
-3.69890 6.625571746258749e-03
-3.68468 6.688516427710322e-03
-3.67047 6.761096274310490e-03
-3.65626 6.834662454557749e-03
-3.64204 6.902708301737126e-03
-3.62783 6.963308045117385e-03
-3.61361 7.017696522797250e-03
-3.59940 7.068288761319631e-03
-3.58519 7.117402609065180e-03
-3.57097 7.166689023658440e-03
-3.55676 7.217009698372556e-03
-3.54254 7.268560339802281e-03
-3.52833 7.321102372057007e-03
-3.51411 7.374204009328384e-03
-3.49990 7.427427161569571e-03
-3.48569 7.480434399355673e-03
-3.47147 7.533021630967433e-03
-3.45726 7.585100068638735e-03
-3.44304 7.636655194258492e-03
-3.42883 7.687705347336583e-03
-3.41461 7.738273700525256e-03
-3.40040 7.788378618273788e-03
-3.38619 7.838040569191049e-03
-3.37197 7.887299418905761e-03
-3.35776 7.936234021893406e-03
-3.34354 7.984976292521331e-03
-3.32933 8.033713939007561e-03
-3.31512 8.082679175746964e-03
-3.30090 8.132124238806960e-03
-3.28669 8.182287659983375e-03
-3.27247 8.233357398999946e-03
-3.25826 8.285437742980604e-03
-3.24404 8.338526303744310e-03
-3.22983 8.392505684099430e-03
-3.21562 8.447151835856391e-03
-3.20140 8.502158280774177e-03
-3.18719 8.557172707373181e-03
-3.17297 8.611840427827732e-03
-3.15876 8.665848100964572e-03
-3.14454 8.718961163888919e-03
-3.13033 8.771049547987035e-03
-3.11612 8.822098281546816e-03
-3.10190 8.872202137124004e-03
-3.08769 8.921546099740120e-03
-3.07347 8.970375625837659e-03
-3.05926 9.018962026258261e-03
-3.04505 9.067568604168517e-03
-3.03083 9.116422406721595e-03
-3.01662 9.165694842718673e-03
-3.00240 9.215492401149768e-03
-2.98819 9.265856785246506e-03
-2.97397 9.316772413662074e-03
-2.95976 9.368178720036254e-03
-2.94555 9.419985030216150e-03
-2.93133 9.472086763248930e-03
-2.91712 9.524382828546438e-03
-2.90290 9.576794845061177e-03
-2.88869 9.629288761725230e-03
-2.87447 9.681898458967598e-03
-2.86026 9.734749177433331e-03
-2.84605 9.788076703773532e-03
-2.83183 9.842236825779857e-03
-2.81762 9.897699147915643e-03
-2.80340 9.955020007670843e-03
-2.78919 1.001479069814387e-02
-2.77497 1.007755945504172e-02
-2.76076 1.014372960233924e-02
-2.74655 1.021344364577292e-02
-2.73233 1.028647494296707e-02
-2.71812 1.036216209712094e-02
-2.70390 1.043942820984783e-02
-2.68969 1.051691778196209e-02
-2.67548 1.059326217961633e-02
-2.66126 1.066753441175691e-02
-2.64705 1.074070656031009e-02
-2.63283 1.082231010080609e-02
-2.61862 1.094116465956092e-02
-2.60440 1.110987420148042e-02
-2.59019 1.126106383565554e-02
-2.57598 1.135028462107014e-02
-2.56176 1.142545886830122e-02
-2.54755 1.151118455316156e-02
-2.53333 1.159227194153795e-02
-2.51912 1.165966401276858e-02
-2.50490 1.172099179145852e-02
-2.49069 1.178782032773769e-02
-2.47648 1.186436190420109e-02
-2.46226 1.194751284662986e-02
-2.44805 1.203214591601173e-02
-2.43383 1.211470803133626e-02
-2.41962 1.219383251547395e-02
-2.40541 1.226940311660590e-02
-2.39119 1.234130856177801e-02
-2.37698 1.240863089990570e-02
-2.36276 1.246973276078669e-02
-2.34855 1.252319047081672e-02
-2.33433 1.256892784458275e-02
-2.32012 1.260876758484494e-02
-2.30591 1.264605081261436e-02
-2.29169 1.268457831315242e-02
-2.27748 1.272744206500967e-02
-2.26326 1.277622823553213e-02
-2.24905 1.283078575588093e-02
-2.23483 1.288950497118124e-02
-2.22062 1.294992574065896e-02
-2.20641 1.300946165020349e-02
-2.19219 1.306604211443928e-02
-2.17798 1.311852287673761e-02
-2.16376 1.316679276289060e-02
-2.14955 1.321159295760005e-02
-2.13534 1.325413875322824e-02
-2.12112 1.329567318985941e-02
-2.10691 1.333708143815600e-02
-2.09269 1.337866051319877e-02
-2.07848 1.342008478855151e-02
-2.06426 1.346055054620345e-02
-2.05005 1.349903785308353e-02
-2.03584 1.353460570687907e-02
-2.02162 1.356663952075607e-02
-2.00741 1.359499404733209e-02
-1.99319 1.362001003368515e-02
-1.97898 1.364241793478224e-02
-1.96476 1.366316755813897e-02
-1.95055 1.368323358112376e-02
-1.93634 1.370344345552355e-02
-1.92212 1.372436023255263e-02
-1.90791 1.374623420128301e-02
-1.89369 1.376901963690636e-02
-1.87948 1.379244035056096e-02
-1.86527 1.381608170790962e-02
-1.85105 1.383948685366656e-02
-1.83684 1.386223929460649e-02
-1.82262 1.388402062803883e-02
-1.80841 1.390463919363344e-02
-1.79419 1.392403146247269e-02
-1.77998 1.394224230853679e-02
-1.76577 1.395939263077749e-02
-1.75155 1.397564313368168e-02
-1.73734 1.399116171410170e-02
-1.72312 1.400609934052699e-02
-1.70891 1.402057620362722e-02
-1.69469 1.403467697904004e-02
-1.68048 1.404845191936207e-02
-1.66627 1.406191962485452e-02
-1.65205 1.407506787785092e-02
-1.63784 1.408785067938069e-02
-1.62362 1.410018211301185e-02
-1.60941 1.411193018472645e-02
-1.59520 1.412291557804428e-02
-1.58098 1.413292064145402e-02
-1.56677 1.414171248144939e-02
-1.55255 1.414908078965402e-02
-1.53834 1.415488653101575e-02
-1.52412 1.415911290434385e-02
-1.50991 1.416190641071796e-02
-1.49570 1.416359475391952e-02
-1.48148 1.416467052774543e-02
-1.46727 1.416573530682402e-02
-1.45305 1.416740704881542e-02
-1.43884 1.417020315771991e-02
-1.42462 1.417442039930402e-02
-1.41041 1.418003935158314e-02
-1.39620 1.418668330538399e-02
-1.38198 1.419365695459964e-02
-1.36777 1.420007574698862e-02
-1.35355 1.420507073853207e-02
-1.33934 1.420802005727927e-02
-1.32513 1.420872988097687e-02
-1.31091 1.420748686099033e-02
-1.29670 1.420495094943729e-02
-1.28248 1.420195357612775e-02
-1.26827 1.419936181752260e-02
-1.25405 1.419813425848679e-02
-1.23984 1.419937598715244e-02
-1.22563 1.420374096887921e-02
-1.21141 1.420977185478273e-02
-1.19720 1.421256157253878e-02
-1.18298 1.420560754804528e-02
-1.16877 1.418525873584280e-02
-1.15455 1.415218870699426e-02
-1.14034 1.410887118331276e-02
-1.12613 1.404727548339801e-02
-1.11191 1.397360997479479e-02
-1.09770 1.371929466586503e-02
-1.08348 1.330126194273016e-02
-1.06927 1.297738307203216e-02
-1.05506 1.268493918932593e-02
-1.04084 1.241455283431013e-02
-1.02663 1.218019097466656e-02
-1.01241 1.197811872512987e-02
-0.99820 1.178865645168542e-02
-0.98398 1.159620891390444e-02
-0.96977 1.139946362496418e-02
-0.95556 1.120776155030373e-02
-0.94134 1.103005681047657e-02
-0.92713 1.086793379583983e-02
-0.91291 1.071696466059145e-02
-0.89870 1.057193461887125e-02
-0.88448 1.043020310654451e-02
-0.87027 1.029154782549565e-02
-0.85606 1.015627522987855e-02
-0.84184 1.002375755209500e-02
-0.82763 9.892337308250751e-03
-0.81341 9.760305958700135e-03
-0.79920 9.626900884612419e-03
-0.78498 9.492404687731120e-03
-0.77077 9.357439149865256e-03
-0.75656 9.222310423206826e-03
-0.74234 9.086954788540843e-03
-0.72813 8.951277706870276e-03
-0.71391 8.815456928548607e-03
-0.69970 8.680071260796136e-03
-0.68549 8.546101311158056e-03
-0.67127 8.414772328113621e-03
-0.65706 8.287194870903389e-03
-0.64284 8.163932815989056e-03
-0.62863 8.044749322271939e-03
-0.61441 7.928665686087353e-03
-0.60020 7.814250479234857e-03
-0.58599 7.699968353714594e-03
-0.57177 7.584487243810574e-03
-0.55756 7.466920759264395e-03
-0.54334 7.346979689592599e-03
-0.52913 7.224983921418809e-03
-0.51491 7.101724298243610e-03
-0.50070 6.978233896608192e-03
-0.48649 6.855541201553837e-03
-0.47227 6.734425470133421e-03
-0.45806 6.615172494057038e-03
-0.44384 6.497399024444721e-03
-0.42963 6.380089786676518e-03
-0.41542 6.261922659092445e-03
-0.40120 6.141744562460917e-03
-0.38699 6.018914381250073e-03
-0.37277 5.893351917016921e-03
-0.35856 5.765437214961810e-03
-0.34434 5.636043427718097e-03
-0.33013 5.506725725155925e-03
-0.31592 5.379658688989582e-03
-0.30170 5.256866700164809e-03
-0.28749 5.138868020859153e-03
-0.27327 5.023532283739739e-03
-0.25906 4.905933793601612e-03
-0.24484 4.779287158890687e-03
-0.23063 4.636675223196319e-03
-0.21642 4.473753140689905e-03
-0.20220 4.292734073793508e-03
-0.18799 4.105988428848759e-03
-0.17377 3.934428354828433e-03
-0.15956 3.796440521065540e-03
-0.14535 3.691450819905876e-03
-0.13113 3.592242664268626e-03
-0.11692 3.457504799803602e-03
-0.10270 3.257787573360569e-03
-0.08849 2.994475019479997e-03
-0.07427 2.701970620384497e-03
-0.06006 2.452576476629659e-03
-0.04585 2.359931545653017e-03
-0.03163 2.361452420255442e-03
-0.01742 2.212006380592960e-03
-0.00320 1.932862717923188e-03
0.01101 1.335862276858492e-03
0.02523 7.789770669297664e-04
0.03944 5.273544415414974e-04
0.05365 3.907278041318158e-04
0.06787 2.913832866965874e-04
0.08208 2.175034080843538e-04
0.09630 1.629371040085323e-04
0.11051 1.225962202497909e-04
0.12472 9.260445335380808e-05
0.13894 7.017324236373476e-05
0.15315 5.332784539027424e-05
0.16737 4.065049160990772e-05
0.18158 3.109919326144945e-05
0.19580 2.389509562218870e-05
0.21001 1.845281323323797e-05
0.22422 1.433354588423112e-05
0.23844 1.121038421171509e-05
0.25265 8.841472178595254e-06
0.26687 7.049316295183878e-06
0.28108 5.705246942625789e-06
0.29530 4.718153304179928e-06
0.30951 4.026683855589179e-06
0.32372 3.594249924353777e-06
0.33794 3.406366928318046e-06
0.35215 3.470080742425179e-06
0.36637 3.815441807773338e-06
0.38058 4.499214397776770e-06
0.39479 5.611262448148867e-06
0.40901 7.284361567773592e-06
0.42322 9.708574366507537e-06
0.43744 1.315181077135996e-05
0.45165 1.798877223503151e-05
0.46587 2.474109331896029e-05
0.48008 3.413198870787899e-05
0.49429 4.715875739555172e-05
0.50851 6.518553050325346e-05
0.52272 9.005598643800243e-05
0.53694 1.242211055608999e-04
0.55115 1.708717416527886e-04
0.56537 2.340642403004076e-04
0.57958 3.188357098484474e-04
0.59379 4.313247151973538e-04
0.60801 5.789388571309165e-04
0.62222 7.706855341446700e-04
0.63644 1.018034796260449e-03
0.65065 2.408479458631072e-03
0.66486 2.082791068001566e-03
0.67908 2.267142555311288e-03
0.69329 2.889329086651460e-03
0.70751 3.563735257580957e-03
0.72172 4.222479812929157e-03
0.73594 4.837816207804864e-03
0.75015 5.439352956872438e-03
0.76436 6.058605323902831e-03
0.77858 6.677229634986379e-03
0.79279 7.249788157834132e-03
0.80701 7.762117835240285e-03
0.82122 8.243209847313091e-03
0.83544 8.718354636830457e-03
0.84965 9.170653639703012e-03
0.86386 9.567024964648837e-03
0.87808 9.913201154616609e-03
0.89229 1.025779874988510e-02
0.90651 1.064101824931034e-02
0.92072 1.105955472533379e-02
0.93493 1.148390710235565e-02
0.94915 1.189389085410011e-02
0.96336 1.229268947497793e-02
0.97758 1.269655722824519e-02
0.99179 1.311862832362677e-02
1.00601 1.356121327909624e-02
1.02022 1.401851771599851e-02
1.03443 1.448388030268867e-02
1.04865 1.495558866100140e-02
1.06286 1.544761327424298e-02
1.07708 1.604596468654465e-02
1.09129 1.689044679672330e-02
1.10551 1.788368849939784e-02
1.11972 1.863395826690793e-02
1.13393 1.895048184798309e-02
1.14815 1.936941566519304e-02
1.16236 1.994151812863938e-02
1.17658 2.038183496968150e-02
1.19079 2.071771205772921e-02
1.20501 2.107254947982239e-02
1.21922 2.146751637061588e-02
1.23343 2.187106213107424e-02
1.24765 2.227304455163760e-02
1.26186 2.268549384017035e-02
1.27608 2.311826727354405e-02
1.29029 2.356859037229522e-02
1.30450 2.402495060368513e-02
1.31872 2.447520916969523e-02
1.33293 2.491234298925957e-02
1.34715 2.533599016040216e-02
1.36136 2.575073057419183e-02
1.37558 2.616292698125403e-02
1.38979 2.657773845404581e-02
1.40400 2.699728368695874e-02
1.41822 2.742028130829493e-02
1.43243 2.784297797812720e-02
1.44665 2.826083220605555e-02
1.46086 2.867027952343233e-02
1.47508 2.906997585334872e-02
1.48929 2.946116537756766e-02
1.50350 2.984715626199843e-02
1.51772 3.023219404466296e-02
1.53193 3.062019593323256e-02
1.54615 3.101380092051303e-02
1.56036 3.141402158320365e-02
1.57457 3.182053253101477e-02
1.58879 3.223239941627312e-02
1.60300 3.264892397577928e-02
1.61722 3.307028828549577e-02
1.63143 3.349780233966499e-02
1.64565 3.393373044960606e-02
1.65986 3.438082220247023e-02
1.67407 3.484175301199317e-02
1.68829 3.531867613127548e-02
1.70250 3.581302561134877e-02
1.71672 3.632562674527282e-02
1.73093 3.685709825228341e-02
1.74515 3.740847881506984e-02
1.75936 3.798197000618003e-02
1.77357 3.858164345731952e-02
1.78779 3.921391040055874e-02
1.80200 3.988751656518352e-02
1.81622 4.061283907353528e-02
1.83043 4.140035011525259e-02
1.84464 4.225827653944775e-02
1.85886 4.318972376151234e-02
1.87307 4.418988398773469e-02
1.88729 4.524444797801021e-02
1.90150 4.633073242735201e-02
1.91572 4.742217671491944e-02
1.92993 4.849300497087524e-02
1.94414 4.951563996963425e-02
1.95836 5.045055456749292e-02
1.97257 5.124549829165046e-02
1.98679 5.185428503515167e-02
2.00100 5.226100332406954e-02
2.01522 5.250586656254053e-02
2.02943 5.270569451715750e-02
2.04364 5.299717015172509e-02
2.05786 5.319144569905206e-02
2.07207 5.280120280210090e-02
2.08629 5.208158903788925e-02
2.10050 5.158124186498506e-02
2.11471 5.126674677378645e-02
2.12893 5.094911560350183e-02
2.14314 5.056377654817894e-02
2.15736 5.013497798448570e-02
2.17157 4.972281812095222e-02
2.18579 4.941259367093254e-02
2.20000 4.931598085727539e-02
