-12.00000 8.90650e-67
-11.98579 1.86254e-65
-11.97157 3.88642e-64
-11.95736 8.09781e-63
-11.94314 1.68618e-61
-11.92893 3.51172e-60
-11.91471 7.32099e-59
-11.90050 1.52891e-57
-11.88629 3.20051e-56
-11.87207 6.71776e-55
-11.85786 1.41382e-53
-11.84364 2.98226e-52
-11.82943 6.29975e-51
-11.81522 1.33110e-49
-11.80100 2.80908e-48
-11.78679 5.91075e-47
-11.77257 1.23780e-45
-11.75836 2.57488e-44
-11.74414 5.31051e-43
-11.72993 1.08394e-41
-11.71572 2.18616e-40
-11.70150 4.35168e-39
-11.68729 8.54360e-38
-11.67307 1.65419e-36
-11.65886 3.15984e-35
-11.64464 5.95965e-34
-11.63043 1.11099e-32
-11.61622 2.04954e-31
-11.60200 3.74636e-30
-11.58779 6.79304e-29
-11.57357 1.22287e-27
-11.55936 2.18656e-26
-11.54515 3.88394e-25
-11.53093 6.85175e-24
-11.51672 1.19853e-22
-11.50250 2.06971e-21
-11.48829 3.50145e-20
-11.47407 5.74960e-19
-11.45986 9.09502e-18
-11.44565 1.38115e-16
-11.43143 2.01194e-15
-11.41722 2.80243e-14
-11.40300 3.70121e-13
-11.38879 4.59523e-12
-11.37457 5.30722e-11
-11.36036 5.53024e-10
-11.34615 4.89959e-09
-11.33193 3.18534e-08
-11.31772 1.28517e-07
-11.30350 3.37920e-07
-11.28929 6.86036e-07
-11.27508 1.18352e-06
-11.26086 1.84180e-06
-11.24665 2.67670e-06
-11.23243 3.68607e-06
-11.21822 4.87549e-06
-11.20400 6.26335e-06
-11.18979 7.85674e-06
-11.17558 9.64892e-06
-11.16136 1.16367e-05
-11.14715 1.38290e-05
-11.13293 1.62363e-05
-11.11872 1.88560e-05
-11.10450 2.16729e-05
-11.09029 2.46751e-05
-11.07608 2.78650e-05
-11.06186 3.12548e-05
-11.04765 3.48518e-05
-11.03343 3.86493e-05
-11.01922 4.26320e-05
-11.00501 4.67878e-05
-10.99079 5.11173e-05
-10.97658 5.56323e-05
-10.96236 6.03469e-05
-10.94815 6.52668e-05
-10.93393 7.03852e-05
-10.91972 7.56862e-05
-10.90551 8.11536e-05
-10.89129 8.67801e-05
-10.87708 9.25691e-05
-10.86286 9.85315e-05
-10.84865 1.04676e-04
-10.83443 1.11005e-04
-10.82022 1.17506e-04
-10.80601 1.24161e-04
-10.79179 1.30952e-04
-10.77758 1.37867e-04
-10.76336 1.44905e-04
-10.74915 1.52074e-04
-10.73493 1.59385e-04
-10.72072 1.66845e-04
-10.70651 1.74454e-04
-10.69229 1.82204e-04
-10.67808 1.90079e-04
-10.66386 1.98065e-04
-10.64965 2.06148e-04
-10.63544 2.14327e-04
-10.62122 2.22606e-04
-10.60701 2.30997e-04
-10.59279 2.39511e-04
-10.57858 2.48157e-04
-10.56436 2.56937e-04
-10.55015 2.65841e-04
-10.53594 2.74857e-04
-10.52172 2.83968e-04
-10.50751 2.93163e-04
-10.49329 3.02432e-04
-10.47908 3.11778e-04
-10.46486 3.21208e-04
-10.45065 3.30730e-04
-10.43644 3.40355e-04
-10.42222 3.50085e-04
-10.40801 3.59919e-04
-10.39379 3.69846e-04
-10.37958 3.79852e-04
-10.36537 3.89921e-04
-10.35115 4.00039e-04
-10.33694 4.10199e-04
-10.32272 4.20398e-04
-10.30851 4.30641e-04
-10.29429 4.40936e-04
-10.28008 4.51293e-04
-10.26587 4.61720e-04
-10.25165 4.72217e-04
-10.23744 4.82782e-04
-10.22322 4.93405e-04
-10.20901 5.04072e-04
-10.19479 5.14770e-04
-10.18058 5.25485e-04
-10.16637 5.36210e-04
-10.15215 5.46941e-04
-10.13794 5.57683e-04
-10.12372 5.68443e-04
-10.10951 5.79230e-04
-10.09530 5.90054e-04
-10.08108 6.00920e-04
-10.06687 6.11829e-04
-10.05265 6.22775e-04
-10.03844 6.33750e-04
-10.02422 6.44741e-04
-10.01001 6.55735e-04
-9.99580 6.66722e-04
-9.98158 6.77698e-04
-9.96737 6.88660e-04
-9.95315 6.99614e-04
-9.93894 7.10568e-04
-9.92472 7.21529e-04
-9.91051 7.32508e-04
-9.89630 7.43510e-04
-9.88208 7.54534e-04
-9.86787 7.65579e-04
-9.85365 7.76635e-04
-9.83944 7.87690e-04
-9.82523 7.98733e-04
-9.81101 8.09750e-04
-9.79680 8.20734e-04
-9.78258 8.31680e-04
-9.76837 8.42586e-04
-9.75415 8.53457e-04
-9.73994 8.64298e-04
-9.72573 8.75116e-04
-9.71151 8.85920e-04
-9.69730 8.96712e-04
-9.68308 9.07493e-04
-9.66887 9.18261e-04
-9.65465 9.29007e-04
-9.64044 9.39723e-04
-9.62623 9.50396e-04
-9.61201 9.61015e-04
-9.59780 9.71572e-04
-9.58358 9.82060e-04
-9.56937 9.92478e-04
-9.55516 1.00283e-03
-9.54094 1.01311e-03
-9.52673 1.02334e-03
-9.51251 1.03353e-03
-9.49830 1.04367e-03
-9.48408 1.05377e-03
-9.46987 1.06384e-03
-9.45566 1.07386e-03
-9.44144 1.08384e-03
-9.42723 1.09377e-03
-9.41301 1.10363e-03
-9.39880 1.11343e-03
-9.38458 1.12314e-03
-9.37037 1.13278e-03
-9.35616 1.14234e-03
-9.34194 1.15183e-03
-9.32773 1.16125e-03
-9.31351 1.17062e-03
-9.29930 1.17995e-03
-9.28509 1.18925e-03
-9.27087 1.19853e-03
-9.25666 1.20781e-03
-9.24244 1.21710e-03
-9.22823 1.22644e-03
-9.21401 1.23586e-03
-9.19980 1.24529e-03
-9.18559 1.25458e-03
-9.17137 1.26354e-03
-9.15716 1.27229e-03
-9.14294 1.28089e-03
-9.12873 1.28930e-03
-9.11451 1.29751e-03
-9.10030 1.30556e-03
-9.08609 1.31345e-03
-9.07187 1.32118e-03
-9.05766 1.32877e-03
-9.04344 1.33623e-03
-9.02923 1.34354e-03
-9.01502 1.35069e-03
-9.00080 1.35764e-03
-8.98659 1.36438e-03
-8.97237 1.37091e-03
-8.95816 1.37728e-03
-8.94394 1.38348e-03
-8.92973 1.38952e-03
-8.91552 1.39540e-03
-8.90130 1.40112e-03
-8.88709 1.40670e-03
-8.87287 1.41216e-03
-8.85866 1.41751e-03
-8.84444 1.42275e-03
-8.83023 1.42785e-03
-8.81602 1.43278e-03
-8.80180 1.43753e-03
-8.78759 1.44211e-03
-8.77337 1.44652e-03
-8.75916 1.45079e-03
-8.74494 1.45492e-03
-8.73073 1.45890e-03
-8.71652 1.46272e-03
-8.70230 1.46636e-03
-8.68809 1.46983e-03
-8.67387 1.47314e-03
-8.65966 1.47631e-03
-8.64545 1.47936e-03
-8.63123 1.48231e-03
-8.61702 1.48516e-03
-8.60280 1.48788e-03
-8.58859 1.49045e-03
-8.57437 1.49285e-03
-8.56016 1.49507e-03
-8.54595 1.49711e-03
-8.53173 1.49897e-03
-8.51752 1.50069e-03
-8.50330 1.50228e-03
-8.48909 1.50374e-03
-8.47487 1.50508e-03
-8.46066 1.50627e-03
-8.44645 1.50730e-03
-8.43223 1.50816e-03
-8.41802 1.50885e-03
-8.40380 1.50937e-03
-8.38959 1.50974e-03
-8.37538 1.50997e-03
-8.36116 1.51007e-03
-8.34695 1.51004e-03
-8.33273 1.50987e-03
-8.31852 1.50953e-03
-8.30430 1.50900e-03
-8.29009 1.50825e-03
-8.27588 1.50726e-03
-8.26166 1.50603e-03
-8.24745 1.50457e-03
-8.23323 1.50292e-03
-8.21902 1.50109e-03
-8.20480 1.49911e-03
-8.19059 1.49700e-03
-8.17638 1.49473e-03
-8.16216 1.49228e-03
-8.14795 1.48960e-03
-8.13373 1.48663e-03
-8.11952 1.48332e-03
-8.10531 1.47964e-03
-8.09109 1.47556e-03
-8.07688 1.47110e-03
-8.06266 1.46628e-03
-8.04845 1.46115e-03
-8.03423 1.45574e-03
-8.02002 1.45008e-03
-8.00581 1.44417e-03
-7.99159 1.43795e-03
-7.97738 1.43136e-03
-7.96316 1.42429e-03
-7.94895 1.41666e-03
-7.93473 1.40837e-03
-7.92052 1.39936e-03
-7.90631 1.38955e-03
-7.89209 1.37884e-03
-7.87788 1.36705e-03
-7.86366 1.35391e-03
-7.84945 1.33906e-03
-7.83524 1.32214e-03
-7.82102 1.30291e-03
-7.80681 1.28130e-03
-7.79259 1.25751e-03
-7.77838 1.23180e-03
-7.76416 1.20439e-03
-7.74995 1.17528e-03
-7.73574 1.14440e-03
-7.72152 1.11211e-03
-7.70731 1.07960e-03
-7.69309 1.04867e-03
-7.67888 1.02055e-03
-7.66466 9.94831e-04
-7.65045 9.71030e-04
-7.63624 9.52060e-04
-7.62202 9.43352e-04
-7.60781 9.44932e-04
-7.59359 9.54148e-04
-7.57938 9.85824e-04
-7.56517 1.04730e-03
-7.55095 1.13543e-03
-7.53674 1.18872e-03
-7.52252 9.04931e-04
-7.50831 8.37579e-04
-7.49409 8.63162e-04
-7.47988 8.38871e-04
-7.46567 8.27527e-04
-7.45145 8.21621e-04
-7.43724 8.31346e-04
-7.42302 8.42668e-04
-7.40881 8.43776e-04
-7.39459 8.36698e-04
-7.38038 8.34638e-04
-7.36617 8.41495e-04
-7.35195 8.53519e-04
-7.33774 8.70154e-04
-7.32352 8.92662e-04
-7.30931 9.20793e-04
-7.29510 9.52868e-04
-7.28088 9.87292e-04
-7.26667 1.02344e-03
-7.25245 1.06144e-03
-7.23824 1.10143e-03
-7.22402 1.14309e-03
-7.20981 1.18564e-03
-7.19560 1.22825e-03
-7.18138 1.27030e-03
-7.16717 1.31153e-03
-7.15295 1.35191e-03
-7.13874 1.39141e-03
-7.12452 1.42983e-03
-7.11031 1.46683e-03
-7.09610 1.50203e-03
-7.08188 1.53514e-03
-7.06767 1.56609e-03
-7.05345 1.59507e-03
-7.03924 1.62239e-03
-7.02503 1.64843e-03
-7.01081 1.67350e-03
-6.99660 1.69779e-03
-6.98238 1.72137e-03
-6.96817 1.74421e-03
-6.95395 1.76631e-03
-6.93974 1.78769e-03
-6.92553 1.80844e-03
-6.91131 1.82875e-03
-6.89710 1.84885e-03
-6.88288 1.86897e-03
-6.86867 1.88929e-03
-6.85445 1.90989e-03
-6.84024 1.93078e-03
-6.82603 1.95183e-03
-6.81181 1.97287e-03
-6.79760 1.99371e-03
-6.78338 2.01419e-03
-6.76917 2.03431e-03
-6.75495 2.05424e-03
-6.74074 2.07440e-03
-6.72653 2.09535e-03
-6.71231 2.11774e-03
-6.69810 2.14210e-03
-6.68388 2.16873e-03
-6.66967 2.19766e-03
-6.65546 2.22878e-03
-6.64124 2.26228e-03
-6.62703 2.29920e-03
-6.61281 2.34190e-03
-6.59860 2.39407e-03
-6.58438 2.46015e-03
-6.57017 2.54652e-03
-6.55596 2.67612e-03
-6.54174 2.83417e-03
-6.52753 3.07560e-03
-6.51331 3.39490e-03
-6.49910 3.86693e-03
-6.48488 4.21302e-03
-6.47067 4.98563e-03
-6.45646 3.72441e-03
-6.44224 3.35968e-03
-6.42803 3.07805e-03
-6.41381 2.88261e-03
-6.39960 2.73485e-03
-6.38539 2.61048e-03
-6.37117 2.50185e-03
-6.35696 2.40662e-03
-6.34274 2.32256e-03
-6.32853 2.24718e-03
-6.31431 2.17844e-03
-6.30010 2.11501e-03
-6.28589 2.05604e-03
-6.27167 2.00097e-03
-6.25746 1.94934e-03
-6.24324 1.90076e-03
-6.22903 1.85490e-03
-6.21481 1.81151e-03
-6.20060 1.77035e-03
-6.18639 1.73123e-03
-6.17217 1.69397e-03
-6.15796 1.65842e-03
-6.14374 1.62441e-03
-6.12953 1.59181e-03
-6.11532 1.56048e-03
-6.10110 1.53030e-03
-6.08689 1.50119e-03
-6.07267 1.47304e-03
-6.05846 1.44580e-03
-6.04424 1.41940e-03
-6.03003 1.39381e-03
-6.01582 1.36899e-03
-6.00160 1.34491e-03
-5.98739 1.32155e-03
-5.97317 1.29887e-03
-5.95896 1.27685e-03
-5.94474 1.25547e-03
-5.93053 1.23469e-03
-5.91632 1.21446e-03
-5.90210 1.19477e-03
-5.88789 1.17557e-03
-5.87367 1.15682e-03
-5.85946 1.13851e-03
-5.84525 1.12060e-03
-5.83103 1.10308e-03
-5.81682 1.08592e-03
-5.80260 1.06912e-03
-5.78839 1.05268e-03
-5.77417 1.03658e-03
-5.75996 1.02082e-03
-5.74575 1.00540e-03
-5.73153 9.90303e-04
-5.71732 9.75533e-04
-5.70310 9.61078e-04
-5.68889 9.46925e-04
-5.67467 9.33063e-04
-5.66046 9.19477e-04
-5.64625 9.06155e-04
-5.63203 8.93082e-04
-5.61782 8.80248e-04
-5.60360 8.67641e-04
-5.58939 8.55252e-04
-5.57518 8.43075e-04
-5.56096 8.31106e-04
-5.54675 8.19340e-04
-5.53253 8.07776e-04
-5.51832 7.96412e-04
-5.50410 7.85247e-04
-5.48989 7.74280e-04
-5.47568 7.63508e-04
-5.46146 7.52928e-04
-5.44725 7.42536e-04
-5.43303 7.32328e-04
-5.41882 7.22297e-04
-5.40460 7.12438e-04
-5.39039 7.02743e-04
-5.37618 6.93208e-04
-5.36196 6.83825e-04
-5.34775 6.74589e-04
-5.33353 6.65496e-04
-5.31932 6.56542e-04
-5.30511 6.47724e-04
-5.29089 6.39039e-04
-5.27668 6.30485e-04
-5.26246 6.22062e-04
-5.24825 6.13769e-04
-5.23403 6.05603e-04
-5.21982 5.97565e-04
-5.20561 5.89653e-04
-5.19139 5.81864e-04
-5.17718 5.74197e-04
-5.16296 5.66648e-04
-5.14875 5.59215e-04
-5.13453 5.51895e-04
-5.12032 5.44683e-04
-5.10611 5.37577e-04
-5.09189 5.30574e-04
-5.07768 5.23671e-04
-5.06346 5.16864e-04
-5.04925 5.10152e-04
-5.03504 5.03532e-04
-5.02082 4.97003e-04
-5.00661 4.90564e-04
-4.99239 4.84213e-04
-4.97818 4.77949e-04
-4.96396 4.71772e-04
-4.94975 4.65680e-04
-4.93554 4.59673e-04
-4.92132 4.53749e-04
-4.90711 4.47907e-04
-4.89289 4.42146e-04
-4.87868 4.36464e-04
-4.86446 4.30860e-04
-4.85025 4.25331e-04
-4.83604 4.19877e-04
-4.82182 4.14494e-04
-4.80761 4.09183e-04
-4.79339 4.03940e-04
-4.77918 3.98766e-04
-4.76496 3.93658e-04
-4.75075 3.88615e-04
-4.73654 3.83636e-04
-4.72232 3.78721e-04
-4.70811 3.73868e-04
-4.69389 3.69077e-04
-4.67968 3.64346e-04
-4.66547 3.59676e-04
-4.65125 3.55066e-04
-4.63704 3.50515e-04
-4.62282 3.46021e-04
-4.60861 3.41585e-04
-4.59439 3.37205e-04
-4.58018 3.32880e-04
-4.56597 3.28611e-04
-4.55175 3.24395e-04
-4.53754 3.20232e-04
-4.52332 3.16121e-04
-4.50911 3.12062e-04
-4.49489 3.08053e-04
-4.48068 3.04095e-04
-4.46647 3.00185e-04
-4.45225 2.96325e-04
-4.43804 2.92513e-04
-4.42382 2.88749e-04
-4.40961 2.85032e-04
-4.39540 2.81362e-04
-4.38118 2.77738e-04
-4.36697 2.74160e-04
-4.35275 2.70627e-04
-4.33854 2.67138e-04
-4.32432 2.63692e-04
-4.31011 2.60290e-04
-4.29590 2.56931e-04
-4.28168 2.53613e-04
-4.26747 2.50337e-04
-4.25325 2.47102e-04
-4.23904 2.43908e-04
-4.22482 2.40756e-04
-4.21061 2.37649e-04
-4.19640 2.34595e-04
-4.18218 2.31610e-04
-4.16797 2.28733e-04
-4.15375 2.26049e-04
-4.13954 2.23755e-04
-4.12533 2.22298e-04
-4.11111 2.22715e-04
-4.09690 2.27485e-04
-4.08268 2.42819e-04
-4.06847 2.84780e-04
-4.05425 3.94327e-04
-4.04004 6.66387e-04
-4.02583 1.29923e-03
-4.01161 3.08965e-03
-3.99740 4.10482e-03
-3.98318 5.33081e-03
-3.96897 6.13985e-03
-3.95475 6.79674e-03
-3.94054 7.58717e-03
-3.92633 8.35272e-03
-3.91211 8.99482e-03
-3.89790 9.58414e-03
-3.88368 1.02033e-02
-3.86947 1.08686e-02
-3.85526 1.15572e-02
-3.84104 1.22574e-02
-3.82683 1.29921e-02
-3.81261 1.38073e-02
-3.79840 1.47484e-02
-3.78418 1.58836e-02
-3.76997 1.73157e-02
-3.75576 1.85059e-02
-3.74154 1.85557e-02
-3.72733 1.80646e-02
-3.71311 1.76488e-02
-3.69890 1.73381e-02
-3.68468 1.70645e-02
-3.67047 1.67607e-02
-3.65626 1.64125e-02
-3.64204 1.60459e-02
-3.62783 1.56932e-02
-3.61361 1.53714e-02
-3.59940 1.50798e-02
-3.58519 1.48078e-02
-3.57097 1.45441e-02
-3.55676 1.42823e-02
-3.54254 1.40222e-02
-3.52833 1.37682e-02
-3.51411 1.35262e-02
-3.49990 1.33008e-02
-3.48569 1.30933e-02
-3.47147 1.29020e-02
-3.45726 1.27242e-02
-3.44304 1.25588e-02
-3.42883 1.24072e-02
-3.41461 1.22709e-02
-3.40040 1.21500e-02
-3.38619 1.20429e-02
-3.37197 1.19473e-02
-3.35776 1.18612e-02
-3.34354 1.17831e-02
-3.32933 1.17120e-02
-3.31512 1.16471e-02
-3.30090 1.15875e-02
-3.28669 1.15326e-02
-3.27247 1.14821e-02
-3.25826 1.14361e-02
-3.24404 1.13950e-02
-3.22983 1.13592e-02
-3.21562 1.13289e-02
-3.20140 1.13039e-02
-3.18719 1.12833e-02
-3.17297 1.12660e-02
-3.15876 1.12505e-02
-3.14454 1.12354e-02
-3.13033 1.12198e-02
-3.11612 1.12034e-02
-3.10190 1.11865e-02
-3.08769 1.11701e-02
-3.07347 1.11553e-02
-3.05926 1.11432e-02
-3.04505 1.11348e-02
-3.03083 1.11304e-02
-3.01662 1.11298e-02
-3.00240 1.11324e-02
-2.98819 1.11376e-02
-2.97397 1.11443e-02
-2.95976 1.11517e-02
-2.94555 1.11591e-02
-2.93133 1.11658e-02
-2.91712 1.11716e-02
-2.90290 1.11768e-02
-2.88869 1.11818e-02
-2.87447 1.11876e-02
-2.86026 1.11954e-02
-2.84605 1.12061e-02
-2.83183 1.12201e-02
-2.81762 1.12373e-02
-2.80340 1.12567e-02
-2.78919 1.12766e-02
-2.77497 1.12955e-02
-2.76076 1.13121e-02
-2.74655 1.13262e-02
-2.73233 1.13384e-02
-2.71812 1.13505e-02
-2.70390 1.13645e-02
-2.68969 1.13820e-02
-2.67548 1.14031e-02
-2.66126 1.14259e-02
-2.64705 1.14471e-02
-2.63283 1.14642e-02
-2.61862 1.14815e-02
-2.60440 1.15069e-02
-2.59019 1.15257e-02
-2.57598 1.15450e-02
-2.56176 1.15619e-02
-2.54755 1.15761e-02
-2.53333 1.15884e-02
-2.51912 1.15975e-02
-2.50490 1.16021e-02
-2.49069 1.16037e-02
-2.47648 1.16050e-02
-2.46226 1.16071e-02
-2.44805 1.16081e-02
-2.43383 1.16068e-02
-2.41962 1.16043e-02
-2.40541 1.16022e-02
-2.39119 1.16002e-02
-2.37698 1.15961e-02
-2.36276 1.15881e-02
-2.34855 1.15763e-02
-2.33433 1.15627e-02
-2.32012 1.15490e-02
-2.30591 1.15355e-02
-2.29169 1.15212e-02
-2.27748 1.15048e-02
-2.26326 1.14860e-02
-2.24905 1.14657e-02
-2.23483 1.14452e-02
-2.22062 1.14259e-02
-2.20641 1.14082e-02
-2.19219 1.13916e-02
-2.17798 1.13748e-02
-2.16376 1.13564e-02
-2.14955 1.13351e-02
-2.13534 1.13101e-02
-2.12112 1.12815e-02
-2.10691 1.12501e-02
-2.09269 1.12172e-02
-2.07848 1.11842e-02
-2.06426 1.11524e-02
-2.05005 1.11222e-02
-2.03584 1.10930e-02
-2.02162 1.10638e-02
-2.00741 1.10332e-02
-1.99319 1.10001e-02
-1.97898 1.09637e-02
-1.96476 1.09244e-02
-1.95055 1.08829e-02
-1.93634 1.08401e-02
-1.92212 1.07971e-02
-1.90791 1.07545e-02
-1.89369 1.07125e-02
-1.87948 1.06709e-02
-1.86527 1.06293e-02
-1.85105 1.05870e-02
-1.83684 1.05435e-02
-1.82262 1.04985e-02
-1.80841 1.04516e-02
-1.79419 1.04026e-02
-1.77998 1.03517e-02
-1.76577 1.02990e-02
-1.75155 1.02451e-02
-1.73734 1.01906e-02
-1.72312 1.01360e-02
-1.70891 1.00818e-02
-1.69469 1.00281e-02
-1.68048 9.97467e-03
-1.66627 9.92091e-03
-1.65205 9.86607e-03
-1.63784 9.80956e-03
-1.62362 9.75115e-03
-1.60941 9.69116e-03
-1.59520 9.63034e-03
-1.58098 9.56969e-03
-1.56677 9.51005e-03
-1.55255 9.45170e-03
-1.53834 9.39421e-03
-1.52412 9.33641e-03
-1.50991 9.27676e-03
-1.49570 9.21382e-03
-1.48148 9.14684e-03
-1.46727 9.07610e-03
-1.45305 9.00291e-03
-1.43884 8.92917e-03
-1.42462 8.85671e-03
-1.41041 8.78651e-03
-1.39620 8.71822e-03
-1.38198 8.65028e-03
-1.36777 8.58066e-03
-1.35355 8.50801e-03
-1.33934 8.43265e-03
-1.32513 8.35685e-03
-1.31091 8.28391e-03
-1.29670 8.21637e-03
-1.28248 8.15415e-03
-1.26827 8.09391e-03
-1.25405 8.03051e-03
-1.23984 7.96017e-03
-1.22563 7.88294e-03
-1.21141 7.80178e-03
-1.19720 7.71910e-03
-1.18298 7.63586e-03
-1.16877 7.55185e-03
-1.15455 7.45717e-03
-1.14034 7.32832e-03
-1.12613 7.15951e-03
-1.11191 7.09064e-03
-1.09770 6.66937e-03
-1.08348 6.27162e-03
-1.06927 5.90183e-03
-1.05506 5.59964e-03
-1.04084 5.36830e-03
-1.02663 5.15100e-03
-1.01241 4.94144e-03
-0.99820 4.75309e-03
-0.98398 4.57966e-03
-0.96977 4.40768e-03
-0.95556 4.23678e-03
-0.94134 4.07553e-03
-0.92713 3.92760e-03
-0.91291 3.78896e-03
-0.89870 3.65460e-03
-0.88448 3.52361e-03
-0.87027 3.39796e-03
-0.85606 3.27858e-03
-0.84184 3.16376e-03
-0.82763 3.05065e-03
-0.81341 2.93794e-03
-0.79920 2.82686e-03
-0.78498 2.71995e-03
-0.77077 2.61898e-03
-0.75656 2.52365e-03
-0.74234 2.43202e-03
-0.72813 2.34206e-03
-0.71391 2.25282e-03
-0.69970 2.16481e-03
-0.68549 2.07923e-03
-0.67127 1.99697e-03
-0.65706 1.91799e-03
-0.64284 1.84143e-03
-0.62863 1.76632e-03
-0.61441 1.69216e-03
-0.60020 1.61926e-03
-0.58599 1.54842e-03
-0.57177 1.48041e-03
-0.55756 1.41543e-03
-0.54334 1.35304e-03
-0.52913 1.29240e-03
-0.51491 1.23277e-03
-0.50070 1.17391e-03
-0.48649 1.11613e-03
-0.47227 1.06005e-03
-0.45806 1.00619e-03
-0.44384 9.54632e-04
-0.42963 9.04950e-04
-0.41542 8.56456e-04
-0.40120 8.08632e-04
-0.38699 7.61474e-04
-0.37277 7.15540e-04
-0.35856 6.71606e-04
-0.34434 6.30117e-04
-0.33013 5.90777e-04
-0.31592 5.52643e-04
-0.30170 5.14763e-04
-0.28749 4.76954e-04
-0.27327 4.40080e-04
-0.25906 4.05433e-04
-0.24484 3.73591e-04
-0.23063 3.43761e-04
-0.21642 3.14368e-04
-0.20220 2.84542e-04
-0.18799 2.55067e-04
-0.17377 2.27724e-04
-0.15956 2.03621e-04
-0.14535 1.82131e-04
-0.13113 1.61238e-04
-0.11692 1.39007e-04
-0.10270 1.15831e-04
-0.08849 9.58289e-05
-0.07427 8.21122e-05
-0.06006 6.94081e-05
-0.04585 5.20948e-05
-0.03163 3.54044e-05
-0.01742 2.86505e-05
-0.00320 1.63712e-05
0.01101 8.02047e-06
0.02523 4.82653e-06
0.03944 3.00725e-06
0.05365 1.90195e-06
0.06787 1.20183e-06
0.08208 7.50863e-07
0.09630 4.61852e-07
0.11051 2.79430e-07
0.12472 1.66383e-07
0.13894 9.76380e-08
0.15315 5.65945e-08
0.16737 3.25062e-08
0.18158 1.85824e-08
0.19580 1.06338e-08
0.21001 6.13686e-09
0.22422 3.60566e-09
0.23844 2.18462e-09
0.25265 1.39243e-09
0.26687 9.66318e-10
0.28108 7.71231e-10
0.29530 7.49930e-10
0.30951 8.99845e-10
0.32372 1.26932e-09
0.33794 1.97272e-09
0.35215 3.23192e-09
0.36637 5.46527e-09
0.38058 9.47160e-09
0.39479 1.68094e-08
0.40901 3.05755e-08
0.42322 5.69853e-08
0.43744 1.08515e-07
0.45165 2.10002e-07
0.46587 4.10169e-07
0.48008 8.02987e-07
0.49429 1.56685e-06
0.50851 3.03678e-06
0.52272 5.83915e-06
0.53694 1.11435e-05
0.55115 2.11194e-05
0.56537 3.97001e-05
0.57958 7.36867e-05
0.59379 1.33983e-04
0.60801 2.36379e-04
0.62222 4.01370e-04
0.63644 6.55529e-04
0.65065 1.19649e-03
0.66486 3.09785e-03
0.67908 2.33659e-03
0.69329 2.78869e-03
0.70751 3.27420e-03
0.72172 3.72154e-03
0.73594 4.18210e-03
0.75015 4.67325e-03
0.76436 5.22036e-03
0.77858 5.85822e-03
0.79279 6.60718e-03
0.80701 7.43974e-03
0.82122 8.21613e-03
0.83544 8.71521e-03
0.84965 9.01656e-03
0.86386 9.41845e-03
0.87808 9.90248e-03
0.89229 1.03272e-02
0.90651 1.07103e-02
0.92072 1.11035e-02
0.93493 1.14949e-02
0.94915 1.18590e-02
0.96336 1.22007e-02
0.97758 1.25359e-02
0.99179 1.28655e-02
1.00601 1.31809e-02
1.02022 1.34817e-02
1.03443 1.37784e-02
1.04865 1.40817e-02
1.06286 1.43929e-02
1.07708 1.47056e-02
1.09129 1.50128e-02
1.10551 1.53129e-02
1.11972 1.56089e-02
1.13393 1.59053e-02
1.14815 1.62039e-02
1.16236 1.65037e-02
1.17658 1.68020e-02
1.19079 1.70968e-02
1.20501 1.73877e-02
1.21922 1.76757e-02
1.23343 1.79620e-02
1.24765 1.82466e-02
1.26186 1.85291e-02
1.27608 1.88081e-02
1.29029 1.90830e-02
1.30450 1.93538e-02
1.31872 1.96213e-02
1.33293 1.98865e-02
1.34715 2.01505e-02
1.36136 2.04140e-02
1.37558 2.06771e-02
1.38979 2.09401e-02
1.40400 2.12033e-02
1.41822 2.14669e-02
1.43243 2.17310e-02
1.44665 2.19953e-02
1.46086 2.22589e-02
1.47508 2.25204e-02
1.48929 2.27783e-02
1.50350 2.30311e-02
1.51772 2.32784e-02
1.53193 2.35206e-02
1.54615 2.37594e-02
1.56036 2.39967e-02
1.57457 2.42348e-02
1.58879 2.44754e-02
1.60300 2.47196e-02
1.61722 2.49677e-02
1.63143 2.52194e-02
1.64565 2.54743e-02
1.65986 2.57323e-02
1.67407 2.59937e-02
1.68829 2.62594e-02
1.70250 2.65313e-02
1.71672 2.68113e-02
1.73093 2.71015e-02
1.74515 2.74040e-02
1.75936 2.77200e-02
1.77357 2.80501e-02
1.78779 2.83938e-02
1.80200 2.87502e-02
1.81622 2.91184e-02
1.83043 2.94986e-02
1.84464 2.98935e-02
1.85886 3.03103e-02
1.87307 3.07623e-02
1.88729 3.12702e-02
1.90150 3.18606e-02
1.91572 3.25534e-02
1.92993 3.33363e-02
1.94414 3.41461e-02
1.95836 3.48792e-02
1.97257 3.54253e-02
1.98679 3.57132e-02
2.00100 3.57475e-02
2.01522 3.56211e-02
2.02943 3.55033e-02
2.04364 3.54811e-02
2.05786 3.53939e-02
2.07207 3.51403e-02
2.08629 3.47806e-02
2.10050 3.43387e-02
2.11471 3.38635e-02
2.12893 3.34152e-02
2.14314 3.30046e-02
2.15736 3.26268e-02
2.17157 3.23025e-02
2.18579 3.20253e-02
2.20000 3.16932e-02
