-12.00000 6.85046e-38
-11.98579 3.85473e-37
-11.97157 2.16074e-36
-11.95736 1.20673e-35
-11.94314 6.71575e-35
-11.92893 3.72525e-34
-11.91471 2.06015e-33
-11.90050 1.13615e-32
-11.88629 6.24998e-32
-11.87207 3.43018e-31
-11.85786 1.87852e-30
-11.84364 1.02657e-29
-11.82943 5.59768e-29
-11.81522 3.04490e-28
-11.80100 1.65172e-27
-11.78679 8.93116e-27
-11.77257 4.81144e-26
-11.75836 2.58130e-25
-11.74414 1.37860e-24
-11.72993 7.32815e-24
-11.71572 3.87714e-23
-11.70150 2.04223e-22
-11.68729 1.07145e-21
-11.67307 5.60236e-21
-11.65886 2.92110e-20
-11.64464 1.51941e-19
-11.63043 7.88510e-19
-11.61622 4.08160e-18
-11.60200 2.10608e-17
-11.58779 1.08229e-16
-11.57357 5.53297e-16
-11.55936 2.81069e-15
-11.54515 1.41694e-14
-11.53093 7.07829e-14
-11.51672 3.49696e-13
-11.50250 1.70425e-12
-11.48829 8.16989e-12
-11.47407 3.84353e-11
-11.45986 1.77356e-10
-11.44565 8.04302e-10
-11.43143 3.59622e-09
-11.41722 1.58653e-08
-11.40300 6.87294e-08
-11.38879 2.90507e-07
-11.37457 1.19630e-06
-11.36036 4.72618e-06
-11.34615 1.67585e-05
-11.33193 4.84661e-05
-11.31772 1.08115e-04
-11.30350 1.89576e-04
-11.28929 2.82654e-04
-11.27508 3.87953e-04
-11.26086 5.05715e-04
-11.24665 6.28103e-04
-11.23243 7.49889e-04
-11.21822 8.73682e-04
-11.20400 1.00406e-03
-11.18979 1.14176e-03
-11.17558 1.28366e-03
-11.16136 1.42622e-03
-11.14715 1.56841e-03
-11.13293 1.71187e-03
-11.11872 1.85895e-03
-11.10450 2.01072e-03
-11.09029 2.16633e-03
-11.07608 2.32365e-03
-11.06186 2.48053e-03
-11.04765 2.63578e-03
-11.03343 2.78951e-03
-11.01922 2.94275e-03
-11.00501 3.09685e-03
-10.99079 3.25274e-03
-10.97658 3.41053e-03
-10.96236 3.56951e-03
-10.94815 3.72844e-03
-10.93393 3.88603e-03
-10.91972 4.04143e-03
-10.90551 4.19444e-03
-10.89129 4.34552e-03
-10.87708 4.49559e-03
-10.86286 4.64567e-03
-10.84865 4.79657e-03
-10.83443 4.94867e-03
-10.82022 5.10184e-03
-10.80601 5.25557e-03
-10.79179 5.40912e-03
-10.77758 5.56177e-03
-10.76336 5.71305e-03
-10.74915 5.86278e-03
-10.73493 6.01118e-03
-10.72072 6.15869e-03
-10.70651 6.30591e-03
-10.69229 6.45339e-03
-10.67808 6.60151e-03
-10.66386 6.75039e-03
-10.64965 6.89985e-03
-10.63544 7.04949e-03
-10.62122 7.19876e-03
-10.60701 7.34710e-03
-10.59279 7.49404e-03
-10.57858 7.63929e-03
-10.56436 7.78280e-03
-10.55015 7.92477e-03
-10.53594 8.06556e-03
-10.52172 8.20563e-03
-10.50751 8.34545e-03
-10.49329 8.48540e-03
-10.47908 8.62567e-03
-10.46486 8.76628e-03
-10.45065 8.90703e-03
-10.43644 9.04757e-03
-10.42222 9.18746e-03
-10.40801 9.32621e-03
-10.39379 9.46343e-03
-10.37958 9.59884e-03
-10.36537 9.73230e-03
-10.35115 9.86388e-03
-10.33694 9.99380e-03
-10.32272 1.01224e-02
-10.30851 1.02500e-02
-10.29429 1.03771e-02
-10.28008 1.05040e-02
-10.26587 1.06308e-02
-10.25165 1.07578e-02
-10.23744 1.08847e-02
-10.22322 1.10114e-02
-10.20901 1.11377e-02
-10.19479 1.12633e-02
-10.18058 1.13877e-02
-10.16637 1.15108e-02
-10.15215 1.16325e-02
-10.13794 1.17526e-02
-10.12372 1.18712e-02
-10.10951 1.19884e-02
-10.09530 1.21047e-02
-10.08108 1.22202e-02
-10.06687 1.23352e-02
-10.05265 1.24501e-02
-10.03844 1.25651e-02
-10.02422 1.26802e-02
-10.01001 1.27954e-02
-9.99580 1.29108e-02
-9.98158 1.30261e-02
-9.96737 1.31412e-02
-9.95315 1.32557e-02
-9.93894 1.33695e-02
-9.92472 1.34825e-02
-9.91051 1.35944e-02
-9.89630 1.37052e-02
-9.88208 1.38152e-02
-9.86787 1.39243e-02
-9.85365 1.40329e-02
-9.83944 1.41412e-02
-9.82523 1.42495e-02
-9.81101 1.43582e-02
-9.79680 1.44674e-02
-9.78258 1.45774e-02
-9.76837 1.46883e-02
-9.75415 1.48000e-02
-9.73994 1.49126e-02
-9.72573 1.50259e-02
-9.71151 1.51398e-02
-9.69730 1.52541e-02
-9.68308 1.53687e-02
-9.66887 1.54833e-02
-9.65465 1.55980e-02
-9.64044 1.57127e-02
-9.62623 1.58276e-02
-9.61201 1.59428e-02
-9.59780 1.60586e-02
-9.58358 1.61752e-02
-9.56937 1.62930e-02
-9.55516 1.64125e-02
-9.54094 1.65339e-02
-9.52673 1.66576e-02
-9.51251 1.67839e-02
-9.49830 1.69129e-02
-9.48408 1.70450e-02
-9.46987 1.71802e-02
-9.45566 1.73186e-02
-9.44144 1.74605e-02
-9.42723 1.76060e-02
-9.41301 1.77551e-02
-9.39880 1.79084e-02
-9.38458 1.80663e-02
-9.37037 1.82298e-02
-9.35616 1.84002e-02
-9.34194 1.85791e-02
-9.32773 1.87681e-02
-9.31351 1.89687e-02
-9.29930 1.91835e-02
-9.28509 1.94197e-02
-9.27087 1.96920e-02
-9.25666 2.00181e-02
-9.24244 2.04026e-02
-9.22823 2.08202e-02
-9.21401 2.12222e-02
-9.19980 2.15644e-02
-9.18559 2.18227e-02
-9.17137 2.19796e-02
-9.15716 2.20188e-02
-9.14294 2.19486e-02
-9.12873 2.18172e-02
-9.11451 2.16854e-02
-9.10030 2.15876e-02
-9.08609 2.15229e-02
-9.07187 2.14737e-02
-9.05766 2.14251e-02
-9.04344 2.13709e-02
-9.02923 2.13113e-02
-9.01502 2.12482e-02
-9.00080 2.11828e-02
-8.98659 2.11144e-02
-8.97237 2.10417e-02
-8.95816 2.09635e-02
-8.94394 2.08800e-02
-8.92973 2.07925e-02
-8.91552 2.07034e-02
-8.90130 2.06147e-02
-8.88709 2.05277e-02
-8.87287 2.04423e-02
-8.85866 2.03577e-02
-8.84444 2.02723e-02
-8.83023 2.01850e-02
-8.81602 2.00951e-02
-8.80180 2.00026e-02
-8.78759 1.99083e-02
-8.77337 1.98129e-02
-8.75916 1.97173e-02
-8.74494 1.96216e-02
-8.73073 1.95258e-02
-8.71652 1.94293e-02
-8.70230 1.93312e-02
-8.68809 1.92309e-02
-8.67387 1.91278e-02
-8.65966 1.90220e-02
-8.64545 1.89139e-02
-8.63123 1.88040e-02
-8.61702 1.86933e-02
-8.60280 1.85824e-02
-8.58859 1.84718e-02
-8.57437 1.83618e-02
-8.56016 1.82522e-02
-8.54595 1.81427e-02
-8.53173 1.80325e-02
-8.51752 1.79212e-02
-8.50330 1.78081e-02
-8.48909 1.76930e-02
-8.47487 1.75758e-02
-8.46066 1.74563e-02
-8.44645 1.73349e-02
-8.43223 1.72117e-02
-8.41802 1.70870e-02
-8.40380 1.69608e-02
-8.38959 1.68333e-02
-8.37538 1.67043e-02
-8.36116 1.65739e-02
-8.34695 1.64419e-02
-8.33273 1.63081e-02
-8.31852 1.61727e-02
-8.30430 1.60355e-02
-8.29009 1.58968e-02
-8.27588 1.57568e-02
-8.26166 1.56157e-02
-8.24745 1.54735e-02
-8.23323 1.53304e-02
-8.21902 1.51863e-02
-8.20480 1.50410e-02
-8.19059 1.48943e-02
-8.17638 1.47457e-02
-8.16216 1.45948e-02
-8.14795 1.44414e-02
-8.13373 1.42852e-02
-8.11952 1.41261e-02
-8.10531 1.39642e-02
-8.09109 1.37998e-02
-8.07688 1.36330e-02
-8.06266 1.34640e-02
-8.04845 1.32931e-02
-8.03423 1.31201e-02
-8.02002 1.29445e-02
-8.00581 1.27656e-02
-7.99159 1.25826e-02
-7.97738 1.23941e-02
-7.96316 1.21991e-02
-7.94895 1.19964e-02
-7.93473 1.17855e-02
-7.92052 1.15659e-02
-7.90631 1.13379e-02
-7.89209 1.11020e-02
-7.87788 1.08588e-02
-7.86366 1.06090e-02
-7.84945 1.03529e-02
-7.83524 1.00905e-02
-7.82102 9.82172e-03
-7.80681 9.54698e-03
-7.79259 9.26765e-03
-7.77838 8.98679e-03
-7.76416 8.70926e-03
-7.74995 8.44092e-03
-7.73574 8.18706e-03
-7.72152 7.95037e-03
-7.70731 7.72990e-03
-7.69309 7.52218e-03
-7.67888 7.32547e-03
-7.66466 7.14552e-03
-7.65045 6.99774e-03
-7.63624 6.89917e-03
-7.62202 6.85015e-03
-7.60781 6.82400e-03
-7.59359 6.80626e-03
-7.57938 6.86701e-03
-7.56517 7.03325e-03
-7.55095 7.03023e-03
-7.53674 6.71192e-03
-7.52252 6.43115e-03
-7.50831 6.24269e-03
-7.49409 5.92787e-03
-7.47988 5.67621e-03
-7.46567 5.66162e-03
-7.45145 5.73835e-03
-7.43724 5.76759e-03
-7.42302 5.76253e-03
-7.40881 5.77307e-03
-7.39459 5.73864e-03
-7.38038 5.59211e-03
-7.36617 5.43346e-03
-7.35195 5.37443e-03
-7.33774 5.41261e-03
-7.32352 5.51075e-03
-7.30931 5.65171e-03
-7.29510 5.82915e-03
-7.28088 6.03617e-03
-7.26667 6.26477e-03
-7.25245 6.50835e-03
-7.23824 6.76321e-03
-7.22402 7.02844e-03
-7.20981 7.30481e-03
-7.19560 7.59343e-03
-7.18138 7.89477e-03
-7.16717 8.20817e-03
-7.15295 8.53210e-03
-7.13874 8.86451e-03
-7.12452 9.20346e-03
-7.11031 9.54744e-03
-7.09610 9.89552e-03
-7.08188 1.02473e-02
-7.06767 1.06024e-02
-7.05345 1.09606e-02
-7.03924 1.13213e-02
-7.02503 1.16835e-02
-7.01081 1.20457e-02
-6.99660 1.24067e-02
-6.98238 1.27653e-02
-6.96817 1.31209e-02
-6.95395 1.34737e-02
-6.93974 1.38248e-02
-6.92553 1.41763e-02
-6.91131 1.45308e-02
-6.89710 1.48914e-02
-6.88288 1.52612e-02
-6.86867 1.56430e-02
-6.85445 1.60389e-02
-6.84024 1.64504e-02
-6.82603 1.68782e-02
-6.81181 1.73229e-02
-6.79760 1.77850e-02
-6.78338 1.82662e-02
-6.76917 1.87694e-02
-6.75495 1.92998e-02
-6.74074 1.98656e-02
-6.72653 2.04774e-02
-6.71231 2.11490e-02
-6.69810 2.18966e-02
-6.68388 2.27393e-02
-6.66967 2.37013e-02
-6.65546 2.48200e-02
-6.64124 2.61596e-02
-6.62703 2.78310e-02
-6.61281 3.00045e-02
-6.59860 3.28979e-02
-6.58438 3.67615e-02
-6.57017 4.25520e-02
-6.55596 5.28987e-02
-6.54174 6.16039e-02
-6.52753 6.61563e-02
-6.51331 7.53128e-02
-6.49910 8.23162e-02
-6.48488 8.66305e-02
-6.47067 1.10211e-01
-6.45646 7.43618e-02
-6.44224 6.94319e-02
-6.42803 6.45997e-02
-6.41381 6.00292e-02
-6.39960 5.62333e-02
-6.38539 5.32752e-02
-6.37117 5.09640e-02
-6.35696 4.90625e-02
-6.34274 4.73988e-02
-6.32853 4.58840e-02
-6.31431 4.44861e-02
-6.30010 4.31976e-02
-6.28589 4.20155e-02
-6.27167 4.09333e-02
-6.25746 3.99398e-02
-6.24324 3.90224e-02
-6.22903 3.81686e-02
-6.21481 3.73683e-02
-6.20060 3.66140e-02
-6.18639 3.59001e-02
-6.17217 3.52228e-02
-6.15796 3.45794e-02
-6.14374 3.39674e-02
-6.12953 3.33844e-02
-6.11532 3.28283e-02
-6.10110 3.22967e-02
-6.08689 3.17874e-02
-6.07267 3.12983e-02
-6.05846 3.08274e-02
-6.04424 3.03731e-02
-6.03003 2.99340e-02
-6.01582 2.95088e-02
-6.00160 2.90965e-02
-5.98739 2.86964e-02
-5.97317 2.83077e-02
-5.95896 2.79301e-02
-5.94474 2.75629e-02
-5.93053 2.72058e-02
-5.91632 2.68585e-02
-5.90210 2.65207e-02
-5.88789 2.61921e-02
-5.87367 2.58724e-02
-5.85946 2.55612e-02
-5.84525 2.52582e-02
-5.83103 2.49631e-02
-5.81682 2.46754e-02
-5.80260 2.43948e-02
-5.78839 2.41208e-02
-5.77417 2.38530e-02
-5.75996 2.35910e-02
-5.74575 2.33344e-02
-5.73153 2.30828e-02
-5.71732 2.28360e-02
-5.70310 2.25937e-02
-5.68889 2.23556e-02
-5.67467 2.21215e-02
-5.66046 2.18914e-02
-5.64625 2.16650e-02
-5.63203 2.14425e-02
-5.61782 2.12236e-02
-5.60360 2.10084e-02
-5.58939 2.07969e-02
-5.57518 2.05891e-02
-5.56096 2.03849e-02
-5.54675 2.01844e-02
-5.53253 1.99874e-02
-5.51832 1.97938e-02
-5.50410 1.96037e-02
-5.48989 1.94168e-02
-5.47568 1.92331e-02
-5.46146 1.90523e-02
-5.44725 1.88744e-02
-5.43303 1.86990e-02
-5.41882 1.85262e-02
-5.40460 1.83556e-02
-5.39039 1.81872e-02
-5.37618 1.80209e-02
-5.36196 1.78565e-02
-5.34775 1.76939e-02
-5.33353 1.75331e-02
-5.31932 1.73740e-02
-5.30511 1.72167e-02
-5.29089 1.70611e-02
-5.27668 1.69073e-02
-5.26246 1.67552e-02
-5.24825 1.66050e-02
-5.23403 1.64566e-02
-5.21982 1.63101e-02
-5.20561 1.61655e-02
-5.19139 1.60228e-02
-5.17718 1.58820e-02
-5.16296 1.57431e-02
-5.14875 1.56061e-02
-5.13453 1.54710e-02
-5.12032 1.53376e-02
-5.10611 1.52058e-02
-5.09189 1.50757e-02
-5.07768 1.49471e-02
-5.06346 1.48200e-02
-5.04925 1.46942e-02
-5.03504 1.45696e-02
-5.02082 1.44462e-02
-5.00661 1.43239e-02
-4.99239 1.42026e-02
-4.97818 1.40823e-02
-4.96396 1.39630e-02
-4.94975 1.38447e-02
-4.93554 1.37273e-02
-4.92132 1.36109e-02
-4.90711 1.34955e-02
-4.89289 1.33811e-02
-4.87868 1.32677e-02
-4.86446 1.31555e-02
-4.85025 1.30443e-02
-4.83604 1.29343e-02
-4.82182 1.28255e-02
-4.80761 1.27179e-02
-4.79339 1.26115e-02
-4.77918 1.25064e-02
-4.76496 1.24024e-02
-4.75075 1.22996e-02
-4.73654 1.21979e-02
-4.72232 1.20974e-02
-4.70811 1.19979e-02
-4.69389 1.18995e-02
-4.67968 1.18020e-02
-4.66547 1.17055e-02
-4.65125 1.16098e-02
-4.63704 1.15149e-02
-4.62282 1.14208e-02
-4.60861 1.13274e-02
-4.59439 1.12347e-02
-4.58018 1.11427e-02
-4.56597 1.10514e-02
-4.55175 1.09607e-02
-4.53754 1.08707e-02
-4.52332 1.07814e-02
-4.50911 1.06927e-02
-4.49489 1.06048e-02
-4.48068 1.05176e-02
-4.46647 1.04311e-02
-4.45225 1.03454e-02
-4.43804 1.02606e-02
-4.42382 1.01765e-02
-4.40961 1.00933e-02
-4.39540 1.00109e-02
-4.38118 9.92937e-03
-4.36697 9.84868e-03
-4.35275 9.76882e-03
-4.33854 9.68980e-03
-4.32432 9.61160e-03
-4.31011 9.53420e-03
-4.29590 9.45762e-03
-4.28168 9.38187e-03
-4.26747 9.30703e-03
-4.25325 9.23319e-03
-4.23904 9.16060e-03
-4.22482 9.08962e-03
-4.21061 9.02092e-03
-4.19640 8.95557e-03
-4.18218 8.89540e-03
-4.16797 8.84345e-03
-4.15375 8.80501e-03
-4.13954 8.78931e-03
-4.12533 8.81279e-03
-4.11111 8.90440e-03
-4.09690 9.11405e-03
-4.08268 9.52439e-03
-4.06847 1.02654e-02
-4.05425 1.15309e-02
-4.04004 1.36953e-02
-4.02583 1.78263e-02
-4.01161 2.40917e-02
-3.99740 2.87099e-02
-3.98318 3.20830e-02
-3.96897 3.64134e-02
-3.95475 4.03493e-02
-3.94054 4.32771e-02
-3.92633 4.56847e-02
-3.91211 4.81737e-02
-3.89790 5.09889e-02
-3.88368 5.40523e-02
-3.86947 5.72173e-02
-3.85526 6.04262e-02
-3.84104 6.37188e-02
-3.82683 6.71958e-02
-3.81261 7.09947e-02
-3.79840 7.52250e-02
-3.78418 7.97875e-02
-3.76997 8.41673e-02
-3.75576 8.74964e-02
-3.74154 8.90424e-02
-3.72733 8.87676e-02
-3.71311 8.73764e-02
-3.69890 8.57794e-02
-3.68468 8.45216e-02
-3.67047 8.36504e-02
-3.65626 8.29554e-02
-3.64204 8.22365e-02
-3.62783 8.14100e-02
-3.61361 8.04865e-02
-3.59940 7.95176e-02
-3.58519 7.85579e-02
-3.57097 7.76509e-02
-3.55676 7.68253e-02
-3.54254 7.60962e-02
-3.52833 7.54721e-02
-3.51411 7.49997e-02
-3.49990 7.47134e-02
-3.48569 7.43089e-02
-3.47147 7.35805e-02
-3.45726 7.28881e-02
-3.44304 7.23795e-02
-3.42883 7.19794e-02
-3.41461 7.16581e-02
-3.40040 7.14066e-02
-3.38619 7.12136e-02
-3.37197 7.10678e-02
-3.35776 7.09599e-02
-3.34354 7.08832e-02
-3.32933 7.08332e-02
-3.31512 7.08072e-02
-3.30090 7.08042e-02
-3.28669 7.08245e-02
-3.27247 7.08692e-02
-3.25826 7.09394e-02
-3.24404 7.10359e-02
-3.22983 7.11585e-02
-3.21562 7.13058e-02
-3.20140 7.14752e-02
-3.18719 7.16631e-02
-3.17297 7.18656e-02
-3.15876 7.20788e-02
-3.14454 7.22997e-02
-3.13033 7.25267e-02
-3.11612 7.27598e-02
-3.10190 7.30006e-02
-3.08769 7.32521e-02
-3.07347 7.35185e-02
-3.05926 7.38041e-02
-3.04505 7.41131e-02
-3.03083 7.44487e-02
-3.01662 7.48131e-02
-3.00240 7.52069e-02
-2.98819 7.56290e-02
-2.97397 7.60774e-02
-2.95976 7.65488e-02
-2.94555 7.70394e-02
-2.93133 7.75456e-02
-2.91712 7.80641e-02
-2.90290 7.85929e-02
-2.88869 7.91317e-02
-2.87447 7.96832e-02
-2.86026 8.02533e-02
-2.84605 8.08524e-02
-2.83183 8.14957e-02
-2.81762 8.22032e-02
-2.80340 8.29990e-02
-2.78919 8.39094e-02
-2.77497 8.49596e-02
-2.76076 8.61700e-02
-2.74655 8.75502e-02
-2.73233 8.90929e-02
-2.71812 9.07660e-02
-2.70390 9.25071e-02
-2.68969 9.42246e-02
-2.67548 9.58146e-02
-2.66126 9.72368e-02
-2.64705 9.88927e-02
-2.63283 1.02088e-01
-2.61862 1.06844e-01
-2.60440 1.10875e-01
-2.59019 1.12280e-01
-2.57598 1.11259e-01
-2.56176 1.10660e-01
-2.54755 1.11068e-01
-2.53333 1.11471e-01
-2.51912 1.11500e-01
-2.50490 1.11293e-01
-2.49069 1.11038e-01
-2.47648 1.10790e-01
-2.46226 1.10492e-01
-2.44805 1.10079e-01
-2.43383 1.09548e-01
-2.41962 1.08953e-01
-2.40541 1.08372e-01
-2.39119 1.07861e-01
-2.37698 1.07444e-01
-2.36276 1.07107e-01
-2.34855 1.06812e-01
-2.33433 1.06519e-01
-2.32012 1.06202e-01
-2.30591 1.05857e-01
-2.29169 1.05499e-01
-2.27748 1.05150e-01
-2.26326 1.04829e-01
-2.24905 1.04544e-01
-2.23483 1.04282e-01
-2.22062 1.04021e-01
-2.20641 1.03733e-01
-2.19219 1.03398e-01
-2.17798 1.03005e-01
-2.16376 1.02560e-01
-2.14955 1.02078e-01
-2.13534 1.01586e-01
-2.12112 1.01107e-01
-2.10691 1.00663e-01
-2.09269 1.00264e-01
-2.07848 9.99116e-02
-2.06426 9.95997e-02
-2.05005 9.93156e-02
-2.03584 9.90451e-02
-2.02162 9.87753e-02
-2.00741 9.84971e-02
-1.99319 9.82057e-02
-1.97898 9.79008e-02
-1.96476 9.75853e-02
-1.95055 9.72638e-02
-1.93634 9.69408e-02
-1.92212 9.66200e-02
-1.90791 9.63029e-02
-1.89369 9.59893e-02
-1.87948 9.56772e-02
-1.86527 9.53633e-02
-1.85105 9.50443e-02
-1.83684 9.47170e-02
-1.82262 9.43791e-02
-1.80841 9.40294e-02
-1.79419 9.36680e-02
-1.77998 9.32961e-02
-1.76577 9.29160e-02
-1.75155 9.25302e-02
-1.73734 9.21421e-02
-1.72312 9.17549e-02
-1.70891 9.13716e-02
-1.69469 9.09949e-02
-1.68048 9.06270e-02
-1.66627 9.02696e-02
-1.65205 8.99234e-02
-1.63784 8.95882e-02
-1.62362 8.92629e-02
-1.60941 8.89456e-02
-1.59520 8.86334e-02
-1.58098 8.83232e-02
-1.56677 8.80117e-02
-1.55255 8.76963e-02
-1.53834 8.73751e-02
-1.52412 8.70482e-02
-1.50991 8.67172e-02
-1.49570 8.63857e-02
-1.48148 8.60587e-02
-1.46727 8.57415e-02
-1.45305 8.54393e-02
-1.43884 8.51554e-02
-1.42462 8.48907e-02
-1.41041 8.46431e-02
-1.39620 8.44075e-02
-1.38198 8.41770e-02
-1.36777 8.39441e-02
-1.35355 8.37028e-02
-1.33934 8.34498e-02
-1.32513 8.31849e-02
-1.31091 8.29097e-02
-1.29670 8.26251e-02
-1.28248 8.23293e-02
-1.26827 8.20170e-02
-1.25405 8.16828e-02
-1.23984 8.13244e-02
-1.22563 8.09425e-02
-1.21141 8.05312e-02
-1.19720 8.00690e-02
-1.18298 7.95181e-02
-1.16877 7.88233e-02
-1.15455 7.79330e-02
-1.14034 7.69569e-02
-1.12613 7.62872e-02
-1.11191 7.56407e-02
-1.09770 7.31563e-02
-1.08348 6.92700e-02
-1.06927 6.62616e-02
-1.05506 6.40520e-02
-1.04084 6.19866e-02
-1.02663 6.00004e-02
-1.01241 5.81895e-02
-0.99820 5.65240e-02
-0.98398 5.48883e-02
-0.96977 5.32228e-02
-0.95556 5.15780e-02
-0.94134 5.00528e-02
-0.92713 4.87078e-02
-0.91291 4.75311e-02
-0.89870 4.64630e-02
-0.88448 4.54398e-02
-0.87027 4.44233e-02
-0.85606 4.34067e-02
-0.84184 4.24040e-02
-0.82763 4.14324e-02
-0.81341 4.04994e-02
-0.79920 3.95982e-02
-0.78498 3.87113e-02
-0.77077 3.78203e-02
-0.75656 3.69140e-02
-0.74234 3.59941e-02
-0.72813 3.50733e-02
-0.71391 3.41708e-02
-0.69970 3.33046e-02
-0.68549 3.24863e-02
-0.67127 3.17178e-02
-0.65706 3.09933e-02
-0.64284 3.03020e-02
-0.62863 2.96328e-02
-0.61441 2.89776e-02
-0.60020 2.83327e-02
-0.58599 2.76980e-02
-0.57177 2.70758e-02
-0.55756 2.64676e-02
-0.54334 2.58728e-02
-0.52913 2.52880e-02
-0.51491 2.47075e-02
-0.50070 2.41250e-02
-0.48649 2.35357e-02
-0.47227 2.29381e-02
-0.45806 2.23343e-02
-0.44384 2.17298e-02
-0.42963 2.11314e-02
-0.41542 2.05454e-02
-0.40120 1.99751e-02
-0.38699 1.94202e-02
-0.37277 1.88765e-02
-0.35856 1.83378e-02
-0.34434 1.77982e-02
-0.33013 1.72557e-02
-0.31592 1.67136e-02
-0.30170 1.61809e-02
-0.28749 1.56696e-02
-0.27327 1.51882e-02
-0.25906 1.47353e-02
-0.24484 1.42951e-02
-0.23063 1.38391e-02
-0.21642 1.33371e-02
-0.20220 1.27751e-02
-0.18799 1.21713e-02
-0.17377 1.15753e-02
-0.15956 1.10432e-02
-0.14535 1.05943e-02
-0.13113 1.01836e-02
-0.11692 9.72308e-03
-0.10270 9.14300e-03
-0.08849 8.44036e-03
-0.07427 7.67309e-03
-0.06006 6.96624e-03
-0.04585 6.61963e-03
-0.03163 6.62448e-03
-0.01742 6.11451e-03
-0.00320 5.01884e-03
0.01101 3.67459e-03
0.02523 2.30146e-03
0.03944 1.40199e-03
0.05365 9.34883e-04
0.06787 6.58364e-04
0.08208 4.73237e-04
0.09630 3.45783e-04
0.11051 2.56581e-04
0.12472 1.92749e-04
0.13894 1.46044e-04
0.15315 1.11290e-04
0.16737 8.51683e-05
0.18158 6.54392e-05
0.19580 5.05092e-05
0.21001 3.92037e-05
0.22422 3.06425e-05
0.23844 2.41644e-05
0.25265 1.92739e-05
0.26687 1.56019e-05
0.28108 1.28769e-05
0.29530 1.09026e-05
0.30951 9.54170e-06
0.32372 8.70494e-06
0.33794 8.34338e-06
0.35215 8.44452e-06
0.36637 9.03137e-06
0.38058 1.01648e-05
0.39479 1.19493e-05
0.40901 1.45431e-05
0.42322 1.81741e-05
0.43744 2.31634e-05
0.45165 2.99591e-05
0.46587 3.91823e-05
0.48008 5.16857e-05
0.49429 6.86192e-05
0.50851 9.14914e-05
0.52272 1.22206e-04
0.53694 1.63057e-04
0.55115 2.16676e-04
0.56537 2.86003e-04
0.57958 3.74574e-04
0.59379 4.88610e-04
0.60801 6.43993e-04
0.62222 8.72322e-04
0.63644 1.19405e-03
0.65065 1.56108e-03
0.66486 1.87976e-03
0.67908 2.11668e-03
0.69329 2.30283e-03
0.70751 2.46704e-03
0.72172 2.63638e-03
0.73594 2.84221e-03
0.75015 3.10366e-03
0.76436 3.43313e-03
0.77858 3.83534e-03
0.79279 4.39824e-03
0.80701 4.91039e-03
0.82122 4.85165e-03
0.83544 4.97175e-03
0.84965 5.28491e-03
0.86386 5.59772e-03
0.87808 5.87474e-03
0.89229 6.12758e-03
0.90651 6.37423e-03
0.92072 6.61902e-03
0.93493 6.85642e-03
0.94915 7.08293e-03
0.96336 7.30123e-03
0.97758 7.51669e-03
0.99179 7.73338e-03
1.00601 7.95303e-03
1.02022 8.17627e-03
1.03443 8.42827e-03
1.04865 8.86728e-03
1.06286 8.89982e-03
1.07708 9.14389e-03
1.09129 9.47037e-03
1.10551 9.91835e-03
1.11972 1.03157e-02
1.13393 1.05177e-02
1.14815 1.07810e-02
1.16236 1.11481e-02
1.17658 1.13290e-02
1.19079 1.15014e-02
1.20501 1.17318e-02
1.21922 1.19764e-02
1.23343 1.22250e-02
1.24765 1.24708e-02
1.26186 1.27122e-02
1.27608 1.29519e-02
1.29029 1.31934e-02
1.30450 1.34381e-02
1.31872 1.36855e-02
1.33293 1.39347e-02
1.34715 1.41868e-02
1.36136 1.44441e-02
1.37558 1.47080e-02
1.38979 1.49741e-02
1.40400 1.52333e-02
1.41822 1.54798e-02
1.43243 1.57177e-02
1.44665 1.59575e-02
1.46086 1.62075e-02
1.47508 1.64699e-02
1.48929 1.67433e-02
1.50350 1.70263e-02
1.51772 1.73188e-02
1.53193 1.76212e-02
1.54615 1.79344e-02
1.56036 1.82588e-02
1.57457 1.85947e-02
1.58879 1.89422e-02
1.60300 1.93014e-02
1.61722 1.96723e-02
1.63143 2.00552e-02
1.64565 2.04503e-02
1.65986 2.08578e-02
1.67407 2.12779e-02
1.68829 2.17109e-02
1.70250 2.21573e-02
1.71672 2.26180e-02
1.73093 2.30946e-02
1.74515 2.35896e-02
1.75936 2.41071e-02
1.77357 2.46523e-02
1.78779 2.52325e-02
1.80200 2.58566e-02
1.81622 2.65355e-02
1.83043 2.72814e-02
1.84464 2.81071e-02
1.85886 2.90233e-02
1.87307 3.00333e-02
1.88729 3.11276e-02
1.90150 3.22799e-02
1.91572 3.34524e-02
1.92993 3.46099e-02
1.94414 3.57205e-02
1.95836 3.67301e-02
1.97257 3.75676e-02
1.98679 3.82047e-02
2.00100 3.86664e-02
2.01522 3.89964e-02
2.02943 3.92682e-02
2.04364 3.95717e-02
2.05786 3.99465e-02
2.07207 4.03832e-02
2.08629 4.08675e-02
2.10050 4.13810e-02
2.11471 4.19119e-02
2.12893 4.25151e-02
2.14314 4.32918e-02
2.15736 4.42208e-02
2.17157 4.51391e-02
2.18579 4.59978e-02
2.20000 4.69239e-02
