-12.00000 6.85060e-38
-11.98579 3.85480e-37
-11.97157 2.16077e-36
-11.95736 1.20675e-35
-11.94314 6.71585e-35
-11.92893 3.72530e-34
-11.91471 2.06017e-33
-11.90050 1.13616e-32
-11.88629 6.25003e-32
-11.87207 3.43021e-31
-11.85786 1.87853e-30
-11.84364 1.02658e-29
-11.82943 5.59769e-29
-11.81522 3.04490e-28
-11.80100 1.65172e-27
-11.78679 8.93113e-27
-11.77257 4.81142e-26
-11.75836 2.58128e-25
-11.74414 1.37860e-24
-11.72993 7.32809e-24
-11.71572 3.87711e-23
-11.70150 2.04221e-22
-11.68729 1.07144e-21
-11.67307 5.60231e-21
-11.65886 2.92107e-20
-11.64464 1.51940e-19
-11.63043 7.88503e-19
-11.61622 4.08157e-18
-11.60200 2.10606e-17
-11.58779 1.08228e-16
-11.57357 5.53294e-16
-11.55936 2.81067e-15
-11.54515 1.41694e-14
-11.53093 7.07826e-14
-11.51672 3.49695e-13
-11.50250 1.70425e-12
-11.48829 8.16987e-12
-11.47407 3.84353e-11
-11.45986 1.77356e-10
-11.44565 8.04303e-10
-11.43143 3.59623e-09
-11.41722 1.58653e-08
-11.40300 6.87294e-08
-11.38879 2.90507e-07
-11.37457 1.19630e-06
-11.36036 4.72619e-06
-11.34615 1.67585e-05
-11.33193 4.84661e-05
-11.31772 1.08115e-04
-11.30350 1.89576e-04
-11.28929 2.82654e-04
-11.27508 3.87953e-04
-11.26086 5.05715e-04
-11.24665 6.28103e-04
-11.23243 7.49889e-04
-11.21822 8.73681e-04
-11.20400 1.00406e-03
-11.18979 1.14176e-03
-11.17558 1.28366e-03
-11.16136 1.42622e-03
-11.14715 1.56841e-03
-11.13293 1.71187e-03
-11.11872 1.85895e-03
-11.10450 2.01072e-03
-11.09029 2.16633e-03
-11.07608 2.32365e-03
-11.06186 2.48053e-03
-11.04765 2.63578e-03
-11.03343 2.78951e-03
-11.01922 2.94275e-03
-11.00501 3.09685e-03
-10.99079 3.25274e-03
-10.97658 3.41053e-03
-10.96236 3.56951e-03
-10.94815 3.72844e-03
-10.93393 3.88603e-03
-10.91972 4.04143e-03
-10.90551 4.19444e-03
-10.89129 4.34552e-03
-10.87708 4.49559e-03
-10.86286 4.64567e-03
-10.84865 4.79657e-03
-10.83443 4.94867e-03
-10.82022 5.10184e-03
-10.80601 5.25557e-03
-10.79179 5.40912e-03
-10.77758 5.56177e-03
-10.76336 5.71305e-03
-10.74915 5.86278e-03
-10.73493 6.01118e-03
-10.72072 6.15869e-03
-10.70651 6.30591e-03
-10.69229 6.45339e-03
-10.67808 6.60151e-03
-10.66386 6.75039e-03
-10.64965 6.89985e-03
-10.63544 7.04949e-03
-10.62122 7.19876e-03
-10.60701 7.34710e-03
-10.59279 7.49404e-03
-10.57858 7.63928e-03
-10.56436 7.78280e-03
-10.55015 7.92477e-03
-10.53594 8.06556e-03
-10.52172 8.20563e-03
-10.50751 8.34545e-03
-10.49329 8.48540e-03
-10.47908 8.62567e-03
-10.46486 8.76628e-03
-10.45065 8.90703e-03
-10.43644 9.04757e-03
-10.42222 9.18746e-03
-10.40801 9.32621e-03
-10.39379 9.46343e-03
-10.37958 9.59884e-03
-10.36537 9.73230e-03
-10.35115 9.86388e-03
-10.33694 9.99380e-03
-10.32272 1.01224e-02
-10.30851 1.02500e-02
-10.29429 1.03771e-02
-10.28008 1.05040e-02
-10.26587 1.06308e-02
-10.25165 1.07578e-02
-10.23744 1.08847e-02
-10.22322 1.10114e-02
-10.20901 1.11377e-02
-10.19479 1.12633e-02
-10.18058 1.13877e-02
-10.16637 1.15108e-02
-10.15215 1.16325e-02
-10.13794 1.17526e-02
-10.12372 1.18712e-02
-10.10951 1.19884e-02
-10.09530 1.21047e-02
-10.08108 1.22202e-02
-10.06687 1.23352e-02
-10.05265 1.24501e-02
-10.03844 1.25651e-02
-10.02422 1.26802e-02
-10.01001 1.27954e-02
-9.99580 1.29108e-02
-9.98158 1.30261e-02
-9.96737 1.31412e-02
-9.95315 1.32557e-02
-9.93894 1.33695e-02
-9.92472 1.34825e-02
-9.91051 1.35944e-02
-9.89630 1.37052e-02
-9.88208 1.38152e-02
-9.86787 1.39243e-02
-9.85365 1.40329e-02
-9.83944 1.41412e-02
-9.82523 1.42495e-02
-9.81101 1.43582e-02
-9.79680 1.44674e-02
-9.78258 1.45774e-02
-9.76837 1.46883e-02
-9.75415 1.48000e-02
-9.73994 1.49126e-02
-9.72573 1.50259e-02
-9.71151 1.51398e-02
-9.69730 1.52541e-02
-9.68308 1.53687e-02
-9.66887 1.54833e-02
-9.65465 1.55980e-02
-9.64044 1.57127e-02
-9.62623 1.58276e-02
-9.61201 1.59428e-02
-9.59780 1.60586e-02
-9.58358 1.61752e-02
-9.56937 1.62930e-02
-9.55516 1.64125e-02
-9.54094 1.65339e-02
-9.52673 1.66576e-02
-9.51251 1.67839e-02
-9.49830 1.69129e-02
-9.48408 1.70450e-02
-9.46987 1.71802e-02
-9.45566 1.73186e-02
-9.44144 1.74605e-02
-9.42723 1.76060e-02
-9.41301 1.77551e-02
-9.39880 1.79084e-02
-9.38458 1.80663e-02
-9.37037 1.82298e-02
-9.35616 1.84002e-02
-9.34194 1.85791e-02
-9.32773 1.87681e-02
-9.31351 1.89687e-02
-9.29930 1.91835e-02
-9.28509 1.94197e-02
-9.27087 1.96920e-02
-9.25666 2.00181e-02
-9.24244 2.04026e-02
-9.22823 2.08202e-02
-9.21401 2.12222e-02
-9.19980 2.15644e-02
-9.18559 2.18227e-02
-9.17137 2.19796e-02
-9.15716 2.20188e-02
-9.14294 2.19486e-02
-9.12873 2.18172e-02
-9.11451 2.16854e-02
-9.10030 2.15876e-02
-9.08609 2.15229e-02
-9.07187 2.14737e-02
-9.05766 2.14251e-02
-9.04344 2.13709e-02
-9.02923 2.13113e-02
-9.01502 2.12482e-02
-9.00080 2.11828e-02
-8.98659 2.11144e-02
-8.97237 2.10417e-02
-8.95816 2.09635e-02
-8.94394 2.08800e-02
-8.92973 2.07925e-02
-8.91552 2.07034e-02
-8.90130 2.06147e-02
-8.88709 2.05277e-02
-8.87287 2.04423e-02
-8.85866 2.03577e-02
-8.84444 2.02723e-02
-8.83023 2.01850e-02
-8.81602 2.00951e-02
-8.80180 2.00026e-02
-8.78759 1.99083e-02
-8.77337 1.98129e-02
-8.75916 1.97173e-02
-8.74494 1.96216e-02
-8.73073 1.95258e-02
-8.71652 1.94293e-02
-8.70230 1.93312e-02
-8.68809 1.92309e-02
-8.67387 1.91278e-02
-8.65966 1.90220e-02
-8.64545 1.89139e-02
-8.63123 1.88040e-02
-8.61702 1.86933e-02
-8.60280 1.85824e-02
-8.58859 1.84718e-02
-8.57437 1.83618e-02
-8.56016 1.82522e-02
-8.54595 1.81427e-02
-8.53173 1.80325e-02
-8.51752 1.79212e-02
-8.50330 1.78081e-02
-8.48909 1.76930e-02
-8.47487 1.75758e-02
-8.46066 1.74563e-02
-8.44645 1.73349e-02
-8.43223 1.72117e-02
-8.41802 1.70870e-02
-8.40380 1.69608e-02
-8.38959 1.68333e-02
-8.37538 1.67043e-02
-8.36116 1.65739e-02
-8.34695 1.64419e-02
-8.33273 1.63081e-02
-8.31852 1.61727e-02
-8.30430 1.60355e-02
-8.29009 1.58968e-02
-8.27588 1.57568e-02
-8.26166 1.56156e-02
-8.24745 1.54734e-02
-8.23323 1.53303e-02
-8.21902 1.51861e-02
-8.20480 1.50408e-02
-8.19059 1.48940e-02
-8.17638 1.47453e-02
-8.16216 1.45944e-02
-8.14795 1.44409e-02
-8.13373 1.42845e-02
-8.11952 1.41253e-02
-8.10531 1.39632e-02
-8.09109 1.37984e-02
-8.07688 1.36313e-02
-8.06266 1.34620e-02
-8.04845 1.32906e-02
-8.03423 1.31171e-02
-8.02002 1.29408e-02
-8.00581 1.27612e-02
-7.99159 1.25773e-02
-7.97738 1.23878e-02
-7.96316 1.21916e-02
-7.94895 1.19876e-02
-7.93473 1.17751e-02
-7.92052 1.15537e-02
-7.90631 1.13237e-02
-7.89209 1.10855e-02
-7.87788 1.08398e-02
-7.86366 1.05872e-02
-7.84945 1.03279e-02
-7.83524 1.00621e-02
-7.82102 9.78970e-03
-7.80681 9.51107e-03
-7.79259 9.22769e-03
-7.77838 8.94274e-03
-7.76416 8.66122e-03
-7.74995 8.38921e-03
-7.73574 8.13224e-03
-7.72152 7.89335e-03
-7.70731 7.67195e-03
-7.69309 7.46497e-03
-7.67888 7.27109e-03
-7.66466 7.09633e-03
-7.65045 6.95599e-03
-7.63624 6.86629e-03
-7.62202 6.82541e-03
-7.60781 6.80282e-03
-7.59359 6.77872e-03
-7.57938 6.81796e-03
-7.56517 6.94590e-03
-7.55095 6.89646e-03
-7.53674 6.55600e-03
-7.52252 6.34033e-03
-7.50831 6.34158e-03
-7.49409 6.25519e-03
-7.47988 6.13033e-03
-7.46567 6.13893e-03
-7.45145 6.24409e-03
-7.43724 6.33128e-03
-7.42302 6.28149e-03
-7.40881 6.05112e-03
-7.39459 5.71152e-03
-7.38038 5.40161e-03
-7.36617 5.25184e-03
-7.35195 5.25105e-03
-7.33774 5.32024e-03
-7.32352 5.42566e-03
-7.30931 5.56594e-03
-7.29510 5.74148e-03
-7.28088 5.94769e-03
-7.26667 6.17740e-03
-7.25245 6.42404e-03
-7.23824 6.68358e-03
-7.22402 6.95461e-03
-7.20981 7.23744e-03
-7.19560 7.53280e-03
-7.18138 7.84083e-03
-7.16717 8.16068e-03
-7.15295 8.49065e-03
-7.13874 8.82864e-03
-7.12452 9.17264e-03
-7.11031 9.52114e-03
-7.09610 9.87322e-03
-7.08188 1.02285e-02
-7.06767 1.05867e-02
-7.05345 1.09475e-02
-7.03924 1.13105e-02
-7.02503 1.16745e-02
-7.01081 1.20384e-02
-6.99660 1.24007e-02
-6.98238 1.27605e-02
-6.96817 1.31170e-02
-6.95395 1.34706e-02
-6.93974 1.38223e-02
-6.92553 1.41743e-02
-6.91131 1.45292e-02
-6.89710 1.48901e-02
-6.88288 1.52602e-02
-6.86867 1.56422e-02
-6.85445 1.60383e-02
-6.84024 1.64499e-02
-6.82603 1.68779e-02
-6.81181 1.73226e-02
-6.79760 1.77848e-02
-6.78338 1.82660e-02
-6.76917 1.87692e-02
-6.75495 1.92997e-02
-6.74074 1.98655e-02
-6.72653 2.04774e-02
-6.71231 2.11490e-02
-6.69810 2.18966e-02
-6.68388 2.27392e-02
-6.66967 2.37013e-02
-6.65546 2.48200e-02
-6.64124 2.61596e-02
-6.62703 2.78310e-02
-6.61281 3.00045e-02
-6.59860 3.28979e-02
-6.58438 3.67615e-02
-6.57017 4.25520e-02
-6.55596 5.28987e-02
-6.54174 6.16039e-02
-6.52753 6.61563e-02
-6.51331 7.53128e-02
-6.49910 8.23162e-02
-6.48488 8.66305e-02
-6.47067 1.10211e-01
-6.45646 7.43618e-02
-6.44224 6.94319e-02
-6.42803 6.45997e-02
-6.41381 6.00292e-02
-6.39960 5.62333e-02
-6.38539 5.32752e-02
-6.37117 5.09640e-02
-6.35696 4.90625e-02
-6.34274 4.73988e-02
-6.32853 4.58840e-02
-6.31431 4.44861e-02
-6.30010 4.31976e-02
-6.28589 4.20155e-02
-6.27167 4.09333e-02
-6.25746 3.99398e-02
-6.24324 3.90224e-02
-6.22903 3.81686e-02
-6.21481 3.73683e-02
-6.20060 3.66140e-02
-6.18639 3.59001e-02
-6.17217 3.52228e-02
-6.15796 3.45794e-02
-6.14374 3.39674e-02
-6.12953 3.33844e-02
-6.11532 3.28283e-02
-6.10110 3.22967e-02
-6.08689 3.17874e-02
-6.07267 3.12983e-02
-6.05846 3.08274e-02
-6.04424 3.03731e-02
-6.03003 2.99340e-02
-6.01582 2.95088e-02
-6.00160 2.90965e-02
-5.98739 2.86964e-02
-5.97317 2.83077e-02
-5.95896 2.79301e-02
-5.94474 2.75629e-02
-5.93053 2.72058e-02
-5.91632 2.68585e-02
-5.90210 2.65207e-02
-5.88789 2.61921e-02
-5.87367 2.58724e-02
-5.85946 2.55612e-02
-5.84525 2.52582e-02
-5.83103 2.49631e-02
-5.81682 2.46754e-02
-5.80260 2.43948e-02
-5.78839 2.41208e-02
-5.77417 2.38530e-02
-5.75996 2.35910e-02
-5.74575 2.33344e-02
-5.73153 2.30828e-02
-5.71732 2.28360e-02
-5.70310 2.25937e-02
-5.68889 2.23556e-02
-5.67467 2.21215e-02
-5.66046 2.18914e-02
-5.64625 2.16650e-02
-5.63203 2.14425e-02
-5.61782 2.12236e-02
-5.60360 2.10084e-02
-5.58939 2.07969e-02
-5.57518 2.05891e-02
-5.56096 2.03849e-02
-5.54675 2.01844e-02
-5.53253 1.99874e-02
-5.51832 1.97938e-02
-5.50410 1.96037e-02
-5.48989 1.94168e-02
-5.47568 1.92331e-02
-5.46146 1.90523e-02
-5.44725 1.88744e-02
-5.43303 1.86990e-02
-5.41882 1.85262e-02
-5.40460 1.83556e-02
-5.39039 1.81872e-02
-5.37618 1.80209e-02
-5.36196 1.78565e-02
-5.34775 1.76939e-02
-5.33353 1.75331e-02
-5.31932 1.73740e-02
-5.30511 1.72167e-02
-5.29089 1.70611e-02
-5.27668 1.69073e-02
-5.26246 1.67552e-02
-5.24825 1.66050e-02
-5.23403 1.64566e-02
-5.21982 1.63101e-02
-5.20561 1.61655e-02
-5.19139 1.60228e-02
-5.17718 1.58820e-02
-5.16296 1.57431e-02
-5.14875 1.56061e-02
-5.13453 1.54710e-02
-5.12032 1.53376e-02
-5.10611 1.52058e-02
-5.09189 1.50757e-02
-5.07768 1.49471e-02
-5.06346 1.48200e-02
-5.04925 1.46942e-02
-5.03504 1.45696e-02
-5.02082 1.44462e-02
-5.00661 1.43239e-02
-4.99239 1.42026e-02
-4.97818 1.40823e-02
-4.96396 1.39630e-02
-4.94975 1.38447e-02
-4.93554 1.37273e-02
-4.92132 1.36109e-02
-4.90711 1.34955e-02
-4.89289 1.33811e-02
-4.87868 1.32677e-02
-4.86446 1.31555e-02
-4.85025 1.30443e-02
-4.83604 1.29343e-02
-4.82182 1.28255e-02
-4.80761 1.27179e-02
-4.79339 1.26115e-02
-4.77918 1.25064e-02
-4.76496 1.24024e-02
-4.75075 1.22996e-02
-4.73654 1.21979e-02
-4.72232 1.20974e-02
-4.70811 1.19979e-02
-4.69389 1.18995e-02
-4.67968 1.18020e-02
-4.66547 1.17055e-02
-4.65125 1.16098e-02
-4.63704 1.15149e-02
-4.62282 1.14208e-02
-4.60861 1.13274e-02
-4.59439 1.12347e-02
-4.58018 1.11427e-02
-4.56597 1.10514e-02
-4.55175 1.09607e-02
-4.53754 1.08707e-02
-4.52332 1.07814e-02
-4.50911 1.06927e-02
-4.49489 1.06048e-02
-4.48068 1.05176e-02
-4.46647 1.04311e-02
-4.45225 1.03454e-02
-4.43804 1.02606e-02
-4.42382 1.01765e-02
-4.40961 1.00933e-02
-4.39540 1.00109e-02
-4.38118 9.92937e-03
-4.36697 9.84868e-03
-4.35275 9.76882e-03
-4.33854 9.68980e-03
-4.32432 9.61160e-03
-4.31011 9.53420e-03
-4.29590 9.45762e-03
-4.28168 9.38187e-03
-4.26747 9.30703e-03
-4.25325 9.23319e-03
-4.23904 9.16060e-03
-4.22482 9.08962e-03
-4.21061 9.02092e-03
-4.19640 8.95557e-03
-4.18218 8.89540e-03
-4.16797 8.84345e-03
-4.15375 8.80501e-03
-4.13954 8.78931e-03
-4.12533 8.81279e-03
-4.11111 8.90440e-03
-4.09690 9.11405e-03
-4.08268 9.52439e-03
-4.06847 1.02654e-02
-4.05425 1.15309e-02
-4.04004 1.36953e-02
-4.02583 1.78263e-02
-4.01161 2.40917e-02
-3.99740 2.87099e-02
-3.98318 3.20830e-02
-3.96897 3.64134e-02
-3.95475 4.03493e-02
-3.94054 4.32771e-02
-3.92633 4.56847e-02
-3.91211 4.81737e-02
-3.89790 5.09889e-02
-3.88368 5.40523e-02
-3.86947 5.72173e-02
-3.85526 6.04262e-02
-3.84104 6.37189e-02
-3.82683 6.71958e-02
-3.81261 7.09948e-02
-3.79840 7.52252e-02
-3.78418 7.97878e-02
-3.76997 8.41678e-02
-3.75576 8.74972e-02
-3.74154 8.90437e-02
-3.72733 8.87695e-02
-3.71311 8.73792e-02
-3.69890 8.57834e-02
-3.68468 8.45274e-02
-3.67047 8.36584e-02
-3.65626 8.29663e-02
-3.64204 8.22510e-02
-3.62783 8.14286e-02
-3.61361 8.05096e-02
-3.59940 7.95446e-02
-3.58519 7.85871e-02
-3.57097 7.76780e-02
-3.55676 7.68431e-02
-3.54254 7.60947e-02
-3.52833 7.54419e-02
-3.51411 7.49369e-02
-3.49990 7.46249e-02
-3.48569 7.42116e-02
-3.47147 7.34948e-02
-3.45726 7.28285e-02
-3.44304 7.23501e-02
-3.42883 7.19757e-02
-3.41461 7.16721e-02
-3.40040 7.14313e-02
-3.38619 7.12446e-02
-3.37197 7.11027e-02
-3.35776 7.09976e-02
-3.34354 7.09231e-02
-3.32933 7.08743e-02
-3.31512 7.08484e-02
-3.30090 7.08442e-02
-3.28669 7.08618e-02
-3.27247 7.09022e-02
-3.25826 7.09668e-02
-3.24404 7.10567e-02
-3.22983 7.11719e-02
-3.21562 7.13114e-02
-3.20140 7.14729e-02
-3.18719 7.16533e-02
-3.17297 7.18488e-02
-3.15876 7.20560e-02
-3.14454 7.22722e-02
-3.13033 7.24959e-02
-3.11612 7.27273e-02
-3.10190 7.29680e-02
-3.08769 7.32212e-02
-3.07347 7.34906e-02
-3.05926 7.37804e-02
-3.04505 7.40945e-02
-3.03083 7.44357e-02
-3.01662 7.48057e-02
-3.00240 7.52048e-02
-2.98819 7.56317e-02
-2.97397 7.60841e-02
-2.95976 7.65586e-02
-2.94555 7.70515e-02
-2.93133 7.75590e-02
-2.91712 7.80781e-02
-2.90290 7.86068e-02
-2.88869 7.91452e-02
-2.87447 7.96958e-02
-2.86026 8.02650e-02
-2.84605 8.08630e-02
-2.83183 8.15053e-02
-2.81762 8.22118e-02
-2.80340 8.30066e-02
-2.78919 8.39157e-02
-2.77497 8.49643e-02
-2.76076 8.61725e-02
-2.74655 8.75501e-02
-2.73233 8.90899e-02
-2.71812 9.07603e-02
-2.70390 9.24994e-02
-2.68969 9.42159e-02
-2.67548 9.58060e-02
-2.66126 9.72290e-02
-2.64705 9.88858e-02
-2.63283 1.02081e-01
-2.61862 1.06836e-01
-2.60440 1.10864e-01
-2.59019 1.12267e-01
-2.57598 1.11247e-01
-2.56176 1.10656e-01
-2.54755 1.11076e-01
-2.53333 1.11493e-01
-2.51912 1.11532e-01
-2.50490 1.11325e-01
-2.49069 1.11060e-01
-2.47648 1.10798e-01
-2.46226 1.10487e-01
-2.44805 1.10066e-01
-2.43383 1.09532e-01
-2.41962 1.08940e-01
-2.40541 1.08363e-01
-2.39119 1.07856e-01
-2.37698 1.07441e-01
-2.36276 1.07104e-01
-2.34855 1.06810e-01
-2.33433 1.06518e-01
-2.32012 1.06201e-01
-2.30591 1.05857e-01
-2.29169 1.05499e-01
-2.27748 1.05150e-01
-2.26326 1.04831e-01
-2.24905 1.04546e-01
-2.23483 1.04284e-01
-2.22062 1.04024e-01
-2.20641 1.03737e-01
-2.19219 1.03401e-01
-2.17798 1.03008e-01
-2.16376 1.02562e-01
-2.14955 1.02079e-01
-2.13534 1.01586e-01
-2.12112 1.01107e-01
-2.10691 1.00662e-01
-2.09269 1.00262e-01
-2.07848 9.99102e-02
-2.06426 9.95982e-02
-2.05005 9.93142e-02
-2.03584 9.90438e-02
-2.02162 9.87742e-02
-2.00741 9.84961e-02
-1.99319 9.82049e-02
-1.97898 9.79002e-02
-1.96476 9.75848e-02
-1.95055 9.72634e-02
-1.93634 9.69405e-02
-1.92212 9.66197e-02
-1.90791 9.63027e-02
-1.89369 9.59891e-02
-1.87948 9.56770e-02
-1.86527 9.53632e-02
-1.85105 9.50442e-02
-1.83684 9.47170e-02
-1.82262 9.43791e-02
-1.80841 9.40295e-02
-1.79419 9.36682e-02
-1.77998 9.32964e-02
-1.76577 9.29163e-02
-1.75155 9.25307e-02
-1.73734 9.21426e-02
-1.72312 9.17554e-02
-1.70891 9.13720e-02
-1.69469 9.09953e-02
-1.68048 9.06274e-02
-1.66627 9.02700e-02
-1.65205 8.99236e-02
-1.63784 8.95883e-02
-1.62362 8.92630e-02
-1.60941 8.89456e-02
-1.59520 8.86333e-02
-1.58098 8.83231e-02
-1.56677 8.80116e-02
-1.55255 8.76961e-02
-1.53834 8.73749e-02
-1.52412 8.70480e-02
-1.50991 8.67170e-02
-1.49570 8.63856e-02
-1.48148 8.60585e-02
-1.46727 8.57414e-02
-1.45305 8.54392e-02
-1.43884 8.51553e-02
-1.42462 8.48907e-02
-1.41041 8.46431e-02
-1.39620 8.44076e-02
-1.38198 8.41770e-02
-1.36777 8.39442e-02
-1.35355 8.37029e-02
-1.33934 8.34499e-02
-1.32513 8.31850e-02
-1.31091 8.29098e-02
-1.29670 8.26252e-02
-1.28248 8.23294e-02
-1.26827 8.20171e-02
-1.25405 8.16828e-02
-1.23984 8.13245e-02
-1.22563 8.09426e-02
-1.21141 8.05315e-02
-1.19720 8.00698e-02
-1.18298 7.95199e-02
-1.16877 7.88265e-02
-1.15455 7.79345e-02
-1.14034 7.69505e-02
-1.12613 7.62861e-02
-1.11191 7.56798e-02
-1.09770 7.31902e-02
-1.08348 6.92455e-02
-1.06927 6.62194e-02
-1.05506 6.40213e-02
-1.04084 6.19692e-02
-1.02663 5.99933e-02
-1.01241 5.81884e-02
-0.99820 5.65251e-02
-0.98398 5.48898e-02
-0.96977 5.32257e-02
-0.95556 5.15840e-02
-0.94134 5.00626e-02
-0.92713 4.87201e-02
-0.91291 4.75437e-02
-0.89870 4.64740e-02
-0.88448 4.54479e-02
-0.87027 4.44282e-02
-0.85606 4.34091e-02
-0.84184 4.24048e-02
-0.82763 4.14325e-02
-0.81341 4.04995e-02
-0.79920 3.95983e-02
-0.78498 3.87114e-02
-0.77077 3.78198e-02
-0.75656 3.69127e-02
-0.74234 3.59916e-02
-0.72813 3.50699e-02
-0.71391 3.41666e-02
-0.69970 3.33003e-02
-0.68549 3.24822e-02
-0.67127 3.17146e-02
-0.65706 3.09911e-02
-0.64284 3.03010e-02
-0.62863 2.96329e-02
-0.61441 2.89786e-02
-0.60020 2.83342e-02
-0.58599 2.76998e-02
-0.57177 2.70775e-02
-0.55756 2.64692e-02
-0.54334 2.58742e-02
-0.52913 2.52892e-02
-0.51491 2.47085e-02
-0.50070 2.41259e-02
-0.48649 2.35366e-02
-0.47227 2.29390e-02
-0.45806 2.23352e-02
-0.44384 2.17305e-02
-0.42963 2.11320e-02
-0.41542 2.05456e-02
-0.40120 1.99750e-02
-0.38699 1.94196e-02
-0.37277 1.88752e-02
-0.35856 1.83357e-02
-0.34434 1.77953e-02
-0.33013 1.72519e-02
-0.31592 1.67090e-02
-0.30170 1.61757e-02
-0.28749 1.56640e-02
-0.27327 1.51826e-02
-0.25906 1.47301e-02
-0.24484 1.42906e-02
-0.23063 1.38356e-02
-0.21642 1.33348e-02
-0.20220 1.27742e-02
-0.18799 1.21716e-02
-0.17377 1.15767e-02
-0.15956 1.10456e-02
-0.14535 1.05972e-02
-0.13113 1.01868e-02
-0.11692 9.72619e-03
-0.10270 9.14579e-03
-0.08849 8.44296e-03
-0.07427 7.67602e-03
-0.06006 6.97001e-03
-0.04585 6.62408e-03
-0.03163 6.62862e-03
-0.01742 6.11715e-03
-0.00320 5.01949e-03
0.01101 3.67377e-03
0.02523 2.30012e-03
0.03944 1.40088e-03
0.05365 9.34245e-04
0.06787 6.58106e-04
0.08208 4.73167e-04
0.09630 3.45760e-04
0.11051 2.56549e-04
0.12472 1.92703e-04
0.13894 1.45996e-04
0.15315 1.11250e-04
0.16737 8.51399e-05
0.18158 6.54208e-05
0.19580 5.04980e-05
0.21001 3.91969e-05
0.22422 3.06384e-05
0.23844 2.41619e-05
0.25265 1.92726e-05
0.26687 1.56019e-05
0.28108 1.28785e-05
0.29530 1.09063e-05
0.30951 9.54840e-06
0.32372 8.71565e-06
0.33794 8.35937e-06
0.35215 8.46731e-06
0.36637 9.06276e-06
0.38058 1.02068e-05
0.39479 1.20043e-05
0.40901 1.46136e-05
0.42322 1.82628e-05
0.43744 2.32730e-05
0.45165 3.00924e-05
0.46587 3.93417e-05
0.48008 5.18734e-05
0.49429 6.88369e-05
0.50851 9.17397e-05
0.52272 1.22485e-04
0.53694 1.63364e-04
0.55115 2.17009e-04
0.56537 2.86356e-04
0.57958 3.74941e-04
0.59379 4.88979e-04
0.60801 6.44354e-04
0.62222 8.72661e-04
0.63644 1.19435e-03
0.65065 1.56132e-03
0.66486 1.87992e-03
0.67908 2.11674e-03
0.69329 2.30276e-03
0.70751 2.46681e-03
0.72172 2.63597e-03
0.73594 2.84159e-03
0.75015 3.10281e-03
0.76436 3.43174e-03
0.77858 3.81495e-03
0.79279 4.17350e-03
0.80701 7.11270e-03
0.82122 4.67510e-03
0.83544 4.95767e-03
0.84965 5.28208e-03
0.86386 5.59483e-03
0.87808 5.87168e-03
0.89229 6.12441e-03
0.90651 6.37101e-03
0.92072 6.61580e-03
0.93493 6.85326e-03
0.94915 7.07989e-03
0.96336 7.29836e-03
0.97758 7.51404e-03
0.99179 7.73100e-03
1.00601 7.95095e-03
1.02022 8.17451e-03
1.03443 8.42685e-03
1.04865 8.86622e-03
1.06286 8.89912e-03
1.07708 9.14356e-03
1.09129 9.47038e-03
1.10551 9.91871e-03
1.11972 1.03164e-02
1.13393 1.05187e-02
1.14815 1.07822e-02
1.16236 1.11497e-02
1.17658 1.13308e-02
1.19079 1.15034e-02
1.20501 1.17340e-02
1.21922 1.19788e-02
1.23343 1.22276e-02
1.24765 1.24736e-02
1.26186 1.27151e-02
1.27608 1.29549e-02
1.29029 1.31965e-02
1.30450 1.34412e-02
1.31872 1.36886e-02
1.33293 1.39379e-02
1.34715 1.41899e-02
1.36136 1.44472e-02
1.37558 1.47110e-02
1.38979 1.49770e-02
1.40400 1.52361e-02
1.41822 1.54825e-02
1.43243 1.57202e-02
1.44665 1.59598e-02
1.46086 1.62096e-02
1.47508 1.64718e-02
1.48929 1.67450e-02
1.50350 1.70278e-02
1.51772 1.73200e-02
1.53193 1.76222e-02
1.54615 1.79351e-02
1.56036 1.82593e-02
1.57457 1.85949e-02
1.58879 1.89422e-02
1.60300 1.93012e-02
1.61722 1.96719e-02
1.63143 2.00546e-02
1.64565 2.04496e-02
1.65986 2.08569e-02
1.67407 2.12769e-02
1.68829 2.17098e-02
1.70250 2.21561e-02
1.71672 2.26168e-02
1.73093 2.30933e-02
1.74515 2.35884e-02
1.75936 2.41058e-02
1.77357 2.46511e-02
1.78779 2.52313e-02
1.80200 2.58555e-02
1.81622 2.65345e-02
1.83043 2.72805e-02
1.84464 2.81063e-02
1.85886 2.90226e-02
1.87307 3.00327e-02
1.88729 3.11272e-02
1.90150 3.22796e-02
1.91572 3.34523e-02
1.92993 3.46099e-02
1.94414 3.57206e-02
1.95836 3.67303e-02
1.97257 3.75680e-02
1.98679 3.82051e-02
2.00100 3.86670e-02
2.01522 3.89970e-02
2.02943 3.92689e-02
2.04364 3.95724e-02
2.05786 3.99473e-02
2.07207 4.03840e-02
2.08629 4.08683e-02
2.10050 4.13819e-02
2.11471 4.19127e-02
2.12893 4.25159e-02
2.14314 4.32926e-02
2.15736 4.42216e-02
2.17157 4.51398e-02
2.18579 4.59985e-02
2.20000 4.69245e-02
