-12.00000  0.00000 
-11.98500  0.00000 
-11.97000  0.00000 
-11.95500  0.00000 
-11.94000  0.00000 
-11.92500  0.00000 
-11.91000  0.00000 
-11.89500  0.00000 
-11.88000  0.00000 
-11.86500  0.00000 
-11.85000  0.00000 
-11.83500  0.00000 
-11.82000  0.00000 
-11.80500  0.00000 
-11.79000  0.00000 
-11.77500  0.00000 
-11.76000  0.00000 
-11.74500  0.00000 
-11.73000  0.00000 
-11.71500  0.00000 
-11.70000  0.00000 
-11.68500  0.00000 
-11.67000  0.00000 
-11.65500  0.00000 
-11.64000  0.00000 
-11.62500  0.00000 
-11.61000  0.00000 
-11.59500  0.00000 
-11.58000  0.00000 
-11.56500  0.00000 
-11.55000  0.00000 
-11.53500  0.00000 
-11.52000  0.00000 
-11.50500  0.00000 
-11.49000  0.00000 
-11.47500  0.00000 
-11.46000  0.00000 
-11.44500  0.00000 
-11.43000  0.00000 
-11.41500  0.00000 
-11.40000  0.00000 
-11.38500  0.00000 
-11.37000  0.00000 
-11.35500  0.00000 
-11.34000  0.00000 
-11.32500  0.00000 
-11.31000  0.00000 
-11.29500  0.00000 
-11.28000  0.00000 
-11.26500  0.00000 
-11.25000  0.00000 
-11.23500  0.00000 
-11.22000  0.00000 
-11.20500  0.00001 
-11.19000  0.00001 
-11.17500  0.00001 
-11.16000  0.00001 
-11.14500  0.00001 
-11.13000  0.00002 
-11.11500  0.00002 
-11.10000  0.00002 
-11.08500  0.00003 
-11.07000  0.00003 
-11.05500  0.00004 
-11.04000  0.00004 
-11.02500  0.00004 
-11.01000  0.00005 
-10.99500  0.00005 
-10.98000  0.00006 
-10.96500  0.00006 
-10.95000  0.00007 
-10.93500  0.00007 
-10.92000  0.00007 
-10.90500  0.00008 
-10.89000  0.00008 
-10.87500  0.00009 
-10.86000  0.00009 
-10.84500  0.00010 
-10.83000  0.00011 
-10.81500  0.00012 
-10.80000  0.00013 
-10.78500  0.00014 
-10.77000  0.00015 
-10.75500  0.00016 
-10.74000  0.00016 
-10.72500  0.00017 
-10.71000  0.00017 
-10.69500  0.00017 
-10.68000  0.00017 
-10.66500  0.00018 
-10.65000  0.00018 
-10.63500  0.00019 
-10.62000  0.00020 
-10.60500  0.00021 
-10.59000  0.00023 
-10.57500  0.00025 
-10.56000  0.00027 
-10.54500  0.00028 
-10.53000  0.00030 
-10.51500  0.00032 
-10.50000  0.00033 
-10.48500  0.00034 
-10.47000  0.00034 
-10.45500  0.00034 
-10.44000  0.00034 
-10.42500  0.00034 
-10.41000  0.00034 
-10.39500  0.00034 
-10.38000  0.00034 
-10.36500  0.00035 
-10.35000  0.00037 
-10.33500  0.00038 
-10.32000  0.00040 
-10.30500  0.00043 
-10.29000  0.00045 
-10.27500  0.00046 
-10.26000  0.00048 
-10.24500  0.00048 
-10.23000  0.00049 
-10.21500  0.00048 
-10.20000  0.00048 
-10.18500  0.00048 
-10.17000  0.00049 
-10.15500  0.00050 
-10.14000  0.00053 
-10.12500  0.00055 
-10.11000  0.00058 
-10.09500  0.00061 
-10.08000  0.00064 
-10.06500  0.00066 
-10.05000  0.00068 
-10.03500  0.00068 
-10.02000  0.00068 
-10.00500  0.00068 
-9.99000  0.00067 
-9.97500  0.00066 
-9.96000  0.00066 
-9.94500  0.00065 
-9.93000  0.00065 
-9.91500  0.00065 
-9.90000  0.00065 
-9.88500  0.00066 
-9.87000  0.00067 
-9.85500  0.00068 
-9.84000  0.00071 
-9.82500  0.00074 
-9.81000  0.00078 
-9.79500  0.00083 
-9.78000  0.00088 
-9.76500  0.00093 
-9.75000  0.00097 
-9.73500  0.00101 
-9.72000  0.00103 
-9.70500  0.00103 
-9.69000  0.00102 
-9.67500  0.00099 
-9.66000  0.00096 
-9.64500  0.00093 
-9.63000  0.00090 
-9.61500  0.00087 
-9.60000  0.00086 
-9.58500  0.00085 
-9.57000  0.00085 
-9.55500  0.00086 
-9.54000  0.00088 
-9.52500  0.00090 
-9.51000  0.00093 
-9.49500  0.00096 
-9.48000  0.00100 
-9.46500  0.00105 
-9.45000  0.00110 
-9.43500  0.00115 
-9.42000  0.00121 
-9.40500  0.00126 
-9.39000  0.00130 
-9.37500  0.00133 
-9.36000  0.00134 
-9.34500  0.00134 
-9.33000  0.00132 
-9.31500  0.00128 
-9.30000  0.00123 
-9.28500  0.00118 
-9.27000  0.00112 
-9.25500  0.00107 
-9.24000  0.00103 
-9.22500  0.00102 
-9.21000  0.00102 
-9.19500  0.00105 
-9.18000  0.00110 
-9.16500  0.00116 
-9.15000  0.00123 
-9.13500  0.00130 
-9.12000  0.00137 
-9.10500  0.00142 
-9.09000  0.00146 
-9.07500  0.00148 
-9.06000  0.00149 
-9.04500  0.00149 
-9.03000  0.00148 
-9.01500  0.00147 
-9.00000  0.00146 
-8.98500  0.00146 
-8.97000  0.00146 
-8.95500  0.00145 
-8.94000  0.00143 
-8.92500  0.00139 
-8.91000  0.00135 
-8.89500  0.00129 
-8.88000  0.00124 
-8.86500  0.00118 
-8.85000  0.00115 
-8.83500  0.00114 
-8.82000  0.00116 
-8.80500  0.00122 
-8.79000  0.00130 
-8.77500  0.00140 
-8.76000  0.00150 
-8.74500  0.00160 
-8.73000  0.00168 
-8.71500  0.00174 
-8.70000  0.00178 
-8.68500  0.00178 
-8.67000  0.00177 
-8.65500  0.00173 
-8.64000  0.00169 
-8.62500  0.00164 
-8.61000  0.00159 
-8.59500  0.00155 
-8.58000  0.00151 
-8.56500  0.00148 
-8.55000  0.00144 
-8.53500  0.00140 
-8.52000  0.00134 
-8.50500  0.00128 
-8.49000  0.00122 
-8.47500  0.00115 
-8.46000  0.00111 
-8.44500  0.00109 
-8.43000  0.00110 
-8.41500  0.00116 
-8.40000  0.00125 
-8.38500  0.00137 
-8.37000  0.00152 
-8.35500  0.00167 
-8.34000  0.00181 
-8.32500  0.00194 
-8.31000  0.00204 
-8.29500  0.00209 
-8.28000  0.00211 
-8.26500  0.00209 
-8.25000  0.00203 
-8.23500  0.00194 
-8.22000  0.00182 
-8.20500  0.00169 
-8.19000  0.00154 
-8.17500  0.00140 
-8.16000  0.00126 
-8.14500  0.00113 
-8.13000  0.00101 
-8.11500  0.00092 
-8.10000  0.00086 
-8.08500  0.00083 
-8.07000  0.00083 
-8.05500  0.00087 
-8.04000  0.00096 
-8.02500  0.00108 
-8.01000  0.00124 
-7.99500  0.00141 
-7.98000  0.00160 
-7.96500  0.00179 
-7.95000  0.00195 
-7.93500  0.00207 
-7.92000  0.00215 
-7.90500  0.00218 
-7.89000  0.00215 
-7.87500  0.00208 
-7.86000  0.00197 
-7.84500  0.00182 
-7.83000  0.00166 
-7.81500  0.00150 
-7.80000  0.00133 
-7.78500  0.00117 
-7.77000  0.00102 
-7.75500  0.00090 
-7.74000  0.00079 
-7.72500  0.00070 
-7.71000  0.00063 
-7.69500  0.00059 
-7.68000  0.00056 
-7.66500  0.00055 
-7.65000  0.00056 
-7.63500  0.00059 
-7.62000  0.00063 
-7.60500  0.00068 
-7.59000  0.00076 
-7.57500  0.00084 
-7.56000  0.00093 
-7.54500  0.00102 
-7.53000  0.00110 
-7.51500  0.00117 
-7.50000  0.00122 
-7.48500  0.00125 
-7.47000  0.00125 
-7.45500  0.00123 
-7.44000  0.00118 
-7.42500  0.00111 
-7.41000  0.00103 
-7.39500  0.00093 
-7.38000  0.00083 
-7.36500  0.00073 
-7.35000  0.00064 
-7.33500  0.00056 
-7.32000  0.00050 
-7.30500  0.00046 
-7.29000  0.00044 
-7.27500  0.00044 
-7.26000  0.00046 
-7.24500  0.00049 
-7.23000  0.00053 
-7.21500  0.00058 
-7.20000  0.00066 
-7.18500  0.00076 
-7.17000  0.00090 
-7.15500  0.00109 
-7.14000  0.00133 
-7.12500  0.00160 
-7.11000  0.00190 
-7.09500  0.00221 
-7.08000  0.00248 
-7.06500  0.00270 
-7.05000  0.00284 
-7.03500  0.00289 
-7.02000  0.00284 
-7.00500  0.00271 
-6.99000  0.00251 
-6.97500  0.00227 
-6.96000  0.00202 
-6.94500  0.00178 
-6.93000  0.00157 
-6.91500  0.00139 
-6.90000  0.00124 
-6.88500  0.00112 
-6.87000  0.00103 
-6.85500  0.00096 
-6.84000  0.00093 
-6.82500  0.00094 
-6.81000  0.00099 
-6.79500  0.00109 
-6.78000  0.00126 
-6.76500  0.00148 
-6.75000  0.00175 
-6.73500  0.00207 
-6.72000  0.00240 
-6.70500  0.00273 
-6.69000  0.00303 
-6.67500  0.00328 
-6.66000  0.00346 
-6.64500  0.00356 
-6.63000  0.00358 
-6.61500  0.00352 
-6.60000  0.00341 
-6.58500  0.00325 
-6.57000  0.00308 
-6.55500  0.00292 
-6.54000  0.00278 
-6.52500  0.00268 
-6.51000  0.00262 
-6.49500  0.00259 
-6.48000  0.00259 
-6.46500  0.00261 
-6.45000  0.00263 
-6.43500  0.00265 
-6.42000  0.00265 
-6.40500  0.00264 
-6.39000  0.00261 
-6.37500  0.00256 
-6.36000  0.00250 
-6.34500  0.00244 
-6.33000  0.00237 
-6.31500  0.00231 
-6.30000  0.00226 
-6.28500  0.00223 
-6.27000  0.00221 
-6.25500  0.00220 
-6.24000  0.00221 
-6.22500  0.00222 
-6.21000  0.00223 
-6.19500  0.00222 
-6.18000  0.00219 
-6.16500  0.00213 
-6.15000  0.00205 
-6.13500  0.00195 
-6.12000  0.00182 
-6.10500  0.00169 
-6.09000  0.00156 
-6.07500  0.00144 
-6.06000  0.00132 
-6.04500  0.00123 
-6.03000  0.00116 
-6.01500  0.00111 
-6.00000  0.00108 
-5.98500  0.00107 
-5.97000  0.00108 
-5.95500  0.00110 
-5.94000  0.00112 
-5.92500  0.00114 
-5.91000  0.00116 
-5.89500  0.00116 
-5.88000  0.00115 
-5.86500  0.00112 
-5.85000  0.00109 
-5.83500  0.00104 
-5.82000  0.00100 
-5.80500  0.00096 
-5.79000  0.00094 
-5.77500  0.00092 
-5.76000  0.00093 
-5.74500  0.00096 
-5.73000  0.00101 
-5.71500  0.00106 
-5.70000  0.00113 
-5.68500  0.00120 
-5.67000  0.00125 
-5.65500  0.00128 
-5.64000  0.00129 
-5.62500  0.00126 
-5.61000  0.00121 
-5.59500  0.00112 
-5.58000  0.00102 
-5.56500  0.00090 
-5.55000  0.00078 
-5.53500  0.00066 
-5.52000  0.00056 
-5.50500  0.00048 
-5.49000  0.00043 
-5.47500  0.00040 
-5.46000  0.00039 
-5.44500  0.00041 
-5.43000  0.00044 
-5.41500  0.00049 
-5.40000  0.00055 
-5.38500  0.00061 
-5.37000  0.00067 
-5.35500  0.00072 
-5.34000  0.00076 
-5.32500  0.00079 
-5.31000  0.00079 
-5.29500  0.00079 
-5.28000  0.00077 
-5.26500  0.00075 
-5.25000  0.00073 
-5.23500  0.00071 
-5.22000  0.00071 
-5.20500  0.00070 
-5.19000  0.00070 
-5.17500  0.00070 
-5.16000  0.00069 
-5.14500  0.00067 
-5.13000  0.00065 
-5.11500  0.00061 
-5.10000  0.00057 
-5.08500  0.00053 
-5.07000  0.00048 
-5.05500  0.00044 
-5.04000  0.00040 
-5.02500  0.00037 
-5.01000  0.00035 
-4.99500  0.00034 
-4.98000  0.00034 
-4.96500  0.00034 
-4.95000  0.00035 
-4.93500  0.00037 
-4.92000  0.00039 
-4.90500  0.00041 
-4.89000  0.00043 
-4.87500  0.00045 
-4.86000  0.00046 
-4.84500  0.00046 
-4.83000  0.00046 
-4.81500  0.00046 
-4.80000  0.00045 
-4.78500  0.00044 
-4.77000  0.00044 
-4.75500  0.00044 
-4.74000  0.00043 
-4.72500  0.00043 
-4.71000  0.00042 
-4.69500  0.00040 
-4.68000  0.00038 
-4.66500  0.00036 
-4.65000  0.00034 
-4.63500  0.00032 
-4.62000  0.00030 
-4.60500  0.00029 
-4.59000  0.00029 
-4.57500  0.00030 
-4.56000  0.00032 
-4.54500  0.00034 
-4.53000  0.00036 
-4.51500  0.00038 
-4.50000  0.00040 
-4.48500  0.00040 
-4.47000  0.00040 
-4.45500  0.00038 
-4.44000  0.00035 
-4.42500  0.00031 
-4.41000  0.00027 
-4.39500  0.00023 
-4.38000  0.00018 
-4.36500  0.00015 
-4.35000  0.00013 
-4.33500  0.00011 
-4.32000  0.00011 
-4.30500  0.00012 
-4.29000  0.00015 
-4.27500  0.00018 
-4.26000  0.00021 
-4.24500  0.00025 
-4.23000  0.00029 
-4.21500  0.00033 
-4.20000  0.00037 
-4.18500  0.00039 
-4.17000  0.00041 
-4.15500  0.00043 
-4.14000  0.00046 
-4.12500  0.00051 
-4.11000  0.00058 
-4.09500  0.00070 
-4.08000  0.00088 
-4.06500  0.00113 
-4.05000  0.00146 
-4.03500  0.00188 
-4.02000  0.00239 
-4.00500  0.00300 
-3.99000  0.00369 
-3.97500  0.00448 
-3.96000  0.00535 
-3.94500  0.00630 
-3.93000  0.00732 
-3.91500  0.00838 
-3.90000  0.00947 
-3.88500  0.01054 
-3.87000  0.01156 
-3.85500  0.01248 
-3.84000  0.01329 
-3.82500  0.01397 
-3.81000  0.01453 
-3.79500  0.01499 
-3.78000  0.01537 
-3.76500  0.01569 
-3.75000  0.01595 
-3.73500  0.01617 
-3.72000  0.01632 
-3.70500  0.01641 
-3.69000  0.01641 
-3.67500  0.01634 
-3.66000  0.01622 
-3.64500  0.01607 
-3.63000  0.01592 
-3.61500  0.01579 
-3.60000  0.01571 
-3.58500  0.01565 
-3.57000  0.01561 
-3.55500  0.01555 
-3.54000  0.01545 
-3.52500  0.01530 
-3.51000  0.01508 
-3.49500  0.01480 
-3.48000  0.01447 
-3.46500  0.01411 
-3.45000  0.01372 
-3.43500  0.01330 
-3.42000  0.01285 
-3.40500  0.01235 
-3.39000  0.01180 
-3.37500  0.01122 
-3.36000  0.01064 
-3.34500  0.01009 
-3.33000  0.00963 
-3.31500  0.00932 
-3.30000  0.00920 
-3.28500  0.00930 
-3.27000  0.00963 
-3.25500  0.01016 
-3.24000  0.01083 
-3.22500  0.01158 
-3.21000  0.01232 
-3.19500  0.01297 
-3.18000  0.01348 
-3.16500  0.01381 
-3.15000  0.01394 
-3.13500  0.01391 
-3.12000  0.01373 
-3.10500  0.01346 
-3.09000  0.01313 
-3.07500  0.01277 
-3.06000  0.01239 
-3.04500  0.01198 
-3.03000  0.01154 
-3.01500  0.01106 
-3.00000  0.01054 
-2.98500  0.01001 
-2.97000  0.00948 
-2.95500  0.00900 
-2.94000  0.00860 
-2.92500  0.00831 
-2.91000  0.00815 
-2.89500  0.00813 
-2.88000  0.00826 
-2.86500  0.00852 
-2.85000  0.00892 
-2.83500  0.00945 
-2.82000  0.01008 
-2.80500  0.01082 
-2.79000  0.01161 
-2.77500  0.01242 
-2.76000  0.01320 
-2.74500  0.01387 
-2.73000  0.01437 
-2.71500  0.01466 
-2.70000  0.01470 
-2.68500  0.01450 
-2.67000  0.01410 
-2.65500  0.01355 
-2.64000  0.01294 
-2.62500  0.01232 
-2.61000  0.01177 
-2.59500  0.01130 
-2.58000  0.01094 
-2.56500  0.01065 
-2.55000  0.01041 
-2.53500  0.01020 
-2.52000  0.00999 
-2.50500  0.00978 
-2.49000  0.00960 
-2.47500  0.00948 
-2.46000  0.00944 
-2.44500  0.00953 
-2.43000  0.00975 
-2.41500  0.01009 
-2.40000  0.01054 
-2.38500  0.01104 
-2.37000  0.01156 
-2.35500  0.01204 
-2.34000  0.01246 
-2.32500  0.01278 
-2.31000  0.01300 
-2.29500  0.01312 
-2.28000  0.01315 
-2.26500  0.01308 
-2.25000  0.01293 
-2.23500  0.01270 
-2.22000  0.01237 
-2.20500  0.01196 
-2.19000  0.01148 
-2.17500  0.01094 
-2.16000  0.01038 
-2.14500  0.00983 
-2.13000  0.00936 
-2.11500  0.00900 
-2.10000  0.00882 
-2.08500  0.00883 
-2.07000  0.00906 
-2.05500  0.00950 
-2.04000  0.01011 
-2.02500  0.01084 
-2.01000  0.01162 
-1.99500  0.01237 
-1.98000  0.01300 
-1.96500  0.01345 
-1.95000  0.01368 
-1.93500  0.01366 
-1.92000  0.01343 
-1.90500  0.01303 
-1.89000  0.01251 
-1.87500  0.01195 
-1.86000  0.01141 
-1.84500  0.01093 
-1.83000  0.01054 
-1.81500  0.01022 
-1.80000  0.00996 
-1.78500  0.00975 
-1.77000  0.00954 
-1.75500  0.00933 
-1.74000  0.00913 
-1.72500  0.00893 
-1.71000  0.00877 
-1.69500  0.00865 
-1.68000  0.00860 
-1.66500  0.00862 
-1.65000  0.00871 
-1.63500  0.00884 
-1.62000  0.00901 
-1.60500  0.00919 
-1.59000  0.00938 
-1.57500  0.00956 
-1.56000  0.00971 
-1.54500  0.00984 
-1.53000  0.00992 
-1.51500  0.00997 
-1.50000  0.00997 
-1.48500  0.00994 
-1.47000  0.00988 
-1.45500  0.00981 
-1.44000  0.00973 
-1.42500  0.00966 
-1.41000  0.00957 
-1.39500  0.00947 
-1.38000  0.00933 
-1.36500  0.00914 
-1.35000  0.00891 
-1.33500  0.00864 
-1.32000  0.00835 
-1.30500  0.00807 
-1.29000  0.00785 
-1.27500  0.00770 
-1.26000  0.00764 
-1.24500  0.00768 
-1.23000  0.00779 
-1.21500  0.00794 
-1.20000  0.00806 
-1.18500  0.00812 
-1.17000  0.00806 
-1.15500  0.00787 
-1.14000  0.00754 
-1.12500  0.00711 
-1.11000  0.00662 
-1.09500  0.00612 
-1.08000  0.00566 
-1.06500  0.00528 
-1.05000  0.00499 
-1.03500  0.00481 
-1.02000  0.00471 
-1.00500  0.00466 
-0.99000  0.00463 
-0.97500  0.00459 
-0.96000  0.00451 
-0.94500  0.00438 
-0.93000  0.00420 
-0.91500  0.00398 
-0.90000  0.00374 
-0.88500  0.00348 
-0.87000  0.00323 
-0.85500  0.00301 
-0.84000  0.00282 
-0.82500  0.00268 
-0.81000  0.00258 
-0.79500  0.00252 
-0.78000  0.00250 
-0.76500  0.00249 
-0.75000  0.00248 
-0.73500  0.00245 
-0.72000  0.00241 
-0.70500  0.00233 
-0.69000  0.00223 
-0.67500  0.00211 
-0.66000  0.00197 
-0.64500  0.00183 
-0.63000  0.00169 
-0.61500  0.00158 
-0.60000  0.00148 
-0.58500  0.00141 
-0.57000  0.00136 
-0.55500  0.00132 
-0.54000  0.00129 
-0.52500  0.00127 
-0.51000  0.00124 
-0.49500  0.00120 
-0.48000  0.00116 
-0.46500  0.00110 
-0.45000  0.00103 
-0.43500  0.00096 
-0.42000  0.00088 
-0.40500  0.00080 
-0.39000  0.00072 
-0.37500  0.00064 
-0.36000  0.00057 
-0.34500  0.00051 
-0.33000  0.00046 
-0.31500  0.00042 
-0.30000  0.00039 
-0.28500  0.00037 
-0.27000  0.00034 
-0.25500  0.00033 
-0.24000  0.00031 
-0.22500  0.00029 
-0.21000  0.00027 
-0.19500  0.00025 
-0.18000  0.00022 
-0.16500  0.00020 
-0.15000  0.00017 
-0.13500  0.00015 
-0.12000  0.00013 
-0.10500  0.00011 
-0.09000  0.00009 
-0.07500  0.00008 
-0.06000  0.00007 
-0.04500  0.00006 
-0.03000  0.00005 
-0.01500  0.00004 
0.00000  0.00003 
0.01500  0.00002 
0.03000  0.00002 
0.04500  0.00001 
0.06000  0.00001 
0.07500  0.00001 
0.09000  0.00000 
0.10500  0.00000 
0.12000  0.00000 
0.13500  0.00000 
0.15000  0.00000 
0.16500  0.00000 
0.18000  0.00000 
0.19500  0.00000 
0.21000  0.00000 
0.22500  0.00000 
0.24000  0.00000 
0.25500  0.00000 
0.27000  0.00000 
0.28500  0.00000 
0.30000  0.00000 
0.31500  0.00000 
0.33000  0.00000 
0.34500  0.00000 
0.36000  0.00000 
0.37500  0.00000 
0.39000  0.00000 
0.40500  0.00000 
0.42000  0.00001 
0.43500  0.00001 
0.45000  0.00002 
0.46500  0.00004 
0.48000  0.00007 
0.49500  0.00011 
0.51000  0.00016 
0.52500  0.00023 
0.54000  0.00033 
0.55500  0.00045 
0.57000  0.00059 
0.58500  0.00075 
0.60000  0.00095 
0.61500  0.00116 
0.63000  0.00141 
0.64500  0.00170 
0.66000  0.00204 
0.67500  0.00244 
0.69000  0.00292 
0.70500  0.00346 
0.72000  0.00407 
0.73500  0.00473 
0.75000  0.00540 
0.76500  0.00606 
0.78000  0.00665 
0.79500  0.00715 
0.81000  0.00754 
0.82500  0.00784 
0.84000  0.00806 
0.85500  0.00826 
0.87000  0.00848 
0.88500  0.00877 
0.90000  0.00916 
0.91500  0.00964 
0.93000  0.01020 
0.94500  0.01081 
0.96000  0.01143 
0.97500  0.01204 
0.99000  0.01261 
1.00500  0.01317 
1.02000  0.01372 
1.03500  0.01431 
1.05000  0.01496 
1.06500  0.01568 
1.08000  0.01645 
1.09500  0.01726 
1.11000  0.01807 
1.12500  0.01883 
1.14000  0.01950 
1.15500  0.02006 
1.17000  0.02046 
1.18500  0.02071 
1.20000  0.02080 
1.21500  0.02077 
1.23000  0.02065 
1.24500  0.02049 
1.26000  0.02033 
1.27500  0.02021 
1.29000  0.02017 
1.30500  0.02020 
1.32000  0.02030 
1.33500  0.02047 
1.35000  0.02070 
1.36500  0.02097 
1.38000  0.02131 
1.39500  0.02173 
1.41000  0.02224 
1.42500  0.02283 
1.44000  0.02346 
1.45500  0.02409 
1.47000  0.02462 
1.48500  0.02497 
1.50000  0.02506 
1.51500  0.02485 
1.53000  0.02433 
1.54500  0.02357 
1.56000  0.02264 
1.57500  0.02165 
1.59000  0.02071 
1.60500  0.01992 
1.62000  0.01933 
1.63500  0.01899 
1.65000  0.01892 
1.66500  0.01910 
1.68000  0.01954 
1.69500  0.02020 
1.71000  0.02107 
1.72500  0.02212 
1.74000  0.02333 
1.75500  0.02466 
1.77000  0.02608 
1.78500  0.02757 
1.80000  0.02910 
1.81500  0.03066 
1.83000  0.03222 
1.84500  0.03376 
1.86000  0.03525 
1.87500  0.03661 
1.89000  0.03777 
1.90500  0.03866 
1.92000  0.03918 
1.93500  0.03928 
1.95000  0.03896 
1.96500  0.03825 
1.98000  0.03725 
1.99500  0.03610 
2.01000  0.03497 
2.02500  0.03400 
2.04000  0.03333 
2.05500  0.03302 
2.07000  0.03308 
2.08500  0.03343 
2.10000  0.03397 
2.11500  0.03454 
2.13000  0.03504 
2.14500  0.03534 
2.16000  0.03541 
2.17500  0.03524 
2.19000  0.03486 
2.20500  0.03432 
2.22000  0.03366 
2.23500  0.03294 
2.25000  0.03217 
2.26500  0.03133 
2.28000  0.03042 
2.29500  0.02940 
2.31000  0.02828 
2.32500  0.02704 
2.34000  0.02571 
2.35500  0.02432 
2.37000  0.02292 
2.38500  0.02159 
2.40000  0.02039 
2.41500  0.01939 
2.43000  0.01865 
2.44500  0.01822 
2.46000  0.01811 
2.47500  0.01833 
2.49000  0.01885 
2.50500  0.01962 
2.52000  0.02057 
2.53500  0.02161 
2.55000  0.02265 
2.56500  0.02360 
2.58000  0.02437 
2.59500  0.02491 
2.61000  0.02519 
2.62500  0.02523 
2.64000  0.02506 
2.65500  0.02476 
2.67000  0.02440 
2.68500  0.02402 
2.70000  0.02364 
2.71500  0.02325 
2.73000  0.02280 
2.74500  0.02224 
2.76000  0.02150 
2.77500  0.02056 
2.79000  0.01942 
2.80500  0.01811 
2.82000  0.01672 
2.83500  0.01533 
2.85000  0.01407 
2.86500  0.01303 
2.88000  0.01229 
2.89500  0.01191 
2.91000  0.01190 
2.92500  0.01225 
2.94000  0.01294 
2.95500  0.01391 
2.97000  0.01513 
2.98500  0.01654 
