-12.00000 4.48044e-39
-11.98579 2.66530e-38
-11.97157 1.57787e-37
-11.95736 9.29380e-37
-11.94314 5.44575e-36
-11.92893 3.17431e-35
-11.91471 1.84075e-34
-11.90050 1.06210e-33
-11.88629 6.09885e-33
-11.87207 3.48617e-32
-11.85786 1.98407e-31
-11.84364 1.12441e-30
-11.82943 6.34545e-30
-11.81522 3.56532e-29
-11.80100 1.99386e-28
-11.78679 1.10929e-27
-11.77257 6.13611e-27
-11.75836 3.37252e-26
-11.74414 1.84056e-25
-11.72993 9.96843e-25
-11.71572 5.35534e-24
-11.70150 2.85296e-23
-11.68729 1.50688e-22
-11.67307 7.89081e-22
-11.65886 4.09668e-21
-11.64464 2.10879e-20
-11.63043 1.07633e-19
-11.61622 5.44741e-19
-11.60200 2.73402e-18
-11.58779 1.36099e-17
-11.57357 6.72174e-17
-11.55936 3.29498e-16
-11.54515 1.60361e-15
-11.53093 7.74731e-15
-11.51672 3.71149e-14
-11.50250 1.75912e-13
-11.48829 8.22095e-13
-11.47407 3.77449e-12
-11.45986 1.69843e-11
-11.44565 7.49021e-11
-11.43143 3.24483e-10
-11.41722 1.38353e-09
-11.40300 5.79619e-09
-11.38879 2.37645e-08
-11.37457 9.52049e-08
-11.36036 3.67162e-07
-11.34615 1.28034e-06
-11.33193 3.68187e-06
-11.31772 8.26602e-06
-11.30350 1.47541e-05
-11.28929 2.25483e-05
-11.27508 3.17064e-05
-11.26086 4.22030e-05
-11.24665 5.34862e-05
-11.23243 6.52485e-05
-11.21822 7.77476e-05
-11.20400 9.13472e-05
-11.18979 1.06096e-04
-11.17558 1.21749e-04
-11.16136 1.38050e-04
-11.14715 1.54962e-04
-11.13293 1.72653e-04
-11.11872 1.91325e-04
-11.10450 2.11053e-04
-11.09029 2.31739e-04
-11.07608 2.53191e-04
-11.06186 2.75236e-04
-11.04765 2.97808e-04
-11.03343 3.20963e-04
-11.01922 3.44840e-04
-11.00501 3.69584e-04
-10.99079 3.95283e-04
-10.97658 4.21932e-04
-10.96236 4.49442e-04
-10.94815 4.77688e-04
-10.93393 5.06557e-04
-10.91972 5.35994e-04
-10.90551 5.66022e-04
-10.89129 5.96727e-04
-10.87708 6.28228e-04
-10.86286 6.60634e-04
-10.84865 6.94009e-04
-10.83443 7.28353e-04
-10.82022 7.63602e-04
-10.80601 7.99654e-04
-10.79179 8.36391e-04
-10.77758 8.73720e-04
-10.76336 9.11588e-04
-10.74915 9.49999e-04
-10.73493 9.89004e-04
-10.72072 1.02869e-03
-10.70651 1.06915e-03
-10.69229 1.11046e-03
-10.67808 1.15266e-03
-10.66386 1.19575e-03
-10.64965 1.23968e-03
-10.63544 1.28438e-03
-10.62122 1.32977e-03
-10.60701 1.37576e-03
-10.59279 1.42230e-03
-10.57858 1.46938e-03
-10.56436 1.51704e-03
-10.55015 1.56533e-03
-10.53594 1.61436e-03
-10.52172 1.66423e-03
-10.50751 1.71503e-03
-10.49329 1.76682e-03
-10.47908 1.81963e-03
-10.46486 1.87344e-03
-10.45065 1.92819e-03
-10.43644 1.98379e-03
-10.42222 2.04015e-03
-10.40801 2.09718e-03
-10.39379 2.15480e-03
-10.37958 2.21297e-03
-10.36537 2.27169e-03
-10.35115 2.33100e-03
-10.33694 2.39096e-03
-10.32272 2.45165e-03
-10.30851 2.51318e-03
-10.29429 2.57563e-03
-10.28008 2.63906e-03
-10.26587 2.70350e-03
-10.25165 2.76896e-03
-10.23744 2.83539e-03
-10.22322 2.90274e-03
-10.20901 2.97093e-03
-10.19479 3.03988e-03
-10.18058 3.10952e-03
-10.16637 3.17981e-03
-10.15215 3.25073e-03
-10.13794 3.32229e-03
-10.12372 3.39454e-03
-10.10951 3.46756e-03
-10.09530 3.54146e-03
-10.08108 3.61633e-03
-10.06687 3.69228e-03
-10.05265 3.76940e-03
-10.03844 3.84775e-03
-10.02422 3.92737e-03
-10.01001 4.00828e-03
-9.99580 4.09046e-03
-9.98158 4.17387e-03
-9.96737 4.25846e-03
-9.95315 4.34418e-03
-9.93894 4.43101e-03
-9.92472 4.51893e-03
-9.91051 4.60795e-03
-9.89630 4.69811e-03
-9.88208 4.78949e-03
-9.86787 4.88220e-03
-9.85365 4.97636e-03
-9.83944 5.07211e-03
-9.82523 5.16959e-03
-9.81101 5.26892e-03
-9.79680 5.37022e-03
-9.78258 5.47356e-03
-9.76837 5.57903e-03
-9.75415 5.68663e-03
-9.73994 5.79638e-03
-9.72573 5.90827e-03
-9.71151 6.02229e-03
-9.69730 6.13842e-03
-9.68308 6.25667e-03
-9.66887 6.37707e-03
-9.65465 6.49968e-03
-9.64044 6.62462e-03
-9.62623 6.75203e-03
-9.61201 6.88211e-03
-9.59780 7.01509e-03
-9.58358 7.15122e-03
-9.56937 7.29081e-03
-9.55516 7.43414e-03
-9.54094 7.58152e-03
-9.52673 7.73326e-03
-9.51251 7.88965e-03
-9.49830 8.05101e-03
-9.48408 8.21763e-03
-9.46987 8.38986e-03
-9.45566 8.56805e-03
-9.44144 8.75261e-03
-9.42723 8.94401e-03
-9.41301 9.14279e-03
-9.39880 9.34968e-03
-9.38458 9.56572e-03
-9.37037 9.79239e-03
-9.35616 1.00317e-02
-9.34194 1.02859e-02
-9.32773 1.05573e-02
-9.31351 1.08481e-02
-9.29930 1.11621e-02
-9.28509 1.15098e-02
-9.27087 1.19126e-02
-9.25666 1.23961e-02
-9.24244 1.29661e-02
-9.22823 1.35849e-02
-9.21401 1.41805e-02
-9.19980 1.46881e-02
-9.18559 1.50721e-02
-9.17137 1.53067e-02
-9.15716 1.53674e-02
-9.14294 1.52662e-02
-9.12873 1.50745e-02
-9.11451 1.48835e-02
-9.10030 1.47459e-02
-9.08609 1.46610e-02
-9.07187 1.46023e-02
-9.05766 1.45465e-02
-9.04344 1.44831e-02
-9.02923 1.44112e-02
-9.01502 1.43335e-02
-9.00080 1.42518e-02
-8.98659 1.41662e-02
-8.97237 1.40756e-02
-8.95816 1.39790e-02
-8.94394 1.38770e-02
-8.92973 1.37719e-02
-8.91552 1.36666e-02
-8.90130 1.35642e-02
-8.88709 1.34663e-02
-8.87287 1.33730e-02
-8.85866 1.32830e-02
-8.84444 1.31944e-02
-8.83023 1.31055e-02
-8.81602 1.30151e-02
-8.80180 1.29231e-02
-8.78759 1.28299e-02
-8.77337 1.27365e-02
-8.75916 1.26438e-02
-8.74494 1.25522e-02
-8.73073 1.24618e-02
-8.71652 1.23721e-02
-8.70230 1.22824e-02
-8.68809 1.21917e-02
-8.67387 1.20995e-02
-8.65966 1.20057e-02
-8.64545 1.19105e-02
-8.63123 1.18143e-02
-8.61702 1.17179e-02
-8.60280 1.16219e-02
-8.58859 1.15270e-02
-8.57437 1.14334e-02
-8.56016 1.13409e-02
-8.54595 1.12493e-02
-8.53173 1.11579e-02
-8.51752 1.10662e-02
-8.50330 1.09738e-02
-8.48909 1.08801e-02
-8.47487 1.07850e-02
-8.46066 1.06885e-02
-8.44645 1.05906e-02
-8.43223 1.04917e-02
-8.41802 1.03920e-02
-8.40380 1.02916e-02
-8.38959 1.01907e-02
-8.37538 1.00893e-02
-8.36116 9.98742e-03
-8.34695 9.88499e-03
-8.33273 9.78193e-03
-8.31852 9.67820e-03
-8.30430 9.57382e-03
-8.29009 9.46885e-03
-8.27588 9.36340e-03
-8.26166 9.25760e-03
-8.24745 9.15156e-03
-8.23323 9.04532e-03
-8.21902 8.93884e-03
-8.20480 8.83201e-03
-8.19059 8.72462e-03
-8.17638 8.61640e-03
-8.16216 8.50707e-03
-8.14795 8.39640e-03
-8.13373 8.28421e-03
-8.11952 8.17044e-03
-8.10531 8.05515e-03
-8.09109 7.93850e-03
-8.07688 7.82069e-03
-8.06266 7.70196e-03
-8.04845 7.58245e-03
-8.03423 7.46218e-03
-8.02002 7.34098e-03
-8.00581 7.21849e-03
-7.99159 7.09417e-03
-7.97738 6.96734e-03
-7.96316 6.83731e-03
-7.94895 6.70347e-03
-7.93473 6.56540e-03
-7.92052 6.42294e-03
-7.90631 6.27625e-03
-7.89209 6.12570e-03
-7.87788 5.97180e-03
-7.86366 5.81505e-03
-7.84945 5.65578e-03
-7.83524 5.49412e-03
-7.82102 5.33008e-03
-7.80681 5.16384e-03
-7.79259 4.99605e-03
-7.77838 4.82826e-03
-7.76416 4.66293e-03
-7.74995 4.50311e-03
-7.73574 4.35161e-03
-7.72152 4.20994e-03
-7.70731 4.07764e-03
-7.69309 3.95270e-03
-7.67888 3.83348e-03
-7.66466 3.72148e-03
-7.65045 3.62245e-03
-7.63624 3.54306e-03
-7.62202 3.48239e-03
-7.60781 3.42655e-03
-7.59359 3.36405e-03
-7.57938 3.31676e-03
-7.56517 3.29000e-03
-7.55095 3.16691e-03
-7.53674 2.87900e-03
-7.52252 2.58783e-03
-7.50831 2.41406e-03
-7.49409 2.32710e-03
-7.47988 2.30965e-03
-7.46567 2.34067e-03
-7.45145 2.35877e-03
-7.43724 2.33316e-03
-7.42302 2.28988e-03
-7.40881 2.26440e-03
-7.39459 2.26596e-03
-7.38038 2.28482e-03
-7.36617 2.31066e-03
-7.35195 2.33991e-03
-7.33774 2.37456e-03
-7.32352 2.41855e-03
-7.30931 2.47490e-03
-7.29510 2.54438e-03
-7.28088 2.62574e-03
-7.26667 2.71675e-03
-7.25245 2.81527e-03
-7.23824 2.91991e-03
-7.22402 3.03009e-03
-7.20981 3.14578e-03
-7.19560 3.26703e-03
-7.18138 3.39370e-03
-7.16717 3.52531e-03
-7.15295 3.66109e-03
-7.13874 3.80013e-03
-7.12452 3.94159e-03
-7.11031 4.08482e-03
-7.09610 4.22935e-03
-7.08188 4.37490e-03
-7.06767 4.52124e-03
-7.05345 4.66811e-03
-7.03924 4.81512e-03
-7.02503 4.96173e-03
-7.01081 5.10728e-03
-6.99660 5.25112e-03
-6.98238 5.39266e-03
-6.96817 5.53154e-03
-6.95395 5.66769e-03
-6.93974 5.80142e-03
-6.92553 5.93334e-03
-6.91131 6.06435e-03
-6.89710 6.19548e-03
-6.88288 6.32778e-03
-6.86867 6.46213e-03
-6.85445 6.59915e-03
-6.84024 6.73912e-03
-6.82603 6.88198e-03
-6.81181 7.02741e-03
-6.79760 7.17497e-03
-6.78338 7.32430e-03
-6.76917 7.47532e-03
-6.75495 7.62841e-03
-6.74074 7.78454e-03
-6.72653 7.94526e-03
-6.71231 8.11253e-03
-6.69810 8.28835e-03
-6.68388 8.47438e-03
-6.66967 8.67156e-03
-6.65546 8.88027e-03
-6.64124 9.10158e-03
-6.62703 9.33968e-03
-6.61281 9.60534e-03
-6.59860 9.91844e-03
-6.58438 1.03074e-02
-6.57017 1.08094e-02
-6.55596 1.14678e-02
-6.54174 1.22083e-02
-6.52753 1.29656e-02
-6.51331 1.38273e-02
-6.49910 1.45383e-02
-6.48488 1.52697e-02
-6.47067 1.80322e-02
-6.45646 1.39405e-02
-6.44224 1.33135e-02
-6.42803 1.27072e-02
-6.41381 1.21420e-02
-6.39960 1.16717e-02
-6.38539 1.13008e-02
-6.37117 1.10071e-02
-6.35696 1.07632e-02
-6.34274 1.05487e-02
-6.32853 1.03527e-02
-6.31431 1.01706e-02
-6.30010 1.00014e-02
-6.28589 9.84458e-03
-6.27167 9.69954e-03
-6.25746 9.56508e-03
-6.24324 9.43979e-03
-6.22903 9.32228e-03
-6.21481 9.21139e-03
-6.20060 9.10624e-03
-6.18639 9.00622e-03
-6.17217 8.91088e-03
-6.15796 8.81988e-03
-6.14374 8.73291e-03
-6.12953 8.64966e-03
-6.11532 8.56982e-03
-6.10110 8.49304e-03
-6.08689 8.41898e-03
-6.07267 8.34732e-03
-6.05846 8.27776e-03
-6.04424 8.21002e-03
-6.03003 8.14389e-03
-6.01582 8.07919e-03
-6.00160 8.01578e-03
-5.98739 7.95357e-03
-5.97317 7.89251e-03
-5.95896 7.83257e-03
-5.94474 7.77374e-03
-5.93053 7.71604e-03
-5.91632 7.65948e-03
-5.90210 7.60409e-03
-5.88789 7.54986e-03
-5.87367 7.49680e-03
-5.85946 7.44490e-03
-5.84525 7.39413e-03
-5.83103 7.34443e-03
-5.81682 7.29576e-03
-5.80260 7.24803e-03
-5.78839 7.20116e-03
-5.77417 7.15506e-03
-5.75996 7.10965e-03
-5.74575 7.06484e-03
-5.73153 7.02056e-03
-5.71732 6.97673e-03
-5.70310 6.93330e-03
-5.68889 6.89024e-03
-5.67467 6.84751e-03
-5.66046 6.80513e-03
-5.64625 6.76308e-03
-5.63203 6.72138e-03
-5.61782 6.68006e-03
-5.60360 6.63915e-03
-5.58939 6.59867e-03
-5.57518 6.55865e-03
-5.56096 6.51913e-03
-5.54675 6.48011e-03
-5.53253 6.44161e-03
-5.51832 6.40363e-03
-5.50410 6.36615e-03
-5.48989 6.32916e-03
-5.47568 6.29264e-03
-5.46146 6.25654e-03
-5.44725 6.22083e-03
-5.43303 6.18547e-03
-5.41882 6.15041e-03
-5.40460 6.11561e-03
-5.39039 6.08103e-03
-5.37618 6.04664e-03
-5.36196 6.01242e-03
-5.34775 5.97834e-03
-5.33353 5.94440e-03
-5.31932 5.91060e-03
-5.30511 5.87693e-03
-5.29089 5.84341e-03
-5.27668 5.81006e-03
-5.26246 5.77689e-03
-5.24825 5.74393e-03
-5.23403 5.71120e-03
-5.21982 5.67872e-03
-5.20561 5.64650e-03
-5.19139 5.61456e-03
-5.17718 5.58290e-03
-5.16296 5.55153e-03
-5.14875 5.52043e-03
-5.13453 5.48960e-03
-5.12032 5.45903e-03
-5.10611 5.42868e-03
-5.09189 5.39854e-03
-5.07768 5.36858e-03
-5.06346 5.33877e-03
-5.04925 5.30908e-03
-5.03504 5.27949e-03
-5.02082 5.24998e-03
-5.00661 5.22052e-03
-4.99239 5.19111e-03
-4.97818 5.16173e-03
-4.96396 5.13239e-03
-4.94975 5.10308e-03
-4.93554 5.07381e-03
-4.92132 5.04459e-03
-4.90711 5.01544e-03
-4.89289 4.98637e-03
-4.87868 4.95741e-03
-4.86446 4.92857e-03
-4.85025 4.89988e-03
-4.83604 4.87134e-03
-4.82182 4.84298e-03
-4.80761 4.81481e-03
-4.79339 4.78683e-03
-4.77918 4.75905e-03
-4.76496 4.73147e-03
-4.75075 4.70408e-03
-4.73654 4.67687e-03
-4.72232 4.64984e-03
-4.70811 4.62296e-03
-4.69389 4.59622e-03
-4.67968 4.56960e-03
-4.66547 4.54308e-03
-4.65125 4.51666e-03
-4.63704 4.49030e-03
-4.62282 4.46399e-03
-4.60861 4.43774e-03
-4.59439 4.41152e-03
-4.58018 4.38533e-03
-4.56597 4.35918e-03
-4.55175 4.33307e-03
-4.53754 4.30700e-03
-4.52332 4.28098e-03
-4.50911 4.25503e-03
-4.49489 4.22916e-03
-4.48068 4.20338e-03
-4.46647 4.17772e-03
-4.45225 4.15218e-03
-4.43804 4.12678e-03
-4.42382 4.10154e-03
-4.40961 4.07646e-03
-4.39540 4.05155e-03
-4.38118 4.02682e-03
-4.36697 4.00228e-03
-4.35275 3.97791e-03
-4.33854 3.95372e-03
-4.32432 3.92970e-03
-4.31011 3.90585e-03
-4.29590 3.88215e-03
-4.28168 3.85859e-03
-4.26747 3.83517e-03
-4.25325 3.81188e-03
-4.23904 3.78872e-03
-4.22482 3.76570e-03
-4.21061 3.74283e-03
-4.19640 3.72017e-03
-4.18218 3.69777e-03
-4.16797 3.67575e-03
-4.15375 3.65431e-03
-4.13954 3.63374e-03
-4.12533 3.61455e-03
-4.11111 3.59755e-03
-4.09690 3.58402e-03
-4.08268 3.57593e-03
-4.06847 3.57610e-03
-4.05425 3.58836e-03
-4.04004 3.61937e-03
-4.02583 3.68977e-03
-4.01161 3.80820e-03
-3.99740 3.89829e-03
-3.98318 3.97173e-03
-3.96897 4.07871e-03
-3.95475 4.18991e-03
-3.94054 4.29005e-03
-3.92633 4.38511e-03
-3.91211 4.48546e-03
-3.89790 4.59672e-03
-3.88368 4.71873e-03
-3.86947 4.84957e-03
-3.85526 4.98874e-03
-3.84104 5.13762e-03
-3.82683 5.29908e-03
-3.81261 5.47710e-03
-3.79840 5.67518e-03
-3.78418 5.89078e-03
-3.76997 6.10821e-03
-3.75576 6.29965e-03
-3.74154 6.44069e-03
-3.72733 6.52902e-03
-3.71311 6.58615e-03
-3.69890 6.63934e-03
-3.68468 6.70308e-03
-3.67047 6.77597e-03
-3.65626 6.84978e-03
-3.64204 6.91807e-03
-3.62783 6.97891e-03
-3.61361 7.03359e-03
-3.59940 7.08462e-03
-3.58519 7.13433e-03
-3.57097 7.18436e-03
-3.55676 7.23555e-03
-3.54254 7.28809e-03
-3.52833 7.34178e-03
-3.51411 7.39623e-03
-3.49990 7.45101e-03
-3.48569 7.50571e-03
-3.47147 7.55994e-03
-3.45726 7.61340e-03
-3.44304 7.66584e-03
-3.42883 7.71720e-03
-3.41461 7.76755e-03
-3.40040 7.81710e-03
-3.38619 7.86609e-03
-3.37197 7.91475e-03
-3.35776 7.96323e-03
-3.34354 8.01161e-03
-3.32933 8.05996e-03
-3.31512 8.10838e-03
-3.30090 8.15701e-03
-3.28669 8.20601e-03
-3.27247 8.25554e-03
-3.25826 8.30574e-03
-3.24404 8.35664e-03
-3.22983 8.40821e-03
-3.21562 8.46030e-03
-3.20140 8.51268e-03
-3.18719 8.56504e-03
-3.17297 8.61706e-03
-3.15876 8.66842e-03
-3.14454 8.71888e-03
-3.13033 8.76828e-03
-3.11612 8.81658e-03
-3.10190 8.86386e-03
-3.08769 8.91033e-03
-3.07347 8.95628e-03
-3.05926 9.00207e-03
-3.04505 9.04806e-03
-3.03083 9.09460e-03
-3.01662 9.14199e-03
-3.00240 9.19044e-03
-2.98819 9.24008e-03
-2.97397 9.29093e-03
-2.95976 9.34291e-03
-2.94555 9.39588e-03
-2.93133 9.44963e-03
-2.91712 9.50392e-03
-2.90290 9.55850e-03
-2.88869 9.61318e-03
-2.87447 9.66781e-03
-2.86026 9.72240e-03
-2.84605 9.77708e-03
-2.83183 9.83219e-03
-2.81762 9.88827e-03
-2.80340 9.94604e-03
-2.78919 1.00064e-02
-2.77497 1.00701e-02
-2.76076 1.01381e-02
-2.74655 1.02108e-02
-2.73233 1.02884e-02
-2.71812 1.03702e-02
-2.70390 1.04549e-02
-2.68969 1.05407e-02
-2.67548 1.06255e-02
-2.66126 1.07077e-02
-2.64705 1.07885e-02
-2.63283 1.08816e-02
-2.61862 1.10202e-02
-2.60440 1.12024e-02
-2.59019 1.13389e-02
-2.57598 1.14056e-02
-2.56176 1.14767e-02
-2.54755 1.15680e-02
-2.53333 1.16534e-02
-2.51912 1.17239e-02
-2.50490 1.17873e-02
-2.49069 1.18529e-02
-2.47648 1.19235e-02
-2.46226 1.19960e-02
-2.44805 1.20658e-02
-2.43383 1.21304e-02
-2.41962 1.21904e-02
-2.40541 1.22480e-02
-2.39119 1.23056e-02
-2.37698 1.23643e-02
-2.36276 1.24237e-02
-2.34855 1.24825e-02
-2.33433 1.25389e-02
-2.32012 1.25925e-02
-2.30591 1.26435e-02
-2.29169 1.26934e-02
-2.27748 1.27437e-02
-2.26326 1.27955e-02
-2.24905 1.28489e-02
-2.23483 1.29027e-02
-2.22062 1.29554e-02
-2.20641 1.30050e-02
-2.19219 1.30501e-02
-2.17798 1.30902e-02
-2.16376 1.31257e-02
-2.14955 1.31580e-02
-2.13534 1.31887e-02
-2.12112 1.32198e-02
-2.10691 1.32525e-02
-2.09269 1.32878e-02
-2.07848 1.33256e-02
-2.06426 1.33653e-02
-2.05005 1.34060e-02
-2.03584 1.34465e-02
-2.02162 1.34858e-02
-2.00741 1.35231e-02
-1.99319 1.35582e-02
-1.97898 1.35912e-02
-1.96476 1.36223e-02
-1.95055 1.36520e-02
-1.93634 1.36808e-02
-1.92212 1.37089e-02
-1.90791 1.37364e-02
-1.89369 1.37632e-02
-1.87948 1.37889e-02
-1.86527 1.38132e-02
-1.85105 1.38357e-02
-1.83684 1.38561e-02
-1.82262 1.38744e-02
-1.80841 1.38906e-02
-1.79419 1.39050e-02
-1.77998 1.39180e-02
-1.76577 1.39300e-02
-1.75155 1.39416e-02
-1.73734 1.39533e-02
-1.72312 1.39654e-02
-1.70891 1.39781e-02
-1.69469 1.39918e-02
-1.68048 1.40066e-02
-1.66627 1.40224e-02
-1.65205 1.40393e-02
-1.63784 1.40571e-02
-1.62362 1.40758e-02
-1.60941 1.40950e-02
-1.59520 1.41145e-02
-1.58098 1.41337e-02
-1.56677 1.41523e-02
-1.55255 1.41695e-02
-1.53834 1.41850e-02
-1.52412 1.41983e-02
-1.50991 1.42092e-02
-1.49570 1.42176e-02
-1.48148 1.42239e-02
-1.46727 1.42283e-02
-1.45305 1.42315e-02
-1.43884 1.42340e-02
-1.42462 1.42363e-02
-1.41041 1.42386e-02
-1.39620 1.42408e-02
-1.38198 1.42427e-02
-1.36777 1.42439e-02
-1.35355 1.42437e-02
-1.33934 1.42420e-02
-1.32513 1.42387e-02
-1.31091 1.42340e-02
-1.29670 1.42280e-02
-1.28248 1.42212e-02
-1.26827 1.42140e-02
-1.25405 1.42071e-02
-1.23984 1.42020e-02
-1.22563 1.42004e-02
-1.21141 1.42018e-02
-1.19720 1.42017e-02
-1.18298 1.41904e-02
-1.16877 1.41548e-02
-1.15455 1.40813e-02
-1.14034 1.39750e-02
-1.12613 1.39156e-02
-1.11191 1.39690e-02
-1.09770 1.37832e-02
-1.08348 1.33048e-02
-1.06927 1.29369e-02
-1.05506 1.26640e-02
-1.04084 1.23999e-02
-1.02663 1.21503e-02
-1.01241 1.19370e-02
-0.99820 1.17558e-02
-0.98398 1.15848e-02
-0.96977 1.14075e-02
-0.95556 1.12235e-02
-0.94134 1.10427e-02
-0.92713 1.08745e-02
-0.91291 1.07209e-02
-0.89870 1.05769e-02
-0.88448 1.04352e-02
-0.87027 1.02913e-02
-0.85606 1.01450e-02
-0.84184 9.99940e-03
-0.82763 9.85823e-03
-0.81341 9.72348e-03
-0.79920 9.59451e-03
-0.78498 9.46865e-03
-0.77077 9.34260e-03
-0.75656 9.21398e-03
-0.74234 9.08214e-03
-0.72813 8.94821e-03
-0.71391 8.81432e-03
-0.69970 8.68265e-03
-0.68549 8.55455e-03
-0.67127 8.43017e-03
-0.65706 8.30860e-03
-0.64284 8.18847e-03
-0.62863 8.06853e-03
-0.61441 7.94818e-03
-0.60020 7.82764e-03
-0.58599 7.70773e-03
-0.57177 7.58945e-03
-0.55756 7.47348e-03
-0.54334 7.35982e-03
-0.52913 7.24773e-03
-0.51491 7.13595e-03
-0.50070 7.02306e-03
-0.48649 6.90803e-03
-0.47227 6.79054e-03
-0.45806 6.67106e-03
-0.44384 6.55074e-03
-0.42963 6.43090e-03
-0.41542 6.31259e-03
-0.40120 6.19603e-03
-0.38699 6.08041e-03
-0.37277 5.96401e-03
-0.35856 5.84465e-03
-0.34434 5.72051e-03
-0.33013 5.59096e-03
-0.31592 5.45719e-03
-0.30170 5.32208e-03
-0.28749 5.18921e-03
-0.27327 5.06090e-03
-0.25906 4.93609e-03
-0.24484 4.80923e-03
-0.23063 4.67133e-03
-0.21642 4.51382e-03
-0.20220 4.33463e-03
-0.18799 4.14325e-03
-0.17377 3.96044e-03
-0.15956 3.80814e-03
-0.14535 3.69286e-03
-0.13113 3.59431e-03
-0.11692 3.47312e-03
-0.10270 3.29558e-03
-0.08849 3.05532e-03
-0.07427 2.77705e-03
-0.06006 2.54195e-03
-0.04585 2.54248e-03
-0.03163 2.70227e-03
-0.01742 2.35074e-03
-0.00320 1.52030e-03
0.01101 8.98862e-04
0.02523 5.82833e-04
0.03944 4.01054e-04
0.05365 2.80588e-04
0.06787 1.99226e-04
0.08208 1.44081e-04
0.09630 1.06110e-04
0.11051 7.93313e-05
0.12472 5.99718e-05
0.13894 4.56898e-05
0.15315 3.50095e-05
0.16737 2.69593e-05
0.18158 2.08654e-05
0.19580 1.62405e-05
0.21001 1.27240e-05
0.22422 1.00475e-05
0.23844 8.01093e-06
0.25265 6.46709e-06
0.26687 5.30904e-06
0.28108 4.46176e-06
0.29530 3.87618e-06
0.30951 3.52560e-06
0.32372 3.40415e-06
0.33794 3.52721e-06
0.35215 3.93395e-06
0.36637 4.69209e-06
0.38058 5.90563e-06
0.39479 7.72623e-06
0.40901 1.03698e-05
0.42322 1.41406e-05
0.43744 1.94651e-05
0.45165 2.69414e-05
0.46587 3.74065e-05
0.48008 5.20280e-05
0.49429 7.24188e-05
0.50851 1.00773e-04
0.52272 1.40005e-04
0.53694 1.93878e-04
0.55115 2.67120e-04
0.56537 3.65636e-04
0.57958 4.97067e-04
0.59379 6.72167e-04
0.60801 9.08171e-04
0.62222 1.23727e-03
0.63644 1.71234e-03
0.65065 3.57137e-03
0.66486 3.56084e-03
0.67908 3.56578e-03
0.69329 3.85015e-03
0.70751 4.09351e-03
0.72172 4.46149e-03
0.73594 4.95834e-03
0.75015 5.52443e-03
0.76436 6.12191e-03
0.77858 6.74481e-03
0.79279 7.39558e-03
0.80701 1.17713e-02
0.82122 8.67724e-03
0.83544 9.22818e-03
0.84965 9.69998e-03
0.86386 1.01068e-02
0.87808 1.04769e-02
0.89229 1.08469e-02
0.90651 1.12413e-02
0.92072 1.16565e-02
0.93493 1.20716e-02
0.94915 1.24700e-02
0.96336 1.28480e-02
0.97758 1.32103e-02
0.99179 1.35624e-02
1.00601 1.39076e-02
1.02022 1.42478e-02
1.03443 1.45862e-02
1.04865 1.49287e-02
1.06286 1.52837e-02
1.07708 1.56728e-02
1.09129 1.62270e-02
1.10551 1.73694e-02
1.11972 1.85261e-02
1.13393 1.81884e-02
1.14815 1.83893e-02
1.16236 1.88420e-02
1.17658 1.92483e-02
1.19079 1.96188e-02
1.20501 2.00343e-02
1.21922 2.04938e-02
1.23343 2.09350e-02
1.24765 2.13253e-02
1.26186 2.16920e-02
1.27608 2.20743e-02
1.29029 2.24844e-02
1.30450 2.29114e-02
1.31872 2.33390e-02
1.33293 2.37560e-02
1.34715 2.41583e-02
1.36136 2.45488e-02
1.37558 2.49341e-02
1.38979 2.53208e-02
1.40400 2.57128e-02
1.41822 2.61103e-02
1.43243 2.65110e-02
1.44665 2.69115e-02
1.46086 2.73096e-02
1.47508 2.77054e-02
1.48929 2.81014e-02
1.50350 2.85014e-02
1.51772 2.89096e-02
1.53193 2.93291e-02
1.54615 2.97612e-02
1.56036 3.02060e-02
1.57457 3.06623e-02
1.58879 3.11284e-02
1.60300 3.16032e-02
1.61722 3.20860e-02
1.63143 3.25767e-02
1.64565 3.30755e-02
1.65986 3.35823e-02
1.67407 3.40971e-02
1.68829 3.46189e-02
1.70250 3.51469e-02
1.71672 3.56807e-02
1.73093 3.62213e-02
1.74515 3.67720e-02
1.75936 3.73385e-02
1.77357 3.79299e-02
1.78779 3.85581e-02
1.80200 3.92366e-02
1.81622 3.99790e-02
1.83043 4.07969e-02
1.84464 4.16970e-02
1.85886 4.26780e-02
1.87307 4.37291e-02
1.88729 4.48283e-02
1.90150 4.59443e-02
1.91572 4.70387e-02
1.92993 4.80693e-02
1.94414 4.89951e-02
1.95836 4.97823e-02
1.97257 5.04178e-02
1.98679 5.09282e-02
2.00100 5.13909e-02
2.01522 5.18956e-02
2.02943 5.24174e-02
2.04364 5.27307e-02
2.05786 5.26464e-02
2.07207 5.23136e-02
2.08629 5.20104e-02
2.10050 5.17853e-02
2.11471 5.15175e-02
2.12893 5.11403e-02
2.14314 5.06933e-02
2.15736 5.02531e-02
2.17157 4.98808e-02
2.18579 4.96360e-02
2.20000 4.96189e-02
