-12.00000 5.528934298146199e-37
-11.98579 2.724942640338867e-36
-11.97157 1.332380689922231e-35
-11.95736 6.467024946961958e-35
-11.94314 3.117860731374239e-34
-11.92893 1.494077308775601e-33
-11.91471 7.121265735697320e-33
-11.90050 3.378527657055638e-32
-11.88629 1.596684206258132e-31
-11.87207 7.522960851847073e-31
-11.85786 3.536912956353332e-30
-11.84364 1.660945922449854e-29
-11.82943 7.799481831944572e-29
-11.81522 3.666901280137786e-28
-11.80100 1.728442035348274e-27
-11.78679 8.180139252691853e-27
-11.77257 3.892460322357080e-26
-11.75836 1.864496592018664e-25
-11.74414 8.997542530055374e-25
-11.72993 4.375674563641660e-24
-11.71572 2.144062603233295e-23
-11.70150 1.057898826240854e-22
-11.68729 5.252004597450743e-22
-11.67307 2.621396740640489e-21
-11.65886 1.314382608188595e-20
-11.64464 6.613990186009100e-20
-11.63043 3.334905867612462e-19
-11.61622 1.680719099679828e-18
-11.60200 8.435704352639788e-18
-11.58779 4.197253031418759e-17
-11.57357 2.059745979252620e-16
-11.55936 9.919871813333898e-16
-11.54515 4.668583869897374e-15
-11.53093 2.140354201643238e-14
-11.51672 9.542266330659139e-14
-11.50250 4.136148546214704e-13
-11.48829 1.745461796872917e-12
-11.47407 7.191161002632115e-12
-11.45986 2.903378629642570e-11
-11.44565 1.153415942396495e-10
-11.43143 4.523847512664146e-10
-11.41722 1.755024678734516e-09
-11.40300 6.740185334438892e-09
-11.38879 2.569112607767659e-08
-11.37457 9.755791814808428e-08
-11.36036 3.627320442669956e-07
-11.34615 1.231186110753029e-06
-11.33193 3.469118786787190e-06
-11.31772 7.718807952759270e-06
-11.30350 1.391084529126427e-05
-11.28929 2.183729844506481e-05
-11.27508 3.163105922411627e-05
-11.26086 4.294726900824033e-05
-11.24665 5.484239445217032e-05
-11.23243 6.678324306389598e-05
-11.21822 7.908665523767995e-05
-11.20400 9.232520833218503e-05
-11.18979 1.066651812676456e-04
-11.17558 1.218653997465629e-04
-11.16136 1.376920766286516e-04
-11.14715 1.541899148186306e-04
-11.13293 1.716223098809560e-04
-11.11872 1.902477674149233e-04
-11.10450 2.101479329998046e-04
-11.09029 2.312002480765197e-04
-11.07608 2.531663979192589e-04
-11.06186 2.758161150601526e-04
-11.04765 2.990173206553467e-04
-11.03343 3.227621410810366e-04
-11.01922 3.471343527116336e-04
-11.00501 3.722450346463777e-04
-10.99079 3.981689617944644e-04
-10.97658 4.249076265945851e-04
-10.96236 4.523901272994464e-04
-10.94815 4.805064984293450e-04
-10.93393 5.091558570843644e-04
-10.91972 5.382882257665881e-04
-10.90551 5.679241748159073e-04
-10.89129 5.981469768176900e-04
-10.87708 6.290728351010691e-04
-10.86286 6.608119043599946e-04
-10.84865 6.934344390327659e-04
-10.83443 7.269529458684043e-04
-10.82022 7.613247006465852e-04
-10.80601 7.964719908988596e-04
-10.79179 8.323122036989604e-04
-10.77758 8.687877038705223e-04
-10.76336 9.058865305495218e-04
-10.74915 9.436484914094914e-04
-10.73493 9.821558908316621e-04
-10.72072 1.021512440505399e-03
-10.70651 1.061816750452532e-03
-10.69229 1.103137642825407e-03
-10.67808 1.145497438009924e-03
-10.66386 1.188866876044622e-03
-10.64965 1.233172247962897e-03
-10.63544 1.278312424329120e-03
-10.62122 1.324181409799107e-03
-10.60701 1.370691170300398e-03
-10.59279 1.417789817445786e-03
-10.57858 1.465471577327454e-03
-10.56436 1.513776927753582e-03
-10.55015 1.562783397373633e-03
-10.53594 1.612589347085231e-03
-10.52172 1.663294269639600e-03
-10.50751 1.714979573116772e-03
-10.49329 1.767693452310388e-03
-10.47908 1.821442443360636e-03
-10.46486 1.876190851000219e-03
-10.45065 1.931867731012213e-03
-10.43644 1.988379785792841e-03
-10.42222 2.045627607333554e-03
-10.40801 2.103522302928811e-03
-10.39379 2.161999682152926e-03
-10.37958 2.221029791256988e-03
-10.36537 2.280620505240371e-03
-10.35115 2.340814944506803e-03
-10.33694 2.401683487287163e-03
-10.32272 2.463311945161036e-03
-10.30851 2.525787951666277e-03
-10.29429 2.589187738403316e-03
-10.28008 2.653565254566613e-03
-10.26587 2.718945090298695e-03
-10.25165 2.785319992069684e-03
-10.23744 2.852653025449523e-03
-10.22322 2.920883759977703e-03
-10.20901 2.989937316027841e-03
-10.19479 3.059734788017948e-03
-10.18058 3.130203469733355e-03
-10.16637 3.201285448138375e-03
-10.15215 3.272943463651945e-03
-10.13794 3.345163397219670e-03
-10.12372 3.417953265534284e-03
-10.10951 3.491339111809867e-03
-10.09530 3.565358604695492e-03
-10.08108 3.640053451299999e-03
-10.06687 3.715461860767370e-03
-10.05265 3.791612253253840e-03
-10.03844 3.868519208018294e-03
-10.02422 3.946182315188475e-03
-10.01001 4.024588184672799e-03
-9.99580 4.103715427341953e-03
-9.98158 4.183542014599971e-03
-9.96737 4.264054094484591e-03
-9.95315 4.345255136067162e-03
-9.93894 4.427174213847354e-03
-9.92472 4.509872336015336e-03
-9.91051 4.593445951646539e-03
-9.89630 4.678027111645701e-03
-9.88208 4.763780163022108e-03
-9.86787 4.850895274952916e-03
-9.85365 4.939579476334651e-03
-9.83944 5.030046181988513e-03
-9.82523 5.122504363331746e-03
-9.81101 5.217148559143315e-03
-9.79680 5.314150819999898e-03
-9.78258 5.413655449819265e-03
-9.76837 5.515777078258261e-03
-9.75415 5.620602208130674e-03
-9.73994 5.728193978650809e-03
-9.72573 5.838599515533388e-03
-9.71151 5.951858946131356e-03
-9.69730 6.068014976241955e-03
-9.68308 6.187121876065436e-03
-9.66887 6.309252810681750e-03
-9.65465 6.434504661930002e-03
-9.64044 6.562999793491579e-03
-9.62623 6.694884567076720e-03
-9.61201 6.830324779935549e-03
-9.59780 6.969498527247503e-03
-9.58358 7.112587283658989e-03
-9.56937 7.259766258141170e-03
-9.55516 7.411195329614211e-03
-9.54094 7.567012118883398e-03
-9.52673 7.727328924345555e-03
-9.51251 7.892235166497940e-03
-9.49830 8.061806399164574e-03
-9.48408 8.236119699296449e-03
-9.46987 8.415273608088971e-03
-9.45566 8.599409815804695e-03
-9.44144 8.788735340498588e-03
-9.42723 8.983549838816742e-03
-9.41301 9.184292188657316e-03
-9.39880 9.391626960343459e-03
-9.38458 9.606580805734132e-03
-9.37037 9.830695819815636e-03
-9.35616 1.006609460952063e-02
-9.34194 1.031530654362201e-02
-9.32773 1.058083711680374e-02
-9.31351 1.086499831405578e-02
-9.29930 1.117141738163027e-02
-9.28509 1.150960814422751e-02
-9.27087 1.190008458057947e-02
-9.25666 1.236990497101848e-02
-9.24244 1.292946250999834e-02
-9.22823 1.354493945118729e-02
-9.21401 1.414330253788266e-02
-9.19980 1.465505205834635e-02
-9.18559 1.504104787388372e-02
-9.17137 1.527379829914663e-02
-9.15716 1.532822726249715e-02
-9.14294 1.521878764752652e-02
-9.12873 1.502101865757951e-02
-9.11451 1.482711482997585e-02
-9.10030 1.468642204059368e-02
-9.08609 1.459504547004959e-02
-9.07187 1.452601051125165e-02
-9.05766 1.445740255693473e-02
-9.04344 1.438070710506049e-02
-9.02923 1.429678353599664e-02
-9.01502 1.420961403237003e-02
-9.00080 1.412212578986492e-02
-8.98659 1.403472799770084e-02
-8.97237 1.394596219687710e-02
-8.95816 1.385416513701376e-02
-8.94394 1.375896032983448e-02
-8.92973 1.366179630516039e-02
-8.91552 1.356541654104815e-02
-8.90130 1.347270658345996e-02
-8.88709 1.338557183032315e-02
-8.87287 1.330434505805483e-02
-8.85866 1.322787586592877e-02
-8.84444 1.315412859527891e-02
-8.83023 1.308095064821727e-02
-8.81602 1.300669221613608e-02
-8.80180 1.293049669683861e-02
-8.78759 1.285224695757922e-02
-8.77337 1.277227604656928e-02
-8.75916 1.269100239584403e-02
-8.74494 1.260863439795732e-02
-8.73073 1.252503208641281e-02
-8.71652 1.243974344800183e-02
-8.70230 1.235217342866184e-02
-8.68809 1.226180929556498e-02
-8.67387 1.216842084403302e-02
-8.65966 1.207217349983617e-02
-8.64545 1.197362650563962e-02
-8.63123 1.187362496643508e-02
-8.61702 1.177312302744880e-02
-8.60280 1.167298947258244e-02
-8.58859 1.157384527465770e-02
-8.57437 1.147596829335463e-02
-8.56016 1.137927932131118e-02
-8.54595 1.128340252622666e-02
-8.53173 1.118777728480155e-02
-8.51752 1.109179038872565e-02
-8.50330 1.099489801958011e-02
-8.48909 1.089671406928812e-02
-8.47487 1.079705245055449e-02
-8.46066 1.069592284269871e-02
-8.44645 1.059348917456048e-02
-8.43223 1.049000632271935e-02
-8.41802 1.038575236467006e-02
-8.40380 1.028097163707342e-02
-8.38959 1.017583890239250e-02
-8.37538 1.007044859700849e-02
-8.36116 9.964826925914461e-03
-8.34695 9.858959731972792e-03
-8.33273 9.752826400743838e-03
-8.31852 9.646429833162908e-03
-8.30430 9.539814488954555e-03
-8.29009 9.433068037313237e-03
-8.27588 9.326306378912705e-03
-8.26166 9.219645807396051e-03
-8.24745 9.113169064938999e-03
-8.23323 9.006893475427380e-03
-8.21902 8.900748999010848e-03
-8.20480 8.794572072281738e-03
-8.19059 8.688117902251396e-03
-8.17638 8.581090096606618e-03
-8.16216 8.473182851831077e-03
-8.14795 8.364128064435974e-03
-8.13373 8.253738214635273e-03
-8.11952 8.141936006751274e-03
-8.10531 8.028763577040634e-03
-8.09109 7.914367364531444e-03
-8.07688 7.798959011730427e-03
-8.06266 7.682757272846953e-03
-8.04845 7.565920118417563e-03
-8.03423 7.448479293026360e-03
-8.02002 7.330290841283124e-03
-8.00581 7.211014055601161e-03
-7.99159 7.090127644540888e-03
-7.97738 6.966985742837458e-03
-7.96316 6.840908235495531e-03
-7.94895 6.711290927698389e-03
-7.93473 6.577713239542931e-03
-7.92052 6.440016789956707e-03
-7.90631 6.298330018211163e-03
-7.89209 6.153023734129996e-03
-7.87788 6.004600357606337e-03
-7.86366 5.853543246261655e-03
-7.84945 5.700176639731102e-03
-7.83524 5.544603195072933e-03
-7.82102 5.386784036834315e-03
-7.80681 5.226793472267221e-03
-7.79259 5.065208458478782e-03
-7.77838 4.903489146608024e-03
-7.76416 4.744112447133186e-03
-7.74995 4.590215151761543e-03
-7.73574 4.444671400302709e-03
-7.72152 4.308883846962751e-03
-7.70731 4.181972878031051e-03
-7.69309 4.061211394963628e-03
-7.67888 3.944114701627227e-03
-7.66466 3.831344007251534e-03
-7.65045 3.727919764081978e-03
-7.63624 3.639767528702252e-03
-7.62202 3.565801044291628e-03
-7.60781 3.494014148402160e-03
-7.59359 3.417710982113798e-03
-7.57938 3.357881070239462e-03
-7.56517 3.302310201952574e-03
-7.55095 3.121630434463505e-03
-7.53674 2.753681075381550e-03
-7.52252 2.371686215468319e-03
-7.50831 2.139230151443528e-03
-7.49409 2.048992634341576e-03
-7.47988 2.033149502653472e-03
-7.46567 2.041008086370842e-03
-7.45145 2.045449239088020e-03
-7.43724 2.042240959753869e-03
-7.42302 2.042971824915211e-03
-7.40881 2.060135323952857e-03
-7.39459 2.096876659002461e-03
-7.38038 2.147976369862979e-03
-7.36617 2.206660114339410e-03
-7.35195 2.269463215214601e-03
-7.33774 2.336684976783520e-03
-7.32352 2.410330037132570e-03
-7.30931 2.491987261968364e-03
-7.29510 2.581827728736112e-03
-7.28088 2.678742033450543e-03
-7.26667 2.781092642342819e-03
-7.25245 2.887495905550870e-03
-7.23824 2.997256816100757e-03
-7.22402 3.110367651150819e-03
-7.20981 3.227203172285109e-03
-7.19560 3.348132056396307e-03
-7.18138 3.473229777127785e-03
-7.16717 3.602180749550851e-03
-7.15295 3.734358048899769e-03
-7.13874 3.869005329690400e-03
-7.12452 4.005428260667825e-03
-7.11031 4.143122746217137e-03
-7.09610 4.281806392323137e-03
-7.08188 4.421359996694323e-03
-7.06767 4.561714521557379e-03
-7.05345 4.702730520492277e-03
-7.03924 4.844112305147765e-03
-7.02503 4.985383395570919e-03
-7.01081 5.125929630445756e-03
-6.99660 5.265097676696541e-03
-6.98238 5.402323616076393e-03
-6.96817 5.537260602736314e-03
-6.95395 5.669876150657434e-03
-6.93974 5.800496977849865e-03
-6.92553 5.929790397685919e-03
-6.91131 6.058683755581953e-03
-6.89710 6.188235286499969e-03
-6.88288 6.319479260245947e-03
-6.86867 6.453274002747988e-03
-6.85445 6.590182375781562e-03
-6.84024 6.730410164626436e-03
-6.82603 6.873818900848421e-03
-6.81181 7.020017130512197e-03
-6.79760 7.168519957739155e-03
-6.78338 7.318953045397751e-03
-6.76917 7.471265898133400e-03
-6.75495 7.625911046741935e-03
-6.74074 7.783941116336047e-03
-6.72653 7.946976514841988e-03
-6.71231 8.117008700275026e-03
-6.69810 8.296040385149800e-03
-6.68388 8.485643154666290e-03
-6.66967 8.686649950420582e-03
-6.65546 8.899377934172666e-03
-6.64124 9.124889134240215e-03
-6.62703 9.367586920902490e-03
-6.61281 9.638617625298787e-03
-6.59860 9.958315358332260e-03
-6.58438 1.035614331140122e-02
-6.57017 1.086839789446058e-02
-6.55596 1.151414481837346e-02
-6.54174 1.222403737994779e-02
-6.52753 1.298515966850902e-02
-6.51331 1.381983285073591e-02
-6.49910 1.445577162433675e-02
-6.48488 1.541495334047273e-02
-6.47067 1.663411871635662e-02
-6.45646 1.436013119126520e-02
-6.44224 1.329092368334450e-02
-6.42803 1.266364372685610e-02
-6.41381 1.210583952468185e-02
-6.39960 1.163963988084683e-02
-6.38539 1.126834676446141e-02
-6.37117 1.097251546489540e-02
-6.35696 1.072679362167658e-02
-6.34274 1.051157769201630e-02
-6.32853 1.031574993338844e-02
-6.31431 1.013452354955757e-02
-6.30010 9.966304301353047e-03
-6.28589 9.810434388959776e-03
-6.27167 9.666125909489291e-03
-6.25746 9.532229997302443e-03
-6.24324 9.407396904249620e-03
-6.22903 9.290314557079135e-03
-6.21481 9.179874582843984e-03
-6.20060 9.075230645420084e-03
-6.18639 8.975773166895224e-03
-6.17217 8.881061701051272e-03
-6.15796 8.790750480782782e-03
-6.14374 8.704528763679754e-03
-6.12953 8.622084199802461e-03
-6.11532 8.543088177493973e-03
-6.10110 8.467197434988968e-03
-6.08689 8.394065096595507e-03
-6.07267 8.323355240172236e-03
-6.05846 8.254756876835025e-03
-6.04424 8.187995006230707e-03
-6.03003 8.122837801665332e-03
-6.01582 8.059099880699108e-03
-6.00160 7.996642098685584e-03
-5.98739 7.935368497504765e-03
-5.97317 7.875221077535641e-03
-5.95896 7.816173030742248e-03
-5.94474 7.758221028549974e-03
-5.93053 7.701377118632938e-03
-5.91632 7.645660747963180e-03
-5.90210 7.591091385227323e-03
-5.88789 7.537682154068811e-03
-5.87367 7.485434804690882e-03
-5.85946 7.434336246629593e-03
-5.84525 7.384356746793809e-03
-5.83103 7.335449774193520e-03
-5.81682 7.287553357030318e-03
-5.80260 7.240592718807349e-03
-5.78839 7.194483885243998e-03
-5.77417 7.149137907456514e-03
-5.75996 7.104465330432939e-03
-5.74575 7.060380547912376e-03
-5.73153 7.016805721842058e-03
-5.71732 6.973674001582010e-03
-5.70310 6.930931849021938e-03
-5.68889 6.888540354505861e-03
-5.67467 6.846475508807750e-03
-5.66046 6.804727472765702e-03
-5.64625 6.763298953767316e-03
-5.63203 6.722202853300936e-03
-5.61782 6.681459389600564e-03
-5.60360 6.641092922567337e-03
-5.58939 6.601128714381127e-03
-5.57518 6.561589849361433e-03
-5.56096 6.522494512505571e-03
-5.54675 6.483853790317771e-03
-5.53253 6.445670113201476e-03
-5.51832 6.407936409297998e-03
-5.50410 6.370635988772973e-03
-5.48989 6.333743128576524e-03
-5.47568 6.297224283668262e-03
-5.46146 6.261039814108632e-03
-5.44725 6.225146090124522e-03
-5.43303 6.189497820390409e-03
-5.41882 6.154050442716895e-03
-5.40460 6.118762420790137e-03
-5.39039 6.083597304605841e-03
-5.37618 6.048525434311612e-03
-5.36196 6.013525195436094e-03
-5.34775 5.978583765816314e-03
-5.33353 5.943697328707814e-03
-5.31932 5.908870760387388e-03
-5.30511 5.874116832016428e-03
-5.29089 5.839454992882471e-03
-5.27668 5.804909823995754e-03
-5.26246 5.770509266420511e-03
-5.24825 5.736282737143793e-03
-5.23403 5.702259246645118e-03
-5.21982 5.668465626961292e-03
-5.20561 5.634924967641643e-03
-5.19139 5.601655340561411e-03
-5.17718 5.568668874330602e-03
-5.16296 5.535971216368197e-03
-5.14875 5.503561397025859e-03
-5.13453 5.471432086831692e-03
-5.12032 5.439570216267841e-03
-5.10611 5.407957908611511e-03
-5.09189 5.376573661153349e-03
-5.07768 5.345393699200195e-03
-5.06346 5.314393421038038e-03
-5.04925 5.283548850564931e-03
-5.03504 5.252838017428878e-03
-5.02082 5.222242191809495e-03
-5.00661 5.191746911850976e-03
-4.99239 5.161342755418422e-03
-4.97818 5.131025823435186e-03
-4.96396 5.100797918639661e-03
-4.94975 5.070666420249404e-03
-4.93554 5.040643870862190e-03
-4.92132 5.010747306172547e-03
-4.90711 4.980997370081723e-03
-4.89289 4.951417267025720e-03
-4.87868 4.922031609507703e-03
-4.86446 4.892865221742649e-03
-4.85025 4.863941960023167e-03
-4.83604 4.835283607078074e-03
-4.82182 4.806908891645455e-03
-4.80761 4.778832676163575e-03
-4.79339 4.751065345428862e-03
-4.77918 4.723612417869461e-03
-4.76496 4.696474389348282e-03
-4.75075 4.669646807745925e-03
-4.73654 4.643120565548015e-03
-4.72232 4.616882387777540e-03
-4.70811 4.590915484290521e-03
-4.69389 4.565200329013471e-03
-4.67968 4.539715524355664e-03
-4.66547 4.514438706877885e-03
-4.65125 4.489347450331574e-03
-4.63704 4.464420124284305e-03
-4.62282 4.439636670514598e-03
-4.60861 4.414979264909471e-03
-4.59439 4.390432839392551e-03
-4.58018 4.365985446070042e-03
-4.56597 4.341628453908721e-03
-4.55175 4.317356576457471e-03
-4.53754 4.293167737013575e-03
-4.52332 4.269062784874851e-03
-4.50911 4.245045082616146e-03
-4.49489 4.221119989452070e-03
-4.48068 4.197294269534481e-03
-4.46647 4.173575456395627e-03
-4.45225 4.149971205674675e-03
-4.43804 4.126488667824071e-03
-4.42382 4.103133910826139e-03
-4.40961 4.079911420279692e-03
-4.39540 4.056823700836850e-03
-4.38118 4.033870999258932e-03
-4.36697 4.011051165786882e-03
-4.35275 3.988359667675531e-03
-4.33854 3.965789767380514e-03
-4.32432 3.943332879028614e-03
-4.31011 3.920979121868496e-03
-4.29590 3.898718100444173e-03
-4.28168 3.876539961271395e-03
-4.26747 3.854436809232272e-03
-4.25325 3.832404620133597e-03
-4.23904 3.810445868423042e-03
-4.22482 3.788573216651712e-03
-4.21061 3.766814816766044e-03
-4.19640 3.745222121117011e-03
-4.18218 3.723881742680660e-03
-4.16797 3.702934121180878e-03
-4.15375 3.682603932113887e-03
-4.13954 3.663250497786850e-03
-4.12533 3.645450056277023e-03
-4.11111 3.630122570684001e-03
-4.09690 3.618708338882556e-03
-4.08268 3.613377181578939e-03
-4.06847 3.617205709050602e-03
-4.05425 3.634200497934453e-03
-4.04004 3.670216580393180e-03
-4.02583 3.743726787383689e-03
-4.01161 3.866447414923119e-03
-3.99740 3.954603615578324e-03
-3.98318 4.018336248579256e-03
-3.96897 4.113762687912795e-03
-3.95475 4.213223585726537e-03
-3.94054 4.305133851845379e-03
-3.92633 4.394861552829817e-03
-3.91211 4.490617669569558e-03
-3.89790 4.597258986267133e-03
-3.88368 4.715135633236819e-03
-3.86947 4.842681859055719e-03
-3.85526 4.979127995300248e-03
-3.84104 5.125469718692082e-03
-3.82683 5.284362634707218e-03
-3.81261 5.459919524843088e-03
-3.79840 5.656299043745213e-03
-3.78418 5.872223466645727e-03
-3.76997 6.092683544243436e-03
-3.75576 6.288325699771229e-03
-3.74154 6.431740010663811e-03
-3.72733 6.519332657746729e-03
-3.71311 6.574175173435084e-03
-3.69890 6.625586384916317e-03
-3.68468 6.688530895871845e-03
-3.67047 6.761110118645152e-03
-3.65626 6.834675161049854e-03
-3.64204 6.902719306656159e-03
-3.62783 6.963316750013853e-03
-3.61361 7.017702313142389e-03
-3.59940 7.068291028195502e-03
-3.58519 7.117400773103375e-03
-3.57097 7.166682560233282e-03
-3.55676 7.216998162914038e-03
-3.54254 7.268543392027893e-03
-3.52833 7.321079797937274e-03
-3.51411 7.374175739695704e-03
-3.49990 7.427393286444404e-03
-3.48569 7.480395177282585e-03
-3.47147 7.532977492905154e-03
-3.45726 7.585051616209698e-03
-3.44304 7.636603192410772e-03
-3.42883 7.687650711684545e-03
-3.41461 7.738217479800126e-03
-3.40040 7.788321972425039e-03
-3.38619 7.837984743735774e-03
-3.37197 7.887245716135595e-03
-3.35776 7.936183769533154e-03
-3.34354 7.984930810409907e-03
-3.32933 8.033674504360121e-03
-3.31512 8.082646987574698e-03
-3.30090 8.132100382128669e-03
-3.28669 8.182273070564185e-03
-3.27247 8.233352829490594e-03
-3.25826 8.285443731490745e-03
-3.24404 8.338543146042540e-03
-3.22983 8.392533410763747e-03
-3.21562 8.447190195773677e-03
-3.20140 8.502206732379959e-03
-3.18719 8.557230418914550e-03
-3.17297 8.611906287712847e-03
-3.15876 8.665920738932806e-03
-3.14454 8.719038983308825e-03
-3.13033 8.771130769086919e-03
-3.11612 8.822180994832758e-03
-3.10190 8.872284365672604e-03
-3.08769 8.921625868493384e-03
-3.07347 8.970451035492117e-03
-3.05926 9.019031328834855e-03
-3.04505 9.067630276869120e-03
-3.03083 9.116475220215836e-03
-3.01662 9.165737919566715e-03
-3.00240 9.215525259691338e-03
-2.98819 9.265879364065723e-03
-2.97397 9.316785071830414e-03
-2.95976 9.368182208964090e-03
-2.94555 9.419980434359125e-03
-2.93133 9.472075409334845e-03
-2.91712 9.524366166494670e-03
-2.90290 9.576774308201549e-03
-2.88869 9.629265618799308e-03
-2.87447 9.681873674872265e-03
-2.86026 9.734723302627857e-03
-2.84605 9.788049812527193e-03
-2.83183 9.842208520027880e-03
-2.81762 9.897668636041150e-03
-2.80340 9.954986256541738e-03
-2.78919 1.001475264371556e-02
-2.77497 1.007751624416892e-02
-2.76076 1.014368082894959e-02
-2.74655 1.021338954086085e-02
-2.73233 1.028641648165230e-02
-2.71812 1.036210099743589e-02
-2.70390 1.043936681534031e-02
-2.68969 1.051685884041668e-02
-2.67548 1.059320854909369e-02
-2.66126 1.066748873868445e-02
-2.64705 1.074067097956899e-02
-2.63283 1.082228600318644e-02
-2.61862 1.094115255821030e-02
-2.60440 1.110987371382155e-02
-2.59019 1.126107378189887e-02
-2.57598 1.135030320966517e-02
-2.56176 1.142548392705369e-02
-2.54755 1.151121377253527e-02
-2.53333 1.159230310102647e-02
-2.51912 1.165969516531880e-02
-2.50490 1.172102138348662e-02
-2.49069 1.178784725122850e-02
-2.47648 1.186438549084759e-02
-2.46226 1.194753281794526e-02
-2.44805 1.203216230578975e-02
-2.43383 1.211472109694432e-02
-2.41962 1.219384265173019e-02
-2.40541 1.226941078171416e-02
-2.39119 1.234131422029442e-02
-2.37698 1.240863498384538e-02
-2.36276 1.246973564719077e-02
-2.34855 1.252319247250556e-02
-2.33433 1.256892921028398e-02
-2.32012 1.260876850511732e-02
-2.30591 1.264605142866030e-02
-2.29169 1.268457872643356e-02
-2.27748 1.272744234635140e-02
-2.26326 1.277622843301862e-02
-2.24905 1.283078590127848e-02
-2.23483 1.288950508490443e-02
-2.22062 1.294992583544814e-02
-2.20641 1.300946173374840e-02
-2.19219 1.306604219119133e-02
-2.17798 1.311852294912648e-02
-2.16376 1.316679283211842e-02
-2.14955 1.321159302414248e-02
-2.13534 1.325413881713479e-02
-2.12112 1.329567325091768e-02
-2.10691 1.333708149596668e-02
-2.09269 1.337866056719661e-02
-2.07848 1.342008483800044e-02
-2.06426 1.346055059018788e-02
-2.05005 1.349903789051178e-02
-2.03584 1.353460573650828e-02
-2.02162 1.356663954124114e-02
-2.00741 1.359499405729499e-02
-1.99319 1.362001003179656e-02
-1.97898 1.364241791984524e-02
-1.96476 1.366316752916435e-02
-1.95055 1.368323353738878e-02
-1.93634 1.370344339660891e-02
-1.92212 1.372436015835587e-02
-1.90791 1.374623411200979e-02
-1.89369 1.376901953304308e-02
-1.87948 1.379244023283353e-02
-1.86527 1.381608157723364e-02
-1.85105 1.383948671109381e-02
-1.83684 1.386223914127225e-02
-1.82262 1.388402046511374e-02
-1.80841 1.390463902228290e-02
-1.79419 1.392403128382578e-02
-1.77998 1.394224212366568e-02
-1.76577 1.395939244068715e-02
-1.75155 1.397564293930817e-02
-1.73734 1.399116151631647e-02
-1.72312 1.400609914014355e-02
-1.70891 1.402057600140644e-02
-1.69469 1.403467677569092e-02
-1.68048 1.404845171553576e-02
-1.66627 1.406191942113101e-02
-1.65205 1.407506767471989e-02
-1.63784 1.408785047721933e-02
-1.62362 1.410018191206370e-02
-1.60941 1.411192998508572e-02
-1.59520 1.412291537964938e-02
-1.58098 1.413292044409274e-02
-1.56677 1.414171228477635e-02
-1.55255 1.414908059321865e-02
-1.53834 1.415488633429758e-02
-1.52412 1.415911270679044e-02
-1.50991 1.416190621178109e-02
-1.49570 1.416359455308594e-02
-1.48148 1.416467032456109e-02
-1.46727 1.416573510091301e-02
-1.45305 1.416740683989820e-02
-1.43884 1.417020294563731e-02
-1.42462 1.417442018405421e-02
-1.41041 1.418003913337771e-02
-1.39620 1.418668308472570e-02
-1.38198 1.419365673237964e-02
-1.36777 1.420007552459461e-02
-1.35355 1.420507051795282e-02
-1.33934 1.420801984118555e-02
-1.32513 1.420872967275482e-02
-1.31091 1.420748666470233e-02
-1.29670 1.420495076968671e-02
-1.28248 1.420195341780719e-02
-1.26827 1.419936168542815e-02
-1.25405 1.419813415679099e-02
-1.23984 1.419937591877370e-02
-1.22563 1.420374093489573e-02
-1.21141 1.420977185417652e-02
-1.19720 1.421256160255586e-02
-1.18298 1.420560760516806e-02
-1.16877 1.418525881695800e-02
-1.15455 1.415218881023640e-02
-1.14034 1.410887130822693e-02
-1.12613 1.404727563006648e-02
-1.11191 1.397361014670644e-02
-1.09770 1.371929485190045e-02
-1.08348 1.330126212644115e-02
-1.06927 1.297738325342229e-02
-1.05506 1.268493936282075e-02
-1.04084 1.241455299613613e-02
-1.02663 1.218019112409592e-02
-1.01241 1.197811886401988e-02
-0.99820 1.178865658359605e-02
-0.98398 1.159620904270774e-02
-0.96977 1.139946375374943e-02
-0.95556 1.120776168148595e-02
-0.94134 1.103005694663624e-02
-0.92713 1.086793394025606e-02
-0.91291 1.071696481707934e-02
-0.89870 1.057193479128235e-02
-0.88448 1.043020329841459e-02
-0.87027 1.029154803993241e-02
-0.85606 1.015627546941949e-02
-0.84184 1.002375781834740e-02
-0.82763 9.892337601486376e-03
-0.81341 9.760306277736559e-03
-0.79920 9.626901227100630e-03
-0.78498 9.492405050657815e-03
-0.77077 9.357439529974518e-03
-0.75656 9.222310817168154e-03
-0.74234 9.086955192867565e-03
-0.72813 8.951278117711424e-03
-0.71391 8.815457341533241e-03
-0.69970 8.680071671094809e-03
-0.68549 8.546101713814265e-03
-0.67127 8.414772718531378e-03
-0.65706 8.287195245278829e-03
-0.64284 8.163933171524708e-03
-0.62863 8.044749657156604e-03
-0.61441 7.928665999336369e-03
-0.60020 7.814250770500228e-03
-0.58599 7.699968623127818e-03
-0.57177 7.584487491875168e-03
-0.55756 7.466920986788972e-03
-0.54334 7.346979897634970e-03
-0.52913 7.224984111195937e-03
-0.51491 7.101724470973637e-03
-0.50070 6.978234053298745e-03
-0.48649 6.855541342807847e-03
-0.47227 6.734425596064188e-03
-0.45806 6.615172604366002e-03
-0.44384 6.497399118639664e-03
-0.42963 6.380089864341153e-03
-0.41542 6.261922720097618e-03
-0.40120 6.141744607038126e-03
-0.38699 6.018914409904353e-03
-0.37277 5.893351930305922e-03
-0.35856 5.765437213197159e-03
-0.34434 5.636043410670325e-03
-0.33013 5.506725691887021e-03
-0.31592 5.379658637972285e-03
-0.30170 5.256866629784211e-03
-0.28749 5.138867930164749e-03
-0.27327 5.023532173039271e-03
-0.25906 4.905933664449379e-03
-0.24484 4.779287013382905e-03
-0.23063 4.636675062985481e-03
-0.21642 4.473752966277997e-03
-0.20220 4.292733884320664e-03
-0.18799 4.105988222225467e-03
-0.17377 3.934428128207323e-03
-0.15956 3.796440272120085e-03
-0.14535 3.691450549256549e-03
-0.13113 3.592242378246382e-03
-0.11692 3.457504511677431e-03
-0.10270 3.257787301800547e-03
-0.08849 2.994474785411033e-03
-0.07427 2.701970444942210e-03
-0.06006 2.452576378228640e-03
-0.04585 2.359931527430724e-03
-0.03163 2.361452455595335e-03
-0.01742 2.212006414389869e-03
-0.00320 1.932862720405859e-03
0.01101 1.335862304456436e-03
0.02523 7.789771309811125e-04
0.03944 5.273545065354258e-04
0.05365 3.907278570443793e-04
0.06787 2.913833258319485e-04
0.08208 2.175034340444635e-04
0.09630 1.629371180983143e-04
0.11051 1.225962238306467e-04
0.12472 9.260444747041411e-05
0.13894 7.017322753713375e-05
0.15315 5.332782150235616e-05
0.16737 4.065045783267643e-05
0.18158 3.109914800246681e-05
0.19580 2.389503646608445e-05
0.21001 1.845273686368609e-05
0.22422 1.433344797454667e-05
0.23844 1.121025927575134e-05
0.25265 8.841313376435265e-06
0.26687 7.049115189875252e-06
0.28108 5.704993204967819e-06
0.29530 4.717834362660520e-06
0.30951 4.026284488359883e-06
0.32372 3.593751789934987e-06
0.33794 3.405748031755950e-06
0.35215 3.469314834006649e-06
0.36637 3.814497712218530e-06
0.38058 4.498055273115497e-06
0.39479 5.609844975275215e-06
0.40901 7.282635073985714e-06
0.42322 9.706479889189288e-06
0.43744 1.314928007134646e-05
0.45165 1.798572677309568e-05
0.46587 2.473744321320227e-05
0.48008 3.412763169449862e-05
0.49429 4.715357782041498e-05
0.50851 6.517939837672426e-05
0.52272 9.004875659069027e-05
0.53694 1.242126169434596e-04
0.55115 1.708618168291656e-04
0.56537 2.340526851916538e-04
0.57958 3.188223137938320e-04
0.59379 4.313092514082731e-04
0.60801 5.789210836026832e-04
0.62222 7.706651949907865e-04
0.63644 1.018011623107462e-03
0.65065 2.408453129186889e-03
0.66486 2.082761361317288e-03
0.67908 2.267109155245383e-03
0.69329 2.889291685646000e-03
0.70751 3.563693592555022e-03
0.72172 4.222433669087485e-03
0.73594 4.837765408476021e-03
0.75015 5.439297339360167e-03
0.76436 6.058544734391847e-03
0.77858 6.677163951190363e-03
0.79279 7.249717318710223e-03
0.80701 7.762041860095535e-03
0.82122 8.243128842290797e-03
0.83544 8.718268792446722e-03
0.84965 9.170563227198301e-03
0.86386 9.566930344060453e-03
0.87808 9.913102797561697e-03
0.89229 1.025769726045901e-02
0.90651 1.064091436695080e-02
0.92072 1.105944931434186e-02
0.93493 1.148380114276543e-02
0.94915 1.189378543894063e-02
0.96336 1.229258580877568e-02
0.97758 1.269645662132307e-02
0.99179 1.311853218080243e-02
1.00601 1.356112308386564e-02
1.02022 1.401843501159135e-02
1.03443 1.448380667079634e-02
1.04865 1.495552569842485e-02
1.06286 1.544756256775411e-02
1.07708 1.604592778733870e-02
1.09129 1.689042519076918e-02
1.10551 1.788368356830524e-02
1.11972 1.863397126386910e-02
1.13393 1.895051387692246e-02
1.14815 1.936946765290301e-02
1.16236 1.994159079709807e-02
1.17658 2.038192881219141e-02
1.19079 2.071782732136088e-02
1.20501 2.107268615193818e-02
1.21922 2.146767416960928e-02
1.23343 2.187124050190488e-02
1.24765 2.227324266722033e-02
1.26186 2.268571060891316e-02
1.27608 2.311850135267712e-02
1.29029 2.356884018661214e-02
1.30450 2.402521436934518e-02
1.31872 2.447548492266741e-02
1.33293 2.491262861786898e-02
1.34715 2.533628344130236e-02
1.36136 2.575102921096584e-02
1.37558 2.616322864475047e-02
1.38979 2.657804082348328e-02
1.40400 2.699758449078704e-02
1.41822 2.742057836379577e-02
1.43243 2.784326922878089e-02
1.44665 2.826111575578964e-02
1.46086 2.867055366698981e-02
1.47508 2.907023910214883e-02
1.48929 2.946141648056750e-02
1.50350 2.984739422119126e-02
1.51772 3.023241812497222e-02
1.53193 3.062040566668434e-02
1.54615 3.101399610470188e-02
1.56036 3.141420227420971e-02
1.57457 3.182069903108134e-02
1.58879 3.223255225670357e-02
1.60300 3.264906389564714e-02
1.61722 3.307041620686696e-02
1.63143 3.349791934009793e-02
1.64565 3.393383773272033e-02
1.65986 3.438092106736343e-02
1.67407 3.484184482224934e-02
1.68829 3.531876228425769e-02
1.70250 3.581310750841173e-02
1.71672 3.632570576346960e-02
1.73093 3.685717571807366e-02
1.74515 3.740855598046016e-02
1.75936 3.798204802764235e-02
1.77357 3.858172337773955e-02
1.78779 3.921399313437077e-02
1.80200 3.988760288675520e-02
1.81622 4.061292960878066e-02
1.83043 4.140044533637730e-02
1.84464 4.225837676266440e-02
1.85886 4.318982914750039e-02
1.87307 4.418999454455164e-02
1.88729 4.524456356611272e-02
1.90150 4.633085276644494e-02
1.91572 4.742230139260374e-02
1.92993 4.849313345333801e-02
1.94414 4.951577161437996e-02
1.95836 5.045068863714344e-02
1.97257 5.124563396680336e-02
1.98679 5.185442142403695e-02
2.00100 5.226113946902709e-02
2.01522 5.250600144861862e-02
2.02943 5.270582708622035e-02
2.04364 5.299729931536614e-02
2.05786 5.319157036018253e-02
2.07207 5.280132187804180e-02
2.08629 5.208170143246846e-02
2.10050 5.158134646077217e-02
2.11471 5.126684246792162e-02
2.12893 5.094920132425988e-02
2.14314 5.056385126093508e-02
2.15736 5.013504069745053e-02
2.17157 4.972286788789643e-02
2.18579 4.941262959014305e-02
2.20000 4.931600207094686e-02
