-12.00000 1.511159960882654e-39
-11.98579 8.703745853325705e-39
-11.97157 4.987089345321812e-38
-11.95736 2.842308494649786e-37
-11.94314 1.611150859137195e-36
-11.92893 9.082821801570249e-36
-11.91471 5.092421621974099e-35
-11.90050 2.839656582908059e-34
-11.88629 1.575003286609966e-33
-11.87207 8.690033738293573e-33
-11.85786 4.770293579834217e-32
-11.84364 2.605640915948444e-31
-11.82943 1.416405115527751e-30
-11.81522 7.663184174939472e-30
-11.80100 4.126731061741776e-29
-11.78679 2.211977775115696e-28
-11.77257 1.180077519017010e-27
-11.75836 6.265413404212785e-27
-11.74414 3.310036469818586e-26
-11.72993 1.739709601581465e-25
-11.71572 9.094520790109703e-25
-11.70150 4.727305679982019e-24
-11.68729 2.442367849220716e-23
-11.67307 1.253580130297008e-22
-11.65886 6.387874112131031e-22
-11.64464 3.229143183598297e-21
-11.63043 1.617977188628932e-20
-11.61622 8.028529711757278e-20
-11.60200 3.942182313165834e-19
-11.58779 1.914239293721807e-18
-11.57357 9.187748019177628e-18
-11.55936 4.357372072540661e-17
-11.54515 2.041266264722400e-16
-11.53093 9.441136505510207e-16
-11.51672 4.307597113932836e-15
-11.50250 1.936180577358538e-14
-11.48829 8.557533140289583e-14
-11.47407 3.711393044388636e-13
-11.45986 1.576684809101631e-12
-11.44565 6.554755277119389e-12
-11.43143 2.665682814884809e-11
-11.41722 1.059287084809689e-10
-11.40300 4.099318884860516e-10
-11.38879 1.536262233023376e-09
-11.37457 5.526753430746448e-09
-11.36036 1.871975337283083e-08
-11.34615 5.755003219838122e-08
-11.33193 1.539655699696184e-07
-11.31772 3.499814564735461e-07
-11.30350 6.806504265890821e-07
-11.28929 1.167603159882752e-06
-11.27508 1.827243071668370e-06
-11.26086 2.667959921706995e-06
-11.24665 3.684774118060093e-06
-11.23243 4.873683038858695e-06
-11.21822 6.244009244677598e-06
-11.20400 7.808856578709454e-06
-11.18979 9.570943922186670e-06
-11.17558 1.152281449448047e-05
-11.16136 1.365808631944251e-05
-11.14715 1.597975586603626e-05
-11.13293 1.849840632420843e-05
-11.11872 2.122416307353053e-05
-11.10450 2.416002953368492e-05
-11.09029 2.730071342745798e-05
-11.07608 3.063619973838623e-05
-11.06186 3.415702039503099e-05
-11.04765 3.785836984436958e-05
-11.03343 4.174147215098165e-05
-11.01922 4.581197368474910e-05
-11.00501 5.007629381902799e-05
-10.99079 5.453761802629758e-05
-10.97658 5.919331455727492e-05
-10.96236 6.403490043364230e-05
-10.94815 6.905053501381484e-05
-10.93393 7.422892038870688e-05
-10.91972 7.956294881378105e-05
-10.90551 8.505165568334349e-05
-10.89129 9.069982935619210e-05
-10.87708 9.651558517235683e-05
-10.86286 1.025069232873554e-04
-10.84865 1.086785287482307e-04
-10.83443 1.150298354737678e-04
-10.82022 1.215548340116518e-04
-10.80601 1.282434945702693e-04
-10.79179 1.350842089292842e-04
-10.77758 1.420664427156734e-04
-10.76336 1.491828437762810e-04
-10.74915 1.564303031918365e-04
-10.73493 1.638098049631837e-04
-10.72072 1.713252236073982e-04
-10.70651 1.789814611213714e-04
-10.69229 1.867824213850509e-04
-10.67808 1.947293024188056e-04
-10.66386 2.028195709077378e-04
-10.64965 2.110468072918057e-04
-10.63544 2.194014144159640e-04
-10.62122 2.278720056367183e-04
-10.60701 2.364471594266726e-04
-10.59279 2.451171668315944e-04
-10.57858 2.538754132392656e-04
-10.56436 2.627191209337856e-04
-10.55015 2.716493151214487e-04
-10.53594 2.806700351811043e-04
-10.52172 2.897869623732102e-04
-10.50751 2.990057453813273e-04
-10.49329 3.083303551250727e-04
-10.47908 3.177617828093507e-04
-10.46486 3.272973170319545e-04
-10.45065 3.369305159071917e-04
-10.43644 3.466518547572672e-04
-10.42222 3.564499063252516e-04
-10.40801 3.663128214376759e-04
-10.39379 3.762298375940095e-04
-10.37958 3.861925544626728e-04
-10.36537 3.961957720094470e-04
-10.35115 4.062377746624071e-04
-10.33694 4.163200452382958e-04
-10.32272 4.264464869120054e-04
-10.30851 4.366223050817146e-04
-10.29429 4.468527437381845e-04
-10.28008 4.571418793492516e-04
-10.26587 4.674916517308552e-04
-10.25165 4.779012629722600e-04
-10.23744 4.883670121360214e-04
-10.22322 4.988825659787087e-04
-10.20901 5.094396043188073e-04
-10.19479 5.200287307814380e-04
-10.18058 5.306405104913490e-04
-10.16637 5.412664878187990e-04
-10.15215 5.519000486204654e-04
-10.13794 5.625370193534809e-04
-10.12372 5.731759351385931e-04
-10.10951 5.838179545787805e-04
-10.09530 5.944664449912697e-04
-10.08108 6.051263022205031e-04
-10.06687 6.158030998744728e-04
-10.05265 6.265021805395858e-04
-10.03844 6.372278047694401e-04
-10.02422 6.479824626127158e-04
-10.01001 6.587664289842588e-04
-9.99580 6.695776115259294e-04
-9.98158 6.804117019816932e-04
-9.96737 6.912626042420123e-04
-9.95315 7.021230787247383e-04
-9.93894 7.129855176321034e-04
-9.92472 7.238427517052194e-04
-9.91051 7.346887877764738e-04
-9.89630 7.455193874843939e-04
-9.88208 7.563324192226483e-04
-9.86787 7.671279447395060e-04
-9.85365 7.779080349394776e-04
-9.83944 7.886763421924848e-04
-9.82523 7.994374848659868e-04
-9.81101 8.101963205967967e-04
-9.79680 8.209571958163948e-04
-9.78258 8.317232593283951e-04
-9.76837 8.424959177338774e-04
-9.75415 8.532744918407530e-04
-9.73994 8.640561084491577e-04
-9.72573 8.748358342236915e-04
-9.71151 8.856070310576392e-04
-9.69730 8.963618884798380e-04
-9.68308 9.070920707461084e-04
-9.66887 9.177894059591517e-04
-9.65465 9.284465425777204e-04
-9.64044 9.390575047463786e-04
-9.62623 9.496180908832066e-04
-9.61201 9.601260781323429e-04
-9.59780 9.705812164566092e-04
-9.58358 9.809850180353239e-04
-9.56937 9.913403681098946e-04
-9.55516 1.001651000685587e-03
-9.54094 1.011920895184370e-03
-9.52673 1.022153657310249e-03
-9.51251 1.032351948446421e-03
-9.49830 1.042517022545475e-03
-9.48408 1.052648417723469e-03
-9.46987 1.062743832257983e-03
-9.45566 1.072799193162025e-03
-9.44144 1.082808903300779e-03
-9.42723 1.092766234977434e-03
-9.41301 1.102663828966844e-03
-9.39880 1.112494260130063e-03
-9.38458 1.122250639631991e-03
-9.37037 1.131927228064267e-03
-9.35616 1.141520022309136e-03
-9.34194 1.151027260259195e-03
-9.32773 1.160449818552190e-03
-9.31351 1.169791662900860e-03
-9.29930 1.179060830031062e-03
-9.28509 1.188271312976096e-03
-9.27087 1.197444648136335e-03
-9.25666 1.206607638863056e-03
-9.24244 1.215784196578387e-03
-9.22823 1.224986982370325e-03
-9.21401 1.234216364527554e-03
-9.19980 1.243458921780237e-03
-9.18559 1.252671145910544e-03
-9.17137 1.261766809784218e-03
-9.15716 1.270649468157988e-03
-9.14294 1.279276903626147e-03
-9.12873 1.287681914674211e-03
-9.11451 1.295919967294231e-03
-9.10030 1.304007859591994e-03
-9.08609 1.311916954178674e-03
-9.07187 1.319608761684834e-03
-9.05766 1.327065532340649e-03
-9.04344 1.334294933516024e-03
-9.02923 1.341318200182586e-03
-9.01502 1.348156782005575e-03
-9.00080 1.354825283576624e-03
-8.98659 1.361331584768683e-03
-8.97237 1.367681212431045e-03
-8.95816 1.373881783890794e-03
-8.94394 1.379944310411986e-03
-8.92973 1.385880547661214e-03
-8.91552 1.391698015462590e-03
-8.90130 1.397395540835350e-03
-8.88709 1.402961778882008e-03
-8.87287 1.408377596397666e-03
-8.85866 1.413621404169338e-03
-8.84444 1.418675355612752e-03
-8.83023 1.423530182953442e-03
-8.81602 1.428187180956971e-03
-8.80180 1.432657010714090e-03
-8.78759 1.436956077138799e-03
-8.77337 1.441101886993469e-03
-8.75916 1.445108899524105e-03
-8.74494 1.448986012979833e-03
-8.73073 1.452736178783615e-03
-8.71652 1.456357931670729e-03
-8.70230 1.459848074686054e-03
-8.68809 1.463204497545357e-03
-8.67387 1.466428174718237e-03
-8.65966 1.469523729505863e-03
-8.64545 1.472498436401867e-03
-8.63123 1.475360013259932e-03
-8.61702 1.478113893689442e-03
-8.60280 1.480760789568334e-03
-8.58859 1.483295243721833e-03
-8.57437 1.485705586031770e-03
-8.56016 1.487975334182851e-03
-8.54595 1.490085724424289e-03
-8.53173 1.492018802712143e-03
-8.51752 1.493760402324533e-03
-8.50330 1.495302389443629e-03
-8.48909 1.496643745303451e-03
-8.47487 1.497790318831147e-03
-8.46066 1.498753363136446e-03
-8.44645 1.499547202683605e-03
-8.43223 1.500186521343550e-03
-8.41802 1.500683793605847e-03
-8.40380 1.501047305654740e-03
-8.38959 1.501280054964656e-03
-8.37538 1.501379616198003e-03
-8.36116 1.501338862370914e-03
-8.34695 1.501147274171693e-03
-8.33273 1.500792485657123e-03
-8.31852 1.500261713186454e-03
-8.30430 1.499542790281602e-03
-8.29009 1.498624662459364e-03
-8.27588 1.497497350970865e-03
-8.26166 1.496151537334160e-03
-8.24745 1.494578019710256e-03
-8.23323 1.492767325370818e-03
-8.21902 1.490709722229152e-03
-8.20480 1.488395763233056e-03
-8.19059 1.485817340763401e-03
-8.17638 1.482969054731321e-03
-8.16216 1.479849543567535e-03
-8.14795 1.476462326567733e-03
-8.13373 1.472815687123643e-03
-8.11952 1.468921205573268e-03
-8.10531 1.464790729148521e-03
-8.09109 1.460431829998215e-03
-8.07688 1.455842120292096e-03
-8.06266 1.451003122617677e-03
-8.04845 1.445874680941459e-03
-8.03423 1.440391082339458e-03
-8.02002 1.434460079461286e-03
-8.00581 1.427965797639740e-03
-7.99159 1.420776031205380e-03
-7.97738 1.412753666527111e-03
-7.96316 1.403770963815115e-03
-7.94895 1.393724333918228e-03
-7.93473 1.382546330884674e-03
-7.92052 1.370211226449028e-03
-7.90631 1.356731158000580e-03
-7.89209 1.342141771777017e-03
-7.87788 1.326479578780445e-03
-7.86366 1.309757529696519e-03
-7.84945 1.291949631582092e-03
-7.83524 1.272998039897878e-03
-7.82102 1.252854341609062e-03
-7.80681 1.231557558749140e-03
-7.79259 1.209332850833207e-03
-7.77838 1.186670022788741e-03
-7.76416 1.164321743412343e-03
-7.74995 1.143168260839440e-03
-7.73574 1.123947237049167e-03
-7.72152 1.106944275805934e-03
-7.70731 1.091849706136673e-03
-7.69309 1.078040163523692e-03
-7.67888 1.065422128892568e-03
-7.66466 1.055534031439050e-03
-7.65045 1.051876141745017e-03
-7.63624 1.058066985426363e-03
-7.62202 1.073746992227165e-03
-7.60781 1.092460903320632e-03
-7.59359 1.111752959759797e-03
-7.57938 1.150853346197290e-03
-7.56517 1.211337619343057e-03
-7.55095 1.199345814543878e-03
-7.53674 1.046583928206313e-03
-7.52252 8.643658729152501e-04
-7.50831 7.729149075222723e-04
-7.49409 7.679293723240764e-04
-7.47988 8.029017577370887e-04
-7.46567 8.454150321098126e-04
-7.45145 8.771892224062273e-04
-7.43724 8.931589564806829e-04
-7.42302 8.997167798997658e-04
-7.40881 9.067102793415384e-04
-7.39459 9.193647427694361e-04
-7.38038 9.365190738012432e-04
-7.36617 9.543453602679001e-04
-7.35195 9.704723803165601e-04
-7.33774 9.852794021047537e-04
-7.32352 1.000738704535145e-03
-7.30931 1.018689221299502e-03
-7.29510 1.039841560777809e-03
-7.28088 1.063753393994086e-03
-7.26667 1.089391463444785e-03
-7.25245 1.115779580611367e-03
-7.23824 1.142400071330261e-03
-7.22402 1.169258141519290e-03
-7.20981 1.196699469677401e-03
-7.19560 1.225140681703146e-03
-7.18138 1.254848531794127e-03
-7.16717 1.285835910010298e-03
-7.15295 1.317875992205537e-03
-7.13874 1.350593862959241e-03
-7.12452 1.383582010297658e-03
-7.11031 1.416495044249495e-03
-7.09610 1.449098983313639e-03
-7.08188 1.481271696535923e-03
-7.06767 1.512967024796055e-03
-7.05345 1.544162889690975e-03
-7.03924 1.574813631919933e-03
-7.02503 1.604821193703525e-03
-7.01081 1.634031584357058e-03
-6.99660 1.662255070828460e-03
-6.98238 1.689302584740297e-03
-6.96817 1.715027796882670e-03
-6.95395 1.739364176182779e-03
-6.93974 1.762348532183100e-03
-6.92553 1.784126156513799e-03
-6.91131 1.804936803686553e-03
-6.89710 1.825084580015699e-03
-6.88288 1.844897743158470e-03
-6.86867 1.864686084138481e-03
-6.85445 1.884703816416146e-03
-6.84024 1.905124777619707e-03
-6.82603 1.926034486000693e-03
-6.81181 1.947440574816984e-03
-6.79760 1.969299855350103e-03
-6.78338 1.991557246087163e-03
-6.76917 2.014189440130188e-03
-6.75495 2.037244636856489e-03
-6.74074 2.060868967862517e-03
-6.72653 2.085310630631586e-03
-6.71231 2.110895217761172e-03
-6.69810 2.137972735754251e-03
-6.68388 2.166852489676952e-03
-6.66967 2.197770852751735e-03
-6.65546 2.230977707643485e-03
-6.64124 2.267059125456148e-03
-6.62703 2.307580601945387e-03
-6.61281 2.355959291364525e-03
-6.59860 2.418171681713981e-03
-6.58438 2.503036444753688e-03
-6.57017 2.623687603973041e-03
-6.55596 2.795224386994705e-03
-6.54174 2.993607916230824e-03
-6.52753 3.205245634235257e-03
-6.51331 3.476493343238933e-03
-6.49910 3.711924816953785e-03
-6.48488 3.915829898095838e-03
-6.47067 4.823690143068889e-03
-6.45646 3.453549935599102e-03
-6.44224 3.248856289024193e-03
-6.42803 3.047912054317273e-03
-6.41381 2.857967387338653e-03
-6.39960 2.697265906902281e-03
-6.38539 2.568150588175952e-03
-6.37117 2.463962903975674e-03
-6.35696 2.376176080711518e-03
-6.34274 2.298328497229987e-03
-6.32853 2.226841426673098e-03
-6.31431 2.160237957262843e-03
-6.30010 2.098069177369537e-03
-6.28589 2.040158594409680e-03
-6.27167 1.986257129064222e-03
-6.25746 1.935979535055271e-03
-6.24324 1.888866745599709e-03
-6.22903 1.844469246562387e-03
-6.21481 1.802403856350250e-03
-6.20060 1.762374626614800e-03
-6.18639 1.724166647637456e-03
-6.17217 1.687626050575217e-03
-6.15796 1.652637242480834e-03
-6.14374 1.619104004496614e-03
-6.12953 1.586937013821795e-03
-6.11532 1.556047590642932e-03
-6.10110 1.526346100527398e-03
-6.08689 1.497743120047041e-03
-6.07267 1.470151756559248e-03
-6.05846 1.443490029989323e-03
-6.04424 1.417682733615620e-03
-6.03003 1.392662575500624e-03
-6.01582 1.368370635420923e-03
-6.00160 1.344756277481732e-03
-5.98739 1.321776678559193e-03
-5.97317 1.299396108729845e-03
-5.95896 1.277585062674030e-03
-5.94474 1.256319308533162e-03
-5.93053 1.235578899809393e-03
-5.91632 1.215347186321667e-03
-5.90210 1.195609858084403e-03
-5.88789 1.176354056578675e-03
-5.87367 1.157567587480043e-03
-5.85946 1.139238265355011e-03
-5.84525 1.121353413624015e-03
-5.83103 1.103899532920344e-03
-5.81682 1.086862139243549e-03
-5.80260 1.070225761592565e-03
-5.78839 1.053974078467816e-03
-5.77417 1.038090164763124e-03
-5.75996 1.022556815676350e-03
-5.74575 1.007356912468622e-03
-5.73153 9.924737959667387e-04
-5.71732 9.778916171651469e-04
-5.70310 9.635956395448286e-04
-5.68889 9.495724741438858e-04
-5.67467 9.358102353678565e-04
-5.66046 9.222986124605060e-04
-5.64625 9.090288580022580e-04
-5.63203 8.959937004002152e-04
-5.61782 8.831871918234127e-04
-5.60360 8.706045062649814e-04
-5.58939 8.582417043213292e-04
-5.57518 8.460954818958626e-04
-5.56096 8.341629194648674e-04
-5.54675 8.224412469503800e-04
-5.53253 8.109276368388949e-04
-5.51832 7.996190352036836e-04
-5.50410 7.885120369819643e-04
-5.48989 7.776028084707576e-04
-5.47568 7.668870567619106e-04
-5.46146 7.563600429304140e-04
-5.44725 7.460166333724461e-04
-5.43303 7.358513818654273e-04
-5.41882 7.258586337477958e-04
-5.40460 7.160326430997300e-04
-5.39039 7.063676939132141e-04
-5.37618 6.968582168999240e-04
-5.36196 6.874988946999855e-04
-5.34775 6.782847497068048e-04
-5.33353 6.692112103872006e-04
-5.31932 6.602741537262897e-04
-5.30511 6.514699231454554e-04
-5.29089 6.427953228262937e-04
-5.27668 6.342475907401174e-04
-5.26246 6.258243537703006e-04
-5.24825 6.175235690860828e-04
-5.23403 6.093434563673151e-04
-5.21982 6.012824255976634e-04
-5.20561 5.933390049651504e-04
-5.19139 5.855117729750214e-04
-5.17718 5.777992982429333e-04
-5.16296 5.702000896552224e-04
-5.14875 5.627125587186525e-04
-5.13453 5.553349950342689e-04
-5.12032 5.480655549735876e-04
-5.10611 5.409022628576175e-04
-5.09189 5.338430232779646e-04
-5.07768 5.268856426816159e-04
-5.06346 5.200278579829561e-04
-5.04925 5.132673697732836e-04
-5.03504 5.066018776646070e-04
-5.02082 5.000291154171833e-04
-5.00661 4.935468837383438e-04
-4.99239 4.871530789777436e-04
-4.97818 4.808457163521508e-04
-4.96396 4.746229467809758e-04
-4.94975 4.684830668722279e-04
-4.93554 4.624245220400609e-04
-4.92132 4.564459031357217e-04
-4.90711 4.505459373142857e-04
-4.89289 4.447234741261298e-04
-4.87868 4.389774680062109e-04
-4.86446 4.333069584329884e-04
-4.85025 4.277110490445342e-04
-4.83604 4.221888869387907e-04
-4.82182 4.167396432586505e-04
-4.80761 4.113624959839054e-04
-4.79339 4.060566156362933e-04
-4.77918 4.008211543668029e-04
-4.76496 3.956552386517828e-04
-4.75075 3.905579655908969e-04
-4.73654 3.855284025883730e-04
-4.72232 3.805655900197646e-04
-4.70811 3.756685463472270e-04
-4.69389 3.708362750518066e-04
-4.67968 3.660677727031734e-04
-4.66547 3.613620374845084e-04
-4.65125 3.567180775292794e-04
-4.63704 3.521349185017461e-04
-4.62282 3.476116099569964e-04
-4.60861 3.431472301409210e-04
-4.59439 3.387408890272591e-04
-4.58018 3.343917295293849e-04
-4.56597 3.300989269615133e-04
-4.55175 3.258616869517043e-04
-4.53754 3.216792421239876e-04
-4.52332 3.175508479688464e-04
-4.50911 3.134757784143143e-04
-4.49489 3.094533217043315e-04
-4.48068 3.054827773058255e-04
-4.46647 3.015634547335993e-04
-4.45225 2.976946754550568e-04
-4.43804 2.938757794993590e-04
-4.42382 2.901061391821348e-04
-4.40961 2.863851836813155e-04
-4.39540 2.827124404027098e-04
-4.38118 2.790876026984257e-04
-4.36697 2.755106394135262e-04
-4.35275 2.719819713244981e-04
-4.33854 2.685027550361041e-04
-4.32432 2.650753399656429e-04
-4.31011 2.617040046552642e-04
-4.29590 2.583961447178543e-04
-4.28168 2.551641926057424e-04
-4.26747 2.520287259423401e-04
-4.25325 2.490235102320532e-04
-4.23904 2.462036967567237e-04
-4.22482 2.436591914826635e-04
-4.21061 2.415366087750861e-04
-4.19640 2.400758892012546e-04
-4.18218 2.396731405092956e-04
-4.16797 2.409927121646680e-04
-4.15375 2.451738692052102e-04
-4.13954 2.542148070280645e-04
-4.12533 2.716650571195442e-04
-4.11111 3.037976239901373e-04
-4.09690 3.614420951864372e-04
-4.08268 4.626266636399355e-04
-4.06847 6.359694908499232e-04
-4.05425 9.245015315708379e-04
-4.04004 1.407417631847233e-03
-4.02583 2.325911553473030e-03
-4.01161 3.768594330145256e-03
-3.99740 4.814161525383157e-03
-3.98318 5.553269416215102e-03
-3.96897 6.540359542245374e-03
-3.95475 7.441855540852045e-03
-3.94054 8.114202035000176e-03
-3.92633 8.658799280900789e-03
-3.91211 9.207049071605652e-03
-3.89790 9.817983718232006e-03
-3.88368 1.047916766858452e-02
-3.86947 1.116013341210284e-02
-3.85526 1.184845744764935e-02
-3.84104 1.255256620294619e-02
-3.82683 1.329405618147257e-02
-3.81261 1.410464131613146e-02
-3.79840 1.501517607329808e-02
-3.78418 1.601300171459422e-02
-3.76997 1.698275586348287e-02
-3.75576 1.770928342368267e-02
-3.74154 1.799910110311236e-02
-3.72733 1.783495528252064e-02
-3.71311 1.739739034841501e-02
-3.69890 1.692195918336815e-02
-3.68468 1.654415136107430e-02
-3.67047 1.626770024666110e-02
-3.65626 1.603357793120818e-02
-3.64204 1.579082126716062e-02
-3.62783 1.552049474637715e-02
-3.61361 1.522704574457772e-02
-3.59940 1.492366576824949e-02
-3.58519 1.462323930592213e-02
-3.57097 1.433493742242094e-02
-3.55676 1.406385290629198e-02
-3.54254 1.381186690155664e-02
-3.52833 1.357882530221937e-02
-3.51411 1.336356714251260e-02
-3.49990 1.316461156785848e-02
-3.48569 1.298049596966854e-02
-3.47147 1.280986924595337e-02
-3.45726 1.265147381557697e-02
-3.44304 1.250411891231689e-02
-3.42883 1.236669312803898e-02
-3.41461 1.223821746234609e-02
-3.40040 1.211791520483467e-02
-3.38619 1.200527049444882e-02
-3.37197 1.190005500734636e-02
-3.35776 1.180231365936418e-02
-3.34354 1.171231045707991e-02
-3.32933 1.163044284720825e-02
-3.31512 1.155713706716643e-02
-3.30090 1.149273866151808e-02
-3.28669 1.143741207124595e-02
-3.27247 1.139106146833376e-02
-3.25826 1.135328216467778e-02
-3.24404 1.132334831441085e-02
-3.22983 1.130023857562487e-02
-3.21562 1.128269720263234e-02
-3.20140 1.126932400511705e-02
-3.18719 1.125868308084792e-02
-3.17297 1.124941761969705e-02
-3.15876 1.124035684721131e-02
-3.14454 1.123060173059161e-02
-3.13033 1.121957861420725e-02
-3.11612 1.120705435085548e-02
-3.10190 1.119311219728645e-02
-3.08769 1.117809381530884e-02
-3.07347 1.116251800941001e-02
-3.05926 1.114699021976031e-02
-3.04505 1.113211748003024e-02
-3.03083 1.111844130756060e-02
-3.01662 1.110639625841682e-02
-3.00240 1.109629571108300e-02
-2.98819 1.108834029713838e-02
-2.97397 1.108263978611875e-02
-2.95976 1.107923733473361e-02
-2.94555 1.107812634663434e-02
-2.93133 1.107925442954504e-02
-2.91712 1.108251492329552e-02
-2.90290 1.108773245664181e-02
-2.88869 1.109465306628758e-02
-2.87447 1.110295005699718e-02
-2.86026 1.111225338682892e-02
-2.84605 1.112220356614756e-02
-2.83183 1.113252271650372e-02
-2.81762 1.114308805695307e-02
-2.80340 1.115398882131081e-02
-2.78919 1.116554722678887e-02
-2.77497 1.117828685330758e-02
-2.76076 1.119283685149775e-02
-2.74655 1.120976941064252e-02
-2.73233 1.122938559863054e-02
-2.71812 1.125149421562628e-02
-2.70390 1.127526220250612e-02
-2.68969 1.129923040705546e-02
-2.67548 1.132155939095905e-02
-2.66126 1.134051075688123e-02
-2.64705 1.135525909290969e-02
-2.63283 1.136774802922776e-02
-2.61862 1.138468262656942e-02
-2.60440 1.140958527158637e-02
-2.59019 1.143246605877723e-02
-2.57598 1.144964229825721e-02
-2.56176 1.146815901646492e-02
-2.54755 1.148671089636201e-02
-2.53333 1.150188470383677e-02
-2.51912 1.151352972218948e-02
-2.50490 1.152254581619924e-02
-2.49069 1.153021117725039e-02
-2.47648 1.153754021266497e-02
-2.46226 1.154456625747973e-02
-2.44805 1.155039493478967e-02
-2.43383 1.155385692736594e-02
-2.41962 1.155430802349392e-02
-2.40541 1.155207618047268e-02
-2.39119 1.154821522486109e-02
-2.37698 1.154375426666884e-02
-2.36276 1.153902040119388e-02
-2.34855 1.153349074495016e-02
-2.33433 1.152620264661262e-02
-2.32012 1.151639986716375e-02
-2.30591 1.150400981257945e-02
-2.29169 1.148970355307377e-02
-2.27748 1.147454656842853e-02
-2.26326 1.145945488080814e-02
-2.24905 1.144473770890239e-02
-2.23483 1.142993005241475e-02
-2.22062 1.141396229348947e-02
-2.20641 1.139556585785580e-02
-2.19219 1.137373564363764e-02
-2.17798 1.134807664856098e-02
-2.16376 1.131893081384914e-02
-2.14955 1.128727058531629e-02
-2.13534 1.125442184371694e-02
-2.12112 1.122171952568000e-02
-2.10691 1.119020032152391e-02
-2.09269 1.116040724862814e-02
-2.07848 1.113233636788670e-02
-2.06426 1.110551263611526e-02
-2.05005 1.107915180936166e-02
-2.03584 1.105235369988823e-02
-2.02162 1.102427762524541e-02
-2.00741 1.099426768082338e-02
-1.99319 1.096191593803148e-02
-1.97898 1.092706920140957e-02
-1.96476 1.088979557053160e-02
-1.95055 1.085032987376834e-02
-1.93634 1.080901374996845e-02
-1.92212 1.076623982121385e-02
-1.90791 1.072240318921708e-02
-1.89369 1.067785962458376e-02
-1.87948 1.063288907049851e-02
-1.86527 1.058766482132215e-02
-1.85105 1.054223144529222e-02
-1.83684 1.049649650624287e-02
-1.82262 1.045024117532326e-02
-1.80841 1.040315252414222e-02
-1.79419 1.035487614854719e-02
-1.77998 1.030508291554931e-02
-1.76577 1.025353942225562e-02
-1.75155 1.020016940636194e-02
-1.73734 1.014509358167529e-02
-1.72312 1.008863829481241e-02
-1.70891 1.003130850352562e-02
-1.69469 9.973726886780677e-03
-1.68048 9.916547194466330e-03
-1.66627 9.860355028920584e-03
-1.65205 9.805572167178547e-03
-1.63784 9.752380738442812e-03
-1.62362 9.700681002584748e-03
-1.60941 9.650091524235500e-03
-1.59520 9.599993950337674e-03
-1.58098 9.549617343109528e-03
-1.56677 9.498150147406619e-03
-1.55255 9.444862415692921e-03
-1.53834 9.389217815294271e-03
-1.52412 9.330954968125948e-03
-1.50991 9.270121293023403e-03
-1.49570 9.207049724866398e-03
-1.48148 9.142278781553957e-03
-1.46727 9.076427964822753e-03
-1.45305 9.010051284776967e-03
-1.43884 8.943499414442583e-03
-1.42462 8.876823529638356e-03
-1.41041 8.809749858668588e-03
-1.39620 8.741742581188369e-03
-1.38198 8.672153655649694e-03
-1.36777 8.600432102043427e-03
-1.35355 8.526336060366554e-03
-1.33934 8.450068667029371e-03
-1.32513 8.372260427095905e-03
-1.31091 8.293764076379327e-03
-1.29670 8.215317851282248e-03
-1.28248 8.137245181826487e-03
-1.26827 8.059423527407225e-03
-1.25405 7.981652128530534e-03
-1.23984 7.904178390661697e-03
-1.22563 7.827685599849667e-03
-1.21141 7.752186772394877e-03
-1.19720 7.675494292205041e-03
-1.18298 7.592855184409826e-03
-1.16877 7.497712196458962e-03
-1.15455 7.382491883260852e-03
-1.14034 7.244899832941526e-03
-1.12613 7.102625125803246e-03
-1.11191 6.975342707358202e-03
-1.09770 6.724932021262552e-03
-1.08348 6.344787164572745e-03
-1.06927 6.016843366742405e-03
-1.05506 5.731349713515100e-03
-1.04084 5.465828183066636e-03
-1.02663 5.227540529895751e-03
-1.01241 5.021145194980575e-03
-0.99820 4.836980748549862e-03
-0.98398 4.661355229005278e-03
-0.96977 4.486688696623178e-03
-0.95556 4.313849521048249e-03
-0.94134 4.148007208549622e-03
-0.92713 3.993254042460416e-03
-0.91291 3.849916739622656e-03
-0.89870 3.715195032453346e-03
-0.88448 3.585533105024075e-03
-0.87027 3.458677172856452e-03
-0.85606 3.334326445918290e-03
-0.84184 3.213525823311176e-03
-0.82763 3.097567503974861e-03
-0.81341 2.987105328693390e-03
-0.79920 2.881821480901984e-03
-0.78498 2.780629511116151e-03
-0.77077 2.682182073990116e-03
-0.75656 2.585395893889984e-03
-0.74234 2.489774417088230e-03
-0.72813 2.395444417137346e-03
-0.71391 2.302961984343719e-03
-0.69970 2.213022603932914e-03
-0.68549 2.126203063194362e-03
-0.67127 2.042803634441123e-03
-0.65706 1.962804421923494e-03
-0.64284 1.885921185837809e-03
-0.62863 1.811725664733454e-03
-0.61441 1.739775314759094e-03
-0.60020 1.669699594628211e-03
-0.58599 1.601227898177353e-03
-0.57177 1.534187703807581e-03
-0.55756 1.468505876340965e-03
-0.54334 1.404211117306969e-03
-0.52913 1.341410083178244e-03
-0.51491 1.280229504984157e-03
-0.50070 1.220757058996131e-03
-0.48649 1.163021081131661e-03
-0.47227 1.107010808323764e-03
-0.45806 1.052700192827806e-03
-0.44384 1.000046040999646e-03
-0.42963 9.489738401037359e-04
-0.41542 8.993857825967122e-04
-0.40120 8.511953011087701e-04
-0.38699 8.043493747821238e-04
-0.37277 7.588052000300398e-04
-0.35856 7.144847710078431e-04
-0.34434 6.712736383649774e-04
-0.33013 6.291002017932109e-04
-0.31592 5.880484353063189e-04
-0.30170 5.484007684561902e-04
-0.28749 5.105413157680801e-04
-0.27327 4.747499788996622e-04
-0.25906 4.409946804442371e-04
-0.24484 4.088276856110246e-04
-0.23063 3.774576044771110e-04
-0.21642 3.460515309722562e-04
-0.20220 3.142591394903562e-04
-0.18799 2.827464222533763e-04
-0.17377 2.532625008170274e-04
-0.15956 2.277881139537435e-04
-0.14535 2.069988648109790e-04
-0.13113 1.892824046341206e-04
-0.11692 1.715322182806915e-04
-0.10270 1.512853207299044e-04
-0.08849 1.283083747208233e-04
-0.07427 1.045082703254240e-04
-0.06006 8.343224616760606e-05
-0.04585 7.012244985044058e-05
-0.03163 6.337200681980438e-05
-0.01742 5.077271150828872e-05
-0.00320 3.262425493112991e-05
0.01101 2.018374782672105e-05
0.02523 1.400315524021516e-05
0.03944 1.040877820322516e-05
0.05365 7.882878495676185e-06
0.06787 6.001460956430147e-06
0.08208 4.572315072039207e-06
0.09630 3.476897069190241e-06
0.11051 2.636228292756801e-06
0.12472 1.994142065649823e-06
0.13894 1.508366285624093e-06
0.15315 1.146041335898490e-06
0.16737 8.814187456491404e-07
0.18158 6.945401674043990e-07
0.19580 5.703636918820984e-07
0.21001 4.981404276905481e-07
0.22422 4.709915446455873e-07
0.23844 4.856945012833833e-07
0.25265 5.427109444301057e-07
0.26687 6.465037441653022e-07
0.28108 8.062077750123957e-07
0.29530 1.036742357978698e-06
0.30951 1.360484549501582e-06
0.32372 1.809664116825056e-06
0.33794 2.429698001382698e-06
0.35215 3.283763860346021e-06
0.36637 4.459035819593828e-06
0.38058 6.075198482111132e-06
0.39479 8.296157720471699e-06
0.40901 1.134632771658761e-05
0.42322 1.553353273335529e-05
0.43744 2.128140630787787e-05
0.45165 2.917505569912975e-05
0.46587 4.002429864592534e-05
0.48008 5.494823695831705e-05
0.49429 7.548222868213958e-05
0.50851 1.037024465297279e-04
0.52272 1.423550165842075e-04
0.53694 1.949751924514072e-04
0.55115 2.660192059594440e-04
0.56537 3.611695333954773e-04
0.57958 4.882246408337333e-04
0.59379 6.591855211961664e-04
0.60801 8.943881138544980e-04
0.62222 1.228636517525162e-03
0.63644 1.704936865414875e-03
0.65065 3.354173209827980e-03
0.66486 3.297108806311052e-03
0.67908 3.373092911454468e-03
0.69329 3.657873345411605e-03
0.70751 3.954515165337848e-03
0.72172 4.378342227929172e-03
0.73594 4.920510729712220e-03
0.75015 5.533581893460228e-03
0.76436 6.192684729254032e-03
0.77858 6.896062913464050e-03
0.79279 7.632523293983017e-03
0.80701 8.356602959288598e-03
0.82122 9.012091704814460e-03
0.83544 9.574250818491645e-03
0.84965 1.004719284429102e-02
0.86386 1.043918668410253e-02
0.87808 1.077204719175326e-02
0.89229 1.109245259574440e-02
0.90651 1.144169559809680e-02
0.92072 1.182380097357990e-02
0.93493 1.221473009750103e-02
0.94915 1.259103567017941e-02
0.96336 1.294362287050484e-02
0.97758 1.327370719207936e-02
0.99179 1.358445191242110e-02
1.00601 1.387696832630824e-02
1.02022 1.415139323363731e-02
1.03443 1.440985212915281e-02
1.04865 1.465794980522048e-02
1.06286 1.490350504877427e-02
1.07708 1.515358282914384e-02
1.09129 1.541185529723189e-02
1.10551 1.567772077245124e-02
1.11972 1.594731582834322e-02
1.13393 1.621558981265082e-02
1.14815 1.647839008556378e-02
1.16236 1.673367607564205e-02
1.17658 1.698173597260159e-02
1.19079 1.722452010585494e-02
1.20501 1.746455047481509e-02
1.21922 1.770386541479050e-02
1.23343 1.794333824582636e-02
1.24765 1.818251511295924e-02
1.26186 1.841992569336488e-02
1.27608 1.865368628542049e-02
1.29029 1.888216394879053e-02
1.30450 1.910449840676331e-02
1.31872 1.932085868108908e-02
1.33293 1.953240831867747e-02
1.34715 1.974103528671476e-02
1.36136 1.994895150294236e-02
1.37558 2.015827812176270e-02
1.38979 2.037071270574090e-02
1.40400 2.058733583189471e-02
1.41822 2.080857129124133e-02
1.43243 2.103427734270565e-02
1.44665 2.126392366757073e-02
1.46086 2.149680191800964e-02
1.47508 2.173222471902366e-02
1.48929 2.196968323665178e-02
1.50350 2.220895046283955e-02
1.51772 2.245013067064324e-02
1.53193 2.269366206394376e-02
1.54615 2.294027959602082e-02
1.56036 2.319094101838723e-02
1.57457 2.344671554805855e-02
1.58879 2.370863489529472e-02
1.60300 2.397751276946551e-02
1.61722 2.425375073661640e-02
1.63143 2.453716219219201e-02
1.64565 2.482685728220135e-02
1.65986 2.512123471609009e-02
1.67407 2.541811796427539e-02
1.68829 2.571505267345731e-02
1.70250 2.600975217263363e-02
1.71672 2.630064463012511e-02
1.73093 2.658744608072114e-02
1.74515 2.687166445611367e-02
1.75936 2.715693385176663e-02
1.77357 2.744908420617378e-02
1.78779 2.775586554993691e-02
1.80200 2.808626651997869e-02
1.81622 2.844939994556294e-02
1.83043 2.885298751989824e-02
1.84464 2.930157241136860e-02
1.85886 2.979471720819342e-02
1.87307 3.032557039683510e-02
1.88729 3.088024524619090e-02
1.90150 3.143837827136709e-02
1.91572 3.197499523380324e-02
1.92993 3.246352303870770e-02
1.94414 3.287970324360370e-02
1.95836 3.320647608919573e-02
1.97257 3.344023279972520e-02
1.98679 3.359770248022223e-02
2.00100 3.371828180010678e-02
2.01522 3.384563481668795e-02
2.02943 3.396636391097694e-02
2.04364 3.396588669057363e-02
2.05786 3.375347356337507e-02
2.07207 3.342041592449049e-02
2.08629 3.311956489448255e-02
2.10050 3.287615170616333e-02
2.11471 3.262560667442591e-02
2.12893 3.232802512605720e-02
2.14314 3.199608219443303e-02
2.15736 3.166365807211712e-02
2.17157 3.135675203888253e-02
2.18579 3.108883370587014e-02
2.20000 3.086983119611369e-02
