-12.00000 6.065039440117361e-37
-11.98579 3.041696228303396e-36
-11.97157 1.518712538169781e-35
-11.95736 7.551645203317275e-35
-11.94314 3.740054084878083e-34
-11.92893 1.844933379264149e-33
-11.91471 9.063262074965996e-33
-11.90050 4.432788219743802e-32
-11.88629 2.157840303138594e-31
-11.87207 1.045128895610975e-30
-11.85786 5.035079360065389e-30
-11.84364 2.412366621459302e-29
-11.82943 1.149325101269171e-28
-11.81522 5.445236534190685e-28
-11.80100 2.565786644594779e-27
-11.78679 1.202660127578134e-26
-11.77257 5.609108504327261e-26
-11.75836 2.603746903437282e-25
-11.74414 1.203389085405954e-24
-11.72993 5.540062893183533e-24
-11.71572 2.542291962885341e-23
-11.70150 1.164158270708212e-22
-11.68729 5.328395259894708e-22
-11.67307 2.443401881630471e-21
-11.65886 1.125862288235010e-20
-11.64464 5.229296358869771e-20
-11.63043 2.454889985659549e-19
-11.61622 1.166307064210559e-18
-11.60200 5.603176226584336e-18
-11.58779 2.713710465117099e-17
-11.57357 1.318584504509758e-16
-11.55936 6.391641933318385e-16
-11.54515 3.073647643276659e-15
-11.53093 1.459219905881848e-14
-11.51672 6.813528800530334e-14
-11.50250 3.121396175472007e-13
-11.48829 1.401742154968838e-12
-11.47407 6.174982526396121e-12
-11.45986 2.673070040008698e-11
-11.44565 1.138699249654131e-10
-11.43143 4.770378546850335e-10
-11.41722 1.958682748695984e-09
-11.40300 7.848274356671183e-09
-11.38879 3.064010812391921e-08
-11.37457 1.165201530097382e-07
-11.36036 4.241042522402681e-07
-11.34615 1.391613817209595e-06
-11.33193 3.791361148448706e-06
-11.31772 8.193296513521313e-06
-11.30350 1.438551716409519e-05
-11.28929 2.206127099029086e-05
-11.27508 3.139159922560059e-05
-11.26086 4.219683395013035e-05
-11.24665 5.374259492469518e-05
-11.23243 6.560478913841293e-05
-11.21822 7.803404868511824e-05
-11.20400 9.147883366737510e-05
-11.18979 1.060654696497072e-04
-11.17558 1.215808934773080e-04
-11.16136 1.377970328852958e-04
-11.14715 1.547141636355824e-04
-11.13293 1.725335806754108e-04
-11.11872 1.914661660361585e-04
-11.10450 2.115692314281521e-04
-11.09029 2.327137829867367e-04
-11.07608 2.546654474296376e-04
-11.06186 2.772038577246037e-04
-11.04765 3.002113554176461e-04
-11.03343 3.236983274062379e-04
-11.01922 3.477690079079849e-04
-11.00501 3.725544314976517e-04
-10.99079 3.981462090396753e-04
-10.97658 4.245582553674159e-04
-10.96236 4.517281513880287e-04
-10.94815 4.795521929006516e-04
-10.93393 5.079354524280406e-04
-10.91972 5.368347790167310e-04
-10.90551 5.662784854805323e-04
-10.89129 5.963576200047554e-04
-10.87708 6.271949432088488e-04
-10.86286 6.589049020349649e-04
-10.84865 6.915592768207578e-04
-10.83443 7.251694176273966e-04
-10.82022 7.596892518686922e-04
-10.80601 7.950361764889952e-04
-10.79179 8.311217567426048e-04
-10.77758 8.678820826754605e-04
-10.76336 9.052988025583144e-04
-10.74915 9.434054381420335e-04
-10.73493 9.822782320242850e-04
-10.72072 1.022015062220748e-03
-10.70651 1.062708797151304e-03
-10.69229 1.104422329353848e-03
-10.67808 1.147171480754582e-03
-10.66386 1.190919538081602e-03
-10.64965 1.235584120192300e-03
-10.63544 1.281054185136176e-03
-10.62122 1.327212879207929e-03
-10.60701 1.373960973340676e-03
-10.59279 1.421235890495659e-03
-10.57858 1.469022609017889e-03
-10.56436 1.517354657879705e-03
-10.55015 1.566305543866506e-03
-10.53594 1.615972826926878e-03
-10.52172 1.666458344412168e-03
-10.50751 1.717848585403370e-03
-10.49329 1.770198911084545e-03
-10.47908 1.823524340181085e-03
-10.46486 1.877798216659516e-03
-10.45065 1.932958550372576e-03
-10.43644 1.988920461151517e-03
-10.42222 2.045592191827391e-03
-10.40801 2.102891717998708e-03
-10.39379 2.160761095749500e-03
-10.37958 2.219176277782786e-03
-10.36537 2.278151045471428e-03
-10.35115 2.337734763070985e-03
-10.33694 2.398004673003240e-03
-10.32272 2.459054259342615e-03
-10.30851 2.520979703157603e-03
-10.29429 2.583866592295796e-03
-10.28008 2.647778844229586e-03
-10.26587 2.712751318902761e-03
-10.25165 2.778786938651346e-03
-10.23744 2.845858408999924e-03
-10.22322 2.913913958903567e-03
-10.20901 2.982885984367280e-03
-10.19479 3.052701148265268e-03
-10.18058 3.123290389794974e-03
-10.16637 3.194597423083064e-03
-10.15215 3.266584620136704e-03
-10.13794 3.339235621060528e-03
-10.12372 3.412554524624061e-03
-10.10951 3.486562012973956e-03
-10.09530 3.561289190253268e-03
-10.08108 3.636770214586175e-03
-10.06687 3.713034943518863e-03
-10.05265 3.790102783110858e-03
-10.03844 3.867978740489841e-03
-10.02422 3.946652358288173e-03
-10.01001 4.026099801755529e-03
-9.99580 4.106288929886354e-03
-9.98158 4.187186767868756e-03
-9.96737 4.268768462622694e-03
-9.95315 4.351026588488881e-03
-9.93894 4.433979602670867e-03
-9.92472 4.517678337151921e-03
-9.91051 4.602209643067018e-03
-9.89630 4.687696644608433e-03
-9.88208 4.774295468515177e-03
-9.86787 4.862188740306912e-03
-9.85365 4.951576526897816e-03
-9.83944 5.042665709886649e-03
-9.82523 5.135658958746524e-03
-9.81101 5.230744517685448e-03
-9.79680 5.328087920716144e-03
-9.78258 5.427826520134961e-03
-9.76837 5.530067382813179e-03
-9.75415 5.634888716408491e-03
-9.73994 5.742344580390041e-03
-9.72573 5.852472262615143e-03
-9.71151 5.965301405181713e-03
-9.69730 6.080863778576078e-03
-9.68308 6.199202552576600e-03
-9.66887 6.320380001042741e-03
-9.65465 6.444482792179773e-03
-9.64044 6.571624325077807e-03
-9.62623 6.701943933359333e-03
-9.61201 6.835603140101678e-03
-9.59780 6.972779476525402e-03
-9.58358 7.113658653704876e-03
-9.56937 7.258426111832879e-03
-9.55516 7.407259190172726e-03
-9.54094 7.560321368201185e-03
-9.52673 7.717760161261088e-03
-9.51251 7.879710144688707e-03
-9.49830 8.046301989491463e-03
-9.48408 8.217677173590905e-03
-9.46987 8.394006451366075e-03
-9.45566 8.575509262705070e-03
-9.44144 8.762472903008909e-03
-9.42723 8.955276233395272e-03
-9.41301 9.154432266527476e-03
-9.39880 9.360670496353194e-03
-9.38458 9.575069332118987e-03
-9.37037 9.799206115342907e-03
-9.35616 1.003521991497810e-02
-9.34194 1.028563691093915e-02
-9.32773 1.055294029860384e-02
-9.31351 1.083940201457429e-02
-9.29930 1.114859196423016e-02
-9.28509 1.148994552010775e-02
-9.27087 1.188386810473228e-02
-9.25666 1.235728253240245e-02
-9.24244 1.292048015808133e-02
-9.22823 1.353970157118477e-02
-9.21401 1.414215841716111e-02
-9.19980 1.465844692373107e-02
-9.18559 1.504886888976706e-02
-9.17137 1.528489387779240e-02
-9.15716 1.534101763085370e-02
-9.14294 1.523250606858231e-02
-9.12873 1.503603698299576e-02
-9.11451 1.484403307554206e-02
-9.10030 1.470521217405053e-02
-9.08609 1.461509888018792e-02
-9.07187 1.454664675917273e-02
-9.05766 1.447818306008696e-02
-9.04344 1.440144139740060e-02
-9.02923 1.431741900256999e-02
-9.01502 1.423014566945381e-02
-9.00080 1.414255063811754e-02
-8.98659 1.405502684075962e-02
-8.97237 1.396609338493461e-02
-8.95816 1.387406454430053e-02
-8.94394 1.377854466677932e-02
-8.92973 1.368096588842913e-02
-8.91552 1.358405317166008e-02
-8.90130 1.349066478736560e-02
-8.88709 1.340266594551844e-02
-8.87287 1.332033758658779e-02
-8.85866 1.324247256163762e-02
-8.84444 1.316698355224038e-02
-8.83023 1.309168192975303e-02
-8.81602 1.301490664323660e-02
-8.80180 1.293582151978246e-02
-8.78759 1.285436571314865e-02
-8.77337 1.277096536651980e-02
-8.75916 1.268616576227189e-02
-8.74494 1.260032822304401e-02
-8.73073 1.251347959976528e-02
-8.71652 1.242533307614109e-02
-8.70230 1.233544058441913e-02
-8.68809 1.224340326297672e-02
-8.67387 1.214906101243181e-02
-8.65966 1.205260087620210e-02
-8.64545 1.195455680494427e-02
-8.63123 1.185570863229406e-02
-8.61702 1.175691562553601e-02
-8.60280 1.165893360572668e-02
-8.58859 1.156226309637003e-02
-8.57437 1.146706230031284e-02
-8.56016 1.137313858472192e-02
-8.54595 1.128001180886953e-02
-8.53173 1.118702731501060e-02
-8.51752 1.109348856372501e-02
-8.50330 1.099877965224296e-02
-8.48909 1.090245475020592e-02
-8.47487 1.080428209962350e-02
-8.46066 1.070424164472008e-02
-8.44645 1.060248500559639e-02
-8.43223 1.049927268937576e-02
-8.41802 1.039490548306022e-02
-8.40380 1.028966518659167e-02
-8.38959 1.018377522397864e-02
-8.37538 1.007738560186822e-02
-8.36116 9.970580613756204e-03
-8.34695 9.863402839950139e-03
-8.33273 9.755884182924300e-03
-8.31852 9.648074217477107e-03
-8.30430 9.540057845584336e-03
-8.29009 9.431957549202709e-03
-8.27588 9.323919605969479e-03
-8.26166 9.216087578432414e-03
-8.24745 9.108569412822393e-03
-8.23323 9.001406029203303e-03
-8.21902 8.894549108357745e-03
-8.20480 8.787853975599069e-03
-8.19059 8.681090438946939e-03
-8.17638 8.573970761827967e-03
-8.16216 8.466190339471272e-03
-8.14795 8.357473779672799e-03
-8.13373 8.247617503288894e-03
-8.11952 8.136519999202375e-03
-8.10531 8.024192548882337e-03
-8.09109 7.910746363576302e-03
-8.07688 7.796356203685927e-03
-8.06266 7.681205054896551e-03
-8.04845 7.565418609130558e-03
-8.03423 7.449001423771967e-03
-8.02002 7.331788061114654e-03
-8.00581 7.213421724874904e-03
-7.99159 7.093369594122594e-03
-7.97738 6.970978182973171e-03
-7.96316 6.845564039638968e-03
-7.94895 6.716525971140101e-03
-7.93473 6.583456530154443e-03
-7.92052 6.446225237406007e-03
-7.90631 6.305006773459978e-03
-7.89209 6.160236495973060e-03
-7.87788 6.012493818380073e-03
-7.86366 5.862339150047529e-03
-7.84945 5.710156669725807e-03
-7.83524 5.556073955098256e-03
-7.82102 5.400028107866850e-03
-7.80681 5.242013322858894e-03
-7.79259 5.082469253108952e-03
-7.77838 4.922663955060109e-03
-7.76416 4.764834250975182e-03
-7.74995 4.611848477749422e-03
-7.73574 4.466327500805806e-03
-7.72152 4.329500575099559e-03
-7.70731 4.200448506014879e-03
-7.69309 4.076534254137144e-03
-7.67888 3.955426678634809e-03
-7.66466 3.837974971937902e-03
-7.65045 3.729572091079060e-03
-7.63624 3.637012375724986e-03
-7.62202 3.560931192544072e-03
-7.60781 3.492276873101600e-03
-7.59359 3.425220006447968e-03
-7.57938 3.367444645014200e-03
-7.56517 3.291616802009948e-03
-7.55095 3.095855338296195e-03
-7.53674 2.741584740365441e-03
-7.52252 2.368730754821335e-03
-7.50831 2.124652639311235e-03
-7.49409 2.017909987839886e-03
-7.47988 1.989731552807592e-03
-7.46567 1.992151538098525e-03
-7.45145 1.999207205796282e-03
-7.43724 2.003801565403264e-03
-7.42302 2.012311471721592e-03
-7.40881 2.034051104264810e-03
-7.39459 2.072436126122059e-03
-7.38038 2.123974723458655e-03
-7.36617 2.183052109125123e-03
-7.35195 2.246514552755690e-03
-7.33774 2.314726133848774e-03
-7.32352 2.389861227727737e-03
-7.30931 2.473715062629440e-03
-7.29510 2.566533130325455e-03
-7.28088 2.667088296488249e-03
-7.26667 2.773484366237877e-03
-7.25245 2.884027106667706e-03
-7.23824 2.997730631104127e-03
-7.22402 3.114354629193788e-03
-7.20981 3.234113314044165e-03
-7.19560 3.357287948018905e-03
-7.18138 3.483934597108006e-03
-7.16717 3.613776016429443e-03
-7.15295 3.746266062782466e-03
-7.13874 3.880753205883887e-03
-7.12452 4.016654132810079e-03
-7.11031 4.153568324349201e-03
-7.09610 4.291301968794193e-03
-7.08188 4.429807716282287e-03
-7.06767 4.569073867417493e-03
-7.05345 4.709007590092584e-03
-7.03924 4.849352514316561e-03
-7.02503 4.989666254895855e-03
-7.01081 5.129364196314341e-03
-6.99660 5.267817861416475e-03
-6.98238 5.404483299757152e-03
-6.96817 5.539029042842997e-03
-6.95395 5.671434328222519e-03
-6.93974 5.802035246676072e-03
-6.92553 5.931507265268413e-03
-6.91131 6.060785049618592e-03
-6.89710 6.190932568872888e-03
-6.88288 6.322986288054238e-03
-6.86867 6.457800342531889e-03
-6.85445 6.595923882688705e-03
-6.84024 6.737536788553462e-03
-6.82603 6.882460976465172e-03
-6.81181 7.030251744769245e-03
-6.79760 7.180359004732916e-03
-6.78338 7.332334100409855e-03
-6.76917 7.486046144023251e-03
-6.75495 7.641863453685614e-03
-6.74074 7.800751450747974e-03
-6.72653 7.964240292083554e-03
-6.71231 8.134229705185656e-03
-6.69810 8.312637315444139e-03
-6.68388 8.500977318758209e-03
-6.66967 8.700089844908455e-03
-6.65546 8.910403805226431e-03
-6.64124 9.133196030450113e-03
-6.62703 9.373070150280563e-03
-6.61281 9.641072918741535e-03
-6.59860 9.956843887621695e-03
-6.58438 1.034993499143585e-02
-6.57017 1.085790922439235e-02
-6.55596 1.148909098805324e-02
-6.54174 1.217927950758187e-02
-6.52753 1.292693208986560e-02
-6.51331 1.377402400691829e-02
-6.49910 1.446477927839221e-02
-6.48488 1.537405910737158e-02
-6.47067 1.657607056855980e-02
-6.45646 1.439362785803884e-02
-6.44224 1.326928817315562e-02
-6.42803 1.264922170056082e-02
-6.41381 1.209480333846229e-02
-6.39960 1.163136161711379e-02
-6.38539 1.126148274779042e-02
-6.37117 1.096609732150713e-02
-6.35696 1.072103096321221e-02
-6.34274 1.050727460296414e-02
-6.32853 1.031360087737522e-02
-6.31431 1.013484564405736e-02
-6.30010 9.969081471613557e-03
-6.28589 9.815447183768748e-03
-6.27167 9.673060589463359e-03
-6.25746 9.540748159454790e-03
-6.24324 9.417173404233462e-03
-6.22903 9.301053389157363e-03
-6.21481 9.191310865732461e-03
-6.20060 9.087125761433414e-03
-6.18639 8.987908541875459e-03
-6.17217 8.893234501642049e-03
-6.15796 8.802772298982568e-03
-6.14374 8.716226797941580e-03
-6.12953 8.633303742181932e-03
-6.11532 8.553695214235471e-03
-6.10110 8.477080541609203e-03
-6.08689 8.403136265162328e-03
-6.07267 8.331549639043517e-03
-6.05846 8.262031751491102e-03
-6.04424 8.194328000285396e-03
-6.03003 8.128224957362587e-03
-6.01582 8.063553516305310e-03
-6.00160 8.000188690613459e-03
-5.98739 7.938046636432801e-03
-5.97317 7.877079526792024e-03
-5.95896 7.817268891205697e-03
-5.94474 7.758618003517351e-03
-5.93053 7.701143870097158e-03
-5.91632 7.644869338703719e-03
-5.90210 7.589815806203145e-03
-5.88789 7.535996941948202e-03
-5.87367 7.483413758840590e-03
-5.85946 7.432051257931515e-03
-5.84525 7.381876752014684e-03
-5.83103 7.332839849269330e-03
-5.81682 7.284873960651191e-03
-5.80260 7.237899094315826e-03
-5.78839 7.191825624391585e-03
-5.77417 7.146558674373907e-03
-5.75996 7.102002738680214e-03
-5.74575 7.058066178129113e-03
-5.73153 7.014665262740457e-03
-5.71732 6.971727493194886e-03
-5.70310 6.929194004525915e-03
-5.68889 6.887020935775924e-03
-5.67467 6.845179731191670e-03
-5.66046 6.803656416343681e-03
-5.64625 6.762449961420371e-03
-5.63203 6.721569899994053e-03
-5.61782 6.681033412068972e-03
-5.60360 6.640862103712173e-03
-5.58939 6.601078721761939e-03
-5.57518 6.561704031864927e-03
-5.56096 6.522754063266334e-03
-5.54675 6.484237887026500e-03
-5.53253 6.446156048898043e-03
-5.51832 6.408499727535310e-03
-5.50410 6.371250636663589e-03
-5.48989 6.334381639787601e-03
-5.47568 6.297858001069854e-03
-5.46146 6.261639158715923e-03
-5.44725 6.225680879451182e-03
-5.43303 6.189937635607180e-03
-5.41882 6.154365040343555e-03
-5.40460 6.118922181275229e-03
-5.39039 6.083573707268719e-03
-5.37618 6.048291545890919e-03
-5.36196 6.013056158011976e-03
-5.34775 5.977857269199938e-03
-5.33353 5.942694052517362e-03
-5.31932 5.907574771902480e-03
-5.30511 5.872515927429899e-03
-5.29089 5.837540971625242e-03
-5.27668 5.802678688252450e-03
-5.26246 5.767961340626404e-03
-5.24825 5.733422705004699e-03
-5.23403 5.699096105909144e-03
-5.21982 5.665012564671011e-03
-5.20561 5.631199160808236e-03
-5.19139 5.597677689056422e-03
-5.17718 5.564463674243332e-03
-5.16296 5.531565783111592e-03
-5.14875 5.498985648100956e-03
-5.13453 5.466718094410317e-03
-5.12032 5.434751739671576e-03
-5.10611 5.403069916408426e-03
-5.09189 5.371651852023688e-03
-5.07768 5.340474029999355e-03
-5.06346 5.309511649665943e-03
-5.04925 5.278740100384260e-03
-5.03504 5.248136369099083e-03
-5.02082 5.217680307546961e-03
-5.00661 5.187355696305034e-03
-4.99239 5.157151056575221e-03
-4.97818 5.127060176225728e-03
-4.96396 5.097082333227750e-03
-4.94975 5.067222216299795e-03
-4.93554 5.037489558427612e-03
-4.92132 5.007898513181016e-03
-4.90711 4.978466815745903e-03
-4.89289 4.949214779831964e-03
-4.87868 4.920164187776811e-03
-4.86446 4.891337134095407e-03
-4.85025 4.862754882444303e-03
-4.83604 4.834436792668913e-03
-4.82182 4.806399368607429e-03
-4.80761 4.778655469081689e-03
-4.79339 4.751213714545642e-03
-4.77918 4.724078110772727e-03
-4.76496 4.697247899354125e-03
-4.75075 4.670717633250172e-03
-4.73654 4.644477464749224e-03
-4.72232 4.618513623440173e-03
-4.70811 4.592809053610981e-03
-4.69389 4.567344174161706e-03
-4.67968 4.542097719874218e-03
-4.66547 4.517047620808230e-03
-4.65125 4.492171876681768e-03
-4.63704 4.467449385228749e-03
-4.62282 4.442860687502196e-03
-4.60861 4.418388598628078e-03
-4.59439 4.394018699274723e-03
-4.58018 4.369739670709609e-03
-4.56597 4.345543464375022e-03
-4.55175 4.321425305032823e-03
-4.53754 4.297383534332062e-03
-4.52332 4.273419308802619e-03
-4.50911 4.249536172483937e-03
-4.49489 4.225739529431422e-03
-4.48068 4.202036045044002e-03
-4.46647 4.178433007438503e-03
-4.45225 4.154937680950461e-03
-4.43804 4.131556683334194e-03
-4.42382 4.108295416511575e-03
-4.40961 4.085157577998243e-03
-4.39540 4.062144776712804e-03
-4.38118 4.039256273124227e-03
-4.36697 4.016488860081764e-03
-4.35275 3.993836897786174e-03
-4.33854 3.971292514954548e-03
-4.32432 3.948845989316785e-03
-4.31011 3.926486325582002e-03
-4.29590 3.904202059993059e-03
-4.28168 3.881982340588578e-03
-4.26747 3.859818365767178e-03
-4.25325 3.837705317132195e-03
-4.23904 3.815645005295060e-03
-4.22482 3.793649574403374e-03
-4.21061 3.771746811514984e-03
-4.19640 3.749987944780996e-03
-4.18218 3.728459433558702e-03
-4.16797 3.707301435539706e-03
-4.15375 3.686737790949404e-03
-4.13954 3.667125735395389e-03
-4.12533 3.649037352698222e-03
-4.11111 3.633385909435805e-03
-4.09690 3.621602863552125e-03
-4.08268 3.615848533423658e-03
-4.06847 3.619192902554499e-03
-4.05425 3.635654854729931e-03
-4.04004 3.671214688268987e-03
-4.02583 3.744428589312144e-03
-4.01161 3.866384168331166e-03
-3.99740 3.954935856097752e-03
-3.98318 4.019518425421017e-03
-3.96897 4.114666138583863e-03
-3.95475 4.213018144831901e-03
-3.94054 4.303089334587971e-03
-3.92633 4.390967379724218e-03
-3.91211 4.485589896925217e-03
-3.89790 4.592015732209835e-03
-3.88368 4.710367821667445e-03
-3.86947 4.838740822674991e-03
-3.85526 4.976048784460528e-03
-3.84104 5.122955225288245e-03
-3.82683 5.281742180786079e-03
-3.81261 5.456287477795063e-03
-3.79840 5.651136142512114e-03
-3.78418 5.866300651858041e-03
-3.76997 6.087974959637610e-03
-3.75576 6.286187962986291e-03
-3.74154 6.431441925970811e-03
-3.72733 6.519177548077951e-03
-3.71311 6.573444348366704e-03
-3.69890 6.624620896017635e-03
-3.68468 6.687692895751856e-03
-3.67047 6.760358221078704e-03
-3.65626 6.833742840994304e-03
-3.64204 6.901308219325597e-03
-3.62783 6.961199855968513e-03
-3.61361 7.014792100823630e-03
-3.59940 7.064658304081862e-03
-3.58519 7.113235559151459e-03
-3.57097 7.162225804690474e-03
-3.55676 7.212479393064576e-03
-3.54254 7.264144261670487e-03
-3.52833 7.316925769366167e-03
-3.51411 7.370346706457516e-03
-3.49990 7.423940600167694e-03
-3.48569 7.477355271322126e-03
-3.47147 7.530377600751643e-03
-3.45726 7.582907955818858e-03
-3.44304 7.634914857564631e-03
-3.42883 7.686393183733801e-03
-3.41461 7.737338773760187e-03
-3.40040 7.787742829009986e-03
-3.38619 7.837602711554916e-03
-3.37197 7.886941891577761e-03
-3.35776 7.935830542051679e-03
-3.34354 7.984399136076719e-03
-3.32933 8.032839795421010e-03
-3.31512 8.081393399297166e-03
-3.30090 8.130323861494707e-03
-3.28669 8.179883844088288e-03
-3.27247 8.230277995688403e-03
-3.25826 8.281630336209968e-03
-3.24404 8.333961679091902e-03
-3.22983 8.387181224222849e-03
-3.21562 8.441094048492994e-03
-3.20140 8.495423602684340e-03
-3.18719 8.549845921217488e-03
-3.17297 8.604030432614942e-03
-3.15876 8.657681291579473e-03
-3.14454 8.710573176597500e-03
-3.13033 8.762576496845899e-03
-3.11612 8.813668757706490e-03
-3.10190 8.863931132379240e-03
-3.08769 8.913531668088989e-03
-3.07347 8.962698584566985e-03
-3.05926 9.011688428501873e-03
-3.04505 9.060754206961587e-03
-3.03083 9.110118017531628e-03
-3.01662 9.159951322416843e-03
-3.00240 9.210364250619661e-03
-2.98819 9.261403609436124e-03
-2.97397 9.313058056607534e-03
-2.95976 9.365268384114445e-03
-2.94555 9.417941116598140e-03
-2.93133 9.470964407080958e-03
-2.91712 9.524226108260373e-03
-2.90290 9.577634435254891e-03
-2.88869 9.631141440074643e-03
-2.87447 9.684768464233018e-03
-2.86026 9.738631034648440e-03
-2.84605 9.792958831385656e-03
-2.83183 9.848105017820083e-03
-2.81762 9.904538867308976e-03
-2.80340 9.962816370761898e-03
-2.78919 1.002352521892901e-02
-2.77497 1.008720327460676e-02
-2.76076 1.015423419540638e-02
-2.74655 1.022473166981293e-02
-2.73233 1.029843525627014e-02
-2.71812 1.037465293819964e-02
-2.70390 1.045229023888677e-02
-2.68969 1.052999422992340e-02
-2.67548 1.060641758122162e-02
-2.66126 1.068065014168137e-02
-2.64705 1.075355441573458e-02
-2.63283 1.083397230582531e-02
-2.61862 1.094901906291550e-02
-2.60440 1.111085440436986e-02
-2.59019 1.125767515983734e-02
-2.57598 1.135135818165162e-02
-2.56176 1.143324381958911e-02
-2.54755 1.151783513451791e-02
-2.53333 1.159272471222752e-02
-2.51912 1.165477858081370e-02
-2.50490 1.171175994549285e-02
-2.49069 1.177415241554156e-02
-2.47648 1.184656614060806e-02
-2.46226 1.192653883115819e-02
-2.44805 1.200910603445951e-02
-2.43383 1.209068811375820e-02
-2.41962 1.217002588112225e-02
-2.40541 1.224723446172848e-02
-2.39119 1.232234395269657e-02
-2.37698 1.239428856591861e-02
-2.36276 1.246093976307168e-02
-2.34855 1.252015234145840e-02
-2.33433 1.257112378982368e-02
-2.32012 1.261518209523411e-02
-2.30591 1.265554031954873e-02
-2.29169 1.269620929533141e-02
-2.27748 1.274066844714792e-02
-2.26326 1.279087679537395e-02
-2.24905 1.284691268090570e-02
-2.23483 1.290721802825258e-02
-2.22062 1.296923990328435e-02
-2.20641 1.303021409315621e-02
-2.19219 1.308786649064795e-02
-2.17798 1.314087398696933e-02
-2.16376 1.318900867495322e-02
-2.14955 1.323297635940450e-02
-2.13534 1.327403645022927e-02
-2.12112 1.331353663184763e-02
-2.10691 1.335250078813238e-02
-2.09269 1.339137457133264e-02
-2.07848 1.342997437342729e-02
-2.06426 1.346762292552670e-02
-2.05005 1.350340693723375e-02
-2.03584 1.353646999277047e-02
-2.02162 1.356625874965476e-02
-2.00741 1.359266593657163e-02
-1.99319 1.361604906978617e-02
-1.97898 1.363713811940372e-02
-1.96476 1.365687002945832e-02
-1.95055 1.367619871322356e-02
-1.93634 1.369592605333424e-02
-1.92212 1.371658619155133e-02
-1.90791 1.373839745200504e-02
-1.89369 1.376127899413786e-02
-1.87948 1.378491662029910e-02
-1.86527 1.380885579505242e-02
-1.85105 1.383259959986219e-02
-1.83684 1.385569347440455e-02
-1.82262 1.387778513220403e-02
-1.80841 1.389865509586364e-02
-1.79419 1.391821948200309e-02
-1.77998 1.393651113989624e-02
-1.76577 1.395364765058098e-02
-1.75155 1.396979504044192e-02
-1.73734 1.398513466728073e-02
-1.72312 1.399983814124200e-02
-1.70891 1.401405203954327e-02
-1.69469 1.402789128807247e-02
-1.68048 1.404143804019196e-02
-1.66627 1.405474209010754e-02
-1.65205 1.406781942700008e-02
-1.63784 1.408064726725127e-02
-1.62362 1.409315632305952e-02
-1.60941 1.410522351445951e-02
-1.59520 1.411667007444316e-02
-1.58098 1.412727037439475e-02
-1.56677 1.413677539089126e-02
-1.55255 1.414495152931315e-02
-1.53834 1.415163101356783e-02
-1.52412 1.415676525697478e-02
-1.50991 1.416046890500803e-02
-1.49570 1.416304095053842e-02
-1.48148 1.416495140538995e-02
-1.46727 1.416678761682946e-02
-1.45305 1.416916268162471e-02
-1.43884 1.417259806407799e-02
-1.42462 1.417740168924479e-02
-1.41041 1.418356963100265e-02
-1.39620 1.419074199812875e-02
-1.38198 1.419823903127379e-02
-1.36777 1.420518860295622e-02
-1.35355 1.421072975701266e-02
-1.33934 1.421424288664295e-02
-1.32513 1.421552924037119e-02
-1.31091 1.421486220877964e-02
-1.29670 1.421288022377071e-02
-1.28248 1.421038623088446e-02
-1.26827 1.420821258340381e-02
-1.25405 1.420727412949319e-02
-1.23984 1.420861600036479e-02
-1.22563 1.421281213442790e-02
-1.21141 1.421833087593886e-02
-1.19720 1.422032084852354e-02
-1.18298 1.421282142227392e-02
-1.16877 1.419358752818837e-02
-1.15455 1.416467201014557e-02
-1.14034 1.412642546912973e-02
-1.12613 1.406122176226231e-02
-1.11191 1.397304848355501e-02
-1.09770 1.370071774656684e-02
-1.08348 1.327546281931928e-02
-1.06927 1.295835723904984e-02
-1.05506 1.266893285543365e-02
-1.04084 1.239825792828761e-02
-1.02663 1.216244449360532e-02
-1.01241 1.195820595387687e-02
-0.99820 1.176694022362685e-02
-0.98398 1.157468097492976e-02
-0.96977 1.138077302220373e-02
-0.95556 1.119369454897472e-02
-0.94134 1.102087662828760e-02
-0.92713 1.086282236989517e-02
-0.91291 1.071482810968051e-02
-0.89870 1.057190716857098e-02
-0.88448 1.043174232349667e-02
-0.87027 1.029432119310710e-02
-0.85606 1.016001482156577e-02
-0.84184 1.002815789095581e-02
-0.82763 9.897020226727008e-03
-0.81341 9.764853885860732e-03
-0.79920 9.630934815528290e-03
-0.78498 9.495664466810086e-03
-0.77077 9.359829656165386e-03
-0.75656 9.223902078647208e-03
-0.74234 9.087948417075976e-03
-0.72813 8.951950277628174e-03
-0.71391 8.816102169009120e-03
-0.69970 8.680946813821575e-03
-0.68549 8.547392961545221e-03
-0.67127 8.416581952781246e-03
-0.65706 8.289551295334105e-03
-0.64284 8.166817185207785e-03
-0.62863 8.048122952182477e-03
-0.61441 7.932489979336132e-03
-0.60020 7.818493770226573e-03
-0.58599 7.704600656757375e-03
-0.57177 7.589468468327083e-03
-0.55756 7.472189883237942e-03
-0.54334 7.352451523593060e-03
-0.52913 7.230556946619952e-03
-0.51491 7.107298609243284e-03
-0.50070 6.983734003495583e-03
-0.48649 6.860936004460398e-03
-0.47227 6.739738223889641e-03
-0.45806 6.620476920637417e-03
-0.44384 6.502802520757489e-03
-0.42963 6.385708902181915e-03
-0.41542 6.267857979097468e-03
-0.40120 6.148061156026023e-03
-0.38699 6.025630663277682e-03
-0.37277 5.900435804635524e-03
-0.35856 5.772806003750719e-03
-0.34434 5.643564646427481e-03
-0.33013 5.514220349091611e-03
-0.31592 5.386912314900894e-03
-0.30170 5.263652879676920e-03
-0.28749 5.144977820170745e-03
-0.27327 5.028791740471389e-03
-0.25906 4.910190873340098e-03
-0.24484 4.782370083923371e-03
-0.23063 4.638352486484555e-03
-0.21642 4.473737804528117e-03
-0.20220 4.290758546080227e-03
-0.18799 4.101940470651703e-03
-0.17377 3.928502683843891e-03
-0.15956 3.789234249167544e-03
-0.14535 3.683922662700188e-03
-0.13113 3.585483321071661e-03
-0.11692 3.452356286523642e-03
-0.10270 3.254509304337501e-03
-0.08849 2.992841296894675e-03
-0.07427 2.702055863034551e-03
-0.06006 2.455232712932087e-03
-0.04585 2.367943953332471e-03
-0.03163 2.384288553170672e-03
-0.01742 2.226350623768421e-03
-0.00320 1.892313396998437e-03
0.01101 1.321076787075424e-03
0.02523 7.913363934351690e-04
0.03944 5.272647064026738e-04
0.05365 3.858187016557327e-04
0.06787 2.864694630634817e-04
0.08208 2.132445011904913e-04
0.09630 1.594870065741784e-04
0.11051 1.199546730357569e-04
0.12472 9.066907753447130e-05
0.13894 6.879723920763349e-05
0.15315 5.236483008002115e-05
0.16737 3.997793928216509e-05
0.18158 3.062478525512623e-05
0.19580 2.355371626646905e-05
0.21001 1.820026116253801e-05
0.22422 1.414025608994371e-05
0.23844 1.105641619748230e-05
0.25265 8.712941174077637e-06
0.26687 6.936020571895924e-06
0.28108 5.599155754535603e-06
0.29530 4.612468035175100e-06
0.30951 3.915270511185079e-06
0.32372 3.471322639753787e-06
0.33794 3.266366284572161e-06
0.35215 3.307735583289500e-06
0.36637 3.626030371226854e-06
0.38058 4.279051266877654e-06
0.39479 5.358433289555030e-06
0.40901 6.999711000763475e-06
0.42322 9.396931592166554e-06
0.43744 1.282342737449479e-05
0.45165 1.766096562805358e-05
0.46587 2.444015209063450e-05
0.48008 3.389550286684897e-05
0.49429 4.703868630703334e-05
0.50851 6.525261249635015e-05
0.52272 9.040700400482378e-05
0.53694 1.249933140288921e-04
0.55115 1.722752986774473e-04
0.56537 2.364532868047791e-04
0.57958 3.228414591720689e-04
0.59379 4.380422855081250e-04
0.60801 5.900697654883062e-04
0.62222 7.884551727254462e-04
0.63644 1.045573552533805e-03
0.65065 2.634427202162784e-03
0.66486 2.396490246450389e-03
0.67908 2.330353326117680e-03
0.69329 2.950718975529511e-03
0.70751 3.596693966701318e-03
0.72172 4.205867829445766e-03
0.73594 4.783793509457081e-03
0.75015 5.392930009205705e-03
0.76436 6.062332497228582e-03
0.77858 6.739985883400313e-03
0.79279 7.349658927866125e-03
0.80701 7.870757299616072e-03
0.82122 8.342817620178824e-03
0.83544 8.802149257110380e-03
0.84965 9.238677981545025e-03
0.86386 9.624828164117085e-03
0.87808 9.968083224114632e-03
0.89229 1.031125208357645e-02
0.90651 1.068520365668135e-02
0.92072 1.108165727737069e-02
0.93493 1.147404866295469e-02
0.94915 1.185105378708198e-02
0.96336 1.222546625047980e-02
0.97758 1.261842673526162e-02
0.99179 1.304090835813029e-02
1.00601 1.348831407316640e-02
1.02022 1.394807690170212e-02
1.03443 1.441103157679338e-02
1.04865 1.487847313217463e-02
1.06286 1.537073422157577e-02
1.07708 1.597894972881768e-02
1.09129 1.684197417890222e-02
1.10551 1.785351812878442e-02
1.11972 1.860930218424293e-02
1.13393 1.890916362716851e-02
1.14815 1.928846740354611e-02
1.16236 1.980784711024141e-02
1.17658 2.019878190223778e-02
1.19079 2.050346130623568e-02
1.20501 2.085101408045897e-02
1.21922 2.125704651185510e-02
1.23343 2.167784360152167e-02
1.24765 2.209246549054205e-02
1.26186 2.250891704462648e-02
1.27608 2.293969668115768e-02
1.29029 2.338748671641819e-02
1.30450 2.384515735899230e-02
1.31872 2.430216064285267e-02
1.33293 2.475061821328730e-02
1.34715 2.518809437216713e-02
1.36136 2.561699910185051e-02
1.37558 2.604205719731578e-02
1.38979 2.646750274304664e-02
1.40400 2.689518965603384e-02
1.41822 2.732413024758099e-02
1.43243 2.775134186841604e-02
1.44665 2.817343652604255e-02
1.46086 2.858821796993733e-02
1.47508 2.899566681281073e-02
1.48929 2.939801304143117e-02
1.50350 2.979897270325336e-02
1.51772 3.020251975591760e-02
1.53193 3.061168541636458e-02
1.54615 3.102780931648087e-02
1.56036 3.145045921663034e-02
1.57457 3.187797902117601e-02
1.58879 3.230841336703978e-02
1.60300 3.274045829614734e-02
1.61722 3.317412113208320e-02
1.63143 3.361090961603548e-02
1.64565 3.405354915352035e-02
1.65986 3.450538039406830e-02
1.67407 3.496967016828877e-02
1.68829 3.544906469081574e-02
1.70250 3.594534519978537e-02
1.71672 3.645954970244743e-02
1.73093 3.699243335041891e-02
1.74515 3.754516995323152e-02
1.75936 3.812014595448133e-02
1.77357 3.872165663194799e-02
1.78779 3.935628271862406e-02
1.80200 4.003272579267330e-02
1.81622 4.076095019423413e-02
1.83043 4.155063984390904e-02
1.84464 4.240919536994439e-02
1.85886 4.333968197314771e-02
1.87307 4.433921520960177e-02
1.88729 4.539815771702962e-02
1.90150 4.649994490829899e-02
1.91572 4.762039867515321e-02
1.92993 4.872573481571872e-02
1.94414 4.977159420894715e-02
1.95836 5.070578145812271e-02
1.97257 5.147142376461376e-02
1.98679 5.201589937828475e-02
2.00100 5.233094575631248e-02
2.01522 5.250267282149233e-02
2.02943 5.266871655733399e-02
2.04364 5.286458405349923e-02
2.05786 5.293597066130187e-02
2.07207 5.270748623093808e-02
2.08629 5.225120313417513e-02
2.10050 5.178877703590920e-02
2.11471 5.140715743767976e-02
2.12893 5.104437433794722e-02
2.14314 5.063756539410091e-02
2.15736 5.019295831225995e-02
2.17157 4.976465039582995e-02
2.18579 4.943893392770726e-02
2.20000 4.932688720283086e-02
