-12.00000 3.208368097808591e-35
-11.98579 1.660911631807075e-34
-11.97157 8.570927826901172e-34
-11.95736 4.408351376107772e-33
-11.94314 2.259271009760402e-32
-11.92893 1.153260749401515e-31
-11.91471 5.860706162284004e-31
-11.90050 2.963709484166607e-30
-11.88629 1.490801040619244e-29
-11.87207 7.457622778092118e-29
-11.85786 3.709888715698141e-28
-11.84364 1.835616275630760e-27
-11.82943 9.037426125628302e-27
-11.81522 4.430199774698069e-26
-11.80100 2.164044128136076e-25
-11.78679 1.054318104838985e-24
-11.77257 5.128171525384974e-24
-11.75836 2.492685164803810e-23
-11.74414 1.212053452632277e-22
-11.72993 5.901954461490634e-22
-11.71572 2.881710190927377e-21
-11.70150 1.413194075268741e-20
-11.68729 6.975215665489597e-20
-11.67307 3.473420846157086e-19
-11.65886 1.748910222982926e-18
-11.64464 8.915262941257459e-18
-11.63043 4.598407177471267e-17
-11.61622 2.392919462971768e-16
-11.60200 1.250034213469747e-15
-11.58779 6.514471376070271e-15
-11.57357 3.365473551188604e-14
-11.55936 1.714118475945785e-13
-11.54515 8.572483584822491e-13
-11.53093 4.199874010232649e-12
-11.51672 2.014919822155979e-11
-11.50250 9.483163631100457e-11
-11.48829 4.396917868072388e-10
-11.47407 2.020759546773340e-09
-11.45986 9.263409281975506e-09
-11.44565 4.250098134300689e-08
-11.43143 1.949412110419869e-07
-11.41722 8.918528857267484e-07
-11.40300 4.096193961137335e-06
-11.38879 1.929472661708289e-05
-11.37457 9.405197332596294e-05
-11.36036 4.439471596678384e-04
-11.34615 1.764497011583099e-03
-11.33193 5.216837645019977e-03
-11.31772 1.089718632289925e-02
-11.30350 1.656996799245898e-02
-11.28929 2.041134740774886e-02
-11.27508 2.330227852627418e-02
-11.26086 2.630775027141083e-02
-11.24665 2.901992379899380e-02
-11.23243 3.086033283324772e-02
-11.21822 3.201266149270778e-02
-11.20400 3.303240931219727e-02
-11.18979 3.422862364296669e-02
-11.17558 3.554035497435182e-02
-11.16136 3.677844453283092e-02
-11.14715 3.784859191516356e-02
-11.13293 3.879321760071792e-02
-11.11872 3.971314820362820e-02
-11.10450 4.068077773252070e-02
-11.09029 4.170394053569616e-02
-11.07608 4.273960559710351e-02
-11.06186 4.372920415130262e-02
-11.04765 4.462963969112300e-02
-11.03343 4.542786389173997e-02
-11.01922 4.613898535401376e-02
-11.00501 4.679404116647760e-02
-10.99079 4.742495920473323e-02
-10.97658 4.805290021488572e-02
-10.96236 4.868340745891691e-02
-10.94815 4.930858811626136e-02
-10.93393 4.991394292178170e-02
-10.91972 5.048627160188190e-02
-10.90551 5.101948625456103e-02
-10.89129 5.151665098846742e-02
-10.87708 5.198830375734699e-02
-10.86286 5.244840167588954e-02
-10.84865 5.290973458248841e-02
-10.83443 5.338041885383516e-02
-10.82022 5.386239091035084e-02
-10.80601 5.435200566044784e-02
-10.79179 5.484218583313419e-02
-10.77758 5.532521848748820e-02
-10.76336 5.579528108097281e-02
-10.74915 5.625002741852488e-02
-10.73493 5.669094596369654e-02
-10.72072 5.712258607240944e-02
-10.70651 5.755102988230619e-02
-10.69229 5.798211760926178e-02
-10.67808 5.841991174227731e-02
-10.66386 5.886574897716809e-02
-10.64965 5.931803431037442e-02
-10.63544 5.977273640674832e-02
-10.62122 6.022439111310297e-02
-10.60701 6.066733547344691e-02
-10.59279 6.109688285687423e-02
-10.57858 6.151020004480761e-02
-10.56436 6.190673849664562e-02
-10.55015 6.228817972102213e-02
-10.53594 6.265795528150873e-02
-10.52172 6.302047731123617e-02
-10.50751 6.338025494122761e-02
-10.49329 6.374107342809474e-02
-10.47908 6.410538102764796e-02
-10.46486 6.447397418002539e-02
-10.45065 6.484600739845246e-02
-10.43644 6.521929333149475e-02
-10.42222 6.559081128661130e-02
-10.40801 6.595731555626737e-02
-10.39379 6.631593012030744e-02
-10.37958 6.666463147133916e-02
-10.36537 6.700255107144720e-02
-10.35115 6.733006627365810e-02
-10.33694 6.764868621135743e-02
-10.32272 6.796077100556132e-02
-10.30851 6.826914438682860e-02
-10.29429 6.857666946343192e-02
-10.28008 6.888585508199280e-02
-10.26587 6.919854801932060e-02
-10.25165 6.951574731413725e-02
-10.23744 6.983755511637593e-02
-10.22322 7.016325710759748e-02
-10.20901 7.049150781577847e-02
-10.19479 7.082058404987430e-02
-10.18058 7.114866416950187e-02
-10.16637 7.147409189568983e-02
-10.15215 7.179558990712301e-02
-10.13794 7.211239899589089e-02
-10.12372 7.242433121098622e-02
-10.10951 7.273173830217662e-02
-10.09530 7.303540820515110e-02
-10.08108 7.333641097519566e-02
-10.06687 7.363592065757230e-02
-10.05265 7.393504077189614e-02
-10.03844 7.423465857240022e-02
-10.02422 7.453534763650377e-02
-10.01001 7.483733055867642e-02
-9.99580 7.514050470259660e-02
-9.98158 7.544452525967056e-02
-9.96737 7.574893235742269e-02
-9.95315 7.605330353105204e-02
-9.93894 7.635741008936009e-02
-9.92472 7.666135599142676e-02
-9.91051 7.696568065734345e-02
-9.89630 7.727141218998408e-02
-9.88208 7.758006405529717e-02
-9.86787 7.789357547442245e-02
-9.85365 7.821420270611686e-02
-9.83944 7.854437420705611e-02
-9.82523 7.888652669349272e-02
-9.81101 7.924294098116932e-02
-9.79680 7.961559602404149e-02
-9.78258 8.000605695899840e-02
-9.76837 8.041540859145335e-02
-9.75415 8.084424020856133e-02
-9.73994 8.129268157474447e-02
-9.72573 8.176048416564054e-02
-9.71151 8.224713679378980e-02
-9.69730 8.275200130761097e-02
-9.68308 8.327445235558771e-02
-9.66887 8.381400542877523e-02
-9.65465 8.437041941863971e-02
-9.64044 8.494376342448903e-02
-9.62623 8.553444201632576e-02
-9.61201 8.614317802627725e-02
-9.59780 8.677095666588304e-02
-9.58358 8.741893896652700e-02
-9.56937 8.808835605703925e-02
-9.55516 8.878039863154899e-02
-9.54094 8.949611807304297e-02
-9.52673 9.023635664312407e-02
-9.51251 9.100172283632861e-02
-9.49830 9.179262288164645e-02
-9.48408 9.260934953300705e-02
-9.46987 9.345221656516207e-02
-9.45566 9.432171883668881e-02
-9.44144 9.521870601042257e-02
-9.42723 9.614459522896805e-02
-9.41301 9.710171003040040e-02
-9.39880 9.809387630957328e-02
-9.38458 9.912733882446349e-02
-9.37037 1.002117820298535e-01
-9.35616 1.013607649806118e-01
-9.34194 1.025905783868461e-01
-9.32773 1.039173827479553e-01
-9.31351 1.053559545493906e-01
-9.29930 1.069291952297796e-01
-9.28509 1.086973822136981e-01
-9.27087 1.107910366249928e-01
-9.25666 1.133824508058873e-01
-9.24244 1.165368884112595e-01
-9.22823 1.200361518615763e-01
-9.21401 1.234113129838851e-01
-9.19980 1.262176365307726e-01
-9.18559 1.282068613037902e-01
-9.17137 1.292073751559121e-01
-9.15716 1.290650680482983e-01
-9.14294 1.278791579499826e-01
-9.12873 1.261362456446287e-01
-9.11451 1.244242993694712e-01
-9.10030 1.230552946760574e-01
-9.08609 1.220031033027237e-01
-9.07187 1.210972585649110e-01
-9.05766 1.202009787439229e-01
-9.04344 1.192626538097299e-01
-9.02923 1.182894407484714e-01
-9.01502 1.173073613509931e-01
-9.00080 1.163348561406583e-01
-8.98659 1.153737143296999e-01
-8.97237 1.144135014495929e-01
-8.95816 1.134424162509175e-01
-8.94394 1.124569731694569e-01
-8.92973 1.114654988912538e-01
-8.91552 1.104847303861747e-01
-8.90130 1.095324068458222e-01
-8.88709 1.086200738793004e-01
-8.87287 1.077493087029046e-01
-8.85866 1.069123318525532e-01
-8.84444 1.060958747556359e-01
-8.83023 1.052861205072092e-01
-8.81602 1.044726677184449e-01
-8.80180 1.036503634103399e-01
-8.78759 1.028189189987849e-01
-8.77337 1.019810139368834e-01
-8.75916 1.011399173469323e-01
-8.74494 1.002975567289558e-01
-8.73073 9.945359445716496e-02
-8.71652 9.860562330585011e-02
-8.70230 9.775021327748119e-02
-8.68809 9.688432392165340e-02
-8.67387 9.600656445735062e-02
-8.65966 9.511790892996057e-02
-8.64545 9.422169039736517e-02
-8.63123 9.332292977898637e-02
-8.61702 9.242723496969932e-02
-8.60280 9.153959391216278e-02
-8.58859 9.066337365036294e-02
-8.57437 8.979974630864261e-02
-8.56016 8.894762993558336e-02
-8.54595 8.810409832215652e-02
-8.53173 8.726511245729346e-02
-8.51752 8.642637576950395e-02
-8.50330 8.558411824222238e-02
-8.48909 8.473566036348086e-02
-8.47487 8.387967851399923e-02
-8.46066 8.301616882873425e-02
-8.44645 8.214616975363118e-02
-8.43223 8.127134333814318e-02
-8.41802 8.039352756558246e-02
-8.40380 7.951435888881472e-02
-8.38959 7.863503245713507e-02
-8.37538 7.775622664945149e-02
-8.36116 7.687817813487381e-02
-8.34695 7.600086188504315e-02
-8.33273 7.512421267116652e-02
-8.31852 7.424832251111886e-02
-8.30430 7.337356091459488e-02
-8.29009 7.250058760042705e-02
-8.27588 7.163025502557469e-02
-8.26166 7.076342456052984e-02
-8.24745 6.990074018824445e-02
-8.23323 6.904241352623762e-02
-8.21902 6.818807224851574e-02
-8.20480 6.733671134381956e-02
-8.19059 6.648676579644199e-02
-8.17638 6.563629831858006e-02
-8.16216 6.478327143008972e-02
-8.14795 6.392585401404859e-02
-8.13373 6.306270208733047e-02
-8.11952 6.219315404224682e-02
-8.10531 6.131729237580336e-02
-8.09109 6.043584544541718e-02
-8.07688 5.954993100181225e-02
-8.06266 5.866067391811602e-02
-8.04845 5.776875880763435e-02
-8.03423 5.687399919209621e-02
-8.02002 5.597501408800052e-02
-8.00581 5.506909676516093e-02
-7.99159 5.415233683890886e-02
-7.97738 5.322001571921543e-02
-7.96316 5.226723980889390e-02
-7.94895 5.128971313086757e-02
-7.93473 5.028449394493680e-02
-7.92052 4.925054588347967e-02
-7.90631 4.818890262755719e-02
-7.89209 4.710233175466762e-02
-7.87788 4.599451214509071e-02
-7.86366 4.486891532695220e-02
-7.84945 4.372776579512935e-02
-7.83524 4.257158488055232e-02
-7.82102 4.139981008635698e-02
-7.80681 4.021272912440502e-02
-7.79259 3.901441152806746e-02
-7.77838 3.781553073866925e-02
-7.76416 3.663427509761740e-02
-7.74995 3.549355358842385e-02
-7.73574 3.441402396471642e-02
-7.72152 3.340515759774740e-02
-7.70731 3.245957592485878e-02
-7.69309 3.155711209197029e-02
-7.67888 3.068178222942904e-02
-7.66466 2.984519100764760e-02
-7.65045 2.909630719895293e-02
-7.63624 2.849267400336034e-02
-7.62202 2.803498330293335e-02
-7.60781 2.764021849077578e-02
-7.59359 2.727409129495065e-02
-7.57938 2.707355649884553e-02
-7.56517 2.682789928025257e-02
-7.55095 2.545530238410369e-02
-7.53674 2.247412831549734e-02
-7.52252 1.928726384781470e-02
-7.50831 1.733120632484988e-02
-7.49409 1.663351423409895e-02
-7.47988 1.660609132639055e-02
-7.46567 1.678177613279351e-02
-7.45145 1.690933672191079e-02
-7.43724 1.693712854025490e-02
-7.42302 1.695614205321908e-02
-7.40881 1.707931709832907e-02
-7.39459 1.734695858712906e-02
-7.38038 1.772271786977131e-02
-7.36617 1.814873735185884e-02
-7.35195 1.859343207024290e-02
-7.33774 1.906096916517109e-02
-7.32352 1.957365340298520e-02
-7.30931 2.015053627312371e-02
-7.29510 2.079617746464400e-02
-7.28088 2.150124598154829e-02
-7.26667 2.224994381889718e-02
-7.25245 2.302812238942669e-02
-7.23824 2.382806571759608e-02
-7.22402 2.464891617177405e-02
-7.20981 2.549399513927245e-02
-7.19560 2.636715189025677e-02
-7.18138 2.726994346183846e-02
-7.16717 2.820051877612485e-02
-7.15295 2.915414612666832e-02
-7.13874 3.012473081334585e-02
-7.12452 3.110650133050934e-02
-7.11031 3.209520690299644e-02
-7.09610 3.308850447996736e-02
-7.08188 3.408556254525220e-02
-7.06767 3.508616246364239e-02
-7.05345 3.608968712173709e-02
-7.03924 3.709435759709397e-02
-7.02503 3.809695342674221e-02
-7.01081 3.909308607733375e-02
-6.99660 4.007793889475888e-02
-6.98238 4.104727497503836e-02
-6.96817 4.199846315674813e-02
-6.95395 4.293128138820795e-02
-6.93974 4.384831443289596e-02
-6.92553 4.475485177254729e-02
-6.91131 4.565829281595097e-02
-6.89710 4.656716277488365e-02
-6.88288 4.748991932395603e-02
-6.86867 4.843377626312623e-02
-6.85445 4.940377847852088e-02
-6.84024 5.040232986417630e-02
-6.82603 5.142930579650389e-02
-6.81181 5.248278422291860e-02
-6.79760 5.356032000052525e-02
-6.78338 5.466058310877608e-02
-6.76917 5.578509626965603e-02
-6.75495 5.693974767062396e-02
-6.74074 5.813572393363767e-02
-6.72653 5.938952739908258e-02
-6.71231 6.072187803574686e-02
-6.69810 6.215569957145745e-02
-6.68388 6.371425993689701e-02
-6.66967 6.542198632694665e-02
-6.65546 6.731205800634850e-02
-6.64124 6.944486548262720e-02
-6.62703 7.193669302176255e-02
-6.61281 7.498772109834596e-02
-6.59860 7.890252264131757e-02
-6.58438 8.423027787463815e-02
-6.57017 9.203979150166575e-02
-6.55596 1.025124839062166e-01
-6.54174 1.119835673781468e-01
-6.52753 1.201557513610649e-01
-6.51331 1.317920813784528e-01
-6.49910 1.404013668434153e-01
-6.48488 1.498409723300480e-01
-6.47067 1.640545271651053e-01
-6.45646 1.359690707867167e-01
-6.44224 1.223114515054864e-01
-6.42803 1.148200242679192e-01
-6.41381 1.080230689411214e-01
-6.39960 1.022831319782236e-01
-6.38539 9.767838913606380e-02
-6.37117 9.399047310784517e-02
-6.35696 9.092116124886297e-02
-6.34274 8.823472442140090e-02
-6.32853 8.579443933416567e-02
-6.31431 8.353946399251511e-02
-6.30010 8.144806308726016e-02
-6.28589 7.951048158859531e-02
-6.27167 7.771594625288231e-02
-6.25746 7.604974673944030e-02
-6.24324 7.449502547362570e-02
-6.22903 7.303551561726447e-02
-6.21481 7.165744517712608e-02
-6.20060 7.035020855275581e-02
-6.18639 6.910608954660891e-02
-6.17217 6.791950618934600e-02
-6.15796 6.678617494022364e-02
-6.14374 6.570243256956765e-02
-6.12953 6.466480460370171e-02
-6.11532 6.366980790457594e-02
-6.10110 6.271392518125753e-02
-6.08689 6.179367830321757e-02
-6.07267 6.090573872534475e-02
-6.05846 6.004703331212941e-02
-6.04424 5.921482340871052e-02
-6.03003 5.840674982966888e-02
-6.01582 5.762084553798288e-02
-6.00160 5.685552205579447e-02
-5.98739 5.610953667551639e-02
-5.97317 5.538194686745442e-02
-5.95896 5.467205704622934e-02
-5.94474 5.397936171555213e-02
-5.93053 5.330348820670562e-02
-5.91632 5.264414174424261e-02
-5.90210 5.200105527308484e-02
-5.88789 5.137394620610460e-02
-5.87367 5.076248188502222e-02
-5.85946 5.016625504036654e-02
-5.84525 4.958476990008379e-02
-5.83103 4.901743888580459e-02
-5.81682 4.846358912562355e-02
-5.80260 4.792247737748303e-02
-5.78839 4.739331145884883e-02
-5.77417 4.687527595579648e-02
-5.75996 4.636755985404924e-02
-5.74575 4.586938379094269e-02
-5.73153 4.538002484904835e-02
-5.71732 4.489883716612466e-02
-5.70310 4.442526708265614e-02
-5.68889 4.395886204595460e-02
-5.67467 4.349927299853275e-02
-5.66046 4.304625046210445e-02
-5.64625 4.259963495673369e-02
-5.63203 4.215934274380445e-02
-5.61782 4.172534813549682e-02
-5.60360 4.129766376376490e-02
-5.58939 4.087632024718237e-02
-5.57518 4.046134663993016e-02
-5.56096 4.005275290496930e-02
-5.54675 3.965051543907177e-02
-5.53253 3.925456641020926e-02
-5.51832 3.886478736904864e-02
-5.50410 3.848100728760147e-02
-5.48989 3.810300488006554e-02
-5.47568 3.773051479198419e-02
-5.46146 3.736323701921564e-02
-5.44725 3.700084874906459e-02
-5.43303 3.664301770914468e-02
-5.41882 3.628941606751083e-02
-5.40460 3.593973394846991e-02
-5.39039 3.559369170658887e-02
-5.37618 3.525105022796931e-02
-5.36196 3.491161869170224e-02
-5.34775 3.457525941294413e-02
-5.33353 3.424188958907943e-02
-5.31932 3.391147996904250e-02
-5.30511 3.358405065118383e-02
-5.29089 3.325966437686626e-02
-5.27668 3.293841781719261e-02
-5.26246 3.262043144326995e-02
-5.24825 3.230583862317577e-02
-5.23403 3.199477460083389e-02
-5.21982 3.168736598526428e-02
-5.20561 3.138372131716646e-02
-5.19139 3.108392318927589e-02
-5.17718 3.078802228439751e-02
-5.16296 3.049603356824038e-02
-5.14875 3.020793474119937e-02
-5.13453 2.992366692190418e-02
-5.12032 2.964313741291637e-02
-5.10611 2.936622429165875e-02
-5.09189 2.909278248251761e-02
-5.07768 2.882265090263401e-02
-5.06346 2.855566023623675e-02
-5.04925 2.829164088096520e-02
-5.03504 2.803043062353363e-02
-5.02082 2.777188163903633e-02
-5.00661 2.751586646483482e-02
-4.99239 2.726228267211055e-02
-4.97818 2.701105604105768e-02
-4.96396 2.676214213431491e-02
-4.94975 2.651552625258621e-02
-4.93554 2.627122184175805e-02
-4.92132 2.602926749796435e-02
-4.90711 2.578972278246068e-02
-4.89289 2.555266310914975e-02
-4.87868 2.531817400237547e-02
-4.86446 2.508634504033385e-02
-4.85025 2.485726380022844e-02
-4.83604 2.463101010606767e-02
-4.82182 2.440765085046061e-02
-4.80761 2.418723562022752e-02
-4.79339 2.396979330487114e-02
-4.77918 2.375532981001309e-02
-4.76496 2.354382693795808e-02
-4.75075 2.333524243773503e-02
-4.73654 2.312951117019964e-02
-4.72232 2.292654728266518e-02
-4.70811 2.272624724421298e-02
-4.69389 2.252849355897144e-02
-4.67968 2.233315895133088e-02
-4.66547 2.214011080480011e-02
-4.65125 2.194921563496539e-02
-4.63704 2.176034338622282e-02
-4.62282 2.157337136059494e-02
-4.60861 2.138818761360956e-02
-4.59439 2.120469368521640e-02
-4.58018 2.102280657115803e-02
-4.56597 2.084245988011472e-02
-4.55175 2.066360416233435e-02
-4.53754 2.048620643445867e-02
-4.52332 2.031024896116540e-02
-4.50911 2.013572738560206e-02
-4.49489 1.996264832623209e-02
-4.48068 1.979102657681373e-02
-4.46647 1.962088205831290e-02
-4.45225 1.945223667648735e-02
-4.43804 1.928511123690081e-02
-4.42382 1.911952256078350e-02
-4.40961 1.895548093130454e-02
-4.39540 1.879298798158235e-02
-4.38118 1.863203511449214e-02
-4.36697 1.847260252160916e-02
-4.35275 1.831465884624627e-02
-4.33854 1.815816151554149e-02
-4.32432 1.800305775129226e-02
-4.31011 1.784928626157680e-02
-4.29590 1.769677961875735e-02
-4.28168 1.754546734896370e-02
-4.26747 1.739527979996874e-02
-4.25325 1.724615292714174e-02
-4.23904 1.709803425315542e-02
-4.22482 1.695089043606488e-02
-4.21061 1.680471716136845e-02
-4.19640 1.665955254608147e-02
-4.18218 1.651549610803348e-02
-4.16797 1.637273700002460e-02
-4.15375 1.623159817688191e-02
-4.13954 1.609260767616956e-02
-4.12533 1.595661282069515e-02
-4.11111 1.582495280114835e-02
-4.09690 1.569969030994845e-02
-4.08268 1.558386341611366e-02
-4.06847 1.548165038702242e-02
-4.05425 1.539829308647673e-02
-4.04004 1.534122963582203e-02
-4.02583 1.533365687922918e-02
-4.01161 1.538970163840163e-02
-3.99740 1.540481088220995e-02
-3.98318 1.539180982530034e-02
-3.96897 1.542095106015347e-02
-3.95475 1.545742344045741e-02
-3.94054 1.548611955146859e-02
-3.92633 1.551387185390208e-02
-3.91211 1.555152672910257e-02
-3.89790 1.560576981954113e-02
-3.88368 1.567751500276303e-02
-3.86947 1.576518387635436e-02
-3.85526 1.586817798551797e-02
-3.84104 1.598815465424974e-02
-3.82683 1.612904425924382e-02
-3.81261 1.629713777794937e-02
-3.79840 1.649934999053477e-02
-3.78418 1.673452146956924e-02
-3.76997 1.697892778004940e-02
-3.75576 1.718399089507918e-02
-3.74154 1.730399677315902e-02
-3.72733 1.733437380127682e-02
-3.71311 1.731556254512391e-02
-3.69890 1.729618112333609e-02
-3.68468 1.729857227098317e-02
-3.67047 1.731694029469610e-02
-3.65626 1.733550027873309e-02
-3.64204 1.734299897151554e-02
-3.62783 1.733627252895070e-02
-3.61361 1.731770753844599e-02
-3.59940 1.729187421818518e-02
-3.58519 1.726326999677906e-02
-3.57097 1.723520733002288e-02
-3.55676 1.720948033433706e-02
-3.54254 1.718650913312212e-02
-3.52833 1.716573386745449e-02
-3.51411 1.714607603139847e-02
-3.49990 1.712633795418401e-02
-3.48569 1.710547434474940e-02
-3.47147 1.708272613676470e-02
-3.45726 1.705764337515601e-02
-3.44304 1.703003856527732e-02
-3.42883 1.699991048250963e-02
-3.41461 1.696736856824482e-02
-3.40040 1.693257568745163e-02
-3.38619 1.689571566594925e-02
-3.37197 1.685698331013683e-02
-3.35776 1.681658918141004e-02
-3.34354 1.677476931265031e-02
-3.32933 1.673179090294198e-02
-3.31512 1.668794798231990e-02
-3.30090 1.664354501571225e-02
-3.28669 1.659887031381315e-02
-3.27247 1.655416406117287e-02
-3.25826 1.650958725569492e-02
-3.24404 1.646519778329428e-02
-3.22983 1.642093846937710e-02
-3.21562 1.637663971079012e-02
-3.20140 1.633203673088577e-02
-3.18719 1.628679911280795e-02
-3.17297 1.624056843579626e-02
-3.15876 1.619299879958964e-02
-3.14454 1.614379484962923e-02
-3.13033 1.609274254705588e-02
-3.11612 1.603972918896821e-02
-3.10190 1.598475083158956e-02
-3.08769 1.592790702890993e-02
-3.07347 1.586938441216734e-02
-3.05926 1.580943189067031e-02
-3.04505 1.574833101694992e-02
-3.03083 1.568636528234038e-02
-3.01662 1.562379183192112e-02
-3.00240 1.556081841872780e-02
-2.98819 1.549758750704786e-02
-2.97397 1.543416844495551e-02
-2.95976 1.537055769913779e-02
-2.94555 1.530668638058196e-02
-2.93133 1.524243373451965e-02
-2.91712 1.517764491721693e-02
-2.90290 1.511215119331505e-02
-2.88869 1.504579060395088e-02
-2.87447 1.497842713470248e-02
-2.86026 1.490996644730840e-02
-2.84605 1.484036637051794e-02
-2.83183 1.476964064729567e-02
-2.81762 1.469785497826397e-02
-2.80340 1.462511520402318e-02
-2.78919 1.455154847180275e-02
-2.77497 1.447727931439998e-02
-2.76076 1.440240361197766e-02
-2.74655 1.432696433488512e-02
-2.73233 1.425093369164332e-02
-2.71812 1.417420656890094e-02
-2.70390 1.409660939375817e-02
-2.68969 1.401792610462108e-02
-2.67548 1.393793858851411e-02
-2.66126 1.385647368373173e-02
-2.64705 1.377344486352495e-02
-2.63283 1.368887651727345e-02
-2.61862 1.360290342552621e-02
-2.60440 1.351574604488395e-02
-2.59019 1.342767027377065e-02
-2.57598 1.333894513989172e-02
-2.56176 1.324981008505349e-02
-2.54755 1.316045639161612e-02
-2.53333 1.307102182601225e-02
-2.51912 1.298159464334915e-02
-2.50490 1.289222116854150e-02
-2.49069 1.280291299292140e-02
-2.47648 1.271365321276095e-02
-2.46226 1.262440254773055e-02
-2.44805 1.253510606071237e-02
-2.43383 1.244570063218062e-02
-2.41962 1.235612272018132e-02
-2.40541 1.226631557798080e-02
-2.39119 1.217623515448879e-02
-2.37698 1.208585422197273e-02
-2.36276 1.199516461079624e-02
-2.34855 1.190417762658752e-02
-2.33433 1.181292277336780e-02
-2.32012 1.172144489411356e-02
-2.30591 1.162979986868167e-02
-2.29169 1.153804913102889e-02
-2.27748 1.144625346888867e-02
-2.26326 1.135446678276557e-02
-2.24905 1.126273062054436e-02
-2.23483 1.117107029747644e-02
-2.22062 1.107949322864195e-02
-2.20641 1.098798976480905e-02
-2.19219 1.089653640209830e-02
-2.17798 1.080510082624582e-02
-2.16376 1.071364794728171e-02
-2.14955 1.062214594653813e-02
-2.13534 1.053057141777015e-02
-2.12112 1.043891291368457e-02
-2.10691 1.034717254719590e-02
-2.09269 1.025536566355546e-02
-2.07848 1.016351891770562e-02
-2.06426 1.007166730311480e-02
-2.05005 9.979850756183200e-03
-2.03584 9.888110907955749e-03
-2.02162 9.796488402293146e-03
-2.00741 9.705020992713807e-03
-1.99319 9.613742418933223e-03
-1.97898 9.522681892534633e-03
-1.96476 9.431863919237950e-03
-1.95055 9.341308165356631e-03
-1.93634 9.251029133059743e-03
-1.92212 9.161035523130247e-03
-1.90791 9.071329305574373e-03
-1.89369 8.981904654754709e-03
-1.87948 8.892747006464979e-03
-1.86527 8.803832537348743e-03
-1.85105 8.715128341911401e-03
-1.83684 8.626593492166703e-03
-1.82262 8.538181025557598e-03
-1.80841 8.449840743898212e-03
-1.79419 8.361522550537383e-03
-1.77998 8.273179935054557e-03
-1.76577 8.184773158707172e-03
-1.75155 8.096271712970138e-03
-1.73734 8.007655717859627e-03
-1.72312 7.918916082679675e-03
-1.70891 7.830053444249483e-03
-1.69469 7.741076094179454e-03
-1.68048 7.651997273222442e-03
-1.66627 7.562832317067746e-03
-1.65205 7.473596163383041e-03
-1.63784 7.384301666647665e-03
-1.62362 7.294959022238021e-03
-1.60941 7.205576395258613e-03
-1.59520 7.116161614977297e-03
-1.58098 7.026724571360824e-03
-1.56677 6.937279776074842e-03
-1.55255 6.847848461281321e-03
-1.53834 6.758459609643587e-03
-1.52412 6.669149446581184e-03
-1.50991 6.579959170849086e-03
-1.49570 6.490931022385708e-03
-1.48148 6.402103139901087e-03
-1.46727 6.313503984685450e-03
-1.45305 6.225147335735783e-03
-1.43884 6.137028932399412e-03
-1.42462 6.049125706696396e-03
-1.41041 5.961398186378154e-03
-1.39620 5.873796076509902e-03
-1.38198 5.786266304331324e-03
-1.36777 5.698762058084154e-03
-1.35355 5.611250742652258e-03
-1.33934 5.523718534512160e-03
-1.32513 5.436169565568235e-03
-1.31091 5.348618832816312e-03
-1.29670 5.261079649676642e-03
-1.28248 5.173548459597561e-03
-1.26827 5.085991465354548e-03
-1.25405 4.998338015115408e-03
-1.23984 4.910484483041166e-03
-1.22563 4.822309546160071e-03
-1.21141 4.733698130543740e-03
-1.19720 4.644568268663192e-03
-1.18298 4.554893969269266e-03
-1.16877 4.464718429443477e-03
-1.15455 4.374154941115936e-03
-1.14034 4.283376278907121e-03
-1.12613 4.192595471314112e-03
-1.11191 4.102042647344902e-03
-1.09770 4.011946076610177e-03
-1.08348 3.922520531883920e-03
-1.06927 3.833957571856481e-03
-1.05506 3.746419703788326e-03
-1.04084 3.660041007003578e-03
-1.02663 3.574929139307129e-03
-1.01241 3.491166460913945e-03
-0.99820 3.408811114001192e-03
-0.98398 3.327898355513186e-03
-0.96977 3.248442190626536e-03
-0.95556 3.170437535315070e-03
-0.94134 3.093863109028368e-03
-0.92713 3.018685023250561e-03
-0.91291 2.944860790072583e-03
-0.89870 2.872343352146753e-03
-0.88448 2.801084740541789e-03
-0.87027 2.731039050906710e-03
-0.85606 2.662164540787972e-03
-0.84184 2.594424766110880e-03
-0.82763 2.527788786461633e-03
-0.81341 2.462230573899844e-03
-0.79920 2.397727849062498e-03
-0.78498 2.334260625791839e-03
-0.77077 2.271809756372950e-03
-0.75656 2.210355726361397e-03
-0.74234 2.149877856299410e-03
-0.72813 2.090353946633585e-03
-0.71391 2.031760281856469e-03
-0.69970 1.974071824009984e-03
-0.68549 1.917262402148849e-03
-0.67127 1.861304755702557e-03
-0.65706 1.806170406337828e-03
-0.64284 1.751829482464595e-03
-0.62863 1.698250754371561e-03
-0.61441 1.645402204845222e-03
-0.60020 1.593252422590044e-03
-0.58599 1.541772954545910e-03
-0.57177 1.490941513973263e-03
-0.55756 1.440745670761642e-03
-0.54334 1.391186422507754e-03
-0.52913 1.342280929172461e-03
-0.51491 1.294063734839170e-03
-0.50070 1.246586001131257e-03
-0.48649 1.199912598144213e-03
-0.47227 1.154117266079786e-03
-0.45806 1.109276386351748e-03
-0.44384 1.065462108840158e-03
-0.42963 1.022735630403342e-03
-0.41542 9.811413128975291e-04
-0.40120 9.407021143439667e-04
-0.38699 9.014165589038733e-04
-0.37277 8.632572661194596e-04
-0.35856 8.261709500549252e-04
-0.34434 7.900797966327257e-04
-0.33013 7.548842014575465e-04
-0.31592 7.204669387532412e-04
-0.30170 6.866988651524284e-04
-0.28749 6.534461889522653e-04
-0.27327 6.205791434230647e-04
-0.25906 5.879816242568171e-04
-0.24484 5.555610551938488e-04
-0.23063 5.232575168125494e-04
-0.21642 4.910510855500726e-04
-0.20220 4.589664243515028e-04
-0.18799 4.270739388278003e-04
-0.17377 3.954872157277390e-04
-0.15956 3.643569166541754e-04
-0.14535 3.338617239443509e-04
-0.13113 3.041972555716934e-04
-0.11692 2.755640382244199e-04
-0.10270 2.481556420160790e-04
-0.08849 2.221479555225445e-04
-0.07427 1.976903553131137e-04
-0.06006 1.748992489694961e-04
-0.04585 1.538542132630983e-04
-0.03163 1.345970660889706e-04
-0.01742 1.171341186908418e-04
-0.00320 1.014334121504878e-04
0.01101 8.742575903771813e-05
0.02523 7.503082934472635e-05
0.03944 6.414901278845532e-05
0.05365 5.465975796907332e-05
0.06787 4.643609668639435e-05
0.08208 3.934936598535897e-05
0.09630 3.327271065953953e-05
0.11051 2.808447907496662e-05
0.12472 2.367078276286155e-05
0.13894 1.992719042822687e-05
0.15315 1.675965346867958e-05
0.16737 1.408479550441787e-05
0.18158 1.182971302589857e-05
0.19580 9.931433921586287e-06
0.21001 8.336169579568898e-06
0.22422 6.998478613272795e-06
0.23844 5.880440042330714e-06
0.25265 4.950914510736383e-06
0.26687 4.184956643936048e-06
0.28108 3.563431904022902e-06
0.29530 3.072888600376491e-06
0.30951 2.705741021485970e-06
0.32372 2.460834041811059e-06
0.33794 2.344484693122076e-06
0.35215 2.372134905911805e-06
0.36637 2.570806576193764e-06
0.38058 2.982632494374340e-06
0.39479 3.669854879373097e-06
0.40901 4.721851017260055e-06
0.42322 6.264978488348593e-06
0.43744 8.476343501599892e-06
0.45165 1.160298347133768e-05
0.46587 1.598838121173408e-05
0.48008 2.210858334673532e-05
0.49429 3.062025950436347e-05
0.50851 4.242248037625015e-05
0.52272 5.873250788757454e-05
0.53694 8.117360338402787e-05
0.55115 1.118708732963169e-04
0.56537 1.535513448972422e-04
0.57958 2.096465903539186e-04
0.59379 2.843939654315463e-04
0.60801 3.829263960786240e-04
0.62222 5.114031213710199e-04
0.63644 6.778472218749715e-04
0.65065 1.695512645560840e-03
0.66486 1.511141921009552e-03
0.67908 1.518097029239918e-03
0.69329 1.930755549261874e-03
0.70751 2.366171124449862e-03
0.72172 2.779847189758474e-03
0.73594 3.167607291722383e-03
0.75015 3.565374390369227e-03
0.76436 3.995757816389074e-03
0.77858 4.433831623643607e-03
0.79279 4.836567526206822e-03
0.80701 5.191233540677948e-03
0.82122 5.520484351854872e-03
0.83544 5.844198423356673e-03
0.84965 6.152281710212356e-03
0.86386 6.424734428884827e-03
0.87808 6.668538300136379e-03
0.89229 6.917515012760761e-03
0.90651 7.196970328753947e-03
0.92072 7.502544536978412e-03
0.93493 7.814972536853619e-03
0.94915 8.125089642455745e-03
0.96336 8.441418005483923e-03
0.97758 8.779766984158442e-03
0.99179 9.150119877160941e-03
1.00601 9.552096664424818e-03
1.02022 9.979387339590615e-03
1.03443 1.042715092096749e-02
1.04865 1.089776617211068e-02
1.06286 1.142742435104423e-02
1.07708 1.224242090939096e-02
1.09129 1.371688890058591e-02
1.10551 1.559200756276629e-02
1.11972 1.681645203254281e-02
1.13393 1.687976304482580e-02
1.14815 1.723347403829422e-02
1.16236 1.802182636953919e-02
1.17658 1.849495955227237e-02
1.19079 1.875251175950741e-02
1.20501 1.913622016202853e-02
1.21922 1.968050401864974e-02
1.23343 2.025841284529080e-02
1.24765 2.080754537391946e-02
1.26186 2.134943480246284e-02
1.27608 2.192263839685764e-02
1.29029 2.254066786015498e-02
1.30450 2.318854419255449e-02
1.31872 2.383855421634759e-02
1.33293 2.446736147861626e-02
1.34715 2.506527658409390e-02
1.36136 2.563630974669722e-02
1.37558 2.619222313241059e-02
1.38979 2.674501875095070e-02
1.40400 2.730136799040283e-02
1.41822 2.786071924551658e-02
1.43243 2.841702490288497e-02
1.44665 2.896268827738543e-02
1.46086 2.949274694378557e-02
1.47508 3.000754786396853e-02
1.48929 3.051301512046197e-02
1.50350 3.101866017499226e-02
1.51772 3.153432588154155e-02
1.53193 3.206701771706100e-02
1.54615 3.261899681734266e-02
1.56036 3.318772475296496e-02
1.57457 3.376751911260022e-02
1.58879 3.435218099121073e-02
1.60300 3.493758922331898e-02
1.61722 3.552337846541933e-02
1.63143 3.611323871579600e-02
1.64565 3.671390435207697e-02
1.65986 3.733333687109393e-02
1.67407 3.797880688321114e-02
1.68829 3.865551666770853e-02
1.70250 3.936614698318688e-02
1.71672 4.011138681981768e-02
1.73093 4.089122901457512e-02
1.74515 4.170665113064873e-02
1.75936 4.256125102496043e-02
1.77357 4.346243377778732e-02
1.78779 4.442181447927007e-02
1.80200 4.545460045637321e-02
1.81622 4.657786496691178e-02
1.83043 4.780783627267420e-02
1.84464 4.915657663019887e-02
1.85886 5.062866853725800e-02
1.87307 5.221874124936553e-02
1.88729 5.391073714525477e-02
1.90150 5.567916100516489e-02
1.91572 5.749054375728257e-02
1.92993 5.930137181927496e-02
1.94414 6.105083528931048e-02
1.95836 6.265358680960202e-02
1.97257 6.400249337164199e-02
1.98679 6.499454022448668e-02
2.00100 6.559630995129080e-02
2.01522 6.591943822306942e-02
2.02943 6.618841989163207e-02
2.04364 6.653927887395356e-02
2.05786 6.672737511535289e-02
2.07207 6.631331877762753e-02
2.08629 6.551311561783585e-02
2.10050 6.487029094479924e-02
2.11471 6.448729819086353e-02
2.12893 6.422295969174233e-02
2.14314 6.398582696407278e-02
2.15736 6.378476411103105e-02
2.17157 6.367251065681200e-02
2.18579 6.370976705759648e-02
2.20000 6.395956823914271e-02
