-12.00000 8.45883e-37
-11.98498 5.63380e-36
-11.96997 3.73358e-35
-11.95495 2.46175e-34
-11.93994 1.61499e-33
-11.92492 1.05434e-32
-11.90991 6.85155e-32
-11.89489 4.43351e-31
-11.87988 2.85771e-30
-11.86486 1.83544e-29
-11.84985 1.17491e-28
-11.83483 7.49605e-28
-11.81982 4.76590e-27
-11.80480 3.01838e-26
-11.78979 1.90314e-25
-11.77477 1.19383e-24
-11.75976 7.44519e-24
-11.74474 4.61311e-23
-11.72973 2.83838e-22
-11.71471 1.73360e-21
-11.69970 1.05085e-20
-11.68468 6.32109e-20
-11.66967 3.77292e-19
-11.65465 2.23442e-18
-11.63964 1.31289e-17
-11.62462 7.65362e-17
-11.60961 4.42765e-16
-11.59459 2.54312e-15
-11.57958 1.45148e-14
-11.56456 8.24037e-14
-11.54955 4.65698e-13
-11.53453 2.61949e-12
-11.51952 1.46399e-11
-11.50450 8.10226e-11
-11.48949 4.42322e-10
-11.47447 2.37723e-09
-11.45946 1.26094e-08
-11.44444 6.64939e-08
-11.42943 3.51185e-07
-11.41441 1.85858e-06
-11.39940 9.84937e-06
-11.38438 5.33159e-05
-11.36937 2.97998e-04
-11.35435 1.54777e-03
-11.33934 6.21044e-03
-11.32432 1.70265e-02
-11.30931 3.12748e-02
-11.29429 4.17607e-02
-11.27928 4.77944e-02
-11.26426 5.37062e-02
-11.24925 5.99919e-02
-11.23423 6.49683e-02
-11.21922 6.86173e-02
-11.20420 7.20198e-02
-11.18919 7.57960e-02
-11.17417 7.97808e-02
-11.15916 8.35393e-02
-11.14414 8.68685e-02
-11.12913 8.98946e-02
-11.11411 9.28704e-02
-11.09910 9.59535e-02
-11.08408 9.91323e-02
-11.06907 1.02288e-01
-11.05405 1.05299e-01
-11.03904 1.08111e-01
-11.02402 1.10751e-01
-11.00901 1.13296e-01
-10.99399 1.15831e-01
-10.97898 1.18407e-01
-10.96396 1.21026e-01
-10.94895 1.23655e-01
-10.93393 1.26244e-01
-10.91892 1.28749e-01
-10.90390 1.31157e-01
-10.88889 1.33482e-01
-10.87387 1.35756e-01
-10.85886 1.38021e-01
-10.84384 1.40307e-01
-10.82883 1.42629e-01
-10.81381 1.44981e-01
-10.79880 1.47340e-01
-10.78378 1.49680e-01
-10.76877 1.51975e-01
-10.75375 1.54211e-01
-10.73874 1.56385e-01
-10.72372 1.58508e-01
-10.70871 1.60599e-01
-10.69369 1.62678e-01
-10.67868 1.64763e-01
-10.66366 1.66862e-01
-10.64865 1.68978e-01
-10.63363 1.71101e-01
-10.61862 1.73220e-01
-10.60360 1.75320e-01
-10.58859 1.77390e-01
-10.57357 1.79422e-01
-10.55856 1.81417e-01
-10.54354 1.83382e-01
-10.52853 1.85330e-01
-10.51351 1.87273e-01
-10.49850 1.89226e-01
-10.48348 1.91198e-01
-10.46847 1.93194e-01
-10.45345 1.95213e-01
-10.43844 1.97248e-01
-10.42342 1.99289e-01
-10.40841 2.01324e-01
-10.39339 2.03342e-01
-10.37838 2.05335e-01
-10.36336 2.07298e-01
-10.34835 2.09232e-01
-10.33333 2.11142e-01
-10.31832 2.13036e-01
-10.30330 2.14923e-01
-10.28829 2.16814e-01
-10.27327 2.18717e-01
-10.25826 2.20635e-01
-10.24324 2.22571e-01
-10.22823 2.24522e-01
-10.21321 2.26484e-01
-10.19820 2.28449e-01
-10.18318 2.30410e-01
-10.16817 2.32360e-01
-10.15315 2.34296e-01
-10.13814 2.36215e-01
-10.12312 2.38118e-01
-10.10811 2.40009e-01
-10.09309 2.41894e-01
-10.07808 2.43782e-01
-10.06306 2.45680e-01
-10.04805 2.47594e-01
-10.03303 2.49532e-01
-10.01802 2.51496e-01
-10.00300 2.53487e-01
-9.98799 2.55505e-01
-9.97297 2.57545e-01
-9.95796 2.59604e-01
-9.94294 2.61678e-01
-9.92793 2.63761e-01
-9.91291 2.65853e-01
-9.89790 2.67952e-01
-9.88288 2.70058e-01
-9.86787 2.72177e-01
-9.85285 2.74313e-01
-9.83784 2.76472e-01
-9.82282 2.78661e-01
-9.80781 2.80887e-01
-9.79279 2.83155e-01
-9.77778 2.85470e-01
-9.76276 2.87834e-01
-9.74775 2.90247e-01
-9.73273 2.92708e-01
-9.71772 2.95215e-01
-9.70270 2.97764e-01
-9.68769 3.00352e-01
-9.67267 3.02976e-01
-9.65766 3.05635e-01
-9.64264 3.08331e-01
-9.62763 3.11065e-01
-9.61261 3.13843e-01
-9.59760 3.16672e-01
-9.58258 3.19560e-01
-9.56757 3.22517e-01
-9.55255 3.25554e-01
-9.53754 3.28680e-01
-9.52252 3.31907e-01
-9.50751 3.35242e-01
-9.49249 3.38695e-01
-9.47748 3.42274e-01
-9.46246 3.45985e-01
-9.44745 3.49836e-01
-9.43243 3.53838e-01
-9.41742 3.57999e-01
-9.40240 3.62334e-01
-9.38739 3.66865e-01
-9.37237 3.71627e-01
-9.35736 3.76669e-01
-9.34234 3.82051e-01
-9.32733 3.87834e-01
-9.31231 3.94076e-01
-9.29730 4.00890e-01
-9.28228 4.08583e-01
-9.26727 4.17763e-01
-9.25225 4.29051e-01
-9.23724 4.42314e-01
-9.22222 4.56172e-01
-9.20721 4.68678e-01
-9.19219 4.78471e-01
-9.17718 4.84817e-01
-9.16216 4.86991e-01
-9.14715 4.84814e-01
-9.13213 4.79693e-01
-9.11712 4.74057e-01
-9.10210 4.69601e-01
-9.08709 4.66511e-01
-9.07207 4.64127e-01
-9.05706 4.61827e-01
-9.04204 4.59347e-01
-9.02703 4.56676e-01
-9.01201 4.53884e-01
-8.99700 4.51010e-01
-8.98198 4.48038e-01
-8.96697 4.44933e-01
-8.95195 4.41677e-01
-8.93694 4.38306e-01
-8.92192 4.34893e-01
-8.90691 4.31524e-01
-8.89189 4.28261e-01
-8.87688 4.25121e-01
-8.86186 4.22080e-01
-8.84685 4.19087e-01
-8.83183 4.16093e-01
-8.81682 4.13066e-01
-8.80180 4.10001e-01
-8.78679 4.06914e-01
-8.77177 4.03832e-01
-8.75676 4.00779e-01
-8.74174 3.97767e-01
-8.72673 3.94790e-01
-8.71171 3.91829e-01
-8.69670 3.88861e-01
-8.68168 3.85863e-01
-8.66667 3.82822e-01
-8.65165 3.79739e-01
-8.63664 3.76626e-01
-8.62162 3.73500e-01
-8.60661 3.70384e-01
-8.59159 3.67294e-01
-8.57658 3.64238e-01
-8.56156 3.61216e-01
-8.54655 3.58217e-01
-8.53153 3.55226e-01
-8.51652 3.52226e-01
-8.50150 3.49201e-01
-8.48649 3.46142e-01
-8.47147 3.43044e-01
-8.45646 3.39908e-01
-8.44144 3.36739e-01
-8.42643 3.33545e-01
-8.41141 3.30331e-01
-8.39640 3.27103e-01
-8.38138 3.23862e-01
-8.36637 3.20607e-01
-8.35135 3.17336e-01
-8.33634 3.14046e-01
-8.32132 3.10736e-01
-8.30631 3.07404e-01
-8.29129 3.04054e-01
-8.27628 3.00689e-01
-8.26126 2.97312e-01
-8.24625 2.93928e-01
-8.23123 2.90537e-01
-8.21622 2.87137e-01
-8.20120 2.83725e-01
-8.18619 2.80292e-01
-8.17117 2.76829e-01
-8.15616 2.73329e-01
-8.14114 2.69783e-01
-8.12613 2.66188e-01
-8.11111 2.62545e-01
-8.09610 2.58856e-01
-8.08108 2.55128e-01
-8.06607 2.51368e-01
-8.05105 2.47579e-01
-8.03604 2.43762e-01
-8.02102 2.39911e-01
-8.00601 2.36011e-01
-7.99099 2.32042e-01
-7.97598 2.27980e-01
-7.96096 2.23798e-01
-7.94595 2.19475e-01
-7.93093 2.14997e-01
-7.91592 2.10361e-01
-7.90090 2.05574e-01
-7.88589 2.00649e-01
-7.87087 1.95605e-01
-7.85586 1.90452e-01
-7.84084 1.85197e-01
-7.82583 1.79840e-01
-7.81081 1.74382e-01
-7.79580 1.68843e-01
-7.78078 1.63274e-01
-7.76577 1.57767e-01
-7.75075 1.52440e-01
-7.73574 1.47402e-01
-7.72072 1.42708e-01
-7.70571 1.38333e-01
-7.69069 1.34193e-01
-7.67568 1.30252e-01
-7.66066 1.26643e-01
-7.64565 1.23686e-01
-7.63063 1.21631e-01
-7.61562 1.20221e-01
-7.60060 1.18756e-01
-7.58559 1.17548e-01
-7.57057 1.18012e-01
-7.55556 1.16376e-01
-7.54054 1.07227e-01
-7.52553 1.12806e-01
-7.51051 1.09780e-01
-7.49550 8.41330e-02
-7.48048 7.87871e-02
-7.46547 8.04684e-02
-7.45045 8.31640e-02
-7.43544 8.57283e-02
-7.42042 8.81435e-02
-7.40541 9.02299e-02
-7.39039 9.15193e-02
-7.37538 9.19114e-02
-7.36036 9.18992e-02
-7.34535 9.20846e-02
-7.33033 9.27865e-02
-7.31532 9.40919e-02
-7.30030 9.60077e-02
-7.28529 9.84991e-02
-7.27027 1.01488e-01
-7.25526 1.04880e-01
-7.24024 1.08596e-01
-7.22523 1.12597e-01
-7.21021 1.16867e-01
-7.19520 1.21401e-01
-7.18018 1.26186e-01
-7.16517 1.31192e-01
-7.15015 1.36377e-01
-7.13514 1.41693e-01
-7.12012 1.47099e-01
-7.10511 1.52564e-01
-7.09009 1.58070e-01
-7.07508 1.63608e-01
-7.06006 1.69170e-01
-7.04505 1.74747e-01
-7.03003 1.80320e-01
-7.01502 1.85867e-01
-7.00000 1.91362e-01
-6.98498 1.96779e-01
-6.96997 2.02104e-01
-6.95495 2.07332e-01
-6.93994 2.12480e-01
-6.92492 2.17577e-01
-6.90991 2.22666e-01
-6.89489 2.27800e-01
-6.87988 2.33029e-01
-6.86486 2.38396e-01
-6.84985 2.43933e-01
-6.83483 2.49657e-01
-6.81982 2.55571e-01
-6.80480 2.61672e-01
-6.78979 2.67959e-01
-6.77477 2.74446e-01
-6.75976 2.81171e-01
-6.74474 2.88209e-01
-6.72973 2.95676e-01
-6.71471 3.03726e-01
-6.69970 3.12541e-01
-6.68468 3.22323e-01
-6.66967 3.33305e-01
-6.65465 3.45814e-01
-6.63964 3.60444e-01
-6.62462 3.78299e-01
-6.60961 4.01203e-01
-6.59459 4.31713e-01
-6.57958 4.73925e-01
-6.56456 5.40438e-01
-6.54955 6.37011e-01
-6.53453 7.01393e-01
-6.51952 7.70465e-01
-6.50450 8.67203e-01
-6.48949 9.02236e-01
-6.47447 1.18137e+00
-6.45946 8.27889e-01
-6.44444 7.63199e-01
-6.42943 7.12439e-01
-6.41441 6.63835e-01
-6.39940 6.23520e-01
-6.38438 5.92289e-01
-6.36937 5.67967e-01
-6.35435 5.47918e-01
-6.33934 5.30313e-01
-6.32432 5.14267e-01
-6.30931 4.99487e-01
-6.29429 4.85906e-01
-6.27928 4.73472e-01
-6.26426 4.62088e-01
-6.24925 4.51613e-01
-6.23423 4.41904e-01
-6.21922 4.32832e-01
-6.20420 4.24301e-01
-6.18919 4.16240e-01
-6.17417 4.08603e-01
-6.15916 4.01355e-01
-6.14414 3.94465e-01
-6.12913 3.87907e-01
-6.11411 3.81653e-01
-6.09910 3.75675e-01
-6.08408 3.69947e-01
-6.06907 3.64443e-01
-6.05405 3.59139e-01
-6.03904 3.54016e-01
-6.02402 3.49058e-01
-6.00901 3.44250e-01
-5.99399 3.39582e-01
-5.97898 3.35045e-01
-5.96396 3.30632e-01
-5.94895 3.26339e-01
-5.93393 3.22162e-01
-5.91892 3.18097e-01
-5.90390 3.14142e-01
-5.88889 3.10293e-01
-5.87387 3.06548e-01
-5.85886 3.02903e-01
-5.84384 2.99354e-01
-5.82883 2.95898e-01
-5.81381 2.92528e-01
-5.79880 2.89241e-01
-5.78378 2.86030e-01
-5.76877 2.82890e-01
-5.75375 2.79815e-01
-5.73874 2.76802e-01
-5.72372 2.73844e-01
-5.70871 2.70939e-01
-5.69369 2.68082e-01
-5.67868 2.65272e-01
-5.66366 2.62507e-01
-5.64865 2.59785e-01
-5.63363 2.57107e-01
-5.61862 2.54471e-01
-5.60360 2.51879e-01
-5.58859 2.49330e-01
-5.57357 2.46824e-01
-5.55856 2.44363e-01
-5.54354 2.41945e-01
-5.52853 2.39571e-01
-5.51351 2.37240e-01
-5.49850 2.34950e-01
-5.48348 2.32701e-01
-5.46847 2.30489e-01
-5.45345 2.28314e-01
-5.43844 2.26173e-01
-5.42342 2.24064e-01
-5.40841 2.21984e-01
-5.39339 2.19931e-01
-5.37838 2.17905e-01
-5.36336 2.15902e-01
-5.34835 2.13922e-01
-5.33333 2.11964e-01
-5.31832 2.10027e-01
-5.30330 2.08111e-01
-5.28829 2.06216e-01
-5.27327 2.04343e-01
-5.25826 2.02491e-01
-5.24324 2.00661e-01
-5.22823 1.98854e-01
-5.21321 1.97071e-01
-5.19820 1.95310e-01
-5.18318 1.93574e-01
-5.16817 1.91860e-01
-5.15315 1.90170e-01
-5.13814 1.88503e-01
-5.12312 1.86857e-01
-5.10811 1.85232e-01
-5.09309 1.83627e-01
-5.07808 1.82040e-01
-5.06306 1.80471e-01
-5.04805 1.78917e-01
-5.03303 1.77378e-01
-5.01802 1.75852e-01
-5.00300 1.74340e-01
-4.98799 1.72839e-01
-4.97297 1.71350e-01
-4.95796 1.69872e-01
-4.94294 1.68405e-01
-4.92793 1.66950e-01
-4.91291 1.65505e-01
-4.89790 1.64073e-01
-4.88288 1.62653e-01
-4.86787 1.61246e-01
-4.85285 1.59853e-01
-4.83784 1.58473e-01
-4.82282 1.57108e-01
-4.80781 1.55758e-01
-4.79279 1.54423e-01
-4.77778 1.53102e-01
-4.76276 1.51797e-01
-4.74775 1.50505e-01
-4.73273 1.49228e-01
-4.71772 1.47965e-01
-4.70270 1.46714e-01
-4.68769 1.45475e-01
-4.67267 1.44247e-01
-4.65766 1.43031e-01
-4.64264 1.41823e-01
-4.62763 1.40625e-01
-4.61261 1.39436e-01
-4.59760 1.38254e-01
-4.58258 1.37081e-01
-4.56757 1.35915e-01
-4.55255 1.34757e-01
-4.53754 1.33606e-01
-4.52252 1.32463e-01
-4.50751 1.31329e-01
-4.49249 1.30203e-01
-4.47748 1.29086e-01
-4.46246 1.27979e-01
-4.44745 1.26881e-01
-4.43243 1.25794e-01
-4.41742 1.24718e-01
-4.40240 1.23653e-01
-4.38739 1.22599e-01
-4.37237 1.21556e-01
-4.35736 1.20525e-01
-4.34234 1.19505e-01
-4.32733 1.18496e-01
-4.31231 1.17498e-01
-4.29730 1.16510e-01
-4.28228 1.15534e-01
-4.26727 1.14568e-01
-4.25225 1.13615e-01
-4.23724 1.12675e-01
-4.22222 1.11751e-01
-4.20721 1.10851e-01
-4.19219 1.09984e-01
-4.17718 1.09167e-01
-4.16216 1.08433e-01
-4.14715 1.07834e-01
-4.13213 1.07472e-01
-4.11712 1.07527e-01
-4.10210 1.08323e-01
-4.08709 1.10423e-01
-4.07207 1.14754e-01
-4.05706 1.22754e-01
-4.04204 1.36890e-01
-4.02703 1.64852e-01
-4.01201 2.12099e-01
-3.99700 2.46620e-01
-3.98198 2.71420e-01
-3.96697 3.04683e-01
-3.95195 3.33753e-01
-3.93694 3.55274e-01
-3.92192 3.73667e-01
-3.90691 3.93235e-01
-3.89189 4.15157e-01
-3.87688 4.38518e-01
-3.86186 4.62435e-01
-3.84685 4.86886e-01
-3.83183 5.12496e-01
-3.81682 5.40324e-01
-3.80180 5.71617e-01
-3.78679 6.06519e-01
-3.77177 6.41648e-01
-3.75676 6.69450e-01
-3.74174 6.82459e-01
-3.72673 6.79691e-01
-3.71171 6.67800e-01
-3.69670 6.55274e-01
-3.68168 6.46410e-01
-3.66667 6.40675e-01
-3.65165 6.35784e-01
-3.63664 6.30185e-01
-3.62162 6.23554e-01
-3.60661 6.16257e-01
-3.59159 6.08819e-01
-3.57658 6.01667e-01
-3.56156 5.95063e-01
-3.54655 5.89125e-01
-3.53153 5.83876e-01
-3.51652 5.79285e-01
-3.50150 5.75293e-01
-3.48649 5.71831e-01
-3.47147 5.68820e-01
-3.45646 5.66181e-01
-3.44144 5.63849e-01
-3.42643 5.61780e-01
-3.41141 5.59961e-01
-3.39640 5.58396e-01
-3.38138 5.57097e-01
-3.36637 5.56063e-01
-3.35135 5.55280e-01
-3.33634 5.54719e-01
-3.32132 5.54344e-01
-3.30631 5.54130e-01
-3.29129 5.54066e-01
-3.27628 5.54158e-01
-3.26126 5.54429e-01
-3.24625 5.54903e-01
-3.23123 5.55601e-01
-3.21622 5.56531e-01
-3.20120 5.57685e-01
-3.18619 5.59038e-01
-3.17117 5.60553e-01
-3.15616 5.62187e-01
-3.14114 5.63903e-01
-3.12613 5.65672e-01
-3.11111 5.67481e-01
-3.09610 5.69336e-01
-3.08108 5.71256e-01
-3.06607 5.73274e-01
-3.05105 5.75424e-01
-3.03604 5.77741e-01
-3.02102 5.80252e-01
-3.00601 5.82971e-01
-2.99099 5.85901e-01
-2.97598 5.89032e-01
-2.96096 5.92345e-01
-2.94595 5.95815e-01
-2.93093 5.99411e-01
-2.91592 6.03108e-01
-2.90090 6.06883e-01
-2.88589 6.10726e-01
-2.87087 6.14647e-01
-2.85586 6.18682e-01
-2.84084 6.22901e-01
-2.82583 6.27414e-01
-2.81081 6.32370e-01
-2.79580 6.37948e-01
-2.78078 6.44337e-01
-2.76577 6.51703e-01
-2.75075 6.60144e-01
-2.73574 6.69637e-01
-2.72072 6.79981e-01
-2.70571 6.90772e-01
-2.69069 7.01425e-01
-2.67568 7.11280e-01
-2.66066 7.19838e-01
-2.64565 7.27719e-01
-2.63063 7.40568e-01
-2.61562 7.70861e-01
-2.60060 8.10206e-01
-2.58559 8.22536e-01
-2.57057 8.15050e-01
-2.55556 8.14323e-01
-2.54054 8.17603e-01
-2.52553 8.17817e-01
-2.51051 8.14803e-01
-2.49550 8.11077e-01
-2.48048 8.08397e-01
-2.46547 8.06787e-01
-2.45045 8.05382e-01
-2.43544 8.03464e-01
-2.42042 8.00857e-01
-2.40541 7.97848e-01
-2.39039 7.94903e-01
-2.37538 7.92359e-01
-2.36036 7.90250e-01
-2.34535 7.88345e-01
-2.33033 7.86333e-01
-2.31532 7.84012e-01
-2.30030 7.81384e-01
-2.28529 7.78622e-01
-2.27027 7.75960e-01
-2.25526 7.73563e-01
-2.24024 7.71455e-01
-2.22523 7.69518e-01
-2.21021 7.67547e-01
-2.19520 7.65339e-01
-2.18018 7.62771e-01
-2.16517 7.59833e-01
-2.15015 7.56631e-01
-2.13514 7.53340e-01
-2.12012 7.50150e-01
-2.10511 7.47213e-01
-2.09009 7.44610e-01
-2.07508 7.42338e-01
-2.06006 7.40329e-01
-2.04505 7.38473e-01
-2.03003 7.36653e-01
-2.01502 7.34772e-01
-2.00000 7.32769e-01
-1.98498 7.30623e-01
-1.96997 7.28349e-01
-1.95495 7.25982e-01
-1.93994 7.23565e-01
-1.92492 7.21134e-01
-1.90991 7.18714e-01
-1.89489 7.16311e-01
-1.87988 7.13919e-01
-1.86486 7.11520e-01
-1.84985 7.09093e-01
-1.83483 7.06619e-01
-1.81982 7.04084e-01
-1.80480 7.01482e-01
-1.78979 6.98819e-01
-1.77477 6.96105e-01
-1.75976 6.93360e-01
-1.74474 6.90610e-01
-1.72973 6.87882e-01
-1.71471 6.85206e-01
-1.69970 6.82611e-01
-1.68468 6.80123e-01
-1.66967 6.77762e-01
-1.65465 6.75540e-01
-1.63964 6.73459e-01
-1.62462 6.71509e-01
-1.60961 6.69666e-01
-1.59459 6.67896e-01
-1.57958 6.66155e-01
-1.56456 6.64395e-01
-1.54955 6.62571e-01
-1.53453 6.60646e-01
-1.51952 6.58597e-01
-1.50450 6.56419e-01
-1.48949 6.54128e-01
-1.47447 6.51753e-01
-1.45946 6.49331e-01
-1.44444 6.46899e-01
-1.42943 6.44481e-01
-1.41441 6.42085e-01
-1.39940 6.39694e-01
-1.38438 6.37280e-01
-1.36937 6.34804e-01
-1.35435 6.32239e-01
-1.33934 6.29578e-01
-1.32432 6.26842e-01
-1.30931 6.24065e-01
-1.29429 6.21280e-01
-1.27928 6.18505e-01
-1.26426 6.15747e-01
-1.24925 6.13041e-01
-1.23423 6.10471e-01
-1.21922 6.08106e-01
-1.20420 6.05837e-01
-1.18919 6.03229e-01
-1.17417 5.99541e-01
-1.15916 5.93821e-01
-1.14414 5.85527e-01
-1.12913 5.78009e-01
-1.11411 5.79060e-01
-1.09910 5.67896e-01
-1.08408 5.33541e-01
-1.06907 5.08305e-01
-1.05405 4.91084e-01
-1.03904 4.75380e-01
-1.02402 4.60743e-01
-1.00901 4.47558e-01
-0.99399 4.35153e-01
-0.97898 4.22658e-01
-0.96396 4.10005e-01
-0.94895 3.97839e-01
-0.93393 3.86796e-01
-0.91892 3.76997e-01
-0.90390 3.68079e-01
-0.88889 3.59519e-01
-0.87387 3.50966e-01
-0.85886 3.42370e-01
-0.84384 3.33914e-01
-0.82883 3.25837e-01
-0.81381 3.18281e-01
-0.79880 3.11219e-01
-0.78378 3.04491e-01
-0.76877 2.97891e-01
-0.75375 2.91265e-01
-0.73874 2.84560e-01
-0.72372 2.77827e-01
-0.70871 2.71170e-01
-0.69369 2.64691e-01
-0.67868 2.58443e-01
-0.66366 2.52420e-01
-0.64865 2.46570e-01
-0.63363 2.40828e-01
-0.61862 2.35150e-01
-0.60360 2.29529e-01
-0.58859 2.23992e-01
-0.57357 2.18585e-01
-0.55856 2.13343e-01
-0.54354 2.08274e-01
-0.52853 2.03354e-01
-0.51351 1.98530e-01
-0.49850 1.93745e-01
-0.48348 1.88953e-01
-0.46847 1.84142e-01
-0.45345 1.79330e-01
-0.43844 1.74564e-01
-0.42342 1.69893e-01
-0.40841 1.65352e-01
-0.39339 1.60941e-01
-0.37838 1.56622e-01
-0.36336 1.52330e-01
-0.34835 1.47992e-01
-0.33333 1.43564e-01
-0.31832 1.39057e-01
-0.30330 1.34543e-01
-0.28829 1.30127e-01
-0.27327 1.25885e-01
-0.25826 1.21790e-01
-0.24324 1.17668e-01
-0.22823 1.13236e-01
-0.21321 1.08240e-01
-0.19820 1.02665e-01
-0.18318 9.68789e-02
-0.16817 9.15523e-02
-0.15315 8.72421e-02
-0.13814 8.38673e-02
-0.12312 8.05827e-02
-0.10811 7.63474e-02
-0.09309 7.07451e-02
-0.07808 6.42536e-02
-0.06306 5.83742e-02
-0.04805 5.72391e-02
-0.03303 6.09351e-02
-0.01802 5.34230e-02
-0.00300 3.36725e-02
0.01201 1.90862e-02
0.02703 1.19131e-02
0.04204 7.95318e-03
0.05706 5.49055e-03
0.07207 3.90478e-03
0.08709 2.84186e-03
0.10210 2.09889e-03
0.11712 1.56395e-03
0.13213 1.17214e-03
0.14715 8.82531e-04
0.16216 6.67418e-04
0.17718 5.07178e-04
0.19219 3.87550e-04
0.20721 2.98057e-04
0.22222 2.30980e-04
0.23724 1.80649e-04
0.25225 1.42928e-04
0.26727 1.14833e-04
0.28228 9.42617e-05
0.29730 7.98021e-05
0.31231 7.06096e-05
0.32733 6.63403e-05
0.34234 6.71356e-05
0.35736 7.36575e-05
0.37237 8.71784e-05
0.38739 1.09738e-04
0.40240 1.44389e-04
0.41742 1.95560e-04
0.43243 2.69598e-04
0.44745 3.75554e-04
0.46246 5.26307e-04
0.47748 7.40115e-04
0.49249 1.04264e-03
0.50751 1.46935e-03
0.52252 2.06812e-03
0.53754 2.90156e-03
0.55255 4.04930e-03
0.56757 5.61288e-03
0.58258 7.73047e-03
0.59760 1.06150e-02
0.61261 1.46466e-02
0.62763 2.05241e-02
0.64264 2.92855e-02
0.65766 7.80412e-02
0.67267 4.80671e-02
0.68769 5.31656e-02
0.70270 5.68356e-02
0.71772 6.20749e-02
0.73273 6.94590e-02
0.74775 7.82925e-02
0.76276 8.84787e-02
0.77778 1.00530e-01
0.79279 1.13743e-01
0.80781 1.25259e-01
0.82282 1.33124e-01
0.83784 1.38752e-01
0.85285 1.44255e-01
0.86787 1.50011e-01
0.88288 1.55772e-01
0.89790 1.61756e-01
0.91291 1.68184e-01
0.92793 1.74851e-01
0.94294 1.81392e-01
0.95796 1.87615e-01
0.97297 1.93534e-01
0.98799 1.99238e-01
1.00300 2.04795e-01
1.01802 2.10244e-01
1.03303 2.15641e-01
1.04805 2.21088e-01
1.06306 2.26732e-01
1.07808 2.32935e-01
1.09309 2.41975e-01
1.10811 2.60811e-01
1.12312 2.72221e-01
1.13814 2.69287e-01
1.15315 2.74788e-01
1.16817 2.81961e-01
1.18318 2.88151e-01
1.19820 2.94465e-01
1.21321 3.01646e-01
1.22823 3.08973e-01
1.24324 3.15601e-01
1.25826 3.21685e-01
1.27327 3.27893e-01
1.28829 3.34537e-01
1.30330 3.41480e-01
1.31832 3.48459e-01
1.33333 3.55285e-01
1.34835 3.61902e-01
1.36336 3.68369e-01
1.37838 3.74802e-01
1.39339 3.81311e-01
1.40841 3.87947e-01
1.42342 3.94695e-01
1.43844 4.01502e-01
1.45345 4.08311e-01
1.46847 4.15099e-01
1.48348 4.21889e-01
1.49850 4.28736e-01
1.51351 4.35713e-01
1.52853 4.42880e-01
1.54354 4.50271e-01
1.55856 4.57891e-01
1.57357 4.65722e-01
1.58859 4.73740e-01
1.60360 4.81928e-01
1.61862 4.90274e-01
1.63363 4.98782e-01
1.64865 5.07454e-01
1.66366 5.16289e-01
1.67868 5.25276e-01
1.69369 5.34398e-01
1.70871 5.43636e-01
1.72372 5.52990e-01
1.73874 5.62497e-01
1.75375 5.72242e-01
1.76877 5.82375e-01
1.78378 5.93104e-01
1.79880 6.04680e-01
1.81381 6.17370e-01
1.82883 6.31402e-01
1.84384 6.46918e-01
1.85886 6.63906e-01
1.87387 6.82158e-01
1.88889 7.01255e-01
1.90390 7.20586e-01
1.91892 7.39415e-01
1.93393 7.56950e-01
1.94895 7.72444e-01
1.96396 7.85355e-01
1.97898 7.95674e-01
1.99399 8.04310e-01
2.00901 8.13020e-01
2.02402 8.22708e-01
2.03904 8.30501e-01
2.05405 8.31650e-01
2.06907 8.27028e-01
2.08408 8.22146e-01
2.09910 8.18921e-01
2.11411 8.15320e-01
2.12913 8.10001e-01
2.14414 8.03702e-01
2.15916 7.97886e-01
2.17417 7.93674e-01
2.18919 7.92153e-01
2.20420 7.94945e-01
2.21922 8.01670e-01
2.23423 8.03925e-01
2.24925 7.90868e-01
2.26426 7.67548e-01
2.27928 7.47493e-01
2.29429 7.34428e-01
2.30931 7.25821e-01
2.32432 7.19553e-01
2.33934 7.14380e-01
2.35435 7.09265e-01
2.36937 7.03333e-01
2.38438 6.96156e-01
2.39940 6.88054e-01
2.41441 6.80020e-01
2.42943 6.73033e-01
2.44444 6.67178e-01
2.45946 6.61523e-01
2.47447 6.55114e-01
2.48949 6.48198e-01
2.50450 6.42363e-01
2.51952 6.39398e-01
2.53453 6.39849e-01
2.54955 6.42312e-01
2.56456 6.43960e-01
2.57958 6.42136e-01
2.59459 6.35976e-01
2.60961 6.26699e-01
2.62462 6.16341e-01
2.63964 6.06392e-01
2.65465 5.97216e-01
2.66967 5.88972e-01
2.68468 5.81610e-01
2.69970 5.75185e-01
2.71471 5.69741e-01
2.72973 5.65251e-01
2.74474 5.61621e-01
2.75976 5.58715e-01
2.77477 5.56393e-01
2.78979 5.54531e-01
2.80480 5.53036e-01
2.81982 5.51862e-01
2.83483 5.51008e-01
2.84985 5.50517e-01
2.86486 5.50471e-01
2.87988 5.50971e-01
2.89489 5.52124e-01
2.90991 5.54027e-01
2.92492 5.56761e-01
2.93994 5.60405e-01
2.95495 5.65052e-01
2.96997 5.70829e-01
2.98498 5.77908e-01
3.00000 5.86494e-01
