0.00001 5.29598e-10
0.01202 6.36795e-07
0.02405 1.27361e-06
0.03607 1.91048e-06
0.04810 2.54741e-06
0.06012 3.18443e-06
0.07214 3.82157e-06
0.08417 4.45885e-06
0.09619 5.09628e-06
0.10822 5.73391e-06
0.12024 6.37173e-06
0.13226 7.00979e-06
0.14429 7.64811e-06
0.15631 8.28670e-06
0.16834 8.92559e-06
0.18036 9.56481e-06
0.19238 1.02044e-05
0.20441 1.08443e-05
0.21643 1.14847e-05
0.22846 1.21254e-05
0.24048 1.27666e-05
0.25251 1.34083e-05
0.26453 1.40505e-05
0.27655 1.46932e-05
0.28858 1.53365e-05
0.30060 1.59803e-05
0.31263 1.66247e-05
0.32465 1.72698e-05
0.33667 1.79155e-05
0.34870 1.85619e-05
0.36072 1.92090e-05
0.37275 1.98569e-05
0.38477 2.05055e-05
0.39679 2.11549e-05
0.40882 2.18052e-05
0.42084 2.24563e-05
0.43287 2.31083e-05
0.44489 2.37612e-05
0.45691 2.44151e-05
0.46894 2.50699e-05
0.48096 2.57258e-05
0.49299 2.63827e-05
0.50501 2.70407e-05
0.51703 2.76998e-05
0.52906 2.83601e-05
0.54108 2.90215e-05
0.55311 2.96842e-05
0.56513 3.03482e-05
0.57715 3.10134e-05
0.58918 3.16800e-05
0.60120 3.23479e-05
0.61323 3.30173e-05
0.62525 3.36882e-05
0.63727 3.43605e-05
0.64930 3.50344e-05
0.66132 3.57099e-05
0.67335 3.63870e-05
0.68537 3.70658e-05
0.69739 3.77463e-05
0.70942 3.84286e-05
0.72144 3.91128e-05
0.73347 3.97988e-05
0.74549 4.04868e-05
0.75752 4.11767e-05
0.76954 4.18687e-05
0.78156 4.25628e-05
0.79359 4.32591e-05
0.80561 4.39576e-05
0.81764 4.46584e-05
0.82966 4.53615e-05
0.84168 4.60670e-05
0.85371 4.67751e-05
0.86573 4.74857e-05
0.87776 4.81989e-05
0.88978 4.89148e-05
0.90180 4.96335e-05
0.91383 5.03550e-05
0.92585 5.10795e-05
0.93788 5.18071e-05
0.94990 5.25377e-05
0.96192 5.32715e-05
0.97395 5.40087e-05
0.98597 5.47492e-05
0.99800 5.54932e-05
1.01002 5.62408e-05
1.02204 5.69921e-05
1.03407 5.77472e-05
1.04609 5.85063e-05
1.05812 5.92694e-05
1.07014 6.00367e-05
1.08216 6.08083e-05
1.09419 6.15843e-05
1.10621 6.23649e-05
1.11824 6.31501e-05
1.13026 6.39403e-05
1.14228 6.47355e-05
1.15431 6.55358e-05
1.16633 6.63416e-05
1.17836 6.71528e-05
1.19038 6.79697e-05
1.20240 6.87926e-05
1.21443 6.96215e-05
1.22645 7.04567e-05
1.23848 7.12985e-05
1.25050 7.21470e-05
1.26253 7.30025e-05
1.27455 7.38652e-05
1.28657 7.47354e-05
1.29860 7.56134e-05
1.31062 7.64994e-05
1.32265 7.73938e-05
1.33467 7.82968e-05
1.34669 7.92088e-05
1.35872 8.01302e-05
1.37074 8.10612e-05
1.38277 8.20023e-05
1.39479 8.29539e-05
1.40681 8.39164e-05
1.41884 8.48902e-05
1.43086 8.58759e-05
1.44289 8.68738e-05
1.45491 8.78847e-05
1.46693 8.89089e-05
1.47896 8.99471e-05
1.49098 9.10000e-05
1.50301 9.20681e-05
1.51503 9.31523e-05
1.52705 9.42532e-05
1.53908 9.53716e-05
1.55110 9.65084e-05
1.56313 9.76646e-05
1.57515 9.88410e-05
1.58717 1.00039e-04
1.59920 1.01259e-04
1.61122 1.02503e-04
1.62325 1.03771e-04
1.63527 1.05066e-04
1.64729 1.06389e-04
1.65932 1.07741e-04
1.67134 1.09124e-04
1.68337 1.10540e-04
1.69539 1.11991e-04
1.70741 1.13479e-04
1.71944 1.15007e-04
1.73146 1.16576e-04
1.74349 1.18191e-04
1.75551 1.19854e-04
1.76754 1.21568e-04
1.77956 1.23337e-04
1.79158 1.25166e-04
1.80361 1.27058e-04
1.81563 1.29019e-04
1.82766 1.31055e-04
1.83968 1.33172e-04
1.85170 1.35376e-04
1.86373 1.37677e-04
1.87575 1.40081e-04
1.88778 1.42600e-04
1.89980 1.45246e-04
1.91182 1.48030e-04
1.92385 1.50968e-04
1.93587 1.54078e-04
1.94790 1.57379e-04
1.95992 1.60895e-04
1.97194 1.64654e-04
1.98397 1.68688e-04
1.99599 1.73038e-04
2.00802 1.77752e-04
2.02004 1.82887e-04
2.03206 1.88517e-04
2.04409 1.94733e-04
2.05611 2.01653e-04
2.06814 2.09428e-04
2.08016 2.18261e-04
2.09218 2.28430e-04
2.10421 2.40325e-04
2.11623 2.54516e-04
2.12826 2.71875e-04
2.14028 2.93816e-04
2.15230 3.22803e-04
2.16433 3.63578e-04
2.17635 4.26600e-04
2.18838 5.40142e-04
2.20040 8.11510e-04
2.21242 2.04722e-03
2.22445 6.69733e-03
2.23647 5.20253e-03
2.24850 3.97916e-03
2.26052 3.76788e-03
2.27255 2.84106e-03
2.28457 5.43770e-03
2.29659 1.08099e-02
2.30862 1.19003e-02
2.32064 1.26969e-02
2.33267 1.33130e-02
2.34469 1.11862e-02
2.35671 1.39150e-02
2.36874 8.74378e-03
2.38076 1.15261e-02
2.39279 1.56286e-02
2.40481 1.28872e-02
2.41683 1.15415e-02
2.42886 1.02657e-02
2.44088 9.24022e-03
2.45291 5.88198e-03
2.46493 1.00729e-02
2.47695 1.01433e-02
2.48898 7.64504e-03
2.50100 9.15928e-03
2.51303 1.44413e-02
2.52505 1.78224e-02
2.53707 1.43111e-02
2.54910 1.64169e-02
2.56112 2.58263e-02
2.57315 6.25439e-02
2.58517 3.86663e-02
2.59719 2.51319e-02
2.60922 2.35041e-02
2.62124 2.16554e-02
2.63327 1.27582e-02
2.64529 1.10927e-02
2.65731 1.02786e-02
2.66934 9.53591e-03
2.68136 7.33599e-03
2.69339 8.56858e-03
2.70541 1.70250e-02
2.71743 2.42089e-02
2.72946 2.45679e-02
2.74148 1.92709e-02
2.75351 2.07202e-02
2.76553 1.67417e-02
2.77756 1.87450e-02
2.78958 1.10790e-02
2.80160 1.68477e-02
2.81363 1.53594e-02
2.82565 1.43670e-02
2.83768 1.43876e-02
2.84970 1.53991e-02
2.86172 1.49505e-02
2.87375 1.32033e-02
2.88577 1.71686e-02
2.89780 1.22092e-02
2.90982 1.60954e-02
2.92184 1.34913e-02
2.93387 1.37148e-02
2.94589 2.12026e-02
2.95792 2.90194e-02
2.96994 3.54546e-02
2.98196 2.32754e-02
2.99399 4.17546e-02
3.00601 2.59348e-02
3.01804 2.48681e-02
3.03006 2.04156e-02
3.04208 1.76497e-02
3.05411 2.91216e-02
3.06613 1.49624e-02
3.07816 1.70391e-02
3.09018 2.58969e-02
3.10220 1.45320e-02
3.11423 1.53087e-02
3.12625 2.79423e-02
3.13828 1.84841e-02
3.15030 1.73834e-02
3.16232 1.60911e-02
3.17435 2.07247e-02
3.18637 1.48793e-02
3.19840 2.12565e-02
3.21042 2.25826e-02
3.22244 1.52732e-02
3.23447 1.50051e-02
3.24649 2.07630e-02
3.25852 1.48881e-02
3.27054 1.87893e-02
3.28257 1.79864e-02
3.29459 2.08606e-02
3.30661 2.10465e-02
3.31864 1.45690e-02
3.33066 1.16489e-02
3.34269 1.48900e-02
3.35471 1.94643e-02
3.36673 1.91485e-02
3.37876 1.74426e-02
3.39078 1.89407e-02
3.40281 1.44869e-02
3.41483 1.32153e-02
3.42685 1.69491e-02
3.43888 1.37759e-02
3.45090 1.13672e-02
3.46293 1.13301e-02
3.47495 1.22024e-02
3.48697 1.41214e-02
3.49900 1.15629e-02
3.51102 1.19902e-02
3.52305 1.20691e-02
3.53507 9.37494e-03
3.54709 1.02020e-02
3.55912 1.05580e-02
3.57114 1.02631e-02
3.58317 1.03290e-02
3.59519 1.09556e-02
3.60721 1.04628e-02
3.61924 1.18283e-02
3.63126 1.16522e-02
3.64329 1.16607e-02
3.65531 8.58355e-03
3.66733 6.20668e-03
3.67936 5.27207e-03
3.69138 5.63969e-03
3.70341 4.70405e-03
3.71543 7.15145e-03
3.72745 1.02277e-02
3.73948 1.97620e-02
3.75150 2.28573e-02
3.76353 2.26937e-02
3.77555 3.37621e-02
3.78758 2.46182e-02
3.79960 2.39563e-02
3.81162 2.83169e-02
3.82365 3.24965e-02
3.83567 3.20802e-02
3.84770 2.64731e-02
3.85972 3.04913e-02
3.87174 3.96833e-02
3.88377 3.32385e-02
3.89579 3.13100e-02
3.90782 2.25530e-02
3.91984 1.88337e-02
3.93186 1.60408e-02
3.94389 1.67284e-02
3.95591 1.65034e-02
3.96794 1.30975e-02
3.97996 1.19800e-02
3.99198 8.22745e-03
4.00401 6.40843e-03
4.01603 6.87416e-03
4.02806 9.54870e-03
4.04008 1.09581e-02
4.05210 1.08466e-02
4.06413 8.94699e-03
4.07615 1.81007e-02
4.08818 1.72442e-02
4.10020 2.07600e-02
4.11222 2.23891e-02
4.12425 2.95041e-02
4.13627 1.90914e-02
4.14830 2.17611e-02
4.16032 2.95420e-02
4.17234 3.35118e-02
4.18437 3.55680e-02
4.19639 3.44813e-02
4.20842 4.58838e-02
4.22044 4.03883e-02
4.23246 3.98477e-02
4.24449 3.88969e-02
4.25651 6.02679e-02
4.26854 4.50520e-02
4.28056 4.47121e-02
4.29259 4.54906e-02
4.30461 3.33733e-02
4.31663 3.98708e-02
4.32866 4.46187e-02
4.34068 5.31912e-02
4.35271 5.46503e-02
4.36473 5.83145e-02
4.37675 3.78232e-02
4.38878 4.84986e-02
4.40080 4.22209e-02
4.41283 3.94521e-02
4.42485 3.25391e-02
4.43687 2.40293e-02
4.44890 2.29418e-02
4.46092 2.21796e-02
4.47295 1.96249e-02
4.48497 1.79551e-02
4.49699 1.61930e-02
4.50902 1.33511e-02
4.52104 1.45616e-02
4.53307 2.42992e-02
4.54509 1.98939e-02
4.55711 2.07497e-02
4.56914 3.42111e-02
4.58116 2.47169e-02
4.59319 2.84034e-02
4.60521 2.97367e-02
4.61723 2.54206e-02
4.62926 2.32300e-02
4.64128 2.93994e-02
4.65331 2.63082e-02
4.66533 2.28268e-02
4.67735 2.32091e-02
4.68938 2.44723e-02
4.70140 2.67565e-02
4.71343 2.75173e-02
4.72545 2.54048e-02
4.73747 3.11362e-02
4.74950 2.67665e-02
4.76152 2.11525e-02
4.77355 2.61966e-02
4.78557 2.55083e-02
4.79760 2.97448e-02
4.80962 3.64408e-02
4.82164 3.55645e-02
4.83367 3.04321e-02
4.84569 2.90033e-02
4.85772 3.96727e-02
4.86974 4.31468e-02
4.88176 3.83206e-02
4.89379 3.96914e-02
4.90581 3.76900e-02
4.91784 3.28966e-02
4.92986 3.81826e-02
4.94188 3.99364e-02
4.95391 4.18679e-02
4.96593 3.52217e-02
4.97796 3.45308e-02
4.98998 3.85270e-02
5.00200 3.42476e-02
5.01403 3.58956e-02
5.02605 3.92337e-02
5.03808 4.08674e-02
5.05010 4.15008e-02
5.06212 3.82119e-02
5.07415 2.85253e-02
5.08617 2.85379e-02
5.09820 3.11888e-02
5.11022 3.40052e-02
5.12224 2.11548e-02
5.13427 1.66749e-02
5.14629 1.58594e-02
5.15832 2.09594e-02
5.17034 2.37080e-02
5.18236 1.96475e-02
5.19439 2.54517e-02
5.20641 2.62297e-02
5.21844 1.94509e-02
5.23046 2.10907e-02
5.24248 2.22718e-02
5.25451 1.58511e-02
5.26653 2.02599e-02
5.27856 2.57916e-02
5.29058 2.61576e-02
5.30261 2.18028e-02
5.31463 2.46964e-02
5.32665 2.78571e-02
5.33868 2.74425e-02
5.35070 3.47572e-02
5.36273 3.56451e-02
5.37475 3.89875e-02
5.38677 2.88548e-02
5.39880 2.48154e-02
5.41082 2.37799e-02
5.42285 2.44902e-02
5.43487 2.47817e-02
5.44689 2.62088e-02
5.45892 3.32584e-02
5.47094 3.96723e-02
5.48297 3.26376e-02
5.49499 2.63444e-02
5.50701 2.73601e-02
5.51904 3.41382e-02
5.53106 3.46524e-02
5.54309 4.00840e-02
5.55511 3.75210e-02
5.56713 3.09830e-02
5.57916 2.63570e-02
5.59118 2.64421e-02
5.60321 3.48596e-02
5.61523 3.99931e-02
5.62725 3.63437e-02
5.63928 3.34575e-02
5.65130 3.68117e-02
5.66333 3.56280e-02
5.67535 4.45013e-02
5.68737 4.23165e-02
5.69940 5.08649e-02
5.71142 5.82159e-02
5.72345 6.05891e-02
5.73547 7.64938e-02
5.74749 5.79851e-02
5.75952 4.36027e-02
5.77154 3.45993e-02
5.78357 4.04732e-02
5.79559 2.68718e-02
5.80762 3.07891e-02
5.81964 2.83782e-02
5.83166 2.49615e-02
5.84369 3.18773e-02
5.85571 3.44445e-02
5.86774 3.23319e-02
5.87976 3.26110e-02
5.89178 3.30384e-02
5.90381 4.18199e-02
5.91583 2.73057e-02
5.92786 2.59172e-02
5.93988 3.15710e-02
5.95190 2.93459e-02
5.96393 3.58746e-02
5.97595 3.03352e-02
5.98798 2.59863e-02
6.00000 2.39141e-02
