0.00001 1.78345e+01
0.01202 1.78348e+01
0.02405 1.78355e+01
0.03607 1.78367e+01
0.04810 1.78384e+01
0.06012 1.78406e+01
0.07214 1.78433e+01
0.08417 1.78465e+01
0.09619 1.78501e+01
0.10822 1.78543e+01
0.12024 1.78589e+01
0.13226 1.78641e+01
0.14429 1.78697e+01
0.15631 1.78758e+01
0.16834 1.78824e+01
0.18036 1.78895e+01
0.19238 1.78972e+01
0.20441 1.79053e+01
0.21643 1.79139e+01
0.22846 1.79230e+01
0.24048 1.79326e+01
0.25251 1.79427e+01
0.26453 1.79534e+01
0.27655 1.79645e+01
0.28858 1.79762e+01
0.30060 1.79884e+01
0.31263 1.80011e+01
0.32465 1.80143e+01
0.33667 1.80280e+01
0.34870 1.80423e+01
0.36072 1.80571e+01
0.37275 1.80724e+01
0.38477 1.80883e+01
0.39679 1.81047e+01
0.40882 1.81216e+01
0.42084 1.81391e+01
0.43287 1.81572e+01
0.44489 1.81758e+01
0.45691 1.81949e+01
0.46894 1.82146e+01
0.48096 1.82349e+01
0.49299 1.82558e+01
0.50501 1.82772e+01
0.51703 1.82992e+01
0.52906 1.83218e+01
0.54108 1.83450e+01
0.55311 1.83688e+01
0.56513 1.83932e+01
0.57715 1.84182e+01
0.58918 1.84438e+01
0.60120 1.84700e+01
0.61323 1.84969e+01
0.62525 1.85243e+01
0.63727 1.85525e+01
0.64930 1.85812e+01
0.66132 1.86106e+01
0.67335 1.86407e+01
0.68537 1.86715e+01
0.69739 1.87029e+01
0.70942 1.87350e+01
0.72144 1.87677e+01
0.73347 1.88012e+01
0.74549 1.88354e+01
0.75752 1.88703e+01
0.76954 1.89059e+01
0.78156 1.89423e+01
0.79359 1.89794e+01
0.80561 1.90172e+01
0.81764 1.90558e+01
0.82966 1.90952e+01
0.84168 1.91354e+01
0.85371 1.91764e+01
0.86573 1.92181e+01
0.87776 1.92607e+01
0.88978 1.93041e+01
0.90180 1.93484e+01
0.91383 1.93935e+01
0.92585 1.94395e+01
0.93788 1.94863e+01
0.94990 1.95341e+01
0.96192 1.95828e+01
0.97395 1.96324e+01
0.98597 1.96829e+01
0.99800 1.97344e+01
1.01002 1.97868e+01
1.02204 1.98403e+01
1.03407 1.98947e+01
1.04609 1.99502e+01
1.05812 2.00067e+01
1.07014 2.00643e+01
1.08216 2.01230e+01
1.09419 2.01828e+01
1.10621 2.02437e+01
1.11824 2.03057e+01
1.13026 2.03689e+01
1.14228 2.04333e+01
1.15431 2.04989e+01
1.16633 2.05657e+01
1.17836 2.06339e+01
1.19038 2.07033e+01
1.20240 2.07740e+01
1.21443 2.08461e+01
1.22645 2.09195e+01
1.23848 2.09944e+01
1.25050 2.10707e+01
1.26253 2.11484e+01
1.27455 2.12277e+01
1.28657 2.13085e+01
1.29860 2.13909e+01
1.31062 2.14749e+01
1.32265 2.15606e+01
1.33467 2.16480e+01
1.34669 2.17371e+01
1.35872 2.18280e+01
1.37074 2.19207e+01
1.38277 2.20154e+01
1.39479 2.21119e+01
1.40681 2.22104e+01
1.41884 2.23110e+01
1.43086 2.24137e+01
1.44289 2.25185e+01
1.45491 2.26256e+01
1.46693 2.27349e+01
1.47896 2.28466e+01
1.49098 2.29607e+01
1.50301 2.30774e+01
1.51503 2.31966e+01
1.52705 2.33185e+01
1.53908 2.34431e+01
1.55110 2.35706e+01
1.56313 2.37010e+01
1.57515 2.38345e+01
1.58717 2.39711e+01
1.59920 2.41110e+01
1.61122 2.42542e+01
1.62325 2.44010e+01
1.63527 2.45514e+01
1.64729 2.47057e+01
1.65932 2.48638e+01
1.67134 2.50260e+01
1.68337 2.51926e+01
1.69539 2.53635e+01
1.70741 2.55391e+01
1.71944 2.57196e+01
1.73146 2.59051e+01
1.74349 2.60959e+01
1.75551 2.62922e+01
1.76754 2.64944e+01
1.77956 2.67027e+01
1.79158 2.69175e+01
1.80361 2.71390e+01
1.81563 2.73677e+01
1.82766 2.76039e+01
1.83968 2.78481e+01
1.85170 2.81007e+01
1.86373 2.83623e+01
1.87575 2.86335e+01
1.88778 2.89149e+01
1.89980 2.92071e+01
1.91182 2.95110e+01
1.92385 2.98274e+01
1.93587 3.01572e+01
1.94790 3.05016e+01
1.95992 3.08617e+01
1.97194 3.12390e+01
1.98397 3.16349e+01
1.99599 3.20513e+01
2.00802 3.24904e+01
2.02004 3.29544e+01
2.03206 3.34463e+01
2.04409 3.39696e+01
2.05611 3.45281e+01
2.06814 3.51271e+01
2.08016 3.57726e+01
2.09218 3.64724e+01
2.10421 3.72367e+01
2.11623 3.80786e+01
2.12826 3.90164e+01
2.14028 4.00761e+01
2.15230 4.12968e+01
2.16433 4.27419e+01
2.17635 4.45252e+01
2.18838 4.68844e+01
2.20040 5.04458e+01
2.21242 5.71075e+01
2.22445 4.75035e+01
2.23647 4.58710e+01
2.24850 4.85387e+01
2.26052 5.14472e+01
2.27255 6.11572e+01
2.28457 6.82517e+01
2.29659 4.52708e+01
2.30862 4.07050e+01
2.32064 3.88356e+01
2.33267 3.63560e+01
2.34469 4.05245e+01
2.35671 3.30989e+01
2.36874 4.24356e+01
2.38076 4.25859e+01
2.39279 3.12877e+01
2.40481 3.51009e+01
2.41683 3.43147e+01
2.42886 3.94331e+01
2.44088 4.29976e+01
2.45291 5.25272e+01
2.46493 4.80305e+01
2.47695 4.66392e+01
2.48898 5.39016e+01
2.50100 5.41948e+01
2.51303 2.70976e+01
2.52505 2.29806e+01
2.53707 3.17657e+01
2.54910 7.45628e+00
2.56112 -2.36936e+00
2.57315 -1.29928e+00
2.58517 1.29279e+01
2.59719 1.98788e+01
2.60922 1.94029e+01
2.62124 2.05984e+01
2.63327 2.72038e+01
2.64529 3.38595e+01
2.65731 3.54346e+01
2.66934 3.82519e+01
2.68136 5.09661e+01
2.69339 5.56503e+01
2.70541 2.24498e+01
2.71743 1.61579e+01
2.72946 1.98004e+01
2.74148 2.46700e+01
2.75351 2.35808e+01
2.76553 2.96485e+01
2.77756 2.61426e+01
2.78958 4.10002e+01
2.80160 2.95997e+01
2.81363 3.17383e+01
2.82565 3.45563e+01
2.83768 3.46472e+01
2.84970 3.23665e+01
2.86172 3.34371e+01
2.87375 3.71731e+01
2.88577 2.77660e+01
2.89780 4.09456e+01
2.90982 2.71840e+01
2.92184 3.33380e+01
2.93387 1.44514e+01
2.94589 -6.01682e+00
2.95792 8.95374e-01
2.96994 7.82325e+00
2.98196 1.60843e+01
2.99399 7.14443e-01
3.00601 1.92590e+01
3.01804 1.98126e+01
3.03006 2.44690e+01
3.04208 2.73508e+01
3.05411 1.57914e+01
3.06613 3.20769e+01
3.07816 2.83465e+01
3.09018 1.86275e+01
3.10220 3.35392e+01
3.11423 3.06110e+01
3.12625 1.26318e+01
3.13828 2.68919e+01
3.15030 2.86961e+01
3.16232 2.95295e+01
3.17435 2.30792e+01
3.18637 3.32606e+01
3.19840 1.78989e+01
3.21042 2.10298e+01
3.22244 3.22265e+01
3.23447 3.23190e+01
3.24649 1.93316e+01
3.25852 3.32085e+01
3.27054 2.17299e+01
3.28257 2.19639e+01
3.29459 2.27638e+01
3.30661 2.09604e+01
3.31864 3.40432e+01
3.33066 4.23252e+01
3.34269 2.18109e+01
3.35471 1.86308e+01
3.36673 2.30058e+01
3.37876 2.16415e+01
3.39078 2.27902e+01
3.40281 3.40599e+01
3.41483 3.50725e+01
3.42685 1.40335e+01
3.43888 3.62449e+01
3.45090 4.07946e+01
3.46293 3.88352e+01
3.47495 2.67179e+01
3.48697 2.55930e+01
3.49900 3.59252e+01
3.51102 2.69186e+01
3.52305 2.45502e+01
3.53507 3.36239e+01
3.54709 7.06305e+00
3.55912 7.38341e-01
3.57114 -2.61575e+00
3.58317 -1.85088e+01
3.59519 -1.26679e+01
3.60721 -3.58456e+01
3.61924 -2.14392e+01
3.63126 -2.74046e+01
3.64329 -1.36933e+01
3.65531 -3.36800e+01
3.66733 -8.02348e+01
3.67936 -8.35866e+01
3.69138 -6.56389e+01
3.70341 -6.08120e+01
3.71543 -4.13776e+01
3.72745 -3.30397e+01
3.73948 -2.49167e+01
3.75150 -2.18302e+01
3.76353 -2.19516e+01
3.77555 -1.36330e+01
3.78758 -1.44774e+01
3.79960 -2.07665e+01
3.81162 -1.51844e+01
3.82365 -1.19400e+01
3.83567 -1.02209e+01
3.84770 -1.56915e+01
3.85972 -1.35100e+01
3.87174 -7.02499e+00
3.88377 -3.80450e+00
3.89579 -2.47928e+00
3.90782 5.69651e+00
3.91984 8.36924e-01
3.93186 -1.55659e+01
3.94389 -1.80984e+01
3.95591 -2.15804e+01
3.96794 -3.51464e+01
3.97996 -3.94014e+01
3.99198 -5.70295e+01
4.00401 -5.51491e+01
4.01603 -4.26543e+01
4.02806 -3.56036e+01
4.04008 -3.29944e+01
4.05210 -3.44834e+01
4.06413 -2.90638e+01
4.07615 -2.21243e+01
4.08818 -2.36758e+01
4.10020 -2.01470e+01
4.11222 -1.98894e+01
4.12425 -1.69467e+01
4.13627 -2.31575e+01
4.14830 -1.89456e+01
4.16032 -1.55868e+01
4.17234 -1.48916e+01
4.18437 -1.40562e+01
4.19639 -1.44038e+01
4.20842 -1.07497e+01
4.22044 -1.19665e+01
4.23246 -1.23276e+01
4.24449 -1.28064e+01
4.25651 -5.85833e+00
4.26854 -8.75195e+00
4.28056 -9.68091e+00
4.29259 -8.02625e+00
4.30461 -1.39290e+01
4.31663 -1.21878e+01
4.32866 -1.01585e+01
4.34068 -7.84469e+00
4.35271 -8.05908e+00
4.36473 3.77990e-02
4.37675 -6.04489e+00
4.38878 -6.72624e+00
4.40080 -9.18773e-02
4.41283 -1.27810e+00
4.42485 -6.29816e-02
4.43687 -2.43071e+00
4.44890 -1.73646e+01
4.46092 -1.78121e+01
4.47295 -2.29929e+01
4.48497 -2.75184e+01
4.49699 -3.06443e+01
4.50902 -3.23274e+01
4.52104 -2.64345e+01
4.53307 -1.94913e+01
4.54509 -2.34216e+01
4.55711 -2.02554e+01
4.56914 -1.45158e+01
4.58116 -1.98878e+01
4.59319 -1.73288e+01
4.60521 -1.68115e+01
4.61723 -1.96684e+01
4.62926 -2.01585e+01
4.64128 -1.66391e+01
4.65331 -1.88418e+01
4.66533 -2.03302e+01
4.67735 -1.96877e+01
4.68938 -1.84759e+01
4.70140 -1.76389e+01
4.71343 -1.68979e+01
4.72545 -1.77070e+01
4.73747 -1.57560e+01
4.74950 -1.80623e+01
4.76152 -1.91659e+01
4.77355 -1.67396e+01
4.78557 -1.69390e+01
4.79760 -1.49857e+01
4.80962 -1.29841e+01
4.82164 -1.38335e+01
4.83367 -1.59285e+01
4.84569 -1.49984e+01
4.85772 -1.17757e+01
4.86974 -1.15465e+01
4.88176 -1.30117e+01
4.89379 -1.25754e+01
4.90581 -1.31666e+01
4.91784 -1.49704e+01
4.92986 -1.28488e+01
4.94188 -1.24892e+01
4.95391 -1.19408e+01
4.96593 -1.41407e+01
4.97796 -1.43211e+01
4.98998 -1.29068e+01
5.00200 -1.42373e+01
5.01403 -1.37790e+01
5.02605 -1.26429e+01
5.03808 -1.22281e+01
5.05010 -1.20046e+01
5.06212 -1.23386e+01
5.07415 -1.73755e+01
5.08617 -1.67099e+01
5.09820 -1.55336e+01
5.11022 -1.47001e+01
5.12224 -2.18303e+01
5.13427 -2.10097e+01
5.14629 -1.95776e+01
5.15832 -1.69427e+01
5.17034 -1.60398e+01
5.18236 -1.70007e+01
5.19439 -1.56169e+01
5.20641 -1.60569e+01
5.21844 -1.68682e+01
5.23046 -1.54414e+01
5.24248 -1.62717e+01
5.25451 -1.67611e+01
5.26653 -1.40736e+01
5.27856 -1.32047e+01
5.29058 -1.37628e+01
5.30261 -1.42833e+01
5.31463 -1.31289e+01
5.32665 -1.29471e+01
5.33868 -1.25140e+01
5.35070 -1.09855e+01
5.36273 -1.15185e+01
5.37475 -1.20109e+01
5.38677 -1.41736e+01
5.39880 -1.46254e+01
5.41082 -1.30234e+01
5.42285 -1.31200e+01
5.43487 -1.27738e+01
5.44689 -1.17164e+01
5.45892 -1.07460e+01
5.47094 -1.09553e+01
5.48297 -1.18802e+01
5.49499 -1.29824e+01
5.50701 -1.13500e+01
5.51904 -1.09322e+01
5.53106 -1.09798e+01
5.54309 -1.02673e+01
5.55511 -1.11396e+01
5.56713 -1.19226e+01
5.57916 -1.22733e+01
5.59118 -1.08503e+01
5.60321 -1.08367e+01
5.61523 -9.57425e+00
5.62725 -1.04309e+01
5.63928 -1.04616e+01
5.65130 -1.00070e+01
5.66333 -9.92394e+00
5.67535 -9.09724e+00
5.68737 -9.00779e+00
5.69940 -8.02839e+00
5.71142 -8.02394e+00
5.72345 -7.84226e+00
5.73547 -6.53310e+00
5.74749 -8.55022e+00
5.75952 -1.12217e+01
5.77154 -1.24772e+01
5.78357 -1.15676e+01
5.79559 -1.32170e+01
5.80762 -1.15473e+01
5.81964 -1.26578e+01
5.83166 -1.12930e+01
5.84369 -1.06889e+01
5.85571 -1.03066e+01
5.86774 -1.07992e+01
5.87976 -1.11668e+01
5.89178 -1.03603e+01
5.90381 -9.90185e+00
5.91583 -1.16898e+01
5.92786 -1.06763e+01
5.93988 -1.08009e+01
5.95190 -1.01745e+01
5.96393 -1.04160e+01
5.97595 -1.04730e+01
5.98798 -1.13388e+01
6.00000 -1.11068e+01
