0.00001 1.79391e+01
0.01202 1.79387e+01
0.02405 1.79378e+01
0.03607 1.79364e+01
0.04810 1.79345e+01
0.06012 1.79321e+01
0.07214 1.79293e+01
0.08417 1.79259e+01
0.09619 1.79221e+01
0.10822 1.79178e+01
0.12024 1.79131e+01
0.13226 1.79078e+01
0.14429 1.79021e+01
0.15631 1.78959e+01
0.16834 1.78892e+01
0.18036 1.78821e+01
0.19238 1.78745e+01
0.20441 1.78664e+01
0.21643 1.78578e+01
0.22846 1.78488e+01
0.24048 1.78393e+01
0.25251 1.78294e+01
0.26453 1.78190e+01
0.27655 1.78081e+01
0.28858 1.77968e+01
0.30060 1.77850e+01
0.31263 1.77728e+01
0.32465 1.77601e+01
0.33667 1.77470e+01
0.34870 1.77334e+01
0.36072 1.77194e+01
0.37275 1.77050e+01
0.38477 1.76901e+01
0.39679 1.76748e+01
0.40882 1.76590e+01
0.42084 1.76429e+01
0.43287 1.76263e+01
0.44489 1.76092e+01
0.45691 1.75918e+01
0.46894 1.75739e+01
0.48096 1.75557e+01
0.49299 1.75370e+01
0.50501 1.75179e+01
0.51703 1.74984e+01
0.52906 1.74786e+01
0.54108 1.74583e+01
0.55311 1.74376e+01
0.56513 1.74166e+01
0.57715 1.73951e+01
0.58918 1.73733e+01
0.60120 1.73511e+01
0.61323 1.73285e+01
0.62525 1.73056e+01
0.63727 1.72823e+01
0.64930 1.72586e+01
0.66132 1.72346e+01
0.67335 1.72102e+01
0.68537 1.71855e+01
0.69739 1.71605e+01
0.70942 1.71350e+01
0.72144 1.71093e+01
0.73347 1.70832e+01
0.74549 1.70568e+01
0.75752 1.70301e+01
0.76954 1.70031e+01
0.78156 1.69757e+01
0.79359 1.69480e+01
0.80561 1.69201e+01
0.81764 1.68918e+01
0.82966 1.68632e+01
0.84168 1.68343e+01
0.85371 1.68052e+01
0.86573 1.67757e+01
0.87776 1.67460e+01
0.88978 1.67160e+01
0.90180 1.66857e+01
0.91383 1.66552e+01
0.92585 1.66244e+01
0.93788 1.65934e+01
0.94990 1.65620e+01
0.96192 1.65305e+01
0.97395 1.64987e+01
0.98597 1.64666e+01
0.99800 1.64343e+01
1.01002 1.64018e+01
1.02204 1.63691e+01
1.03407 1.63361e+01
1.04609 1.63029e+01
1.05812 1.62695e+01
1.07014 1.62359e+01
1.08216 1.62021e+01
1.09419 1.61681e+01
1.10621 1.61338e+01
1.11824 1.60994e+01
1.13026 1.60648e+01
1.14228 1.60300e+01
1.15431 1.59951e+01
1.16633 1.59599e+01
1.17836 1.59246e+01
1.19038 1.58891e+01
1.20240 1.58535e+01
1.21443 1.58177e+01
1.22645 1.57817e+01
1.23848 1.57456e+01
1.25050 1.57093e+01
1.26253 1.56729e+01
1.27455 1.56363e+01
1.28657 1.55997e+01
1.29860 1.55628e+01
1.31062 1.55259e+01
1.32265 1.54888e+01
1.33467 1.54516e+01
1.34669 1.54143e+01
1.35872 1.53769e+01
1.37074 1.53393e+01
1.38277 1.53017e+01
1.39479 1.52640e+01
1.40681 1.52261e+01
1.41884 1.51882e+01
1.43086 1.51501e+01
1.44289 1.51120e+01
1.45491 1.50738e+01
1.46693 1.50355e+01
1.47896 1.49972e+01
1.49098 1.49587e+01
1.50301 1.49202e+01
1.51503 1.48816e+01
1.52705 1.48430e+01
1.53908 1.48043e+01
1.55110 1.47655e+01
1.56313 1.47267e+01
1.57515 1.46878e+01
1.58717 1.46489e+01
1.59920 1.46099e+01
1.61122 1.45709e+01
1.62325 1.45319e+01
1.63527 1.44928e+01
1.64729 1.44537e+01
1.65932 1.44145e+01
1.67134 1.43754e+01
1.68337 1.43361e+01
1.69539 1.42969e+01
1.70741 1.42577e+01
1.71944 1.42184e+01
1.73146 1.41791e+01
1.74349 1.41398e+01
1.75551 1.41005e+01
1.76754 1.40612e+01
1.77956 1.40219e+01
1.79158 1.39826e+01
1.80361 1.39433e+01
1.81563 1.39039e+01
1.82766 1.38646e+01
1.83968 1.38253e+01
1.85170 1.37860e+01
1.86373 1.37468e+01
1.87575 1.37075e+01
1.88778 1.36682e+01
1.89980 1.36290e+01
1.91182 1.35898e+01
1.92385 1.35506e+01
1.93587 1.35114e+01
1.94790 1.34723e+01
1.95992 1.34332e+01
1.97194 1.33941e+01
1.98397 1.33550e+01
1.99599 1.33160e+01
2.00802 1.32771e+01
2.02004 1.32381e+01
2.03206 1.31992e+01
2.04409 1.31604e+01
2.05611 1.31215e+01
2.06814 1.30828e+01
2.08016 1.30440e+01
2.09218 1.30054e+01
2.10421 1.29667e+01
2.11623 1.29282e+01
2.12826 1.28896e+01
2.14028 1.28512e+01
2.15230 1.28128e+01
2.16433 1.27744e+01
2.17635 1.27361e+01
2.18838 1.26979e+01
2.20040 1.26597e+01
2.21242 1.26216e+01
2.22445 1.25836e+01
2.23647 1.25456e+01
2.24850 1.25077e+01
2.26052 1.24698e+01
2.27255 1.24320e+01
2.28457 1.23943e+01
2.29659 1.23567e+01
2.30862 1.23191e+01
2.32064 1.22817e+01
2.33267 1.22442e+01
2.34469 1.22069e+01
2.35671 1.21697e+01
2.36874 1.21325e+01
2.38076 1.20954e+01
2.39279 1.20584e+01
2.40481 1.20214e+01
2.41683 1.19846e+01
2.42886 1.19478e+01
2.44088 1.19111e+01
2.45291 1.18745e+01
2.46493 1.18380e+01
2.47695 1.18015e+01
2.48898 1.17652e+01
2.50100 1.17289e+01
2.51303 1.16928e+01
2.52505 1.16567e+01
2.53707 1.16207e+01
2.54910 1.15848e+01
2.56112 1.15490e+01
2.57315 1.15133e+01
2.58517 1.14776e+01
2.59719 1.14421e+01
2.60922 1.14067e+01
2.62124 1.13713e+01
2.63327 1.13361e+01
2.64529 1.13009e+01
2.65731 1.12659e+01
2.66934 1.12309e+01
2.68136 1.11961e+01
2.69339 1.11613e+01
2.70541 1.11266e+01
2.71743 1.10921e+01
2.72946 1.10576e+01
2.74148 1.10233e+01
2.75351 1.09890e+01
2.76553 1.09548e+01
2.77756 1.09208e+01
2.78958 1.08868e+01
2.80160 1.08529e+01
2.81363 1.08192e+01
2.82565 1.07855e+01
2.83768 1.07520e+01
2.84970 1.07185e+01
2.86172 1.06852e+01
2.87375 1.06519e+01
2.88577 1.06188e+01
2.89780 1.05857e+01
2.90982 1.05528e+01
2.92184 1.05200e+01
2.93387 1.04872e+01
2.94589 1.04546e+01
2.95792 1.04221e+01
2.96994 1.03897e+01
2.98196 1.03574e+01
2.99399 1.03252e+01
3.00601 1.02931e+01
3.01804 1.02611e+01
3.03006 1.02292e+01
3.04208 1.01974e+01
3.05411 1.01657e+01
3.06613 1.01342e+01
3.07816 1.01027e+01
3.09018 1.00714e+01
3.10220 1.00401e+01
3.11423 1.00090e+01
3.12625 9.97793e+00
3.13828 9.94700e+00
3.15030 9.91617e+00
3.16232 9.88545e+00
3.17435 9.85484e+00
3.18637 9.82433e+00
3.19840 9.79393e+00
3.21042 9.76364e+00
3.22244 9.73345e+00
3.23447 9.70337e+00
3.24649 9.67340e+00
3.25852 9.64353e+00
3.27054 9.61377e+00
3.28257 9.58411e+00
3.29459 9.55456e+00
3.30661 9.52511e+00
3.31864 9.49577e+00
3.33066 9.46654e+00
3.34269 9.43741e+00
3.35471 9.40839e+00
3.36673 9.37947e+00
3.37876 9.35066e+00
3.39078 9.32195e+00
3.40281 9.29335e+00
3.41483 9.26486e+00
3.42685 9.23646e+00
3.43888 9.20818e+00
3.45090 9.17999e+00
3.46293 9.15192e+00
3.47495 9.12394e+00
3.48697 9.09607e+00
3.49900 9.06830e+00
3.51102 9.04064e+00
3.52305 9.01308e+00
3.53507 8.98563e+00
3.54709 8.95827e+00
3.55912 8.93102e+00
3.57114 8.90388e+00
3.58317 8.87683e+00
3.59519 8.84989e+00
3.60721 8.82305e+00
3.61924 8.79631e+00
3.63126 8.76967e+00
3.64329 8.74314e+00
3.65531 8.71670e+00
3.66733 8.69037e+00
3.67936 8.66414e+00
3.69138 8.63801e+00
3.70341 8.61198e+00
3.71543 8.58605e+00
3.72745 8.56022e+00
3.73948 8.53448e+00
3.75150 8.50885e+00
3.76353 8.48332e+00
3.77555 8.45789e+00
3.78758 8.43255e+00
3.79960 8.40731e+00
3.81162 8.38217e+00
3.82365 8.35713e+00
3.83567 8.33219e+00
3.84770 8.30735e+00
3.85972 8.28260e+00
3.87174 8.25795e+00
3.88377 8.23339e+00
3.89579 8.20893e+00
3.90782 8.18457e+00
3.91984 8.16030e+00
3.93186 8.13613e+00
3.94389 8.11205e+00
3.95591 8.08807e+00
3.96794 8.06418e+00
3.97996 8.04039e+00
3.99198 8.01669e+00
4.00401 7.99309e+00
4.01603 7.96958e+00
4.02806 7.94616e+00
4.04008 7.92283e+00
4.05210 7.89960e+00
4.06413 7.87646e+00
4.07615 7.85341e+00
4.08818 7.83046e+00
4.10020 7.80759e+00
4.11222 7.78482e+00
4.12425 7.76213e+00
4.13627 7.73954e+00
4.14830 7.71704e+00
4.16032 7.69463e+00
4.17234 7.67230e+00
4.18437 7.65007e+00
4.19639 7.62793e+00
4.20842 7.60587e+00
4.22044 7.58390e+00
4.23246 7.56202e+00
4.24449 7.54023e+00
4.25651 7.51853e+00
4.26854 7.49691e+00
4.28056 7.47538e+00
4.29259 7.45394e+00
4.30461 7.43258e+00
4.31663 7.41131e+00
4.32866 7.39012e+00
4.34068 7.36902e+00
4.35271 7.34801e+00
4.36473 7.32708e+00
4.37675 7.30623e+00
4.38878 7.28547e+00
4.40080 7.26479e+00
4.41283 7.24419e+00
4.42485 7.22368e+00
4.43687 7.20325e+00
4.44890 7.18291e+00
4.46092 7.16264e+00
4.47295 7.14246e+00
4.48497 7.12236e+00
4.49699 7.10234e+00
4.50902 7.08240e+00
4.52104 7.06254e+00
4.53307 7.04277e+00
4.54509 7.02307e+00
4.55711 7.00345e+00
4.56914 6.98391e+00
4.58116 6.96445e+00
4.59319 6.94507e+00
4.60521 6.92577e+00
4.61723 6.90655e+00
4.62926 6.88740e+00
4.64128 6.86833e+00
4.65331 6.84934e+00
4.66533 6.83043e+00
4.67735 6.81159e+00
4.68938 6.79283e+00
4.70140 6.77414e+00
4.71343 6.75553e+00
4.72545 6.73700e+00
4.73747 6.71854e+00
4.74950 6.70016e+00
4.76152 6.68185e+00
4.77355 6.66361e+00
4.78557 6.64545e+00
4.79760 6.62736e+00
4.80962 6.60935e+00
4.82164 6.59141e+00
4.83367 6.57354e+00
4.84569 6.55574e+00
4.85772 6.53802e+00
4.86974 6.52037e+00
4.88176 6.50278e+00
4.89379 6.48528e+00
4.90581 6.46784e+00
4.91784 6.45047e+00
4.92986 6.43317e+00
4.94188 6.41594e+00
4.95391 6.39878e+00
4.96593 6.38170e+00
4.97796 6.36468e+00
4.98998 6.34773e+00
5.00200 6.33084e+00
5.01403 6.31403e+00
5.02605 6.29728e+00
5.03808 6.28061e+00
5.05010 6.26400e+00
5.06212 6.24745e+00
5.07415 6.23098e+00
5.08617 6.21457e+00
5.09820 6.19822e+00
5.11022 6.18194e+00
5.12224 6.16573e+00
5.13427 6.14958e+00
5.14629 6.13350e+00
5.15832 6.11749e+00
5.17034 6.10153e+00
5.18236 6.08565e+00
5.19439 6.06982e+00
5.20641 6.05406e+00
5.21844 6.03837e+00
5.23046 6.02273e+00
5.24248 6.00716e+00
5.25451 5.99166e+00
5.26653 5.97621e+00
5.27856 5.96083e+00
5.29058 5.94551e+00
5.30261 5.93025e+00
5.31463 5.91505e+00
5.32665 5.89991e+00
5.33868 5.88483e+00
5.35070 5.86982e+00
5.36273 5.85486e+00
5.37475 5.83997e+00
5.38677 5.82513e+00
5.39880 5.81035e+00
5.41082 5.79564e+00
5.42285 5.78098e+00
5.43487 5.76638e+00
5.44689 5.75184e+00
5.45892 5.73735e+00
5.47094 5.72293e+00
5.48297 5.70856e+00
5.49499 5.69425e+00
5.50701 5.68000e+00
5.51904 5.66580e+00
5.53106 5.65166e+00
5.54309 5.63758e+00
5.55511 5.62355e+00
5.56713 5.60958e+00
5.57916 5.59566e+00
5.59118 5.58180e+00
5.60321 5.56800e+00
5.61523 5.55425e+00
5.62725 5.54055e+00
5.63928 5.52691e+00
5.65130 5.51333e+00
5.66333 5.49979e+00
5.67535 5.48631e+00
5.68737 5.47289e+00
5.69940 5.45952e+00
5.71142 5.44620e+00
5.72345 5.43293e+00
5.73547 5.41971e+00
5.74749 5.40655e+00
5.75952 5.39344e+00
5.77154 5.38038e+00
5.78357 5.36738e+00
5.79559 5.35442e+00
5.80762 5.34152e+00
5.81964 5.32867e+00
5.83166 5.31586e+00
5.84369 5.30311e+00
5.85571 5.29041e+00
5.86774 5.27776e+00
5.87976 5.26515e+00
5.89178 5.25260e+00
5.90381 5.24010e+00
5.91583 5.22764e+00
5.92786 5.21524e+00
5.93988 5.20288e+00
5.95190 5.19057e+00
5.96393 5.17831e+00
5.97595 5.16610e+00
5.98798 5.15394e+00
6.00000 5.14182e+00
