0.00001 1.83983e-05
0.01202 1.84900e-05
0.02405 1.85826e-05
0.03607 1.86761e-05
0.04810 1.87704e-05
0.06012 1.88655e-05
0.07214 1.89616e-05
0.08417 1.90584e-05
0.09619 1.91562e-05
0.10822 1.92548e-05
0.12024 1.93544e-05
0.13226 1.94549e-05
0.14429 1.95563e-05
0.15631 1.96587e-05
0.16834 1.97620e-05
0.18036 1.98663e-05
0.19238 1.99715e-05
0.20441 2.00778e-05
0.21643 2.01851e-05
0.22846 2.02935e-05
0.24048 2.04028e-05
0.25251 2.05133e-05
0.26453 2.06248e-05
0.27655 2.07374e-05
0.28858 2.08511e-05
0.30060 2.09660e-05
0.31263 2.10820e-05
0.32465 2.11991e-05
0.33667 2.13175e-05
0.34870 2.14370e-05
0.36072 2.15577e-05
0.37275 2.16797e-05
0.38477 2.18030e-05
0.39679 2.19275e-05
0.40882 2.20533e-05
0.42084 2.21804e-05
0.43287 2.23089e-05
0.44489 2.24387e-05
0.45691 2.25699e-05
0.46894 2.27025e-05
0.48096 2.28365e-05
0.49299 2.29720e-05
0.50501 2.31090e-05
0.51703 2.32474e-05
0.52906 2.33874e-05
0.54108 2.35290e-05
0.55311 2.36721e-05
0.56513 2.38168e-05
0.57715 2.39631e-05
0.58918 2.41112e-05
0.60120 2.42609e-05
0.61323 2.44123e-05
0.62525 2.45655e-05
0.63727 2.47205e-05
0.64930 2.48772e-05
0.66132 2.50359e-05
0.67335 2.51964e-05
0.68537 2.53588e-05
0.69739 2.55232e-05
0.70942 2.56896e-05
0.72144 2.58580e-05
0.73347 2.60285e-05
0.74549 2.62011e-05
0.75752 2.63759e-05
0.76954 2.65528e-05
0.78156 2.67320e-05
0.79359 2.69134e-05
0.80561 2.70972e-05
0.81764 2.72833e-05
0.82966 2.74719e-05
0.84168 2.76630e-05
0.85371 2.78565e-05
0.86573 2.80527e-05
0.87776 2.82514e-05
0.88978 2.84529e-05
0.90180 2.86571e-05
0.91383 2.88641e-05
0.92585 2.90739e-05
0.93788 2.92867e-05
0.94990 2.95025e-05
0.96192 2.97214e-05
0.97395 2.99433e-05
0.98597 3.01685e-05
0.99800 3.03969e-05
1.01002 3.06287e-05
1.02204 3.08639e-05
1.03407 3.11027e-05
1.04609 3.13450e-05
1.05812 3.15910e-05
1.07014 3.18408e-05
1.08216 3.20944e-05
1.09419 3.23520e-05
1.10621 3.26137e-05
1.11824 3.28795e-05
1.13026 3.31496e-05
1.14228 3.34241e-05
1.15431 3.37030e-05
1.16633 3.39866e-05
1.17836 3.42750e-05
1.19038 3.45682e-05
1.20240 3.48664e-05
1.21443 3.51698e-05
1.22645 3.54784e-05
1.23848 3.57925e-05
1.25050 3.61123e-05
1.26253 3.64377e-05
1.27455 3.67691e-05
1.28657 3.71067e-05
1.29860 3.74505e-05
1.31062 3.78008e-05
1.32265 3.81578e-05
1.33467 3.85217e-05
1.34669 3.88928e-05
1.35872 3.92712e-05
1.37074 3.96573e-05
1.38277 4.00512e-05
1.39479 4.04532e-05
1.40681 4.08637e-05
1.41884 4.12828e-05
1.43086 4.17110e-05
1.44289 4.21485e-05
1.45491 4.25958e-05
1.46693 4.30530e-05
1.47896 4.35208e-05
1.49098 4.39993e-05
1.50301 4.44891e-05
1.51503 4.49907e-05
1.52705 4.55044e-05
1.53908 4.60309e-05
1.55110 4.65706e-05
1.56313 4.71241e-05
1.57515 4.76920e-05
1.58717 4.82750e-05
1.59920 4.88738e-05
1.61122 4.94891e-05
1.62325 5.01216e-05
1.63527 5.07724e-05
1.64729 5.14421e-05
1.65932 5.21319e-05
1.67134 5.28428e-05
1.68337 5.35758e-05
1.69539 5.43323e-05
1.70741 5.51136e-05
1.71944 5.59210e-05
1.73146 5.67562e-05
1.74349 5.76208e-05
1.75551 5.85167e-05
1.76754 5.94460e-05
1.77956 6.04108e-05
1.79158 6.14137e-05
1.80361 6.24573e-05
1.81563 6.35447e-05
1.82766 6.46791e-05
1.83968 6.58643e-05
1.85170 6.71046e-05
1.86373 6.84045e-05
1.87575 6.97695e-05
1.88778 7.12055e-05
1.89980 7.27195e-05
1.91182 7.43194e-05
1.92385 7.60145e-05
1.93587 7.78153e-05
1.94790 7.97347e-05
1.95992 8.17875e-05
1.97194 8.39918e-05
1.98397 8.63697e-05
1.99599 8.89484e-05
2.00802 9.17626e-05
2.02004 9.48572e-05
2.03206 9.82930e-05
2.04409 1.02157e-04
2.05611 1.06582e-04
2.06814 1.11800e-04
2.08016 1.18290e-04
2.09218 1.27342e-04
2.10421 1.43894e-04
2.11623 1.84547e-04
2.12826 1.78796e-04
2.14028 1.71185e-04
2.15230 1.83580e-04
2.16433 2.07483e-04
2.17635 2.47486e-04
2.18838 3.21740e-04
2.20040 4.94614e-04
2.21242 1.04099e-03
2.22445 1.76198e-03
2.23647 1.62509e-03
2.24850 1.43183e-03
2.26052 1.36882e-03
2.27255 1.76263e-03
2.28457 1.42949e-03
2.29659 1.44755e-03
2.30862 1.70173e-03
2.32064 2.59892e-03
2.33267 4.84350e-03
2.34469 4.60216e-03
2.35671 3.56069e-03
2.36874 3.13306e-03
2.38076 2.68508e-03
2.39279 2.15941e-03
2.40481 2.22200e-03
2.41683 1.46084e-03
2.42886 1.34456e-03
2.44088 1.59877e-03
2.45291 1.26715e-03
2.46493 1.80532e-03
2.47695 2.97830e-03
2.48898 4.85090e-03
2.50100 5.03535e-03
2.51303 4.33302e-03
2.52505 3.92502e-03
2.53707 4.31488e-03
2.54910 4.21750e-03
2.56112 3.47474e-03
2.57315 4.16251e-03
2.58517 5.24479e-03
2.59719 4.38024e-03
2.60922 4.47306e-03
2.62124 7.13906e-03
2.63327 6.34869e-03
2.64529 6.47255e-03
2.65731 7.95401e-03
2.66934 1.03808e-02
2.68136 1.05957e-02
2.69339 7.48615e-03
2.70541 6.68645e-03
2.71743 7.69438e-03
2.72946 6.66936e-03
2.74148 7.56238e-03
2.75351 9.17446e-03
2.76553 1.04256e-02
2.77756 7.67876e-03
2.78958 5.17692e-03
2.80160 5.57398e-03
2.81363 5.76957e-03
2.82565 5.09656e-03
2.83768 4.78812e-03
2.84970 4.61354e-03
2.86172 5.80627e-03
2.87375 5.91500e-03
2.88577 4.97190e-03
2.89780 3.66763e-03
2.90982 3.72879e-03
2.92184 5.82620e-03
2.93387 7.62902e-03
2.94589 7.60410e-03
2.95792 7.22116e-03
2.96994 9.14560e-03
2.98196 8.89208e-03
2.99399 7.09101e-03
3.00601 6.53410e-03
3.01804 6.53818e-03
3.03006 6.70283e-03
3.04208 8.10140e-03
3.05411 9.31943e-03
3.06613 7.89245e-03
3.07816 8.49997e-03
3.09018 9.81459e-03
3.10220 9.24224e-03
3.11423 7.75824e-03
3.12625 9.18432e-03
3.13828 1.25586e-02
3.15030 1.65208e-02
3.16232 1.52011e-02
3.17435 1.51279e-02
3.18637 1.43524e-02
3.19840 1.31415e-02
3.21042 1.23692e-02
3.22244 1.34991e-02
3.23447 1.26962e-02
3.24649 1.39550e-02
3.25852 1.77545e-02
3.27054 1.65034e-02
3.28257 1.54980e-02
3.29459 1.16038e-02
3.30661 7.88156e-03
3.31864 8.06285e-03
3.33066 1.19034e-02
3.34269 1.24514e-02
3.35471 1.18882e-02
3.36673 1.22087e-02
3.37876 1.39120e-02
3.39078 1.41858e-02
3.40281 1.39230e-02
3.41483 1.37764e-02
3.42685 1.76639e-02
3.43888 1.51087e-02
3.45090 1.26105e-02
3.46293 1.38661e-02
3.47495 1.76987e-02
3.48697 2.07606e-02
3.49900 2.19773e-02
3.51102 2.33493e-02
3.52305 2.20568e-02
3.53507 2.02409e-02
3.54709 1.97462e-02
3.55912 2.05955e-02
3.57114 1.93955e-02
3.58317 1.93366e-02
3.59519 1.84943e-02
3.60721 1.66826e-02
3.61924 2.03121e-02
3.63126 2.02554e-02
3.64329 2.00077e-02
3.65531 2.10174e-02
3.66733 2.16423e-02
3.67936 2.22639e-02
3.69138 2.24269e-02
3.70341 2.61179e-02
3.71543 2.78978e-02
3.72745 2.94348e-02
3.73948 3.05497e-02
3.75150 2.40845e-02
3.76353 1.44379e-02
3.77555 1.19004e-02
3.78758 1.15967e-02
3.79960 1.42318e-02
3.81162 1.67532e-02
3.82365 1.52380e-02
3.83567 1.32532e-02
3.84770 1.22443e-02
3.85972 8.47517e-03
3.87174 7.85936e-03
3.88377 9.33300e-03
3.89579 1.05591e-02
3.90782 1.13467e-02
3.91984 1.20173e-02
3.93186 1.47132e-02
3.94389 1.59461e-02
3.95591 1.50073e-02
3.96794 1.37050e-02
3.97996 1.21931e-02
3.99198 1.31163e-02
4.00401 1.37185e-02
4.01603 1.44412e-02
4.02806 1.44635e-02
4.04008 1.35692e-02
4.05210 1.52306e-02
4.06413 1.66666e-02
4.07615 1.66834e-02
4.08818 1.93370e-02
4.10020 2.13659e-02
4.11222 2.32899e-02
4.12425 1.92313e-02
4.13627 1.54317e-02
4.14830 1.65944e-02
4.16032 1.47410e-02
4.17234 1.44652e-02
4.18437 1.62685e-02
4.19639 1.59509e-02
4.20842 1.58377e-02
4.22044 1.75441e-02
4.23246 2.31134e-02
4.24449 2.75824e-02
4.25651 2.86349e-02
4.26854 2.56679e-02
4.28056 2.87380e-02
4.29259 2.29127e-02
4.30461 2.09712e-02
4.31663 2.32018e-02
4.32866 2.21998e-02
4.34068 2.17841e-02
4.35271 1.91630e-02
4.36473 1.63039e-02
4.37675 1.82224e-02
4.38878 1.98667e-02
4.40080 1.68081e-02
4.41283 1.50643e-02
4.42485 1.87626e-02
4.43687 2.22909e-02
4.44890 2.10157e-02
4.46092 2.29886e-02
4.47295 2.48122e-02
4.48497 2.23570e-02
4.49699 2.16950e-02
4.50902 2.04742e-02
4.52104 2.11712e-02
4.53307 2.08039e-02
4.54509 2.23778e-02
4.55711 2.36732e-02
4.56914 2.19669e-02
4.58116 2.26516e-02
4.59319 2.51792e-02
4.60521 2.62414e-02
4.61723 2.19554e-02
4.62926 1.71811e-02
4.64128 1.68405e-02
4.65331 1.67724e-02
4.66533 2.14952e-02
4.67735 2.43203e-02
4.68938 2.38673e-02
4.70140 2.53629e-02
4.71343 2.54181e-02
4.72545 2.53887e-02
4.73747 2.31628e-02
4.74950 2.09453e-02
4.76152 2.34478e-02
4.77355 2.56731e-02
4.78557 2.55346e-02
4.79760 2.59233e-02
4.80962 2.64604e-02
4.82164 2.77260e-02
4.83367 2.65008e-02
4.84569 2.49841e-02
4.85772 2.06957e-02
4.86974 1.72130e-02
4.88176 1.97236e-02
4.89379 2.15243e-02
4.90581 2.40257e-02
4.91784 2.30746e-02
4.92986 2.31004e-02
4.94188 2.73009e-02
4.95391 2.48026e-02
4.96593 2.43445e-02
4.97796 2.44403e-02
4.98998 2.73046e-02
5.00200 2.43582e-02
5.01403 2.01969e-02
5.02605 2.15981e-02
5.03808 2.41107e-02
5.05010 2.54121e-02
5.06212 2.48660e-02
5.07415 2.62590e-02
5.08617 2.62894e-02
5.09820 2.68641e-02
5.11022 2.71570e-02
5.12224 3.12217e-02
5.13427 2.87891e-02
5.14629 2.25481e-02
5.15832 2.18386e-02
5.17034 2.41517e-02
5.18236 2.69004e-02
5.19439 2.56106e-02
5.20641 2.56685e-02
5.21844 2.39323e-02
5.23046 2.06092e-02
5.24248 2.34719e-02
5.25451 2.76373e-02
5.26653 2.69166e-02
5.27856 2.72798e-02
5.29058 2.71112e-02
5.30261 2.33884e-02
5.31463 1.98651e-02
5.32665 1.99981e-02
5.33868 2.07319e-02
5.35070 2.22335e-02
5.36273 2.00210e-02
5.37475 1.49511e-02
5.38677 1.50270e-02
5.39880 1.43129e-02
5.41082 1.62802e-02
5.42285 1.85200e-02
5.43487 2.20178e-02
5.44689 2.64639e-02
5.45892 2.76982e-02
5.47094 2.57586e-02
5.48297 2.08323e-02
5.49499 2.39321e-02
5.50701 2.63938e-02
5.51904 2.01947e-02
5.53106 1.68467e-02
5.54309 1.76854e-02
5.55511 1.99969e-02
5.56713 2.06647e-02
5.57916 2.17016e-02
5.59118 2.03175e-02
5.60321 1.98068e-02
5.61523 2.15315e-02
5.62725 2.26422e-02
5.63928 1.81501e-02
5.65130 2.09669e-02
5.66333 2.02159e-02
5.67535 2.23322e-02
5.68737 2.15814e-02
5.69940 2.09836e-02
5.71142 1.87181e-02
5.72345 2.09329e-02
5.73547 2.26253e-02
5.74749 2.39384e-02
5.75952 2.45497e-02
5.77154 2.33935e-02
5.78357 2.26781e-02
5.79559 2.71586e-02
5.80762 2.68917e-02
5.81964 2.28628e-02
5.83166 2.06705e-02
5.84369 2.32266e-02
5.85571 2.47742e-02
5.86774 2.33136e-02
5.87976 2.34523e-02
5.89178 2.57942e-02
5.90381 3.01475e-02
5.91583 3.46204e-02
5.92786 3.20252e-02
5.93988 2.95985e-02
5.95190 3.34157e-02
5.96393 3.21589e-02
5.97595 3.38713e-02
5.98798 3.46380e-02
6.00000 2.97289e-02
