0.00001 1.12866e-03 
0.01200 5.37382e-04 
0.02400 6.70217e-04 
0.03600 8.40018e-04 
0.04800 1.02178e-03 
0.06000 1.18086e-03 
0.07200 1.29106e-03 
0.08400 1.33978e-03 
0.09600 1.33318e-03 
0.10800 1.29374e-03 
0.12000 1.24485e-03 
0.13200 1.19240e-03 
0.14400 1.12512e-03 
0.15600 1.03768e-03 
0.16800 9.46945e-04 
0.18000 8.79059e-04 
0.19200 8.46576e-04 
0.20400 8.43646e-04 
0.21600 8.57177e-04 
0.22800 8.76762e-04 
0.24000 8.96908e-04 
0.25200 9.15379e-04 
0.26400 9.31449e-04 
0.27600 9.44985e-04 
0.28800 9.56068e-04 
0.30000 9.64858e-04 
0.31200 9.71529e-04 
0.32400 9.76255e-04 
0.33600 9.79188e-04 
0.34800 9.80463e-04 
0.36000 9.80191e-04 
0.37200 9.78466e-04 
0.38400 9.75368e-04 
0.39600 9.70970e-04 
0.40800 9.65341e-04 
0.42000 9.58553e-04 
0.43200 9.50684e-04 
0.44400 9.41820e-04 
0.45600 9.32057e-04 
0.46800 9.21500e-04 
0.48000 9.10261e-04 
0.49200 8.98455e-04 
0.50400 8.86203e-04 
0.51600 8.73621e-04 
0.52800 8.60821e-04 
0.54000 8.47909e-04 
0.55200 8.34979e-04 
0.56400 8.22114e-04 
0.57600 8.09384e-04 
0.58800 7.96844e-04 
0.60000 7.84538e-04 
0.61200 7.72493e-04 
0.62400 7.60728e-04 
0.63600 7.49249e-04 
0.64800 7.38052e-04 
0.66000 7.27128e-04 
0.67200 7.16459e-04 
0.68400 7.06025e-04 
0.69600 6.95802e-04 
0.70800 6.85765e-04 
0.72000 6.75889e-04 
0.73200 6.66149e-04 
0.74400 6.56522e-04 
0.75600 6.46987e-04 
0.76800 6.37524e-04 
0.78000 6.28120e-04 
0.79200 6.18760e-04 
0.80400 6.09434e-04 
0.81600 6.00136e-04 
0.82800 5.90862e-04 
0.84000 5.81609e-04 
0.85200 5.72378e-04 
0.86400 5.63171e-04 
0.87600 5.53992e-04 
0.88800 5.44848e-04 
0.90000 5.35744e-04 
0.91200 5.26689e-04 
0.92400 5.17691e-04 
0.93600 5.08759e-04 
0.94800 4.99901e-04 
0.96000 4.91128e-04 
0.97200 4.82448e-04 
0.98400 4.73870e-04 
0.99600 4.65403e-04 
1.00800 4.57055e-04 
1.02000 4.48834e-04 
1.03200 4.40745e-04 
1.04400 4.32796e-04 
1.05600 4.24992e-04 
1.06800 4.17338e-04 
1.08000 4.09838e-04 
1.09200 4.02496e-04 
1.10400 3.95315e-04 
1.11600 3.88297e-04 
1.12800 3.81444e-04 
1.14000 3.74758e-04 
1.15200 3.68240e-04 
1.16400 3.61891e-04 
1.17600 3.55713e-04 
1.18800 3.49706e-04 
1.20000 3.43872e-04 
1.21200 3.38213e-04 
1.22400 3.32732e-04 
1.23600 3.27431e-04 
1.24800 3.22314e-04 
1.26000 3.17387e-04 
1.27200 3.12655e-04 
1.28400 3.08128e-04 
1.29600 3.03814e-04 
1.30800 2.99726e-04 
1.32000 2.95878e-04 
1.33200 2.92287e-04 
1.34400 2.88974e-04 
1.35600 2.85962e-04 
1.36800 2.83279e-04 
1.38000 2.80958e-04 
1.39200 2.79035e-04 
1.40400 2.77555e-04 
1.41600 2.76566e-04 
1.42800 2.76125e-04 
1.44000 2.76297e-04 
1.45200 2.77154e-04 
1.46400 2.78780e-04 
1.47600 2.81269e-04 
1.48800 2.84728e-04 
1.50000 2.89276e-04 
1.51200 2.95049e-04 
1.52400 3.02198e-04 
1.53600 3.10894e-04 
1.54800 3.21328e-04 
1.56000 3.33714e-04 
1.57200 3.48290e-04 
1.58400 3.65324e-04 
1.59600 3.85115e-04 
1.60800 4.07995e-04 
1.62000 4.34336e-04 
1.63200 4.64549e-04 
1.64400 4.99095e-04 
1.65600 5.38486e-04 
1.66800 5.83291e-04 
1.68000 6.34141e-04 
1.69200 6.91740e-04 
1.70400 7.56868e-04 
1.71600 8.30392e-04 
1.72800 9.13274e-04 
1.74000 1.00658e-03 
1.75200 1.11151e-03 
1.76400 1.22936e-03 
1.77600 1.36161e-03 
1.78800 1.50987e-03 
1.80000 1.67596e-03 
1.81200 1.86187e-03 
1.82400 2.06983e-03 
1.83600 2.30231e-03 
1.84800 2.56207e-03 
1.86000 2.85216e-03 
1.87200 3.17599e-03 
1.88400 3.53735e-03 
1.89600 3.94048e-03 
1.90800 4.39009e-03 
1.92000 4.89144e-03 
1.93200 5.45043e-03 
1.94400 6.07365e-03 
1.95600 6.76851e-03 
1.96800 7.54333e-03 
1.98000 8.40752e-03 
1.99200 9.37178e-03 
2.00400 1.04483e-02 
2.01600 1.16512e-02 
2.02800 1.29971e-02 
2.04000 1.45068e-02 
2.05200 1.62145e-02 
2.06400 1.82010e-02 
2.07600 2.06672e-02 
2.08800 2.39434e-02 
2.10000 2.81605e-02 
2.11200 3.27345e-02 
2.12400 3.67000e-02 
2.13600 3.99817e-02 
2.14800 4.36928e-02 
2.16000 4.89871e-02 
2.17200 5.64184e-02 
2.18400 6.65428e-02 
2.19600 8.14130e-02 
2.20800 1.06394e-01 
2.22000 2.63911e-01 
2.23200 1.77916e-01 
2.24400 1.67163e-01 
2.25600 1.48668e-01 
2.26800 1.74838e-01 
2.28000 1.72443e-01 
2.29200 1.63457e-01 
2.30400 1.89219e-01 
2.31600 2.03978e-01 
2.32800 1.90168e-01 
2.34000 2.16214e-01 
2.35200 2.20764e-01 
2.36400 1.90399e-01 
2.37600 1.89062e-01 
2.38800 1.89487e-01 
2.40000 1.89978e-01 
2.41200 1.90629e-01 
2.42400 1.91579e-01 
2.43600 1.93013e-01 
2.44800 1.95151e-01 
2.46000 1.98241e-01 
2.47200 2.02582e-01 
2.48400 2.08613e-01 
2.49600 2.24788e-01 
2.50800 2.50336e-01 
2.52000 2.37256e-01 
2.53200 2.48595e-01 
2.54400 2.60479e-01 
2.55600 2.72083e-01 
2.56800 2.83375e-01 
2.58000 2.94449e-01 
2.59200 3.05255e-01 
2.60400 3.15529e-01 
2.61600 3.24967e-01 
2.62800 3.33473e-01 
2.64000 3.41267e-01 
2.65200 3.48777e-01 
2.66400 3.56360e-01 
2.67600 3.64054e-01 
2.68800 3.71543e-01 
2.70000 3.78490e-01 
2.71200 3.85166e-01 
2.72400 3.92912e-01 
2.73600 4.03416e-01 
2.74800 4.16486e-01 
2.76000 4.29019e-01 
2.77200 4.38114e-01 
2.78400 4.44499e-01 
2.79600 4.50694e-01 
2.80800 4.57318e-01 
2.82000 4.63456e-01 
2.83200 4.69631e-01 
2.84400 4.78740e-01 
2.85600 4.92033e-01 
2.86800 5.04231e-01 
2.88000 5.09633e-01 
2.89200 5.11499e-01 
2.90400 5.15706e-01 
2.91600 5.22453e-01 
2.92800 5.29372e-01 
2.94000 5.35786e-01 
2.95200 5.42829e-01 
2.96400 5.51835e-01 
2.97600 5.62548e-01 
2.98800 5.72668e-01 
3.00000 5.79875e-01 
3.01200 5.84320e-01 
3.02400 5.88253e-01 
3.03600 5.93494e-01 
3.04800 6.00172e-01 
3.06000 6.07502e-01 
3.07200 6.14850e-01 
3.08400 6.22078e-01 
3.09600 6.29415e-01 
3.10800 6.37219e-01 
3.12000 6.45773e-01 
3.13200 6.55137e-01 
3.14400 6.65108e-01 
3.15600 6.75310e-01 
3.16800 6.85368e-01 
3.18000 6.95088e-01 
3.19200 7.04543e-01 
3.20400 7.14008e-01 
3.21600 7.23819e-01 
3.22800 7.34231e-01 
3.24000 7.45355e-01 
3.25200 7.57187e-01 
3.26400 7.69687e-01 
3.27600 7.82862e-01 
3.28800 7.96830e-01 
3.30000 8.11857e-01 
3.31200 8.28398e-01 
3.32400 8.47118e-01 
3.33600 8.68871e-01 
3.34800 8.94566e-01 
3.36000 9.24912e-01 
3.37200 9.60135e-01 
3.38400 9.99863e-01 
3.39600 1.04333e+00 
3.40800 1.08974e+00 
3.42000 1.13839e+00 
3.43200 1.18809e+00 
3.44400 1.23609e+00 
3.45600 1.27884e+00 
3.46800 1.31436e+00 
3.48000 1.34492e+00 
3.49200 1.37946e+00 
3.50400 1.43019e+00 
3.51600 1.50893e+00 
3.52800 1.66337e+00 
3.54000 1.59718e+00 
3.55200 1.39748e+00 
3.56400 1.33626e+00 
3.57600 1.29776e+00 
3.58800 1.25756e+00 
3.60000 1.20778e+00 
3.61200 1.15283e+00 
3.62400 1.10608e+00 
3.63600 1.07748e+00 
3.64800 1.06474e+00 
3.66000 1.06059e+00 
3.67200 1.05986e+00 
3.68400 1.06016e+00 
3.69600 1.06055e+00 
3.70800 1.06066e+00 
3.72000 1.06035e+00 
3.73200 1.05958e+00 
3.74400 1.05836e+00 
3.75600 1.05670e+00 
3.76800 1.05464e+00 
3.78000 1.05224e+00 
3.79200 1.04955e+00 
3.80400 1.04664e+00 
3.81600 1.04358e+00 
3.82800 1.04043e+00 
3.84000 1.03727e+00 
3.85200 1.03414e+00 
3.86400 1.03111e+00 
3.87600 1.02822e+00 
3.88800 1.02550e+00 
3.90000 1.02299e+00 
3.91200 1.02072e+00 
3.92400 1.01869e+00 
3.93600 1.01694e+00 
3.94800 1.01547e+00 
3.96000 1.01431e+00 
3.97200 1.01347e+00 
3.98400 1.01298e+00 
3.99600 1.01285e+00 
4.00800 1.01313e+00 
4.02000 1.01383e+00 
4.03200 1.01498e+00 
4.04400 1.01662e+00 
4.05600 1.01877e+00 
4.06800 1.02145e+00 
4.08000 1.02469e+00 
4.09200 1.02849e+00 
4.10400 1.03288e+00 
4.11600 1.03786e+00 
4.12800 1.04344e+00 
4.14000 1.04964e+00 
4.15200 1.05644e+00 
4.16400 1.06387e+00 
4.17600 1.07192e+00 
4.18800 1.08057e+00 
4.20000 1.08980e+00 
4.21200 1.09958e+00 
4.22400 1.10987e+00 
4.23600 1.12064e+00 
4.24800 1.13189e+00 
4.26000 1.14368e+00 
4.27200 1.15609e+00 
4.28400 1.16928e+00 
4.29600 1.18341e+00 
4.30800 1.19861e+00 
4.32000 1.21500e+00 
4.33200 1.23267e+00 
4.34400 1.25180e+00 
4.35600 1.27278e+00 
4.36800 1.29630e+00 
4.38000 1.32324e+00 
4.39200 1.35420e+00 
4.40400 1.38962e+00 
4.41600 1.43090e+00 
4.42800 1.47974e+00 
4.44000 1.54107e+00 
4.45200 1.64803e+00 
4.46400 1.83868e+00 
4.47600 1.90425e+00 
4.48800 1.76467e+00 
4.50000 1.68372e+00 
4.51200 1.60389e+00 
4.52400 1.53120e+00 
4.53600 1.49717e+00 
4.54800 1.48422e+00 
4.56000 1.47657e+00 
4.57200 1.47042e+00 
4.58400 1.46549e+00 
4.59600 1.46191e+00 
4.60800 1.45971e+00 
4.62000 1.45883e+00 
4.63200 1.45916e+00 
4.64400 1.46058e+00 
4.65600 1.46302e+00 
4.66800 1.46639e+00 
4.68000 1.47064e+00 
4.69200 1.47573e+00 
4.70400 1.48158e+00 
4.71600 1.48806e+00 
4.72800 1.49500e+00 
4.74000 1.50214e+00 
4.75200 1.50915e+00 
4.76400 1.51563e+00 
4.77600 1.52118e+00 
4.78800 1.52540e+00 
4.80000 1.52803e+00 
4.81200 1.52891e+00 
4.82400 1.52819e+00 
4.83600 1.52639e+00 
4.84800 1.52460e+00 
4.86000 1.52394e+00 
4.87200 1.52408e+00 
4.88400 1.52236e+00 
4.89600 1.51613e+00 
4.90800 1.50604e+00 
4.92000 1.49543e+00 
4.93200 1.48679e+00 
4.94400 1.48033e+00 
4.95600 1.47521e+00 
4.96800 1.47077e+00 
4.98000 1.46672e+00 
4.99200 1.46296e+00 
5.00400 1.45943e+00 
5.01600 1.45609e+00 
5.02800 1.45293e+00 
5.04000 1.44991e+00 
5.05200 1.44705e+00 
5.06400 1.44436e+00 
5.07600 1.44185e+00 
5.08800 1.43956e+00 
5.10000 1.43751e+00 
5.11200 1.43574e+00 
5.12400 1.43427e+00 
5.13600 1.43313e+00 
5.14800 1.43232e+00 
5.16000 1.43185e+00 
5.17200 1.43172e+00 
5.18400 1.43193e+00 
5.19600 1.43247e+00 
5.20800 1.43334e+00 
5.22000 1.43453e+00 
5.23200 1.43603e+00 
5.24400 1.43785e+00 
5.25600 1.44000e+00 
5.26800 1.44248e+00 
5.28000 1.44530e+00 
5.29200 1.44849e+00 
5.30400 1.45203e+00 
5.31600 1.45595e+00 
5.32800 1.46023e+00 
5.34000 1.46486e+00 
5.35200 1.46980e+00 
5.36400 1.47501e+00 
5.37600 1.48042e+00 
5.38800 1.48597e+00 
5.40000 1.49157e+00 
5.41200 1.49712e+00 
5.42400 1.50253e+00 
5.43600 1.50770e+00 
5.44800 1.51255e+00 
5.46000 1.51698e+00 
5.47200 1.52093e+00 
5.48400 1.52433e+00 
5.49600 1.52714e+00 
5.50800 1.52934e+00 
5.52000 1.53091e+00 
5.53200 1.53187e+00 
5.54400 1.53223e+00 
5.55600 1.53205e+00 
5.56800 1.53138e+00 
5.58000 1.53029e+00 
5.59200 1.52886e+00 
5.60400 1.52718e+00 
5.61600 1.52533e+00 
5.62800 1.52339e+00 
5.64000 1.52145e+00 
5.65200 1.51955e+00 
5.66400 1.51773e+00 
5.67600 1.51601e+00 
5.68800 1.51440e+00 
5.70000 1.51289e+00 
5.71200 1.51142e+00 
5.72400 1.50976e+00 
5.73600 1.50737e+00 
5.74800 1.50333e+00 
5.76000 1.49691e+00 
5.77200 1.48832e+00 
5.78400 1.47894e+00 
5.79600 1.47033e+00 
5.80800 1.46329e+00 
5.82000 1.45770e+00 
5.83200 1.45312e+00 
5.84400 1.44914e+00 
5.85600 1.44555e+00 
5.86800 1.44223e+00 
5.88000 1.43911e+00 
5.89200 1.43615e+00 
5.90400 1.43332e+00 
5.91600 1.43060e+00 
5.92800 1.42798e+00 
5.94000 1.42546e+00 
5.95200 1.42303e+00 
5.96400 1.42069e+00 
5.97600 1.41845e+00 
5.98800 1.41630e+00 
