  300.00 -12.00000  6.66105e+03  6.71552e+03  6.71552e+03 -6.71031e+01 -6.71013e+01  7.33470e+01
  300.00 -11.97154  1.85168e+04  1.86675e+04  1.86675e+04 -1.85695e+02 -1.85690e+02  2.02654e+02
  300.00 -11.94309  5.13104e+04  5.17257e+04  5.17257e+04 -5.12038e+02 -5.12024e+02  5.57833e+02
  300.00 -11.91463  1.41692e+05  1.42832e+05  1.42832e+05 -1.40640e+03 -1.40636e+03  1.52926e+03
  300.00 -11.88617  3.89810e+05  3.92926e+05  3.92926e+05 -3.84645e+03 -3.84635e+03  4.17361e+03
  300.00 -11.85772  1.06802e+06  1.07650e+06  1.07650e+06 -1.04706e+04 -1.04703e+04  1.13343e+04
  300.00 -11.82926  2.91306e+06  2.93600e+06  2.93601e+06 -2.83552e+04 -2.83544e+04  3.06129e+04
  300.00 -11.80080  7.90620e+06  7.96794e+06  7.96794e+06 -7.63473e+04 -7.63452e+04  8.21794e+04
  300.00 -11.77234  2.13405e+07  2.15055e+07  2.15056e+07 -2.04251e+05 -2.04245e+05  2.19104e+05
  300.00 -11.74389  5.72522e+07  5.76901e+07  5.76901e+07 -5.42500e+05 -5.42485e+05  5.79675e+05
  300.00 -11.71543  1.52551e+08  1.53703e+08  1.53703e+08 -1.42918e+06 -1.42914e+06  1.52019e+06
  300.00 -11.68697  4.03364e+08  4.06367e+08  4.06367e+08 -3.73017e+06 -3.73007e+06  3.94660e+06
  300.00 -11.65852  1.05728e+09  1.06502e+09  1.06502e+09 -9.63186e+06 -9.63160e+06  1.01263e+07
  300.00 -11.63006  2.74375e+09  2.76345e+09  2.76345e+09 -2.45623e+07 -2.45616e+07  2.56264e+07
  300.00 -11.60160  7.03868e+09  7.08805e+09  7.08805e+09 -6.17216e+07 -6.17199e+07  6.37927e+07
  300.00 -11.57315  1.78151e+10  1.79366e+10  1.79366e+10 -1.52392e+08 -1.52388e+08  1.55653e+08
  300.00 -11.54469  4.43778e+10  4.46700e+10  4.46701e+10 -3.68275e+08 -3.68265e+08  3.70447e+08
  300.00 -11.51623  1.08450e+11  1.09133e+11  1.09133e+11 -8.66491e+08 -8.66467e+08  8.53925e+08
  300.00 -11.48778  2.58886e+11  2.60425e+11  2.60425e+11 -1.96968e+09 -1.96962e+09  1.88603e+09
  300.00 -11.45932  6.00048e+11  6.03345e+11  6.03345e+11 -4.27443e+09 -4.27430e+09  3.91928e+09
  300.00 -11.43086  1.33853e+12  1.34507e+12  1.34507e+12 -8.67765e+09 -8.67739e+09  7.39702e+09
  300.00 -11.40240  2.83488e+12  2.84632e+12  2.84632e+12 -1.58639e+10 -1.58634e+10  1.16383e+10
  300.00 -11.37395  5.58322e+12  5.59857e+12  5.59857e+12 -2.41885e+10 -2.41878e+10  1.09892e+10
  300.00 -11.34549  9.96100e+12  9.96913e+12  9.96914e+12 -2.72140e+10 -2.72131e+10 -1.13514e+10
  300.00 -11.31703  1.58769e+13  1.58603e+13  1.58603e+13 -2.97576e+10 -2.97571e+10 -5.73083e+10
  300.00 -11.28858  2.29317e+13  2.29491e+13  2.29491e+13 -6.42307e+10 -6.42311e+10 -2.66243e+10
  300.00 -11.26012  3.16901e+13  3.18337e+13  3.18337e+13 -8.03474e+10 -8.03484e+10  9.02626e+10
  300.00 -11.23166  4.33118e+13  4.33617e+13  4.33617e+13 -9.36516e+10 -9.36499e+10  1.00482e+11
  300.00 -11.20321  5.37369e+13  5.35861e+13  5.35861e+13 -1.35682e+11 -1.35681e+11 -4.36702e+10
  300.00 -11.17475  6.83756e+13  6.82641e+13  6.82640e+13 -7.50028e+10 -7.50148e+10 -2.60047e+11
  300.00 -11.14629  9.10663e+13  9.09550e+13  9.09550e+13  8.53433e+10  8.53329e+10 -1.90365e+11
  300.00 -11.11784  1.09710e+14  1.09601e+14  1.09601e+14 -4.30614e+10 -4.30585e+10  2.14992e+11
  300.00 -11.08938  1.15580e+14  1.15828e+14  1.15828e+14 -1.33093e+11 -1.33085e+11  4.56270e+11
  300.00 -11.06092  1.40131e+14  1.40398e+14  1.40398e+14  2.10856e+11  2.10852e+11  1.64163e+11
  300.00 -11.03246  1.79672e+14  1.79560e+14  1.79560e+14  2.35079e+11  2.35068e+11 -3.79161e+11
  300.00 -11.00401  2.09987e+14  2.09584e+14  2.09584e+14  1.92169e+10  1.92040e+10 -4.68565e+11
  300.00 -10.97555  2.12065e+14  2.11904e+14  2.11904e+14  2.52378e+10  2.52313e+10  1.84541e+11
  300.00 -10.94709  2.16392e+14  2.16182e+14  2.16182e+14  1.22972e+11  1.22976e+11  3.69322e+11
  300.00 -10.91864  2.60845e+14  2.60580e+14  2.60580e+14  5.85361e+10  5.85445e+10  8.56240e+10
  300.00 -10.89018  3.28589e+14  3.29482e+14  3.29482e+14  3.69437e+11  3.69445e+11  4.77917e+11
  300.00 -10.86172  3.46088e+14  3.47549e+14  3.47549e+14  5.17701e+11  5.17701e+11  3.71649e+11
  300.00 -10.83327  3.50322e+14  3.50539e+14  3.50539e+14  3.07280e+11  3.07284e+11 -1.34229e+10
  300.00 -10.80481  3.76383e+14  3.74938e+14  3.74938e+14 -3.03477e+10 -3.03198e+10 -1.71586e+11
  300.00 -10.77635  3.94656e+14  3.93397e+14  3.93397e+14  2.31896e+11  2.31919e+11 -1.19293e+11
  300.00 -10.74790  4.13659e+14  4.14129e+14  4.14129e+14  3.61442e+11  3.61450e+11  1.57170e+11
  300.00 -10.71944  5.10445e+14  5.11851e+14  5.11851e+14 -5.48135e+11 -5.48136e+11 -5.35978e+10
  300.00 -10.69098  5.82139e+14  5.82744e+14  5.82744e+14 -2.92279e+11 -2.92279e+11 -3.37884e+09
  300.00 -10.66253  5.72208e+14  5.72242e+14  5.72242e+14  5.12867e+11  5.12872e+11  9.25555e+10
  300.00 -10.63407  5.40471e+14  5.40013e+14  5.40013e+14  3.27588e+11  3.27605e+11  2.78924e+11
  300.00 -10.60561  5.56819e+14  5.56452e+14  5.56452e+14 -2.35039e+11 -2.35014e+11  2.64802e+11
  300.00 -10.57715  6.47703e+14  6.47894e+14  6.47894e+14 -7.54410e+11 -7.54407e+11  6.43611e+11
  300.00 -10.54870  7.01896e+14  7.01358e+14  7.01358e+14 -3.45555e+11 -3.45540e+11 -1.99748e+11
  300.00 -10.52024  7.44162e+14  7.43839e+14  7.43839e+14 -5.16471e+11 -5.16485e+11 -1.42857e+12
  300.00 -10.49178  8.47541e+14  8.48881e+14  8.48881e+14 -6.53634e+11 -6.53643e+11  8.29958e+11
  300.00 -10.46333  8.69085e+14  8.70680e+14  8.70680e+14 -1.00798e+12 -1.00795e+12  1.68330e+12
  300.00 -10.43487  7.66123e+14  7.65275e+14  7.65275e+14 -9.20457e+11 -9.20478e+11 -5.79250e+11
  300.00 -10.40641  7.82322e+14  7.80167e+14  7.80167e+14  3.09666e+11  3.09612e+11 -9.23776e+11
  300.00 -10.37796  9.10893e+14  9.11320e+14  9.11320e+14  5.15646e+11  5.15629e+11 -3.05306e+11
  300.00 -10.34950  1.04220e+15  1.04339e+15  1.04339e+15 -6.73736e+11 -6.73742e+11 -6.74720e+11
  300.00 -10.32104  1.02627e+15  1.02577e+15  1.02577e+15 -1.45673e+12 -1.45673e+12  2.97191e+11
  300.00 -10.29259  9.97705e+14  9.96781e+14  9.96781e+14 -9.64793e+10 -9.64983e+10  3.10349e+11
  300.00 -10.26413  1.14638e+15  1.14582e+15  1.14582e+15  8.19295e+11  8.19254e+11 -8.66553e+11
  300.00 -10.23567  1.21862e+15  1.21802e+15  1.21802e+15 -2.10204e+11 -2.10212e+11 -7.63466e+11
  300.00 -10.20721  1.15566e+15  1.15632e+15  1.15632e+15 -6.80210e+10 -6.79940e+10 -4.89119e+11
  300.00 -10.17876  1.16896e+15  1.16961e+15  1.16961e+15  7.73036e+11  7.72999e+11 -8.75144e+11
  300.00 -10.15030  1.21702e+15  1.21561e+15  1.21560e+15  7.46814e+10  7.45989e+10 -8.25434e+11
  300.00 -10.12184  1.21530e+15  1.21540e+15  1.21540e+15 -8.20032e+10 -8.20000e+10  9.47255e+11
  300.00 -10.09339  1.33824e+15  1.33945e+15  1.33945e+15  3.09419e+11  3.09496e+11  8.51256e+11
  300.00 -10.06493  1.54131e+15  1.54043e+15  1.54043e+15  4.58785e+11  4.58814e+11 -4.51060e+11
  300.00 -10.03647  1.55214e+15  1.55187e+15  1.55187e+15  1.39540e+12  1.39534e+12 -5.34030e+11
  300.00 -10.00802  1.48125e+15  1.48227e+15  1.48227e+15  1.51631e+12  1.51625e+12  2.00847e+12
  300.00 -9.97956  1.49783e+15  1.50024e+15  1.50024e+15 -4.62108e+11 -4.62096e+11  1.95490e+12
  300.00 -9.95110  1.52948e+15  1.53071e+15  1.53071e+15 -1.40400e+12 -1.40398e+12  2.03788e+11
  300.00 -9.92265  1.62185e+15  1.62076e+15  1.62076e+15  3.79116e+11  3.79098e+11  2.10408e+11
  300.00 -9.89419  1.67110e+15  1.66988e+15  1.66988e+15  2.13551e+12  2.13550e+12  1.62505e+12
  300.00 -9.86573  1.57804e+15  1.57801e+15  1.57801e+15  2.89063e+11  2.89083e+11  1.71487e+12
  300.00 -9.83727  1.72164e+15  1.72322e+15  1.72322e+15 -1.51764e+12 -1.51760e+12  1.20079e+11
  300.00 -9.80882  2.03222e+15  2.03275e+15  2.03275e+15 -6.65485e+11 -6.65424e+11 -4.58997e+10
  300.00 -9.78036  2.07369e+15  2.07233e+15  2.07233e+15 -3.22136e+11 -3.22084e+11  1.01118e+12
  300.00 -9.75190  1.82614e+15  1.82724e+15  1.82724e+15  2.78795e+10  2.78274e+10  2.95650e+12
  300.00 -9.72345  1.73991e+15  1.74189e+15  1.74189e+15  5.97311e+11  5.97274e+11  2.40455e+12
  300.00 -9.69499  1.95112e+15  1.94966e+15  1.94966e+15 -3.29640e+10 -3.28843e+10 -5.93723e+11
  300.00 -9.66653  2.13265e+15  2.12937e+15  2.12937e+15  4.74018e+10  4.74638e+10 -3.05084e+12
  300.00 -9.63808  2.14777e+15  2.14796e+15  2.14796e+15 -1.00045e+11 -1.00073e+11 -9.64022e+11
  300.00 -9.60962  2.07667e+15  2.07907e+15  2.07907e+15  2.80671e+11  2.80654e+11  1.82774e+12
  300.00 -9.58116  2.07060e+15  2.07025e+15  2.07025e+15  8.36086e+11  8.36083e+11  1.22765e+11
  300.00 -9.55271  2.22656e+15  2.22710e+15  2.22710e+15  8.22542e+11  8.22530e+11 -1.90042e+12
  300.00 -9.52425  2.39620e+15  2.39732e+15  2.39732e+15  7.33461e+11  7.33508e+11 -2.14789e+12
  300.00 -9.49579  2.38376e+15  2.38124e+15  2.38124e+15 -1.00621e+12 -1.00618e+12 -1.06166e+12
  300.00 -9.46733  2.23653e+15  2.23321e+15  2.23321e+15 -2.38837e+12 -2.38841e+12  2.35472e+11
  300.00 -9.43888  2.34536e+15  2.34485e+15  2.34485e+15 -2.13435e+11 -2.13462e+11 -8.27117e+11
  300.00 -9.41042  2.49680e+15  2.49749e+15  2.49749e+15  1.92440e+12  1.92446e+12 -2.86564e+12
  300.00 -9.38196  2.48238e+15  2.48433e+15  2.48433e+15  2.69421e+12  2.69428e+12 -5.18501e+12
  300.00 -9.35351  2.42621e+15  2.42630e+15  2.42630e+15 -8.75407e+11 -8.75369e+11 -3.52080e+12
  300.00 -9.32505  2.36493e+15  2.36264e+15  2.36264e+15 -3.86842e+12 -3.86839e+12  7.78414e+11
  300.00 -9.29659  2.45250e+15  2.45099e+15  2.45099e+15 -7.64005e+11 -7.64028e+11  1.48907e+12
  300.00 -9.26814  2.74823e+15  2.74941e+15  2.74941e+15  1.54928e+12  1.54926e+12 -1.51959e+11
  300.00 -9.23968  2.72702e+15  2.72874e+15  2.72874e+15  1.31578e+12  1.31581e+12 -1.30659e+12
  300.00 -9.21122  2.63888e+15  2.63841e+15  2.63841e+15 -5.42650e+11 -5.42657e+11 -4.22540e+11
  300.00 -9.18277  2.68304e+15  2.68169e+15  2.68169e+15 -2.28789e+12 -2.28791e+12  3.23944e+11
  300.00 -9.15431  2.68182e+15  2.68253e+15  2.68253e+15 -1.54008e+12 -1.54008e+12  4.51466e+11
  300.00 -9.12585  2.52023e+15  2.52209e+15  2.52209e+15 -6.04130e+11 -6.04132e+11  3.66839e+11
  300.00 -9.09739  2.50143e+15  2.50421e+15  2.50421e+15 -3.11925e+11 -3.11944e+11  1.95773e+12
  300.00 -9.06894  2.65497e+15  2.65557e+15  2.65557e+15 -1.50716e+12 -1.50714e+12  7.12106e+11
  300.00 -9.04048  2.61047e+15  2.60820e+15  2.60820e+15 -1.50093e+12 -1.50092e+12  6.10322e+11
  300.00 -9.01202  2.78985e+15  2.78822e+15  2.78822e+15 -7.91494e+11 -7.91552e+11  1.01442e+12
  300.00 -8.98357  3.03427e+15  3.03362e+15  3.03362e+15 -5.92531e+11 -5.92555e+11  5.92709e+11
  300.00 -8.95511  2.76391e+15  2.76489e+15  2.76489e+15 -8.60180e+11 -8.60187e+11  1.66790e+12
  300.00 -8.92665  2.45441e+15  2.45727e+15  2.45727e+15 -7.37294e+11 -7.37316e+11  1.54911e+12
  300.00 -8.89820  2.55617e+15  2.55709e+15  2.55709e+15  6.22382e+11  6.22363e+11 -1.41857e+11
  300.00 -8.86974  2.78532e+15  2.78330e+15  2.78330e+15  9.39498e+11  9.39481e+11  1.86848e+11
  300.00 -8.84128  2.72319e+15  2.72162e+15  2.72162e+15 -2.58230e+10 -2.58964e+10  7.84442e+11
  300.00 -8.81283  2.54371e+15  2.54544e+15  2.54544e+15  1.39805e+11  1.39731e+11  1.67539e+12
  300.00 -8.78437  2.51487e+15  2.51760e+15  2.51760e+15 -1.17593e+11 -1.17596e+11  1.83569e+12
  300.00 -8.75591  2.67480e+15  2.67479e+15  2.67479e+15  5.54070e+11  5.54067e+11  1.08179e+12
  300.00 -8.72745  2.93787e+15  2.93637e+15  2.93637e+15  7.94321e+11  7.94284e+11  1.19805e+12
  300.00 -8.69900  2.86135e+15  2.86050e+15  2.86050e+15  1.59864e+12  1.59859e+12 -1.04509e+11
  300.00 -8.67054  2.47221e+15  2.47282e+15  2.47282e+15  1.47637e+12  1.47632e+12 -1.66442e+12
  300.00 -8.64208  2.38457e+15  2.38407e+15  2.38407e+15  3.73136e+11  3.73144e+11 -5.25493e+11
  300.00 -8.61363  2.59580e+15  2.59490e+15  2.59490e+15  6.81344e+11  6.81379e+11  1.58560e+12
  300.00 -8.58517  2.65933e+15  2.66067e+15  2.66067e+15  1.20173e+12  1.20176e+12  1.27415e+12
  300.00 -8.55671  2.49896e+15  2.49900e+15  2.49901e+15  1.58503e+12  1.58503e+12 -1.73794e+12
  300.00 -8.52826  2.52179e+15  2.51922e+15  2.51922e+15  2.23169e+12  2.23165e+12 -2.11824e+12
  300.00 -8.49980  2.50095e+15  2.50062e+15  2.50062e+15  1.67776e+12  1.67773e+12  2.58946e+11
  300.00 -8.47134  2.36468e+15  2.36550e+15  2.36550e+15  4.45133e+09  4.47931e+09  7.74300e+11
  300.00 -8.44289  2.59846e+15  2.59775e+15  2.59775e+15  6.12756e+10  6.13224e+10  8.24717e+11
  300.00 -8.41443  2.69402e+15  2.69309e+15  2.69309e+15  1.16426e+12  1.16425e+12  2.38905e+11
  300.00 -8.38597  2.34816e+15  2.34836e+15  2.34836e+15  1.97595e+12  1.97595e+12 -1.01185e+11
  300.00 -8.35752  2.17643e+15  2.17670e+15  2.17670e+15  9.06338e+11  9.06369e+11  3.04098e+11
  300.00 -8.32906  2.41842e+15  2.41891e+15  2.41891e+15 -1.09060e+12 -1.09058e+12  2.00458e+12
  300.00 -8.30060  2.43144e+15  2.43206e+15  2.43206e+15 -1.19317e+12 -1.19314e+12  1.83355e+12
  300.00 -8.27214  2.08225e+15  2.08158e+15  2.08158e+15 -4.94508e+11 -4.94483e+11  5.81142e+11
  300.00 -8.24369  2.09289e+15  2.09236e+15  2.09236e+15  1.11744e+12  1.11747e+12 -6.32106e+11
  300.00 -8.21523  2.21693e+15  2.21676e+15  2.21676e+15  1.21457e+11  1.21479e+11  7.20235e+11
  300.00 -8.18677  2.24554e+15  2.24644e+15  2.24644e+15 -9.96225e+11 -9.96216e+11  2.14810e+12
  300.00 -8.15832  2.34367e+15  2.34409e+15  2.34409e+15 -7.81566e+11 -7.81551e+11  1.67646e+12
  300.00 -8.12986  2.25964e+15  2.25714e+15  2.25714e+15 -1.89180e+11 -1.89132e+11  9.89997e+11
  300.00 -8.10140  2.00877e+15  2.00779e+15  2.00779e+15 -2.39524e+11 -2.39501e+11  4.55865e+11
  300.00 -8.07295  1.89466e+15  1.89655e+15  1.89655e+15 -9.63118e+11 -9.63141e+11  3.83605e+11
  300.00 -8.04449  1.76824e+15  1.76938e+15  1.76938e+15 -7.96895e+11 -7.96896e+11 -4.10757e+11
  300.00 -8.01603  1.77570e+15  1.77634e+15  1.77634e+15 -7.95021e+11 -7.95017e+11 -2.03508e+11
  300.00 -7.98758  1.87588e+15  1.87592e+15  1.87592e+15 -7.45729e+11 -7.45742e+11  1.16925e+12
  300.00 -7.95912  1.89093e+15  1.89032e+15  1.89032e+15 -8.66809e+10 -8.67103e+10  7.37429e+11
  300.00 -7.93066  1.72840e+15  1.72742e+15  1.72742e+15  6.02610e+10  6.01669e+10 -3.11378e+11
  300.00 -7.90220  1.66167e+15  1.66124e+15  1.66123e+15 -4.64683e+11 -4.64996e+11 -3.57688e+11
  300.00 -7.87375  1.80068e+15  1.80092e+15  1.80091e+15 -4.91654e+11 -4.92463e+11 -2.87243e+11
  300.00 -7.84529  1.76607e+15  1.76611e+15  1.76609e+15 -3.45218e+11 -3.47261e+11 -5.66566e+11
  300.00 -7.81683  1.38144e+15  1.38036e+15  1.38032e+15 -5.79783e+11 -5.84983e+11 -2.68099e+11
  300.00 -7.78838  1.05611e+15  1.05605e+15  1.05597e+15 -5.71940e+11 -5.85008e+11 -4.69193e+11
  300.00 -7.75992  1.21461e+15  1.21579e+15  1.21559e+15 -2.38476e+11 -2.70735e+11 -6.58069e+11
  300.00 -7.73146  1.39128e+15  1.38940e+15  1.38892e+15 -6.39161e+11 -7.17016e+11  8.45407e+10
  300.00 -7.70301  1.24111e+15  1.23423e+15  1.23314e+15 -4.75015e+11 -6.57820e+11  1.04901e+11
  300.00 -7.67455  9.46205e+14  9.32649e+14  9.30286e+14  1.58957e+11 -2.55435e+11 -4.96633e+11
  300.00 -7.64609  7.67095e+14  7.42664e+14  7.37869e+14 -1.79058e+11 -1.07458e+12 -1.07948e+12
  300.00 -7.61764  7.39399e+14  6.93004e+14  6.84272e+14 -1.03503e+12 -2.84042e+12 -1.52024e+12
  300.00 -7.58918  6.92207e+14  6.13482e+14  6.00444e+14 -2.55792e+12 -5.81566e+12 -2.07880e+12
  300.00 -7.56072  5.78187e+14  4.76732e+14  4.64393e+14 -7.70192e+12 -1.25198e+13 -2.54618e+12
  300.00 -7.53226  3.93987e+14  3.10898e+14  3.12198e+14 -1.88628e+13 -2.36815e+13 -2.92751e+12
  300.00 -7.50381  2.59540e+14  2.06950e+14  2.28430e+14 -2.99265e+13 -3.25397e+13 -5.97020e+12
  300.00 -7.47535  2.77383e+14  2.14867e+14  2.32031e+14 -2.77869e+13 -3.09398e+13 -1.22458e+13
  300.00 -7.44689  3.21265e+14  2.34645e+14  2.16060e+14 -2.13383e+13 -2.72051e+13 -1.38447e+13
  300.00 -7.41844  3.19013e+14  2.22251e+14  1.96858e+14 -1.31990e+13 -1.84962e+13 -5.80738e+12
  300.00 -7.38998  3.15962e+14  2.31311e+14  2.40635e+14 -1.20891e+13 -1.57501e+13  4.71537e+11
  300.00 -7.36152  4.01513e+14  3.36769e+14  3.57157e+14 -2.90069e+13 -3.26698e+13 -6.50068e+12
  300.00 -7.33307  5.50490e+14  5.08426e+14  5.21125e+14 -3.31844e+13 -3.66776e+13 -1.21168e+13
  300.00 -7.30461  7.97313e+14  7.73622e+14  7.79493e+14 -2.39383e+13 -2.63927e+13 -1.01796e+13
  300.00 -7.27615  1.12817e+15  1.11619e+15  1.11865e+15 -1.36767e+13 -1.50787e+13 -6.09875e+12
  300.00 -7.24770  1.26002e+15  1.25517e+15  1.25615e+15 -6.69514e+12 -7.40453e+12 -3.02107e+12
  300.00 -7.21924  9.62596e+14  9.61015e+14  9.61397e+14 -2.98799e+12 -3.32075e+12 -1.31634e+12
  300.00 -7.19078  7.32820e+14  7.31210e+14  7.31356e+14 -1.63832e+12 -1.78657e+12 -4.26628e+11
  300.00 -7.16232  9.11943e+14  9.09623e+14  9.09677e+14 -9.91463e+11 -1.05508e+12 -9.61320e+10
  300.00 -7.13387  1.29088e+15  1.28966e+15  1.28968e+15 -1.79224e+11 -2.05755e+11  1.73548e+10
  300.00 -7.10541  1.54866e+15  1.54850e+15  1.54851e+15  3.60244e+11  3.49458e+11 -1.10626e+11
  300.00 -7.07695  1.47315e+15  1.47312e+15  1.47313e+15  4.89261e+11  4.84955e+11 -5.57044e+10
  300.00 -7.04850  1.44983e+15  1.45047e+15  1.45047e+15 -1.80967e+11 -1.82682e+11  4.92028e+11
  300.00 -7.02004  1.69354e+15  1.69434e+15  1.69434e+15 -3.88666e+11 -3.89346e+11  6.54460e+11
  300.00 -6.99158  2.05089e+15  2.05086e+15  2.05086e+15 -1.93241e+11 -1.93493e+11 -2.65020e+11
  300.00 -6.96313  2.14686e+15  2.14513e+15  2.14513e+15 -1.93875e+11 -1.93933e+11 -5.72746e+11
  300.00 -6.93467  1.35928e+15  1.35971e+15  1.35971e+15 -3.40748e+10 -3.40796e+10  3.75021e+11
  300.00 -6.90621  7.77073e+14  7.77336e+14  7.77336e+14  8.09671e+10  8.09429e+10  6.03305e+10
  300.00 -6.87776  1.69615e+15  1.69532e+15  1.69532e+15 -5.60845e+10 -5.61106e+10 -5.58751e+11
  300.00 -6.84930  2.41352e+15  2.41571e+15  2.41571e+15 -3.65484e+11 -3.65489e+11 -2.09183e+11
  300.00 -6.82084  2.27345e+15  2.27529e+15  2.27529e+15 -2.91882e+11 -2.91869e+11 -4.37882e+11
  300.00 -6.79238  2.00841e+15  2.00760e+15  2.00760e+15  9.04182e+10  9.04269e+10 -6.48434e+11
  300.00 -6.76393  1.99818e+15  1.99672e+15  1.99672e+15  2.60220e+11  2.60222e+11 -2.85915e+11
  300.00 -6.73547  2.11826e+15  2.11885e+15  2.11885e+15 -2.09803e+11 -2.09793e+11 -7.68942e+11
  300.00 -6.70701  2.24298e+15  2.24409e+15  2.24409e+15 -6.13087e+11 -6.13096e+11 -7.25567e+11
  300.00 -6.67856  2.18385e+15  2.18473e+15  2.18473e+15 -3.27142e+11 -3.27156e+11 -7.13432e+09
  300.00 -6.65010  1.96968e+15  1.97186e+15  1.97186e+15  1.74337e+11  1.74344e+11 -1.84780e+11
  300.00 -6.62164  1.94689e+15  1.94608e+15  1.94608e+15  6.27364e+11  6.27382e+11  2.97561e+09
  300.00 -6.59319  2.31217e+15  2.31003e+15  2.31003e+15  1.04308e+12  1.04308e+12 -4.08186e+11
  300.00 -6.56473  2.67247e+15  2.67286e+15  2.67286e+15  1.40697e+11  1.40670e+11  3.59307e+11
  300.00 -6.53627  2.86529e+15  2.86532e+15  2.86532e+15 -1.03975e+12 -1.03979e+12  4.86425e+12
  300.00 -6.50782  2.88995e+15  2.88869e+15  2.88869e+15 -3.70868e+11 -3.70889e+11  6.94590e+12
  300.00 -6.47936  2.72690e+15  2.72836e+15  2.72836e+15  1.38806e+12  1.38807e+12  2.40161e+12
  300.00 -6.45090  2.71612e+15  2.71953e+15  2.71953e+15  1.12731e+12  1.12732e+12 -5.81638e+10
  300.00 -6.42244  3.12761e+15  3.12326e+15  3.12326e+15  7.76947e+11  7.76924e+11  4.47317e+12
  300.00 -6.39399  3.42779e+15  3.42238e+15  3.42238e+15  9.29862e+11  9.29857e+11  6.84011e+12
  300.00 -6.36553  3.38211e+15  3.38526e+15  3.38526e+15 -1.22922e+12 -1.22922e+12  6.28537e+12
  300.00 -6.33707  3.18841e+15  3.19187e+15  3.19187e+15 -3.88071e+12 -3.88074e+12  4.03173e+12
  300.00 -6.30862  3.15316e+15  3.14582e+15  3.14582e+15  9.24921e+11  9.24924e+11  4.20018e+12
  300.00 -6.28016  3.66120e+15  3.65914e+15  3.65914e+15  4.44190e+12  4.44195e+12  3.21257e+12
  300.00 -6.25170  4.21383e+15  4.21908e+15  4.21908e+15  1.01056e+12  1.01056e+12  3.30639e+12
  300.00 -6.22325  3.95310e+15  3.95740e+15  3.95740e+15 -4.64828e+12 -4.64835e+12  4.42017e+12
  300.00 -6.19479  3.41984e+15  3.41524e+15  3.41524e+15 -2.84842e+12 -2.84841e+12 -3.51655e+11
  300.00 -6.16633  3.39413e+15  3.38765e+15  3.38765e+15  4.45572e+12  4.45577e+12 -2.98541e+12
  300.00 -6.13788  3.91891e+15  3.92159e+15  3.92159e+15  3.93661e+12  3.93664e+12  5.62730e+11
  300.00 -6.10942  4.14302e+15  4.14484e+15  4.14484e+15  2.24393e+12  2.24392e+12  4.95276e+12
  300.00 -6.08096  3.91385e+15  3.91295e+15  3.91295e+15 -2.56600e+12 -2.56604e+12  1.59553e+12
  300.00 -6.05251  3.65585e+15  3.65610e+15  3.65610e+15 -1.42310e+12 -1.42312e+12 -2.55853e+12
  300.00 -6.02405  3.72765e+15  3.73165e+15  3.73165e+15  2.19769e+12  2.19771e+12 -4.73353e+12
  300.00 -5.99559  3.78074e+15  3.78359e+15  3.78359e+15  3.87013e+12  3.87023e+12 -1.10614e+12
  300.00 -5.96713  3.84306e+15  3.83851e+15  3.83851e+15  4.43803e+12  4.43805e+12  5.34413e+12
  300.00 -5.93868  3.91437e+15  3.91409e+15  3.91409e+15 -1.83902e+12 -1.83907e+12  4.38771e+12
  300.00 -5.91022  3.84807e+15  3.85312e+15  3.85312e+15 -2.95484e+12 -2.95482e+12 -7.87356e+12
  300.00 -5.88176  4.01513e+15  4.01876e+15  4.01876e+15  2.55967e+12  2.55966e+12 -1.11286e+13
  300.00 -5.85331  4.14732e+15  4.14770e+15  4.14770e+15  2.78935e+12  2.78938e+12 -2.08184e+12
  300.00 -5.82485  3.98528e+15  3.98411e+15  3.98411e+15  4.64873e+11  4.64997e+11  6.87052e+12
  300.00 -5.79639  3.35663e+15  3.35305e+15  3.35305e+15 -1.86706e+11 -1.86685e+11  8.17353e+12
  300.00 -5.76794  3.05424e+15  3.05206e+15  3.05206e+15 -3.99076e+11 -3.99095e+11 -3.90865e+12
  300.00 -5.73948  3.69481e+15  3.69698e+15  3.69698e+15 -4.60001e+12 -4.60005e+12 -1.34687e+13
  300.00 -5.71102  4.60338e+15  4.60563e+15  4.60563e+15 -3.41963e+12 -3.41965e+12 -8.54045e+12
  300.00 -5.68257  4.65433e+15  4.65377e+15  4.65377e+15  2.37386e+12  2.37389e+12 -4.03882e+12
  300.00 -5.65411  3.74404e+15  3.74200e+15  3.74200e+15  7.61952e+12  7.61957e+12  3.22379e+12
  300.00 -5.62565  2.82643e+15  2.82726e+15  2.82726e+15  2.74173e+12  2.74180e+12  1.34641e+12
  300.00 -5.59719  2.84819e+15  2.84756e+15  2.84756e+15 -5.25874e+12 -5.25876e+12 -3.57613e+12
  300.00 -5.56874  3.80358e+15  3.79890e+15  3.79890e+15 -4.01297e+12 -4.01306e+12  1.35523e+12
  300.00 -5.54028  4.53780e+15  4.53917e+15  4.53917e+15 -2.62996e+12 -2.63001e+12 -5.19537e+12
  300.00 -5.51182  4.39759e+15  4.40168e+15  4.40168e+15  2.16497e+11  2.16459e+11 -9.09897e+12
  300.00 -5.48337  3.45972e+15  3.46013e+15  3.46013e+15  5.28940e+12  5.28940e+12 -4.24805e+12
  300.00 -5.45491  2.64272e+15  2.63802e+15  2.63802e+15  2.40680e+12  2.40694e+12  1.29406e+12
  300.00 -5.42645  3.23488e+15  3.23292e+15  3.23292e+15 -8.34502e+12 -8.34498e+12  1.12962e+12
  300.00 -5.39800  4.22980e+15  4.23526e+15  4.23527e+15 -2.26693e+12 -2.26700e+12  3.28441e+12
  300.00 -5.36954  3.88655e+15  3.89018e+15  3.89018e+15  6.35698e+12  6.35695e+12  3.47013e+12
  300.00 -5.34108  3.59747e+15  3.59104e+15  3.59104e+15  5.42727e+10  5.42129e+10 -1.29197e+12
  300.00 -5.31263  3.71260e+15  3.70993e+15  3.70993e+15 -7.57991e+12 -7.57992e+12 -1.04059e+13
  300.00 -5.28417  3.03744e+15  3.03946e+15  3.03946e+15 -4.28682e+12 -4.28671e+12 -1.03485e+13
  300.00 -5.25571  2.65926e+15  2.66282e+15  2.66282e+15 -2.33004e+12 -2.32995e+12  7.42378e+12
  300.00 -5.22725  3.60967e+15  3.61225e+15  3.61225e+15 -1.56263e+12 -1.56266e+12  9.78005e+12
  300.00 -5.19880  4.06405e+15  4.06103e+15  4.06103e+15 -8.89417e+11 -8.89434e+11 -1.28372e+12
  300.00 -5.17034  3.60130e+15  3.59631e+15  3.59631e+15  2.38557e+12  2.38554e+12 -3.96392e+12
  300.00 -5.14188  3.48291e+15  3.48370e+15  3.48370e+15  1.39059e+12  1.39050e+12 -3.20708e+12
  300.00 -5.11343  3.27978e+15  3.27900e+15  3.27900e+15 -5.61913e+12 -5.61922e+12 -1.23313e+13
  300.00 -5.08497  2.61693e+15  2.61249e+15  2.61249e+15 -4.84927e+12 -4.84935e+12 -1.02864e+13
  300.00 -5.05651  2.69605e+15  2.69226e+15  2.69226e+15 -3.77376e+11 -3.77299e+11  1.14538e+13
  300.00 -5.02806  3.47096e+15  3.47212e+15  3.47212e+15  1.83966e+12  1.83967e+12  8.92015e+12
  300.00 -4.99960  3.91764e+15  3.92069e+15  3.92069e+15  2.66570e+12  2.66559e+12  2.31867e+11
  300.00 -4.97114  3.96237e+15  3.95939e+15  3.95939e+15  1.90171e+11  1.90095e+11  3.42226e+11
  300.00 -4.94269  3.60583e+15  3.60346e+15  3.60346e+15 -2.64811e+12 -2.64818e+12 -4.02262e+12
  300.00 -4.91423  2.78588e+15  2.78662e+15  2.78662e+15 -3.22699e+12 -3.22702e+12 -1.28394e+13
  300.00 -4.88577  2.02179e+15  2.02464e+15  2.02464e+15 -2.40853e+11 -2.40867e+11 -6.78196e+12
  300.00 -4.85731  2.20055e+15  2.20586e+15  2.20586e+15  2.90644e+12  2.90640e+12  1.06598e+13
  300.00 -4.82886  3.26455e+15  3.27010e+15  3.27010e+15  1.11437e+12  1.11434e+12  9.97490e+12
  300.00 -4.80040  3.87680e+15  3.88000e+15  3.88000e+15  4.92115e+11  4.92163e+11  6.02204e+12
  300.00 -4.77194  3.70913e+15  3.70709e+15  3.70709e+15 -1.45526e+12 -1.45520e+12  4.77137e+12
  300.00 -4.74349  3.01360e+15  3.01269e+15  3.01269e+15 -5.36584e+12 -5.36579e+12 -3.65544e+12
  300.00 -4.71503  2.53654e+15  2.54004e+15  2.54004e+15 -6.56887e+12 -6.56885e+12 -1.09778e+13
  300.00 -4.68657  2.40135e+15  2.40328e+15  2.40328e+15  2.05645e+12  2.05645e+12  9.90275e+10
  300.00 -4.65812  2.95115e+15  2.95425e+15  2.95425e+15  6.09168e+12  6.09170e+12  1.29394e+13
  300.00 -4.62966  3.38894e+15  3.38870e+15  3.38870e+15 -1.31292e+12 -1.31298e+12  4.69628e+12
  300.00 -4.60120  2.83214e+15  2.82901e+15  2.82901e+15 -5.22820e+12 -5.22825e+12 -6.70070e+12
  300.00 -4.57275  2.74926e+15  2.74744e+15  2.74744e+15  2.20753e+12  2.20766e+12  5.03423e+12
  300.00 -4.54429  3.33929e+15  3.33875e+15  3.33875e+15  1.19526e+12  1.19534e+12  7.87763e+12
  300.00 -4.51583  3.09881e+15  3.09924e+15  3.09923e+15 -8.49346e+12 -8.49357e+12 -7.57343e+11
  300.00 -4.48737  2.07223e+15  2.07463e+15  2.07463e+15 -4.11707e+12 -4.11718e+12 -2.18001e+12
  300.00 -4.45892  1.93478e+15  1.93606e+15  1.93606e+15  8.12421e+12  8.12426e+12 -6.97074e+11
  300.00 -4.43046  2.83448e+15  2.83268e+15  2.83268e+15  5.80222e+12  5.80226e+12 -3.05871e+11
  300.00 -4.40200  3.05425e+15  3.05107e+15  3.05107e+15 -3.66110e+12 -3.66110e+12 -1.49830e+12
  300.00 -4.37355  2.62590e+15  2.62414e+15  2.62414e+15 -2.79897e+12 -2.79899e+12  2.65279e+11
  300.00 -4.34509  2.66602e+15  2.66814e+15  2.66814e+15  4.40570e+12  4.40555e+12  3.47025e+12
  300.00 -4.31663  2.76762e+15  2.77086e+15  2.77086e+15  1.93325e+12  1.93310e+12  9.20091e+11
  300.00 -4.28818  2.69365e+15  2.69382e+15  2.69382e+15 -5.78194e+12 -5.78171e+12  7.89784e+11
  300.00 -4.25972  2.32742e+15  2.32623e+15  2.32623e+15 -4.19203e+12 -4.19174e+12  3.74220e+12
  300.00 -4.23126  2.14132e+15  2.14189e+15  2.14189e+15  7.11746e+12  7.11738e+12 -1.43883e+12
  300.00 -4.20281  2.59958e+15  2.60123e+15  2.60123e+15  6.49226e+12  6.49206e+12 -1.15871e+12
  300.00 -4.17435  2.98935e+15  2.99093e+15  2.99093e+15  2.12149e+12  2.12139e+12  2.59431e+12
  300.00 -4.14589  2.93038e+15  2.93204e+15  2.93204e+15 -1.39742e+12 -1.39737e+12  2.15438e+12
  300.00 -4.11743  2.50200e+15  2.50287e+15  2.50287e+15 -3.17678e+12 -3.17659e+12 -9.82350e+11
  300.00 -4.08898  2.23871e+15  2.23734e+15  2.23734e+15  1.93246e+12  1.93252e+12  2.13415e+12
  300.00 -4.06052  2.12769e+15  2.13002e+15  2.13002e+15 -4.53091e+11 -4.53193e+11  1.12688e+13
  300.00 -4.03206  1.67517e+15  1.67901e+15  1.67901e+15 -2.99378e+12 -2.99382e+12  6.75797e+12
  300.00 -4.00361  2.09604e+15  2.09292e+15  2.09292e+15  5.75210e+12  5.75212e+12 -5.59038e+12
  300.00 -3.97515  2.85935e+15  2.85574e+15  2.85574e+15  3.05806e+12  3.05809e+12 -7.52343e+11
  300.00 -3.94669  2.98040e+15  2.97978e+15  2.97978e+15 -1.03518e+12 -1.03512e+12  3.99332e+12
  300.00 -3.91824  2.80612e+15  2.80627e+15  2.80627e+15 -2.60101e+11 -2.60018e+11  2.39507e+11
  300.00 -3.88978  2.60186e+15  2.60075e+15  2.60075e+15 -4.02527e+11 -4.02379e+11 -1.93431e+12
  300.00 -3.86132  2.72967e+15  2.72809e+15  2.72808e+15 -1.32877e+12 -1.32832e+12  2.62819e+12
  300.00 -3.83287  2.91166e+15  2.90815e+15  2.90815e+15  7.48759e+11  7.49844e+11  9.33205e+12
  300.00 -3.80441  3.09074e+15  3.08671e+15  3.08671e+15  2.00931e+12  2.01163e+12  8.25298e+12
  300.00 -3.77595  3.44225e+15  3.44217e+15  3.44215e+15  2.19232e+11  2.24687e+11 -5.57230e+12
  300.00 -3.74749  3.54210e+15  3.54503e+15  3.54500e+15 -1.12020e+12 -1.10691e+12 -7.11336e+12
  300.00 -3.71904  3.56844e+15  3.56772e+15  3.56766e+15 -1.22184e+12 -1.18981e+12 -1.22862e+12
  300.00 -3.69058  3.94688e+15  3.93965e+15  3.93949e+15 -1.56681e+12 -1.49275e+12  6.92226e+12
  300.00 -3.66212  3.99972e+15  3.99443e+15  3.99409e+15 -3.04198e+11 -1.40110e+11  5.08784e+12
  300.00 -3.63367  3.93032e+15  3.93181e+15  3.93109e+15 -1.04392e+11  2.39535e+11  6.60819e+11
  300.00 -3.60521  3.71013e+15  3.71279e+15  3.71144e+15 -4.05497e+12 -3.39369e+12  2.10527e+12
  300.00 -3.57675  3.82071e+15  3.82274e+15  3.82057e+15 -3.94794e+12 -2.85015e+12 -4.75001e+12
  300.00 -3.54830  4.59029e+15  4.59380e+15  4.59130e+15  2.58979e+12  3.95970e+12 -1.01354e+13
  300.00 -3.51984  4.76467e+15  4.76658e+15  4.76547e+15  9.44687e+12  1.03639e+13  3.62015e+12
  300.00 -3.49138  3.93920e+15  3.93531e+15  3.93561e+15  8.20984e+12  8.52437e+12  1.44467e+13
  300.00 -3.46293  4.01126e+15  4.01126e+15  4.00878e+15 -9.28907e+12 -8.06301e+12  1.47408e+12
  300.00 -3.43447  4.99189e+15  5.00128e+15  4.99535e+15 -6.97482e+12 -4.39496e+12 -7.67662e+12
  300.00 -3.40601  5.20280e+15  5.21489e+15  5.20762e+15  6.00325e+12  9.46151e+12 -1.57648e+12
  300.00 -3.37756  5.12504e+15  5.14108e+15  5.13286e+15  8.55065e+12  1.25366e+13  2.17639e+12
  300.00 -3.34910  5.31318e+15  5.32697e+15  5.32018e+15  2.47837e+12  5.67206e+12  1.06824e+13
  300.00 -3.32064  4.92116e+15  4.92218e+15  4.92042e+15 -3.13770e+12 -2.41406e+12  1.32980e+13
  300.00 -3.29218  4.82376e+15  4.82130e+15  4.81879e+15  3.05531e+12  3.67958e+12 -5.99296e+12
  300.00 -3.26373  5.51143e+15  5.52284e+15  5.51354e+15  2.23543e+12  5.07700e+12 -1.08301e+13
  300.00 -3.23527  5.88200e+15  5.90209e+15  5.88888e+15 -4.78597e+12 -1.52180e+12 -3.84392e+11
  300.00 -3.20681  5.76951e+15  5.78464e+15  5.76916e+15 -3.15417e+12 -8.51133e+11 -1.13501e+12
  300.00 -3.17836  5.70307e+15  5.71508e+15  5.69748e+15 -2.75061e+11  1.02430e+12 -8.80130e+12
  300.00 -3.14990  5.75483e+15  5.76342e+15  5.74886e+15 -1.86374e+12 -1.21621e+12 -6.66088e+12
  300.00 -3.12144  5.44410e+15  5.44618e+15  5.44249e+15  1.94586e+11  4.86840e+11 -4.57515e+12
  300.00 -3.09299  5.08137e+15  5.08528e+15  5.08257e+15  1.65855e+12  1.76600e+12 -1.21616e+13
  300.00 -3.06453  5.39799e+15  5.40555e+15  5.39228e+15 -4.97623e+11 -5.01410e+11 -1.38159e+13
  300.00 -3.03607  6.21005e+15  6.21541e+15  6.19880e+15 -7.39212e+12 -7.49967e+12 -4.64466e+12
  300.00 -3.00762  6.16840e+15  6.16944e+15  6.15529e+15 -5.36147e+12 -5.61353e+12 -3.66346e+12
  300.00 -2.97916  6.15623e+15  6.15259e+15  6.14036e+15  5.94885e+11  1.37027e+11 -4.32767e+12
  300.00 -2.95070  6.62502e+15  6.61562e+15  6.60387e+15  5.69786e+12  5.05022e+12 -6.69840e+12
  300.00 -2.92224  6.60409e+15  6.59993e+15  6.59107e+15  2.18081e+12  1.62862e+12 -1.18393e+13
  300.00 -2.89379  6.22448e+15  6.22297e+15  6.22089e+15 -3.56619e+12 -3.66612e+12 -3.61036e+12
  300.00 -2.86533  6.30120e+15  6.29573e+15  6.29369e+15 -8.29136e+12 -8.40473e+12  3.14967e+12
  300.00 -2.83687  7.00211e+15  6.99594e+15  6.98776e+15 -1.13962e+12 -1.70330e+12 -1.49597e+12
  300.00 -2.80842  7.23531e+15  7.22897e+15  7.21926e+15  3.81175e+12  3.16627e+12 -7.49962e+12
  300.00 -2.77996  6.83668e+15  6.83142e+15  6.82356e+15  5.49789e+12  5.04359e+12 -3.60814e+12
  300.00 -2.75150  6.56269e+15  6.55766e+15  6.55195e+15  5.79462e+12  5.53838e+12 -4.68616e+12
  300.00 -2.72305  6.97444e+15  6.97099e+15  6.96769e+15  3.89489e+11  2.61077e+11 -1.51943e+12
  300.00 -2.69459  7.58896e+15  7.58949e+15  7.58860e+15  1.39153e+12  1.33165e+12 -4.35501e+12
  300.00 -2.66613  7.21401e+15  7.21263e+15  7.21152e+15  5.55853e+11  5.29344e+11 -1.12118e+13
  300.00 -2.63768  6.35521e+15  6.34956e+15  6.34726e+15 -3.77008e+12 -3.78131e+12 -2.44727e+12
  300.00 -2.60922  5.94138e+15  5.93982e+15  5.93766e+15  1.09256e+12  1.08791e+12  1.16629e+12
  300.00 -2.58076  6.41641e+15  6.41962e+15  6.41822e+15  1.87152e+12  1.86958e+12  3.45182e+12
  300.00 -2.55230  7.41320e+15  7.41140e+15  7.41063e+15 -6.17589e+12 -6.17666e+12  9.09064e+12
  300.00 -2.52385  7.85100e+15  7.85037e+15  7.85000e+15 -3.26278e+12 -3.26305e+12  1.60652e+12
  300.00 -2.49539  7.29349e+15  7.30064e+15  7.30047e+15  7.62996e+11  7.62921e+11 -4.86696e+12
  300.00 -2.46693  6.94207e+15  6.93871e+15  6.93864e+15  1.39180e+11  1.39142e+11  1.53980e+12
  300.00 -2.43848  7.15925e+15  7.15112e+15  7.15109e+15 -5.54714e+12 -5.54727e+12  4.01417e+12
  300.00 -2.41002  7.08889e+15  7.08889e+15  7.08888e+15 -9.78028e+12 -9.78036e+12  9.23522e+12
  300.00 -2.38156  7.42174e+15  7.42589e+15  7.42588e+15 -8.63135e+12 -8.63125e+12  1.12728e+13
  300.00 -2.35311  7.51695e+15  7.51877e+15  7.51877e+15  1.19258e+12  1.19268e+12 -2.19754e+12
  300.00 -2.32465  7.04245e+15  7.04408e+15  7.04408e+15  7.81393e+12  7.81398e+12 -1.07458e+13
  300.00 -2.29619  6.72244e+15  6.72908e+15  6.72908e+15 -2.09432e+12 -2.09431e+12  2.03930e+12
  300.00 -2.26774  7.04449e+15  7.04716e+15  7.04716e+15 -1.63837e+12 -1.63844e+12  1.18650e+13
  300.00 -2.23928  7.41183e+15  7.40882e+15  7.40882e+15  1.01504e+12  1.01498e+12  2.16243e+12
  300.00 -2.21082  7.36232e+15  7.35753e+15  7.35753e+15 -1.41972e+13 -1.41972e+13  7.02713e+12
  300.00 -2.18236  6.77540e+15  6.77263e+15  6.77263e+15 -7.35191e+12 -7.35182e+12  1.63580e+12
  300.00 -2.15391  6.29786e+15  6.29746e+15  6.29746e+15  3.50516e+12  3.50521e+12 -2.54544e+12
  300.00 -2.12545  6.87834e+15  6.88193e+15  6.88193e+15 -1.03666e+11 -1.03698e+11  4.18404e+12
  300.00 -2.09699  7.36883e+15  7.36809e+15  7.36809e+15 -4.20516e+12 -4.20518e+12  6.29900e+12
  300.00 -2.06854  7.19781e+15  7.19170e+15  7.19170e+15 -5.24163e+12 -5.24164e+12  2.68472e+12
  300.00 -2.04008  6.92160e+15  6.91880e+15  6.91880e+15 -2.04614e+13 -2.04614e+13  2.24858e+13
  300.00 -2.01162  6.62937e+15  6.62783e+15  6.62783e+15 -1.57473e+13 -1.57473e+13  2.14038e+13
  300.00 -1.98317  6.63034e+15  6.62614e+15  6.62614e+15 -7.40220e+11 -7.40238e+11  6.82236e+12
  300.00 -1.95471  6.90614e+15  6.90164e+15  6.90164e+15  2.29647e+12  2.29654e+12  2.83906e+11
  300.00 -1.92625  6.78970e+15  6.78746e+15  6.78746e+15  1.18277e+12  1.18282e+12 -7.87641e+11
  300.00 -1.89780  6.53259e+15  6.53165e+15  6.53165e+15 -1.01420e+13 -1.01423e+13  8.94399e+12
  300.00 -1.86934  6.58820e+15  6.58685e+15  6.58685e+15 -2.04117e+13 -2.04117e+13  2.69905e+13
  300.00 -1.84088  6.84518e+15  6.84086e+15  6.84086e+15 -1.09342e+13 -1.09339e+13  2.29453e+13
  300.00 -1.81242  6.79559e+15  6.79100e+15  6.79100e+15  3.65667e+12  3.65682e+12 -3.74172e+10
  300.00 -1.78397  6.38568e+15  6.38347e+15  6.38347e+15  3.56903e+12  3.56894e+12 -3.37274e+12
  300.00 -1.75551  6.14557e+15  6.15021e+15  6.15021e+15 -3.50809e+12 -3.50822e+12  1.05994e+13
  300.00 -1.72705  6.20645e+15  6.21280e+15  6.21280e+15 -9.73607e+12 -9.73612e+12  1.33530e+13
  300.00 -1.69860  6.64717e+15  6.64653e+15  6.64653e+15 -1.33179e+13 -1.33178e+13  1.11946e+13
  300.00 -1.67014  6.70897e+15  6.70982e+15  6.70982e+15 -6.41353e+12 -6.41343e+12  7.03154e+12
  300.00 -1.64168  6.31204e+15  6.30841e+15  6.30841e+15  2.63609e+12  2.63605e+12  3.19327e+12
  300.00 -1.61323  5.83534e+15  5.82648e+15  5.82648e+15 -1.18027e+12 -1.18037e+12  4.85533e+12
  300.00 -1.58477  5.78191e+15  5.78762e+15  5.78762e+15 -7.43731e+12 -7.43732e+12  7.50941e+12
  300.00 -1.55631  6.16492e+15  6.17720e+15  6.17720e+15 -6.04832e+11 -6.04869e+11  8.58091e+11
  300.00 -1.52786  6.21137e+15  6.20805e+15  6.20805e+15 -1.48259e+12 -1.48268e+12  3.97760e+12
  300.00 -1.49940  5.58014e+15  5.56865e+15  5.56865e+15 -1.64447e+13 -1.64446e+13  2.08876e+13
  300.00 -1.47094  4.94674e+15  4.94439e+15  4.94439e+15 -1.55398e+13 -1.55397e+13  2.11780e+13
  300.00 -1.44248  5.08023e+15  5.08464e+15  5.08464e+15  1.07522e+13  1.07521e+13 -1.10590e+13
  300.00 -1.41403  5.53440e+15  5.53463e+15  5.53463e+15  6.57253e+12  6.57239e+12 -5.88192e+12
  300.00 -1.38557  5.61525e+15  5.60793e+15  5.60792e+15 -1.29898e+13 -1.29897e+13  1.86491e+13
  300.00 -1.35711  5.26917e+15  5.26037e+15  5.26037e+15 -1.17938e+13 -1.17935e+13  1.38329e+13
  300.00 -1.32866  4.83205e+15  4.83169e+15  4.83168e+15 -3.11025e+12 -3.10955e+12  2.35186e+12
  300.00 -1.30020  4.48738e+15  4.48969e+15  4.48968e+15 -1.95783e+12 -1.95641e+12  4.01441e+12
  300.00 -1.27174  4.67449e+15  4.67228e+15  4.67225e+15 -1.79618e+13 -1.79590e+13  2.17134e+13
  300.00 -1.24329  4.90658e+15  4.90273e+15  4.90267e+15 -1.35887e+13 -1.35844e+13  1.46328e+13
  300.00 -1.21483  4.72871e+15  4.72178e+15  4.72168e+15  9.60802e+12  9.61108e+12 -1.08783e+13
  300.00 -1.18637  4.34299e+15  4.33973e+15  4.33958e+15  7.15853e+12  7.14923e+12 -7.04585e+12
  300.00 -1.15792  4.17035e+15  4.17140e+15  4.17125e+15 -7.98599e+12 -8.02754e+12  8.47321e+12
  300.00 -1.12946  4.00569e+15  4.00523e+15  4.00518e+15 -1.53824e+13 -1.53930e+13  2.11740e+13
  300.00 -1.10100  3.75269e+15  3.74934e+15  3.74919e+15 -7.36085e+12 -6.93788e+12  1.21769e+13
  300.00 -1.07255  3.50032e+15  3.49641e+15  3.49570e+15  2.46781e+12  3.50516e+12 -3.87710e+12
  300.00 -1.04409  3.22241e+15  3.21960e+15  3.21813e+15  5.94797e+12  6.50581e+12 -7.75612e+12
  300.00 -1.01563  3.25846e+15  3.26152e+15  3.25915e+15  6.76112e+12  6.33653e+12 -6.69693e+12
  300.00 -0.98717  3.44520e+15  3.45041e+15  3.44750e+15 -3.56952e+11 -5.07973e+11  4.27160e+12
  300.00 -0.95872  3.05045e+15  3.05194e+15  3.04983e+15 -5.21996e+12 -4.64016e+12  1.29686e+13
  300.00 -0.93026  2.39572e+15  2.39331e+15  2.39204e+15  3.57102e+12  4.24961e+12  1.29769e+12
  300.00 -0.90180  2.13777e+15  2.13642e+15  2.13314e+15  1.25229e+13  1.28726e+13 -1.14400e+13
  300.00 -0.87335  2.30196e+15  2.30639e+15  2.30139e+15  7.96450e+12  7.97100e+12 -8.60668e+12
  300.00 -0.84489  2.57281e+15  2.57884e+15  2.57484e+15  3.81942e+12  3.59599e+12 -5.80842e+12
  300.00 -0.81643  2.59623e+15  2.59964e+15  2.59607e+15  5.31347e+12  4.81409e+12 -4.92881e+12
  300.00 -0.78798  2.34162e+15  2.34272e+15  2.33711e+15  4.02721e+12  3.13082e+12  1.06212e+12
  300.00 -0.75952  1.92305e+15  1.92446e+15  1.91784e+15  7.65768e+11 -3.45945e+11  3.98358e+12
  300.00 -0.73106  1.64089e+15  1.64475e+15  1.64036e+15  3.34421e+12  2.64731e+12 -3.72291e+12
  300.00 -0.70261  1.81496e+15  1.81825e+15  1.81667e+15  8.32143e+12  8.18691e+12 -1.04074e+13
  300.00 -0.67415  2.00088e+15  2.00287e+15  1.99954e+15  5.00194e+12  4.35147e+12 -4.35982e+12
  300.00 -0.64569  1.91202e+15  1.91290e+15  1.90712e+15  8.26359e+10 -1.17890e+12  3.60487e+12
  300.00 -0.61723  1.62871e+15  1.62941e+15  1.62387e+15 -4.75649e+12 -5.86972e+12  8.45483e+12
  300.00 -0.58878  1.42381e+15  1.42571e+15  1.42235e+15  1.05466e+12  6.61458e+11  4.31140e+10
  300.00 -0.56032  1.24530e+15  1.24677e+15  1.24533e+15  7.86718e+12  8.35379e+12 -7.60872e+12
  300.00 -0.53186  1.03637e+15  1.03898e+15  1.03698e+15  1.65690e+12  2.84518e+12 -4.50767e+11
  300.00 -0.50341  1.03249e+15  1.03582e+15  1.03292e+15 -3.97482e+12 -1.82173e+12  6.94403e+12
  300.00 -0.47495  1.12089e+15  1.12361e+15  1.12086e+15 -1.20428e+12  1.81145e+12  4.26989e+12
  300.00 -0.44649  1.05441e+15  1.05581e+15  1.05396e+15  1.44907e+12  3.56454e+12  2.86077e+11
  300.00 -0.41804  7.49847e+14  7.49124e+14  7.48283e+14  3.12194e+12  3.07272e+12 -1.74882e+12
  300.00 -0.38958  5.53596e+14  5.53971e+14  5.52899e+14  2.09389e+12  2.96625e+12  1.77762e+11
  300.00 -0.36112  6.36388e+14  6.39476e+14  6.37598e+14 -1.21062e+12  1.63881e+12  4.31976e+12
  300.00 -0.33267  7.21119e+14  7.23936e+14  7.21895e+14 -1.03234e+12  1.66320e+12  4.22024e+12
  300.00 -0.30421  6.21815e+14  6.22912e+14  6.21713e+14  3.26090e+11  2.04829e+12  1.92877e+12
  300.00 -0.27575  4.38147e+14  4.38047e+14  4.38690e+14  1.06518e+12  2.21510e+12 -7.43630e+11
  300.00 -0.24729  3.50132e+14  3.49468e+14  3.51369e+14 -5.50200e+11  1.23755e+11  1.33118e+12
  300.00 -0.21884  3.62620e+14  3.61071e+14  3.63636e+14  2.76435e+11  4.74705e+11  2.95649e+12
  300.00 -0.19038  3.41200e+14  3.38993e+14  3.42313e+14  1.55022e+12  1.64444e+12  2.58711e+12
  300.00 -0.16192  2.89780e+14  2.88265e+14  2.90099e+14  6.68473e+11  7.35053e+11  2.52162e+12
  300.00 -0.13347  2.26136e+14  2.25793e+14  2.24918e+14 -2.42331e+11 -2.27163e+11  1.87646e+12
  300.00 -0.10501  1.63557e+14  1.62499e+14  1.63568e+14 -1.76329e+11  1.29875e+11  1.81583e+12
  300.00 -0.07655  1.13517e+14  1.11284e+14  1.15297e+14  2.44343e+11  7.71771e+11  1.74970e+12
  300.00 -0.04810  7.35082e+13  7.13649e+13  7.55260e+13  4.54106e+11  8.12628e+11  9.17451e+11
  300.00 -0.01964  4.37247e+13  4.24167e+13  4.50540e+13  3.79376e+11  6.33768e+11  4.75334e+11
  300.00  0.00882  2.60030e+13  2.52902e+13  2.62616e+13  1.81371e+11  5.01882e+11  7.80214e+11
  300.00  0.03727  1.49144e+13  1.44935e+13  1.46379e+13  5.03436e+10  3.40224e+11  8.36570e+11
  300.00  0.06573  7.83174e+12  7.59557e+12  7.52080e+12  3.47765e+09  1.93152e+11  5.89990e+11
  300.00  0.09419  3.79794e+12  3.67725e+12  3.59371e+12 -5.99008e+09  9.75788e+10  3.34566e+11
  300.00  0.12265  1.73702e+12  1.67973e+12  1.62678e+12 -5.19790e+09  4.57526e+10  1.68253e+11
  300.00  0.15110  7.61093e+11  7.35301e+11  7.07424e+11 -3.06975e+09  2.03840e+10  7.85737e+10
  300.00  0.17956  3.22804e+11  3.11636e+11  2.98309e+11 -1.56097e+09  8.74754e+09  3.48908e+10
  300.00  0.20802  1.33491e+11  1.28799e+11  1.22802e+11 -7.33097e+08  3.64486e+09  1.49354e+10
  300.00  0.23647  5.42063e+10  5.22827e+10  4.96956e+10 -3.33374e+08  1.47702e+09  6.22225e+09
  300.00  0.26493  2.20089e+10  2.12395e+10  2.01583e+10 -1.64826e+08  5.67997e+08  2.55437e+09
  300.00  0.29339  9.79639e+09  9.50430e+09  9.06446e+09 -1.27488e+08  1.63995e+08  1.08101e+09
  300.00  0.32184  6.85752e+09  6.77807e+09  6.60567e+09 -2.04187e+08 -8.99347e+07  5.81176e+08
  300.00  0.35030  1.06027e+10  1.06669e+10  1.06086e+10 -4.68528e+08 -4.24297e+08  6.18959e+08
  300.00  0.37876  2.45530e+10  2.48353e+10  2.48383e+10 -1.15014e+09 -1.13319e+09  1.21098e+09
  300.00  0.40721  6.13871e+10  6.21883e+10  6.22567e+10 -2.80756e+09 -2.80112e+09  2.81519e+09
  300.00  0.43567  1.53336e+11  1.55485e+11  1.55686e+11 -6.70271e+09 -6.70026e+09  6.59702e+09
  300.00  0.46413  3.76966e+11  3.82624e+11  3.83150e+11 -1.55125e+10 -1.55115e+10  1.49995e+10
  300.00  0.49259  9.06950e+11  9.21583e+11  9.22922e+11 -3.44231e+10 -3.44226e+10  3.24847e+10
  300.00  0.52104  2.12344e+12  2.16050e+12  2.16385e+12 -7.19294e+10 -7.19290e+10  6.53309e+10
  300.00  0.54950  4.80080e+12  4.89207e+12  4.90029e+12 -1.36662e+11 -1.36662e+11  1.15686e+11
  300.00  0.57796  1.03613e+13  1.05761e+13  1.05959e+13 -2.16662e+11 -2.16661e+11  1.53693e+11
  300.00  0.60641  2.09891e+13  2.14465e+13  2.14926e+13 -2.01485e+11 -2.01484e+11  2.40500e+10
  300.00  0.63487  3.90407e+13  3.97780e+13  3.98817e+13  3.17441e+11  3.17440e+11 -7.73104e+11
  300.00  0.66333  6.50790e+13  6.56160e+13  6.58377e+13  2.11440e+12  2.11440e+12 -3.10683e+12
  300.00  0.69178  9.51087e+13  9.50594e+13  9.55007e+13  4.26049e+12  4.26048e+12 -5.74209e+12
  300.00  0.72024  1.30827e+14  1.31074e+14  1.31858e+14  9.71450e+11  9.71447e+11 -2.52122e+12
  300.00  0.74870  1.86713e+14  1.88172e+14  1.89343e+14 -4.72763e+12 -4.72763e+12  1.80782e+12
  300.00  0.77715  2.25605e+14  2.28796e+14  2.30269e+14 -3.35568e+12 -3.35569e+12 -5.93188e+11
  300.00  0.80561  2.32663e+14  2.32840e+14  2.35141e+14  3.32910e+12  3.32910e+12 -6.38089e+12
  300.00  0.83407  3.04155e+14  2.99540e+14  3.04126e+14  1.51239e+13  1.51239e+13 -1.78593e+13
  300.00  0.86253  5.00137e+14  4.98859e+14  5.06052e+14  1.73532e+13  1.73531e+13 -2.17425e+13
  300.00  0.89098  7.24436e+14  7.25723e+14  7.33156e+14  1.55534e+13  1.55533e+13 -2.56598e+13
  300.00  0.91944  7.83335e+14  7.87258e+14  7.90254e+14  1.33676e+13  1.33674e+13 -2.68343e+13
  300.00  0.94790  6.77593e+14  6.82121e+14  6.82502e+14  5.03930e+12  5.03887e+12 -1.08812e+13
  300.00  0.97635  6.83126e+14  6.85761e+14  6.90614e+14  8.88696e+12  8.88584e+12 -9.92703e+12
  300.00  1.00481  9.84993e+14  9.89933e+14  9.97194e+14  1.97566e+13  1.97537e+13 -2.68383e+13
  300.00  1.03327  1.25467e+15  1.25799e+15  1.26371e+15  2.18379e+13  2.18306e+13 -3.40167e+13
  300.00  1.06172  1.30346e+15  1.30764e+15  1.31107e+15  2.01330e+13  2.01144e+13 -3.33507e+13
  300.00  1.09018  1.26877e+15  1.27370e+15  1.27555e+15  2.70079e+13  2.69621e+13 -3.84594e+13
  300.00  1.11864  1.29801e+15  1.29918e+15  1.30025e+15  1.64200e+13  1.63095e+13 -2.42674e+13
  300.00  1.14709  1.63228e+15  1.63010e+15  1.63105e+15 -1.67261e+12 -1.93236e+12 -9.12647e+12
  300.00  1.17555  1.98349e+15  1.98335e+15  1.98481e+15  3.35393e+12  2.76353e+12 -1.52977e+13
  300.00  1.20401  2.10765e+15  2.10996e+15  2.11285e+15  8.54349e+12  7.26327e+12 -1.28251e+13
  300.00  1.23246  2.25728e+15  2.25237e+15  2.25810e+15 -1.15833e+13 -1.41766e+13  1.40974e+13
  300.00  1.26092  2.59624e+15  2.58009e+15  2.59047e+15 -4.75069e+12 -9.46333e+12  7.06825e+12
  300.00  1.28938  3.00823e+15  2.98333e+15  2.99879e+15  2.76267e+13  2.05991e+13 -3.92692e+13
  300.00  1.31784  3.38752e+15  3.35518e+15  3.37030e+15  1.96590e+13  1.27863e+13 -4.43119e+13
  300.00  1.34629  3.44150e+15  3.42674e+15  3.43135e+15 -1.65405e+13 -1.86389e+13  1.96245e+12
  300.00  1.37475  3.56890e+15  3.55727e+15  3.55839e+15 -7.31632e+13 -7.36712e+13  8.17218e+13
  300.00  1.40321  4.17354e+15  4.14737e+15  4.15955e+15 -1.45292e+13 -2.00642e+13  1.61950e+13
  300.00  1.43166  4.52235e+15  4.50201e+15  4.51844e+15  5.09189e+13  4.34521e+13 -7.69372e+13
  300.00  1.46012  4.98723e+15  4.95751e+15  4.96987e+15 -2.35619e+12 -7.97380e+12 -1.12104e+13
  300.00  1.48858  5.37673e+15  5.34601e+15  5.35321e+15  6.73964e+12  3.46563e+12 -1.33132e+13
  300.00  1.51703  5.08368e+15  5.08513e+15  5.08881e+15 -3.20173e+13 -3.36883e+13 -5.89317e+12
  300.00  1.54549  4.86473e+15  4.85029e+15  4.85203e+15 -1.07658e+14 -1.08445e+14  9.21047e+13
  300.00  1.57395  5.47852e+15  5.45122e+15  5.45199e+15  2.00305e+13  1.96787e+13 -1.24669e+13
  300.00  1.60240  6.04730e+15  6.06439e+15  6.06472e+15  1.33776e+14  1.33625e+14 -1.52670e+14
  300.00  1.63086  6.14282e+15  6.17405e+15  6.17419e+15  3.18151e+13  3.17518e+13 -6.22872e+13
  300.00  1.65932  6.14402e+15  6.14257e+15  6.14264e+15 -8.77441e+13 -8.77700e+13  7.87278e+13
  300.00  1.68778  6.26650e+15  6.23882e+15  6.23886e+15 -5.40294e+13 -5.40397e+13  4.87567e+13
  300.00  1.71623  6.29499e+15  6.28612e+15  6.28619e+15 -4.13669e+12 -4.14070e+12 -8.00306e+12
  300.00  1.74469  6.05920e+15  6.06914e+15  6.06928e+15  6.91639e+13  6.91623e+13 -6.05306e+13
  300.00  1.77315  6.54178e+15  6.56431e+15  6.56465e+15  1.53424e+14  1.53423e+14 -1.38662e+14
  300.00  1.80160  8.11697e+15  8.16347e+15  8.16423e+15 -1.13384e+13 -1.13388e+13 -1.60755e+13
  300.00  1.83006  9.41720e+15  9.41394e+15  9.41560e+15 -1.50903e+14 -1.50903e+14  1.36546e+14
  300.00  1.85852  9.21487e+15  9.15901e+15  9.16236e+15 -5.41357e+13 -5.41357e+13  6.89494e+13
  300.00  1.88697  8.19183e+15  8.18427e+15  8.19031e+15  2.80639e+13  2.80640e+13 -2.24223e+13
  300.00  1.91543  8.07149e+15  8.07276e+15  8.08163e+15  3.95847e+13  3.95847e+13 -5.29341e+13
  300.00  1.94389  8.85331e+15  8.85016e+15  8.85856e+15 -2.11446e+13 -2.11445e+13 -3.26560e+12
  300.00  1.97234  1.04272e+16  1.04333e+16  1.04356e+16 -5.67922e+13 -5.67920e+13  7.35891e+13
  300.00  2.00080  1.16836e+16  1.16893e+16  1.16902e+16 -9.81381e+13 -9.81378e+13  1.08975e+14
  300.00  2.02926  1.20480e+16  1.20109e+16  1.20181e+16 -1.37467e+14 -1.37467e+14  1.25043e+14
  300.00  2.05772  1.10661e+16  1.10175e+16  1.10268e+16 -3.36894e+13 -3.36895e+13  1.37091e+13
  300.00  2.08617  9.75859e+15  9.76946e+15  9.77632e+15  9.76217e+12  9.76224e+12 -1.23229e+13
  300.00  2.11463  1.00609e+16  1.00663e+16  1.00702e+16 -1.00694e+14 -1.00694e+14  1.49484e+14
  300.00  2.14309  1.09045e+16  1.08621e+16  1.08641e+16 -1.27364e+14 -1.27364e+14  1.43940e+14
  300.00  2.17154  1.12951e+16  1.12556e+16  1.12566e+16 -6.46172e+13 -6.46172e+13  1.21364e+13
  300.00  2.20000  1.16814e+16  1.16745e+16  1.16749e+16 -7.21140e+13 -7.21136e+13  5.30883e+13
