  300.00 -12.00000  2.22198e+01  2.22615e+01  2.22615e+01 -2.45943e-01 -2.45941e-01  2.37983e-01
  300.00 -11.97154  6.17508e+01  6.18670e+01  6.18670e+01 -6.83459e-01 -6.83454e-01  6.61397e-01
  300.00 -11.94309  1.71060e+02  1.71382e+02  1.71382e+02 -1.89317e+00 -1.89316e+00  1.83223e+00
  300.00 -11.91463  4.72211e+02  4.73099e+02  4.73099e+02 -5.22576e+00 -5.22573e+00  5.05805e+00
  300.00 -11.88617  1.29859e+03  1.30103e+03  1.30103e+03 -1.43699e+01 -1.43698e+01  1.39102e+01
  300.00 -11.85772  3.55632e+03  3.56300e+03  3.56300e+03 -3.93502e+01 -3.93499e+01  3.80960e+01
  300.00 -11.82926  9.69495e+03  9.71317e+03  9.71317e+03 -1.07264e+02 -1.07263e+02  1.03859e+02
  300.00 -11.80080  2.62968e+04  2.63462e+04  2.63462e+04 -2.90915e+02 -2.90914e+02  2.81722e+02
  300.00 -11.77234  7.09305e+04  7.10638e+04  7.10638e+04 -7.84604e+02 -7.84599e+02  7.59932e+02
  300.00 -11.74389  1.90134e+05  1.90491e+05  1.90491e+05 -2.10293e+03 -2.10291e+03  2.03717e+03
  300.00 -11.71543  5.06120e+05  5.07071e+05  5.07071e+05 -5.59703e+03 -5.59700e+03  5.42312e+03
  300.00 -11.68697  1.33666e+06  1.33917e+06  1.33917e+06 -1.47794e+04 -1.47793e+04  1.43235e+04
  300.00 -11.65852  3.49852e+06  3.50509e+06  3.50509e+06 -3.86761e+04 -3.86759e+04  3.74930e+04
  300.00 -11.63006  9.06286e+06  9.07987e+06  9.07987e+06 -1.00169e+05 -1.00168e+05  9.71345e+04
  300.00 -11.60160  2.31973e+07  2.32409e+07  2.32409e+07 -2.56330e+05 -2.56328e+05  2.48654e+05
  300.00 -11.57315  5.85450e+07  5.86548e+07  5.86548e+07 -6.46726e+05 -6.46722e+05  6.27626e+05
  300.00 -11.54469  1.45291e+08  1.45563e+08  1.45563e+08 -1.60435e+06 -1.60434e+06  1.55777e+06
  300.00 -11.51623  3.53273e+08  3.53935e+08  3.53935e+08 -3.89877e+06 -3.89874e+06  3.78802e+06
  300.00 -11.48778  8.37427e+08  8.38994e+08  8.38994e+08 -9.23312e+06 -9.23306e+06  8.97851e+06
  300.00 -11.45932  1.92144e+09  1.92503e+09  1.92503e+09 -2.11431e+07 -2.11430e+07  2.05855e+07
  300.00 -11.43086  4.22070e+09  4.22858e+09  4.22858e+09 -4.62184e+07 -4.62181e+07  4.50933e+07
  300.00 -11.40240  8.71937e+09  8.73577e+09  8.73577e+09 -9.41950e+07 -9.41944e+07  9.23137e+07
  300.00 -11.37395  1.64476e+10  1.64807e+10  1.64807e+10 -1.70378e+08 -1.70377e+08  1.69256e+08
  300.00 -11.34549  2.71306e+10  2.72034e+10  2.72034e+10 -2.43043e+08 -2.43041e+08  2.56109e+08
  300.00 -11.31703  3.77524e+10  3.79351e+10  3.79351e+10 -1.95294e+08 -1.95291e+08  2.84647e+08
  300.00 -11.28858  4.42885e+10  4.45735e+10  4.45734e+10  1.70857e+07  1.70896e+07  2.56846e+08
  300.00 -11.26012  4.54385e+10  4.54193e+10  4.54193e+10  1.40369e+08  1.40374e+08  2.93081e+08
  300.00 -11.23166  4.88212e+10  4.81656e+10  4.81655e+10  1.00332e+08  1.00337e+08  3.10309e+08
  300.00 -11.20321  4.63899e+10  4.55484e+10  4.55484e+10 -1.86592e+07 -1.86565e+07  2.63782e+08
  300.00 -11.17475  3.43165e+10  3.41565e+10  3.41566e+10 -6.76209e+07 -6.76190e+07  2.60935e+08
  300.00 -11.14629  3.40430e+10  3.48117e+10  3.48117e+10 -5.53764e+07 -5.53753e+07  2.96360e+08
  300.00 -11.11784  4.84574e+10  4.86210e+10  4.86210e+10 -1.00547e+06 -1.00779e+06  1.63715e+08
  300.00 -11.08938  3.83522e+10  3.72952e+10  3.72952e+10  2.98805e+07  2.98772e+07  3.35903e+07
  300.00 -11.06092  1.70666e+10  1.65770e+10  1.65770e+10  3.93845e+06  3.93747e+06  4.85247e+07
  300.00 -11.03246  2.00634e+10  2.04740e+10  2.04740e+10 -2.04498e+07 -2.04504e+07  3.75257e+07
  300.00 -11.00401  4.68657e+10  4.83501e+10  4.83501e+10 -7.85379e+07 -7.85380e+07 -1.07143e+08
  300.00 -10.97555  5.65039e+10  5.78095e+10  5.78095e+10 -4.92134e+07 -4.92164e+07 -2.32985e+08
  300.00 -10.94709  2.14046e+10  2.17921e+10  2.17921e+10  1.65893e+07  1.65866e+07 -7.97475e+07
  300.00 -10.91864  2.58523e+09  2.57227e+09  2.57227e+09  5.21158e+06  5.21127e+06 -5.57608e+06
  300.00 -10.89018  1.34511e+10  1.32363e+10  1.32363e+10  2.49126e+07  2.49123e+07 -4.16620e+06
  300.00 -10.86172  5.41305e+10  5.29028e+10  5.29028e+10  1.07425e+07  1.07464e+07 -8.83469e+07
  300.00 -10.83327  5.64825e+10  5.51397e+10  5.51396e+10 -1.06773e+08 -1.06767e+08 -1.99389e+08
  300.00 -10.80481  3.62903e+10  3.58059e+10  3.58059e+10 -1.08556e+08 -1.08552e+08 -1.19271e+08
  300.00 -10.77635  1.96622e+10  2.00632e+10  2.00633e+10 -4.57754e+07 -4.57742e+07 -3.67688e+07
  300.00 -10.74790  3.35068e+08  4.44075e+08  4.44081e+08 -5.39733e+05 -5.39742e+05 -8.40914e+05
  300.00 -10.71944  1.30374e+07  7.77089e+06  7.77106e+06  3.42278e+02  3.42112e+02 -7.31379e+03
  300.00 -10.69098  3.68488e+10  3.62569e+10  3.62568e+10  5.34186e+06  5.34118e+06 -3.39587e+07
  300.00 -10.66253  1.09892e+11  1.11476e+11  1.11475e+11  1.86799e+08  1.86799e+08  1.85034e+08
  300.00 -10.63407  6.95855e+10  7.04132e+10  7.04131e+10  8.61052e+07  8.61085e+07  1.02792e+08
  300.00 -10.60561  8.37798e+09  7.97544e+09  7.97545e+09  4.39641e+06  4.39678e+06 -9.53502e+06
  300.00 -10.57715  2.10521e+08  2.64089e+08  2.64090e+08  1.88407e+05  1.88413e+05 -7.97396e+05
  300.00 -10.54870  9.83859e+08  9.04610e+08  9.04611e+08  1.22669e+06  1.22670e+06 -3.08912e+05
  300.00 -10.52024  2.13886e+09  2.08531e+09  2.08531e+09  2.41782e+06  2.41783e+06  1.92616e+06
  300.00 -10.49178  2.44822e+10  2.52881e+10  2.52881e+10 -3.91856e+06 -3.91759e+06  3.00443e+07
  300.00 -10.46333  1.39656e+11  1.41241e+11  1.41241e+11 -1.56074e+08 -1.56072e+08  3.00054e+08
  300.00 -10.43487  1.08296e+11  1.08468e+11  1.08468e+11 -2.76220e+07 -2.76240e+07  2.32114e+08
  300.00 -10.40641  3.81792e+09  3.81293e+09  3.81293e+09  4.69054e+06  4.69044e+06  4.97245e+06
  300.00 -10.37796  8.88402e+09  8.99220e+09  8.99221e+09  1.85342e+07  1.85333e+07  7.62423e+06
  300.00 -10.34950  1.96917e+08  2.16465e+08  2.16467e+08  1.27543e+05  1.27528e+05  5.53106e+04
  300.00 -10.32104  2.50162e+10  2.50528e+10  2.50527e+10  1.84375e+06  1.84201e+06 -2.95658e+06
  300.00 -10.29259  1.13870e+10  1.14679e+10  1.14679e+10  7.60743e+06  7.60751e+06  1.27215e+07
  300.00 -10.26413  9.85253e+09  9.80947e+09  9.80950e+09  6.55641e+06  6.55737e+06  2.53478e+07
  300.00 -10.23567  8.82460e+10  8.78808e+10  8.78809e+10 -8.77958e+07 -8.77841e+07  2.48908e+08
  300.00 -10.20721  1.02277e+11  1.01633e+11  1.01633e+11 -1.87821e+08 -1.87815e+08  1.87387e+08
  300.00 -10.17876  3.15570e+10  3.15649e+10  3.15649e+10 -4.31770e+07 -4.31781e+07 -1.00828e+06
  300.00 -10.15030  4.57964e+09  4.74094e+09  4.74092e+09 -4.10794e+06 -4.10816e+06 -4.11872e+06
  300.00 -10.12184  6.04083e+09  5.94703e+09  5.94704e+09 -6.44571e+06 -6.44614e+06  4.60121e+06
  300.00 -10.09339  4.26744e+10  4.27202e+10  4.27202e+10 -5.20348e+07 -5.20384e+07  9.82287e+07
  300.00 -10.06493  7.68471e+08  7.59664e+08  7.59663e+08 -7.74605e+05 -7.74639e+05  5.61075e+05
  300.00 -10.03647  1.00788e+11  1.00584e+11  1.00584e+11 -1.81650e+07 -1.81647e+07 -1.13894e+08
  300.00 -10.00802  1.48791e+11  1.47390e+11  1.47390e+11  3.24777e+07  3.24830e+07 -5.78226e+07
  300.00 -9.97956  1.01824e+11  1.02131e+11  1.02131e+11  3.99808e+07  3.99870e+07 -2.17370e+07
  300.00 -9.95110  3.58794e+10  3.73753e+10  3.73752e+10  3.32637e+07  3.32654e+07 -5.32281e+07
  300.00 -9.92265  2.93841e+09  3.32881e+09  3.32879e+09  2.29336e+06  2.29345e+06 -4.20603e+06
  300.00 -9.89419  2.70027e+08  2.43120e+08  2.43115e+08 -3.21180e+05 -3.21170e+05 -5.20822e+04
  300.00 -9.86573  9.07144e+09  1.00197e+10  1.00197e+10 -1.28148e+07 -1.28148e+07  1.87338e+06
  300.00 -9.83727  8.46915e+10  8.72757e+10  8.72756e+10 -9.02144e+07 -9.02162e+07  5.60498e+07
  300.00 -9.80882  3.52504e+09  3.53425e+09  3.53423e+09 -2.72215e+06 -2.72218e+06  3.19099e+06
  300.00 -9.78036  2.02308e+11  2.04472e+11  2.04472e+11 -2.80793e+07 -2.80849e+07  1.13673e+08
  300.00 -9.75190  3.28076e+11  3.28354e+11  3.28354e+11  3.25786e+06  3.24444e+06 -7.94051e+07
  300.00 -9.72345  6.14464e+10  6.10278e+10  6.10278e+10  1.07599e+07  1.07596e+07 -7.43740e+07
  300.00 -9.69499  1.42125e+07  1.09998e+07  1.09995e+07  8.68480e+03  8.68565e+03 -1.30961e+04
  300.00 -9.66653  7.63116e+08  6.87485e+08  6.87487e+08  2.24183e+05  2.24215e+05 -1.23581e+06
  300.00 -9.63808  1.27682e+09  1.38528e+09  1.38527e+09  5.20264e+05  5.20303e+05 -8.70338e+05
  300.00 -9.60962  1.99416e+08  1.84193e+08  1.84191e+08  9.01241e+04  9.01262e+04  1.06520e+04
  300.00 -9.58116  7.68013e+09  8.06785e+09  8.06785e+09  2.69994e+06  2.69977e+06  4.54287e+06
  300.00 -9.55271  1.38943e+10  1.40490e+10  1.40490e+10  8.92234e+06  8.92202e+06  8.87455e+06
  300.00 -9.52425  6.06934e+09  6.47249e+09  6.47251e+09  5.02575e+06  5.02570e+06  2.02624e+06
  300.00 -9.49579  1.15564e+11  1.16477e+11  1.16477e+11  7.39841e+07  7.39808e+07 -1.26145e+07
  300.00 -9.46733  1.07455e+11  1.06817e+11  1.06817e+11  3.92840e+07  3.92807e+07 -6.34474e+06
  300.00 -9.43888  2.35990e+10  2.32785e+10  2.32785e+10 -2.61086e+06 -2.61077e+06 -4.97814e+06
  300.00 -9.41042  2.12020e+10  2.10649e+10  2.10649e+10 -9.38242e+06 -9.38183e+06 -9.72612e+06
  300.00 -9.38196  1.39289e+10  1.37916e+10  1.37916e+10 -8.17584e+06 -8.17550e+06 -6.32539e+06
  300.00 -9.35351  3.30940e+08  3.11556e+08  3.11555e+08 -5.36039e+03 -5.35607e+03 -1.48003e+05
  300.00 -9.32505  2.00279e+10  2.00257e+10  2.00257e+10  1.83066e+07  1.83065e+07 -8.84445e+06
  300.00 -9.29659  1.21466e+11  1.21107e+11  1.21107e+11  1.28316e+08  1.28312e+08 -3.93273e+07
  300.00 -9.26814  5.12690e+10  5.07875e+10  5.07874e+10  3.00161e+07  3.00143e+07  4.39317e+06
  300.00 -9.23968  2.32806e+10  2.37177e+10  2.37178e+10  5.92431e+06  5.92393e+06  6.49121e+06
  300.00 -9.21122  8.89098e+10  8.93255e+10  8.93254e+10  3.91305e+07  3.91307e+07 -1.56360e+07
  300.00 -9.18277  1.30899e+11  1.30836e+11  1.30836e+11  3.16784e+07  3.16798e+07 -3.58358e+07
  300.00 -9.15431  1.40430e+11  1.40491e+11  1.40491e+11 -7.72283e+07 -7.72274e+07  1.22599e+07
  300.00 -9.12585  4.16063e+10  4.16671e+10  4.16671e+10 -3.19368e+07 -3.19367e+07  7.33717e+06
  300.00 -9.09739  2.76713e+10  2.79203e+10  2.79202e+10 -1.34020e+07 -1.34018e+07  4.97100e+05
  300.00 -9.06894  1.29492e+11  1.30440e+11  1.30440e+11 -4.86440e+07 -4.86433e+07  2.47680e+07
  300.00 -9.04048  1.76244e+11  1.76146e+11  1.76146e+11 -7.23020e+07 -7.23019e+07  3.62549e+07
  300.00 -9.01202  1.99949e+11  1.99671e+11  1.99671e+11 -8.29788e+07 -8.29819e+07 -9.59850e+06
  300.00 -8.98357  2.51498e+09  2.34948e+09  2.34947e+09 -4.99017e+05 -4.99075e+05 -2.33557e+05
  300.00 -8.95511  2.93528e+11  2.92089e+11  2.92089e+11 -1.21807e+07 -1.21839e+07  9.28940e+06
  300.00 -8.92665  1.75248e+11  1.75974e+11  1.75974e+11 -4.71379e+07 -4.71366e+07  2.85929e+07
  300.00 -8.89820  1.43350e+10  1.51401e+10  1.51400e+10 -3.47283e+06 -3.47263e+06  1.87067e+06
  300.00 -8.86974  6.02783e+08  7.05293e+08  7.05289e+08  1.96236e+05  1.96241e+05 -1.40412e+05
  300.00 -8.84128  1.05287e+09  9.90199e+08  9.90196e+08  6.39087e+05  6.39096e+05 -2.30661e+05
  300.00 -8.81283  2.03593e+10  2.09130e+10  2.09130e+10  8.10038e+06  8.10075e+06  2.42066e+06
  300.00 -8.78437  1.50987e+11  1.51519e+11  1.51519e+11 -1.21301e+06 -1.21112e+06  7.69351e+07
  300.00 -8.75591  2.60934e+11  2.60688e+11  2.60688e+11 -8.87292e+07 -8.87299e+07  1.14121e+08
  300.00 -8.72745  4.99111e+10  5.00268e+10  5.00268e+10 -2.30075e+07 -2.30079e+07  2.05505e+07
  300.00 -8.69900  1.22119e+11  1.21362e+11  1.21362e+11 -3.94670e+07 -3.94676e+07  2.55575e+07
  300.00 -8.67054  2.26828e+11  2.26186e+11  2.26186e+11 -7.00976e+07 -7.00985e+07 -1.55178e+07
  300.00 -8.64208  2.98660e+10  2.99888e+10  2.99887e+10 -1.43715e+07 -1.43717e+07  3.13223e+06
  300.00 -8.61363  9.55943e+08  9.16917e+08  9.16922e+08 -5.13763e+05 -5.13771e+05  5.28955e+05
  300.00 -8.58517  5.49579e+08  5.16759e+08  5.16762e+08 -1.61863e+05 -1.61867e+05  4.29986e+05
  300.00 -8.55671  9.73087e+09  9.74443e+09  9.74442e+09  9.47536e+05  9.47487e+05  6.80136e+06
  300.00 -8.52826  6.82665e+10  6.87874e+10  6.87873e+10  2.53252e+07  2.53254e+07  2.18364e+07
  300.00 -8.49980  5.25676e+10  5.28621e+10  5.28621e+10  1.79286e+07  1.79290e+07  5.30665e+06
  300.00 -8.47134  8.42243e+10  8.38736e+10  8.38735e+10  1.94206e+07  1.94200e+07 -5.28295e+05
  300.00 -8.44289  7.24310e+10  7.21082e+10  7.21082e+10  3.84754e+06  3.84647e+06 -1.20869e+07
  300.00 -8.41443  4.15908e+10  4.18615e+10  4.18615e+10 -1.27895e+07 -1.27896e+07 -1.14037e+07
  300.00 -8.38597  1.71968e+11  1.72647e+11  1.72647e+11 -7.55522e+07 -7.55520e+07 -1.46868e+07
  300.00 -8.35752  1.90454e+10  1.91480e+10  1.91480e+10 -5.40240e+06 -5.40246e+06  6.32886e+06
  300.00 -8.32906  2.67771e+09  2.58046e+09  2.58046e+09 -3.66551e+05 -3.66560e+05  1.09642e+06
  300.00 -8.30060  4.08527e+09  3.99653e+09  3.99654e+09  4.43779e+05  4.43768e+05  1.79375e+05
  300.00 -8.27214  1.02398e+10  1.06645e+10  1.06645e+10  2.30122e+06  2.30121e+06  3.66448e+05
  300.00 -8.24369  2.28952e+11  2.30263e+11  2.30263e+11 -2.92933e+07 -2.92920e+07  3.43095e+07
  300.00 -8.21523  2.94059e+11  2.94394e+11  2.94394e+11 -6.14771e+07 -6.14755e+07 -5.43937e+07
  300.00 -8.18677  1.74897e+11  1.74937e+11  1.74936e+11 -1.13775e+07 -1.13793e+07 -6.46036e+07
  300.00 -8.15832  3.13464e+09  2.98734e+09  2.98733e+09 -1.16922e+06 -1.16926e+06 -3.67995e+05
  300.00 -8.12986  1.82337e+11  1.83979e+11  1.83979e+11 -1.37380e+08 -1.37380e+08  1.14724e+07
  300.00 -8.10140  2.49711e+11  2.51351e+11  2.51350e+11 -1.27888e+08 -1.27887e+08  2.84117e+06
  300.00 -8.07295  8.53244e+10  8.56804e+10  8.56803e+10 -6.40771e+06 -6.40752e+06 -8.90302e+06
  300.00 -8.04449  6.96182e+08  7.21633e+08  7.21636e+08  4.49261e+04  4.49253e+04 -4.99953e+03
  300.00 -8.01603  1.85710e+11  1.86936e+11  1.86936e+11  1.11549e+07  1.11542e+07  2.00057e+07
  300.00 -7.98758  4.31011e+11  4.34500e+11  4.34500e+11 -2.44717e+07 -2.44723e+07  2.15283e+07
  300.00 -7.95912  3.61299e+11  3.62638e+11  3.62638e+11 -5.63576e+07 -5.63542e+07 -7.06670e+07
  300.00 -7.93066  1.61775e+11  1.61046e+11  1.61046e+11 -4.27099e+07 -4.27061e+07 -6.55652e+07
  300.00 -7.90220  8.23454e+10  8.16333e+10  8.16327e+10 -6.24958e+07 -6.24939e+07 -2.74460e+07
  300.00 -7.87375  4.56687e+09  4.71640e+09  4.71681e+09 -5.36779e+06 -5.36802e+06 -1.31400e+05
  300.00 -7.84529  3.65427e+11  3.64979e+11  3.64988e+11 -1.85116e+08 -1.85124e+08 -5.15581e+07
  300.00 -7.81683  4.26192e+11  4.25131e+11  4.25154e+11 -8.73906e+07 -8.74096e+07  3.92740e+07
  300.00 -7.78838  3.42559e+09  3.42345e+09  3.42894e+09 -7.57865e+05 -7.58894e+05  1.21049e+06
  300.00 -7.75992  3.28273e+11  3.28614e+11  3.28458e+11 -3.38444e+07 -3.39563e+07  2.82519e+07
  300.00 -7.73146  6.00185e+11  5.99926e+11  5.99278e+11  1.45968e+08  1.45041e+08 -2.92697e+08
  300.00 -7.70301  4.80278e+11  4.77704e+11  4.75994e+11  2.78873e+08  2.75797e+08 -3.28967e+08
  300.00 -7.67455  5.08634e+11  5.06133e+11  5.01078e+11  3.61684e+08  3.49913e+08 -2.86772e+08
  300.00 -7.64609  8.77346e+11  8.72702e+11  8.52726e+11  2.41527e+08  1.70622e+08 -2.73864e+08
  300.00 -7.61764  1.24292e+12  1.22424e+12  1.14611e+12 -2.69297e+08 -7.35943e+08 -3.21706e+07
  300.00 -7.58918  1.00795e+12  9.48803e+11  7.32112e+11  2.88904e+09  3.94903e+08  4.93841e+07
  300.00 -7.56072  3.18621e+11  2.49269e+11  6.11031e+10  7.13470e+09  1.35204e+09 -4.12947e+07
  300.00 -7.53226  2.57079e+09  1.75143e+09  6.15617e+10 -3.28956e+08 -1.14373e+08 -1.29074e+08
  300.00 -7.50381  1.58775e+11  4.60548e+10  8.05813e+10  3.04025e+09  4.00787e+09 -1.97539e+09
  300.00 -7.47535  1.42024e+11  1.95636e+10  1.51276e+10  8.26855e+08  5.04141e+08 -1.82402e+09
  300.00 -7.44689  1.12064e+10  1.76536e+08  7.67402e+07 -8.94723e+08 -5.07751e+08 -3.43964e+07
  300.00 -7.41844  3.39423e+10  1.30930e+10  1.19312e+10  4.31538e+09  1.66961e+09 -4.63789e+08
  300.00 -7.38998  1.34469e+11  4.93770e+10  9.98286e+10  8.14693e+09  7.40115e+09 -1.57396e+10
  300.00 -7.36152  4.04893e+10  5.89035e+09  8.99963e+10 -5.51652e+09  1.30625e+09 -9.62676e+09
  300.00 -7.33307  2.11568e+11  2.87780e+11  8.50445e+10  3.59651e+10  9.74524e+09 -7.24133e+09
  300.00 -7.30461  1.35769e+12  1.41638e+12  1.17357e+12  3.32339e+10  1.54993e+10 -2.18875e+10
  300.00 -7.27615  2.80341e+12  2.82429e+12  2.72490e+12  9.79829e+09  5.01614e+09 -7.08489e+09
  300.00 -7.24770  3.28152e+12  3.28214e+12  3.25517e+12  1.97065e+09  1.16540e+09 -1.16509e+09
  300.00 -7.21924  1.77288e+12  1.76475e+12  1.75941e+12  3.80838e+08  3.02329e+08 -3.48851e+08
  300.00 -7.19078  1.55895e+11  1.52657e+11  1.52157e+11  1.34191e+07  1.16633e+07 -4.03930e+07
  300.00 -7.16232  2.70626e+11  2.72152e+11  2.72401e+11 -5.69319e+07 -5.80106e+07 -6.54954e+07
  300.00 -7.13387  1.30468e+12  1.29877e+12  1.29900e+12 -7.54281e+08 -7.56593e+08  3.06517e+08
  300.00 -7.10541  1.35245e+12  1.34412e+12  1.34423e+12 -9.98033e+08 -9.99311e+08  1.29962e+09
  300.00 -7.07695  3.92562e+11  3.90016e+11  3.90041e+11 -1.49746e+08 -1.49931e+08  2.48251e+08
  300.00 -7.04850  1.36916e+06  3.74392e+06  3.77433e+06  3.44874e+03  3.46151e+03  2.95303e+03
  300.00 -7.02004  5.80389e+11  5.79762e+11  5.79758e+11  3.58854e+08  3.58823e+08 -6.29920e+08
  300.00 -6.99158  2.20071e+12  2.20351e+12  2.20351e+12 -3.71765e+07 -3.72255e+07 -1.42129e+09
  300.00 -6.96313  3.40363e+12  3.40591e+12  3.40590e+12 -5.67775e+08 -5.67817e+08 -9.75829e+08
  300.00 -6.93467  1.82466e+12  1.82124e+12  1.82124e+12 -1.95521e+08 -1.95524e+08 -1.41510e+08
  300.00 -6.90621  1.13157e+10  1.17594e+10  1.17594e+10 -2.35918e+06 -2.35912e+06  2.22069e+06
  300.00 -6.87776  1.90338e+12  1.90372e+12  1.90372e+12 -6.19811e+08 -6.19792e+08  8.69405e+08
  300.00 -6.84930  2.31984e+12  2.31527e+12  2.31527e+12 -3.67958e+08 -3.67942e+08  1.11764e+09
  300.00 -6.82084  7.61510e+11  7.60606e+11  7.60606e+11  4.21970e+07  4.21980e+07  1.21416e+08
  300.00 -6.79238  3.40634e+10  3.43622e+10  3.43621e+10 -1.30701e+06 -1.30658e+06 -1.54282e+07
  300.00 -6.76393  1.81585e+11  1.81596e+11  1.81596e+11 -4.03949e+07 -4.03948e+07 -1.41743e+08
  300.00 -6.73547  8.57282e+11  8.59055e+11  8.59056e+11 -7.46492e+07 -7.46596e+07 -4.23803e+08
  300.00 -6.70701  1.36040e+12  1.35876e+12  1.35876e+12  3.19440e+08  3.19430e+08 -5.91693e+08
  300.00 -6.67856  1.19912e+12  1.19747e+12  1.19747e+12  2.36120e+08  2.36121e+08 -4.69912e+08
  300.00 -6.65010  3.68040e+11  3.68485e+11  3.68484e+11  2.28610e+07  2.28651e+07 -8.77419e+07
  300.00 -6.62164  1.75120e+10  1.75044e+10  1.75045e+10 -1.68176e+05 -1.67933e+05 -3.13632e+05
  300.00 -6.59319  5.60716e+11  5.60776e+11  5.60776e+11 -4.23138e+07 -4.23055e+07  1.03956e+08
  300.00 -6.56473  7.60801e+11  7.58567e+11  7.58566e+11 -1.00168e+08 -1.00156e+08 -8.89160e+07
  300.00 -6.53627  2.61965e+11  2.60950e+11  2.60949e+11 -1.39440e+08 -1.39437e+08 -2.35466e+08
  300.00 -6.50782  4.03227e+10  3.95553e+10  3.95554e+10 -4.58141e+07 -4.58142e+07 -5.49829e+07
  300.00 -6.47936  4.63257e+11  4.59841e+11  4.59841e+11 -4.70990e+08 -4.70992e+08 -6.77877e+08
  300.00 -6.45090  4.78567e+11  4.79442e+11  4.79442e+11 -1.67645e+08 -1.67644e+08 -6.62884e+08
  300.00 -6.42244  4.47396e+11  4.50558e+11  4.50558e+11  6.31628e+07  6.31635e+07 -5.03046e+08
  300.00 -6.39399  6.33656e+11  6.35641e+11  6.35641e+11  2.23961e+08  2.23963e+08 -5.26013e+08
  300.00 -6.36553  4.96601e+11  4.95431e+11  4.95431e+11  2.96395e+08  2.96397e+08 -2.22107e+08
  300.00 -6.33707  1.14304e+11  1.12952e+11  1.12952e+11  8.31588e+07  8.31591e+07 -5.11717e+07
  300.00 -6.30862  8.41130e+10  8.55807e+10  8.55807e+10  3.00376e+07  3.00388e+07 -9.94650e+07
  300.00 -6.28016  5.97717e+11  5.99689e+11  5.99689e+11 -1.46559e+08 -1.46547e+08 -8.19180e+08
  300.00 -6.25170  2.64477e+11  2.62498e+11  2.62498e+11 -1.64142e+08 -1.64141e+08 -1.11456e+08
  300.00 -6.22325  1.76171e+10  1.86833e+10  1.86833e+10 -1.60363e+07 -1.60368e+07  7.91126e+06
  300.00 -6.19479  4.74251e+10  4.82408e+10  4.82409e+10 -5.44255e+07 -5.44264e+07 -1.90095e+07
  300.00 -6.16633  1.24394e+09  1.34943e+09  1.34943e+09 -1.30823e+06 -1.30823e+06 -2.05275e+06
  300.00 -6.13788  3.27915e+08  3.79916e+08  3.79916e+08  1.05792e+05  1.05794e+05 -8.03631e+05
  300.00 -6.10942  1.89052e+11  1.89031e+11  1.89031e+11  2.08625e+08  2.08623e+08 -2.19870e+07
  300.00 -6.08096  3.78069e+11  3.78469e+11  3.78469e+11  4.33844e+08  4.33834e+08  1.73700e+08
  300.00 -6.05251  1.28007e+11  1.28470e+11  1.28470e+11  1.58560e+07  1.58531e+07 -5.21661e+07
  300.00 -6.02405  4.20471e+08  4.21248e+08  4.21248e+08 -9.35447e+04 -9.35491e+04 -4.73338e+05
  300.00 -5.99559  7.33665e+10  7.32380e+10  7.32380e+10  2.69461e+07  2.69465e+07  4.13305e+06
  300.00 -5.96713  2.38489e+11  2.38110e+11  2.38110e+11  2.43321e+08  2.43322e+08  3.57234e+08
  300.00 -5.93868  2.08720e+11  2.08780e+11  2.08780e+11  1.83398e+08  1.83398e+08  1.96590e+08
  300.00 -5.91022  1.26703e+11  1.27241e+11  1.27241e+11  1.95310e+07  1.95305e+07 -3.71255e+08
  300.00 -5.88176  1.48980e+10  1.49883e+10  1.49883e+10 -1.16012e+07 -1.16013e+07 -8.21647e+07
  300.00 -5.85331  1.11990e+11  1.11677e+11  1.11677e+11 -1.56866e+08 -1.56867e+08  4.56210e+07
  300.00 -5.82485  5.39819e+11  5.38386e+11  5.38386e+11 -1.46108e+08 -1.46107e+08  2.18344e+09
  300.00 -5.79639  3.65625e+11  3.64938e+11  3.64938e+11  3.42834e+08  3.42835e+08  9.40572e+08
  300.00 -5.76794  1.63611e+10  1.63950e+10  1.63950e+10  7.61854e+06  7.61844e+06 -1.52794e+07
  300.00 -5.73948  6.37749e+11  6.39551e+11  6.39551e+11 -4.91099e+08 -4.91115e+08 -2.06235e+09
  300.00 -5.71102  3.17636e+11  3.18220e+11  3.18220e+11 -5.80744e+08 -5.80754e+08 -3.54323e+08
  300.00 -5.68257  1.75060e+11  1.76263e+11  1.76263e+11 -3.04227e+08 -3.04228e+08  5.29577e+08
  300.00 -5.65411  6.51472e+11  6.53403e+11  6.53403e+11 -5.02719e+08 -5.02711e+08  3.28601e+09
  300.00 -5.62565  4.59826e+10  4.63507e+10  4.63507e+10  4.00700e+07  4.00709e+07  1.55706e+08
  300.00 -5.59719  5.80830e+11  5.76506e+11  5.76506e+11  1.47884e+09  1.47885e+09 -1.41338e+09
  300.00 -5.56874  1.61952e+12  1.61389e+12  1.61389e+12  3.99837e+09  3.99836e+09 -1.10683e+10
  300.00 -5.54028  3.14224e+11  3.14614e+11  3.14614e+11  6.78463e+07  6.78412e+07 -7.53908e+08
  300.00 -5.51182  6.08440e+11  6.05365e+11  6.05365e+11 -1.32174e+09 -1.32174e+09  3.21773e+09
  300.00 -5.48337  1.38862e+12  1.38320e+12  1.38320e+12 -3.22799e+09 -3.22796e+09  1.04877e+10
  300.00 -5.45491  2.09796e+11  2.07954e+11  2.07954e+11 -1.37044e+08 -1.37041e+08  1.04857e+09
  300.00 -5.42645  2.17961e+11  2.20321e+11  2.20320e+11  5.91380e+08  5.91383e+08 -3.34157e+08
  300.00 -5.39800  1.51823e+11  1.52472e+11  1.52472e+11  7.14754e+08  7.14755e+08 -1.08380e+09
  300.00 -5.36954  2.46559e+09  2.79203e+09  2.79203e+09  1.04767e+07  1.04767e+07 -3.21656e+06
  300.00 -5.34108  7.42543e+09  6.89193e+09  6.89193e+09 -6.17295e+06 -6.17308e+06  1.50157e+07
  300.00 -5.31263  4.75920e+08  4.72534e+08  4.72533e+08 -3.18894e+06 -3.18895e+06 -1.49329e+06
  300.00 -5.28417  1.77823e+09  1.65548e+09  1.65548e+09 -4.28046e+06 -4.28044e+06  1.74311e+07
  300.00 -5.25571  4.88512e+11  4.90237e+11  4.90237e+11 -8.15552e+07 -8.15527e+07  1.32983e+09
  300.00 -5.22725  1.09909e+12  1.09851e+12  1.09851e+12  4.76410e+09  4.76412e+09 -3.19710e+09
  300.00 -5.19880  2.25876e+09  2.27797e+09  2.27797e+09  5.51365e+06  5.51365e+06 -1.08916e+07
  300.00 -5.17034  5.41208e+11  5.35811e+11  5.35811e+11  2.09794e+08  2.09793e+08 -2.03500e+09
  300.00 -5.14188  7.09703e+11  7.04980e+11  7.04980e+11 -1.55583e+09 -1.55584e+09 -9.21615e+08
  300.00 -5.11343  7.05492e+11  7.06749e+11  7.06749e+11 -2.37853e+09 -2.37853e+09  1.81077e+09
  300.00 -5.08497  6.81728e+10  6.90347e+10  6.90346e+10 -1.28742e+08 -1.28740e+08  2.72297e+08
  300.00 -5.05651  5.30857e+11  5.28689e+11  5.28689e+11  7.71132e+08  7.71156e+08  1.01860e+09
  300.00 -5.02806  1.49889e+12  1.49216e+12  1.49216e+12  4.71958e+09  4.71966e+09  9.33571e+08
  300.00 -4.99960  7.12465e+11  7.03718e+11  7.03719e+11  1.34192e+09  1.34194e+09  3.22692e+08
  300.00 -4.97114  1.21520e+10  1.30174e+10  1.30174e+10  8.54578e+06  8.54557e+06 -1.89630e+07
  300.00 -4.94269  8.89468e+11  8.87219e+11  8.87219e+11 -7.44854e+08 -7.44902e+08 -2.10847e+09
  300.00 -4.91423  8.38419e+11  8.33865e+11  8.33866e+11 -2.33622e+09 -2.33625e+09  6.83402e+07
  300.00 -4.88577  9.37309e+09  9.19455e+09  9.19455e+09 -2.42959e+07 -2.42960e+07  2.51901e+07
  300.00 -4.85731  1.12722e+12  1.12786e+12  1.12786e+12 -2.51680e+08 -2.51663e+08  5.79518e+09
  300.00 -4.82886  2.41943e+12  2.41582e+12  2.41582e+12  6.53731e+09  6.53741e+09  8.25991e+09
  300.00 -4.80040  4.14150e+11  4.11187e+11  4.11187e+11  1.50366e+09  1.50368e+09 -7.37918e+08
  300.00 -4.77194  8.53663e+11  8.47062e+11  8.47062e+11  2.30635e+09  2.30637e+09 -6.96433e+09
  300.00 -4.74349  1.83894e+12  1.82114e+12  1.82114e+12  2.06080e+09  2.06080e+09 -1.15593e+10
  300.00 -4.71503  7.82869e+11  7.79389e+11  7.79389e+11 -6.11215e+08 -6.11230e+08 -2.52525e+09
  300.00 -4.68657  9.61312e+09  9.77340e+09  9.77339e+09 -3.74163e+07 -3.74166e+07  6.32697e+06
  300.00 -4.65812  3.47668e+11  3.45631e+11  3.45631e+11 -1.59866e+09 -1.59866e+09  2.86365e+09
  300.00 -4.62966  2.18304e+11  2.17868e+11  2.17868e+11 -7.96411e+08 -7.96405e+08  1.41987e+09
  300.00 -4.60120  1.23570e+11  1.24341e+11  1.24341e+11 -2.56856e+08 -2.56855e+08  2.62879e+08
  300.00 -4.57275  5.72242e+11  5.70873e+11  5.70873e+11  9.84338e+07  9.84431e+07 -1.00628e+09
  300.00 -4.54429  2.12651e+11  2.11037e+11  2.11037e+11  7.87816e+08  7.87817e+08 -1.82542e+09
  300.00 -4.51583  2.81262e+11  2.82445e+11  2.82445e+11  1.60964e+09  1.60963e+09 -4.32524e+09
  300.00 -4.48737  2.06840e+11  2.07033e+11  2.07033e+11  5.94592e+07  5.94554e+07 -7.58565e+08
  300.00 -4.45892  1.87844e+11  1.87061e+11  1.87061e+11 -1.25004e+09 -1.25004e+09  2.60174e+09
  300.00 -4.43046  3.96340e+11  3.94024e+11  3.94024e+11 -3.73862e+09 -3.73861e+09  6.50027e+09
  300.00 -4.40200  3.39762e+10  3.44581e+10  3.44581e+10 -8.76267e+07 -8.76270e+07  3.38064e+08
  300.00 -4.37355  2.32390e+11  2.31043e+11  2.31043e+11  3.49813e+08  3.49807e+08 -6.78420e+08
  300.00 -4.34509  1.28993e+11  1.27843e+11  1.27843e+11  5.01668e+08  5.01662e+08 -1.10524e+09
  300.00 -4.31663  1.25036e+11  1.25682e+11  1.25682e+11  6.06174e+08  6.06169e+08 -1.12664e+09
  300.00 -4.28818  6.87975e+10  6.93806e+10  6.93806e+10  2.41737e+08  2.41738e+08 -3.72535e+08
  300.00 -4.25972  6.18110e+08  6.02011e+08  6.02006e+08 -9.01689e+04 -9.01726e+04 -3.54709e+06
  300.00 -4.23126  4.52639e+11  4.50843e+11  4.50843e+11 -1.45977e+09 -1.45977e+09  1.98840e+09
  300.00 -4.20281  1.12752e+12  1.12161e+12  1.12161e+12 -2.39284e+09 -2.39285e+09  3.73705e+09
  300.00 -4.17435  4.49035e+11  4.49253e+11  4.49253e+11  7.70268e+08  7.70271e+08 -1.30355e+08
  300.00 -4.14589  7.95829e+10  7.66031e+10  7.66031e+10  1.74540e+08  1.74541e+08 -1.63470e+07
  300.00 -4.11743  6.35111e+11  6.29565e+11  6.29565e+11  2.45236e+09  2.45237e+09 -1.90458e+09
  300.00 -4.08898  3.60954e+11  3.59819e+11  3.59819e+11  1.76242e+09  1.76241e+09 -2.66929e+09
  300.00 -4.06052  1.07554e+11  1.06848e+11  1.06848e+11  5.30084e+08  5.30082e+08 -8.41879e+08
  300.00 -4.03206  1.02706e+11  1.01861e+11  1.01861e+11  8.85633e+06  8.85610e+06 -2.85594e+08
  300.00 -4.00361  1.32142e+12  1.31720e+12  1.31720e+12 -7.52480e+09 -7.52483e+09  5.31590e+09
  300.00 -3.97515  8.76534e+11  8.80515e+11  8.80515e+11 -6.18663e+09 -6.18667e+09  4.53645e+09
  300.00 -3.94669  3.84217e+10  3.66251e+10  3.66251e+10 -9.29457e+07 -9.29464e+07  8.32745e+07
  300.00 -3.91824  1.01835e+12  1.01360e+12  1.01360e+12  5.98197e+08  5.98188e+08 -5.20990e+08
  300.00 -3.88978  1.15881e+12  1.16057e+12  1.16057e+12  3.22580e+09  3.22581e+09 -2.15576e+09
  300.00 -3.86132  6.47356e+11  6.51789e+11  6.51789e+11  2.11260e+09  2.11261e+09 -1.37106e+09
  300.00 -3.83287  2.82841e+11  2.85686e+11  2.85686e+11  6.10495e+08  6.10505e+08 -6.86739e+08
  300.00 -3.80441  2.71502e+10  2.66608e+10  2.66614e+10 -7.78249e+06 -7.78203e+06 -3.03790e+07
  300.00 -3.77595  1.00984e+09  1.33113e+09  1.33077e+09 -8.13935e+05 -8.14223e+05  1.04089e+07
  300.00 -3.74749  4.22133e+06  1.93607e+06  1.89908e+06 -4.75005e+04 -4.73444e+04  2.27084e+04
  300.00 -3.71904  2.01140e+10  1.75703e+10  1.75607e+10 -8.72458e+07 -8.72198e+07  4.21098e+07
  300.00 -3.69058  8.83535e+09  7.92899e+09  7.91177e+09 -2.13040e+06 -2.09890e+06 -1.21219e+07
  300.00 -3.66212  4.53890e+10  4.32096e+10  4.33112e+10  8.75073e+06  9.14053e+06 -1.92738e+07
  300.00 -3.63367  1.37332e+11  1.33097e+11  1.33521e+11  1.09043e+08  1.12399e+08  2.31377e+08
  300.00 -3.60521  9.36215e+10  9.29063e+10  9.37074e+10  1.27913e+08  1.34550e+08  8.29480e+07
  300.00 -3.57675  2.96450e+09  2.70048e+09  2.41548e+09 -1.83822e+06 -1.60970e+06  3.59750e+05
  300.00 -3.54830  1.95145e+08  1.22449e+08  3.80556e+07 -3.49594e+05 -2.89018e+05  5.42728e+02
  300.00 -3.51984  3.36163e+11  3.36479e+11  3.40457e+11 -7.25532e+08 -3.52875e+08 -4.56710e+08
  300.00 -3.49138  2.65332e+11  2.60533e+11  2.56439e+11 -2.18490e+08  1.42316e+08 -2.65560e+08
  300.00 -3.46293  4.40135e+10  4.62319e+10  5.02506e+10 -1.34034e+08 -9.46892e+07  1.05394e+08
  300.00 -3.43447  8.15693e+10  8.18127e+10  8.44996e+10 -5.04824e+08 -4.57684e+08  4.32549e+08
  300.00 -3.40601  3.72671e+10  3.72130e+10  3.81904e+10 -1.37434e+08 -1.36010e+08  1.52379e+08
  300.00 -3.37756  1.33304e+11  1.31340e+11  1.34892e+11 -3.29038e+08 -3.41158e+08  2.51803e+08
  300.00 -3.34910  3.15147e+11  3.10492e+11  3.16005e+11 -5.84545e+08 -6.64117e+08  7.14954e+08
  300.00 -3.32064  2.89241e+11  2.84716e+11  2.87111e+11 -4.16367e+08 -5.28791e+08  5.72282e+08
  300.00 -3.29218  1.89228e+07  3.82235e+06  1.48513e+07 -7.64483e+04 -1.40255e+05 -8.12173e+04
  300.00 -3.26373  8.35030e+10  8.02147e+10  8.23021e+10 -1.98908e+07 -4.12597e+07 -1.34690e+08
  300.00 -3.23527  3.57687e+09  3.30721e+09  3.66665e+09  1.60308e+07  1.64728e+07 -1.15588e+07
  300.00 -3.20681  4.04542e+10  4.02450e+10  3.93180e+10  1.62837e+08  1.59046e+08 -1.96508e+08
  300.00 -3.17836  4.44435e+10  4.24494e+10  4.14274e+10  1.18799e+08  1.16752e+08 -1.58798e+08
  300.00 -3.14990  4.66285e+10  4.32930e+10  4.20952e+10  5.21168e+07  5.12329e+07 -9.24779e+07
  300.00 -3.12144  3.38834e+10  3.27252e+10  3.22028e+10 -2.62665e+07 -2.61175e+07  3.29715e+06
  300.00 -3.09299  3.53393e+10  3.27449e+10  3.22235e+10 -1.19444e+07 -1.18870e+07 -2.82743e+07
  300.00 -3.06453  4.35259e+11  4.21551e+11  4.18322e+11  5.70277e+08  5.67644e+08 -1.82773e+09
  300.00 -3.03607  2.09374e+11  2.01457e+11  1.99778e+11  4.05112e+08  4.02465e+08 -1.11935e+09
  300.00 -3.00762  2.82174e+10  2.96550e+10  2.99532e+10  4.92408e+06  4.52193e+06 -1.70584e+07
  300.00 -2.97916  1.94524e+11  1.92718e+11  1.92790e+11 -3.30207e+08 -3.38066e+08  5.79238e+08
  300.00 -2.95070  7.01724e+11  6.91514e+11  6.90712e+11 -1.20519e+09 -1.27075e+09  2.63054e+09
  300.00 -2.92224  1.10149e+12  1.09005e+12  1.08849e+12  3.80659e+08  1.75767e+08  9.71395e+08
  300.00 -2.89379  4.73410e+11  4.69245e+11  4.68770e+11  5.29772e+08  3.98716e+08 -8.69610e+07
  300.00 -2.86533  2.08229e+09  1.93275e+09  1.97750e+09  1.71633e+06  1.20698e+06  6.13770e+05
  300.00 -2.83687  8.61932e+10  8.44180e+10  8.39405e+10  1.35293e+08  1.21482e+08 -9.36553e+07
  300.00 -2.80842  6.81530e+10  6.42386e+10  6.39510e+10  1.41475e+08  1.37192e+08 -1.91974e+08
  300.00 -2.77996  9.42927e+10  9.08244e+10  9.06791e+10  1.00663e+08  9.84950e+07 -1.86501e+08
  300.00 -2.75150  2.70209e+11  2.71381e+11  2.71368e+11  8.85022e+07  8.60341e+07 -9.75081e+07
  300.00 -2.72305  3.75432e+11  3.79438e+11  3.79574e+11  5.91057e+08  5.89959e+08 -4.81658e+08
  300.00 -2.69459  3.39546e+08  3.95773e+08  3.96687e+08  4.06665e+05  4.08023e+05 -5.55474e+05
  300.00 -2.66613  5.22249e+11  5.20767e+11  5.20991e+11  4.85958e+08  4.85864e+08  5.20218e+08
  300.00 -2.63768  5.19130e+11  5.17106e+11  5.17325e+11  1.42448e+09  1.42473e+09 -2.73366e+08
  300.00 -2.60922  4.04886e+10  4.06263e+10  4.06608e+10  1.36517e+08  1.36569e+08 -2.53667e+07
  300.00 -2.58076  1.51782e+11  1.49232e+11  1.49201e+11 -1.18157e+06 -1.18272e+06  1.73239e+08
  300.00 -2.55230  2.23797e+11  2.20849e+11  2.20832e+11 -7.40642e+08 -7.40615e+08  5.94255e+08
  300.00 -2.52385  3.49428e+09  3.75688e+09  3.75783e+09 -3.02758e+07 -3.02791e+07  8.48532e+06
  300.00 -2.49539  2.71901e+11  2.74606e+11  2.74610e+11 -1.94214e+09 -1.94216e+09  1.80122e+09
  300.00 -2.46693  1.51726e+11  1.51800e+11  1.51801e+11 -7.79038e+08 -7.79042e+08  8.86770e+08
  300.00 -2.43848  4.23557e+10  4.09778e+10  4.09779e+10 -1.16901e+08 -1.16902e+08  1.45816e+08
  300.00 -2.41002  8.26386e+08  5.58629e+08  5.58633e+08  7.19491e+04  7.19544e+04  2.05515e+06
  300.00 -2.38156  4.33472e+10  4.47355e+10  4.47355e+10  1.05550e+07  1.05552e+07 -2.22021e+07
  300.00 -2.35311  1.17795e+10  1.14917e+10  1.14917e+10  5.93484e+06  5.93479e+06 -9.86584e+05
  300.00 -2.32465  1.04018e+10  9.86933e+09  9.86933e+09  2.01200e+07  2.01199e+07 -7.46420e+06
  300.00 -2.29619  1.12513e+11  1.11325e+11  1.11325e+11  1.81436e+08  1.81437e+08 -1.62113e+08
  300.00 -2.26774  3.10257e+11  3.07757e+11  3.07757e+11  1.03277e+08  1.03280e+08 -4.66510e+08
  300.00 -2.23928  6.79384e+10  6.63914e+10  6.63914e+10 -4.03248e+07 -4.03248e+07 -3.51291e+07
  300.00 -2.21082  4.34719e+10  4.39043e+10  4.39043e+10 -1.76226e+08 -1.76226e+08  1.14113e+08
  300.00 -2.18236  2.16755e+11  2.14317e+11  2.14317e+11 -1.69913e+09 -1.69913e+09  1.62162e+09
  300.00 -2.15391  3.08815e+10  2.93400e+10  2.93400e+10 -1.68787e+08 -1.68787e+08  2.76626e+08
  300.00 -2.12545  4.14987e+10  4.30605e+10  4.30605e+10 -1.06699e+08 -1.06698e+08  8.20586e+07
  300.00 -2.09699  6.48504e+09  6.49538e+09  6.49538e+09  1.05975e+07  1.05976e+07 -5.89920e+06
  300.00 -2.06854  5.38301e+10  5.56770e+10  5.56770e+10 -4.26560e+06 -4.26547e+06 -1.84223e+07
  300.00 -2.04008  6.72435e+10  6.87080e+10  6.87080e+10 -2.15090e+07 -2.15091e+07 -2.94220e+06
  300.00 -2.01162  1.13565e+08  1.09618e+08  1.09619e+08  2.55144e+04  2.55154e+04 -2.48432e+04
  300.00 -1.98317  1.05804e+11  1.05787e+11  1.05787e+11  1.15172e+08  1.15171e+08  4.39362e+07
  300.00 -1.95471  1.61765e+11  1.62306e+11  1.62306e+11 -1.69590e+08 -1.69591e+08  2.93857e+08
  300.00 -1.92625  5.86667e+10  5.89445e+10  5.89446e+10 -1.65331e+08 -1.65332e+08  1.18363e+08
  300.00 -1.89780  6.30425e+10  6.31577e+10  6.31577e+10 -5.46780e+07 -5.46793e+07  1.63916e+07
  300.00 -1.86934  8.03073e+10  8.04376e+10  8.04375e+10 -1.92309e+07 -1.92317e+07  9.22045e+07
  300.00 -1.84088  1.09123e+09  1.14948e+09  1.14948e+09 -3.26149e+06 -3.26148e+06  1.66233e+06
  300.00 -1.81242  2.33315e+11  2.33632e+11  2.33632e+11 -7.44934e+08 -7.44933e+08  1.01338e+09
  300.00 -1.78397  3.04092e+11  3.05064e+11  3.05064e+11 -1.15543e+09 -1.15543e+09  1.15741e+09
  300.00 -1.75551  3.88025e+10  3.97990e+10  3.97991e+10 -8.11695e+07 -8.11694e+07  3.78476e+07
  300.00 -1.72705  8.35365e+10  8.32980e+10  8.32980e+10 -1.36473e+07 -1.36473e+07 -2.51750e+07
  300.00 -1.69860  2.26793e+11  2.29515e+11  2.29515e+11 -9.71399e+07 -9.71391e+07  3.75018e+08
  300.00 -1.67014  5.33123e+10  5.42353e+10  5.42353e+10 -7.52991e+07 -7.52993e+07  1.05299e+08
  300.00 -1.64168  2.37010e+09  2.31799e+09  2.31799e+09 -1.30688e+06 -1.30688e+06  1.31683e+07
  300.00 -1.61323  3.74572e+10  3.74713e+10  3.74712e+10 -3.00094e+08 -3.00094e+08  3.09882e+08
  300.00 -1.58477  1.94075e+11  1.95142e+11  1.95142e+11 -1.47734e+09 -1.47735e+09  1.27642e+09
  300.00 -1.55631  1.08868e+11  1.08485e+11  1.08485e+11 -4.86940e+07 -4.86938e+07  1.30747e+08
  300.00 -1.52786  9.85705e+09  1.01757e+10  1.01757e+10  2.67715e+07  2.67716e+07 -5.22626e+07
  300.00 -1.49940  8.32633e+10  8.22808e+10  8.22808e+10  4.79612e+08  4.79612e+08 -4.77719e+08
  300.00 -1.47094  9.79331e+08  9.90061e+08  9.90068e+08 -1.03613e+06 -1.03613e+06 -8.36212e+06
  300.00 -1.44248  1.80033e+11  1.76309e+11  1.76309e+11 -1.94734e+08 -1.94732e+08  8.54505e+07
  300.00 -1.41403  1.93569e+11  1.89519e+11  1.89519e+11 -4.74224e+08 -4.74221e+08  5.68986e+08
  300.00 -1.38557  1.72197e+10  1.74796e+10  1.74796e+10 -3.65426e+07 -3.65426e+07  6.90921e+07
  300.00 -1.35711  2.33721e+10  2.13737e+10  2.13736e+10 -2.28871e+07 -2.28879e+07  4.82563e+07
  300.00 -1.32866  1.59767e+10  1.51718e+10  1.51715e+10 -7.82802e+06 -7.82889e+06 -7.92976e+06
  300.00 -1.30020  4.11725e+10  4.06981e+10  4.06995e+10 -5.52464e+07 -5.52496e+07  4.05942e+07
  300.00 -1.27174  2.27682e+11  2.28004e+11  2.28012e+11 -9.47275e+08 -9.47331e+08  1.02282e+09
  300.00 -1.24329  1.18290e+11  1.19454e+11  1.19470e+11 -9.35630e+08 -9.35730e+08  9.08369e+08
  300.00 -1.21483  1.59040e+09  1.61756e+09  1.62232e+09 -2.05283e+07 -2.05428e+07  1.55217e+06
  300.00 -1.18637  3.64321e+08  4.30735e+08  4.25235e+08  8.11636e+05  8.08012e+05  1.88568e+06
  300.00 -1.15792  9.21953e+09  8.90632e+09  8.95716e+09  1.93786e+06  1.69892e+06 -1.29907e+07
  300.00 -1.12946  5.45901e+10  5.34748e+10  5.36712e+10  1.11154e+08  1.08069e+08 -2.17549e+08
  300.00 -1.10100  1.80100e+11  1.78124e+11  1.78435e+11  1.48670e+08  1.28462e+08  5.40555e+07
  300.00 -1.07255  2.74901e+11  2.75553e+11  2.75322e+11 -6.81608e+08 -7.32290e+08  1.65502e+09
  300.00 -1.04409  4.23078e+11  4.26497e+11  4.25497e+11 -2.36226e+09 -2.46481e+09  3.56492e+09
  300.00 -1.01563  5.50117e+11  5.53979e+11  5.53962e+11 -2.29372e+09 -2.46794e+09  3.03175e+09
  300.00 -0.98717  1.17556e+11  1.17863e+11  1.19122e+11  8.15135e+08  7.81106e+08 -5.53245e+08
  300.00 -0.95872  3.45263e+10  3.54446e+10  3.45268e+10  3.71368e+08  3.58518e+08 -3.52058e+08
  300.00 -0.93026  1.08881e+10  1.13285e+10  1.10480e+10  1.61942e+07  1.31984e+07 -4.53065e+05
  300.00 -0.90180  5.82426e+10  5.86247e+10  5.89600e+10 -1.22748e+08 -1.35506e+08  2.54201e+08
  300.00 -0.87335  2.74449e+11  2.80448e+11  2.82489e+11  1.29176e+09  1.19031e+09 -3.35030e+08
  300.00 -0.84489  1.99319e+11  2.04570e+11  2.06328e+11  2.24335e+09  2.10836e+09 -1.32973e+09
  300.00 -0.81643  5.57534e+08  5.53554e+08  6.94091e+08  4.42374e+06  4.32157e+06 -1.44014e+07
  300.00 -0.78798  1.31026e+11  1.30548e+11  1.35130e+11  1.71476e+09  1.68344e+09 -1.91303e+09
  300.00 -0.75952  5.71098e+10  5.30695e+10  5.61206e+10  4.90490e+08  5.07861e+08 -3.28385e+08
  300.00 -0.73106  5.51029e+10  6.10474e+10  5.82025e+10 -1.26321e+08 -9.36817e+07  2.88129e+08
  300.00 -0.70261  4.17438e+11  4.22032e+11  4.19619e+11 -2.59142e+09 -2.07077e+09  3.67049e+09
  300.00 -0.67415  3.84538e+11  3.72904e+11  3.78772e+11 -1.18804e+09 -7.09628e+08  1.55089e+09
  300.00 -0.64569  9.83399e+10  9.13879e+10  9.63051e+10  8.76189e+07  1.72066e+08 -1.69151e+08
  300.00 -0.61723  2.02095e+10  1.85089e+10  2.09287e+10  7.30064e+07  9.09063e+07 -8.33609e+07
  300.00 -0.58878  3.16402e+10  3.01707e+10  3.28612e+10  4.39137e+07  7.43915e+07  8.70377e+07
  300.00 -0.56032  2.61740e+10  2.56442e+10  2.58930e+10  6.52930e+07  9.80023e+07  9.64337e+07
  300.00 -0.53186  1.22757e+11  1.22345e+11  1.18196e+11  9.57711e+08  1.03755e+09 -1.29137e+08
  300.00 -0.50341  4.34030e+11  4.29873e+11  4.19588e+11  4.64526e+09  4.66872e+09 -1.90719e+09
  300.00 -0.47495  4.52834e+11  4.39838e+11  4.27340e+11  5.69513e+09  5.27152e+09 -3.28443e+09
  300.00 -0.44649  4.78449e+10  4.30269e+10  3.90927e+10  7.50437e+08  5.87908e+08 -5.28334e+08
  300.00 -0.41804  7.56683e+09  7.98906e+09  8.49029e+09  1.24869e+08  1.00733e+08 -1.36989e+08
  300.00 -0.38958  2.61988e+10  2.77495e+10  2.89702e+10  3.43244e+08  2.85759e+08 -4.37055e+08
  300.00 -0.36112  2.26534e+11  2.32067e+11  2.36255e+11  2.84619e+09  2.59343e+09 -3.06923e+09
  300.00 -0.33267  1.23074e+11  1.27098e+11  1.28185e+11  1.49218e+09  1.62046e+09 -1.07244e+09
  300.00 -0.30421  2.78491e+09  2.02294e+09  2.14706e+09  2.11928e+07  1.83107e+07 -1.21933e+07
  300.00 -0.27575  2.07996e+10  1.84175e+10  1.85439e+10  3.09051e+08  3.81211e+08 -2.85716e+08
  300.00 -0.24729  1.95532e+10  2.15014e+10  2.23713e+10  5.71926e+08  6.73153e+08 -4.41673e+08
  300.00 -0.21884  1.74611e+11  1.72574e+11  1.77096e+11  4.22781e+09  4.67221e+09 -4.36815e+09
  300.00 -0.19038  2.61525e+11  2.49422e+11  2.56583e+11  3.72266e+09  3.71477e+09 -4.30300e+09
  300.00 -0.16192  2.87001e+11  2.69963e+11  2.79116e+11  1.39578e+09  7.26335e+07 -3.70645e+09
  300.00 -0.13347  2.89990e+11  2.76652e+11  2.82939e+11  1.86638e+09 -1.71060e+09 -6.63190e+09
  300.00 -0.10501  2.68799e+11  2.70993e+11  2.68085e+11  4.04426e+09 -8.29254e+08 -1.02297e+10
  300.00 -0.07655  2.12392e+11  2.28617e+11  2.18750e+11  6.66510e+09  2.31110e+09 -1.11204e+10
  300.00 -0.04810  1.47982e+11  1.67384e+11  1.56436e+11  9.39131e+09  5.29909e+09 -8.99660e+09
  300.00 -0.01964  9.38551e+10  1.08947e+11  1.02526e+11  8.32210e+09  4.92853e+09 -1.95775e+09
  300.00  0.00882  6.25183e+10  7.05413e+10  6.88625e+10  5.38377e+09  3.21459e+09  4.59508e+09
  300.00  0.03727  4.27733e+10  4.50214e+10  4.52035e+10  3.15369e+09  1.81958e+09  5.54466e+09
  300.00  0.06573  2.62083e+10  2.59089e+10  2.63742e+10  1.72086e+09  9.48924e+08  3.66620e+09
  300.00  0.09419  1.40971e+10  1.33351e+10  1.36680e+10  8.72211e+08  4.68345e+08  1.91829e+09
  300.00  0.12265  6.89570e+09  6.32729e+09  6.51116e+09  4.14454e+08  2.19978e+08  8.98915e+08
  300.00  0.15110  3.16203e+09  2.83863e+09  2.92893e+09  1.87081e+08  9.88238e+07  3.96427e+08
  300.00  0.17956  1.38519e+09  1.22327e+09  1.26466e+09  8.11292e+07  4.27605e+07  1.68161e+08
  300.00  0.20802  5.86062e+08  5.10904e+08  5.29031e+08  3.40069e+07  1.78813e+07  6.93484e+07
  300.00  0.23647  2.39748e+08  2.06541e+08  2.14275e+08  1.35562e+07  7.03500e+06  2.79171e+07
  300.00  0.26493  9.04538e+07  7.62336e+07  7.96225e+07  4.20794e+06  1.88588e+06  1.08298e+07
  300.00  0.29339  2.04708e+07  1.48788e+07  1.63295e+07 -1.93306e+05 -5.36099e+05  3.30854e+06
  300.00  0.32184  3.81524e+06  6.33767e+06  5.78159e+06 -2.60546e+06 -2.58776e+06  2.50724e+05
  300.00  0.35030  1.09716e+08  9.71437e+07  9.65936e+07 -6.01080e+07 -6.01308e+07  2.66348e+07
  300.00  0.37876  3.66839e+08  3.04081e+08  3.03888e+08 -2.00121e+08 -2.00113e+08  9.28303e+07
  300.00  0.40721  9.39233e+08  7.74942e+08  7.74925e+08 -5.11662e+08 -5.11651e+08  2.40657e+08
  300.00  0.43567  2.28394e+09  1.89109e+09  1.89122e+09 -1.24296e+09 -1.24295e+09  5.92174e+08
  300.00  0.46413  5.38693e+09  4.48570e+09  4.48609e+09 -2.92777e+09 -2.92777e+09  1.41686e+09
  300.00  0.49259  1.22561e+10  1.02863e+10  1.02873e+10 -6.64611e+09 -6.64616e+09  3.28228e+09
  300.00  0.52104  2.65131e+10  2.25140e+10  2.25166e+10 -1.43100e+10 -1.43103e+10  7.26618e+09
  300.00  0.54950  5.30502e+10  4.59315e+10  4.59379e+10 -2.83034e+10 -2.83042e+10  1.49721e+10
  300.00  0.57796  9.31696e+10  8.35473e+10  8.35622e+10 -4.81024e+10 -4.81045e+10  2.72116e+10
  300.00  0.60641  1.33053e+11  1.26638e+11  1.26669e+11 -6.20603e+10 -6.20650e+10  3.96649e+10
  300.00  0.63487  1.55423e+11  1.57204e+11  1.57263e+11 -5.40364e+10 -5.40435e+10  4.23767e+10
  300.00  0.66333  1.81702e+11  1.83879e+11  1.83987e+11 -3.65806e+10 -3.65887e+10  3.40949e+10
  300.00  0.69178  2.04124e+11  1.99844e+11  2.00043e+11 -2.46629e+10 -2.46727e+10  2.28205e+10
  300.00  0.72024  2.02009e+11  1.96090e+11  1.96455e+11 -1.48840e+10 -1.48955e+10  1.23259e+10
  300.00  0.74870  2.23152e+11  2.22967e+11  2.23649e+11 -1.01120e+10 -1.01243e+10  6.68337e+09
  300.00  0.77715  1.79027e+11  1.81446e+11  1.82460e+11 -8.94858e+09 -8.96834e+09  6.43469e+09
  300.00  0.80561  6.41920e+10  6.41511e+10  6.52435e+10 -3.19238e+09 -3.21749e+09  3.12927e+09
  300.00  0.83407  4.53213e+10  4.35766e+10  4.53412e+10 -8.64672e+08 -8.88419e+08  2.27928e+09
  300.00  0.86253  2.05692e+11  2.01329e+11  2.06465e+11  1.81906e+09  1.84473e+09 -1.71293e+09
  300.00  0.89098  6.71657e+11  6.83662e+11  6.86377e+11  3.07859e+10  3.07255e+10 -3.53353e+10
  300.00  0.91944  8.20536e+11  8.38831e+11  8.30824e+11  3.67656e+10  3.64661e+10 -4.19189e+10
  300.00  0.94790  2.97716e+11  3.01511e+11  2.95750e+11  9.53521e+09  9.42845e+09 -1.19999e+10
  300.00  0.97635  7.85323e+09  8.60311e+09  7.96024e+09  2.41581e+08  2.32294e+08 -3.04253e+08
  300.00  1.00481  5.64310e+07  4.11246e+07  6.95010e+07 -2.94179e+06 -3.09900e+06 -1.06293e+07
  300.00  1.03327  4.97417e+10  4.71241e+10  4.67381e+10  1.61902e+09  1.61307e+09 -8.32849e+08
  300.00  1.06172  1.38632e+11  1.34623e+11  1.34364e+11  8.72764e+08  8.71976e+08 -7.74084e+08
  300.00  1.09018  1.35651e+11  1.33973e+11  1.33879e+11 -1.75086e+09 -1.75034e+09  7.63185e+08
  300.00  1.11864  3.71101e+10  3.84880e+10  3.84723e+10 -1.04341e+08 -1.04353e+08 -1.33971e+08
  300.00  1.14709  2.81194e+09  2.81935e+09  2.81968e+09 -1.84104e+06 -1.80484e+06 -1.12818e+08
  300.00  1.17555  6.52868e+10  6.17225e+10  6.17464e+10  1.10190e+09  1.10218e+09 -1.44379e+09
  300.00  1.20401  5.54714e+11  5.44110e+11  5.44295e+11  4.47487e+09  4.46453e+09 -6.74224e+09
  300.00  1.23246  1.02486e+12  1.02603e+12  1.02658e+12 -6.58388e+09 -6.64628e+09  3.56536e+09
  300.00  1.26092  7.64588e+11  7.87667e+11  7.88668e+11 -1.72941e+10 -1.74315e+10  1.45341e+10
  300.00  1.28938  4.85540e+11  5.14320e+11  5.15861e+11 -1.44862e+10 -1.47084e+10  1.60360e+10
  300.00  1.31784  4.93502e+11  5.21357e+11  5.23557e+11 -1.09711e+10 -1.13517e+10  1.72340e+10
  300.00  1.34629  4.71427e+11  4.79284e+11  4.80565e+11 -4.56057e+09 -4.97672e+09  5.69542e+09
  300.00  1.37475  2.18623e+11  1.99083e+11  1.98412e+11  7.54830e+08  5.97070e+08 -3.64458e+09
  300.00  1.40321  4.27573e+10  3.12526e+10  3.07131e+10  4.03081e+08  3.69001e+08 -4.38450e+08
  300.00  1.43166  8.26031e+09  4.45944e+09  4.30737e+09  4.31109e+07  3.86923e+07  9.34676e+06
  300.00  1.46012  6.18364e+10  5.13766e+10  5.11002e+10 -2.84783e+08 -2.90426e+08 -4.67428e+07
  300.00  1.48858  5.05864e+11  5.01272e+11  5.00891e+11 -7.25287e+09 -7.26166e+09  4.24655e+09
  300.00  1.51703  6.55043e+11  7.06731e+11  7.06558e+11 -1.00051e+10 -1.00067e+10  1.05676e+10
  300.00  1.54549  1.43994e+11  1.76408e+11  1.76376e+11 -8.86350e+08 -8.86302e+08  1.85598e+09
  300.00  1.57395  8.08504e+08  2.90389e+09  2.90233e+09 -4.70618e+05 -4.72206e+05 -9.16651e+06
  300.00  1.60240  6.00214e+09  6.80171e+09  6.80263e+09 -7.41861e+06 -7.42238e+06 -1.10603e+07
  300.00  1.63086  5.46005e+08  2.81317e+09  2.81341e+09 -9.87063e+06 -9.87186e+06 -1.44140e+06
  300.00  1.65932  3.51181e+09  1.63068e+09  1.63058e+09 -6.62847e+07 -6.62857e+07 -1.16802e+08
  300.00  1.68778  2.83268e+10  2.83655e+10  2.83650e+10  9.05917e+08  9.05907e+08 -4.95410e+08
  300.00  1.71623  2.60305e+10  2.61279e+10  2.61268e+10  2.75192e+08  2.75188e+08  1.85380e+08
  300.00  1.74469  6.38558e+10  6.74511e+10  6.74560e+10 -1.38125e+07 -1.38465e+07  3.22798e+09
  300.00  1.77315  3.70183e+11  3.80003e+11  3.80036e+11 -1.77510e+10 -1.77517e+10  1.17859e+10
  300.00  1.80160  8.66649e+10  8.59756e+10  8.60204e+10 -1.42437e+09 -1.42465e+09  1.07147e+08
  300.00  1.83006  1.45967e+11  1.52349e+11  1.52195e+11  2.75846e+09  2.75710e+09 -1.49144e+09
  300.00  1.85852  8.51721e+11  8.52398e+11  8.51511e+11 -8.99351e+09 -8.98969e+09  4.77271e+09
  300.00  1.88697  1.53149e+12  1.51742e+12  1.51468e+12 -8.06624e+10 -8.06008e+10  4.35675e+10
  300.00  1.91543  1.67807e+12  1.68827e+12  1.68194e+12 -9.10408e+10 -9.08866e+10  6.95720e+10
  300.00  1.94389  9.29727e+11  9.46373e+11  9.36561e+11 -4.24131e+10 -4.22071e+10  3.80492e+10
  300.00  1.97234  2.68704e+11  2.82195e+11  2.72450e+11 -1.32186e+10 -1.30164e+10  8.63910e+09
  300.00  2.00080  3.79609e+10  3.98255e+10  3.52928e+10 -4.95501e+09 -4.75332e+09 -9.95069e+08
  300.00  2.02926  7.89158e+08  3.14390e+08  2.96902e+08 -1.45680e+08 -8.64462e+07  9.56410e+07
  300.00  2.05772  1.86889e+10  1.33281e+10  1.56105e+10 -3.69258e+09 -3.91995e+09 -8.10327e+08
  300.00  2.08617  4.82705e+09  3.31686e+09  4.79604e+09 -5.49352e+08 -6.45266e+08  2.08212e+08
  300.00  2.11463  3.62168e+10  3.71130e+10  3.43710e+10 -6.29983e+09 -6.11370e+09  4.53287e+08
  300.00  2.14309  6.11986e+10  5.87422e+10  5.70364e+10 -8.71103e+09 -8.61220e+09  8.13238e+08
  300.00  2.17154  2.58572e+11  2.47411e+11  2.45887e+11 -2.09296e+10 -2.08712e+10  1.40438e+10
  300.00  2.20000  8.84140e+11  8.96820e+11  8.95598e+11 -7.24574e+10 -7.24109e+10  6.03828e+10
