-8.00000 2.31249e-02
-7.98799 2.32272e-02
-7.97598 2.33302e-02
-7.96396 2.34339e-02
-7.95195 2.35385e-02
-7.93994 2.36442e-02
-7.92793 2.37511e-02
-7.91592 2.38595e-02
-7.90390 2.39697e-02
-7.89189 2.40822e-02
-7.87988 2.41973e-02
-7.86787 2.43155e-02
-7.85586 2.44374e-02
-7.84384 2.45633e-02
-7.83183 2.46938e-02
-7.81982 2.48293e-02
-7.80781 2.49701e-02
-7.79580 2.51164e-02
-7.78378 2.52683e-02
-7.77177 2.54258e-02
-7.75976 2.55888e-02
-7.74775 2.57569e-02
-7.73574 2.59300e-02
-7.72372 2.61079e-02
-7.71171 2.62904e-02
-7.69970 2.64776e-02
-7.68769 2.66699e-02
-7.67568 2.68676e-02
-7.66366 2.70713e-02
-7.65165 2.72820e-02
-7.63964 2.75006e-02
-7.62763 2.77283e-02
-7.61562 2.79672e-02
-7.60360 2.82202e-02
-7.59159 2.84922e-02
-7.57958 2.87895e-02
-7.56757 2.91201e-02
-7.55556 2.94925e-02
-7.54354 2.99139e-02
-7.53153 3.03880e-02
-7.51952 3.09113e-02
-7.50751 3.14678e-02
-7.49550 3.20210e-02
-7.48348 3.25109e-02
-7.47147 3.28760e-02
-7.45946 3.31190e-02
-7.44745 3.33867e-02
-7.43544 3.39637e-02
-7.42342 3.51169e-02
-7.41141 3.68439e-02
-7.39940 3.89416e-02
-7.38739 4.14074e-02
-7.37538 4.56532e-02
-7.36336 5.77079e-02
-7.35135 5.25577e-02
-7.33934 5.34400e-02
-7.32733 5.64084e-02
-7.31532 5.87296e-02
-7.30330 6.00080e-02
-7.29129 6.02034e-02
-7.27928 5.95235e-02
-7.26727 5.83125e-02
-7.25526 5.69718e-02
-7.24324 5.58530e-02
-7.23123 5.51912e-02
-7.21922 5.50757e-02
-7.20721 5.54566e-02
-7.19520 5.61791e-02
-7.18318 5.70362e-02
-7.17117 5.78212e-02
-7.15916 5.83720e-02
-7.14715 5.85969e-02
-7.13514 5.84812e-02
-7.12312 5.80827e-02
-7.11111 5.75230e-02
-7.09910 5.69748e-02
-7.08709 5.66233e-02
-7.07508 5.65923e-02
-7.06306 5.68718e-02
-7.05105 5.73208e-02
-7.03904 5.77715e-02
-7.02703 5.81537e-02
-7.01502 5.85252e-02
-7.00300 5.89909e-02
-6.99099 5.96024e-02
-6.97898 6.03295e-02
-6.96697 6.10974e-02
-6.95495 6.18330e-02
-6.94294 6.24852e-02
-6.93093 6.30274e-02
-6.91892 6.34608e-02
-6.90691 6.38152e-02
-6.89489 6.41412e-02
-6.88288 6.44909e-02
-6.87087 6.48985e-02
-6.85886 6.53720e-02
-6.84685 6.59017e-02
-6.83483 6.64772e-02
-6.82282 6.70993e-02
-6.81081 6.77737e-02
-6.79880 6.84897e-02
-6.78679 6.91993e-02
-6.77477 6.98192e-02
-6.76276 7.02596e-02
-6.75075 7.04685e-02
-6.73874 7.04614e-02
-6.72673 7.03174e-02
-6.71471 7.01420e-02
-6.70270 7.00203e-02
-6.69069 6.99857e-02
-6.67868 7.00192e-02
-6.66667 7.00733e-02
-6.65465 7.01023e-02
-6.64264 7.00822e-02
-6.63063 7.00137e-02
-6.61862 6.99126e-02
-6.60661 6.97968e-02
-6.59459 6.96794e-02
-6.58258 6.95674e-02
-6.57057 6.94668e-02
-6.55856 6.93865e-02
-6.54655 6.93408e-02
-6.53453 6.93449e-02
-6.52252 6.94081e-02
-6.51051 6.95238e-02
-6.49850 6.96633e-02
-6.48649 6.97760e-02
-6.47447 6.98013e-02
-6.46246 6.96896e-02
-6.45045 6.94275e-02
-6.43844 6.90524e-02
-6.42643 6.86461e-02
-6.41441 6.83023e-02
-6.40240 6.80789e-02
-6.39039 6.79607e-02
-6.37838 6.78559e-02
-6.36637 6.76378e-02
-6.35435 6.72114e-02
-6.34234 6.65675e-02
-6.33033 6.57909e-02
-6.31832 6.50127e-02
-6.30631 6.43346e-02
-6.29429 6.37716e-02
-6.28228 6.32472e-02
-6.27027 6.26434e-02
-6.25826 6.18714e-02
-6.24625 6.09197e-02
-6.23423 5.98556e-02
-6.22222 5.87828e-02
-6.21021 5.77882e-02
-6.19820 5.69061e-02
-6.18619 5.61158e-02
-6.17417 5.53639e-02
-6.16216 5.45958e-02
-6.15015 5.37778e-02
-6.13814 5.29041e-02
-6.12613 5.19914e-02
-6.11411 5.10672e-02
-6.10210 5.01579e-02
-6.09009 4.92819e-02
-6.07808 4.84464e-02
-6.06607 4.76489e-02
-6.05405 4.68803e-02
-6.04204 4.61297e-02
-6.03003 4.53878e-02
-6.01802 4.46493e-02
-6.00601 4.39141e-02
-5.99399 4.31862e-02
-5.98198 4.24721e-02
-5.96997 4.17784e-02
-5.95796 4.11102e-02
-5.94595 4.04693e-02
-5.93393 3.98543e-02
-5.92192 3.92600e-02
-5.90991 3.86796e-02
-5.89790 3.81051e-02
-5.88589 3.75296e-02
-5.87387 3.69477e-02
-5.86186 3.63569e-02
-5.84985 3.57575e-02
-5.83784 3.51521e-02
-5.82583 3.45452e-02
-5.81381 3.39419e-02
-5.80180 3.33469e-02
-5.78979 3.27636e-02
-5.77778 3.21934e-02
-5.76577 3.16354e-02
-5.75375 3.10862e-02
-5.74174 3.05409e-02
-5.72973 2.99927e-02
-5.71772 2.94334e-02
-5.70571 2.88547e-02
-5.69369 2.82594e-02
-5.68168 2.76713e-02
-5.66967 2.70735e-02
-5.65766 2.63364e-02
-5.64565 2.55186e-02
-5.63363 2.52565e-02
-5.62162 2.58480e-02
-5.60961 2.60244e-02
-5.59760 2.45213e-02
-5.58559 2.22105e-02
-5.57357 2.05917e-02
-5.56156 1.97009e-02
-5.54955 1.88764e-02
-5.53754 1.79371e-02
-5.52553 1.70077e-02
-5.51351 1.61391e-02
-5.50150 1.53166e-02
-5.48949 1.45344e-02
-5.47748 1.37987e-02
-5.46547 1.31156e-02
-5.45345 1.24877e-02
-5.44144 1.19147e-02
-5.42943 1.13938e-02
-5.41742 1.09202e-02
-5.40541 1.04874e-02
-5.39339 1.00880e-02
-5.38138 9.71445e-03
-5.36937 9.35970e-03
-5.35736 9.01787e-03
-5.34535 8.68480e-03
-5.33333 8.35837e-03
-5.32132 8.03854e-03
-5.30931 7.72723e-03
-5.29730 7.42784e-03
-5.28529 7.14467e-03
-5.27327 6.88235e-03
-5.26126 6.64538e-03
-5.24925 6.43797e-03
-5.23724 6.26409e-03
-5.22523 6.12772e-03
-5.21321 6.03265e-03
-5.20120 5.98172e-03
-5.18919 5.97538e-03
-5.17718 6.00972e-03
-5.16517 6.07518e-03
-5.15315 6.15659e-03
-5.14114 6.23547e-03
-5.12913 6.29418e-03
-5.11712 6.32074e-03
-5.10511 6.31272e-03
-5.09309 6.27942e-03
-5.08108 6.24218e-03
-5.06907 6.23330e-03
-5.05706 6.29256e-03
-5.04505 6.45887e-03
-5.03303 6.75495e-03
-5.02102 7.16776e-03
-5.00901 7.63412e-03
-4.99700 8.04467e-03
-4.98498 8.27340e-03
-4.97297 8.22536e-03
-4.96096 7.88051e-03
-4.94895 7.30871e-03
-4.93694 6.64493e-03
-4.92492 6.03579e-03
-4.91291 5.58543e-03
-4.90090 5.32687e-03
-4.88889 5.22844e-03
-4.87688 5.22487e-03
-4.86486 5.25247e-03
-4.85285 5.27126e-03
-4.84084 5.26889e-03
-4.82883 5.25165e-03
-4.81682 5.23189e-03
-4.80480 5.21900e-03
-4.79279 5.21618e-03
-4.78078 5.22155e-03
-4.76877 5.23097e-03
-4.75676 5.24058e-03
-4.74474 5.24813e-03
-4.73273 5.25330e-03
-4.72072 5.25731e-03
-4.70871 5.26240e-03
-4.69670 5.27115e-03
-4.68468 5.28605e-03
-4.67267 5.30915e-03
-4.66066 5.34185e-03
-4.64865 5.38481e-03
-4.63664 5.43801e-03
-4.62462 5.50084e-03
-4.61261 5.57225e-03
-4.60060 5.65097e-03
-4.58859 5.73568e-03
-4.57658 5.82536e-03
-4.56456 5.91908e-03
-4.55255 6.01533e-03
-4.54054 6.11678e-03
-4.52853 6.23097e-03
-4.51652 6.34826e-03
-4.50450 6.43424e-03
-4.49249 6.53920e-03
-4.48048 6.65185e-03
-4.46847 6.76629e-03
-4.45646 6.88241e-03
-4.44444 6.99945e-03
-4.43243 7.11643e-03
-4.42042 7.23273e-03
-4.40841 7.34812e-03
-4.39640 7.46291e-03
-4.38438 7.57800e-03
-4.37237 7.69479e-03
-4.36036 7.81489e-03
-4.34835 7.93975e-03
-4.33634 8.07029e-03
-4.32432 8.20652e-03
-4.31231 8.34751e-03
-4.30030 8.49155e-03
-4.28829 8.63654e-03
-4.27628 8.78033e-03
-4.26426 8.92217e-03
-4.25225 9.06480e-03
-4.24024 9.19432e-03
-4.22823 9.41079e-03
-4.21622 9.56015e-03
-4.20420 9.60620e-03
-4.19219 9.71612e-03
-4.18018 9.84142e-03
-4.16817 9.95764e-03
-4.15616 1.00719e-02
-4.14414 1.01824e-02
-4.13213 1.02917e-02
-4.12012 1.04039e-02
-4.10811 1.05239e-02
-4.09610 1.06572e-02
-4.08408 1.08090e-02
-4.07207 1.09841e-02
-4.06006 1.11866e-02
-4.04805 1.14199e-02
-4.03604 1.16863e-02
-4.02402 1.19857e-02
-4.01201 1.23150e-02
-4.00000 1.26661e-02
-3.98799 1.30252e-02
-3.97598 1.33737e-02
-3.96396 1.36903e-02
-3.95195 1.39549e-02
-3.93994 1.41531e-02
-3.92793 1.42803e-02
-3.91592 1.43430e-02
-3.90390 1.43575e-02
-3.89189 1.43459e-02
-3.87988 1.43309e-02
-3.86787 1.43303e-02
-3.85586 1.43534e-02
-3.84384 1.44007e-02
-3.83183 1.44657e-02
-3.81982 1.45377e-02
-3.80781 1.46054e-02
-3.79580 1.46601e-02
-3.78378 1.46962e-02
-3.77177 1.47120e-02
-3.75976 1.47085e-02
-3.74775 1.46886e-02
-3.73574 1.46556e-02
-3.72372 1.46127e-02
-3.71171 1.45632e-02
-3.69970 1.45094e-02
-3.68769 1.44530e-02
-3.67568 1.43942e-02
-3.66366 1.43316e-02
-3.65165 1.42630e-02
-3.63964 1.41866e-02
-3.62763 1.41035e-02
-3.61562 1.40198e-02
-3.60360 1.39458e-02
-3.59159 1.38926e-02
-3.57958 1.38654e-02
-3.56757 1.38572e-02
-3.55556 1.38457e-02
-3.54354 1.37980e-02
-3.53153 1.36810e-02
-3.51952 1.34747e-02
-3.50751 1.31810e-02
-3.49550 1.28249e-02
-3.48348 1.24460e-02
-3.47147 1.20855e-02
-3.45946 1.17739e-02
-3.44745 1.15238e-02
-3.43544 1.13293e-02
-3.42342 1.11730e-02
-3.41141 1.10428e-02
-3.39940 1.09198e-02
-3.38739 1.07901e-02
-3.37538 1.06931e-02
-3.36336 1.05411e-02
-3.35135 1.04109e-02
-3.33934 1.02965e-02
-3.32733 1.01946e-02
-3.31532 1.01066e-02
-3.30330 1.00316e-02
-3.29129 9.96590e-03
-3.27928 9.90586e-03
-3.26727 9.84900e-03
-3.25526 9.79399e-03
-3.24324 9.73985e-03
-3.23123 9.68568e-03
-3.21922 9.63069e-03
-3.20721 9.57426e-03
-3.19520 9.51594e-03
-3.18318 9.45526e-03
-3.17117 9.39166e-03
-3.15916 9.32446e-03
-3.14715 9.25286e-03
-3.13514 9.17600e-03
-3.12312 9.09301e-03
-3.11111 9.00315e-03
-3.09910 8.90587e-03
-3.08709 8.80091e-03
-3.07508 8.68838e-03
-3.06306 8.56810e-03
-3.05105 8.44123e-03
-3.03904 8.33657e-03
-3.02703 8.16086e-03
-3.01502 8.38853e-03
-3.00300 8.70409e-03
-2.99099 7.86596e-03
-2.97898 7.62137e-03
-2.96697 7.48610e-03
-2.95495 7.33461e-03
-2.94294 7.20559e-03
-2.93093 7.07999e-03
-2.91892 6.96025e-03
-2.90691 6.84693e-03
-2.89489 6.74029e-03
-2.88288 6.64045e-03
-2.87087 6.54732e-03
-2.85886 6.46066e-03
-2.84685 6.38006e-03
-2.83483 6.30502e-03
-2.82282 6.23498e-03
-2.81081 6.16930e-03
-2.79880 6.10738e-03
-2.78679 6.04862e-03
-2.77477 5.99250e-03
-2.76276 5.93856e-03
-2.75075 5.88642e-03
-2.73874 5.83581e-03
-2.72673 5.78654e-03
-2.71471 5.73849e-03
-2.70270 5.69162e-03
-2.69069 5.64595e-03
-2.67868 5.60153e-03
-2.66667 5.55843e-03
-2.65465 5.51675e-03
-2.64264 5.47658e-03
-2.63063 5.43800e-03
-2.61862 5.40104e-03
-2.60661 5.36576e-03
-2.59459 5.33211e-03
-2.58258 5.30007e-03
-2.57057 5.26952e-03
-2.55856 5.24030e-03
-2.54655 5.21222e-03
-2.53453 5.18508e-03
-2.52252 5.15873e-03
-2.51051 5.13318e-03
-2.49850 5.10868e-03
-2.48649 5.08569e-03
-2.47447 5.06483e-03
-2.46246 5.04655e-03
-2.45045 5.03097e-03
-2.43844 5.01787e-03
-2.42643 5.00713e-03
-2.41441 4.99948e-03
-2.40240 4.99719e-03
-2.39039 5.00375e-03
-2.37838 5.02238e-03
-2.36637 5.05362e-03
-2.35435 5.09335e-03
-2.34234 5.13288e-03
-2.33033 5.16160e-03
-2.31832 5.17141e-03
-2.30631 5.16034e-03
-2.29429 5.13358e-03
-2.28228 5.10086e-03
-2.27027 5.07201e-03
-2.25826 5.05294e-03
-2.24625 5.04405e-03
-2.23423 5.04137e-03
-2.22222 5.03929e-03
-2.21021 5.03306e-03
-2.19820 5.02015e-03
-2.18619 5.00024e-03
-2.17417 4.97441e-03
-2.16216 4.94424e-03
-2.15015 4.91107e-03
-2.13814 4.87554e-03
-2.12613 4.83736e-03
-2.11411 4.79541e-03
-2.10210 4.74888e-03
-2.09009 4.70058e-03
-2.07808 4.66281e-03
-2.06607 4.66149e-03
-2.05405 4.72765e-03
-2.04204 4.87405e-03
-2.03003 5.08886e-03
-2.01802 5.39197e-03
-2.00601 5.91492e-03
-1.99399 6.84318e-03
-1.98198 8.21544e-03
-1.96997 9.61068e-03
-1.95796 1.23990e-02
-1.94595 1.42471e-02
-1.93393 1.03149e-02
-1.92192 1.01616e-02
-1.90991 9.77839e-03
-1.89790 9.43488e-03
-1.88589 8.91134e-03
-1.87387 8.27590e-03
-1.86186 7.66700e-03
-1.84985 7.17965e-03
-1.83784 6.82786e-03
-1.82583 6.57807e-03
-1.81381 6.39009e-03
-1.80180 6.23602e-03
-1.78979 6.10121e-03
-1.77778 5.97857e-03
-1.76577 5.86373e-03
-1.75375 5.75299e-03
-1.74174 5.64351e-03
-1.72973 5.53387e-03
-1.71772 5.42412e-03
-1.70571 5.31546e-03
-1.69369 5.20971e-03
-1.68168 5.10879e-03
-1.66967 5.01418e-03
-1.65766 4.92660e-03
-1.64565 4.84715e-03
-1.63363 4.77321e-03
-1.62162 4.69687e-03
-1.60961 4.62932e-03
-1.59760 4.56637e-03
-1.58559 4.50836e-03
-1.57357 4.45461e-03
-1.56156 4.40376e-03
-1.54955 4.35433e-03
-1.53754 4.30537e-03
-1.52553 4.25664e-03
-1.51351 4.20840e-03
-1.50150 4.16106e-03
-1.48949 4.11484e-03
-1.47748 4.06975e-03
-1.46547 4.02555e-03
-1.45345 3.98188e-03
-1.44144 3.93838e-03
-1.42943 3.89475e-03
-1.41742 3.85083e-03
-1.40541 3.80656e-03
-1.39339 3.76202e-03
-1.38138 3.71740e-03
-1.36937 3.67295e-03
-1.35736 3.62899e-03
-1.34535 3.58587e-03
-1.33333 3.54393e-03
-1.32132 3.50353e-03
-1.30931 3.46497e-03
-1.29730 3.42850e-03
-1.28529 3.39430e-03
-1.27327 3.36247e-03
-1.26126 3.33302e-03
-1.24925 3.30591e-03
-1.23724 3.28103e-03
-1.22523 3.25819e-03
-1.21321 3.23722e-03
-1.20120 3.21788e-03
-1.18919 3.19998e-03
-1.17718 3.18329e-03
-1.16517 3.16763e-03
-1.15315 3.15285e-03
-1.14114 3.13881e-03
-1.12913 3.12541e-03
-1.11712 3.11259e-03
-1.10511 3.10030e-03
-1.09309 3.08853e-03
-1.08108 3.07726e-03
-1.06907 3.06648e-03
-1.05706 3.05621e-03
-1.04505 3.04642e-03
-1.03303 3.03711e-03
-1.02102 3.02823e-03
-1.00901 3.01973e-03
-0.99700 3.01156e-03
-0.98498 3.00362e-03
-0.97297 2.99581e-03
-0.96096 2.98804e-03
-0.94895 2.98019e-03
-0.93694 2.97214e-03
-0.92492 2.96379e-03
-0.91291 2.95506e-03
-0.90090 2.94586e-03
-0.88889 2.93615e-03
-0.87688 2.92590e-03
-0.86486 2.91515e-03
-0.85285 2.90394e-03
-0.84084 2.89237e-03
-0.82883 2.88058e-03
-0.81682 2.86875e-03
-0.80480 2.85708e-03
-0.79279 2.84585e-03
-0.78078 2.83533e-03
-0.76877 2.82583e-03
-0.75676 2.81769e-03
-0.74474 2.81126e-03
-0.73273 2.80690e-03
-0.72072 2.80498e-03
-0.70871 2.80584e-03
-0.69670 2.80980e-03
-0.68468 2.81717e-03
-0.67267 2.82818e-03
-0.66066 2.84299e-03
-0.64865 2.86166e-03
-0.63664 2.88413e-03
-0.62462 2.91018e-03
-0.61261 2.93943e-03
-0.60060 2.97133e-03
-0.58859 3.00515e-03
-0.57658 3.04000e-03
-0.56456 3.07490e-03
-0.55255 3.10880e-03
-0.54054 3.14070e-03
-0.52853 3.16976e-03
-0.51652 3.19536e-03
-0.50450 3.21727e-03
-0.49249 3.23574e-03
-0.48048 3.25153e-03
-0.46847 3.26596e-03
-0.45646 3.28085e-03
-0.44444 3.29847e-03
-0.43243 3.32132e-03
-0.42042 3.35195e-03
-0.40841 3.39269e-03
-0.39640 3.44540e-03
-0.38438 3.51114e-03
-0.37237 3.58998e-03
-0.36036 3.68079e-03
-0.34835 3.78157e-03
-0.33634 3.89025e-03
-0.32432 4.00554e-03
-0.31231 4.12614e-03
-0.30030 4.24673e-03
-0.28829 4.35266e-03
-0.27628 4.42467e-03
-0.26426 4.47311e-03
-0.25225 4.58593e-03
-0.24024 4.89293e-03
-0.22823 5.39198e-03
-0.21622 5.84004e-03
-0.20420 5.95684e-03
-0.19219 5.73877e-03
-0.18018 5.44429e-03
-0.16817 5.29343e-03
-0.15616 5.30188e-03
-0.14414 5.36958e-03
-0.13213 5.41034e-03
-0.12012 5.39133e-03
-0.10811 5.31695e-03
-0.09610 5.20731e-03
-0.08408 5.08529e-03
-0.07207 4.97057e-03
-0.06006 4.87682e-03
-0.04805 4.81055e-03
-0.03604 4.77096e-03
-0.02402 4.74961e-03
-0.01201 4.73484e-03
0.00000 4.72088e-03
0.01201 4.70897e-03
0.02402 4.70009e-03
0.03604 4.69263e-03
0.04805 4.68536e-03
0.06006 4.67806e-03
0.07207 4.67040e-03
0.08408 4.66173e-03
0.09610 4.65153e-03
0.10811 4.63980e-03
0.12012 4.62720e-03
0.13213 4.61509e-03
0.14414 4.60520e-03
0.15616 4.59925e-03
0.16817 4.59852e-03
0.18018 4.60367e-03
0.19219 4.61483e-03
0.20420 4.63181e-03
0.21622 4.65441e-03
0.22823 4.68241e-03
0.24024 4.71545e-03
0.25225 4.75284e-03
0.26426 4.79347e-03
0.27628 4.83597e-03
0.28829 4.87898e-03
0.30030 4.92155e-03
0.31231 4.96331e-03
0.32432 5.00447e-03
0.33634 5.04566e-03
0.34835 5.08763e-03
0.36036 5.13100e-03
0.37237 5.17614e-03
0.38438 5.22314e-03
0.39640 5.27186e-03
0.40841 5.32207e-03
0.42042 5.37351e-03
0.43243 5.42599e-03
0.44444 5.47938e-03
0.45646 5.53382e-03
0.46847 5.58863e-03
0.48048 5.64443e-03
0.49249 5.70092e-03
0.50450 5.75797e-03
0.51652 5.81545e-03
0.52853 5.87318e-03
0.54054 5.93098e-03
0.55255 5.98871e-03
0.56456 6.04623e-03
0.57658 6.10349e-03
0.58859 6.16044e-03
0.60060 6.21710e-03
0.61261 6.27350e-03
0.62462 6.32970e-03
0.63664 6.38579e-03
0.64865 6.44183e-03
0.66066 6.49791e-03
0.67267 6.55409e-03
0.68468 6.61044e-03
0.69670 6.66703e-03
0.70871 6.72388e-03
0.72072 6.78105e-03
0.73273 6.83858e-03
0.74474 6.89648e-03
0.75676 6.95480e-03
0.76877 7.01355e-03
0.78078 7.07276e-03
0.79279 7.13245e-03
0.80480 7.19262e-03
0.81682 7.25330e-03
0.82883 7.31449e-03
0.84084 7.37619e-03
0.85285 7.43842e-03
0.86486 7.50116e-03
0.87688 7.56442e-03
0.88889 7.62817e-03
0.90090 7.69242e-03
0.91291 7.75714e-03
0.92492 7.82232e-03
0.93694 7.88793e-03
0.94895 7.95395e-03
0.96096 8.02035e-03
0.97297 8.08711e-03
0.98498 8.15420e-03
0.99700 8.22158e-03
1.00901 8.28922e-03
1.02102 8.35710e-03
1.03303 8.42519e-03
1.04505 8.49345e-03
1.05706 8.56187e-03
1.06907 8.63040e-03
1.08108 8.69905e-03
1.09309 8.76778e-03
1.10511 8.83658e-03
1.11712 8.90543e-03
1.12913 8.97433e-03
1.14114 9.04328e-03
1.15315 9.11226e-03
1.16517 9.18129e-03
1.17718 9.25038e-03
1.18919 9.31952e-03
1.20120 9.38874e-03
1.21321 9.45806e-03
1.22523 9.52749e-03
1.23724 9.59705e-03
1.24925 9.66679e-03
1.26126 9.73671e-03
1.27327 9.80686e-03
1.28529 9.87726e-03
1.29730 9.94795e-03
1.30931 1.00189e-02
1.32132 1.00903e-02
1.33333 1.01620e-02
1.34535 1.02341e-02
1.35736 1.03067e-02
1.36937 1.03797e-02
1.38138 1.04531e-02
1.39339 1.05271e-02
1.40541 1.06015e-02
1.41742 1.06764e-02
1.42943 1.07519e-02
1.44144 1.08278e-02
1.45345 1.09042e-02
1.46547 1.09811e-02
1.47748 1.10585e-02
1.48949 1.11363e-02
1.50150 1.12145e-02
1.51351 1.12930e-02
1.52553 1.13719e-02
1.53754 1.14511e-02
1.54955 1.15306e-02
1.56156 1.16102e-02
1.57357 1.16900e-02
1.58559 1.17699e-02
1.59760 1.18498e-02
1.60961 1.19297e-02
1.62162 1.20095e-02
1.63363 1.20892e-02
1.64565 1.21687e-02
1.65766 1.22480e-02
1.66967 1.23269e-02
1.68168 1.24056e-02
1.69369 1.24838e-02
1.70571 1.25617e-02
1.71772 1.26391e-02
1.72973 1.27160e-02
1.74174 1.27925e-02
1.75375 1.28684e-02
1.76577 1.29438e-02
1.77778 1.30187e-02
1.78979 1.30931e-02
1.80180 1.31670e-02
1.81381 1.32405e-02
1.82583 1.33135e-02
1.83784 1.33861e-02
1.84985 1.34583e-02
1.86186 1.35302e-02
1.87387 1.36019e-02
1.88589 1.36733e-02
1.89790 1.37447e-02
1.90991 1.38159e-02
1.92192 1.38872e-02
1.93393 1.39585e-02
1.94595 1.40300e-02
1.95796 1.41017e-02
1.96997 1.41737e-02
1.98198 1.42461e-02
1.99399 1.43190e-02
2.00601 1.43924e-02
2.01802 1.44663e-02
2.03003 1.45409e-02
2.04204 1.46162e-02
2.05405 1.46923e-02
2.06607 1.47692e-02
2.07808 1.48469e-02
2.09009 1.49255e-02
2.10210 1.50050e-02
2.11411 1.50853e-02
2.12613 1.51666e-02
2.13814 1.52488e-02
2.15015 1.53319e-02
2.16216 1.54159e-02
2.17417 1.55006e-02
2.18619 1.55862e-02
2.19820 1.56726e-02
2.21021 1.57596e-02
2.22222 1.58472e-02
2.23423 1.59354e-02
2.24625 1.60241e-02
2.25826 1.61132e-02
2.27027 1.62026e-02
2.28228 1.62922e-02
2.29429 1.63819e-02
2.30631 1.64716e-02
2.31832 1.65613e-02
2.33033 1.66508e-02
2.34234 1.67400e-02
2.35435 1.68288e-02
2.36637 1.69172e-02
2.37838 1.70050e-02
2.39039 1.70921e-02
2.40240 1.71785e-02
2.41441 1.72640e-02
2.42643 1.73487e-02
2.43844 1.74324e-02
2.45045 1.75150e-02
2.46246 1.75965e-02
2.47447 1.76770e-02
2.48649 1.77562e-02
2.49850 1.78342e-02
2.51051 1.79110e-02
2.52252 1.79865e-02
2.53453 1.80607e-02
2.54655 1.81337e-02
2.55856 1.82054e-02
2.57057 1.82759e-02
2.58258 1.83452e-02
2.59459 1.84132e-02
2.60661 1.84801e-02
2.61862 1.85459e-02
2.63063 1.86106e-02
2.64264 1.86743e-02
2.65465 1.87370e-02
2.66667 1.87988e-02
2.67868 1.88597e-02
2.69069 1.89198e-02
2.70270 1.89792e-02
2.71471 1.90379e-02
2.72673 1.90960e-02
2.73874 1.91536e-02
2.75075 1.92107e-02
2.76276 1.92673e-02
2.77477 1.93236e-02
2.78679 1.93796e-02
2.79880 1.94353e-02
2.81081 1.94908e-02
2.82282 1.95462e-02
2.83483 1.96014e-02
2.84685 1.96566e-02
2.85886 1.97117e-02
2.87087 1.97668e-02
2.88288 1.98219e-02
2.89489 1.98771e-02
2.90691 1.99324e-02
2.91892 1.99877e-02
2.93093 2.00432e-02
2.94294 2.00988e-02
2.95495 2.01545e-02
2.96697 2.02103e-02
2.97898 2.02663e-02
2.99099 2.03224e-02
3.00300 2.03787e-02
3.01502 2.04352e-02
3.02703 2.04918e-02
3.03904 2.05485e-02
3.05105 2.06054e-02
3.06306 2.06625e-02
3.07508 2.07198e-02
3.08709 2.07772e-02
3.09910 2.08348e-02
3.11111 2.08925e-02
3.12312 2.09505e-02
3.13514 2.10086e-02
3.14715 2.10669e-02
3.15916 2.11255e-02
3.17117 2.11843e-02
3.18318 2.12433e-02
3.19520 2.13026e-02
3.20721 2.13621e-02
3.21922 2.14219e-02
3.23123 2.14821e-02
3.24324 2.15426e-02
3.25526 2.16034e-02
3.26727 2.16646e-02
3.27928 2.17262e-02
3.29129 2.17882e-02
3.30330 2.18506e-02
3.31532 2.19135e-02
3.32733 2.19768e-02
3.33934 2.20406e-02
3.35135 2.21050e-02
3.36336 2.21698e-02
3.37538 2.22351e-02
3.38739 2.23010e-02
3.39940 2.23674e-02
3.41141 2.24344e-02
3.42342 2.25018e-02
3.43544 2.25698e-02
3.44745 2.26384e-02
3.45946 2.27074e-02
3.47147 2.27770e-02
3.48348 2.28470e-02
3.49550 2.29175e-02
3.50751 2.29884e-02
3.51952 2.30598e-02
3.53153 2.31316e-02
3.54354 2.32038e-02
3.55556 2.32763e-02
3.56757 2.33491e-02
3.57958 2.34222e-02
3.59159 2.34956e-02
3.60360 2.35692e-02
3.61562 2.36430e-02
3.62763 2.37170e-02
3.63964 2.37912e-02
3.65165 2.38655e-02
3.66366 2.39398e-02
3.67568 2.40143e-02
3.68769 2.40888e-02
3.69970 2.41633e-02
3.71171 2.42379e-02
3.72372 2.43125e-02
3.73574 2.43872e-02
3.74775 2.44618e-02
3.75976 2.45365e-02
3.77177 2.46113e-02
3.78378 2.46860e-02
3.79580 2.47609e-02
3.80781 2.48358e-02
3.81982 2.49109e-02
3.83183 2.49861e-02
3.84384 2.50615e-02
3.85586 2.51371e-02
3.86787 2.52129e-02
3.87988 2.52891e-02
3.89189 2.53656e-02
3.90390 2.54426e-02
3.91592 2.55200e-02
3.92793 2.55979e-02
3.93994 2.56764e-02
3.95195 2.57556e-02
3.96396 2.58354e-02
3.97598 2.59159e-02
3.98799 2.59973e-02
4.00000 2.60796e-02
