-8.00000 1.686358178462201e-02
-7.98799 1.681308538637391e-02
-7.97598 1.675069603236910e-02
-7.96396 1.668021762596936e-02
-7.95195 1.660604176928781e-02
-7.93994 1.653302631633581e-02
-7.92793 1.646634634356685e-02
-7.91592 1.641132247981807e-02
-7.90390 1.637323270097033e-02
-7.89189 1.635711477262602e-02
-7.87988 1.636756745592007e-02
-7.86787 1.640855927826122e-02
-7.85586 1.648325398962075e-02
-7.84384 1.659386165689417e-02
-7.83183 1.674152361133351e-02
-7.81982 1.692623813651472e-02
-7.80781 1.714683191250828e-02
-7.79580 1.740097990376457e-02
-7.78378 1.768527367788858e-02
-7.77177 1.799533510777878e-02
-7.75976 1.832596903130746e-02
-7.74775 1.867134474193943e-02
-7.73574 1.902519237517771e-02
-7.72372 1.938099695096926e-02
-7.71171 1.973217117298029e-02
-7.69970 2.007218965924365e-02
-7.68769 2.039467369002358e-02
-7.67568 2.069342764950030e-02
-7.66366 2.096244523671301e-02
-7.65165 2.119592191822936e-02
-7.63964 2.138832424711090e-02
-7.62763 2.153456955167082e-02
-7.61562 2.163035513349058e-02
-7.60360 2.167264260570158e-02
-7.59159 2.166025502122228e-02
-7.57958 2.159449378413196e-02
-7.56757 2.147964619224365e-02
-7.55556 2.132325422396903e-02
-7.54354 2.113607867150297e-02
-7.53153 2.093184259213981e-02
-7.51952 2.072701221567440e-02
-7.50751 2.054078009099558e-02
-7.49550 2.039463809731224e-02
-7.48348 2.030980862522245e-02
-7.47147 2.030148558976557e-02
-7.45946 2.037352417607552e-02
-7.44745 2.052232005767672e-02
-7.43544 2.075321410910912e-02
-7.42342 2.109340929780260e-02
-7.41141 2.157459955968838e-02
-7.39940 2.218649835812956e-02
-7.38739 2.285221749016713e-02
-7.37538 2.348088173968344e-02
-7.36336 2.408241192276149e-02
-7.35135 2.600390236181777e-02
-7.33934 2.539697859628801e-02
-7.32733 2.618085442607785e-02
-7.31532 2.690429573353035e-02
-7.30330 2.728471250708939e-02
-7.29129 2.722929995823588e-02
-7.27928 2.687428800108191e-02
-7.26727 2.649022896719266e-02
-7.25526 2.630668693774594e-02
-7.24324 2.639970884975584e-02
-7.23123 2.669810874052957e-02
-7.21922 2.706149501645861e-02
-7.20721 2.735757809995116e-02
-7.19520 2.750323068093450e-02
-7.18318 2.747164452060739e-02
-7.17117 2.728036708480666e-02
-7.15916 2.697271644345054e-02
-7.14715 2.660070826569758e-02
-7.13514 2.621355013144913e-02
-7.12312 2.585187766392585e-02
-7.11111 2.554565144068904e-02
-7.09910 2.531369067444103e-02
-7.08709 2.516435170659977e-02
-7.07508 2.509807927480592e-02
-7.06306 2.511085393095418e-02
-7.05105 2.519398601399831e-02
-7.03904 2.532877396527148e-02
-7.02703 2.548533545808519e-02
-7.01502 2.563441321703575e-02
-7.00300 2.576238822947323e-02
-6.99099 2.587249750088468e-02
-6.97898 2.597220820087640e-02
-6.96697 2.605789662450218e-02
-6.95495 2.610608715638450e-02
-6.94294 2.608509130098184e-02
-6.93093 2.599157355354313e-02
-6.91892 2.587826512227284e-02
-6.90691 2.583137813444974e-02
-6.89489 2.591133818782469e-02
-6.88288 2.610814387024598e-02
-6.87087 2.633864102327131e-02
-6.85886 2.651212098985642e-02
-6.84685 2.667868448638773e-02
-6.83483 2.707324760714333e-02
-6.82282 2.780952162908393e-02
-6.81081 2.858767373407804e-02
-6.79880 2.907095390211527e-02
-6.78679 2.944168450931876e-02
-6.77477 3.006578713996546e-02
-6.76276 3.079826909465188e-02
-6.75075 3.120621047671123e-02
-6.73874 3.123655582517890e-02
-6.72673 3.115753906983210e-02
-6.71471 3.109524229474619e-02
-6.70270 3.098848258263025e-02
-6.69069 3.080094044300883e-02
-6.67868 3.055491071736210e-02
-6.66667 3.025082765312317e-02
-6.65465 2.985617785524586e-02
-6.64264 2.934899290202543e-02
-6.63063 2.874716216186761e-02
-6.61862 2.810946632804840e-02
-6.60661 2.751919511241210e-02
-6.59459 2.706071870627725e-02
-6.58258 2.679827920536393e-02
-6.57057 2.676222121173967e-02
-6.55856 2.694219293266147e-02
-6.54655 2.728776741580732e-02
-6.53453 2.772212487648612e-02
-6.52252 2.817106137399628e-02
-6.51051 2.859429605234528e-02
-6.49850 2.899428422220809e-02
-6.48649 2.938741610309905e-02
-6.47447 2.975232567478230e-02
-6.46246 2.999652252870846e-02
-6.45045 2.997866126140899e-02
-6.43844 2.958529544338111e-02
-6.42643 2.881616261436393e-02
-6.41441 2.781868395839754e-02
-6.40240 2.684116626934592e-02
-6.39039 2.612051234747299e-02
-6.37838 2.575587155165549e-02
-6.36637 2.563855271721631e-02
-6.35435 2.550258402056768e-02
-6.34234 2.509719435043359e-02
-6.33033 2.437032428048055e-02
-6.31832 2.350452818032374e-02
-6.30631 2.276375770781661e-02
-6.29429 2.229216548320041e-02
-6.28228 2.204120331805748e-02
-6.27027 2.185532205980728e-02
-6.25826 2.160565165254511e-02
-6.24625 2.126180108696094e-02
-6.23423 2.087832038446999e-02
-6.22222 2.053495568159214e-02
-6.21021 2.028003491286518e-02
-6.19820 2.010818260324629e-02
-6.18619 1.997576643093061e-02
-6.17417 1.983381476615173e-02
-6.16216 1.965322174864250e-02
-6.15015 1.943090523201410e-02
-6.13814 1.918187249577809e-02
-6.12613 1.892756759712126e-02
-6.11411 1.868681813544245e-02
-6.10210 1.847062241530509e-02
-6.09009 1.828025072820304e-02
-6.07808 1.810831422873390e-02
-6.06607 1.794228253267408e-02
-6.05405 1.776913852574113e-02
-6.04204 1.757942776197904e-02
-6.03003 1.736942453582992e-02
-6.01802 1.714113103701843e-02
-6.00601 1.690067975584358e-02
-5.99399 1.665605541105270e-02
-5.98198 1.641494483474688e-02
-5.96997 1.618321291591988e-02
-5.95796 1.596419924418720e-02
-5.94595 1.575881225988260e-02
-5.93393 1.556625466723443e-02
-5.92192 1.538511859016058e-02
-5.90991 1.521453613165231e-02
-5.89790 1.505507199246239e-02
-5.88589 1.490910714879032e-02
-5.87387 1.478057903233996e-02
-5.86186 1.467409554373416e-02
-5.84985 1.459360494925133e-02
-5.83784 1.454095534517965e-02
-5.82583 1.451477987751984e-02
-5.81381 1.451014757768128e-02
-5.80180 1.451927549876448e-02
-5.78979 1.453329476899444e-02
-5.77778 1.454467053547820e-02
-5.76577 1.454954630163958e-02
-5.75375 1.454917299521067e-02
-5.74174 1.454971845439976e-02
-5.72973 1.456000773883658e-02
-5.71772 1.458711318306215e-02
-5.70571 1.463074623258700e-02
-5.69369 1.467986575849449e-02
-5.68168 1.471686762622986e-02
-5.66967 1.472997028530012e-02
-5.65766 1.472462127672130e-02
-5.64565 1.472059542982969e-02
-5.63363 1.475051905830203e-02
-5.62162 1.493020640920499e-02
-5.60961 1.536448148015624e-02
-5.59760 1.568430636100270e-02
-5.58559 1.539601172283037e-02
-5.57357 1.479267451281697e-02
-5.56156 1.434282664772225e-02
-5.54955 1.398536754984550e-02
-5.53754 1.358424569902041e-02
-5.52553 1.314889044777771e-02
-5.51351 1.270018032864868e-02
-5.50150 1.225685710380475e-02
-5.48949 1.185739675899745e-02
-5.47748 1.154508063078375e-02
-5.46547 1.134587507300521e-02
-5.45345 1.125943410187656e-02
-5.44144 1.126391795446727e-02
-5.42943 1.132690397393078e-02
-5.41742 1.141542447759928e-02
-5.40541 1.150215699634048e-02
-5.39339 1.156784989011918e-02
-5.38138 1.160128610792975e-02
-5.36937 1.159808133120424e-02
-5.35736 1.155914983014028e-02
-5.34535 1.148921323907699e-02
-5.33333 1.139545889173289e-02
-5.32132 1.128639215810527e-02
-5.30931 1.117099384596445e-02
-5.29730 1.105838051981589e-02
-5.28529 1.095816843580500e-02
-5.27327 1.088155414420214e-02
-5.26126 1.084265702299802e-02
-5.24925 1.085900666334947e-02
-5.23724 1.094971962038081e-02
-5.22523 1.113081447213726e-02
-5.21321 1.140973005103248e-02
-5.20120 1.178400613977772e-02
-5.18919 1.224860918558029e-02
-5.17718 1.280959336908983e-02
-5.16517 1.349159700107258e-02
-5.15315 1.432329542548308e-02
-5.14114 1.529785399103062e-02
-5.12913 1.633031308673898e-02
-5.11712 1.724968892144589e-02
-5.10511 1.784987720602095e-02
-5.09309 1.798364577128034e-02
-5.08108 1.764790502407310e-02
-5.06907 1.700666741317776e-02
-5.05706 1.633468147183523e-02
-5.04505 1.591416405807125e-02
-5.03303 1.594239200497349e-02
-5.02102 1.648631441581685e-02
-5.00901 1.747115905897674e-02
-4.99700 1.867460447241663e-02
-4.98498 1.974870934758295e-02
-4.97297 2.033416441238385e-02
-4.96096 2.025822777907183e-02
-4.94895 1.966688832773627e-02
-4.93694 1.893552088974353e-02
-4.92492 1.840262814229457e-02
-4.91291 1.815971407150760e-02
-4.90090 1.806909266558110e-02
-4.88889 1.794596246591547e-02
-4.87688 1.771130523291986e-02
-4.86486 1.740918615584985e-02
-4.85285 1.713403911313255e-02
-4.84084 1.696241472785182e-02
-4.82883 1.693042260879344e-02
-4.81682 1.704040364799820e-02
-4.80480 1.727033859425145e-02
-4.79279 1.757783296335898e-02
-4.78078 1.790428916463495e-02
-4.76877 1.818487164155379e-02
-4.75676 1.837059342525301e-02
-4.74474 1.876458669529877e-02
-4.73273 1.830504832301517e-02
-4.72072 1.812766150790334e-02
-4.70871 1.790493204765268e-02
-4.69670 1.771790058607675e-02
-4.68468 1.762632833800458e-02
-4.67267 1.765020358963536e-02
-4.66066 1.776146739337792e-02
-4.64865 1.790042561155173e-02
-4.63664 1.801107233528195e-02
-4.62462 1.807061498820737e-02
-4.61261 1.809194760739866e-02
-4.60060 1.810138493724657e-02
-4.58859 1.811340529937484e-02
-4.57658 1.812126272950152e-02
-4.56456 1.810351800162913e-02
-4.55255 1.804592529468871e-02
-4.54054 1.796167250235772e-02
-4.52853 1.782359917739582e-02
-4.51652 1.965627112130739e-02
-4.50450 1.782218743838581e-02
-4.49249 1.726068351088973e-02
-4.48048 1.720396323288988e-02
-4.46847 1.718932826596865e-02
-4.45646 1.727868584970088e-02
-4.44444 1.743303653096335e-02
-4.43243 1.763305670398683e-02
-4.42042 1.785568353554778e-02
-4.40841 1.808215753522861e-02
-4.39640 1.830079635563094e-02
-4.38438 1.850724158093539e-02
-4.37237 1.870386726703363e-02
-4.36036 1.889994913379022e-02
-4.34835 1.911228211402355e-02
-4.33634 1.936352278077357e-02
-4.32432 1.967511303615309e-02
-4.31231 2.005483264772335e-02
-4.30030 2.048447024492708e-02
-4.28829 2.091648330113186e-02
-4.27628 2.128575736808569e-02
-4.26426 2.153400559242456e-02
-4.25225 2.163417948061737e-02
-4.24024 2.162105159287218e-02
-4.22823 2.150242467872267e-02
-4.21622 2.224444361541250e-02
-4.20420 2.167002815516539e-02
-4.19219 2.150262547288741e-02
-4.18018 2.165969812192878e-02
-4.16817 2.189024775075781e-02
-4.15616 2.212800061936533e-02
-4.14414 2.232572836788469e-02
-4.13213 2.245735147980448e-02
-4.12012 2.251740941429967e-02
-4.10811 2.251558776777720e-02
-4.09610 2.247009800184588e-02
-4.08408 2.240455301165105e-02
-4.07207 2.234746217733493e-02
-4.06006 2.233048125624353e-02
-4.04805 2.238282664095659e-02
-4.03604 2.252319868289289e-02
-4.02402 2.275412843491413e-02
-4.01201 2.306394530467402e-02
-4.00000 2.343680021123503e-02
-3.98799 2.386325705831664e-02
-3.97598 2.433985988512070e-02
-3.96396 2.485312144218850e-02
-3.95195 2.535961978530465e-02
-3.93994 2.578475727995708e-02
-3.92793 2.605307295666222e-02
-3.91592 2.613577779086355e-02
-3.90390 2.608035549712369e-02
-3.89189 2.599542705329181e-02
-3.87988 2.599759663706080e-02
-3.86787 2.615619086397498e-02
-3.85586 2.647099155822961e-02
-3.84384 2.689028451654210e-02
-3.83183 2.734865917917805e-02
-3.81982 2.779815906188354e-02
-3.80781 2.821718560572615e-02
-3.79580 2.860213097094961e-02
-3.78378 2.895495321762713e-02
-3.77177 2.927498339866245e-02
-3.75976 2.955728474552601e-02
-3.74775 2.979490054806565e-02
-3.73574 2.998172287673521e-02
-3.72372 3.011384381252871e-02
-3.71171 3.018847032778189e-02
-3.69970 3.020144275132821e-02
-3.68769 3.014703453221810e-02
-3.67568 3.002494925535939e-02
-3.66366 2.985553439796062e-02
-3.65165 2.969399512845445e-02
-3.63964 2.962508772445442e-02
-3.62763 2.972503610208799e-02
-3.61562 3.000304509534945e-02
-3.60360 3.036579260705961e-02
-3.59159 3.065407191724849e-02
-3.57958 3.075645621495402e-02
-3.56757 3.072070073566346e-02
-3.55556 3.073380688916141e-02
-3.54354 3.092949126455375e-02
-3.53153 3.118434020402436e-02
-3.51952 3.114643758480982e-02
-3.50751 3.052157931577594e-02
-3.49550 2.933901375110168e-02
-3.48348 2.792890265393925e-02
-3.47147 2.666489853937941e-02
-3.45946 2.574348231770208e-02
-3.44745 2.516483752261241e-02
-3.43544 2.485610750486553e-02
-3.42342 2.476124562641110e-02
-3.41141 2.473953743465371e-02
-3.39940 2.463605437556640e-02
-3.38739 2.432627434029441e-02
-3.37538 2.371871060411461e-02
-3.36336 2.401191108411602e-02
-3.35135 2.320473758344774e-02
-3.33934 2.292858630235153e-02
-3.32733 2.261701344609415e-02
-3.31532 2.238318134713760e-02
-3.30330 2.234013283274608e-02
-3.29129 2.237004496546919e-02
-3.27928 2.235181087921108e-02
-3.26727 2.229052431352621e-02
-3.25526 2.221556855828507e-02
-3.24324 2.214247530735509e-02
-3.23123 2.208789422900108e-02
-3.21922 2.206881033723189e-02
-3.20721 2.209778747532683e-02
-3.19520 2.218156081651856e-02
-3.18318 2.231937048703200e-02
-3.17117 2.250098028337442e-02
-3.15916 2.270650066503528e-02
-3.14715 2.290911566594601e-02
-3.13514 2.308001854205521e-02
-3.12312 2.319374704038814e-02
-3.11111 2.323208928153572e-02
-3.09910 2.318551154407593e-02
-3.08709 2.305276332154072e-02
-3.07508 2.284152802437429e-02
-3.06306 2.256697270944220e-02
-3.05105 2.223269565271571e-02
-3.03904 2.182523168380946e-02
-3.02703 2.140329762827171e-02
-3.01502 2.111825818221788e-02
-3.00300 2.092624386073769e-02
-2.99099 2.051872138903748e-02
-2.97898 1.984431326987098e-02
-2.96697 1.922665204106945e-02
-2.95495 1.882563872596432e-02
-2.94294 1.852599116080943e-02
-2.93093 1.825062385454382e-02
-2.91892 1.801878111202211e-02
-2.90691 1.784287728843470e-02
-2.89489 1.771321458970392e-02
-2.88288 1.761961794322471e-02
-2.87087 1.755460164195173e-02
-2.85886 1.751081971640139e-02
-2.84685 1.748100525784233e-02
-2.83483 1.745861941316806e-02
-2.82282 1.743820066990701e-02
-2.81081 1.741548830802940e-02
-2.79880 1.738741806299577e-02
-2.78679 1.735202590978284e-02
-2.77477 1.730828864240381e-02
-2.76276 1.725593025191993e-02
-2.75075 1.719522020223361e-02
-2.73874 1.712678465503054e-02
-2.72673 1.705144577031181e-02
-2.71471 1.697009852551314e-02
-2.70270 1.688362942247919e-02
-2.69069 1.679287499815000e-02
-2.67868 1.669860673389901e-02
-2.66667 1.660151601558482e-02
-2.65465 1.650217796150715e-02
-2.64264 1.640100637835413e-02
-2.63063 1.629848162515863e-02
-2.61862 1.619457697615780e-02
-2.60661 1.609355430336832e-02
-2.59459 1.599040667225748e-02
-2.58258 1.588459347970663e-02
-2.57057 1.578271517303368e-02
-2.55856 1.567923825422855e-02
-2.54655 1.557284987844208e-02
-2.53453 1.546282423982562e-02
-2.52252 1.535018843206824e-02
-2.51051 1.523680897905572e-02
-2.49850 1.512434789271185e-02
-2.48649 1.501390303946783e-02
-2.47447 1.490650461705776e-02
-2.46246 1.480391613863617e-02
-2.45045 1.470923903719564e-02
-2.43844 1.462714700815545e-02
-2.42643 1.456347993230420e-02
-2.41441 1.452367799838033e-02
-2.40240 1.451021061719424e-02
-2.39039 1.452094772917967e-02
-2.37838 1.455112736044087e-02
-2.36637 1.459833570117698e-02
-2.35435 1.466452568104547e-02
-2.34234 1.474941917804014e-02
-2.33033 1.483976010850767e-02
-2.31832 1.490825814887982e-02
-2.30631 1.492901764032798e-02
-2.29429 1.489662016333613e-02
-2.28228 1.482861035781092e-02
-2.27027 1.474837425243181e-02
-2.25826 1.466666709403685e-02
-2.24625 1.457903512908760e-02
-2.23423 1.447703525045306e-02
-2.22222 1.435885342302647e-02
-2.21021 1.423071744597658e-02
-2.19820 1.410205771253215e-02
-2.18619 1.398100349575958e-02
-2.17417 1.387289226578914e-02
-2.16216 1.378056802836139e-02
-2.15015 1.370479150414485e-02
-2.13814 1.364434276627231e-02
-2.12613 1.359617174343369e-02
-2.11411 1.355587645054217e-02
-2.10210 1.351843197299861e-02
-2.09009 1.347886174034378e-02
-2.07808 1.343256159585396e-02
-2.06607 1.337530643734919e-02
-2.05405 1.330349670808031e-02
-2.04204 1.321555609469234e-02
-2.03003 1.311500846015983e-02
-2.01802 1.301357643710147e-02
-2.00601 1.292911993650338e-02
-1.99399 1.287853642894390e-02
-1.98198 1.287686834777956e-02
-1.96997 1.292796316841630e-02
-1.95796 1.299434429597655e-02
-1.94595 1.323331936297481e-02
-1.93393 1.294799925888203e-02
-1.92192 1.287117022250329e-02
-1.90991 1.275798951579508e-02
-1.89790 1.258627816185037e-02
-1.88589 1.237056762084872e-02
-1.87387 1.216534797002776e-02
-1.86186 1.200942247339811e-02
-1.84985 1.190119819822523e-02
-1.83784 1.181801273528124e-02
-1.82583 1.174420874487697e-02
-1.81381 1.167753333423851e-02
-1.80180 1.162060861141165e-02
-1.78979 1.157499241133404e-02
-1.77778 1.154113837758788e-02
-1.76577 1.151938112540250e-02
-1.75375 1.150972686642833e-02
-1.74174 1.151125193007285e-02
-1.72973 1.152189988609574e-02
-1.71772 1.153868958905765e-02
-1.70571 1.155809226249283e-02
-1.69369 1.157639863003605e-02
-1.68168 1.159000532995847e-02
-1.66967 1.159565559346963e-02
-1.65766 1.159058539844888e-02
-1.64565 1.157252781008122e-02
-1.63363 1.153980986373257e-02
-1.62162 1.149091197600140e-02
-1.60961 1.142528903349484e-02
-1.59760 1.134295972887977e-02
-1.58559 1.124444225464090e-02
-1.57357 1.113049267278014e-02
-1.56156 1.100196730284821e-02
-1.54955 1.085989496097685e-02
-1.53754 1.070553729302322e-02
-1.52553 1.054038081874136e-02
-1.51351 1.036611048989534e-02
-1.50150 1.018457647631156e-02
-1.48949 9.997745712086777e-03
-1.47748 9.807653572989114e-03
-1.46547 9.616377542154863e-03
-1.45345 9.426037846193214e-03
-1.44144 9.238810029369413e-03
-1.42943 9.056921872008654e-03
-1.41742 8.882612344092879e-03
-1.40541 8.718054591589575e-03
-1.39339 8.565267710597013e-03
-1.38138 8.426041703995787e-03
-1.36937 8.301881228589722e-03
-1.35736 8.193960041660689e-03
-1.34535 8.103081640613612e-03
-1.33333 8.029652281344968e-03
-1.32132 7.973675309383220e-03
-1.30931 7.934768625975273e-03
-1.29730 7.912199228154539e-03
-1.28529 7.904927111208396e-03
-1.27327 7.911654222062543e-03
-1.26126 7.930877523096734e-03
-1.24925 7.960945649754955e-03
-1.23724 8.000116842974216e-03
-1.22523 8.046614021493228e-03
-1.21321 8.098672519920759e-03
-1.20120 8.154577404364640e-03
-1.18919 8.212683284440874e-03
-1.17718 8.271560280804986e-03
-1.16517 8.331053309038586e-03
-1.15315 8.385784508255612e-03
-1.14114 8.437735744957100e-03
-1.12913 8.485472942661554e-03
-1.11712 8.527628862017378e-03
-1.10511 8.563110199900057e-03
-1.09309 8.590988940454266e-03
-1.08108 8.610406105612345e-03
-1.06907 8.620571331199903e-03
-1.05706 8.620763534997779e-03
-1.04505 8.610335476135203e-03
-1.03303 8.588722739106434e-03
-1.02102 8.555457237867416e-03
-1.00901 8.510184827636744e-03
-0.99700 8.452686157417814e-03
-0.98498 8.382899538703355e-03
-0.97297 8.300944348218972e-03
-0.96096 8.207143305132690e-03
-0.94895 8.102041846597222e-03
-0.93694 7.986422767525533e-03
-0.92492 7.861314310600123e-03
-0.91291 7.727990039715325e-03
-0.90090 7.587959075695707e-03
-0.88889 7.442943841559551e-03
-0.87688 7.294855889678196e-03
-0.86486 7.145785716677524e-03
-0.85285 6.997720980885684e-03
-0.84084 6.853372851089956e-03
-0.82883 6.715115864865867e-03
-0.81682 6.582401975620478e-03
-0.80480 6.459082945981806e-03
-0.79279 6.347355242036396e-03
-0.78078 6.247651401378375e-03
-0.76877 6.161072932100980e-03
-0.75676 6.088156747056185e-03
-0.74474 6.029059901575535e-03
-0.73273 5.983566013364560e-03
-0.72072 5.951094150291153e-03
-0.70871 5.930747243297569e-03
-0.69670 5.921375524587934e-03
-0.68468 5.921653168146363e-03
-0.67267 5.930162717869186e-03
-0.66066 5.945480597554811e-03
-0.64865 5.966256487990222e-03
-0.63664 5.991279546909130e-03
-0.62462 6.019525422635993e-03
-0.61261 6.050179666769088e-03
-0.60060 6.082635412960826e-03
-0.58859 6.116467217730737e-03
-0.57658 6.151387985524407e-03
-0.56456 6.187185230693896e-03
-0.55255 6.223619167724075e-03
-0.54054 6.260366929621885e-03
-0.52853 6.297129828392967e-03
-0.51652 6.333529724363495e-03
-0.50450 6.368585023659136e-03
-0.49249 6.400888904682401e-03
-0.48048 6.429532953115041e-03
-0.46847 6.453953404838510e-03
-0.45646 6.473188763704032e-03
-0.44444 6.486156630039881e-03
-0.43243 6.492196731874376e-03
-0.42042 6.491088744792983e-03
-0.40841 6.482992157600744e-03
-0.39640 6.468505994161656e-03
-0.38438 6.448701697521446e-03
-0.37237 6.425101250010028e-03
-0.36036 6.399629968312164e-03
-0.34835 6.374548208378795e-03
-0.33634 6.352356165385785e-03
-0.32432 6.335663353207247e-03
-0.31231 6.327013004213073e-03
-0.30030 6.328672827525034e-03
-0.28829 6.342450159826271e-03
-0.27628 6.369497856678309e-03
-0.26426 6.409791856427192e-03
-0.25225 6.461453577224392e-03
-0.24024 6.521854064748609e-03
-0.22823 6.591263441372859e-03
-0.21622 6.671163932276201e-03
-0.20420 6.752640849609009e-03
-0.19219 6.819355357259364e-03
-0.18018 6.870069833341734e-03
-0.16817 6.916605857167845e-03
-0.15616 6.962150174702714e-03
-0.14414 6.999845253367510e-03
-0.13213 7.023819934364679e-03
-0.12012 7.032529849990548e-03
-0.10811 7.026406137551186e-03
-0.09610 7.006920617003081e-03
-0.08408 6.977191502117609e-03
-0.07207 6.941622973329164e-03
-0.06006 6.904014323032307e-03
-0.04805 6.865912106547582e-03
-0.03604 6.825053617444714e-03
-0.02402 6.778558498544570e-03
-0.01201 6.725522193397695e-03
0.00000 6.663951417721269e-03
0.01201 6.597929224054354e-03
0.02402 6.534754250773341e-03
0.03604 6.477075275964484e-03
0.04805 6.428163828562545e-03
0.06006 6.390585679537297e-03
0.07207 6.366292405694708e-03
0.08408 6.355905610883128e-03
0.09610 6.359693561941715e-03
0.10811 6.377447057382240e-03
0.12012 6.408715791122439e-03
0.13213 6.453134135983869e-03
0.14414 6.510591947922216e-03
0.15616 6.582106626448205e-03
0.16817 6.669723075907638e-03
0.18018 6.773401568016256e-03
0.19219 6.889192744448553e-03
0.20420 7.014078538089864e-03
0.21622 7.148531778663317e-03
0.22823 7.289428987986187e-03
0.24024 7.432657510091312e-03
0.25225 7.583730902125191e-03
0.26426 7.748060631549029e-03
0.27628 7.919084235896160e-03
0.28829 8.088377191102695e-03
0.30030 8.256373371534415e-03
0.31231 8.426688084854351e-03
0.32432 8.598607355915937e-03
0.33634 8.769537054839580e-03
0.34835 8.938495321043653e-03
0.36036 9.104941600941899e-03
0.37237 9.267172372673074e-03
0.38438 9.422165641490187e-03
0.39640 9.566095436040034e-03
0.40841 9.695390702273507e-03
0.42042 9.808034947424790e-03
0.43243 9.904274065928090e-03
0.44444 9.986218266282945e-03
0.45646 1.005659673624466e-02
0.46847 1.011745767408836e-02
0.48048 1.016936636633731e-02
0.49249 1.021174655673412e-02
0.50450 1.024332322409539e-02
0.51652 1.026291801733795e-02
0.52853 1.026986425209473e-02
0.54054 1.026412628412033e-02
0.55255 1.024622320356886e-02
0.56456 1.021708184998240e-02
0.57658 1.017789398245816e-02
0.58859 1.013000549568881e-02
0.60060 1.007484294263289e-02
0.61261 1.001387355310630e-02
0.62462 9.948589999423496e-03
0.63664 9.880508907100906e-03
0.64865 9.811173165809360e-03
0.66066 9.742151448423587e-03
0.67267 9.675032070144985e-03
0.68468 9.611411092385745e-03
0.69670 9.552876049105999e-03
0.70871 9.500987095831441e-03
0.72072 9.457257183203350e-03
0.73273 9.423132417867817e-03
0.74474 9.399973340060918e-03
0.75676 9.389037528825453e-03
0.76877 9.391463754966953e-03
0.78078 9.408257805252706e-03
0.79279 9.440280058271879e-03
0.80480 9.488234873133605e-03
0.81682 9.552661840939343e-03
0.82883 9.633928939440048e-03
0.84084 9.732227621708119e-03
0.85285 9.847569859554517e-03
0.86486 9.979787151380391e-03
0.87688 1.012853149166978e-02
0.88889 1.029327828505789e-02
0.90090 1.047333117184386e-02
0.91291 1.066782871429362e-02
0.92492 1.087575287466353e-02
0.93694 1.109593919722222e-02
0.94895 1.132708858826175e-02
0.96096 1.156778057068330e-02
0.97297 1.181648787360011e-02
0.98498 1.207159220279772e-02
0.99700 1.233140102502468e-02
1.00901 1.259416518808369e-02
1.02102 1.285809718965168e-02
1.03303 1.312138990074152e-02
1.04505 1.338223554477107e-02
1.05706 1.363884473035920e-02
1.06907 1.388946533522490e-02
1.08108 1.413240103992089e-02
1.09309 1.436602931355601e-02
1.10511 1.458881865910265e-02
1.11712 1.479934493328699e-02
1.12913 1.499630656533133e-02
1.14114 1.517853850986885e-02
1.15315 1.534502478206645e-02
1.16517 1.549490943724584e-02
1.17718 1.562750587295770e-02
1.18919 1.574230434838783e-02
1.20120 1.583897763401250e-02
1.21321 1.591738472341158e-02
1.22523 1.597757255893015e-02
1.23724 1.601977574328593e-02
1.24925 1.604441423007688e-02
1.26126 1.605208900727757e-02
1.27327 1.604357580904406e-02
1.28529 1.601981691229326e-02
1.29730 1.598191109539728e-02
1.30931 1.593110185674722e-02
1.32132 1.586876401069984e-02
1.33333 1.579638879732770e-02
1.34535 1.571556766024940e-02
1.35736 1.562797486341667e-02
1.36937 1.553534913287787e-02
1.38138 1.543947452301628e-02
1.39339 1.534216071837718e-02
1.40541 1.524522299175120e-02
1.41742 1.515046204648507e-02
1.42943 1.505964397586710e-02
1.44144 1.497448057472088e-02
1.45345 1.489661023789635e-02
1.46547 1.482757967705550e-02
1.47748 1.476882668092235e-02
1.48949 1.472166413495406e-02
1.50150 1.468726550417594e-02
1.51351 1.466665196774182e-02
1.52553 1.466068137570921e-02
1.53754 1.467003917768637e-02
1.54955 1.469523144959715e-02
1.56156 1.473658011905533e-02
1.57357 1.479422046203196e-02
1.58559 1.486810091397747e-02
1.59760 1.495798520771568e-02
1.60961 1.506345681869072e-02
1.62162 1.518392566599378e-02
1.63363 1.531863698552556e-02
1.64565 1.546668226018487e-02
1.65766 1.562701206165195e-02
1.66967 1.579845062968974e-02
1.68168 1.597971198844635e-02
1.69369 1.616941737550939e-02
1.70571 1.636611373890488e-02
1.71772 1.656829304027923e-02
1.72973 1.677441208951039e-02
1.74174 1.698291262727192e-02
1.75375 1.719224136783965e-02
1.76577 1.740086971482870e-02
1.77778 1.760731286763443e-02
1.78979 1.781014804608248e-02
1.80180 1.800803157504823e-02
1.81381 1.819971458935644e-02
1.82583 1.838405714181777e-02
1.83784 1.856004052340616e-02
1.84985 1.872677763386789e-02
1.86186 1.888352127295492e-02
1.87387 1.902967025640802e-02
1.88589 1.916477329616257e-02
1.89790 1.928853062036463e-02
1.90991 1.940079334500595e-02
1.92192 1.950156064466316e-02
1.93393 1.959097480431262e-02
1.94595 1.966931426688402e-02
1.95796 1.973698482154498e-02
1.96997 1.979450910516254e-02
1.98198 1.984251461352198e-02
1.99399 1.988172043932051e-02
2.00601 1.991292297039955e-02
2.01802 1.993698079392006e-02
2.03003 1.995479906009128e-02
2.04204 1.996731356259004e-02
2.05405 1.997547479199213e-02
2.06607 1.998023221349468e-02
2.07808 1.998251901112711e-02
2.09009 1.998323752778206e-02
2.10210 1.998324561406011e-02
2.11411 1.998334407947596e-02
2.12613 1.998426541742453e-02
2.13814 1.998666395089270e-02
2.15015 1.999110751968961e-02
2.16216 1.999807080243914e-02
2.17417 2.000793033822446e-02
2.18619 2.002096128409332e-02
2.19820 2.003733591611874e-02
2.21021 2.005712385384899e-02
2.22222 2.008029396124468e-02
2.23423 2.010671785204149e-02
2.24625 2.013617490431774e-02
2.25826 2.016835866827560e-02
2.27027 2.020288453320858e-02
2.28228 2.023929850461610e-02
2.29429 2.027708693066588e-02
2.30631 2.031568700884491e-02
2.31832 2.035449789874348e-02
2.33033 2.039289226544476e-02
2.34234 2.043022807980223e-02
2.35435 2.046586050671746e-02
2.36637 2.049915372001089e-02
2.37838 2.052949249212285e-02
2.39039 2.055629341811214e-02
2.40240 2.057901564557731e-02
2.41441 2.059717099450495e-02
2.42643 2.061033336293550e-02
2.43844 2.061814732504704e-02
2.45045 2.062033583719616e-02
2.46246 2.061670697416156e-02
2.47447 2.060715962204280e-02
2.48649 2.059168805593825e-02
2.49850 2.057038532990440e-02
2.51051 2.054344540431494e-02
2.52252 2.051116393242263e-02
2.53453 2.047393762478586e-02
2.54655 2.043226210858733e-02
2.55856 2.038672820023597e-02
2.57057 2.033801651555589e-02
2.58258 2.028689035382074e-02
2.59459 2.023418681119424e-02
2.60661 2.018080610676785e-02
2.61862 2.012769914086625e-02
2.63063 2.007585335056745e-02
2.64264 2.002627698073927e-02
2.65465 1.997998194889447e-02
2.66667 1.993796554665851e-02
2.67868 1.990119128680556e-02
2.69069 1.987056926926262e-02
2.70270 1.984693649842278e-02
2.71471 1.983103763356977e-02
2.72673 1.982350669027744e-02
2.73874 1.982485022972182e-02
2.75075 1.983543257194433e-02
2.76276 1.985546354611269e-02
2.77477 1.988498924470384e-02
2.78679 1.992388617949372e-02
2.79880 1.997185914683059e-02
2.81081 2.002844300077921e-02
2.82282 2.009300840949038e-02
2.83483 2.016477153777467e-02
2.84685 2.024280746334209e-02
2.85886 2.032606700197214e-02
2.87087 2.041339649454469e-02
2.88288 2.050356000260769e-02
2.89489 2.059526327447676e-02
2.90691 2.068717878517038e-02
2.91892 2.077797112381500e-02
2.93093 2.086632200296350e-02
2.94294 2.095095419531722e-02
2.95495 2.103065376271420e-02
2.96697 2.110429002647329e-02
2.97898 2.117083283246843e-02
2.99099 2.122936678284112e-02
3.00300 2.127910223260461e-02
3.01502 2.131938297689650e-02
3.02703 2.134969067685410e-02
3.03904 2.136964618317496e-02
3.05105 2.137900801148593e-02
3.06306 2.137766829898571e-02
3.07508 2.136564662513174e-02
3.08709 2.134308210953946e-02
3.09910 2.131022420828058e-02
3.11111 2.126742261721281e-02
3.12312 2.121511666070937e-02
3.13514 2.115382449983922e-02
3.14715 2.108413243981342e-02
3.15916 2.100668455666422e-02
3.17117 2.092217280182968e-02
3.18318 2.083132768434995e-02
3.19520 2.073490957690516e-02
3.20721 2.063370064635149e-02
3.21922 2.052849737333038e-02
3.23123 2.042010359969511e-02
3.24324 2.030932402691121e-02
3.25526 2.019695808257456e-02
3.26727 2.008379407456999e-02
3.27928 1.997060356163657e-02
3.29129 1.985813588349884e-02
3.30330 1.974711281153308e-02
3.31532 1.963822330053464e-02
3.32733 1.953211834211148e-02
3.33934 1.942940593939784e-02
3.35135 1.933064624029172e-02
3.36336 1.923634688169014e-02
3.37538 1.914695860988484e-02
3.38739 1.906287125223408e-02
3.39940 1.898441012241310e-02
3.41141 1.891183294598631e-02
3.42342 1.884532739476358e-02
3.43544 1.878500931738221e-02
3.44745 1.873092174971656e-02
3.45946 1.868303478192504e-02
3.47147 1.864124634902586e-02
3.48348 1.860538399868577e-02
3.49550 1.857520767330050e-02
3.50751 1.855041352344739e-02
3.51952 1.853063874657481e-02
3.53153 1.851546741874241e-02
3.54354 1.850443725896680e-02
3.55556 1.849704723612877e-02
3.56757 1.849276589855917e-02
3.57958 1.849104027763141e-02
3.59159 1.849130519036093e-02
3.60360 1.849299274360756e-02
3.61562 1.849554182540698e-02
3.62763 1.849840735848958e-02
3.63964 1.850106908820636e-02
3.65165 1.850303968257308e-02
3.66366 1.850387193627328e-02
3.67568 1.850316489309943e-02
3.68769 1.850056873187320e-02
3.69970 1.849578829834371e-02
3.71171 1.848858520848552e-02
3.72372 1.847877849524473e-02
3.73574 1.846624381910554e-02
3.74775 1.845091131073339e-02
3.75976 1.843276215924171e-02
3.77177 1.841182410027890e-02
3.78378 1.838816599231493e-02
3.79580 1.836189169571693e-02
3.80781 1.833313348634217e-02
3.81982 1.830204524280592e-02
3.83183 1.826879564415544e-02
3.84384 1.823356160274684e-02
3.85586 1.819652213648721e-02
3.86787 1.815785285649096e-02
3.87988 1.811772121215674e-02
3.89189 1.807628259748905e-02
3.90390 1.803367738209108e-02
3.91592 1.799002888959106e-02
3.92793 1.794544230720478e-02
3.93994 1.790000447437872e-02
3.95195 1.785378446744023e-02
3.96396 1.780683487202718e-02
3.97598 1.775919361653950e-02
3.98799 1.771088622833446e-02
4.00000 1.766192836988574e-02
