-8.00000 4.401418130458351e-09
-7.98799 4.850329210190606e-09
-7.97598 5.318520384150816e-09
-7.96396 5.801275974560719e-09
-7.95195 6.292480539485885e-09
-7.93994 6.784447348396903e-09
-7.92793 7.267750582201846e-09
-7.91592 7.731067537970187e-09
-7.90390 8.161038406362614e-09
-7.89189 8.542152548166800e-09
-7.87988 8.856671595316272e-09
-7.86787 9.084601102529899e-09
-7.85586 9.203723829988284e-09
-7.84384 9.189708987148215e-09
-7.83183 9.016312844803900e-09
-7.81982 8.655686949056680e-09
-7.80781 8.078810660191885e-09
-7.79580 7.256064797071349e-09
-7.78378 6.157962693091346e-09
-7.77177 4.756053859102390e-09
-7.75976 3.024013597658418e-09
-7.74775 9.389292206971993e-10
-7.73574 -1.517210103694838e-09
-7.72372 -4.355817490430009e-09
-7.71171 -7.579809793785203e-09
-7.69970 -1.118151654122503e-08
-7.68769 -1.514041445278080e-08
-7.67568 -1.942071469030454e-08
-7.66366 -2.396884003225426e-08
-7.65165 -2.871084011481243e-08
-7.63964 -3.354980454532206e-08
-7.62763 -3.836334584984386e-08
-7.61562 -4.300123657631781e-08
-7.60360 -4.728329709454848e-08
-7.59159 -5.099764231539942e-08
-7.57958 -5.389940624546256e-08
-7.56757 -5.571007250827477e-08
-7.55556 -5.611754617354114e-08
-7.54354 -5.477710689453329e-08
-7.53153 -5.131338490552204e-08
-7.51952 -4.532349932748625e-08
-7.50751 -3.638149194653613e-08
-7.49550 -2.404417868050964e-08
-7.48348 -7.858524906197287e-09
-7.47147 1.262937067530852e-08
-7.45946 3.786362617854132e-08
-7.44745 6.826623634893283e-08
-7.43544 1.042230568348729e-07
-7.42342 1.460681727684192e-07
-7.41141 1.940667624070354e-07
-7.39940 2.483966230911890e-07
-7.38739 3.091285885583108e-07
-7.37538 3.762061333258791e-07
-7.36336 4.494245309548335e-07
-7.35135 5.284100080249880e-07
-7.33934 6.125994140672831e-07
-7.32733 7.012210089713427e-07
-7.31532 7.932770530035588e-07
-7.30330 8.875289700416304e-07
-7.29129 9.824859414889714e-07
-7.27928 1.076397876102805e-06
-7.26727 1.167253789089838e-06
-7.25526 1.252786711492979e-06
-7.24324 1.330486336827075e-06
-7.23123 1.397620693983424e-06
-7.21922 1.451268210127838e-06
-7.20721 1.488361589228208e-06
-7.19520 1.505744972938414e-06
-7.18318 1.500245859698960e-06
-7.17117 1.468763220685948e-06
-7.15916 1.408373150553011e-06
-7.14715 1.316453208750024e-06
-7.13514 1.190826328144291e-06
-7.12312 1.029924784651854e-06
-7.11111 8.329742443154481e-07
-7.09910 6.001973703007330e-07
-7.08709 3.330359602455871e-07
-7.07508 3.439022777602657e-08
-7.06306 -2.911261595312306e-07
-7.05105 -6.369160507891880e-07
-7.03904 -9.941129850043865e-07
-7.02703 -1.351275909134975e-06
-7.01502 -1.694056412794073e-06
-7.00300 -2.004824599901594e-06
-6.99099 -2.262232978544857e-06
-6.97898 -2.440691628624029e-06
-6.96697 -2.509725141628783e-06
-6.95495 -2.433186421314263e-06
-6.94294 -2.168318953030369e-06
-6.93093 -1.664690756454799e-06
-6.91892 -8.630681852934694e-07
-6.90691 3.056550664218034e-07
-6.89489 1.921332397289413e-06
-6.88288 4.075128777477491e-06
-6.87087 6.869770739542374e-06
-6.85886 1.041965713078082e-05
-6.84685 1.485116728103228e-05
-6.83483 2.030344477648017e-05
-6.82282 2.692935973255295e-05
-6.81081 3.489498284605082e-05
-6.79880 4.437372230917304e-05
-6.78679 5.552884169442026e-05
-6.77477 6.847678122456374e-05
-6.76276 8.322567073823655e-05
-6.75075 9.959081719010844e-05
-6.73874 1.171026127634261e-04
-6.72673 1.349400615647921e-04
-6.71471 1.519386252149194e-04
-6.70270 1.667244487741193e-04
-6.69069 1.780080322241896e-04
-6.67868 1.850241133346525e-04
-6.66667 1.880372346829396e-04
-6.65465 1.887647061512256e-04
-6.64264 1.905317114821167e-04
-6.63063 1.979980645356965e-04
-6.61862 2.163973443574047e-04
-6.60661 2.503917001204203e-04
-6.59459 3.028211090195676e-04
-6.58258 3.737444921567435e-04
-6.57057 4.601659753112039e-04
-6.55856 5.566806210152996e-04
-6.54655 6.569841948256582e-04
-6.53453 7.558564944631986e-04
-6.52252 8.509782950866898e-04
-6.51051 9.439152189182921e-04
-6.49850 1.039880660705007e-03
-6.48649 1.146431072074650e-03
-6.47447 1.271833206537471e-03
-6.46246 1.424119826540829e-03
-6.45045 1.611496700811737e-03
-6.43844 1.843759880773720e-03
-6.42643 2.133205486164080e-03
-6.41441 2.493025232906706e-03
-6.40240 2.932106323094551e-03
-6.39039 3.447410329579844e-03
-6.37838 4.017504430337772e-03
-6.36637 4.601602624649905e-03
-6.35435 5.146540240531566e-03
-6.34234 5.600075432511862e-03
-6.33033 5.925089196464705e-03
-6.31832 6.108213214186215e-03
-6.30631 6.159124388514737e-03
-6.29429 6.101699997609854e-03
-6.28228 5.962364648905760e-03
-6.27027 5.761769317648264e-03
-6.25826 5.513173129747434e-03
-6.24625 5.226591421548862e-03
-6.23423 4.914695773068424e-03
-6.22222 4.596211605545453e-03
-6.21021 4.294773097424803e-03
-6.19820 4.034105494894279e-03
-6.18619 3.832244543545627e-03
-6.17417 3.697541807779712e-03
-6.16216 3.627887879905770e-03
-6.15015 3.612937618567460e-03
-6.13814 3.638012081259705e-03
-6.12613 3.688100480856886e-03
-6.11411 3.750806871939974e-03
-6.10210 3.817774363778240e-03
-6.09009 3.884720306316602e-03
-6.07808 3.950554317069393e-03
-6.06607 4.016121354931503e-03
-6.05405 4.083002175020147e-03
-6.04204 4.152620759536778e-03
-6.03003 4.225735282676636e-03
-6.01802 4.302269413764272e-03
-6.00601 4.381383498362134e-03
-5.99399 4.461677786217234e-03
-5.98198 4.541441308484389e-03
-5.96997 4.618890707411523e-03
-5.95796 4.692370520867451e-03
-5.94595 4.760504880866444e-03
-5.93393 4.822300523858416e-03
-5.92192 4.877205192215963e-03
-5.90991 4.925126881928695e-03
-5.89790 4.966419916787392e-03
-5.88589 5.001844302784277e-03
-5.87387 5.032505267127846e-03
-5.86186 5.059780060952635e-03
-5.84985 5.085238800323770e-03
-5.83784 5.110565306880292e-03
-5.82583 5.137482708316195e-03
-5.81381 5.167687160981883e-03
-5.80180 5.202791650092812e-03
-5.78979 5.244280551259275e-03
-5.77778 5.293474590409209e-03
-5.76577 5.351505062042032e-03
-5.75375 5.419295670052632e-03
-5.74174 5.497550131704060e-03
-5.72973 5.586743709799499e-03
-5.71772 5.687117075667376e-03
-5.70571 5.798671311801792e-03
-5.69369 5.921163385726980e-03
-5.68168 6.054102008271607e-03
-5.66967 6.196744370044259e-03
-5.65766 6.348094771052171e-03
-5.64565 6.506906567129822e-03
-5.63363 6.671689109540880e-03
-5.62162 6.840721419959801e-03
-5.60961 7.012074206618484e-03
-5.59760 7.183641490306953e-03
-5.58559 7.353182590060954e-03
-5.57357 7.518374552968634e-03
-5.56156 7.676874349656733e-03
-5.54955 7.826389355928441e-03
-5.53754 7.964753866446690e-03
-5.52553 8.090008703155571e-03
-5.51351 8.200480448840976e-03
-5.50150 8.294856503900348e-03
-5.48949 8.372252066324557e-03
-5.47748 8.432265287624988e-03
-5.46547 8.475017258273168e-03
-5.45345 8.501174103472111e-03
-5.44144 8.511949284928412e-03
-5.42943 8.509085154096842e-03
-5.41742 8.494813825032071e-03
-5.40541 8.471798464004011e-03
-5.39339 8.443057062717023e-03
-5.38138 8.411871612354989e-03
-5.36937 8.381686276777305e-03
-5.35736 8.355998638286375e-03
-5.34535 8.338248337083409e-03
-5.33333 8.331707440594235e-03
-5.32132 8.339376671808282e-03
-5.30931 8.363891221394882e-03
-5.29730 8.407439303179262e-03
-5.28529 8.471695931702302e-03
-5.27327 8.557773654100190e-03
-5.26126 8.666191207487160e-03
-5.24925 8.796860345603423e-03
-5.23724 8.949090426413479e-03
-5.22523 9.121609807721986e-03
-5.21321 9.312602680880380e-03
-5.20120 9.519759690090139e-03
-5.18919 9.740340529853040e-03
-5.17718 9.971246666317728e-03
-5.16517 1.020910235977297e-02
-5.15315 1.045034223853222e-02
-5.14114 1.069130374953352e-02
-5.12913 1.092832285111711e-02
-5.11712 1.115783128905158e-02
-5.10511 1.137645369040645e-02
-5.09309 1.158110251935657e-02
-5.08108 1.176906867999430e-02
-5.06907 1.193810525668286e-02
-5.05706 1.208650160041311e-02
-5.04505 1.221314475848361e-02
-5.03303 1.231756516703764e-02
-5.02102 1.239996364014630e-02
-5.00901 1.246121704173869e-02
-4.99700 1.250286064445952e-02
-4.98498 1.252704606322867e-02
-4.97297 1.253647477198159e-02
-4.96096 1.253430851069263e-02
-4.94895 1.252405928004134e-02
-4.93694 1.250946299592036e-02
-4.92492 1.249434211696457e-02
-4.91291 1.248246354700857e-02
-4.90090 1.247739874478700e-02
-4.88889 1.248239316331972e-02
-4.87688 1.250025184331400e-02
-4.86486 1.253324719145633e-02
-4.85285 1.258305372227566e-02
-4.84084 1.265071291021254e-02
-4.82883 1.273662940194413e-02
-4.81682 1.284059782007297e-02
-4.80480 1.296185740461269e-02
-4.79279 1.309916994539662e-02
-4.78078 1.325091500005076e-02
-4.76877 1.341519538546332e-02
-4.75676 1.358994545583129e-02
-4.74474 1.377303477365813e-02
-4.73273 1.396236043109743e-02
-4.72072 1.415592243190462e-02
-4.70871 1.435187810281680e-02
-4.69670 1.454857333949403e-02
-4.68468 1.474455045751124e-02
-4.67267 1.493853435624602e-02
-4.66066 1.512940046032108e-02
-4.64865 1.531612934366647e-02
-4.63664 1.549775395660988e-02
-4.62462 1.567330589341246e-02
-4.61261 1.584176712364595e-02
-4.60060 1.600203307553103e-02
-4.58859 1.615289195359046e-02
-4.57658 1.629302378370567e-02
-4.56456 1.642102102152327e-02
-4.55255 1.653543076950540e-02
-4.54054 1.663481686550390e-02
-4.52853 1.671783846880700e-02
-4.51652 1.678334039945566e-02
-4.50450 1.683044947870192e-02
-4.49249 1.685867053491074e-02
-4.48048 1.686797560455596e-02
-4.46847 1.685888015870479e-02
-4.45646 1.683250087319923e-02
-4.44444 1.679059045935606e-02
-4.43243 1.673554628688960e-02
-4.42042 1.667039086059544e-02
-4.40841 1.659872356090264e-02
-4.39640 1.652464434545789e-02
-4.38438 1.645265127854230e-02
-4.37237 1.638751478047317e-02
-4.36036 1.633413237247727e-02
-4.34835 1.629736846028691e-02
-4.33634 1.628188439256336e-02
-4.32432 1.629196468858405e-02
-4.31231 1.633134597579288e-02
-4.30030 1.640305579695795e-02
-4.28829 1.650926896924920e-02
-4.27628 1.665118946771154e-02
-4.26426 1.682896566133753e-02
-4.25225 1.704164590122992e-02
-4.24024 1.728717969151240e-02
-4.22823 1.756246677270713e-02
-4.21622 1.786345237894185e-02
-4.20420 1.818526191971026e-02
-4.19219 1.852236295987647e-02
-4.18018 1.886873759729858e-02
-4.16817 1.921804548309749e-02
-4.15616 1.956375829073202e-02
-4.14414 1.989925177131070e-02
-4.13213 2.021785237865625e-02
-4.12012 2.051285136347487e-02
-4.10811 2.077751800075163e-02
-4.09610 2.100516084434363e-02
-4.08408 2.118929519403087e-02
-4.07207 2.132396898750544e-02
-4.06006 2.140427224722004e-02
-4.04805 2.142700628824840e-02
-4.03604 2.139142644458586e-02
-4.02402 2.129991562919307e-02
-4.01201 2.115842387028992e-02
-4.00000 2.097654820010192e-02
-3.98799 2.076723498022745e-02
-3.97598 2.054622365794680e-02
-3.96396 2.033142537509243e-02
-3.95195 2.014240339891012e-02
-3.93994 2.000020320127750e-02
-3.92793 1.992801080696959e-02
-3.91592 1.995153820862572e-02
-3.90390 2.009082203352974e-02
-3.89189 2.033434942545826e-02
-3.87988 2.063809210921805e-02
-3.86787 2.102950756480792e-02
-3.85586 2.165960959842769e-02
-3.84384 2.252259460549789e-02
-3.83183 2.326585192725945e-02
-3.81982 2.369466920735313e-02
-3.80781 2.453622204438732e-02
-3.79580 2.544399068841639e-02
-3.78378 2.526113119476405e-02
-3.77177 2.595338772139424e-02
-3.75976 2.642767571127645e-02
-3.74775 2.657377726425691e-02
-3.73574 2.645228942308833e-02
-3.72372 2.620869544815838e-02
-3.71171 2.601312268315186e-02
-3.69970 2.598803355900178e-02
-3.68769 2.616356107718035e-02
-3.67568 2.647912270322122e-02
-3.66366 2.682487416681488e-02
-3.65165 2.709358933447603e-02
-3.63964 2.721658692184499e-02
-3.62763 2.717440763078713e-02
-3.61562 2.698794802999620e-02
-3.60360 2.670142144125397e-02
-3.59159 2.636627525736926e-02
-3.57958 2.603013350062829e-02
-3.56757 2.573096484557439e-02
-3.55556 2.549487754184504e-02
-3.54354 2.533553995093466e-02
-3.53153 2.525544364294165e-02
-3.51952 2.525183660264015e-02
-3.50751 2.532156254624180e-02
-3.49550 2.545072501425176e-02
-3.48348 2.560325598520662e-02
-3.47147 2.574230720680279e-02
-3.45946 2.586099614379596e-02
-3.44745 2.597070980931215e-02
-3.43544 2.607015096156680e-02
-3.42342 2.614348360237286e-02
-3.41141 2.617556538562695e-02
-3.39940 2.616021895645998e-02
-3.38739 2.610575466580386e-02
-3.37538 2.603870363417693e-02
-3.36336 2.599547235179192e-02
-3.35135 2.600224384623658e-02
-3.33934 2.606103334522924e-02
-3.32733 2.616132474999723e-02
-3.31532 2.631063028257826e-02
-3.30330 2.654323816247157e-02
-3.29129 2.687671643745294e-02
-3.27928 2.725827489774309e-02
-3.26727 2.759376766432075e-02
-3.25526 2.787351546549992e-02
-3.24324 2.825494145909131e-02
-3.23123 2.894961408200181e-02
-3.21922 2.997990108863432e-02
-3.20721 3.107351888847252e-02
-3.19520 3.185307588151925e-02
-3.18318 3.214360105153431e-02
-3.17117 3.207922339983831e-02
-3.15916 3.192277466267920e-02
-3.14715 3.181879174893324e-02
-3.13514 3.171985558479906e-02
-3.12312 3.149623877795250e-02
-3.11111 3.107000186964020e-02
-3.09910 3.045774112093839e-02
-3.08709 2.973547974929125e-02
-3.07508 2.899329267833818e-02
-3.06306 2.831364994232504e-02
-3.05105 2.776518093409510e-02
-3.03904 2.739699311183039e-02
-3.02703 2.723163525432102e-02
-3.01502 2.726134429509970e-02
-3.00300 2.745013722938903e-02
-2.99099 2.774285030168544e-02
-2.97898 2.808160103102439e-02
-2.96697 2.842479126810797e-02
-2.95495 2.875675305637751e-02
-2.94294 2.907788165698346e-02
-2.93093 2.937855216728443e-02
-2.91892 2.961475124371735e-02
-2.90691 2.970537878940500e-02
-2.89489 2.955773095040098e-02
-2.88288 2.911056994260751e-02
-2.87087 2.837705589903714e-02
-2.85886 2.747036399419449e-02
-2.84685 2.659016002351083e-02
-2.83483 2.594683350072155e-02
-2.82282 2.563659455942939e-02
-2.81081 2.555089684107311e-02
-2.79880 2.542360512969381e-02
-2.78679 2.501677547790620e-02
-2.77477 2.430012021028789e-02
-2.76276 2.346440223885287e-02
-2.75075 2.276268944078173e-02
-2.73874 2.232714282240386e-02
-2.72673 2.210559528316490e-02
-2.71471 2.193844611228342e-02
-2.70270 2.169085997647181e-02
-2.69069 2.133770945819870e-02
-2.67868 2.095216397607664e-02
-2.66667 2.062684297906546e-02
-2.65465 2.040212004544119e-02
-2.64264 2.025305536260969e-02
-2.63063 2.012478190137212e-02
-2.61862 1.997246109990555e-02
-2.60661 1.977788497296802e-02
-2.59459 1.954533041091488e-02
-2.58258 1.929092866072676e-02
-2.57057 1.903386915155642e-02
-2.55856 1.879037767864746e-02
-2.54655 1.856963799041516e-02
-2.53453 1.837192218730305e-02
-2.52252 1.818957152714336e-02
-2.51051 1.801050905837301e-02
-2.49850 1.782280699955537e-02
-2.48649 1.761849456386183e-02
-2.47447 1.739540816271630e-02
-2.46246 1.715691019952866e-02
-2.45045 1.691010683412729e-02
-2.43844 1.666349050657482e-02
-2.42643 1.642480197844371e-02
-2.41441 1.619958997514431e-02
-2.40240 1.599063787090165e-02
-2.39039 1.579820160260948e-02
-2.37838 1.562085653106274e-02
-2.36637 1.545666221825048e-02
-2.35435 1.530431728175628e-02
-2.34234 1.516399683573032e-02
-2.33033 1.503764282682273e-02
-2.31832 1.492860149553041e-02
-2.30631 1.484065426075477e-02
-2.29429 1.477664997371737e-02
-2.28228 1.473709573638732e-02
-2.27027 1.471916417881376e-02
-2.25826 1.471657150571781e-02
-2.24625 1.472061456225115e-02
-2.23423 1.472231120254868e-02
-2.22222 1.471514448856786e-02
-2.21021 1.469754224020310e-02
-2.19820 1.467410758344497e-02
-2.18619 1.465479355163893e-02
-2.17417 1.465158871938762e-02
-2.16216 1.467291303118211e-02
-2.15015 1.471727710714535e-02
-2.13814 1.476999988953732e-02
-2.12613 1.480785564018151e-02
-2.11411 1.481292773571746e-02
-2.10210 1.479709572730175e-02
-2.09009 1.481047884943790e-02
-2.07808 1.482195557930495e-02
-2.06607 1.493093210810280e-02
-2.05405 1.554362090762994e-02
-2.04204 1.578475258896797e-02
-2.03003 1.504784086643145e-02
-2.01802 1.446905124442936e-02
-2.00601 1.412770374161293e-02
-1.99399 1.370464726032844e-02
-1.98198 1.327349697204024e-02
-1.96997 1.284739060198686e-02
-1.95796 1.241330031640731e-02
-1.94595 1.199478340291537e-02
-1.93393 1.163411261008297e-02
-1.92192 1.136968743870045e-02
-1.90991 1.121897523849033e-02
-1.89790 1.117416555989824e-02
-1.88589 1.120918699647160e-02
-1.87387 1.129071547563170e-02
-1.86186 1.138720824445200e-02
-1.84985 1.147385981424591e-02
-1.83784 1.153406685971240e-02
-1.82583 1.155884978369245e-02
-1.81381 1.154545814553060e-02
-1.80180 1.149585513430308e-02
-1.78979 1.141533685949701e-02
-1.77778 1.131132707157904e-02
-1.76577 1.119237528350077e-02
-1.75375 1.106747802077681e-02
-1.74174 1.094592702075421e-02
-1.72973 1.083786569583444e-02
-1.71772 1.075550733011795e-02
-1.70571 1.071446276627274e-02
-1.69369 1.073396654655366e-02
-1.68168 1.083455089986480e-02
-1.66967 1.103282735072866e-02
-1.65766 1.133584384800724e-02
-1.64565 1.174028813003377e-02
-1.63363 1.224074844862104e-02
-1.62162 1.284364015655369e-02
-1.60961 1.357307245387010e-02
-1.59760 1.445292585896114e-02
-1.58559 1.546474015839942e-02
-1.57357 1.650707686756222e-02
-1.56156 1.739559571285461e-02
-1.54955 1.792441775318916e-02
-1.53754 1.796605047573654e-02
-1.52553 1.755262584196665e-02
-1.51351 1.688465529648796e-02
-1.50150 1.625456146556412e-02
-1.48949 1.592541436181785e-02
-1.47748 1.603708650978463e-02
-1.46547 1.659165823547136e-02
-1.45345 1.749697637492963e-02
-1.44144 1.859117060571244e-02
-1.42943 1.962198598924093e-02
-1.41742 2.027161292939820e-02
-1.40541 2.031316669526665e-02
-1.39339 1.979935145271160e-02
-1.38138 1.906159083212430e-02
-1.36937 1.846727546347246e-02
-1.35736 1.816129057003864e-02
-1.34535 1.803430778024679e-02
-1.33333 1.789957105576816e-02
-1.32132 1.766684188649692e-02
-1.30931 1.737414867441024e-02
-1.29730 1.711518312440129e-02
-1.28529 1.696611887391675e-02
-1.27327 1.695991360425737e-02
-1.26126 1.709256694199921e-02
-1.24925 1.733425258346925e-02
-1.23724 1.763644136557358e-02
-1.22523 1.793920687717521e-02
-1.21321 1.818261136970011e-02
-1.20120 1.832009641397214e-02
-1.18919 1.849383908548305e-02
-1.17718 1.826610136728057e-02
-1.16517 1.805949206839754e-02
-1.15315 1.787131896720953e-02
-1.14114 1.772652623054051e-02
-1.12913 1.766318143137643e-02
-1.11712 1.768638485409691e-02
-1.10511 1.776906681144602e-02
-1.09309 1.786824634669573e-02
-1.08108 1.794801190569677e-02
-1.06907 1.799517906948414e-02
-1.05706 1.801869844341160e-02
-1.04505 1.803576978464740e-02
-1.03303 1.805606728161327e-02
-1.02102 1.807420285215069e-02
-1.00901 1.807074177436124e-02
-0.99700 1.804053288655584e-02
-0.98498 1.797424756103433e-02
-0.97297 1.788823290748699e-02
-0.96096 1.922387254012017e-02
-0.94895 1.880396175891570e-02
-0.93694 1.730619941014285e-02
-0.92492 1.721832628913185e-02
-0.91291 1.718827976166036e-02
-0.90090 1.726967312634724e-02
-0.88889 1.742114409641735e-02
-0.87688 1.762270811489691e-02
-0.86486 1.785034727330170e-02
-0.85285 1.808309466061706e-02
-0.84084 1.830660632004283e-02
-0.82883 1.851425179249177e-02
-0.81682 1.870754745700133e-02
-0.80480 1.889690035392069e-02
-0.79279 1.910170247540734e-02
-0.78078 1.934697878679540e-02
-0.76877 1.965434327076085e-02
-0.75676 2.002882786688922e-02
-0.74474 2.044808613958835e-02
-0.73273 2.086225477975761e-02
-0.72072 2.120844552935866e-02
-0.70871 2.143521999661415e-02
-0.69670 2.152422942020107e-02
-0.68468 2.151656185147872e-02
-0.67267 2.142652313010634e-02
-0.66066 2.211691177079372e-02
-0.64865 2.175630661492560e-02
-0.63664 2.152342527727193e-02
-0.62462 2.173356227573899e-02
-0.61261 2.197961246201614e-02
-0.60060 2.221980961765240e-02
-0.58859 2.240302434292724e-02
-0.57658 2.250703045777123e-02
-0.56456 2.253190583232899e-02
-0.55255 2.249343627103139e-02
-0.54054 2.241532023118912e-02
-0.52853 2.232518056974189e-02
-0.51652 2.225328463986679e-02
-0.50450 2.223030016104350e-02
-0.49249 2.228226745888487e-02
-0.48048 2.242469516465902e-02
-0.46847 2.265973895074366e-02
-0.45646 2.297893926894668e-02
-0.44444 2.336964229752463e-02
-0.43243 2.381916919233537e-02
-0.42042 2.431127601341356e-02
-0.40841 2.481612359234515e-02
-0.39640 2.528352606802131e-02
-0.38438 2.565117517483173e-02
-0.37237 2.587005276297567e-02
-0.36036 2.593403711724888e-02
-0.34835 2.589297880552925e-02
-0.33634 2.583696738541233e-02
-0.32432 2.585889775570033e-02
-0.31231 2.601733967151584e-02
-0.30030 2.632032350871406e-02
-0.28829 2.673491301885072e-02
-0.27628 2.721143108731284e-02
-0.26426 2.770628626827698e-02
-0.25225 2.819087657300493e-02
-0.24024 2.864871152954721e-02
-0.22823 2.906838631756533e-02
-0.21622 2.943862644551714e-02
-0.20420 2.974811396211884e-02
-0.19219 2.998841703941359e-02
-0.18018 3.015687539791221e-02
-0.16817 3.025659807837747e-02
-0.15616 3.029255650403805e-02
-0.14414 3.026640455747514e-02
-0.13213 3.017624999912691e-02
-0.12012 3.002701520389632e-02
-0.10811 2.984874394333849e-02
-0.09610 2.970740248111169e-02
-0.08408 2.968793950276984e-02
-0.07207 2.984515473887287e-02
-0.06006 3.015008284831993e-02
-0.04805 3.048199462419037e-02
-0.03604 3.069812656302173e-02
-0.02402 3.074888406308399e-02
-0.01201 3.073731653316546e-02
0.00000 3.083092099815119e-02
0.01201 3.106636458018717e-02
0.02402 3.123728266702568e-02
0.03604 3.101768080081809e-02
0.04805 3.022964689430519e-02
0.06006 2.899449986787401e-02
0.07207 2.763463471021475e-02
0.08408 2.645236980842921e-02
0.09610 2.559011788536395e-02
0.10811 2.504437206265201e-02
0.12012 2.476308160981198e-02
0.13213 2.469637804522220e-02
0.14414 2.466613793889182e-02
0.15616 2.459360725829495e-02
0.16817 2.419469971656478e-02
0.18018 2.382345805553399e-02
0.19219 2.400431308530092e-02
0.20420 2.320303076111976e-02
0.21622 2.290062393263790e-02
0.22823 2.257335398212204e-02
0.24024 2.235260559336959e-02
0.25225 2.231556335121635e-02
0.26426 2.231659323305094e-02
0.27628 2.225944162101122e-02
0.28829 2.216645792413249e-02
0.30030 2.206913791851881e-02
0.31231 2.198799892626739e-02
0.32432 2.194478353710059e-02
0.33634 2.195710245339563e-02
0.34835 2.203354429940682e-02
0.36036 2.217305414669589e-02
0.37237 2.236467148360043e-02
0.38438 2.258769479028925e-02
0.39640 2.281383994700660e-02
0.40841 2.301183163737999e-02
0.42042 2.315325283989631e-02
0.43243 2.321764233970687e-02
0.44444 2.319515870825721e-02
0.45646 2.308623812334544e-02
0.46847 2.289887006657567e-02
0.48048 2.264485056099139e-02
0.49249 2.233644483438302e-02
0.50450 2.198444967520611e-02
0.51652 2.159742327951387e-02
0.52853 2.118994850508745e-02
0.54054 2.075937200477677e-02
0.55255 2.105655089907004e-02
0.56456 2.048629956130956e-02
0.57658 1.947013326722965e-02
0.58859 1.905936102392410e-02
0.60060 1.870199992155757e-02
0.61261 1.839548747945517e-02
0.62462 1.814154546758411e-02
0.63664 1.794097814581181e-02
0.64865 1.779062145103574e-02
0.66066 1.768428964946743e-02
0.67267 1.761375336252702e-02
0.68468 1.756980876697377e-02
0.69670 1.754325549698943e-02
0.70871 1.752567770608147e-02
0.72072 1.750997874135474e-02
0.73273 1.749066635450077e-02
0.74474 1.746391784283162e-02
0.75676 1.742747296889172e-02
0.76877 1.738040935497447e-02
0.78078 1.732285343342831e-02
0.79279 1.725567289249838e-02
0.80480 1.718018631636719e-02
0.81682 1.709791438549120e-02
0.82883 1.701038637754701e-02
0.84084 1.691900722821685e-02
0.85285 1.682498405824714e-02
0.86486 1.672930395563303e-02
0.87688 1.663274323727316e-02
0.88889 1.653587766638937e-02
0.90090 1.643907298493471e-02
0.91291 1.634249019463706e-02
0.92492 1.624637003328415e-02
0.93694 1.615041897630082e-02
0.94895 1.605932724860642e-02
0.96096 1.596530201114477e-02
0.97297 1.587153793783453e-02
0.98498 1.578144069618809e-02
0.99700 1.568994940605320e-02
1.00901 1.559572574716280e-02
1.02102 1.549816855247996e-02
1.03303 1.539835947160208e-02
1.04505 1.529802620851775e-02
1.05706 1.519857335253669e-02
1.06907 1.510087722344441e-02
1.08108 1.500585266791043e-02
1.09309 1.491520375809208e-02
1.10511 1.483195047378737e-02
1.11712 1.476063366617420e-02
1.12913 1.470689696010776e-02
1.14114 1.467585566364923e-02
1.15315 1.466946833992196e-02
1.16517 1.468510938525135e-02
1.17718 1.471810656715894e-02
1.18919 1.476710284780958e-02
1.20120 1.483531465085754e-02
1.21321 1.492219488944860e-02
1.22523 1.501205040636421e-02
1.23724 1.507516612306879e-02
1.24925 1.508636637773965e-02
1.26126 1.504409133114502e-02
1.27327 1.496899881073844e-02
1.28529 1.488348008144533e-02
1.29730 1.479431410116195e-02
1.30931 1.469409286000996e-02
1.32132 1.457471931264109e-02
1.33333 1.443690723783588e-02
1.34535 1.428932142592786e-02
1.35736 1.414270783561544e-02
1.36937 1.400570530384346e-02
1.38138 1.388388197811582e-02
1.39339 1.378015930094828e-02
1.40541 1.369511978184453e-02
1.41742 1.362708739306306e-02
1.42943 1.357239931695104e-02
1.44144 1.352604848603126e-02
1.45345 1.348252457265416e-02
1.46547 1.343651545691101e-02
1.47748 1.338321112610479e-02
1.48949 1.331831634021309e-02
1.50150 1.323842144126005e-02
1.51351 1.314270231098308e-02
1.52553 1.303629000200089e-02
1.53754 1.293284380312762e-02
1.54955 1.285100470090284e-02
1.56156 1.280693012852420e-02
1.57357 1.281292513244488e-02
1.58559 1.286601186718836e-02
1.59760 1.293158849055126e-02
1.60961 1.313883442950724e-02
1.62162 1.287249173288894e-02
1.63363 1.276196264447118e-02
1.64565 1.262203946519215e-02
1.65766 1.243751463034753e-02
1.66967 1.222676738357235e-02
1.68168 1.203572196711250e-02
1.69369 1.189223325153878e-02
1.70571 1.179186119716503e-02
1.71772 1.171472827677187e-02
1.72973 1.164682457921223e-02
1.74174 1.158566439445309e-02
1.75375 1.153395899784634e-02
1.76577 1.149387567658519e-02
1.77778 1.146606928955016e-02
1.78979 1.145050884600858e-02
1.80180 1.144668462630436e-02
1.81381 1.145328485487167e-02
1.82583 1.146803487001649e-02
1.83784 1.148787434534577e-02
1.84985 1.150929949474921e-02
1.86186 1.152869087178324e-02
1.87387 1.154256777579038e-02
1.88589 1.154781235710897e-02
1.89790 1.154178705832232e-02
1.90991 1.152234411742830e-02
1.92192 1.148802610460881e-02
1.93393 1.143708836793200e-02
1.94595 1.136959739037543e-02
1.95796 1.128552748252736e-02
1.96997 1.118557147112959e-02
1.98198 1.107059640261294e-02
1.99399 1.094156934812730e-02
2.00601 1.079963670386153e-02
2.01802 1.064616810142711e-02
2.03003 1.048273655193213e-02
2.04204 1.031108386051216e-02
2.05405 1.013307870617386e-02
2.06607 9.950664427015409e-03
2.07808 9.765815338234642e-03
2.09009 9.580519832546578e-03
2.10210 9.396789554414916e-03
2.11411 9.216675763317821e-03
2.12613 9.042265159938598e-03
2.13814 8.875636732172808e-03
2.15015 8.718786290724386e-03
2.16216 8.573544549773712e-03
2.17417 8.441510224302387e-03
2.18619 8.324000663472261e-03
2.19820 8.222011833824958e-03
2.21021 8.136185092774036e-03
2.22222 8.066787951652596e-03
2.23423 8.013716661085319e-03
2.24625 7.976520539356276e-03
2.25826 7.954440924765179e-03
2.27027 7.946457103025700e-03
2.28228 7.951335308325333e-03
2.29429 7.967679948706792e-03
2.30631 7.993986291488699e-03
2.31832 8.028692075203259e-03
2.33033 8.070224052399745e-03
2.34234 8.117035550334493e-03
2.35435 8.167632899962396e-03
2.36637 8.220582418301118e-03
2.37838 8.274611087550128e-03
2.39039 8.330747693418494e-03
2.40240 8.380485052736688e-03
2.41441 8.429985658565682e-03
2.42643 8.475702371979284e-03
2.43844 8.516622062500074e-03
2.45045 8.551680144086157e-03
2.46246 8.579891805332855e-03
2.47447 8.600313849833841e-03
2.48649 8.612049997497727e-03
2.49850 8.614260269108713e-03
2.51051 8.606174947892838e-03
2.52252 8.587113080399306e-03
2.53453 8.556505000708304e-03
2.54655 8.513917890518823e-03
2.55856 8.459083006545291e-03
2.57057 8.391922944865880e-03
2.58258 8.312577161314583e-03
2.59459 8.221423903093349e-03
2.60661 8.119096710440836e-03
2.61862 8.006493718233395e-03
2.63063 7.884778147366852e-03
2.64264 7.755368680563572e-03
2.65465 7.619918557470480e-03
2.66667 7.480281003485460e-03
2.67868 7.338484695067050e-03
2.69069 7.196671457506189e-03
2.70270 7.056853959377884e-03
2.71471 6.921966691046467e-03
2.72673 6.793602710325923e-03
2.73874 6.671587978574656e-03
2.75075 6.559876654718631e-03
2.76276 6.459846780311889e-03
2.77477 6.371843649217386e-03
2.78679 6.296647083725863e-03
2.79880 6.234458702568833e-03
2.81081 6.185118436615435e-03
2.82282 6.148117628259595e-03
2.83483 6.122630725070826e-03
2.84685 6.107580486614006e-03
2.85886 6.101714941333388e-03
2.87087 6.103692720778038e-03
2.88288 6.112170261025365e-03
2.89489 6.125883506562531e-03
2.90691 6.143716773402059e-03
2.91892 6.164752228311408e-03
2.93093 6.188295028130245e-03
2.94294 6.213871370549141e-03
2.95495 6.241199738065446e-03
2.96697 6.270140588294675e-03
2.97898 6.300631559994047e-03
2.99099 6.332599284577245e-03
3.00300 6.365850246096847e-03
3.01502 6.400054745828421e-03
3.02703 6.434839641943938e-03
3.03904 6.469578359152976e-03
3.05105 6.502976335971050e-03
3.06306 6.533464710332695e-03
3.07508 6.559962430051518e-03
3.08709 6.581576384175019e-03
3.09910 6.597058076196421e-03
3.11111 6.605167217877228e-03
3.12312 6.605143921765067e-03
3.13514 6.596734979644392e-03
3.14715 6.580173727919792e-03
3.15916 6.556252941718402e-03
3.17117 6.526360349564122e-03
3.18318 6.492446539557666e-03
3.19520 6.456945121633447e-03
3.20721 6.422647491191169e-03
3.21922 6.392530411260703e-03
3.23123 6.369538546968690e-03
3.24324 6.356329086425454e-03
3.25526 6.355012595877067e-03
3.26727 6.366969250777267e-03
3.27928 6.392704249501226e-03
3.29129 6.431401644813838e-03
3.30330 6.480361298617160e-03
3.31532 6.536580546928679e-03
3.32733 6.601074688195533e-03
3.33934 6.675137036044426e-03
3.35135 6.747076612051783e-03
3.36336 6.801685601833459e-03
3.37538 6.843264930533158e-03
3.38739 6.884374258657589e-03
3.39940 6.925209301435714e-03
3.41141 6.958102726459015e-03
3.42342 6.978250324671716e-03
3.43544 6.984780068545120e-03
3.44745 6.978114306226448e-03
3.45946 6.959735799433293e-03
3.47147 6.932889570932725e-03
3.48348 6.901834714133359e-03
3.49550 6.869772310031226e-03
3.50751 6.837257468065895e-03
3.51952 6.801152140885034e-03
3.53153 6.758990696781770e-03
3.54354 6.709459676944483e-03
3.55556 6.652006831354664e-03
3.56757 6.591642127497081e-03
3.57958 6.535237111275934e-03
3.59159 6.485388588755309e-03
3.60360 6.445199833057298e-03
3.61562 6.417008725168451e-03
3.62763 6.402502360062880e-03
3.63964 6.402230075618701e-03
3.65165 6.416266159833674e-03
3.66366 6.444046423478067e-03
3.67568 6.484851085072673e-03
3.68769 6.538152647747240e-03
3.69970 6.604017115713027e-03
3.71171 6.683885347294723e-03
3.72372 6.779606586831792e-03
3.73574 6.890090018113567e-03
3.74775 7.010904372460018e-03
3.75976 7.139910223351732e-03
3.77177 7.277848627882505e-03
3.78378 7.421081004873042e-03
3.79580 7.567281840346064e-03
3.80781 7.723338102171902e-03
3.81982 7.891542075139094e-03
3.83183 8.062833580810247e-03
3.84384 8.231260573698013e-03
3.85586 8.399762766281104e-03
3.86787 8.570767313340302e-03
3.87988 8.742080977133977e-03
3.89189 8.911387993465726e-03
3.90390 9.078078633045947e-03
3.91592 9.241454169564562e-03
3.92793 9.399678573235743e-03
3.93994 9.549768250752414e-03
3.95195 9.688042956063696e-03
3.96396 9.811196934478081e-03
3.97598 9.917566269974186e-03
3.98799 1.000772225009627e-02
4.00000 1.008395672174455e-02
