-8.00000 1.67984e-02
-7.98799 1.67453e-02
-7.97598 1.66816e-02
-7.96396 1.66109e-02
-7.95195 1.65371e-02
-7.93994 1.64647e-02
-7.92793 1.63984e-02
-7.91592 1.63432e-02
-7.90390 1.63038e-02
-7.89189 1.62850e-02
-7.87988 1.62912e-02
-7.86787 1.63262e-02
-7.85586 1.63930e-02
-7.84384 1.64941e-02
-7.83183 1.66308e-02
-7.81982 1.68033e-02
-7.80781 1.70110e-02
-7.79580 1.72519e-02
-7.78378 1.75230e-02
-7.77177 1.78206e-02
-7.75976 1.81397e-02
-7.74775 1.84750e-02
-7.73574 1.88205e-02
-7.72372 1.91699e-02
-7.71171 1.95167e-02
-7.69970 1.98544e-02
-7.68769 2.01762e-02
-7.67568 2.04754e-02
-7.66366 2.07454e-02
-7.65165 2.09795e-02
-7.63964 2.11711e-02
-7.62763 2.13141e-02
-7.61562 2.14036e-02
-7.60360 2.14359e-02
-7.59159 2.14099e-02
-7.57958 2.13275e-02
-7.56757 2.11939e-02
-7.55556 2.10183e-02
-7.54354 2.08130e-02
-7.53153 2.05934e-02
-7.51952 2.03769e-02
-7.50751 2.01830e-02
-7.49550 2.00324e-02
-7.48348 1.99478e-02
-7.47147 1.99546e-02
-7.45946 2.00749e-02
-7.44745 2.03046e-02
-7.43544 2.06007e-02
-7.42342 2.09688e-02
-7.41141 2.15529e-02
-7.39940 2.24008e-02
-7.38739 2.31914e-02
-7.37538 2.36665e-02
-7.36336 2.42829e-02
-7.35135 2.55495e-02
-7.33934 2.51585e-02
-7.32733 2.58771e-02
-7.31532 2.63917e-02
-7.30330 2.65848e-02
-7.29129 2.64980e-02
-7.27928 2.62648e-02
-7.26727 2.60552e-02
-7.25526 2.60015e-02
-7.24324 2.61487e-02
-7.23123 2.64485e-02
-7.21922 2.67959e-02
-7.20721 2.70812e-02
-7.19520 2.72289e-02
-7.18318 2.72120e-02
-7.17117 2.70462e-02
-7.15916 2.67729e-02
-7.14715 2.64432e-02
-7.13514 2.61056e-02
-7.12312 2.57999e-02
-7.11111 2.55540e-02
-7.09910 2.53835e-02
-7.08709 2.52921e-02
-7.07508 2.52774e-02
-7.06306 2.53365e-02
-7.05105 2.54584e-02
-7.03904 2.56097e-02
-7.02703 2.57515e-02
-7.01502 2.58721e-02
-7.00300 2.59825e-02
-6.99099 2.60843e-02
-6.97898 2.61628e-02
-6.96697 2.62022e-02
-6.95495 2.61947e-02
-6.94294 2.61462e-02
-6.93093 2.60804e-02
-6.91892 2.60329e-02
-6.90691 2.60320e-02
-6.89489 2.60825e-02
-6.88288 2.61738e-02
-6.87087 2.63096e-02
-6.85886 2.65236e-02
-6.84685 2.68421e-02
-6.83483 2.72243e-02
-6.82282 2.75726e-02
-6.81081 2.78534e-02
-6.79880 2.82031e-02
-6.78679 2.88477e-02
-6.77477 2.98552e-02
-6.76276 3.09836e-02
-6.75075 3.18353e-02
-6.73874 3.21849e-02
-6.72673 3.21363e-02
-6.71471 3.19638e-02
-6.70270 3.18430e-02
-6.69069 3.17450e-02
-6.67868 3.15378e-02
-6.66667 3.11326e-02
-6.65465 3.05378e-02
-6.64264 2.98258e-02
-6.63063 2.90847e-02
-6.61862 2.83954e-02
-6.60661 2.78265e-02
-6.59459 2.74293e-02
-6.58258 2.72308e-02
-6.57057 2.72289e-02
-6.55856 2.73926e-02
-6.54655 2.76699e-02
-6.53453 2.80028e-02
-6.52252 2.83462e-02
-6.51051 2.86806e-02
-6.49850 2.90056e-02
-6.48649 2.93155e-02
-6.47447 2.95727e-02
-6.46246 2.97001e-02
-6.45045 2.96025e-02
-6.43844 2.92089e-02
-6.42643 2.85182e-02
-6.41441 2.76289e-02
-6.40240 2.67327e-02
-6.39039 2.60465e-02
-6.37838 2.56907e-02
-6.36637 2.55867e-02
-6.35435 2.54829e-02
-6.34234 2.51253e-02
-6.33033 2.44485e-02
-6.31832 2.36167e-02
-6.30631 2.28848e-02
-6.29429 2.24097e-02
-6.28228 2.21657e-02
-6.27027 2.20023e-02
-6.25826 2.17737e-02
-6.24625 2.14353e-02
-6.23423 2.10489e-02
-6.22222 2.07096e-02
-6.21021 2.04688e-02
-6.19820 2.03108e-02
-6.18619 2.01828e-02
-6.17417 2.00370e-02
-6.16216 1.98503e-02
-6.15015 1.96234e-02
-6.13814 1.93708e-02
-6.12613 1.91118e-02
-6.11411 1.88636e-02
-6.10210 1.86373e-02
-6.09009 1.84349e-02
-6.07808 1.82500e-02
-6.06607 1.80710e-02
-6.05405 1.78855e-02
-6.04204 1.76845e-02
-6.03003 1.74648e-02
-6.01802 1.72288e-02
-6.00601 1.69831e-02
-5.99399 1.67361e-02
-5.98198 1.64957e-02
-5.96997 1.62680e-02
-5.95796 1.60561e-02
-5.94595 1.58605e-02
-5.93393 1.56801e-02
-5.92192 1.55129e-02
-5.90991 1.53574e-02
-5.89790 1.52135e-02
-5.88589 1.50831e-02
-5.87387 1.49694e-02
-5.86186 1.48763e-02
-5.84985 1.48072e-02
-5.83784 1.47631e-02
-5.82583 1.47417e-02
-5.81381 1.47374e-02
-5.80180 1.47416e-02
-5.78979 1.47450e-02
-5.77778 1.47401e-02
-5.76577 1.47244e-02
-5.75375 1.47014e-02
-5.74174 1.46805e-02
-5.72973 1.46740e-02
-5.71772 1.46915e-02
-5.70571 1.47337e-02
-5.69369 1.47877e-02
-5.68168 1.48304e-02
-5.66967 1.48417e-02
-5.65766 1.48260e-02
-5.64565 1.48328e-02
-5.63363 1.48509e-02
-5.62162 1.49112e-02
-5.60961 1.54593e-02
-5.59760 1.58533e-02
-5.58559 1.51937e-02
-5.57357 1.45445e-02
-5.56156 1.42012e-02
-5.54955 1.37874e-02
-5.53754 1.33545e-02
-5.52553 1.29296e-02
-5.51351 1.24950e-02
-5.50150 1.20701e-02
-5.48949 1.16962e-02
-5.47748 1.14139e-02
-5.46547 1.12444e-02
-5.45345 1.11838e-02
-5.44144 1.12081e-02
-5.42943 1.12846e-02
-5.41742 1.13810e-02
-5.40541 1.14714e-02
-5.39339 1.15377e-02
-5.38138 1.15699e-02
-5.36937 1.15640e-02
-5.35736 1.15213e-02
-5.34535 1.14465e-02
-5.33333 1.13467e-02
-5.32132 1.12304e-02
-5.30931 1.11064e-02
-5.29730 1.09841e-02
-5.28529 1.08733e-02
-5.27327 1.07858e-02
-5.26126 1.07366e-02
-5.24925 1.07440e-02
-5.23724 1.08284e-02
-5.22523 1.10070e-02
-5.21321 1.12886e-02
-5.20120 1.16723e-02
-5.18919 1.21535e-02
-5.17718 1.27375e-02
-5.16517 1.34463e-02
-5.15315 1.43047e-02
-5.14114 1.53021e-02
-5.12913 1.63512e-02
-5.11712 1.72803e-02
-5.10511 1.78835e-02
-5.09309 1.80154e-02
-5.08108 1.76765e-02
-5.06907 1.70382e-02
-5.05706 1.63815e-02
-5.04505 1.59827e-02
-5.03303 1.60104e-02
-5.02102 1.64943e-02
-5.00901 1.73580e-02
-4.99700 1.84480e-02
-4.98498 1.95207e-02
-4.97297 2.02584e-02
-4.96096 2.04074e-02
-4.94895 1.99715e-02
-4.93694 1.92480e-02
-4.92492 1.86161e-02
-4.91291 1.82656e-02
-4.90090 1.81223e-02
-4.88889 1.79997e-02
-4.87688 1.77849e-02
-4.86486 1.74960e-02
-4.85285 1.72225e-02
-4.84084 1.70472e-02
-4.82883 1.70119e-02
-4.81682 1.71191e-02
-4.80480 1.73429e-02
-4.79279 1.76371e-02
-4.78078 1.79419e-02
-4.76877 1.81956e-02
-4.75676 1.83479e-02
-4.74474 1.83726e-02
-4.73273 1.82665e-02
-4.72072 1.81061e-02
-4.70871 1.79062e-02
-4.69670 1.77417e-02
-4.68468 1.76556e-02
-4.67267 1.76597e-02
-4.66066 1.77340e-02
-4.64865 1.78396e-02
-4.63664 1.79343e-02
-4.62462 1.79851e-02
-4.61261 1.79923e-02
-4.60060 1.80162e-02
-4.58859 1.81465e-02
-4.57658 1.83874e-02
-4.56456 1.85850e-02
-4.55255 1.85580e-02
-4.54054 1.83163e-02
-4.52853 1.79288e-02
-4.51652 1.90007e-02
-4.50450 1.90941e-02
-4.49249 1.72873e-02
-4.48048 1.72421e-02
-4.46847 1.71735e-02
-4.45646 1.72350e-02
-4.44444 1.73765e-02
-4.43243 1.75753e-02
-4.42042 1.78050e-02
-4.40841 1.80430e-02
-4.39640 1.82737e-02
-4.38438 1.84889e-02
-4.37237 1.86885e-02
-4.36036 1.88815e-02
-4.34835 1.90863e-02
-4.33634 1.93280e-02
-4.32432 1.96296e-02
-4.31231 1.99992e-02
-4.30030 2.04185e-02
-4.28829 2.08404e-02
-4.27628 2.12023e-02
-4.26426 2.14499e-02
-4.25225 2.15600e-02
-4.24024 2.15622e-02
-4.22823 2.14910e-02
-4.21622 2.20361e-02
-4.20420 2.19472e-02
-4.19219 2.15425e-02
-4.18018 2.17659e-02
-4.16817 2.20040e-02
-4.15616 2.22524e-02
-4.14414 2.24489e-02
-4.13213 2.25679e-02
-4.12012 2.26059e-02
-4.10811 2.25766e-02
-4.09610 2.25028e-02
-4.08408 2.24119e-02
-4.07207 2.23342e-02
-4.06006 2.23010e-02
-4.04805 2.23399e-02
-4.03604 2.24686e-02
-4.02402 2.26909e-02
-4.01201 2.29989e-02
-4.00000 2.33791e-02
-3.98799 2.38187e-02
-3.97598 2.43035e-02
-3.96396 2.48083e-02
-3.95195 2.52872e-02
-3.93994 2.56781e-02
-3.92793 2.59261e-02
-3.91592 2.60150e-02
-3.90390 2.59858e-02
-3.89189 2.59251e-02
-3.87988 2.59296e-02
-3.86787 2.60651e-02
-3.85586 2.63469e-02
-3.84384 2.67458e-02
-3.83183 2.72124e-02
-3.81982 2.77018e-02
-3.80781 2.81841e-02
-3.79580 2.86427e-02
-3.78378 2.90668e-02
-3.77177 2.94457e-02
-3.75976 2.97681e-02
-3.74775 3.00244e-02
-3.73574 3.02100e-02
-3.72372 3.03266e-02
-3.71171 3.03784e-02
-3.69970 3.03674e-02
-3.68769 3.02910e-02
-3.67568 3.01506e-02
-3.66366 2.99693e-02
-3.65165 2.98069e-02
-3.63964 2.97511e-02
-3.62763 2.98717e-02
-3.61562 3.01608e-02
-3.60360 3.05102e-02
-3.59159 3.07667e-02
-3.57958 3.08496e-02
-3.56757 3.08324e-02
-3.55556 3.08857e-02
-3.54354 3.10890e-02
-3.53153 3.12867e-02
-3.51952 3.11614e-02
-3.50751 3.04874e-02
-3.49550 2.93216e-02
-3.48348 2.79588e-02
-3.47147 2.67226e-02
-3.45946 2.57970e-02
-3.44745 2.52047e-02
-3.43544 2.48946e-02
-3.42342 2.48126e-02
-3.41141 2.48067e-02
-3.39940 2.47313e-02
-3.38739 2.44294e-02
-3.37538 2.38425e-02
-3.36336 2.41552e-02
-3.35135 2.33415e-02
-3.33934 2.30532e-02
-3.32733 2.27241e-02
-3.31532 2.24782e-02
-3.30330 2.24233e-02
-3.29129 2.24299e-02
-3.27928 2.23788e-02
-3.26727 2.22808e-02
-3.25526 2.21701e-02
-3.24324 2.20688e-02
-3.23123 2.20007e-02
-3.21922 2.19866e-02
-3.20721 2.20381e-02
-3.19520 2.21574e-02
-3.18318 2.23369e-02
-3.17117 2.25597e-02
-3.15916 2.28005e-02
-3.14715 2.30287e-02
-3.13514 2.32136e-02
-3.12312 2.33293e-02
-3.11111 2.33583e-02
-3.09910 2.32932e-02
-3.08709 2.31356e-02
-3.07508 2.28938e-02
-3.06306 2.25798e-02
-3.05105 2.22074e-02
-3.03904 2.17899e-02
-3.02703 2.13449e-02
-3.01502 2.08958e-02
-3.00300 2.08790e-02
-2.99099 2.08329e-02
-2.97898 1.94868e-02
-2.96697 1.91164e-02
-2.95495 1.87402e-02
-2.94294 1.84375e-02
-2.93093 1.81903e-02
-2.91892 1.79990e-02
-2.90691 1.78592e-02
-2.89489 1.77634e-02
-2.88288 1.77023e-02
-2.87087 1.76659e-02
-2.85886 1.76445e-02
-2.84685 1.76293e-02
-2.83483 1.76134e-02
-2.82282 1.75918e-02
-2.81081 1.75611e-02
-2.79880 1.75198e-02
-2.78679 1.74678e-02
-2.77477 1.74056e-02
-2.76276 1.73347e-02
-2.75075 1.72567e-02
-2.73874 1.71733e-02
-2.72673 1.70859e-02
-2.71471 1.69958e-02
-2.70270 1.69040e-02
-2.69069 1.68111e-02
-2.67868 1.67177e-02
-2.66667 1.66239e-02
-2.65465 1.65298e-02
-2.64264 1.64355e-02
-2.63063 1.63409e-02
-2.61862 1.62457e-02
-2.60661 1.61542e-02
-2.59459 1.60606e-02
-2.58258 1.59655e-02
-2.57057 1.58748e-02
-2.55856 1.57831e-02
-2.54655 1.56892e-02
-2.53453 1.55923e-02
-2.52252 1.54932e-02
-2.51051 1.53932e-02
-2.49850 1.52937e-02
-2.48649 1.51956e-02
-2.47447 1.50995e-02
-2.46246 1.50070e-02
-2.45045 1.49210e-02
-2.43844 1.48459e-02
-2.42643 1.47876e-02
-2.41441 1.47513e-02
-2.40240 1.47399e-02
-2.39039 1.47516e-02
-2.37838 1.47820e-02
-2.36637 1.48292e-02
-2.35435 1.48954e-02
-2.34234 1.49807e-02
-2.33033 1.50716e-02
-2.31832 1.51404e-02
-2.30631 1.51609e-02
-2.29429 1.51271e-02
-2.28228 1.50563e-02
-2.27027 1.49713e-02
-2.25826 1.48821e-02
-2.24625 1.47836e-02
-2.23423 1.46674e-02
-2.22222 1.45324e-02
-2.21021 1.43858e-02
-2.19820 1.42383e-02
-2.18619 1.40991e-02
-2.17417 1.39743e-02
-2.16216 1.38674e-02
-2.15015 1.37791e-02
-2.13814 1.37083e-02
-2.12613 1.36514e-02
-2.11411 1.36036e-02
-2.10210 1.35595e-02
-2.09009 1.35138e-02
-2.07808 1.34616e-02
-2.06607 1.33985e-02
-2.05405 1.33209e-02
-2.04204 1.32274e-02
-2.03003 1.31219e-02
-2.01802 1.30165e-02
-2.00601 1.29296e-02
-1.99399 1.28778e-02
-1.98198 1.28742e-02
-1.96997 1.29205e-02
-1.95796 1.29913e-02
-1.94595 1.31159e-02
-1.93393 1.30076e-02
-1.92192 1.28496e-02
-1.90991 1.27129e-02
-1.89790 1.25370e-02
-1.88589 1.23288e-02
-1.87387 1.21328e-02
-1.86186 1.19815e-02
-1.84985 1.18752e-02
-1.83784 1.17956e-02
-1.82583 1.17268e-02
-1.81381 1.16647e-02
-1.80180 1.16116e-02
-1.78979 1.15698e-02
-1.77778 1.15404e-02
-1.76577 1.15235e-02
-1.75375 1.15186e-02
-1.74174 1.15243e-02
-1.72973 1.15379e-02
-1.71772 1.15563e-02
-1.70571 1.15765e-02
-1.69369 1.15953e-02
-1.68168 1.16092e-02
-1.66967 1.16150e-02
-1.65766 1.16102e-02
-1.64565 1.15923e-02
-1.63363 1.15595e-02
-1.62162 1.15106e-02
-1.60961 1.14449e-02
-1.59760 1.13624e-02
-1.58559 1.12637e-02
-1.57357 1.11498e-02
-1.56156 1.10216e-02
-1.54955 1.08802e-02
-1.53754 1.07271e-02
-1.52553 1.05637e-02
-1.51351 1.03918e-02
-1.50150 1.02133e-02
-1.48949 1.00300e-02
-1.47748 9.84395e-03
-1.46547 9.65716e-03
-1.45345 9.47171e-03
-1.44144 9.28972e-03
-1.42943 9.11327e-03
-1.41742 8.94438e-03
-1.40541 8.78502e-03
-1.39339 8.63702e-03
-1.38138 8.50203e-03
-1.36937 8.38146e-03
-1.35736 8.27639e-03
-1.34535 8.18754e-03
-1.33333 8.11523e-03
-1.32132 8.05939e-03
-1.30931 8.01963e-03
-1.29730 7.99522e-03
-1.28529 7.98516e-03
-1.27327 7.98823e-03
-1.26126 8.00304e-03
-1.24925 8.02806e-03
-1.23724 8.06172e-03
-1.22523 8.10242e-03
-1.21321 8.14857e-03
-1.20120 8.19866e-03
-1.18919 8.25121e-03
-1.17718 8.30486e-03
-1.16517 8.35829e-03
-1.15315 8.41028e-03
-1.14114 8.45965e-03
-1.12913 8.50530e-03
-1.11712 8.54616e-03
-1.10511 8.58122e-03
-1.09309 8.60950e-03
-1.08108 8.63008e-03
-1.06907 8.64207e-03
-1.05706 8.64465e-03
-1.04505 8.63706e-03
-1.03303 8.61861e-03
-1.02102 8.58874e-03
-1.00901 8.54699e-03
-0.99700 8.49308e-03
-0.98498 8.42691e-03
-0.97297 8.34858e-03
-0.96096 8.25842e-03
-0.94895 8.15703e-03
-0.93694 8.04525e-03
-0.92492 7.92419e-03
-0.91291 7.79522e-03
-0.90090 7.65994e-03
-0.88889 7.52018e-03
-0.87688 7.37792e-03
-0.86486 7.23526e-03
-0.85285 7.09435e-03
-0.84084 6.95735e-03
-0.82883 6.82631e-03
-0.81682 6.70314e-03
-0.80480 6.58953e-03
-0.79279 6.48689e-03
-0.78078 6.39628e-03
-0.76877 6.31839e-03
-0.75676 6.25355e-03
-0.74474 6.20166e-03
-0.73273 6.16229e-03
-0.72072 6.13464e-03
-0.70871 6.11769e-03
-0.69670 6.11021e-03
-0.68468 6.11085e-03
-0.67267 6.11825e-03
-0.66066 6.13113e-03
-0.64865 6.14832e-03
-0.63664 6.16887e-03
-0.62462 6.19202e-03
-0.61261 6.21725e-03
-0.60060 6.24424e-03
-0.58859 6.27282e-03
-0.57658 6.30292e-03
-0.56456 6.33444e-03
-0.55255 6.36725e-03
-0.54054 6.40105e-03
-0.52853 6.43535e-03
-0.51652 6.46944e-03
-0.50450 6.50236e-03
-0.49249 6.53297e-03
-0.48048 6.55998e-03
-0.46847 6.58206e-03
-0.45646 6.59795e-03
-0.44444 6.60655e-03
-0.43243 6.60707e-03
-0.42042 6.59914e-03
-0.40841 6.58291e-03
-0.39640 6.55909e-03
-0.38438 6.52900e-03
-0.37237 6.49451e-03
-0.36036 6.45801e-03
-0.34835 6.42230e-03
-0.33634 6.39035e-03
-0.32432 6.36515e-03
-0.31231 6.34944e-03
-0.30030 6.34542e-03
-0.28829 6.35453e-03
-0.27628 6.37742e-03
-0.26426 6.41350e-03
-0.25225 6.46028e-03
-0.24024 6.51426e-03
-0.22823 6.57580e-03
-0.21622 6.64758e-03
-0.20420 6.72035e-03
-0.19219 6.77696e-03
-0.18018 6.81817e-03
-0.16817 6.85780e-03
-0.15616 6.89852e-03
-0.14414 6.93263e-03
-0.13213 6.95450e-03
-0.12012 6.96288e-03
-0.10811 6.95799e-03
-0.09610 6.94103e-03
-0.08408 6.91498e-03
-0.07207 6.88404e-03
-0.06006 6.85171e-03
-0.04805 6.81874e-03
-0.03604 6.78283e-03
-0.02402 6.74116e-03
-0.01201 6.69220e-03
0.00000 6.63542e-03
0.01201 6.57464e-03
0.02402 6.51668e-03
0.03604 6.46506e-03
0.04805 6.42244e-03
0.06006 6.39136e-03
0.07207 6.37371e-03
0.08408 6.37019e-03
0.09610 6.38094e-03
0.10811 6.40547e-03
0.12012 6.44305e-03
0.13213 6.49312e-03
0.14414 6.55558e-03
0.15616 6.63164e-03
0.16817 6.72329e-03
0.18018 6.83015e-03
0.19219 6.94808e-03
0.20420 7.07426e-03
0.21622 7.20946e-03
0.22823 7.35092e-03
0.24024 7.49513e-03
0.25225 7.64782e-03
0.26426 7.81314e-03
0.27628 7.98318e-03
0.28829 8.15063e-03
0.30030 8.31746e-03
0.31231 8.48674e-03
0.32432 8.65682e-03
0.33634 8.82520e-03
0.34835 8.99113e-03
0.36036 9.15399e-03
0.37237 9.31214e-03
0.38438 9.46274e-03
0.39640 9.60221e-03
0.40841 9.72710e-03
0.42042 9.83540e-03
0.43243 9.92728e-03
0.44444 1.00048e-02
0.45646 1.00708e-02
0.46847 1.01274e-02
0.48048 1.01753e-02
0.49249 1.02140e-02
0.50450 1.02424e-02
0.51652 1.02592e-02
0.52853 1.02639e-02
0.54054 1.02563e-02
0.55255 1.02371e-02
0.56456 1.02075e-02
0.57658 1.01686e-02
0.58859 1.01220e-02
0.60060 1.00692e-02
0.61261 1.00118e-02
0.62462 9.95119e-03
0.63664 9.88909e-03
0.64865 9.82705e-03
0.66066 9.76667e-03
0.67267 9.70960e-03
0.68468 9.65744e-03
0.69670 9.61180e-03
0.70871 9.57424e-03
0.72072 9.54625e-03
0.73273 9.52923e-03
0.74474 9.52447e-03
0.75676 9.53316e-03
0.76877 9.55632e-03
0.78078 9.59482e-03
0.79279 9.64938e-03
0.80480 9.72053e-03
0.81682 9.80860e-03
0.82883 9.91376e-03
0.84084 1.00359e-02
0.85285 1.01749e-02
0.86486 1.03303e-02
0.87688 1.05014e-02
0.88889 1.06874e-02
0.90090 1.08873e-02
0.91291 1.11000e-02
0.92492 1.13242e-02
0.93694 1.15583e-02
0.94895 1.18009e-02
0.96096 1.20503e-02
0.97297 1.23046e-02
0.98498 1.25620e-02
0.99700 1.28206e-02
1.00901 1.30784e-02
1.02102 1.33337e-02
1.03303 1.35843e-02
1.04505 1.38285e-02
1.05706 1.40644e-02
1.06907 1.42904e-02
1.08108 1.45046e-02
1.09309 1.47057e-02
1.10511 1.48922e-02
1.11712 1.50628e-02
1.12913 1.52167e-02
1.14114 1.53527e-02
1.15315 1.54703e-02
1.16517 1.55689e-02
1.17718 1.56483e-02
1.18919 1.57084e-02
1.20120 1.57492e-02
1.21321 1.57711e-02
1.22523 1.57747e-02
1.23724 1.57607e-02
1.24925 1.57300e-02
1.26126 1.56837e-02
1.27327 1.56230e-02
1.28529 1.55495e-02
1.29730 1.54646e-02
1.30931 1.53701e-02
1.32132 1.52677e-02
1.33333 1.51593e-02
1.34535 1.50467e-02
1.35736 1.49320e-02
1.36937 1.48171e-02
1.38138 1.47039e-02
1.39339 1.45943e-02
1.40541 1.44903e-02
1.41742 1.43935e-02
1.42943 1.43056e-02
1.44144 1.42283e-02
1.45345 1.41630e-02
1.46547 1.41108e-02
1.47748 1.40731e-02
1.48949 1.40506e-02
1.50150 1.40441e-02
1.51351 1.40542e-02
1.52553 1.40813e-02
1.53754 1.41255e-02
1.54955 1.41868e-02
1.56156 1.42648e-02
1.57357 1.43593e-02
1.58559 1.44695e-02
1.59760 1.45947e-02
1.60961 1.47339e-02
1.62162 1.48859e-02
1.63363 1.50496e-02
1.64565 1.52235e-02
1.65766 1.54062e-02
1.66967 1.55961e-02
1.68168 1.57917e-02
1.69369 1.59912e-02
1.70571 1.61930e-02
1.71772 1.63955e-02
1.72973 1.65970e-02
1.74174 1.67959e-02
1.75375 1.69907e-02
1.76577 1.71801e-02
1.77778 1.73625e-02
1.78979 1.75369e-02
1.80180 1.77022e-02
1.81381 1.78573e-02
1.82583 1.80016e-02
1.83784 1.81343e-02
1.84985 1.82551e-02
1.86186 1.83635e-02
1.87387 1.84595e-02
1.88589 1.85431e-02
1.89790 1.86144e-02
1.90991 1.86739e-02
1.92192 1.87219e-02
1.93393 1.87591e-02
1.94595 1.87863e-02
1.95796 1.88042e-02
1.96997 1.88137e-02
1.98198 1.88160e-02
1.99399 1.88120e-02
2.00601 1.88028e-02
2.01802 1.87897e-02
2.03003 1.87736e-02
2.04204 1.87557e-02
2.05405 1.87371e-02
2.06607 1.87188e-02
2.07808 1.87018e-02
2.09009 1.86871e-02
2.10210 1.86753e-02
2.11411 1.86673e-02
2.12613 1.86637e-02
2.13814 1.86649e-02
2.15015 1.86713e-02
2.16216 1.86833e-02
2.17417 1.87008e-02
2.18619 1.87240e-02
2.19820 1.87527e-02
2.21021 1.87867e-02
2.22222 1.88257e-02
2.23423 1.88693e-02
2.24625 1.89168e-02
2.25826 1.89678e-02
2.27027 1.90215e-02
2.28228 1.90772e-02
2.29429 1.91342e-02
2.30631 1.91915e-02
2.31832 1.92485e-02
2.33033 1.93043e-02
2.34234 1.93581e-02
2.35435 1.94091e-02
2.36637 1.94565e-02
2.37838 1.94998e-02
2.39039 1.95381e-02
2.40240 1.95711e-02
2.41441 1.95982e-02
2.42643 1.96190e-02
2.43844 1.96333e-02
2.45045 1.96408e-02
2.46246 1.96416e-02
2.47447 1.96355e-02
2.48649 1.96227e-02
2.49850 1.96034e-02
2.51051 1.95780e-02
2.52252 1.95468e-02
2.53453 1.95103e-02
2.54655 1.94692e-02
2.55856 1.94241e-02
2.57057 1.93756e-02
2.58258 1.93245e-02
2.59459 1.92717e-02
2.60661 1.92180e-02
2.61862 1.91641e-02
2.63063 1.91110e-02
2.64264 1.90595e-02
2.65465 1.90104e-02
2.66667 1.89645e-02
2.67868 1.89226e-02
2.69069 1.88853e-02
2.70270 1.88534e-02
2.71471 1.88274e-02
2.72673 1.88078e-02
2.73874 1.87950e-02
2.75075 1.87895e-02
2.76276 1.87913e-02
2.77477 1.88007e-02
2.78679 1.88178e-02
2.79880 1.88425e-02
2.81081 1.88747e-02
2.82282 1.89141e-02
2.83483 1.89605e-02
2.84685 1.90135e-02
2.85886 1.90726e-02
2.87087 1.91373e-02
2.88288 1.92070e-02
2.89489 1.92810e-02
2.90691 1.93586e-02
2.91892 1.94390e-02
2.93093 1.95216e-02
2.94294 1.96054e-02
2.95495 1.96898e-02
2.96697 1.97737e-02
2.97898 1.98566e-02
2.99099 1.99375e-02
3.00300 2.00156e-02
3.01502 2.00904e-02
3.02703 2.01610e-02
3.03904 2.02268e-02
3.05105 2.02873e-02
3.06306 2.03419e-02
3.07508 2.03901e-02
3.08709 2.04315e-02
3.09910 2.04658e-02
3.11111 2.04928e-02
3.12312 2.05123e-02
3.13514 2.05242e-02
3.14715 2.05284e-02
3.15916 2.05251e-02
3.17117 2.05143e-02
3.18318 2.04962e-02
3.19520 2.04712e-02
3.20721 2.04395e-02
3.21922 2.04015e-02
3.23123 2.03577e-02
3.24324 2.03086e-02
3.25526 2.02547e-02
3.26727 2.01965e-02
3.27928 2.01348e-02
3.29129 2.00700e-02
3.30330 2.00028e-02
3.31532 1.99339e-02
3.32733 1.98638e-02
3.33934 1.97934e-02
3.35135 1.97231e-02
3.36336 1.96536e-02
3.37538 1.95855e-02
3.38739 1.95193e-02
3.39940 1.94556e-02
3.41141 1.93949e-02
3.42342 1.93376e-02
3.43544 1.92841e-02
3.44745 1.92348e-02
3.45946 1.91899e-02
3.47147 1.91498e-02
3.48348 1.91147e-02
3.49550 1.90846e-02
3.50751 1.90597e-02
3.51952 1.90400e-02
3.53153 1.90255e-02
3.54354 1.90161e-02
3.55556 1.90118e-02
3.56757 1.90124e-02
3.57958 1.90176e-02
3.59159 1.90273e-02
3.60360 1.90412e-02
3.61562 1.90590e-02
3.62763 1.90803e-02
3.63964 1.91048e-02
3.65165 1.91322e-02
3.66366 1.91620e-02
3.67568 1.91938e-02
3.68769 1.92273e-02
3.69970 1.92621e-02
3.71171 1.92977e-02
3.72372 1.93338e-02
3.73574 1.93699e-02
3.74775 1.94059e-02
3.75976 1.94412e-02
3.77177 1.94756e-02
3.78378 1.95088e-02
3.79580 1.95405e-02
3.80781 1.95704e-02
3.81982 1.95985e-02
3.83183 1.96244e-02
3.84384 1.96481e-02
3.85586 1.96693e-02
3.86787 1.96882e-02
3.87988 1.97045e-02
3.89189 1.97183e-02
3.90390 1.97297e-02
3.91592 1.97385e-02
3.92793 1.97450e-02
3.93994 1.97492e-02
3.95195 1.97512e-02
3.96396 1.97511e-02
3.97598 1.97493e-02
3.98799 1.97457e-02
4.00000 1.97406e-02
