-8.00000 4.401907360487899e-09
-7.98799 4.850841762525647e-09
-7.97598 5.319051657769561e-09
-7.96396 5.801819903893457e-09
-7.95195 6.293029405443108e-09
-7.93994 6.784991590992278e-09
-7.92793 7.268278621100177e-09
-7.91592 7.731565608659711e-09
-7.90390 8.161490421107901e-09
-7.89189 8.542539992413428e-09
-7.87988 8.856973471753386e-09
-7.86787 9.084793936522966e-09
-7.85586 9.203781751512753e-09
-7.84384 9.189603905615781e-09
-7.83183 9.016014734195470e-09
-7.81982 8.655164261469932e-09
-7.80781 8.078030886175980e-09
-7.79580 7.254995190850385e-09
-7.78378 6.156571179859064e-09
-7.77177 4.754310139890179e-09
-7.75976 3.021890464723959e-09
-7.74775 9.364040928487598e-10
-7.73574 -1.520153421029732e-09
-7.72372 -4.359186821335131e-09
-7.71171 -7.583602392083037e-09
-7.69970 -1.118571669087167e-08
-7.68769 -1.514499089387840e-08
-7.67568 -1.942561790670252e-08
-7.66366 -2.397399944826789e-08
-7.65165 -2.871616126101154e-08
-7.63964 -3.355516626640836e-08
-7.62763 -3.836859764105959e-08
-7.61562 -4.300619614825477e-08
-7.60360 -4.728774827924896e-08
-7.59159 -5.100133343878897e-08
-7.57958 -5.390204910190706e-08
-7.56757 -5.571134208185487e-08
-7.55556 -5.611708125688974e-08
-7.54354 -5.477451175918498e-08
-7.53153 -5.130823217706686e-08
-7.51952 -4.531533421381796e-08
-7.50751 -3.636983795758669e-08
-7.49550 -2.402854496256515e-08
-7.48348 -7.838415292775969e-09
-7.47147 1.265444682130864e-08
-7.45946 3.789414129038397e-08
-7.44745 6.830263014841872e-08
-7.43544 1.042657200373994e-07
-7.42342 1.461174290996962e-07
-7.41141 1.941228490897266e-07
-7.39940 2.484596700248760e-07
-7.38739 3.091985964867071e-07
-7.37538 3.762829513605986e-07
-7.36336 4.495078339046701e-07
-7.35135 5.284992740629408e-07
-7.33934 6.126939033538005e-07
-7.32733 7.013197439408149e-07
-7.31532 7.933788011113459e-07
-7.30330 8.876322298602476e-07
-7.29129 9.825889331339622e-07
-7.27928 1.076498537060671e-06
-7.26727 1.167349776611483e-06
-7.25526 1.252875412805351e-06
-7.24324 1.330564888501353e-06
-7.23123 1.397686011877261e-06
-7.21922 1.451317031387314e-06
-7.20721 1.488390527885071e-06
-7.19520 1.505750590660001e-06
-7.18318 1.500224753228014e-06
-7.17117 1.468712127428596e-06
-7.15916 1.408289073616093e-06
-7.14715 1.316333562475254e-06
-7.13514 1.190669104823056e-06
-7.12312 1.029728742630595e-06
-7.11111 8.327391171407932e-07
-7.09910 5.999240959655761e-07
-7.08709 3.327269290936325e-07
-7.07508 3.404954737968606e-08
-7.06306 -2.914923839344576e-07
-7.05105 -6.372994206113253e-07
-7.03904 -9.945024953775616e-07
-7.02703 -1.351657612909630e-06
-7.01502 -1.694413050124996e-06
-7.00300 -2.005135175169068e-06
-6.99099 -2.262472259093491e-06
-6.97898 -2.440829534400969e-06
-6.96697 -2.509725994896581e-06
-6.95495 -2.433008035985565e-06
-6.94294 -2.167911568432787e-06
-6.93093 -1.663995862019329e-06
-6.91892 -8.620173347730907e-07
-6.90691 3.071413081541091e-07
-6.89489 1.923345226244565e-06
-6.88288 4.077771561791339e-06
-6.87087 6.873159150075748e-06
-6.85886 1.042391927679013e-05
-6.84685 1.485644423726515e-05
-6.83483 2.030989160961956e-05
-6.82282 2.693714614164384e-05
-6.81081 3.490429061364624e-05
-6.79880 4.438473414762288e-05
-6.78679 5.554171377443094e-05
-6.77477 6.849159161480210e-05
-6.76276 8.324234062699494e-05
-6.75075 9.960901299065521e-05
-6.73874 1.171216546031123e-04
-6.72673 1.349588827956123e-04
-6.71471 1.519558395283160e-04
-6.70270 1.667385747688967e-04
-6.69069 1.780178906910967e-04
-6.67868 1.850293498775986e-04
-6.66667 1.880388437770018e-04
-6.65465 1.887653711334638e-04
-6.64264 1.905357638545820e-04
-6.63063 1.980109324930541e-04
-6.61862 2.164245062424169e-04
-6.60661 2.504373491857493e-04
-6.59459 3.028869051854644e-04
-6.58258 3.738288470194004e-04
-6.57057 4.602642312833180e-04
-6.55856 5.567862370371519e-04
-6.54655 6.570906986464667e-04
-6.53453 7.559596251671377e-04
-6.52252 8.510775912447574e-04
-6.51051 9.440144372835484e-04
-6.49850 1.039986870765207e-03
-6.48649 1.146552926253108e-03
-6.47447 1.271979410539152e-03
-6.46246 1.424298826741293e-03
-6.45045 1.611717838247776e-03
-6.43844 1.844034969475189e-03
-6.42643 2.133548732568413e-03
-6.41441 2.493449587156784e-03
-6.40240 2.932616179279563e-03
-6.39039 3.447993263936299e-03
-6.37838 4.018126634581069e-03
-6.36637 4.602212103834814e-03
-6.35435 5.147078355612163e-03
-6.34234 5.600492700843640e-03
-6.33033 5.925358353064491e-03
-6.31832 6.108333530252876e-03
-6.30631 6.159115817207304e-03
-6.29429 6.101591103227345e-03
-6.28228 5.962181126425281e-03
-6.27027 5.761528618909719e-03
-6.25826 5.512886434181684e-03
-6.24625 5.226269847538380e-03
-6.23423 4.914355899336914e-03
-6.22222 4.595876689248373e-03
-6.21021 4.294469466534051e-03
-6.19820 4.033856341353280e-03
-6.18619 3.832064330959550e-03
-6.17417 3.697433655674576e-03
-6.16216 3.627844520916274e-03
-6.15015 3.612944956614838e-03
-6.13814 3.638053659116420e-03
-6.12613 3.688161322627520e-03
-6.11411 3.750875829493368e-03
-6.10210 3.817844827718232e-03
-6.09009 3.884789654416694e-03
-6.07808 3.950622680868434e-03
-6.06607 4.016190245909831e-03
-6.05405 4.083073339042577e-03
-6.04204 4.152695427522410e-03
-6.03003 4.225813824535718e-03
-6.01802 4.302351308325909e-03
-6.00601 4.381467500449493e-03
-5.99399 4.461762183262026e-03
-5.98198 4.541524190017366e-03
-5.96997 4.618970203534745e-03
-5.95796 4.692444990826674e-03
-5.94595 4.760573047835846e-03
-5.93393 4.822361559100492e-03
-5.92192 4.877258754278396e-03
-5.90991 4.925173117252941e-03
-5.89790 4.966459428499211e-03
-5.88589 5.001878094889175e-03
-5.87387 5.032534671657757e-03
-5.86186 5.059806655522654e-03
-5.84985 5.085264322927129e-03
-5.83784 5.110591573633081e-03
-5.82583 5.137511538439322e-03
-5.81381 5.167720311785946e-03
-5.80180 5.202830763291368e-03
-5.78979 5.244327110699518e-03
-5.77778 5.293529890344517e-03
-5.76577 5.351570184404484e-03
-5.75375 5.419371468814175e-03
-5.74174 5.497637222323452e-03
-5.72973 5.586842461906146e-03
-5.71772 5.687227607489838e-03
-5.70571 5.798793485356123e-03
-5.69369 5.921296802378947e-03
-5.68168 6.054246004913872e-03
-5.66967 6.196898016720995e-03
-5.65766 6.348256871359466e-03
-5.64565 6.507075663068806e-03
-5.63363 6.671863492662554e-03
-5.62162 6.840899150591725e-03
-5.60961 7.012253142697993e-03
-5.59760 7.183819326875318e-03
-5.58559 7.353356909828758e-03
-5.57357 7.518542887590993e-03
-5.56156 7.677034250517124e-03
-5.54955 7.826538472389196e-03
-5.53754 7.964890028752069e-03
-5.52553 8.090130006536481e-03
-5.51351 8.200585334925729e-03
-5.50150 8.294943835326904e-03
-5.48949 8.372321190501599e-03
-5.47748 8.432316085907525e-03
-5.46547 8.475050177387802e-03
-5.45345 8.501190166813482e-03
-5.44144 8.511950082301109e-03
-5.42943 8.509072809533801e-03
-5.41742 8.494790943411937e-03
-5.40541 8.471768058245706e-03
-5.39339 8.443022464283408e-03
-5.38138 8.411836368591699e-03
-5.36937 8.381654039202976e-03
-5.35736 8.355973046307611e-03
-5.34535 8.338232901719762e-03
-5.33333 8.331705432670115e-03
-5.32132 8.339391018720586e-03
-5.30931 8.363924416031291e-03
-5.29730 8.407493327887152e-03
-5.28529 8.471772199442971e-03
-5.27327 8.557872968121499e-03
-5.26126 8.666313740061764e-03
-5.24925 8.797005635656538e-03
-5.23724 8.949257395241250e-03
-5.22523 9.121796791505607e-03
-5.21321 9.312807478344601e-03
-5.20120 9.519979623436668e-03
-5.18919 9.740572517004321e-03
-5.17718 9.971487302508013e-03
-5.16517 1.020934800658573e-02
-5.15315 1.045058911856611e-02
-5.14114 1.069154804494331e-02
-5.12913 1.092856080428734e-02
-5.11712 1.115805930359587e-02
-5.10511 1.137666843053545e-02
-5.09309 1.158130100543098e-02
-5.08108 1.176924837780282e-02
-5.06907 1.193826415770135e-02
-5.05706 1.208663829006589e-02
-5.04505 1.221325846930357e-02
-5.03303 1.231765581366940e-02
-5.02102 1.240003183340872e-02
-5.00901 1.246126407949457e-02
-4.99700 1.250288847784188e-02
-4.98498 1.252705723782688e-02
-4.97297 1.253647234484732e-02
-4.96096 1.253429594540827e-02
-4.94895 1.252404032349967e-02
-4.93694 1.250944154177824e-02
-4.92492 1.249432206183377e-02
-4.91291 1.248244864622077e-02
-4.90090 1.247739247492580e-02
-4.88889 1.248239859858762e-02
-4.87688 1.250027155217591e-02
-4.86486 1.253328315889386e-02
-4.85285 1.258310730146452e-02
-4.84084 1.265078480560249e-02
-4.82883 1.273671968371389e-02
-4.81682 1.284070596790492e-02
-4.80480 1.296198237684475e-02
-4.79279 1.309931026801241e-02
-4.78078 1.325106886879165e-02
-4.76877 1.341536077368202e-02
-4.75676 1.359012022060656e-02
-4.74474 1.377321675315953e-02
-4.73273 1.396254752718455e-02
-4.72072 1.415611267338177e-02
-4.70871 1.435206968652121e-02
-4.69670 1.454876464832824e-02
-4.68468 1.474474005648125e-02
-4.67267 1.493872096937959e-02
-4.66066 1.512958293287331e-02
-4.64865 1.531630659515470e-02
-4.63664 1.549792493087400e-02
-4.62462 1.567346951202625e-02
-4.61261 1.584192224861019e-02
-4.60060 1.600217848630076e-02
-4.58859 1.615302634220659e-02
-4.57658 1.629314577022446e-02
-4.56456 1.642112919019743e-02
-4.55255 1.653552372440732e-02
-4.54054 1.663489330263392e-02
-4.52853 1.671789726032179e-02
-4.51652 1.678338068458445e-02
-4.50450 1.683047075526068e-02
-4.49249 1.685867274510887e-02
-4.48048 1.686795920901110e-02
-4.46847 1.685884619319897e-02
-4.45646 1.683245098365362e-02
-4.44444 1.679052691168225e-02
-4.43243 1.673547194969338e-02
-4.42042 1.667030916006541e-02
-4.40841 1.659863840852703e-02
-4.39640 1.652456004041246e-02
-4.38438 1.645257238764322e-02
-4.37237 1.638744599948010e-02
-4.36036 1.633407837327730e-02
-4.34835 1.629733372912007e-02
-4.33634 1.628187306499969e-02
-4.32432 1.629198038745601e-02
-4.31231 1.633139165872388e-02
-4.30030 1.640313362046602e-02
-4.28829 1.650938017654972e-02
-4.27628 1.665133430714758e-02
-4.26426 1.682914334164143e-02
-4.25225 1.704185458836698e-02
-4.24024 1.728741654951683e-02
-4.22823 1.756272804764800e-02
-4.21622 1.786373352109448e-02
-4.20420 1.818555773456666e-02
-4.19219 1.852266777451194e-02
-4.18018 1.886904542580286e-02
-4.16817 1.921835017441216e-02
-4.15616 1.956405364537864e-02
-4.14414 1.989953162081525e-02
-4.13213 2.021811063284276e-02
-4.12012 2.051308204486503e-02
-4.10811 2.077771529920597e-02
-4.09610 2.100531923444280e-02
-4.08408 2.118940965723560e-02
-4.07207 2.132403536606246e-02
-4.06006 2.140428772512823e-02
-4.04805 2.142696994999241e-02
-4.03604 2.139133981609180e-02
-4.02402 2.129978307610958e-02
-4.01201 2.115825273715893e-02
-4.00000 2.097634863306848e-02
-3.98799 2.076701947405553e-02
-3.97598 2.054600645369991e-02
-3.96396 2.033122184539239e-02
-3.95195 2.014222956123307e-02
-3.93994 2.000007571327382e-02
-3.92793 1.992794771743652e-02
-3.91592 1.995155772973651e-02
-3.90390 2.009093037915216e-02
-3.89189 2.033452251574219e-02
-3.87988 2.063830900967902e-02
-3.86787 2.102983821097222e-02
-3.85586 2.166013623885539e-02
-3.84384 2.252317883000471e-02
-3.83183 2.326623406517526e-02
-3.81982 2.369488085788296e-02
-3.80781 2.453746348601473e-02
-3.79580 2.544401940778914e-02
-3.78378 2.526166588316871e-02
-3.77177 2.595378961488478e-02
-3.75976 2.642789681081004e-02
-3.74775 2.657382261166987e-02
-3.73574 2.645222061981846e-02
-3.72372 2.620860801993906e-02
-3.71171 2.601310163151022e-02
-3.69970 2.598811939698198e-02
-3.68769 2.616373853818793e-02
-3.67568 2.647933670368526e-02
-3.66366 2.682505957279330e-02
-3.65165 2.709369676917279e-02
-3.63964 2.721659479757857e-02
-3.62763 2.717432072801278e-02
-3.61562 2.698778862352931e-02
-3.60360 2.670121922555435e-02
-3.59159 2.636605965017714e-02
-3.57958 2.602992915201925e-02
-3.56757 2.573078969522037e-02
-3.55556 2.549474233026817e-02
-3.54354 2.533544840658097e-02
-3.53153 2.525539397242791e-02
-3.51952 2.525182466717120e-02
-3.50751 2.532158224595404e-02
-3.49550 2.545076336789684e-02
-3.48348 2.560329430135989e-02
-3.47147 2.574233391384404e-02
-3.45946 2.586101212436886e-02
-3.44745 2.597071789482887e-02
-3.43544 2.607014882066508e-02
-3.42342 2.614346751603329e-02
-3.41141 2.617553418789540e-02
-3.39940 2.616017553263825e-02
-3.38739 2.610570798403651e-02
-3.37538 2.603866810591044e-02
-3.36336 2.599546071942455e-02
-3.35135 2.600225783673167e-02
-3.33934 2.606106377191619e-02
-3.32733 2.616136769403943e-02
-3.31532 2.631070472068569e-02
-3.30330 2.654337570223251e-02
-3.29129 2.687691973314550e-02
-3.27928 2.725849407065149e-02
-3.26727 2.759394717685368e-02
-3.25526 2.787367885592221e-02
-3.24324 2.825520346317771e-02
-3.23123 2.895006957648713e-02
-3.21922 2.998049680696751e-02
-3.20721 3.107406319443728e-02
-3.19520 3.185339371243227e-02
-3.18318 3.214367139965183e-02
-3.17117 3.207916089990291e-02
-3.15916 3.192269683993335e-02
-3.14715 3.181872133764879e-02
-3.13514 3.171973577431331e-02
-3.12312 3.149600981045669e-02
-3.11111 3.106965190548396e-02
-3.09910 3.045730364482750e-02
-3.08709 2.973500680362275e-02
-3.07508 2.899283560879598e-02
-3.06306 2.831325332004855e-02
-3.05105 2.776488045366066e-02
-3.03904 2.739681151076017e-02
-3.02703 2.723157762717571e-02
-3.01502 2.726139647389534e-02
-3.00300 2.745026947650908e-02
-2.99099 2.774302637173006e-02
-2.97898 2.808178974680993e-02
-2.96697 2.842497463210123e-02
-2.95495 2.875692489851931e-02
-2.94294 2.907803630631390e-02
-2.93093 2.937867065898433e-02
-2.91892 2.961479618195810e-02
-2.90691 2.970530391564146e-02
-2.89489 2.955750147423677e-02
-2.88288 2.911018361124871e-02
-2.87087 2.837655604684084e-02
-2.85886 2.746983775949363e-02
-2.84685 2.658971333021859e-02
-2.83483 2.594654104257283e-02
-2.82282 2.563644888388337e-02
-2.81081 2.555080284584748e-02
-2.79880 2.542344247120807e-02
-2.78679 2.501648693555945e-02
-2.77477 2.429974984024189e-02
-2.76276 2.346405198598559e-02
-2.75075 2.276243912798748e-02
-2.73874 2.232700221263097e-02
-2.72673 2.210551538453706e-02
-2.71471 2.193836632090920e-02
-2.70270 2.169075043266475e-02
-2.69069 2.133758166863119e-02
-2.67868 2.095204969887696e-02
-2.66667 2.062676422868870e-02
-2.65465 2.040207496322398e-02
-2.64264 2.025302541882032e-02
-2.63063 2.012474724670590e-02
-2.61862 1.997241016084435e-02
-2.60661 1.977781534047884e-02
-2.59459 1.954524555277102e-02
-2.58258 1.929083457703892e-02
-2.57057 1.903377203648421e-02
-2.55856 1.879028226808440e-02
-2.54655 1.856954650768393e-02
-2.53453 1.837183413850751e-02
-2.52252 1.818948442526202e-02
-2.51051 1.801041973833206e-02
-2.49850 1.782271294550442e-02
-2.48649 1.761839476088740e-02
-2.47447 1.739530328666621e-02
-2.46246 1.715680225478592e-02
-2.45045 1.690999850286872e-02
-2.43844 1.666338447557076e-02
-2.42643 1.642470042759253e-02
-2.41441 1.619949431454959e-02
-2.40240 1.599054873484308e-02
-2.39039 1.579811905382020e-02
-2.37838 1.562078039220897e-02
-2.36637 1.545659242788417e-02
-2.35435 1.530425417193956e-02
-2.34234 1.516394124942597e-02
-2.33033 1.503759603160231e-02
-2.31832 1.492856489889652e-02
-2.30631 1.484062898331831e-02
-2.29429 1.477663638213264e-02
-2.28228 1.473709306985307e-02
-2.27027 1.471917040915135e-02
-2.25826 1.471658353726171e-02
-2.24625 1.472062879558811e-02
-2.23423 1.472232436615751e-02
-2.22222 1.471515452240043e-02
-2.21021 1.469754894784143e-02
-2.19820 1.467411278643389e-02
-2.18619 1.465480056507702e-02
-2.17417 1.465160109851587e-02
-2.16216 1.467293278072486e-02
-2.15015 1.471730302906744e-02
-2.13814 1.477002732815237e-02
-2.12613 1.480787872844696e-02
-2.11411 1.481294352096376e-02
-2.10210 1.479710989164627e-02
-2.09009 1.481050054876201e-02
-2.07808 1.482196376626796e-02
-2.06607 1.493102653522229e-02
-2.05405 1.554386457233981e-02
-2.04204 1.578465487628131e-02
-2.03003 1.504753116081150e-02
-2.01802 1.446892157969942e-02
-2.00601 1.412757407086735e-02
-1.99399 1.370448701747983e-02
-1.98198 1.327334776599696e-02
-1.96997 1.284724604859814e-02
-1.95796 1.241316324605628e-02
-1.94595 1.199466504575883e-02
-1.93393 1.163402425956868e-02
-1.92192 1.136963599073559e-02
-1.90991 1.121896094287197e-02
-1.89790 1.117418281479027e-02
-1.88589 1.120922691083473e-02
-1.87387 1.129076848185040e-02
-1.86186 1.138726585702166e-02
-1.84985 1.147391544066679e-02
-1.83784 1.153411594757357e-02
-1.82583 1.155888962582462e-02
-1.81381 1.154548756381312e-02
-1.80180 1.149587414989832e-02
-1.78979 1.141534638466923e-02
-1.77778 1.131132863461805e-02
-1.76577 1.119237080984237e-02
-1.75375 1.106746971764264e-02
-1.74174 1.094591742567460e-02
-1.72973 1.083785792278276e-02
-1.71772 1.075550544664456e-02
-1.70571 1.071447205473718e-02
-1.69369 1.073399324043232e-02
-1.68168 1.083460108498933e-02
-1.66967 1.103290531063311e-02
-1.65766 1.133595102590718e-02
-1.64565 1.174042419272448e-02
-1.63363 1.224091460205460e-02
-1.62162 1.284384205634623e-02
-1.60961 1.357331818242933e-02
-1.59760 1.445321666298075e-02
-1.58559 1.546505811377510e-02
-1.57357 1.650737941039234e-02
-1.56156 1.739582552420858e-02
-1.54955 1.792452676726315e-02
-1.53754 1.796602573921194e-02
-1.52553 1.755250143272191e-02
-1.51351 1.688450149529201e-02
-1.50150 1.625445620606635e-02
-1.48949 1.592541513593244e-02
-1.47748 1.603722155902966e-02
-1.46547 1.659193503653622e-02
-1.45345 1.749737990094620e-02
-1.44144 1.859163552463840e-02
-1.42943 1.962238070174887e-02
-1.41742 2.027179358829639e-02
-1.40541 2.031308421641682e-02
-1.39339 1.979910422595030e-02
-1.38138 1.906135095583681e-02
-1.36937 1.846715567670917e-02
-1.35736 1.816128279155329e-02
-1.34535 1.803433333680246e-02
-1.33333 1.789956619274686e-02
-1.32132 1.766679576665707e-02
-1.30931 1.737408600496013e-02
-1.29730 1.711513266920279e-02
-1.28529 1.696609772929509e-02
-1.27327 1.695992726957626e-02
-1.26126 1.709261365139174e-02
-1.24925 1.733432562440062e-02
-1.23724 1.763652987932438e-02
-1.22523 1.793929731380866e-02
-1.21321 1.818269031886227e-02
-1.20120 1.832015297403200e-02
-1.18919 1.849423638272714e-02
-1.17718 1.826613995001940e-02
-1.16517 1.805949040558554e-02
-1.15315 1.787131671422328e-02
-1.14114 1.772653359362138e-02
-1.12913 1.766320376024235e-02
-1.11712 1.768642126678786e-02
-1.10511 1.776911184999636e-02
-1.09309 1.786829367496879e-02
-1.08108 1.794805784411169e-02
-1.06907 1.799522388429185e-02
-1.05706 1.801874489313211e-02
-1.04505 1.803582022811048e-02
-1.03303 1.805612134916557e-02
-1.02102 1.807425684845085e-02
-1.00901 1.807078947228090e-02
-0.99700 1.804058042781852e-02
-0.98498 1.797426387725895e-02
-0.97297 1.788837353911098e-02
-0.96096 1.922401010031565e-02
-0.94895 1.880357735816993e-02
-0.93694 1.730624761364295e-02
-0.92492 1.721835976727719e-02
-0.91291 1.718833276918095e-02
-0.90090 1.726973979490498e-02
-0.88889 1.742122067714525e-02
-0.87688 1.762279075162923e-02
-0.86486 1.785043338376173e-02
-0.85285 1.808318353909211e-02
-0.84084 1.830669890107171e-02
-0.82883 1.851434989349246e-02
-0.81682 1.870765300776065e-02
-0.80480 1.889701497692073e-02
-0.79279 1.910182737930251e-02
-0.78078 1.934711456140636e-02
-0.76877 1.965448917792989e-02
-0.75676 2.002898072952209e-02
-0.74474 2.044823961337415e-02
-0.73273 2.086240001925107e-02
-0.72072 2.120857362789736e-02
-0.70871 2.143532539409890e-02
-0.69670 2.152431195677485e-02
-0.68468 2.151663894245044e-02
-0.67267 2.142659724342977e-02
-0.66066 2.211702693839882e-02
-0.64865 2.175627953745905e-02
-0.63664 2.152352886618212e-02
-0.62462 2.173366410948449e-02
-0.61261 2.197972147894239e-02
-0.60060 2.221991529801440e-02
-0.58859 2.240312112283514e-02
-0.57658 2.250711467546592e-02
-0.56456 2.253197605374750e-02
-0.55255 2.249349313340842e-02
-0.54054 2.241536626052611e-02
-0.52853 2.232521988506461e-02
-0.51652 2.225332242198716e-02
-0.50450 2.223034185381927e-02
-0.49249 2.228231774574149e-02
-0.48048 2.242475690187440e-02
-0.46847 2.265981254231610e-02
-0.45646 2.297902316575338e-02
-0.44444 2.336973483505108e-02
-0.43243 2.381927073461057e-02
-0.42042 2.431138933460459e-02
-0.40841 2.481625113286798e-02
-0.39640 2.528366543019755e-02
-0.38438 2.565131683290540e-02
-0.37237 2.587018339132124e-02
-0.36036 2.593414762648137e-02
-0.34835 2.589307156682347e-02
-0.33634 2.583705678835043e-02
-0.32432 2.585900326834236e-02
-0.31231 2.601747592629383e-02
-0.30030 2.632049430145154e-02
-0.28829 2.673511070392067e-02
-0.27628 2.721164384633312e-02
-0.26426 2.770650064261860e-02
-0.25225 2.819108258028118e-02
-0.24024 2.864890267575724e-02
-0.22823 2.906855921898304e-02
-0.21622 2.943878062387179e-02
-0.20420 2.974825149460218e-02
-0.19219 2.998854188312245e-02
-0.18018 3.015699217997823e-02
-0.16817 3.025671030457724e-02
-0.15616 3.029266505078404e-02
-0.14414 3.026650730271585e-02
-0.13213 3.017634282775625e-02
-0.12012 3.002709388601483e-02
-0.10811 2.984880589688601e-02
-0.09610 2.970744778415865e-02
-0.08408 2.968797127307595e-02
-0.07207 2.984517926884278e-02
-0.06006 3.015010971858001e-02
-0.04805 3.048203690717114e-02
-0.03604 3.069820003574926e-02
-0.02402 3.074900137861361e-02
-0.01201 3.073747329743404e-02
0.00000 3.083108202591777e-02
0.01201 3.106646879596446e-02
0.02402 3.123727255851099e-02
0.03604 3.101753530957470e-02
0.04805 3.022939183440059e-02
0.06006 2.899419325719691e-02
0.07207 2.763434134938319e-02
0.08408 2.645213685522815e-02
0.09610 2.558996001687379e-02
0.10811 2.504427311152719e-02
0.12012 2.476301229164435e-02
0.13213 2.469631403514704e-02
0.14414 2.466609556621943e-02
0.15616 2.459356818432535e-02
0.16817 2.419472508266023e-02
0.18018 2.382338142974890e-02
0.19219 2.400433983109478e-02
0.20420 2.320308180547015e-02
0.21622 2.290070289258030e-02
0.22823 2.257345527761729e-02
0.24024 2.235271244648473e-02
0.25225 2.231567250883423e-02
0.26426 2.231670888498390e-02
0.27628 2.225955759430398e-02
0.28829 2.216656615074375e-02
0.30030 2.206923609950422e-02
0.31231 2.198808870232563e-02
0.32432 2.194486798843951e-02
0.33634 2.195718401218402e-02
0.34835 2.203362310458452e-02
0.36036 2.217312806497993e-02
0.37237 2.236473792842752e-02
0.38438 2.258775321521062e-02
0.39640 2.281389349507634e-02
0.40841 2.301188689443743e-02
0.42042 2.315331761903041e-02
0.43243 2.321772238644968e-02
0.44444 2.319525470793515e-02
0.45646 2.308634423936403e-02
0.46847 2.289897458165492e-02
0.48048 2.264493837313739e-02
0.49249 2.233650093217475e-02
0.50450 2.198446254931233e-02
0.51652 2.159738603730306e-02
0.52853 2.118987766787174e-02
0.54054 2.075921265989825e-02
0.55255 2.105650432294249e-02
0.56456 2.048605701266684e-02
0.57658 1.946994421729622e-02
0.58859 1.905920532545477e-02
0.60060 1.870185894220484e-02
0.61261 1.839537646749398e-02
0.62462 1.814146827601795e-02
0.63664 1.794093618204194e-02
0.64865 1.779061335697309e-02
0.66066 1.768431180866424e-02
0.67267 1.761380046728746e-02
0.68468 1.756987443781044e-02
0.69670 1.754333291284512e-02
0.70871 1.752576019922480e-02
0.72072 1.751006031035139e-02
0.73273 1.749074205553355e-02
0.74474 1.746398403378419e-02
0.75676 1.742752739912145e-02
0.76877 1.738045111251271e-02
0.78078 1.732288277675289e-02
0.79279 1.725569100363847e-02
0.80480 1.718019501516900e-02
0.81682 1.709791584202784e-02
0.82883 1.701038285242535e-02
0.84084 1.691900086088163e-02
0.85285 1.682497671351038e-02
0.86486 1.672929713078402e-02
0.87688 1.663273802733425e-02
0.88889 1.653587478117574e-02
0.90090 1.643907280531228e-02
0.91291 1.634249282884273e-02
0.92492 1.624637538337640e-02
0.93694 1.615042670032044e-02
0.94895 1.605933634014032e-02
0.96096 1.596531468402972e-02
0.97297 1.587155122452177e-02
0.98498 1.578145588403656e-02
0.99700 1.568996667949590e-02
1.00901 1.559574536628235e-02
1.02102 1.549819047864974e-02
1.03303 1.539838347022292e-02
1.04505 1.529805202825704e-02
1.05706 1.519860082116677e-02
1.06907 1.510090618426155e-02
1.08108 1.500588283786607e-02
1.09309 1.491523461246362e-02
1.10511 1.483198118243335e-02
1.11712 1.476066308423376e-02
1.12913 1.470692375852900e-02
1.14114 1.467587871316128e-02
1.15315 1.466948722856885e-02
1.16517 1.468512455332699e-02
1.17718 1.471811858883757e-02
1.18919 1.476711136306169e-02
1.20120 1.483531849590737e-02
1.21321 1.492219416283503e-02
1.22523 1.501204848124997e-02
1.23724 1.507516845875312e-02
1.24925 1.508637620573832e-02
1.26126 1.504410659909762e-02
1.27327 1.496901401562029e-02
1.28529 1.488349105801572e-02
1.29730 1.479432065043814e-02
1.30931 1.469409718677833e-02
1.32132 1.457472294918521e-02
1.33333 1.443690971621380e-02
1.34535 1.428932108041560e-02
1.35736 1.414270308820765e-02
1.36937 1.400569524642300e-02
1.38138 1.388386631989524e-02
1.39339 1.378013819598249e-02
1.40541 1.369509377060146e-02
1.41742 1.362705739482849e-02
1.42943 1.357236656952439e-02
1.44144 1.352601441583144e-02
1.45345 1.348249064723522e-02
1.46547 1.343648308471879e-02
1.47748 1.338318162573303e-02
1.48949 1.331829091187473e-02
1.50150 1.323840098782046e-02
1.51351 1.314268697413712e-02
1.52553 1.303627854136838e-02
1.53754 1.293283354234924e-02
1.54955 1.285099274635193e-02
1.56156 1.280691457639430e-02
1.57357 1.281290547599676e-02
1.58559 1.286599240252444e-02
1.59760 1.293158326796124e-02
1.60961 1.313876183402741e-02
1.62162 1.287255045153458e-02
1.63363 1.276199981589735e-02
1.64565 1.262208473887764e-02
1.65766 1.243757151072093e-02
1.66967 1.222682802459765e-02
1.68168 1.203577860972733e-02
1.69369 1.189228376381307e-02
1.70571 1.179190820797075e-02
1.71772 1.171477489356316e-02
1.72973 1.164687180688480e-02
1.74174 1.158571161309424e-02
1.75375 1.153400532996773e-02
1.76577 1.149392053772807e-02
1.77778 1.146611227670789e-02
1.78979 1.145054958749181e-02
1.80180 1.144672272435916e-02
1.81381 1.145331984285436e-02
1.82583 1.146806634417013e-02
1.83784 1.148790241119293e-02
1.84985 1.150932492485533e-02
1.86186 1.152871441121133e-02
1.87387 1.154258906093970e-02
1.88589 1.154782835386838e-02
1.89790 1.154179595931083e-02
1.90991 1.152235128333865e-02
1.92192 1.148803447149299e-02
1.93393 1.143709511741081e-02
1.94595 1.136960008786587e-02
1.95796 1.128552615946409e-02
1.96997 1.118556690268998e-02
1.98198 1.107058927437143e-02
1.99399 1.094155982703592e-02
2.00601 1.079962480327611e-02
2.01802 1.064615404041663e-02
2.03003 1.048272074797323e-02
2.04204 1.031106679294309e-02
2.05405 1.013306084119787e-02
2.06607 9.950646205734532e-03
2.07808 9.765797176236275e-03
2.09009 9.580502107651748e-03
2.10210 9.396772584654989e-03
2.11411 9.216659785396975e-03
2.12613 9.042250318083410e-03
2.13814 8.875623081463821e-03
2.15015 8.718773810944859e-03
2.16216 8.573533162243702e-03
2.17417 8.441499807576060e-03
2.18619 8.323991068851767e-03
2.19820 8.222002902448304e-03
2.21021 8.136176673046265e-03
2.22222 8.066779913742919e-03
2.23423 8.013708906495826e-03
2.24625 7.976513006226366e-03
2.25826 7.954433590761914e-03
2.27027 7.946449986858827e-03
2.28228 7.951328469594421e-03
2.29429 7.967673485309610e-03
2.30631 7.993980334340402e-03
2.31832 8.028686780854940e-03
2.33033 8.070219594642583e-03
2.34234 8.117032111823562e-03
2.35435 8.167630669507172e-03
2.36637 8.220581400551964e-03
2.37838 8.274613390744662e-03
2.39039 8.330810167747831e-03
2.40240 8.380491363703772e-03
2.41441 8.429992784693209e-03
2.42643 8.475710385597277e-03
2.43844 8.516632011639285e-03
2.45045 8.551691972465896e-03
2.46246 8.579905407844613e-03
2.47447 8.600329069162712e-03
2.48649 8.612066626926346e-03
2.49850 8.614278056948029e-03
2.51051 8.606193603436214e-03
2.52252 8.587132280942107e-03
2.53453 8.556524399160867e-03
2.54655 8.513937123152826e-03
2.55856 8.459101700442300e-03
2.57057 8.391940724684811e-03
2.58258 8.312593655070612e-03
2.59459 8.221438746751158e-03
2.60661 8.119109551267713e-03
2.61862 8.006504217018880e-03
2.63063 7.884785979770523e-03
2.64264 7.755373537963469e-03
2.65465 7.619920148158980e-03
2.66667 7.480279054533679e-03
2.67868 7.338478938240967e-03
2.69069 7.196661689854118e-03
2.70270 7.056839963692907e-03
2.71471 6.921947899947119e-03
2.72673 6.793579872298911e-03
2.73874 6.671560889807155e-03
2.75075 6.559844600444704e-03
2.76276 6.459810249824562e-03
2.77477 6.371802774997522e-03
2.78679 6.296602099150197e-03
2.79880 6.234409958379017e-03
2.81081 6.185066364609020e-03
2.82282 6.148062749455121e-03
2.83483 6.122573638202500e-03
2.84685 6.107521851790515e-03
2.85886 6.101655458901615e-03
2.87087 6.103633106222413e-03
2.88288 6.112111217526645e-03
2.89489 6.125825697249850e-03
2.90691 6.143660795554949e-03
2.91892 6.164698591731032e-03
2.93093 6.188244139905930e-03
2.94294 6.213823529544482e-03
2.95495 6.241155140546673e-03
2.96697 6.270099321086449e-03
2.97898 6.300593547230874e-03
2.99099 6.332564353697927e-03
3.00300 6.365818533787977e-03
3.01502 6.400026451703209e-03
3.02703 6.434813190336684e-03
3.03904 6.469550820888833e-03
3.05105 6.502948475555518e-03
3.06306 6.533441648772222e-03
3.07508 6.559946660759186e-03
3.08709 6.581565596769649e-03
3.09910 6.597050123517165e-03
3.11111 6.605162090097079e-03
3.12312 6.605141900136512e-03
3.13514 6.596735822708933e-03
3.14715 6.580177017657857e-03
3.15916 6.556258214423684e-03
3.17117 6.526367024324914e-03
3.18318 6.492453897720268e-03
3.19520 6.456952334764466e-03
3.20721 6.422653663079275e-03
3.21922 6.392534630267405e-03
3.23123 6.369539950445605e-03
3.24324 6.356326934120927e-03
3.25526 6.355006333331942e-03
3.26727 6.366958541369370e-03
3.27928 6.392689047986597e-03
3.29129 6.431382432622082e-03
3.30330 6.480339108608481e-03
3.31532 6.536555750977056e-03
3.32733 6.601045963215786e-03
3.33934 6.675105468871756e-03
3.35135 6.747048515304745e-03
3.36336 6.801663569573737e-03
3.37538 6.843244272393828e-03
3.38739 6.884352303624509e-03
3.39940 6.925188408662854e-03
3.41141 6.958085706569043e-03
3.42342 6.978238218606948e-03
3.43544 6.984773005548610e-03
3.44745 6.978112093701581e-03
3.45946 6.959737630160499e-03
3.47147 6.932893949116921e-03
3.48348 6.901840074168878e-03
3.49550 6.869777942973128e-03
3.50751 6.837262796324195e-03
3.51952 6.801160354026662e-03
3.53153 6.759002794140674e-03
3.54354 6.709475658861121e-03
3.55556 6.652026268116858e-03
3.56757 6.591662317623925e-03
3.57958 6.535256263670190e-03
3.59159 6.485406177411648e-03
3.60360 6.445214788752057e-03
3.61562 6.417020223917314e-03
3.62763 6.402509987697504e-03
3.63964 6.402233602610586e-03
3.65165 6.416265565393374e-03
3.66366 6.444041891688978e-03
3.67568 6.484842783348850e-03
3.68769 6.538140672298975e-03
3.69970 6.604001174861352e-03
3.71171 6.683864557489033e-03
3.72372 6.779580478396718e-03
3.73574 6.890059849413221e-03
3.74775 7.010871799679537e-03
3.75976 7.139874850893168e-03
3.77177 7.277810465748370e-03
3.78378 7.421042152492664e-03
3.79580 7.567240890136901e-03
3.80781 7.723291446728819e-03
3.81982 7.891491421466437e-03
3.83183 8.062782977207531e-03
3.84384 8.231209960282397e-03
3.85586 8.399709958800213e-03
3.86787 8.570712157085823e-03
3.87988 8.742024491224619e-03
3.89189 8.911330438817968e-03
3.90390 9.078019877084113e-03
3.91592 9.241394457895291e-03
3.92793 9.399618679899371e-03
3.93994 9.549709398086467e-03
3.95195 9.687986503483077e-03
3.96396 9.811143833868776e-03
3.97598 9.917516623467196e-03
3.98799 1.000767529314633e-02
4.00000 1.008391124988897e-02
