-8.00000 1.686363894234531e-02
-7.98799 1.681315492353272e-02
-7.97598 1.675077438469078e-02
-7.96396 1.668030065983072e-02
-7.95195 1.660612489503372e-02
-7.93994 1.653310462812047e-02
-7.92793 1.646641478093193e-02
-7.91592 1.641137600515494e-02
-7.90390 1.637326648605589e-02
-7.89189 1.635712438661732e-02
-7.87988 1.636754904661744e-02
-7.86787 1.640850973820348e-02
-7.85586 1.648317109875850e-02
-7.84384 1.659374419427266e-02
-7.83183 1.674137142942399e-02
-7.81982 1.692605219351969e-02
-7.80781 1.714661426004028e-02
-7.79580 1.740073362965611e-02
-7.78378 1.768500280646440e-02
-7.77177 1.799504446269357e-02
-7.75976 1.832566406902247e-02
-7.74775 1.867103136698749e-02
-7.73574 1.902487675119493e-02
-7.72372 1.938068532330635e-02
-7.71171 1.973186971839611e-02
-7.69970 2.007190437442143e-02
-7.68769 2.039441032251081e-02
-7.67568 2.069319166234635e-02
-7.66366 2.096224178352979e-02
-7.65165 2.119575579258333e-02
-7.63964 2.138819976439257e-02
-7.62763 2.153449032800843e-02
-7.61562 2.163032374756600e-02
-7.60360 2.167266016358728e-02
-7.59159 2.166032068418569e-02
-7.57958 2.159460435293536e-02
-7.56757 2.147979585454531e-02
-7.55556 2.132343454654748e-02
-7.54354 2.113627883477898e-02
-7.53153 2.093204972383959e-02
-7.51952 2.072721160655782e-02
-7.50751 2.054095537325380e-02
-7.49550 2.039477227021355e-02
-7.48348 2.030988720259927e-02
-7.47147 2.030150115762010e-02
-7.45946 2.037347741066759e-02
-7.44745 2.052221173526899e-02
-7.43544 2.075303264966508e-02
-7.42342 2.109313163114369e-02
-7.41141 2.157421676620132e-02
-7.39940 2.218604513016482e-02
-7.38739 2.285176377113010e-02
-7.37538 2.348046309125160e-02
-7.36336 2.408167149253031e-02
-7.35135 2.600624846380475e-02
-7.33934 2.539656356496876e-02
-7.32733 2.618033753177031e-02
-7.31532 2.690391503783206e-02
-7.30330 2.728457663960344e-02
-7.29129 2.722939376879556e-02
-7.27928 2.687448011822059e-02
-7.26727 2.649036390129553e-02
-7.25526 2.630667717674618e-02
-7.24324 2.639956269383803e-02
-7.23123 2.669789716715729e-02
-7.21922 2.706130110437004e-02
-7.20721 2.735746283906715e-02
-7.19520 2.750322176772898e-02
-7.18318 2.747174014139623e-02
-7.17117 2.728054600507412e-02
-7.15916 2.697294876685383e-02
-7.14715 2.660096365495521e-02
-7.13514 2.621380247393940e-02
-7.12312 2.585210693511394e-02
-7.11111 2.554584409891789e-02
-7.09910 2.531383942711973e-02
-7.08709 2.516445467083271e-02
-7.07508 2.509813838880013e-02
-7.06306 2.511087362787698e-02
-7.05105 2.519397384486868e-02
-7.03904 2.532874201381978e-02
-7.02703 2.548529830593475e-02
-7.01502 2.563438213337040e-02
-7.00300 2.576236758599918e-02
-6.99099 2.587248678277692e-02
-6.97898 2.597220651057534e-02
-6.96697 2.605790694824434e-02
-6.95495 2.610611771675566e-02
-6.94294 2.608514793486186e-02
-6.93093 2.599164549963235e-02
-6.91892 2.587832137323900e-02
-6.90691 2.583138378608390e-02
-6.89489 2.591127813373386e-02
-6.88288 2.610804034080159e-02
-6.87087 2.633854881529627e-02
-6.85886 2.651205969842769e-02
-6.84685 2.667854887004872e-02
-6.83483 2.707289749992841e-02
-6.82282 2.780903747157628e-02
-6.81081 2.858732009597839e-02
-6.79880 2.907077426199618e-02
-6.78679 2.944143326686580e-02
-6.77477 3.006537875231632e-02
-6.76276 3.079793118825531e-02
-6.75075 3.120610368386710e-02
-6.73874 3.123658488696552e-02
-6.72673 3.115758295018432e-02
-6.71471 3.109530362166464e-02
-6.70270 3.098859475068783e-02
-6.69069 3.080109726179109e-02
-6.67868 3.055510109201133e-02
-6.66667 3.025106273162983e-02
-6.65465 2.985647426356315e-02
-6.64264 2.934935078443939e-02
-6.63063 2.874755824443721e-02
-6.61862 2.810985858763599e-02
-6.60661 2.751953347405238e-02
-6.59459 2.706095775536912e-02
-6.58258 2.679838942144872e-02
-6.57057 2.676219654718093e-02
-6.55856 2.694205316159934e-02
-6.54655 2.728755282505749e-02
-6.53453 2.772188197996063e-02
-6.52252 2.817082437334273e-02
-6.51051 2.859407587206094e-02
-6.49850 2.899407617095549e-02
-6.48649 2.938722443293251e-02
-6.47447 2.975218674149986e-02
-6.46246 2.999650376557998e-02
-6.45045 2.997882896178472e-02
-6.43844 2.958566970691746e-02
-6.42643 2.881669079763408e-02
-6.41441 2.781925302715166e-02
-6.40240 2.684165007505847e-02
-6.39039 2.612083116264063e-02
-6.37838 2.575603454051570e-02
-6.36637 2.563865541915801e-02
-6.35435 2.550274949195318e-02
-6.34234 2.509748781884521e-02
-6.33033 2.437070758468545e-02
-6.31832 2.350489677630757e-02
-6.30631 2.276402595659344e-02
-6.29429 2.229232168786898e-02
-6.28228 2.204129636502258e-02
-6.27027 2.185541020226447e-02
-6.25826 2.160576352393929e-02
-6.24625 2.126192968221306e-02
-6.23423 2.087844038792364e-02
-6.22222 2.053504571235784e-02
-6.21021 2.028009081657969e-02
-6.19820 2.010821681295051e-02
-6.18619 1.997579780823901e-02
-6.17417 1.983385800851534e-02
-6.16216 1.965328262120572e-02
-6.15015 1.943098172591838e-02
-6.13814 1.918195853620590e-02
-6.12613 1.892765647510892e-02
-6.11411 1.868690475191640e-02
-6.10210 1.847070442491310e-02
-6.09009 1.828032870632522e-02
-6.07808 1.810839093981433e-02
-6.06607 1.794236160323316e-02
-6.05405 1.776922305739201e-02
-6.04204 1.757951938274110e-02
-6.03003 1.736952311164689e-02
-6.01802 1.714123496072511e-02
-6.00601 1.690078656032282e-02
-5.99399 1.665616244000719e-02
-5.98198 1.641504978139257e-02
-5.96997 1.618331413373098e-02
-5.95796 1.596429580860241e-02
-5.94595 1.575890381277650e-02
-5.93393 1.556634111422171e-02
-5.92192 1.538519974625068e-02
-5.90991 1.521461141894362e-02
-5.89790 1.505514028037094e-02
-5.88589 1.490916679400863e-02
-5.87387 1.478062812871787e-02
-5.86186 1.467413234002045e-02
-5.84985 1.459362834357864e-02
-5.83784 1.454096532846096e-02
-5.82583 1.451477778518303e-02
-5.81381 1.451013603353224e-02
-5.80180 1.451925800412472e-02
-5.78979 1.453327499612053e-02
-5.77778 1.454465149458601e-02
-5.76577 1.454952961975849e-02
-5.75375 1.454915854419212e-02
-5.74174 1.454970451100331e-02
-5.72973 1.455999178255458e-02
-5.71772 1.458709328603323e-02
-5.70571 1.463072259058514e-02
-5.69369 1.467984117473759e-02
-5.68168 1.471684560183598e-02
-5.66967 1.472995168532181e-02
-5.65766 1.472460309329300e-02
-5.64565 1.472057338777546e-02
-5.63363 1.475048162054942e-02
-5.62162 1.493010568948269e-02
-5.60961 1.536431462806012e-02
-5.59760 1.568426524079582e-02
-5.58559 1.539619430993417e-02
-5.57357 1.479287686304917e-02
-5.56156 1.434295285688855e-02
-5.54955 1.398549660882346e-02
-5.53754 1.358439864893944e-02
-5.52553 1.314904697050990e-02
-5.51351 1.270033106215903e-02
-5.50150 1.225699342930401e-02
-5.48949 1.185750666491815e-02
-5.47748 1.154515441446776e-02
-5.46547 1.134590960868911e-02
-5.45345 1.125943305419444e-02
-5.44144 1.126388940185595e-02
-5.42943 1.132685757654799e-02
-5.41742 1.141536936992495e-02
-5.40541 1.150210065196313e-02
-5.39339 1.156779774629926e-02
-5.38138 1.160124163647619e-02
-5.36937 1.159804631068180e-02
-5.35736 1.155912467978361e-02
-5.34535 1.148919735405955e-02
-5.33333 1.139545095451241e-02
-5.32132 1.128639039868738e-02
-5.30931 1.117099620432892e-02
-5.29730 1.105838464922907e-02
-5.28529 1.095817150468047e-02
-5.27327 1.088155248266067e-02
-5.26126 1.084264583267575e-02
-5.24925 1.085898018259777e-02
-5.23724 1.094967208149923e-02
-5.22523 1.113074165887770e-02
-5.21321 1.140963038996846e-02
-5.20120 1.178387984723411e-02
-5.18919 1.224845511744499e-02
-5.17718 1.280940588668916e-02
-5.16517 1.349136723376950e-02
-5.15315 1.432301965909489e-02
-5.14114 1.529754593564515e-02
-5.12913 1.633001076976654e-02
-5.11712 1.724944733705358e-02
-5.10511 1.784974655867027e-02
-5.09309 1.798364624353415e-02
-5.08108 1.764801329085409e-02
-5.06907 1.700682326918301e-02
-5.05706 1.633480922085954e-02
-5.04505 1.591419369494220e-02
-5.03303 1.594227062778115e-02
-5.02102 1.648601633280023e-02
-5.00901 1.747070959334857e-02
-4.99700 1.867410592547492e-02
-4.98498 1.974832381025148e-02
-4.97297 2.033402854157587e-02
-4.96096 2.025835380191485e-02
-4.94895 1.966714891701156e-02
-4.93694 1.893574572108041e-02
-4.92492 1.840272500302429e-02
-4.91291 1.815970669179410e-02
-4.90090 1.806906198987188e-02
-4.88889 1.794596777765909e-02
-4.87688 1.771135369688270e-02
-4.86486 1.740925197885301e-02
-4.85285 1.713409363498799e-02
-4.84084 1.696244079548085e-02
-4.82883 1.693041394429982e-02
-4.81682 1.704036059099462e-02
-4.80480 1.727026636406383e-02
-4.79279 1.757774163609048e-02
-4.78078 1.790419274784110e-02
-4.76877 1.818478523154146e-02
-4.75676 1.837052014269424e-02
-4.74474 1.876425395084839e-02
-4.73273 1.830502852450091e-02
-4.72072 1.812766965026362e-02
-4.70871 1.790494491815470e-02
-4.69670 1.771790266354271e-02
-4.68468 1.762631008283967e-02
-4.67267 1.765016392026386e-02
-4.66066 1.776141329152962e-02
-4.64865 1.790036741259353e-02
-4.63664 1.801101763585143e-02
-4.62462 1.807056533658666e-02
-4.61261 1.809189983773730e-02
-4.60060 1.810133532993164e-02
-4.58859 1.811335311711072e-02
-4.57658 1.812121097726333e-02
-4.56456 1.810347282791238e-02
-4.55255 1.804588117196595e-02
-4.54054 1.796165942039714e-02
-4.52853 1.782348138155897e-02
-4.51652 1.965541266052219e-02
-4.50450 1.782227007011488e-02
-4.49249 1.726064758475070e-02
-4.48048 1.720392468525896e-02
-4.46847 1.718927224549062e-02
-4.45646 1.727861733334757e-02
-4.44444 1.743295910656961e-02
-4.43243 1.763297407141955e-02
-4.42042 1.785559801601194e-02
-4.40841 1.808206948383958e-02
-4.39640 1.830070441078526e-02
-4.38438 1.850714350956012e-02
-4.37237 1.870376087442674e-02
-4.36036 1.889983278433804e-02
-4.34835 1.911215479842577e-02
-4.33634 1.936338412066859e-02
-4.32432 1.967496375233493e-02
-4.31231 2.005467559990874e-02
-4.30030 2.048431139302354e-02
-4.28829 2.091633147764660e-02
-4.27628 2.128562216883436e-02
-4.26426 2.153389389499674e-02
-4.25225 2.163409284564518e-02
-4.24024 2.162097639840023e-02
-4.22823 2.150237784725646e-02
-4.21622 2.224426156967531e-02
-4.20420 2.167006333008166e-02
-4.19219 2.150253058209262e-02
-4.18018 2.165960025689760e-02
-4.16817 2.189014177909681e-02
-4.15616 2.212789512627079e-02
-4.14414 2.232562876672764e-02
-4.13213 2.245726156755566e-02
-4.12012 2.251733117695045e-02
-4.10811 2.251552149831417e-02
-4.09610 2.247004235639035e-02
-4.08408 2.240450509705957e-02
-4.07207 2.234741781757072e-02
-4.06006 2.233043549957971e-02
-4.04805 2.238277456537776e-02
-4.03604 2.252313654296143e-02
-4.02402 2.275405485657276e-02
-4.01201 2.306386162774185e-02
-4.00000 2.343670899865429e-02
-3.98799 2.386315910589354e-02
-3.97598 2.433975221429913e-02
-3.96396 2.485299929688995e-02
-3.95195 2.535948258218263e-02
-3.93994 2.578461361450330e-02
-3.92793 2.605293848510599e-02
-3.91592 2.613566523440622e-02
-3.90390 2.608026398094693e-02
-3.89189 2.599534009226158e-02
-3.87988 2.599749139366193e-02
-3.86787 2.615605147356444e-02
-3.85586 2.647081673651074e-02
-3.84384 2.689008470200800e-02
-3.83183 2.734845017061640e-02
-3.81982 2.779795341458472e-02
-3.80781 2.821699106802644e-02
-3.79580 2.860195184289792e-02
-3.78378 2.895479155083405e-02
-3.77177 2.927483956192520e-02
-3.75976 2.955715659046354e-02
-3.74775 2.979478292309785e-02
-3.73574 2.998160876116206e-02
-3.72372 3.011372691290935e-02
-3.71171 3.018834836929876e-02
-3.69970 3.020131994465335e-02
-3.68769 3.014692130276441e-02
-3.67568 3.002485828744487e-02
-3.66366 2.985547414219101e-02
-3.65165 2.969396421296487e-02
-3.63964 2.962507415559718e-02
-3.62763 2.972502251966314e-02
-3.61562 3.000301691272382e-02
-3.60360 3.036574273305252e-02
-3.59159 3.065399768165225e-02
-3.57958 3.075635282331759e-02
-3.56757 3.072056391983636e-02
-3.55556 3.073365029290896e-02
-3.54354 3.092936167011229e-02
-3.53153 3.118430534743404e-02
-3.51952 3.114654687913586e-02
-3.50751 3.052182847392440e-02
-3.49550 2.933934208106107e-02
-3.48348 2.792922440370340e-02
-3.47147 2.666514682741514e-02
-3.45946 2.574363726599291e-02
-3.44745 2.516492251805618e-02
-3.43544 2.485616467342094e-02
-3.42342 2.476130067399138e-02
-3.41141 2.473959309923908e-02
-3.39940 2.463609875671402e-02
-3.38739 2.432626797898492e-02
-3.37538 2.371874773040476e-02
-3.36336 2.401183801175041e-02
-3.35135 2.320470262412233e-02
-3.33934 2.292851005347565e-02
-3.32733 2.261691246611339e-02
-3.31532 2.238307198811281e-02
-3.30330 2.234002211252067e-02
-3.29129 2.236992850530410e-02
-3.27928 2.235169332558411e-02
-3.26727 2.229041495668849e-02
-3.25526 2.221547153384132e-02
-3.24324 2.214238994915247e-02
-3.23123 2.208781736901462e-02
-3.21922 2.206873820695735e-02
-3.20721 2.209771758219852e-02
-3.19520 2.218149265842442e-02
-3.18318 2.231930463116664e-02
-3.17117 2.250091657529748e-02
-3.15916 2.270643683590859e-02
-3.14715 2.290904730858430e-02
-3.13514 2.307994063570010e-02
-3.12312 2.319365639112897e-02
-3.11111 2.323198682918208e-02
-3.09910 2.318540351822632e-02
-3.08709 2.305266029440372e-02
-3.07508 2.284144198165827e-02
-3.06306 2.256691642202224e-02
-3.05105 2.223268452459495e-02
-3.03904 2.182527092453150e-02
-3.02703 2.140336872950792e-02
-3.01502 2.111835572930458e-02
-3.00300 2.092639328409295e-02
-2.99099 2.051891085994614e-02
-2.97898 1.984449357946627e-02
-2.96697 1.922680944442210e-02
-2.95495 1.882577935345846e-02
-2.94294 1.852610560165582e-02
-2.93093 1.825070449003465e-02
-2.91892 1.801882931941117e-02
-2.90691 1.784289506711349e-02
-2.89489 1.771320423059592e-02
-2.88288 1.761958372155885e-02
-2.87087 1.755454904933114e-02
-2.85886 1.751075453121602e-02
-2.84685 1.748093308589691e-02
-2.83483 1.745854536164913e-02
-2.82282 1.743812908448498e-02
-2.81081 1.741542260136941e-02
-2.79880 1.738736063914420e-02
-2.78679 1.735197817470184e-02
-2.77477 1.730825108608409e-02
-2.76276 1.725590258440357e-02
-2.75075 1.719520152415760e-02
-2.73874 1.712677364337126e-02
-2.72673 1.705144086186045e-02
-2.71471 1.697009808389270e-02
-2.70270 1.688363187845612e-02
-2.69069 1.679287895636863e-02
-2.67868 1.669861104112377e-02
-2.66667 1.660151978773442e-02
-2.65465 1.650218057332876e-02
-2.64264 1.640100743298479e-02
-2.63063 1.629848097693772e-02
-2.61862 1.619457449301660e-02
-2.60661 1.609355126381372e-02
-2.59459 1.599040015658285e-02
-2.58258 1.588458646527868e-02
-2.57057 1.578270642469988e-02
-2.55856 1.567922740384102e-02
-2.54655 1.557283656534758e-02
-2.53453 1.546280840208391e-02
-2.52252 1.535017025296039e-02
-2.51051 1.523678870449609e-02
-2.49850 1.512432570516443e-02
-2.48649 1.501387909343748e-02
-2.47447 1.490647917646271e-02
-2.46246 1.480388970241316e-02
-2.45045 1.470921240892266e-02
-2.43844 1.462712130338331e-02
-2.42643 1.456345645265781e-02
-2.41441 1.452365786811820e-02
-2.40240 1.451019427650352e-02
-2.39039 1.452093474568424e-02
-2.37838 1.455111703153834e-02
-2.36637 1.459832809381478e-02
-2.35435 1.466452173689698e-02
-2.34234 1.474941900626659e-02
-2.33033 1.483976095505871e-02
-2.31832 1.490825497084709e-02
-2.30631 1.492900683592845e-02
-2.29429 1.489660290948706e-02
-2.28228 1.482859173591532e-02
-2.27027 1.474835895861089e-02
-2.25826 1.466665626229711e-02
-2.24625 1.457902701592318e-02
-2.23423 1.447702807570981e-02
-2.22222 1.435884714060037e-02
-2.21021 1.423071340218174e-02
-2.19820 1.410205743922240e-02
-2.18619 1.398100797320518e-02
-2.17417 1.387290186233832e-02
-2.16216 1.378058267170164e-02
-2.15015 1.370481077095317e-02
-2.13814 1.364436589191947e-02
-2.12613 1.359619765771261e-02
-2.11411 1.355590388172287e-02
-2.10210 1.351845958287716e-02
-2.09009 1.347888822471742e-02
-2.07808 1.343258571709635e-02
-2.06607 1.337532704068577e-02
-2.05405 1.330351286226037e-02
-2.04204 1.321556749753546e-02
-2.03003 1.311501605630523e-02
-2.01802 1.301358266672899e-02
-2.00601 1.292912776639899e-02
-1.99399 1.287854815990663e-02
-1.98198 1.287688539656888e-02
-1.96997 1.292798291053583e-02
-1.95796 1.299435186959233e-02
-1.94595 1.323338183780075e-02
-1.93393 1.294796045038323e-02
-1.92192 1.287114066456423e-02
-1.90991 1.275794980138645e-02
-1.89790 1.258622343341832e-02
-1.88589 1.237050595943048e-02
-1.87387 1.216528907673835e-02
-1.86186 1.200936962705308e-02
-1.84985 1.190114846009757e-02
-1.83784 1.181796256262923e-02
-1.82583 1.174415733861796e-02
-1.81381 1.167748180053781e-02
-1.80180 1.162055828246134e-02
-1.78979 1.157494437049077e-02
-1.77778 1.154109361805442e-02
-1.76577 1.151934054732274e-02
-1.75375 1.150969105557951e-02
-1.74174 1.151122095606150e-02
-1.72973 1.152187339736847e-02
-1.71772 1.153866733985470e-02
-1.70571 1.155807450749025e-02
-1.69369 1.157638566582820e-02
-1.68168 1.158999661875871e-02
-1.66967 1.159564813056552e-02
-1.65766 1.159057612376922e-02
-1.64565 1.157252083673002e-02
-1.63363 1.153980943611808e-02
-1.62162 1.149091449609753e-02
-1.60961 1.142529209700653e-02
-1.59760 1.134296293692579e-02
-1.58559 1.124444621788956e-02
-1.57357 1.113049793739060e-02
-1.56156 1.100197381286870e-02
-1.54955 1.085990238508779e-02
-1.53754 1.070554546745027e-02
-1.52553 1.054038980238397e-02
-1.51351 1.036612042970745e-02
-1.50150 1.018458750549952e-02
-1.48949 9.997757915440454e-03
-1.47748 9.807666983390285e-03
-1.46547 9.616392145777898e-03
-1.45345 9.426053591532051e-03
-1.44144 9.238826837447858e-03
-1.42943 9.056939641684129e-03
-1.41742 8.882630947935958e-03
-1.40541 8.718073864878044e-03
-1.39339 8.565287440710291e-03
-1.38138 8.426061625083355e-03
-1.36937 8.301901020898216e-03
-1.35736 8.193979333025247e-03
-1.34535 8.103100010164937e-03
-1.33333 8.029669267911949e-03
-1.32132 7.973690426198532e-03
-1.30931 7.934781380504300e-03
-1.29730 7.912209144221298e-03
-1.28529 7.904933751103817e-03
-1.27327 7.911657207700372e-03
-1.26126 7.930876555993350e-03
-1.24925 7.960940529288888e-03
-1.23724 8.000107481643370e-03
-1.22523 8.046600455462136e-03
-1.21321 8.098654913354372e-03
-1.20120 8.154556050764228e-03
-1.18919 8.212658409245914e-03
-1.17718 8.271536074953392e-03
-1.16517 8.331077887774738e-03
-1.15315 8.385769242568434e-03
-1.14114 8.437706021314946e-03
-1.12913 8.485440282999798e-03
-1.11712 8.527596654589457e-03
-1.10511 8.563079016205842e-03
-1.09309 8.590959343056351e-03
-1.08108 8.610378579115294e-03
-1.06907 8.620546271379549e-03
-1.05706 8.620741241730290e-03
-1.04505 8.610316151571632e-03
-1.03303 8.588706491065494e-03
-1.02102 8.555444088076495e-03
-1.00901 8.510174724147978e-03
-0.99700 8.452678990293398e-03
-0.98498 8.382895157913317e-03
-0.97297 8.300942582619722e-03
-0.96096 8.207143981382241e-03
-0.94895 8.102044806900291e-03
-0.93694 7.986427885181889e-03
-0.92492 7.861321502453217e-03
-0.91291 7.727999274781920e-03
-0.90090 7.587970379334958e-03
-0.88889 7.442957293866129e-03
-0.87688 7.294871631855164e-03
-0.86486 7.145803922570595e-03
-0.85285 6.997741796925209e-03
-0.84084 6.853396936582063e-03
-0.82883 6.715142762196188e-03
-0.81682 6.582431602944836e-03
-0.80480 6.459116401157878e-03
-0.79279 6.347392172580372e-03
-0.78078 6.247691784691568e-03
-0.76877 6.161116694363776e-03
-0.75676 6.088203679566854e-03
-0.74474 6.029109711122471e-03
-0.73273 5.983618310728598e-03
-0.72072 5.951148461630813e-03
-0.70871 5.930803026766346e-03
-0.69670 5.921432191703313e-03
-0.68468 5.921710108835469e-03
-0.67267 5.930219327377712e-03
-0.66066 5.945536303100602e-03
-0.64865 5.966310772900430e-03
-0.63664 5.991331970046532e-03
-0.62462 6.019575631262052e-03
-0.61261 6.050227402131688e-03
-0.60060 6.082680510010319e-03
-0.58859 6.116509594062196e-03
-0.57658 6.151427590663626e-03
-0.56456 6.187221988824035e-03
-0.55255 6.223653139355459e-03
-0.54054 6.260398431991098e-03
-0.52853 6.297158394887442e-03
-0.51652 6.333553351179145e-03
-0.50450 6.368603102558256e-03
-0.49249 6.400904424468800e-03
-0.48048 6.429548295336579e-03
-0.46847 6.453967258098833e-03
-0.45646 6.473199245978125e-03
-0.44444 6.486163509462260e-03
-0.43243 6.492200319681992e-03
-0.42042 6.491089174377121e-03
-0.40841 6.482989639952236e-03
-0.39640 6.468500951006562e-03
-0.38438 6.448694709972841e-03
-0.37237 6.425093022288257e-03
-0.36036 6.399621309885312e-03
-0.34835 6.374540009543221e-03
-0.33634 6.352349363303245e-03
-0.32432 6.335658886938709e-03
-0.31231 6.327011756612422e-03
-0.30030 6.328675565013968e-03
-0.28829 6.342457487623735e-03
-0.27628 6.369510121896801e-03
-0.26426 6.409808885011635e-03
-0.25225 6.461474588162686e-03
-0.24024 6.521878604718639e-03
-0.22823 6.591292448614357e-03
-0.21622 6.671196926412680e-03
-0.20420 6.752672298282460e-03
-0.19219 6.819380960615935e-03
-0.18018 6.870092688143902e-03
-0.16817 6.916629440791016e-03
-0.15616 6.962172937257569e-03
-0.14414 6.999864122876014e-03
-0.13213 7.023833446256218e-03
-0.12012 7.032537801063900e-03
-0.10811 7.026408790348871e-03
-0.09610 7.006918799670460e-03
-0.08408 6.977186742928198e-03
-0.07207 6.941616945901345e-03
-0.06006 6.904008209900216e-03
-0.04805 6.865904628068841e-03
-0.03604 6.825043985247187e-03
-0.02402 6.778547330595151e-03
-0.01201 6.725507283318447e-03
0.00000 6.663932528828099e-03
0.01201 6.597909121322099e-03
0.02402 6.534734960759205e-03
0.03604 6.477057164672147e-03
0.04805 6.428148230899396e-03
0.06006 6.390573446665223e-03
0.07207 6.366283977479644e-03
0.08408 6.355901159556591e-03
0.09610 6.359693182931034e-03
0.10811 6.377450651457032e-03
0.12012 6.408723258527992e-03
0.13213 6.453145389226669e-03
0.14414 6.510607114351873e-03
0.15616 6.582126463382558e-03
0.16817 6.669748333558411e-03
0.18018 6.773431405818127e-03
0.19219 6.889225339397186e-03
0.20420 7.014113823849873e-03
0.21622 7.148569964135504e-03
0.22823 7.289467836084098e-03
0.24024 7.432697295503772e-03
0.25225 7.583775610613235e-03
0.26426 7.748110308420415e-03
0.27628 7.919134746282397e-03
0.28829 8.088427018390163e-03
0.30030 8.256424504289893e-03
0.31231 8.426741588875184e-03
0.32432 8.598662413454165e-03
0.33634 8.769593147907458e-03
0.34835 8.938552584202175e-03
0.36036 9.104999899137095e-03
0.37237 9.267230968568137e-03
0.38438 9.422223302702955e-03
0.39640 9.566150754177945e-03
0.40841 9.695442631164210e-03
0.42042 9.808083277499071e-03
0.43243 9.904319494605289e-03
0.44444 9.986262007713775e-03
0.45646 1.005663992232198e-02
0.46847 1.011750100334697e-02
0.48048 1.016940951857508e-02
0.49249 1.021178915007075e-02
0.50450 1.024336455777676e-02
0.51652 1.026295751504736e-02
0.52853 1.026990155778811e-02
0.54054 1.026416126364164e-02
0.55255 1.024625589195023e-02
0.56456 1.021711238840527e-02
0.57658 1.017792256508463e-02
0.58859 1.013003233229967e-02
0.60060 1.007486823726977e-02
0.61261 1.001389749611782e-02
0.62462 9.948612768501362e-03
0.63664 9.880530672468871e-03
0.64865 9.811194095732298e-03
0.66066 9.742171712863948e-03
0.67267 9.675051841897696e-03
0.68468 9.611430545985792e-03
0.69670 9.552895358218771e-03
0.70871 9.501006429869193e-03
0.72072 9.457276703751608e-03
0.73273 9.423152275297964e-03
0.74474 9.399993670530666e-03
0.75676 9.389058451753682e-03
0.76877 9.391485371006396e-03
0.78078 9.408280194755127e-03
0.79279 9.440303280228827e-03
0.80480 9.488258964571426e-03
0.81682 9.552686816745141e-03
0.82883 9.633954792593876e-03
0.84084 9.732254323895743e-03
0.85285 9.847597362134362e-03
0.86486 9.979815386677436e-03
0.87688 1.012856037456801e-02
0.88889 1.029330771486140e-02
0.90090 1.047336103437455e-02
0.91291 1.066785888419124e-02
0.92492 1.087578321785135e-02
0.93694 1.109596957349955e-02
0.94895 1.132711885398247e-02
0.96096 1.156781058147861e-02
0.97297 1.181651748710287e-02
0.98498 1.207162128132573e-02
0.99700 1.233142943818110e-02
1.00901 1.259419281523394e-02
1.02102 1.285812392223827e-02
1.03303 1.312141564440070e-02
1.04505 1.338226022121823e-02
1.05706 1.363886827901370e-02
1.06907 1.388948771454859e-02
1.08108 1.413242222844924e-02
1.09309 1.436604931060519e-02
1.10511 1.458883748514078e-02
1.11712 1.479936262996268e-02
1.12913 1.499632319515766e-02
1.14114 1.517855415556620e-02
1.15315 1.534503954557213e-02
1.16517 1.549492343840368e-02
1.17718 1.562751924790530e-02
1.18919 1.574231724766331e-02
1.20120 1.583899022040690e-02
1.21321 1.591739716959660e-02
1.22523 1.597758504489417e-02
1.23724 1.601978845361408e-02
1.24925 1.604442735111314e-02
1.26126 1.605210272420878e-02
1.27327 1.604359030294705e-02
1.28529 1.601983235718674e-02
1.29730 1.598192765534071e-02
1.30931 1.593111968302817e-02
1.32132 1.586878323915064e-02
1.33333 1.579640954581079e-02
1.34535 1.571559002634867e-02
1.35736 1.562799892236988e-02
1.36937 1.553537493578211e-02
1.38138 1.543950209533555e-02
1.39339 1.534219005877689e-02
1.40541 1.524525407128092e-02
1.41742 1.515049480812614e-02
1.42943 1.505967833445716e-02
1.44144 1.497451641726264e-02
1.45345 1.489664742425284e-02
1.46547 1.482761804102885e-02
1.47748 1.476886603170814e-02
1.48949 1.472170425895808e-02
1.50150 1.468730616717503e-02
1.51351 1.466669291736559e-02
1.52553 1.466072234421482e-02
1.53754 1.467007988499387e-02
1.54955 1.469527160654896e-02
1.56156 1.473661943085974e-02
1.57357 1.479425863184707e-02
1.58559 1.486813764658976e-02
1.59760 1.495802021326475e-02
1.60961 1.506348981639073e-02
1.62162 1.518395638780115e-02
1.63363 1.531866517970245e-02
1.64565 1.546670769470862e-02
1.65766 1.562703452742213e-02
1.66967 1.579846994348670e-02
1.68168 1.597972799559794e-02
1.69369 1.616942995222609e-02
1.70571 1.636612279424823e-02
1.71772 1.656829851773281e-02
1.72973 1.677441396812853e-02
1.74174 1.698291092238682e-02
1.75375 1.719223613131423e-02
1.76577 1.740086103484874e-02
1.77778 1.760730086804042e-02
1.78979 1.781013288524836e-02
1.80180 1.800801344432087e-02
1.81381 1.819969371107616e-02
1.82583 1.838403376694652e-02
1.83784 1.856001492879577e-02
1.84985 1.872675011920586e-02
1.86186 1.888349215743037e-02
1.87387 1.902963987514384e-02
1.88589 1.916474199646353e-02
1.89790 1.928849875783325e-02
1.90991 1.940076127957974e-02
1.92192 1.950152873662747e-02
1.93393 1.959094341034288e-02
1.94595 1.966928373617054e-02
1.95796 1.973695549205120e-02
1.96997 1.979448130006503e-02
1.98198 1.984248863787725e-02
1.99399 1.988169657699920e-02
2.00601 1.991290148132433e-02
2.01802 1.993696191163824e-02
2.03003 1.995478298970741e-02
2.04204 1.996730047907837e-02
2.05405 1.997546483890245e-02
2.06607 1.998022550205926e-02
2.07808 1.998251561977017e-02
2.09009 1.998323750202748e-02
2.10210 1.998324896682737e-02
2.11411 1.998335079174886e-02
2.12613 1.998427543927233e-02
2.13814 1.998667720281868e-02
2.15015 1.999112389427814e-02
2.16216 1.999809016626889e-02
2.17417 2.000795253401254e-02
2.18619 2.002098613303302e-02
2.19820 2.003736322037216e-02
2.21021 2.005715339915493e-02
2.22222 2.008032551960228e-02
2.23423 2.010675118443092e-02
2.24625 2.013620976342018e-02
2.25826 2.016839480115744e-02
2.27027 2.020292168393674e-02
2.28228 2.023933641677520e-02
2.29429 2.027712534975115e-02
2.30631 2.031572568450899e-02
2.31832 2.035453658687936e-02
2.33033 2.039293073009141e-02
2.34234 2.043026609486355e-02
2.35435 2.046589785748923e-02
2.36637 2.049919020451386e-02
2.37838 2.052952792224301e-02
2.39039 2.055632762055164e-02
2.40240 2.057904846262086e-02
2.41441 2.059720228460748e-02
2.42643 2.061036300113660e-02
2.43844 2.061817520321725e-02
2.45045 2.062036186411861e-02
2.46246 2.061673107545128e-02
2.47447 2.060718173990383e-02
2.48649 2.059170814875793e-02
2.49850 2.057040337168293e-02
2.51051 2.054346138392851e-02
2.52252 2.051117785271996e-02
2.53453 2.047394950152046e-02
2.54655 2.043227196919224e-02
2.55856 2.038673608245352e-02
2.57057 2.033802246594256e-02
2.58258 2.028689442615521e-02
2.59459 2.023418906482608e-02
2.60661 2.018080660495345e-02
2.61862 2.012769794914670e-02
2.63063 2.007585053525028e-02
2.64264 2.002627260755056e-02
2.65465 1.997997608186908e-02
2.66667 1.993795824733438e-02
2.67868 1.990118261378105e-02
2.69069 1.987055927816532e-02
2.70270 1.984692524232282e-02
2.71471 1.983102516385117e-02
2.72673 1.982349305795874e-02
2.73874 1.982483548719237e-02
2.75075 1.983541677505725e-02
2.76276 1.985544675655046e-02
2.77477 1.988497153251020e-02
2.78679 1.992386762564701e-02
2.79880 1.997183984572062e-02
2.81081 2.002842306244343e-02
2.82282 2.009298796146668e-02
2.83483 2.016475072643726e-02
2.84685 2.024278645460443e-02
2.85886 2.032604598126562e-02
2.87087 2.041337566601262e-02
2.88288 2.050353958748977e-02
2.89489 2.059524350869748e-02
2.90691 2.068715991618322e-02
2.91892 2.077795340679154e-02
2.93093 2.086630569644896e-02
2.94294 2.095093955650089e-02
2.95495 2.103064104248215e-02
2.96697 2.110427946442133e-02
2.97898 2.117082465205376e-02
2.99099 2.122936118684326e-02
3.00300 2.127909939904902e-02
3.01502 2.131938305557002e-02
3.02703 2.134969378651139e-02
3.03904 2.136965240950111e-02
3.05105 2.137901740584534e-02
3.06306 2.137768087795225e-02
3.07508 2.136566237076341e-02
3.08709 2.134310097033263e-02
3.09910 2.131024610071744e-02
3.11111 2.126744742779990e-02
3.12312 2.121514424839705e-02
3.13514 2.115385469871056e-02
3.14715 2.108416506193602e-02
3.15916 2.100671939500896e-02
3.17117 2.092220963317479e-02
3.18318 2.083136627210633e-02
3.19520 2.073494967381716e-02
3.20721 2.063374199704604e-02
3.21922 2.052853971670398e-02
3.23123 2.042014667114327e-02
3.24324 2.030936756041588e-02
3.25526 2.019700181267349e-02
3.26727 2.008383773823616e-02
3.27928 1.997064690009656e-02
3.29129 1.985817864401720e-02
3.30330 1.974715474918491e-02
3.31532 1.963826417998225e-02
3.32733 1.953215793939328e-02
3.33934 1.942944404372973e-02
3.35135 1.933068265587305e-02
3.36336 1.923638142949900e-02
3.37538 1.914699112944052e-02
3.38739 1.906290160329953e-02
3.39940 1.898443818660529e-02
3.41141 1.891185862825988e-02
3.42342 1.884535062473058e-02
3.43544 1.878503005043038e-02
3.44745 1.873093996788845e-02
3.45946 1.868305049452146e-02
3.47147 1.864125959289938e-02
3.48348 1.860539483819302e-02
3.49550 1.857521619988634e-02
3.50751 1.855041985483932e-02
3.51952 1.853064302557284e-02
3.53153 1.851546981159737e-02
3.54354 1.850443795334950e-02
3.55556 1.849704643870259e-02
3.56757 1.849276383218030e-02
3.57958 1.849103717821280e-02
3.59159 1.849130130344831e-02
3.60360 1.849298832072786e-02
3.61562 1.849553712026058e-02
3.62763 1.849840262306720e-02
3.63964 1.850106456891922e-02
3.65165 1.850303561648913e-02
3.66366 1.850386854755443e-02
3.67568 1.850316238973232e-02
3.68769 1.850056730278061e-02
3.69970 1.849578811095423e-02
3.71171 1.848858640682645e-02
3.72372 1.847878119860713e-02
3.73574 1.846624812131233e-02
3.74775 1.845091728002115e-02
3.75976 1.843276983874635e-02
3.77177 1.841183350909473e-02
3.78378 1.838817712707700e-02
3.79580 1.836190453263936e-02
3.80781 1.833314798363037e-02
3.81982 1.830206134334962e-02
3.83183 1.826881327840255e-02
3.84384 1.823358069165502e-02
3.85586 1.819654259445224e-02
3.86787 1.815787459415626e-02
3.87988 1.811774413901837e-02
3.89189 1.807630662422329e-02
3.90390 1.803370242254713e-02
3.91592 1.799005486240839e-02
3.92793 1.794546913703277e-02
3.93994 1.790003209269397e-02
3.95195 1.785381281297388e-02
3.96396 1.780686389082984e-02
3.97598 1.775922326172446e-02
3.98799 1.771091645954978e-02
4.00000 1.766195915257322e-02
