-8.00000 1.097231105349743e-12
-7.98799 1.239646656736410e-12
-7.97598 1.399169505713156e-12
-7.96396 1.577956611488053e-12
-7.95195 1.778525869440280e-12
-7.93994 2.003835674872856e-12
-7.92793 2.257382068523426e-12
-7.91592 2.543316659854720e-12
-7.90390 2.866588921044747e-12
-7.89189 3.233116851069997e-12
-7.87988 3.649990415252973e-12
-7.86787 4.125712558238022e-12
-7.85586 4.670482951495598e-12
-7.84384 5.296529950550000e-12
-7.83183 6.018496478740550e-12
-7.81982 6.853885695870957e-12
-7.80781 7.823572319572395e-12
-7.79580 8.952385307949549e-12
-7.78378 1.026976724264839e-11
-7.77177 1.181051512551331e-11
-7.75976 1.361560636817785e-11
-7.74775 1.573311245604179e-11
-7.73574 1.821920104509670e-11
-7.72372 2.113922503635559e-11
-7.71171 2.456889439826960e-11
-7.69970 2.859552309859866e-11
-7.68769 3.331933938648371e-11
-7.67568 3.885484275294932e-11
-7.66366 4.533218511206253e-11
-7.65165 5.289854700333317e-11
-7.63964 6.171947183790410e-11
-7.62763 7.198011231984368e-11
-7.61562 8.388633309989961e-11
-7.60360 9.766560240517339e-11
-7.59159 1.135675927955687e-10
-7.57958 1.318643973150023e-10
-7.56757 1.528502521588238e-10
-7.55556 1.768406406477523e-10
-7.54354 2.041706359315846e-10
-7.53153 2.351923216830610e-10
-7.51952 2.702711114393883e-10
-7.50751 3.097807687061200e-10
-7.49550 3.540969121306513e-10
-7.48348 4.035887738620673e-10
-7.47147 4.586089657598861e-10
-7.45946 5.194809987787201e-10
-7.44745 5.864842973022986e-10
-7.43544 6.598364543770874e-10
-7.42342 7.396724879197138e-10
-7.41141 8.260208844894143e-10
-7.39940 9.187762587276984e-10
-7.38739 1.017668515720728e-09
-7.37538 1.122228482885680e-09
-7.36336 1.231750079787778e-09
-7.35135 1.345249220335523e-09
-7.33934 1.461419793133567e-09
-7.32733 1.578587242515952e-09
-7.31532 1.694660473944633e-09
-7.30330 1.807083030840936e-09
-7.29129 1.912784732148431e-09
-7.27928 2.008135216676057e-09
-7.26727 2.088901106690888e-09
-7.25526 2.150208774652828e-09
-7.24324 2.186514969895522e-09
-7.23123 2.191587835327617e-09
-7.21922 2.158501120540184e-09
-7.20721 2.079644685090301e-09
-7.19520 1.946754699070266e-09
-7.18318 1.750967310413163e-09
-7.17117 1.482899991885361e-09
-7.15916 1.132765347061547e-09
-7.14715 6.905228947234600e-10
-7.13514 1.460753242190618e-10
-7.12312 -5.104830143784397e-10
-7.11111 -1.288555984001508e-09
-7.09910 -2.196662427975344e-09
-7.08709 -3.241965806296949e-09
-7.07508 -4.429699606302546e-09
-7.06306 -5.762467864395862e-09
-7.05105 -7.239396162114910e-09
-7.03904 -8.855104303607656e-09
-7.02703 -1.059846796134574e-08
-7.01502 -1.245113360297487e-08
-7.00300 -1.438575010550062e-08
-6.99099 -1.636388328891134e-08
-6.97898 -1.833358849045763e-08
-6.96697 -2.022663429680298e-08
-6.95495 -2.195540128085911e-08
-6.94294 -2.340952680180685e-08
-6.93093 -2.445243352531067e-08
-6.91892 -2.491796579556277e-08
-6.90691 -2.460746037535631e-08
-6.89489 -2.328768603247498e-08
-6.88288 -2.069018270982040e-08
-6.87087 -1.651259371661018e-08
-6.85886 -1.042259367718388e-08
-6.84685 -2.064963254949185e-09
-6.83483 8.927736872169572e-09
-6.82282 2.292054931389634e-08
-6.81081 4.025729763954428e-08
-6.79880 6.123735164699021e-08
-6.78679 8.608791374553209e-08
-6.77477 1.149322408563989e-07
-6.76276 1.477554095994742e-07
-6.75075 1.843714607870068e-07
-6.73874 2.243989879909143e-07
-6.72673 2.672557121962808e-07
-6.71471 3.121846347316842e-07
-6.70270 3.583226064690427e-07
-6.69069 4.048143545230308e-07
-6.67868 4.509604456178844e-07
-6.66667 4.963685609672333e-07
-6.65465 5.410596707890032e-07
-6.64264 5.854729231490331e-07
-6.63063 6.303243107406122e-07
-6.61862 6.763101012865677e-07
-6.60661 7.237052030798754e-07
-6.59459 7.719778263452970e-07
-6.58258 8.196023327509585e-07
-6.57057 8.642683262997257e-07
-6.55856 9.036166198392297e-07
-6.54655 9.364547011325043e-07
-6.53453 9.641357790890245e-07
-6.52252 9.915346205874012e-07
-6.51051 1.027023624587795e-06
-6.49850 1.081257371605910e-06
-6.48649 1.165437874237755e-06
-6.47447 1.290672792775806e-06
-6.46246 1.470251123084847e-06
-6.45045 1.725336216520155e-06
-6.43844 2.091688289285096e-06
-6.42643 2.621972540419284e-06
-6.41441 3.377509107154576e-06
-6.40240 4.407056582377846e-06
-6.39039 5.717915132857330e-06
-6.37838 7.252342338557347e-06
-6.36637 8.884315997683092e-06
-6.35435 1.044459258294713e-05
-6.34234 1.176802516939375e-05
-6.33033 1.274395692529052e-05
-6.31832 1.334681685681331e-05
-6.30631 1.363316103276161e-05
-6.29429 1.370844642780127e-05
-6.28228 1.368161266592272e-05
-6.27027 1.362947201439093e-05
-6.25826 1.358463125066673e-05
-6.24625 1.354645064329604e-05
-6.23423 1.350335299643864e-05
-6.22222 1.345223899009865e-05
-6.21021 1.340625037440956e-05
-6.19820 1.339058429463082e-05
-6.18619 1.343211992611115e-05
-6.17417 1.354982714007047e-05
-6.16216 1.375027535618305e-05
-6.15015 1.402875702314102e-05
-6.13814 1.437388963213791e-05
-6.12613 1.477287516332189e-05
-6.11411 1.521538185657818e-05
-6.10210 1.569529092105432e-05
-6.09009 1.621056528309604e-05
-6.07808 1.676197245751657e-05
-6.06607 1.735141688358449e-05
-6.05405 1.798042815769635e-05
-6.04204 1.864909566609012e-05
-6.03003 1.935553368316064e-05
-6.01802 2.009582942526804e-05
-6.00601 2.086436008582523e-05
-5.99399 2.165434437535797e-05
-5.98198 2.245850208877210e-05
-5.96997 2.326971843959435e-05
-5.95796 2.408163891746285e-05
-5.94595 2.488914904604618e-05
-5.93393 2.568871809082785e-05
-5.92192 2.647860492286043e-05
-5.90991 2.725893761862916e-05
-5.89790 2.803168643433626e-05
-5.88589 2.880055336874510e-05
-5.87387 2.957080161977595e-05
-5.86186 3.034904588829349e-05
-5.84985 3.114302068034331e-05
-5.83784 3.196133936736890e-05
-5.82583 3.281325245478169e-05
-5.81381 3.370840974573766e-05
-5.80180 3.465662813885889e-05
-5.78979 3.566766478102071e-05
-5.77778 3.675099421433172e-05
-5.76577 3.791558794316958e-05
-5.75375 3.916969538954240e-05
-5.74174 4.052062635832243e-05
-5.72973 4.197453672916412e-05
-5.71772 4.353622094157675e-05
-5.70571 4.520891674407307e-05
-5.69369 4.699412943549422e-05
-5.68168 4.889148424386974e-05
-5.66967 5.089861639564686e-05
-5.65766 5.301110869151243e-05
-5.64565 5.522248593639300e-05
-5.63363 5.752427433663321e-05
-5.62162 5.990613200022920e-05
-5.60961 6.235605403629409e-05
-5.59760 6.486065257881469e-05
-5.58559 6.740550853045655e-05
-5.57357 6.997558813794750e-05
-5.56156 7.255571389026958e-05
-5.54955 7.513107589401600e-05
-5.53754 7.768776703199902e-05
-5.52553 8.021332302892415e-05
-5.51351 8.269724717037618e-05
-5.50150 8.513149894032458e-05
-5.48949 8.751092629861466e-05
-5.47748 8.983362270228290e-05
-5.46547 9.210119222258428e-05
-5.45345 9.431890911950208e-05
-5.44144 9.649576186782348e-05
-5.42943 9.864437571845873e-05
-5.41742 1.007808122449222e-04
-5.40541 1.029242487819817e-04
-5.39339 1.050965450302213e-04
-5.38138 1.073217082082567e-04
-5.36937 1.096252718349862e-04
-5.35736 1.120336063936100e-04
-5.34535 1.145731826710732e-04
-5.33333 1.172698104141888e-04
-5.32132 1.201478760588625e-04
-5.30931 1.232296036606651e-04
-5.29730 1.265343627967523e-04
-5.28529 1.300780461544066e-04
-5.27327 1.338725378199002e-04
-5.26126 1.379252909935724e-04
-5.24925 1.422390310502660e-04
-5.23724 1.468115966081124e-04
-5.22523 1.516359276316468e-04
-5.21321 1.567002056432021e-04
-5.20120 1.619881469119657e-04
-5.18919 1.674794450941774e-04
-5.17718 1.731503552740066e-04
-5.16517 1.789744067733457e-04
-5.15315 1.849232275450166e-04
-5.14114 1.909674585430739e-04
-5.12913 1.970777323082691e-04
-5.11712 2.032256862787135e-04
-5.10511 2.093849782278572e-04
-5.09309 2.155322689620279e-04
-5.08108 2.216481362100875e-04
-5.06907 2.277178837383740e-04
-5.05706 2.337322113306793e-04
-5.04505 2.396877145407099e-04
-5.03303 2.455871881306752e-04
-5.02102 2.514397138273438e-04
-5.00901 2.572605213044208e-04
-4.99700 2.630706208484796e-04
-4.98498 2.688962165587617e-04
-4.97297 2.747679196196259e-04
-4.96096 2.807197915247541e-04
-4.94895 2.867882564303042e-04
-4.93694 2.930109293797878e-04
-4.92492 2.994254123520627e-04
-4.91291 3.060681124391713e-04
-4.90090 3.129731356513700e-04
-4.88889 3.201713057899078e-04
-4.87688 3.276893506948406e-04
-4.86486 3.355492883915825e-04
-4.85285 3.437680338835760e-04
-4.84084 3.523572344095930e-04
-4.82883 3.613233278561441e-04
-4.81682 3.706678066700546e-04
-4.80480 3.803876589732427e-04
-4.79279 3.904759504113321e-04
-4.78078 4.009225051162129e-04
-4.76877 4.117146422997460e-04
-4.75676 4.228379263893813e-04
-4.74474 4.342768929390690e-04
-4.73273 4.460157192147843e-04
-4.72072 4.580388165832178e-04
-4.70871 4.703313307354313e-04
-4.69670 4.828795444502986e-04
-4.68468 4.956711852224872e-04
-4.67267 5.086956459898000e-04
-4.66066 5.219441309695934e-04
-4.64865 5.354097400995346e-04
-4.63664 5.490875048984424e-04
-4.62462 5.629743860995922e-04
-4.61261 5.770692397488147e-04
-4.60060 5.913727543235734e-04
-4.58859 6.058873575857894e-04
-4.57658 6.206170890559389e-04
-4.56456 6.355674327872630e-04
-4.55255 6.507451059263340e-04
-4.54054 6.661578015205417e-04
-4.52853 6.818138890529020e-04
-4.51652 6.977220828584674e-04
-4.50450 7.138910962746407e-04
-4.49249 7.303293072847483e-04
-4.48048 7.470444686026342e-04
-4.46847 7.640435006604324e-04
-4.45646 7.813324089059550e-04
-4.44444 7.989163664389689e-04
-4.43243 8.167999987827022e-04
-4.42042 8.349878992362227e-04
-4.40841 8.534853908297217e-04
-4.39640 8.722995347677932e-04
-4.38438 8.914403660573894e-04
-4.37237 9.109223157061573e-04
-4.36036 9.307657565905320e-04
-4.34835 9.509985881414642e-04
-4.33634 9.716577547941073e-04
-4.32432 9.927905761666941e-04
-4.31231 1.014455754654712e-03
-4.30030 1.036723920003652e-03
-4.28829 1.059677571845321e-03
-4.27628 1.083410291417385e-03
-4.26426 1.108025113808281e-03
-4.25225 1.133631982855214e-03
-4.24024 1.160344252613314e-03
-4.22823 1.188274251869365e-03
-4.21622 1.217527990530438e-03
-4.20420 1.248199157094391e-03
-4.19219 1.280362632185393e-03
-4.18018 1.314067820939081e-03
-4.16817 1.349332182897807e-03
-4.15616 1.386135407692072e-03
-4.14414 1.424414743460060e-03
-4.13213 1.464062027270192e-03
-4.12012 1.504922985470146e-03
-4.10811 1.546799355841705e-03
-4.09610 1.589454315875095e-03
-4.08408 1.632621559445933e-03
-4.07207 1.676018122778955e-03
-4.06006 1.719360704494886e-03
-4.04805 1.762384767237830e-03
-4.03604 1.804865213474954e-03
-4.02402 1.846637019510035e-03
-4.01201 1.887614054856958e-03
-4.00000 1.927804553488517e-03
-3.98799 1.967322362397174e-03
-3.97598 2.006393968324320e-03
-3.96396 2.045361922297136e-03
-3.95195 2.084685002155918e-03
-3.93994 2.124933784527696e-03
-3.92793 2.166777436144204e-03
-3.91592 2.210954940405348e-03
-3.90390 2.258224502693039e-03
-3.89189 2.309291683851506e-03
-3.87988 2.364730501700996e-03
-3.86787 2.424926670986245e-03
-3.85586 2.490075413817044e-03
-3.84384 2.560244314483483e-03
-3.83183 2.635465300476923e-03
-3.81982 2.715776902455804e-03
-3.80781 2.801144472645833e-03
-3.79580 2.891266719489536e-03
-3.78378 2.985391848393032e-03
-3.77177 3.082317295243484e-03
-3.75976 3.180655221223394e-03
-3.74775 3.279246725701347e-03
-3.73574 3.377452236843851e-03
-3.72372 3.475079506590652e-03
-3.71171 3.571934611626780e-03
-3.69970 3.667239651136724e-03
-3.68769 3.759276939710007e-03
-3.67568 3.845541789960693e-03
-3.66366 3.923537315045739e-03
-3.65165 3.992428993775470e-03
-3.63964 4.056485926003054e-03
-3.62763 4.132243215012351e-03
-3.61562 4.259650231577329e-03
-3.60360 4.507572094527124e-03
-3.59159 4.948495370625432e-03
-3.57958 5.586330116738513e-03
-3.56757 6.286672476068544e-03
-3.55556 6.804278910466093e-03
-3.54354 6.927024682191531e-03
-3.53153 6.820248464692920e-03
-3.51952 7.734974442304549e-03
-3.50751 1.194779129218875e-02
-3.49550 2.002814281305364e-02
-3.48348 2.831353963057999e-02
-3.47147 3.232008352663011e-02
-3.45946 3.226519848848097e-02
-3.44745 3.191672739764687e-02
-3.43544 3.364624503493080e-02
-3.42342 3.729552586051213e-02
-3.41141 4.171873188838445e-02
-3.39940 4.558416068876854e-02
-3.38739 4.791368613612733e-02
-3.37538 4.874141317616482e-02
-3.36336 4.904620840684929e-02
-3.35135 4.996764619196359e-02
-3.33934 5.209653594973690e-02
-3.32733 5.533797959368028e-02
-3.31532 5.923402382299661e-02
-3.30330 6.328060620227974e-02
-3.29129 6.693289399660392e-02
-3.27928 6.954099630505130e-02
-3.26727 7.070944023462229e-02
-3.25526 7.099041578590660e-02
-3.24324 7.200968047468535e-02
-3.23123 7.536888961959261e-02
-3.21922 8.108041155590283e-02
-3.20721 8.719456087692655e-02
-3.19520 9.125393888325972e-02
-3.18318 9.223821396497162e-02
-3.17117 9.111703054197200e-02
-3.15916 8.967691722219377e-02
-3.14715 8.901741844526712e-02
-3.13514 8.909560570499370e-02
-3.12312 8.932942343877996e-02
-3.11111 8.933240039823589e-02
-3.09910 8.912988207764719e-02
-3.08709 8.894937068839938e-02
-3.07508 8.897971716633814e-02
-3.06306 8.929667336920927e-02
-3.05105 8.989959277031202e-02
-3.03904 9.075029197177659e-02
-3.02703 9.177827704094310e-02
-3.01502 9.287594206990143e-02
-3.00300 9.391248861316583e-02
-2.99099 9.477507714914167e-02
-2.97898 9.542426025548600e-02
-2.96697 9.593360268166243e-02
-2.95495 9.647836738775441e-02
-2.94294 9.725791120381054e-02
-2.93093 9.837867410195243e-02
-2.91892 9.976125779968971e-02
-2.90691 1.011317046764510e-01
-2.89489 1.021107595992645e-01
-2.88288 1.023671290315258e-01
-2.87087 1.017897392191075e-01
-2.85886 1.006303321144315e-01
-2.84685 9.951459825362768e-02
-2.83483 9.918049303453981e-02
-2.82282 9.995913151622070e-02
-2.81081 1.013584979802019e-01
-2.79880 1.022386469175134e-01
-2.78679 1.016214496056594e-01
-2.77477 9.950162473744267e-02
-2.76276 9.691738673758564e-02
-2.75075 9.520205463849790e-02
-2.73874 9.505559395086226e-02
-2.72673 9.614572063881154e-02
-2.71471 9.745509477377425e-02
-2.70270 9.804375111326165e-02
-2.69069 9.764126209870276e-02
-2.67868 9.665351746606152e-02
-2.66667 9.567156242346900e-02
-2.65465 9.497469736152378e-02
-2.64264 9.442443938500371e-02
-2.63063 9.370778234082712e-02
-2.61862 9.262036582322475e-02
-2.60661 9.117982183498381e-02
-2.59459 8.958020582004302e-02
-2.58258 8.808908668679244e-02
-2.57057 8.695245932989186e-02
-2.55856 8.632399355083420e-02
-2.54655 8.622332501480993e-02
-2.53453 8.653192361800649e-02
-2.52252 8.702989328639506e-02
-2.51051 8.746227837391629e-02
-2.49850 8.761123721142103e-02
-2.48649 8.734967224161949e-02
-2.47447 8.666204467378434e-02
-2.46246 8.563210186090345e-02
-2.45045 8.440783783080326e-02
-2.43844 8.315795803598688e-02
-2.42643 8.203241746257205e-02
-2.41441 8.113512050944272e-02
-2.40240 8.051208856150154e-02
-2.39039 8.015452268424333e-02
-2.37838 8.001346032682181e-02
-2.36637 8.002106086709712e-02
-2.35435 8.011288466018485e-02
-2.34234 8.024580986465545e-02
-2.33033 8.040736219668355e-02
-2.31832 8.061407244109590e-02
-2.30631 8.089891267751838e-02
-2.29429 8.129079101240934e-02
-2.28228 8.179219198218911e-02
-2.27027 8.236349958129514e-02
-2.25826 8.292289168527810e-02
-2.24625 8.336741441412727e-02
-2.23423 8.361347737206325e-02
-2.22222 8.364542285423503e-02
-2.21021 8.355322189959823e-02
-2.19820 8.353896469183422e-02
-2.18619 8.387737986342826e-02
-2.17417 8.482535670546702e-02
-2.16216 8.649016255337683e-02
-2.15015 8.869612449622392e-02
-2.13814 9.093892157832950e-02
-2.12613 9.254333909729241e-02
-2.11411 9.305521257325940e-02
-2.10210 9.268723254608666e-02
-2.09009 9.239939451227482e-02
-2.07808 9.316284388164323e-02
-2.06607 9.551784977741670e-02
-2.05405 9.945605803721499e-02
-2.04204 1.019421986660532e-01
-2.03003 1.008451049550704e-01
-2.01802 9.838807826622312e-02
-2.00601 9.567690312907223e-02
-1.99399 9.297064669262020e-02
-1.98198 9.049785649415469e-02
-1.96997 8.777832050729756e-02
-1.95796 8.435453320060525e-02
-1.94595 8.039014859374866e-02
-1.93393 7.657155726356152e-02
-1.92192 7.364294432198791e-02
-1.90991 7.199499557295964e-02
-1.89790 7.154816000887283e-02
-1.88589 7.189206783621629e-02
-1.87387 7.251109045254631e-02
-1.86186 7.296135936244984e-02
-1.84985 7.295463147010241e-02
-1.83784 7.236620930876657e-02
-1.82583 7.120266048978979e-02
-1.81381 6.955843208236319e-02
-1.80180 6.757692865497004e-02
-1.78979 6.542063643260795e-02
-1.77778 6.324932565527962e-02
-1.76577 6.120456577074066e-02
-1.75375 5.940038804550807e-02
-1.74174 5.792151171083353e-02
-1.72973 5.683055174164028e-02
-1.71772 5.618321776905209e-02
-1.70571 5.604541483778230e-02
-1.69369 5.649993275111199e-02
-1.68168 5.762884328558923e-02
-1.66967 5.946995129215984e-02
-1.65766 6.197461819116655e-02
-1.64565 6.502180253342177e-02
-1.63363 6.852915801472205e-02
-1.62162 7.261951550199694e-02
-1.60961 7.769171096338232e-02
-1.59760 8.422618158234692e-02
-1.58559 9.232262944660966e-02
-1.57357 1.012463375691421e-01
-1.56156 1.093993657477485e-01
-1.54955 1.149201026078475e-01
-1.53754 1.166431933229236e-01
-1.52553 1.148100537923016e-01
-1.51351 1.110356949232496e-01
-1.50150 1.075403652611639e-01
-1.48949 1.061404142937775e-01
-1.47748 1.075997877901768e-01
-1.46547 1.116241879244799e-01
-1.45345 1.172913640723695e-01
-1.44144 1.234547895327015e-01
-1.42943 1.288911741629521e-01
-1.41742 1.324328914268569e-01
-1.40541 1.333860920304375e-01
-1.39339 1.320011043062507e-01
-1.38138 1.293908240456666e-01
-1.36937 1.267772510990882e-01
-1.35736 1.247412826337223e-01
-1.34535 1.231632030969244e-01
-1.33333 1.217543706573123e-01
-1.32132 1.205320348176811e-01
-1.30931 1.198427170765575e-01
-1.29730 1.200847236705427e-01
-1.28529 1.214634132903386e-01
-1.27327 1.239222093472916e-01
-1.26126 1.271885692928520e-01
-1.24925 1.308408304824785e-01
-1.23724 1.343647724553904e-01
-1.22523 1.372149392950779e-01
-1.21321 1.388963029689092e-01
-1.20120 1.390610325965732e-01
-1.18919 1.375967687054312e-01
-1.17718 1.346759724791574e-01
-1.16517 1.307419476281985e-01
-1.15315 1.264243166585836e-01
-1.14114 1.224000601108308e-01
-1.12913 1.192372539105574e-01
-1.11712 1.172681866631181e-01
-1.10511 1.165310642934981e-01
-1.09309 1.167964907348030e-01
-1.08108 1.176650207789507e-01
-1.06907 1.186976521021336e-01
-1.05706 1.195324670381329e-01
-1.04505 1.199510203415177e-01
-1.03303 1.198821910430185e-01
-1.02102 1.193572971807564e-01
-1.00901 1.184299877225305e-01
-0.99700 1.172815967275596e-01
-0.98498 1.159684403013694e-01
-0.97297 1.146255612608088e-01
-0.96096 1.249983695172906e-01
-0.94895 1.207103715127417e-01
-0.93694 1.073517027750745e-01
-0.92492 1.051349455369059e-01
-0.91291 1.030213292609412e-01
-0.90090 1.015937001365570e-01
-0.88889 1.007235461071099e-01
-0.87688 1.004699270471798e-01
-0.86486 1.008114404022887e-01
-0.85285 1.016650991756817e-01
-0.84084 1.029030017202835e-01
-0.82883 1.043688150068279e-01
-0.81682 1.058948243642067e-01
-0.80480 1.073184319057107e-01
-0.79279 1.084977983960796e-01
-0.78078 1.093260925549951e-01
-0.76877 1.097432174019459e-01
-0.75676 1.097434037909272e-01
-0.74474 1.093770114051353e-01
-0.73273 1.087453538798995e-01
-0.72072 1.079882866976724e-01
-0.70871 1.072654831247482e-01
-0.69670 1.067335540573536e-01
-0.68468 1.065222095657178e-01
-0.67267 1.067132799344554e-01
-0.66066 1.073264013260911e-01
-0.64865 1.083143901287193e-01
-0.63664 1.095697965998782e-01
-0.62462 1.109420803750971e-01
-0.61261 1.122627615272112e-01
-0.60060 1.133743858747286e-01
-0.58859 1.141587250482101e-01
-0.57658 1.145604160535972e-01
-0.56456 1.146036725927455e-01
-0.55255 1.144006607864951e-01
-0.54054 1.141496515807339e-01
-0.52853 1.141193406585113e-01
-0.51652 1.146145942027159e-01
-0.50450 1.159205974338944e-01
-0.49249 1.182272933764916e-01
-0.48048 1.215422786751749e-01
-0.46847 1.256086349102337e-01
-0.45646 1.298616471464323e-01
-0.44444 1.334874290415963e-01
-0.43243 1.356573758018757e-01
-0.42042 1.359395176099019e-01
-0.40841 1.347035704676276e-01
-0.39640 1.331641171087117e-01
-0.38438 1.327984623068874e-01
-0.37237 1.343426721804948e-01
-0.36036 1.371009443326903e-01
-0.34835 1.393329663185772e-01
-0.33634 1.396283422223766e-01
-0.32432 1.377109953768035e-01
-0.31231 1.350380744341095e-01
-0.30030 1.387871194969932e-01
-0.28829 1.506216307266335e-01
-0.27628 1.496260239697371e-01
-0.26426 1.477213280587497e-01
-0.25225 1.528178011661448e-01
-0.24024 1.560916597802093e-01
-0.22823 1.548049940878360e-01
-0.21622 1.498936596825408e-01
-0.20420 1.446593481618069e-01
-0.19219 1.420712273242888e-01
-0.18018 1.425583617655213e-01
-0.16817 1.448673205774219e-01
-0.15616 1.473895515883342e-01
-0.14414 1.487452255724058e-01
-0.13213 1.482339851970008e-01
-0.12012 1.461457742216701e-01
-0.10811 1.435950440344354e-01
-0.09610 1.419734191817491e-01
-0.08408 1.423483966032366e-01
-0.07207 1.449810647559820e-01
-0.06006 1.490732048282083e-01
-0.04805 1.529907938216253e-01
-0.03604 1.551395823613867e-01
-0.02402 1.551705408728351e-01
-0.01201 1.545838501266897e-01
0.00000 1.558258891687514e-01
0.01201 1.601977506953796e-01
0.02402 1.664297397658673e-01
0.03604 1.715054490491925e-01
0.04805 1.729839778696139e-01
0.06006 1.705793075451734e-01
0.07207 1.659697459616226e-01
0.08408 1.614801810431491e-01
0.09610 1.587571485833472e-01
0.10811 1.596751684435336e-01
0.12012 1.666197830510913e-01
0.13213 1.793097818972586e-01
0.14414 1.902939970038134e-01
0.15616 1.918817922594545e-01
0.16817 1.857252830600263e-01
0.18018 1.755662534177036e-01
0.19219 1.811226975692824e-01
0.20420 1.624594331779077e-01
0.21622 1.522791890952408e-01
0.22823 1.437104464779799e-01
0.24024 1.395242267523220e-01
0.25225 1.401487258366626e-01
0.26426 1.412778370830634e-01
0.27628 1.398737834004059e-01
0.28829 1.362212963310646e-01
0.30030 1.314352651712828e-01
0.31231 1.265176028323957e-01
0.32432 1.222262200043903e-01
0.33634 1.188579089339115e-01
0.34835 1.163194106382437e-01
0.36036 1.143823577459362e-01
0.37237 1.128598069601583e-01
0.38438 1.116443998419133e-01
0.39640 1.106742918263648e-01
0.40841 1.098997142964357e-01
0.42042 1.092777607966419e-01
0.43243 1.087839825236016e-01
0.44444 1.084194582318393e-01
0.45646 1.082028377340817e-01
0.46847 1.081510778942554e-01
0.48048 1.082597163160732e-01
0.49249 1.084923986315953e-01
0.50450 1.087839994197740e-01
0.51652 1.090500051769339e-01
0.52853 1.092864432942678e-01
0.54054 1.093182645678124e-01
0.55255 1.172237945001989e-01
0.56456 1.154491544945271e-01
0.57658 1.085005172002728e-01
0.58859 1.077845350291897e-01
0.60060 1.071999506205214e-01
0.61261 1.066740724112092e-01
0.62462 1.062057042538415e-01
0.63664 1.058085881609773e-01
0.64865 1.054762845854491e-01
0.66066 1.051891467415640e-01
0.67267 1.049207751137279e-01
0.68468 1.046453225144645e-01
0.69670 1.043441266901123e-01
0.70871 1.040106668903162e-01
0.72072 1.036531870995132e-01
0.73273 1.032947108740140e-01
0.74474 1.029705632534935e-01
0.75676 1.027238788255169e-01
0.76877 1.025998661964427e-01
0.78078 1.026397661877955e-01
0.79279 1.028754367501867e-01
0.80480 1.033253086837088e-01
0.81682 1.039921832654778e-01
0.82883 1.048632991937328e-01
0.84084 1.059136406113015e-01
0.85285 1.071140704129805e-01
0.86486 1.084439378814000e-01
0.87688 1.099003076021497e-01
0.88889 1.114882346616951e-01
0.90090 1.131746937842349e-01
0.91291 1.148476641755266e-01
0.92492 1.173805053900919e-01
0.93694 1.179420552868902e-01
0.94895 1.407139366274365e-01
0.96096 1.376528653762799e-01
0.97297 1.266866216909416e-01
0.98498 1.322408517188614e-01
0.99700 1.352760520872110e-01
1.00901 1.373183171587581e-01
1.02102 1.375401106070332e-01
1.03303 1.370161868234441e-01
1.04505 1.368375999801129e-01
1.05706 1.372886984863548e-01
1.06907 1.377744359646955e-01
1.08108 1.374757482311349e-01
1.09309 1.360597638119590e-01
1.10511 1.339450266552078e-01
1.11712 1.321286897330277e-01
1.12913 1.318149102799596e-01
1.14114 1.339842761052487e-01
1.15315 1.389722802898599e-01
1.16517 1.462732607825268e-01
1.17718 1.548703356446105e-01
1.18919 1.639972016675964e-01
1.20120 1.735817757064604e-01
1.21321 1.836757531442367e-01
1.22523 1.933700571581920e-01
1.23724 2.007021601149935e-01
1.24925 2.041517885559715e-01
1.26126 2.042224728427203e-01
1.27327 2.031586124740673e-01
1.28529 2.029597210508992e-01
1.29730 2.038270795605447e-01
1.30931 2.044927553053824e-01
1.32132 2.036950097184551e-01
1.33333 2.011880501157952e-01
1.34535 1.976737581715304e-01
1.35736 1.942077744969684e-01
1.36937 1.917502849448420e-01
1.38138 1.910126309344007e-01
1.39339 1.924226621189138e-01
1.40541 1.960781312456503e-01
1.41742 2.017021025966920e-01
1.42943 2.086618132312190e-01
1.44144 2.160749143544723e-01
1.45345 2.229748672047638e-01
1.46547 2.284754199649992e-01
1.47748 2.318756083946772e-01
1.48949 2.326928243620893e-01
1.50150 2.306956305650299e-01
1.51351 2.261062856233832e-01
1.52553 2.201283745030528e-01
1.53754 2.152781995687839e-01
1.54955 2.142263133047210e-01
1.56156 2.190101517860940e-01
1.57357 2.343576603659239e-01
1.58559 2.646889494124610e-01
1.59760 3.017674897883893e-01
1.60961 3.760527735866818e-01
1.62162 3.236678015759210e-01
1.63363 3.191552882479303e-01
1.64565 3.135041975987015e-01
1.65766 2.987506318508722e-01
1.66967 2.758441188360395e-01
1.68168 2.535411598966008e-01
1.69369 2.374561709691732e-01
1.70571 2.275908685363899e-01
1.71772 2.210902615223897e-01
1.72973 2.154311935330591e-01
1.74174 2.095526137001378e-01
1.75375 2.033711163101525e-01
1.76577 1.972334924580400e-01
1.77778 1.917482196357242e-01
1.78979 1.875648413884008e-01
1.80180 1.849517496243475e-01
1.81381 1.834956163018244e-01
1.82583 1.822430679918577e-01
1.83784 1.803102329463775e-01
1.84985 1.776454759945121e-01
1.86186 1.749992198685689e-01
1.87387 1.732007056767519e-01
1.88589 1.744526135421763e-01
1.89790 1.799805918824449e-01
1.90991 1.884876405518792e-01
1.92192 2.297961645568343e-01
1.93393 2.103086547800837e-01
1.94595 2.146173898660353e-01
1.95796 2.068708662615952e-01
1.96997 2.004898238173043e-01
1.98198 1.989015349851525e-01
1.99399 1.977670550604222e-01
2.00601 1.958137628617751e-01
2.01802 1.931281622125206e-01
2.03003 1.899342294180621e-01
2.04204 1.868818369898352e-01
2.05405 1.845525941022277e-01
2.06607 1.829431359305468e-01
2.07808 1.815873952776403e-01
2.09009 1.801152445211921e-01
2.10210 1.785422780611280e-01
2.11411 1.770395488453389e-01
2.12613 1.755814655444378e-01
2.13814 1.738924694371208e-01
2.15015 1.716911822435349e-01
2.16216 1.689447678590078e-01
2.17417 1.659101226757974e-01
2.18619 1.629666295463330e-01
2.19820 1.603990141107062e-01
2.21021 1.582848343286768e-01
2.22222 1.565341991058043e-01
2.23423 1.550190227163573e-01
2.24625 1.536866552939725e-01
2.25826 1.525881250806640e-01
2.27027 1.518225099046280e-01
2.28228 1.514516286972625e-01
2.29429 1.514450588980381e-01
2.30631 1.516834784098174e-01
2.31832 1.520080727134118e-01
2.33033 1.522808933729109e-01
2.34234 1.524235206457430e-01
2.35435 1.524209259384106e-01
2.36637 1.522872069800268e-01
2.37838 1.521626914784578e-01
2.39039 1.551848813651262e-01
2.40240 1.515080515668641e-01
2.41441 1.510049288716316e-01
2.42643 1.503743745271222e-01
2.43844 1.496911987212034e-01
2.45045 1.489223533649493e-01
2.46246 1.480998336852277e-01
2.47447 1.472573555152336e-01
2.48649 1.464224749388154e-01
2.49850 1.456132572222446e-01
2.51051 1.448397380052612e-01
2.52252 1.441079590145241e-01
2.53453 1.434237190088749e-01
2.54655 1.427940688679185e-01
2.55856 1.422262125347604e-01
2.57057 1.417248940686860e-01
2.58258 1.412899248618419e-01
2.59459 1.409151499278643e-01
2.60661 1.405892425266684e-01
2.61862 1.402978038876424e-01
2.63063 1.400257613697741e-01
2.64264 1.397591706463422e-01
2.65465 1.394856697407006e-01
2.66667 1.391912247566306e-01
2.67868 1.388824537643762e-01
2.69069 1.385750819499705e-01
2.70270 1.380719089457265e-01
2.71471 1.383389362191804e-01
2.72673 1.388108329594345e-01
2.73874 1.369558322773790e-01
2.75075 1.356079746797133e-01
2.76276 1.347984956343693e-01
2.77477 1.337143688960744e-01
2.78679 1.325452880963132e-01
2.79880 1.312595802425848e-01
2.81081 1.298668392384477e-01
2.82282 1.284042884224183e-01
2.83483 1.269202562317440e-01
2.84685 1.254757231185734e-01
2.85886 1.241420401322379e-01
2.87087 1.229975141411474e-01
2.88288 1.221231567104065e-01
2.89489 1.215976054195861e-01
2.90691 1.214912321001590e-01
2.91892 1.218595997097931e-01
2.93093 1.227367132461166e-01
2.94294 1.241287256788815e-01
2.95495 1.260092728431887e-01
2.96697 1.283201569422160e-01
2.97898 1.309793449210654e-01
2.99099 1.338733442783185e-01
3.00300 1.368237172541148e-01
3.01502 1.396654045838750e-01
3.02703 1.424449627053346e-01
3.03904 1.451814340897625e-01
3.05105 1.473150547213677e-01
3.06306 1.481906347599114e-01
3.07508 1.479931272453037e-01
3.08709 1.472375201077296e-01
3.09910 1.459101999861945e-01
3.11111 1.438021991871637e-01
3.12312 1.409828853663515e-01
3.13514 1.376886154094727e-01
3.14715 1.341715107456131e-01
3.15916 1.307072412950174e-01
3.17117 1.275997819795490e-01
3.18318 1.251512799919791e-01
3.19520 1.236283789540430e-01
3.20721 1.232304717422881e-01
3.21922 1.240587407018961e-01
3.23123 1.260900206361902e-01
3.24324 1.291637647972473e-01
3.25526 1.330010951992996e-01
3.26727 1.372684727494664e-01
3.27928 1.416295852714188e-01
3.29129 1.457516285219859e-01
3.30330 1.491324373679520e-01
3.31532 1.511638241953238e-01
3.32733 1.541929738151716e-01
3.33934 1.622613082210825e-01
3.35135 1.684535681979469e-01
3.36336 1.636814259751749e-01
3.37538 1.563325987990105e-01
3.38739 1.558231202746700e-01
3.39940 1.597542122029488e-01
3.41141 1.639513011226829e-01
3.42342 1.672602287144332e-01
3.43544 1.697099261559192e-01
3.44745 1.703998815242081e-01
3.45946 1.678435419296122e-01
3.47147 1.625772593221936e-01
3.48348 1.582021317468326e-01
3.49550 1.592713649759956e-01
3.50751 1.676285645268070e-01
3.51952 1.725116185659451e-01
3.53153 1.741255238932103e-01
3.54354 1.744463795597399e-01
3.55556 1.591132656639810e-01
3.56757 1.385955125358070e-01
3.57958 1.582453504913539e-01
3.59159 1.404613735073715e-01
3.60360 1.284267609582578e-01
3.61562 1.166574107804618e-01
3.62763 1.092487886203685e-01
3.63964 1.017504187568154e-01
3.65165 9.553720807061271e-02
3.66366 9.086148852521278e-02
3.67568 8.681282591471658e-02
3.68769 8.295780980794153e-02
3.69970 7.827747512491826e-02
3.71171 7.293202162850643e-02
3.72372 6.879666035162030e-02
3.73574 6.549742384417391e-02
3.74775 5.981030155581468e-02
3.75976 5.295090757564904e-02
3.77177 4.972498151505213e-02
3.78378 4.668475869942915e-02
3.79580 3.904951732232916e-02
3.80781 3.334569557061272e-02
3.81982 3.378649352746465e-02
3.83183 3.435554588626293e-02
3.84384 3.155435054951782e-02
3.85586 2.852901334884313e-02
3.86787 2.754072332925283e-02
3.87988 2.739431688034039e-02
3.89189 2.686517475619694e-02
3.90390 2.606517223667916e-02
3.91592 2.538431278250590e-02
3.92793 2.500387582288095e-02
3.93994 2.497187174344703e-02
3.95195 2.520504730948017e-02
3.96396 2.552096448952286e-02
3.97598 2.575616892417862e-02
3.98799 2.585105204690798e-02
4.00000 2.584147625291411e-02
