-8.00000 7.95978e-04
-7.98799 8.13811e-04
-7.97598 8.31948e-04
-7.96396 8.50394e-04
-7.95195 8.69155e-04
-7.93994 8.88240e-04
-7.92793 9.07664e-04
-7.91592 9.27446e-04
-7.90390 9.47611e-04
-7.89189 9.68197e-04
-7.87988 9.89247e-04
-7.86787 1.01082e-03
-7.85586 1.03298e-03
-7.84384 1.05582e-03
-7.83183 1.07941e-03
-7.81982 1.10387e-03
-7.80781 1.12931e-03
-7.79580 1.15583e-03
-7.78378 1.18355e-03
-7.77177 1.21258e-03
-7.75976 1.24301e-03
-7.74775 1.27492e-03
-7.73574 1.30837e-03
-7.72372 1.34337e-03
-7.71171 1.37992e-03
-7.69970 1.41796e-03
-7.68769 1.45739e-03
-7.67568 1.49806e-03
-7.66366 1.53979e-03
-7.65165 1.58233e-03
-7.63964 1.62543e-03
-7.62763 1.66881e-03
-7.61562 1.71218e-03
-7.60360 1.75527e-03
-7.59159 1.79785e-03
-7.57958 1.83975e-03
-7.56757 1.88086e-03
-7.55556 1.92118e-03
-7.54354 1.96079e-03
-7.53153 1.99992e-03
-7.51952 2.03887e-03
-7.50751 2.07810e-03
-7.49550 2.11815e-03
-7.48348 2.15968e-03
-7.47147 2.20341e-03
-7.45946 2.25012e-03
-7.44745 2.30051e-03
-7.43544 2.35519e-03
-7.42342 2.41458e-03
-7.41141 2.47890e-03
-7.39940 2.54824e-03
-7.38739 2.62262e-03
-7.37538 2.70208e-03
-7.36336 2.78662e-03
-7.35135 2.87599e-03
-7.33934 2.96952e-03
-7.32733 3.06607e-03
-7.31532 3.16427e-03
-7.30330 3.26287e-03
-7.29129 3.36116e-03
-7.27928 3.45889e-03
-7.26727 3.55590e-03
-7.25526 3.65156e-03
-7.24324 3.74430e-03
-7.23123 3.83171e-03
-7.21922 3.91122e-03
-7.20721 3.98154e-03
-7.19520 4.04571e-03
-7.18318 4.11752e-03
-7.17117 4.23223e-03
-7.15916 4.45443e-03
-7.14715 4.85988e-03
-7.13514 5.47007e-03
-7.12312 6.17529e-03
-7.11111 6.74160e-03
-7.09910 6.93610e-03
-7.08709 6.81956e-03
-7.07508 7.41514e-03
-7.06306 1.09410e-02
-7.05105 1.85193e-02
-7.03904 2.71454e-02
-7.02703 3.20107e-02
-7.01502 3.24012e-02
-7.00300 3.18565e-02
-6.99099 3.31997e-02
-6.97898 3.65973e-02
-6.96697 4.09833e-02
-6.95495 4.50292e-02
-6.94294 4.76449e-02
-6.93093 4.86732e-02
-6.91892 4.89792e-02
-6.90691 4.97367e-02
-6.89489 5.16545e-02
-6.88288 5.47375e-02
-6.87087 5.85599e-02
-6.85886 6.26164e-02
-6.84685 6.63784e-02
-6.83483 6.92036e-02
-6.82282 7.06067e-02
-6.81081 7.09445e-02
-6.79880 7.17076e-02
-6.78679 7.46180e-02
-6.77477 8.00295e-02
-6.76276 8.62606e-02
-6.75075 9.07900e-02
-6.73874 9.22656e-02
-6.72673 9.13718e-02
-6.71471 8.98769e-02
-6.70270 8.90631e-02
-6.69069 8.90550e-02
-6.67868 8.93008e-02
-6.66667 8.93501e-02
-6.65465 8.91676e-02
-6.64264 8.89673e-02
-6.63063 8.89543e-02
-6.61862 8.92222e-02
-6.60661 8.97795e-02
-6.59459 9.05931e-02
-6.58258 9.15982e-02
-6.57057 9.26933e-02
-6.55856 9.37492e-02
-6.54655 9.46462e-02
-6.53453 9.53291e-02
-6.52252 9.58516e-02
-6.51051 9.63758e-02
-6.49850 9.71046e-02
-6.48649 9.81681e-02
-6.47447 9.95211e-02
-6.46246 1.00919e-01
-6.45045 1.01989e-01
-6.43844 1.02382e-01
-6.42643 1.01937e-01
-6.41441 1.00840e-01
-6.40240 9.96634e-02
-6.39039 9.91580e-02
-6.37838 9.97610e-02
-6.36637 1.01126e-01
-6.35435 1.02178e-01
-6.34234 1.01843e-01
-6.33033 9.99245e-02
-6.31832 9.73204e-02
-6.30631 9.53851e-02
-6.29429 9.49723e-02
-6.28228 9.59166e-02
-6.27027 9.72666e-02
-6.25826 9.80163e-02
-6.24625 9.77652e-02
-6.23423 9.68317e-02
-6.22222 9.58171e-02
-6.21021 9.50729e-02
-6.19820 9.45193e-02
-6.18619 9.38501e-02
-6.17417 9.28295e-02
-6.16216 9.14380e-02
-6.15015 8.98470e-02
-6.13814 8.83190e-02
-6.12613 8.71091e-02
-6.11411 8.63904e-02
-6.10210 8.62062e-02
-6.09009 8.64596e-02
-6.07808 8.69437e-02
-6.06607 8.74040e-02
-6.05405 8.76122e-02
-6.04204 8.74234e-02
-6.03003 8.68036e-02
-6.01802 8.58218e-02
-6.00601 8.46184e-02
-5.99399 8.33614e-02
-5.98198 8.22064e-02
-5.96997 8.12661e-02
-5.95796 8.05965e-02
-5.94595 8.01970e-02
-5.93393 8.00242e-02
-5.92192 8.00118e-02
-5.90991 8.00933e-02
-5.89790 8.02211e-02
-5.88589 8.03774e-02
-5.87387 8.05745e-02
-5.86186 8.08439e-02
-5.84985 8.12167e-02
-5.83784 8.17013e-02
-5.82583 8.22656e-02
-5.81381 8.28341e-02
-5.80180 8.33047e-02
-5.78979 8.35875e-02
-5.77778 8.36522e-02
-5.76577 8.35695e-02
-5.75375 8.35241e-02
-5.74174 8.37837e-02
-5.72973 8.46164e-02
-5.71772 8.61645e-02
-5.70571 8.83067e-02
-5.69369 9.05895e-02
-5.68168 9.23443e-02
-5.66967 9.30466e-02
-5.65766 9.27748e-02
-5.64565 9.23925e-02
-5.63363 9.29383e-02
-5.62162 9.49882e-02
-5.60961 9.87765e-02
-5.59760 1.01791e-01
-5.58559 1.01193e-01
-5.57357 9.88179e-02
-5.56156 9.61430e-02
-5.54955 9.34029e-02
-5.53754 9.09099e-02
-5.52553 8.82758e-02
-5.51351 8.49773e-02
-5.50150 8.10649e-02
-5.48949 7.71653e-02
-5.47748 7.40478e-02
-5.46547 7.21791e-02
-5.45345 7.15537e-02
-5.44144 7.18011e-02
-5.42943 7.24085e-02
-5.41742 7.29118e-02
-5.40541 7.29944e-02
-5.39339 7.25059e-02
-5.38138 7.14339e-02
-5.36937 6.98610e-02
-5.35736 6.79248e-02
-5.34535 6.57863e-02
-5.33333 6.36070e-02
-5.32132 6.15322e-02
-5.30931 5.96811e-02
-5.29730 5.81429e-02
-5.28529 5.69832e-02
-5.27327 5.62575e-02
-5.26126 5.60290e-02
-5.24925 5.63783e-02
-5.23724 5.73899e-02
-5.22523 5.91126e-02
-5.21321 6.15137e-02
-5.20120 6.44790e-02
-5.18919 6.79083e-02
-5.17718 7.18803e-02
-5.16517 7.67523e-02
-5.15315 8.30181e-02
-5.14114 9.08781e-02
-5.12913 9.97553e-02
-5.11712 1.08171e-01
-5.10511 1.14244e-01
-5.09309 1.16628e-01
-5.08108 1.15308e-01
-5.06907 1.11707e-01
-5.05706 1.08016e-01
-5.04505 1.06180e-01
-5.03303 1.07158e-01
-5.02102 1.10807e-01
-5.00901 1.16276e-01
-4.99700 1.22441e-01
-4.98498 1.28085e-01
-4.97297 1.32012e-01
-4.96096 1.33409e-01
-4.94895 1.32354e-01
-4.93694 1.29855e-01
-4.92492 1.27179e-01
-4.91291 1.25041e-01
-4.90090 1.23410e-01
-4.88889 1.21982e-01
-4.87688 1.20710e-01
-4.86486 1.19901e-01
-4.85285 1.19966e-01
-4.84084 1.21151e-01
-4.82883 1.23443e-01
-4.81682 1.26600e-01
-4.80480 1.30222e-01
-4.79279 1.33806e-01
-4.78078 1.36806e-01
-4.76877 1.38713e-01
-4.75676 1.39147e-01
-4.74474 1.37951e-01
-4.73273 1.35250e-01
-4.72072 1.31445e-01
-4.70871 1.27144e-01
-4.69670 1.23026e-01
-4.68468 1.19688e-01
-4.67267 1.17508e-01
-4.66066 1.16574e-01
-4.64865 1.16696e-01
-4.63664 1.17495e-01
-4.62462 1.18529e-01
-4.61261 1.19416e-01
-4.60060 1.19913e-01
-4.58859 1.19926e-01
-4.57658 1.19473e-01
-4.56456 1.18610e-01
-4.55255 1.17465e-01
-4.54054 1.16269e-01
-4.52853 1.14317e-01
-4.51652 1.23588e-01
-4.50450 1.24037e-01
-4.49249 1.07425e-01
-4.48048 1.05567e-01
-4.46847 1.03319e-01
-4.45646 1.01795e-01
-4.44444 1.00826e-01
-4.43243 1.00469e-01
-4.42042 1.00715e-01
-4.40841 1.01490e-01
-4.39640 1.02674e-01
-4.38438 1.04113e-01
-4.37237 1.05641e-01
-4.36036 1.07092e-01
-4.34835 1.08321e-01
-4.33634 1.09214e-01
-4.32432 1.09702e-01
-4.31231 1.09771e-01
-4.30030 1.09460e-01
-4.28829 1.08864e-01
-4.27628 1.08117e-01
-4.26426 1.07377e-01
-4.25225 1.06803e-01
-4.24024 1.06530e-01
-4.22823 1.06651e-01
-4.21622 1.07194e-01
-4.20420 1.08125e-01
-4.19219 1.09346e-01
-4.18018 1.10710e-01
-4.16817 1.12051e-01
-4.15616 1.13208e-01
-4.14414 1.14053e-01
-4.13213 1.14520e-01
-4.12012 1.14618e-01
-4.10811 1.14444e-01
-4.09610 1.14184e-01
-4.08408 1.14096e-01
-4.07207 1.14481e-01
-4.06006 1.15634e-01
-4.04805 1.17766e-01
-4.03604 1.20921e-01
-4.02402 1.24893e-01
-4.01201 1.29166e-01
-4.00000 1.32959e-01
-3.98799 1.35421e-01
-3.97598 1.36020e-01
-3.96396 1.34974e-01
-3.95195 1.33378e-01
-3.93994 1.32732e-01
-3.92793 1.33966e-01
-3.91592 1.36628e-01
-3.90390 1.39026e-01
-3.89189 1.39647e-01
-3.87988 1.38315e-01
-3.86787 1.35200e-01
-3.85586 1.37355e-01
-3.84384 1.49064e-01
-3.83183 1.50664e-01
-3.81982 1.47115e-01
-3.80781 1.52098e-01
-3.79580 1.56015e-01
-3.78378 1.55151e-01
-3.77177 1.50815e-01
-3.75976 1.45446e-01
-3.74775 1.42178e-01
-3.73574 1.42218e-01
-3.72372 1.44497e-01
-3.71171 1.47142e-01
-3.69970 1.48693e-01
-3.68769 1.48457e-01
-3.67568 1.46571e-01
-3.66366 1.43967e-01
-3.65165 1.42047e-01
-3.63964 1.42043e-01
-3.62763 1.44384e-01
-3.61562 1.48390e-01
-3.60360 1.52485e-01
-3.59159 1.54998e-01
-3.57958 1.55314e-01
-3.56757 1.54631e-01
-3.55556 1.55370e-01
-3.54354 1.59204e-01
-3.53153 1.65326e-01
-3.51952 1.70845e-01
-3.50751 1.73035e-01
-3.49550 1.71211e-01
-3.48348 1.66829e-01
-3.47147 1.62213e-01
-3.45946 1.59031e-01
-3.44745 1.59052e-01
-3.43544 1.65105e-01
-3.42342 1.76561e-01
-3.41141 1.89963e-01
-3.39940 1.90839e-01
-3.38739 1.88898e-01
-3.37538 1.73114e-01
-3.36336 1.82517e-01
-3.35135 1.63868e-01
-3.33934 1.53916e-01
-3.32733 1.44932e-01
-3.31532 1.39827e-01
-3.30330 1.39869e-01
-3.29129 1.41234e-01
-3.27928 1.40296e-01
-3.26727 1.36943e-01
-3.25526 1.32274e-01
-3.24324 1.27315e-01
-3.23123 1.22885e-01
-3.21922 1.19360e-01
-3.20721 1.16698e-01
-3.19520 1.14675e-01
-3.18318 1.13093e-01
-3.17117 1.11831e-01
-3.15916 1.10823e-01
-3.14715 1.10019e-01
-3.13514 1.09374e-01
-3.12312 1.08859e-01
-3.11111 1.08472e-01
-3.09910 1.08229e-01
-3.08709 1.08149e-01
-3.07508 1.08232e-01
-3.06306 1.08448e-01
-3.05105 1.08734e-01
-3.03904 1.09013e-01
-3.02703 1.09201e-01
-3.01502 1.09601e-01
-3.00300 1.13986e-01
-2.99099 1.18817e-01
-2.97898 1.08279e-01
-2.96697 1.07970e-01
-2.95495 1.07286e-01
-2.94294 1.06758e-01
-2.93093 1.06278e-01
-2.91892 1.05870e-01
-2.90691 1.05528e-01
-2.89489 1.05235e-01
-2.88288 1.04966e-01
-2.87087 1.04693e-01
-2.85886 1.04397e-01
-2.84685 1.04069e-01
-2.83483 1.03714e-01
-2.82282 1.03354e-01
-2.81081 1.03021e-01
-2.79880 1.02758e-01
-2.78679 1.02610e-01
-2.77477 1.02620e-01
-2.76276 1.02821e-01
-2.75075 1.03234e-01
-2.73874 1.03865e-01
-2.72673 1.04703e-01
-2.71471 1.05725e-01
-2.70270 1.06902e-01
-2.69069 1.08211e-01
-2.67868 1.09646e-01
-2.66667 1.11212e-01
-2.65465 1.12890e-01
-2.64264 1.14545e-01
-2.63063 1.16960e-01
-2.61862 1.17460e-01
-2.60661 1.35557e-01
-2.59459 1.41998e-01
-2.58258 1.25979e-01
-2.57057 1.31674e-01
-2.55856 1.34759e-01
-2.54655 1.37120e-01
-2.53453 1.37590e-01
-2.52252 1.37103e-01
-2.51051 1.36818e-01
-2.49850 1.37186e-01
-2.48649 1.37728e-01
-2.47447 1.37604e-01
-2.46246 1.36368e-01
-2.45045 1.34313e-01
-2.43844 1.32362e-01
-2.42643 1.31715e-01
-2.41441 1.33421e-01
-2.40240 1.37947e-01
-2.39039 1.44924e-01
-2.37838 1.53373e-01
-2.36637 1.62434e-01
-2.35435 1.71927e-01
-2.34234 1.81962e-01
-2.33033 1.91844e-01
-2.31832 1.99718e-01
-2.30631 2.03852e-01
-2.29429 2.04362e-01
-2.28228 2.03314e-01
-2.27027 2.02900e-01
-2.25826 2.03652e-01
-2.24625 2.04458e-01
-2.23423 2.03956e-01
-2.22222 2.01706e-01
-2.21021 1.98289e-01
-2.19820 1.94739e-01
-2.18619 1.92052e-01
-2.17417 1.90983e-01
-2.16216 1.92009e-01
-2.15015 1.95288e-01
-2.13814 2.00607e-01
-2.12613 2.07387e-01
-2.11411 2.14778e-01
-2.10210 2.21815e-01
-2.09009 2.27588e-01
-2.07808 2.31363e-01
-2.06607 2.32619e-01
-2.05405 2.31078e-01
-2.04204 2.26860e-01
-2.03003 2.20962e-01
-2.01802 2.15712e-01
-2.00601 2.13891e-01
-1.99399 2.17509e-01
-1.98198 2.30621e-01
-1.96997 2.58699e-01
-1.95796 2.97047e-01
-1.94595 3.50025e-01
-1.93393 3.38891e-01
-1.92192 3.20644e-01
-1.90991 3.14957e-01
-1.89790 3.02134e-01
-1.88589 2.79929e-01
-1.87387 2.56790e-01
-1.86186 2.39237e-01
-1.84985 2.28110e-01
-1.83784 2.20832e-01
-1.82583 2.14782e-01
-1.81381 2.08783e-01
-1.80180 2.02728e-01
-1.78979 1.96935e-01
-1.77778 1.91941e-01
-1.76577 1.88339e-01
-1.75375 1.86414e-01
-1.74174 1.85777e-01
-1.72973 1.85440e-01
-1.71772 1.84352e-01
-1.70571 1.81962e-01
-1.69369 1.78247e-01
-1.68168 1.72316e-01
-1.66967 1.70351e-01
-1.65766 1.84923e-01
-1.64565 1.92047e-01
-1.63363 2.05734e-01
-1.62162 2.11007e-01
-1.60961 2.14979e-01
-1.59760 2.08677e-01
-1.58559 2.01400e-01
-1.57357 1.99136e-01
-1.56156 1.97956e-01
-1.54955 1.96017e-01
-1.53754 1.93404e-01
-1.52553 1.90291e-01
-1.51351 1.87231e-01
-1.50150 1.84792e-01
-1.48949 1.83019e-01
-1.47748 1.81485e-01
-1.46547 1.79846e-01
-1.45345 1.78174e-01
-1.44144 1.76722e-01
-1.42943 1.75494e-01
-1.41742 1.74143e-01
-1.40541 1.72250e-01
-1.39339 1.69671e-01
-1.38138 1.66637e-01
-1.36937 1.63576e-01
-1.35736 1.60853e-01
-1.34535 1.58602e-01
-1.33333 1.56756e-01
-1.32132 1.55176e-01
-1.30931 1.53792e-01
-1.29730 1.52640e-01
-1.28529 1.51820e-01
-1.27327 1.51408e-01
-1.26126 1.51389e-01
-1.24925 1.51653e-01
-1.23724 1.52039e-01
-1.22523 1.52398e-01
-1.21321 1.52634e-01
-1.20120 1.52720e-01
-1.18919 1.52670e-01
-1.17718 1.52513e-01
-1.16517 1.52264e-01
-1.15315 1.51920e-01
-1.14114 1.51464e-01
-1.12913 1.50884e-01
-1.11712 1.50179e-01
-1.10511 1.49371e-01
-1.09309 1.48493e-01
-1.08108 1.47582e-01
-1.06907 1.46672e-01
-1.05706 1.45785e-01
-1.04505 1.44937e-01
-1.03303 1.44139e-01
-1.02102 1.43397e-01
-1.00901 1.42723e-01
-0.99700 1.42124e-01
-0.98498 1.41608e-01
-0.97297 1.41175e-01
-0.96096 1.40818e-01
-0.94895 1.40527e-01
-0.93694 1.40284e-01
-0.92492 1.40071e-01
-0.91291 1.39872e-01
-0.90090 1.39670e-01
-0.88889 1.39451e-01
-0.87688 1.39200e-01
-0.86486 1.38903e-01
-0.85285 1.38546e-01
-0.84084 1.38112e-01
-0.82883 1.37585e-01
-0.81682 1.36947e-01
-0.80480 1.36184e-01
-0.79279 1.35284e-01
-0.78078 1.34237e-01
-0.76877 1.33044e-01
-0.75676 1.31714e-01
-0.74474 1.30270e-01
-0.73273 1.28746e-01
-0.72072 1.27192e-01
-0.70871 1.25671e-01
-0.69670 1.24255e-01
-0.68468 1.23026e-01
-0.67267 1.22066e-01
-0.66066 1.21457e-01
-0.64865 1.21273e-01
-0.63664 1.21571e-01
-0.62462 1.22391e-01
-0.61261 1.23741e-01
-0.60060 1.25599e-01
-0.58859 1.27909e-01
-0.57658 1.30582e-01
-0.56456 1.33499e-01
-0.55255 1.36520e-01
-0.54054 1.39490e-01
-0.52853 1.42249e-01
-0.51652 1.44637e-01
-0.50450 1.46503e-01
-0.49249 1.47711e-01
-0.48048 1.48153e-01
-0.46847 1.47759e-01
-0.45646 1.46509e-01
-0.44444 1.44446e-01
-0.43243 1.41682e-01
-0.42042 1.38397e-01
-0.40841 1.34832e-01
-0.39640 1.31272e-01
-0.38438 1.28029e-01
-0.37237 1.25409e-01
-0.36036 1.23689e-01
-0.34835 1.23085e-01
-0.33634 1.23715e-01
-0.32432 1.25578e-01
-0.31231 1.28533e-01
-0.30030 1.32313e-01
-0.28829 1.36568e-01
-0.27628 1.40972e-01
-0.26426 1.45250e-01
-0.25225 1.48810e-01
-0.24024 1.50633e-01
-0.22823 1.52657e-01
-0.21622 1.60172e-01
-0.20420 1.68229e-01
-0.19219 1.65424e-01
-0.18018 1.57486e-01
-0.16817 1.55707e-01
-0.15616 1.59197e-01
-0.14414 1.63375e-01
-0.13213 1.66671e-01
-0.12012 1.69147e-01
-0.10811 1.70191e-01
-0.09610 1.68303e-01
-0.08408 1.63523e-01
-0.07207 1.58923e-01
-0.06006 1.59149e-01
-0.04805 1.65716e-01
-0.03604 1.71851e-01
-0.02402 1.74308e-01
-0.01201 1.75622e-01
0.00000 1.33642e+06
0.01201 1.40615e-01
0.02402 1.53918e-01
0.03604 1.44761e-01
0.04805 1.30123e-01
0.06006 1.18213e-01
0.07207 1.10507e-01
0.08408 1.03083e-01
0.09610 9.65329e-02
0.10811 9.16544e-02
0.12012 8.74831e-02
0.13213 8.36235e-02
0.14414 7.91148e-02
0.15616 7.37536e-02
0.16817 6.93193e-02
0.18018 6.60981e-02
0.19219 6.09515e-02
0.20420 5.39048e-02
0.21622 5.00089e-02
0.22823 4.75104e-02
0.24024 4.04653e-02
0.25225 3.38201e-02
0.26426 3.34842e-02
0.27628 3.45080e-02
0.28829 3.21604e-02
0.30030 2.89039e-02
0.31231 2.75956e-02
0.32432 2.74334e-02
0.33634 2.69875e-02
0.34835 2.62015e-02
0.36036 2.54828e-02
0.37237 2.50451e-02
0.38438 2.49561e-02
0.39640 2.51557e-02
0.40841 2.54711e-02
0.42042 2.57273e-02
0.43243 2.58452e-02
0.44444 2.58484e-02
0.45646 2.58043e-02
0.46847 2.57641e-02
0.48048 2.57393e-02
0.49249 2.57124e-02
0.50450 2.56586e-02
0.51652 2.55610e-02
0.52853 2.54140e-02
0.54054 2.52195e-02
0.55255 2.49817e-02
0.56456 2.47041e-02
0.57658 2.43894e-02
0.58859 2.40395e-02
0.60060 2.36566e-02
0.61261 2.32432e-02
0.62462 2.28022e-02
0.63664 2.23373e-02
0.64865 2.18525e-02
0.66066 2.13523e-02
0.67267 2.08414e-02
0.68468 2.03248e-02
0.69670 1.98075e-02
0.70871 1.92945e-02
0.72072 1.87909e-02
0.73273 1.83013e-02
0.74474 1.78305e-02
0.75676 1.73826e-02
0.76877 1.69615e-02
0.78078 1.65710e-02
0.79279 1.62140e-02
0.80480 1.58933e-02
0.81682 1.56109e-02
0.82883 1.53687e-02
0.84084 1.51677e-02
0.85285 1.50085e-02
0.86486 1.48914e-02
0.87688 1.48158e-02
0.88889 1.47809e-02
0.90090 1.47853e-02
0.91291 1.48272e-02
0.92492 1.49043e-02
0.93694 1.50140e-02
0.94895 1.51533e-02
0.96096 1.53189e-02
0.97297 1.55074e-02
0.98498 1.57148e-02
0.99700 1.59374e-02
1.00901 1.61711e-02
1.02102 1.64118e-02
1.03303 1.66555e-02
1.04505 1.68981e-02
1.05706 1.71357e-02
1.06907 1.73645e-02
1.08108 1.75808e-02
1.09309 1.77813e-02
1.10511 1.79628e-02
1.11712 1.81225e-02
1.12913 1.82578e-02
1.14114 1.83666e-02
1.15315 1.84470e-02
1.16517 1.84977e-02
1.17718 1.85177e-02
1.18919 1.85062e-02
1.20120 1.84631e-02
1.21321 1.83885e-02
1.22523 1.82830e-02
1.23724 1.81475e-02
1.24925 1.79833e-02
1.26126 1.77919e-02
1.27327 1.75754e-02
1.28529 1.73359e-02
1.29730 1.70758e-02
1.30931 1.67978e-02
1.32132 1.65047e-02
1.33333 1.61995e-02
1.34535 1.58851e-02
1.35736 1.55647e-02
1.36937 1.52415e-02
1.38138 1.49185e-02
1.39339 1.45987e-02
1.40541 1.42851e-02
1.41742 1.39805e-02
1.42943 1.36876e-02
1.44144 1.34087e-02
1.45345 1.31461e-02
1.46547 1.29017e-02
1.47748 1.26774e-02
1.48949 1.24744e-02
1.50150 1.22940e-02
1.51351 1.21369e-02
1.52553 1.20036e-02
1.53754 1.18944e-02
1.54955 1.18092e-02
1.56156 1.17475e-02
1.57357 1.17087e-02
1.58559 1.16917e-02
1.59760 1.16955e-02
1.60961 1.17184e-02
1.62162 1.17589e-02
1.63363 1.18152e-02
1.64565 1.18851e-02
1.65766 1.19667e-02
1.66967 1.20576e-02
1.68168 1.21555e-02
1.69369 1.22582e-02
1.70571 1.23633e-02
1.71772 1.24685e-02
1.72973 1.25716e-02
1.74174 1.26704e-02
1.75375 1.27629e-02
1.76577 1.28471e-02
1.77778 1.29214e-02
1.78979 1.29842e-02
1.80180 1.30341e-02
1.81381 1.30700e-02
1.82583 1.30909e-02
1.83784 1.30962e-02
1.84985 1.30853e-02
1.86186 1.30581e-02
1.87387 1.30145e-02
1.88589 1.29548e-02
1.89790 1.28794e-02
1.90991 1.27889e-02
1.92192 1.26842e-02
1.93393 1.25662e-02
1.94595 1.24362e-02
1.95796 1.22954e-02
1.96997 1.21453e-02
1.98198 1.19873e-02
1.99399 1.18230e-02
2.00601 1.16541e-02
2.01802 1.14821e-02
2.03003 1.13087e-02
2.04204 1.11354e-02
2.05405 1.09639e-02
2.06607 1.07957e-02
2.07808 1.06320e-02
2.09009 1.04743e-02
2.10210 1.03236e-02
2.11411 1.01811e-02
2.12613 1.00476e-02
2.13814 9.92381e-03
2.15015 9.81040e-03
2.16216 9.70776e-03
2.17417 9.61615e-03
2.18619 9.53566e-03
2.19820 9.46623e-03
2.21021 9.40764e-03
2.22222 9.35954e-03
2.23423 9.32143e-03
2.24625 9.29268e-03
2.25826 9.27257e-03
2.27027 9.26027e-03
2.28228 9.25486e-03
2.29429 9.25535e-03
2.30631 9.26073e-03
2.31832 9.26990e-03
2.33033 9.28180e-03
2.34234 9.29532e-03
2.35435 9.30938e-03
2.36637 9.32294e-03
2.37838 9.33498e-03
2.39039 9.34453e-03
2.40240 9.35072e-03
2.41441 9.35271e-03
2.42643 9.34978e-03
2.43844 9.34129e-03
2.45045 9.32669e-03
2.46246 9.30555e-03
2.47447 9.27752e-03
2.48649 9.24239e-03
2.49850 9.20002e-03
2.51051 9.15040e-03
2.52252 9.09362e-03
2.53453 9.02984e-03
2.54655 8.95935e-03
2.55856 8.88249e-03
2.57057 8.79969e-03
2.58258 8.71146e-03
2.59459 8.61835e-03
2.60661 8.52096e-03
2.61862 8.41996e-03
2.63063 8.31600e-03
2.64264 8.20979e-03
2.65465 8.10203e-03
2.66667 7.99344e-03
2.67868 7.88470e-03
2.69069 7.77650e-03
2.70270 7.66950e-03
2.71471 7.56431e-03
2.72673 7.46151e-03
2.73874 7.36164e-03
2.75075 7.26519e-03
2.76276 7.17257e-03
2.77477 7.08416e-03
2.78679 7.00028e-03
2.79880 6.92115e-03
2.81081 6.84697e-03
2.82282 6.77786e-03
2.83483 6.71387e-03
2.84685 6.65500e-03
2.85886 6.60119e-03
2.87087 6.55233e-03
2.88288 6.50824e-03
2.89489 6.46872e-03
2.90691 6.43352e-03
2.91892 6.40234e-03
2.93093 6.37485e-03
2.94294 6.35071e-03
2.95495 6.32955e-03
2.96697 6.31098e-03
2.97898 6.29460e-03
2.99099 6.28000e-03
3.00300 6.26679e-03
3.01502 6.25457e-03
3.02703 6.24295e-03
3.03904 6.23154e-03
3.05105 6.22000e-03
3.06306 6.20799e-03
3.07508 6.19519e-03
3.08709 6.18131e-03
3.09910 6.16610e-03
3.11111 6.14933e-03
3.12312 6.13080e-03
3.13514 6.11035e-03
3.14715 6.08785e-03
3.15916 6.06320e-03
3.17117 6.03632e-03
3.18318 6.00719e-03
3.19520 5.97580e-03
3.20721 5.94218e-03
3.21922 5.90638e-03
3.23123 5.86847e-03
3.24324 5.82855e-03
3.25526 5.78674e-03
3.26727 5.74319e-03
3.27928 5.69805e-03
3.29129 5.65149e-03
3.30330 5.60367e-03
3.31532 5.55480e-03
3.32733 5.50507e-03
3.33934 5.45466e-03
3.35135 5.40378e-03
3.36336 5.35261e-03
3.37538 5.30136e-03
3.38739 5.25020e-03
3.39940 5.19930e-03
3.41141 5.14884e-03
3.42342 5.09898e-03
3.43544 5.04984e-03
3.44745 5.00158e-03
3.45946 4.95430e-03
3.47147 4.90810e-03
3.48348 4.86307e-03
3.49550 4.81929e-03
3.50751 4.77680e-03
3.51952 4.73566e-03
3.53153 4.69588e-03
3.54354 4.65748e-03
3.55556 4.62045e-03
3.56757 4.58478e-03
3.57958 4.55044e-03
3.59159 4.51739e-03
3.60360 4.48558e-03
3.61562 4.45496e-03
3.62763 4.42544e-03
3.63964 4.39698e-03
3.65165 4.36947e-03
3.66366 4.34284e-03
3.67568 4.31700e-03
3.68769 4.29187e-03
3.69970 4.26735e-03
3.71171 4.24335e-03
3.72372 4.21979e-03
3.73574 4.19658e-03
3.74775 4.17364e-03
3.75976 4.15088e-03
3.77177 4.12825e-03
3.78378 4.10566e-03
3.79580 4.08306e-03
3.80781 4.06038e-03
3.81982 4.03759e-03
3.83183 4.01464e-03
3.84384 3.99150e-03
3.85586 3.96813e-03
3.86787 3.94452e-03
3.87988 3.92066e-03
3.89189 3.89654e-03
3.90390 3.87215e-03
3.91592 3.84752e-03
3.92793 3.82264e-03
3.93994 3.79754e-03
3.95195 3.77224e-03
3.96396 3.74677e-03
3.97598 3.72116e-03
3.98799 3.69544e-03
4.00000 3.66966e-03
