-8.00000 2.449888863767698e-03
-7.98799 2.479233233065395e-03
-7.97598 2.505284850619570e-03
-7.96396 2.528789957385380e-03
-7.95195 2.550764364287953e-03
-7.93994 2.572478450466911e-03
-7.92793 2.595427092037577e-03
-7.91592 2.621284273716970e-03
-7.90390 2.651843203995060e-03
-7.89189 2.688944028699610e-03
-7.87988 2.734392601933579e-03
-7.86787 2.789875058809188e-03
-7.85586 2.856873946856148e-03
-7.84384 2.936592233239336e-03
-7.83183 3.029891490576015e-03
-7.81982 3.137249933668977e-03
-7.80781 3.258744761413722e-03
-7.79580 3.394061500400550e-03
-7.78378 3.542530744289041e-03
-7.77177 3.703189729718389e-03
-7.75976 3.874862416567726e-03
-7.74775 4.056247092339334e-03
-7.73574 4.245995364494310e-03
-7.72372 4.442761875817563e-03
-7.71171 4.645202261155009e-03
-7.69970 4.851900560401619e-03
-7.68769 5.061219192944374e-03
-7.67568 5.271085829414562e-03
-7.66366 5.478760055248927e-03
-7.65165 5.680652294939347e-03
-7.63964 5.872287620301463e-03
-7.62763 6.048505364888237e-03
-7.61562 6.203951624870967e-03
-7.60360 6.333853124085949e-03
-7.59159 6.434968049856758e-03
-7.57958 6.506519610353552e-03
-7.56757 6.550877719265831e-03
-7.55556 6.573836393648706e-03
-7.54354 6.584647591991720e-03
-7.53153 6.596588922960876e-03
-7.51952 6.629444326772905e-03
-7.50751 6.714565098597814e-03
-7.49550 6.899320449022843e-03
-7.48348 7.241921736209777e-03
-7.47147 7.788406784331214e-03
-7.45946 8.541044968483692e-03
-7.44745 9.451040974060979e-03
-7.43544 1.045895668956115e-02
-7.42342 1.154656811545702e-02
-7.41141 1.272549304765572e-02
-7.39940 1.397034614838293e-02
-7.38739 1.524526751375559e-02
-7.37538 1.676000745905494e-02
-7.36336 2.037137451289523e-02
-7.35135 4.788174277512515e-02
-7.33934 3.026935375400153e-02
-7.32733 3.750394318929198e-02
-7.31532 4.487075772737566e-02
-7.30330 4.932515628058055e-02
-7.29129 4.958548716880765e-02
-7.27928 4.621466621227383e-02
-7.26727 4.123062636681236e-02
-7.25526 3.695344607596399e-02
-7.24324 3.494174216762441e-02
-7.23123 3.556690458267910e-02
-7.21922 3.820979152995246e-02
-7.20721 4.175811317389660e-02
-7.19520 4.510074412237496e-02
-7.18318 4.745310524041099e-02
-7.17117 4.846946341685276e-02
-7.15916 4.818428572840469e-02
-7.14715 4.687126000624427e-02
-7.13514 4.490402140068550e-02
-7.12312 4.266185062502998e-02
-7.11111 4.048185837158980e-02
-7.09910 3.863932341475029e-02
-7.08709 3.733879131622615e-02
-7.07508 3.670778774435079e-02
-7.06306 3.679271620670573e-02
-7.05105 3.755967468936648e-02
-7.03904 3.890280993073494e-02
-7.02703 4.066107059897237e-02
-7.01502 4.264125657542141e-02
-7.00300 4.464233452958341e-02
-6.99099 4.647602421371665e-02
-6.97898 4.798214212137774e-02
-6.96697 4.904014166749673e-02
-6.95495 4.957779635145728e-02
-6.94294 4.957606902090780e-02
-6.93093 4.906882452879895e-02
-6.91892 4.813714340300969e-02
-6.90691 4.689916614405116e-02
-6.89489 4.549703374014070e-02
-6.88288 4.408265327004707e-02
-6.87087 4.280382435075521e-02
-6.85886 4.179183364748988e-02
-6.84685 4.115115968326196e-02
-6.83483 4.095168650238005e-02
-6.82282 4.122408580064785e-02
-6.81081 4.195960451497695e-02
-6.79880 4.311473039975887e-02
-6.78679 4.461816507054196e-02
-6.77477 4.637691609725413e-02
-6.76276 4.828359832316754e-02
-6.75075 5.022835009586119e-02
-6.73874 5.211088646013076e-02
-6.72673 5.384822557036589e-02
-6.71471 5.538526976195504e-02
-6.70270 5.671149217149114e-02
-6.69069 5.785763182184782e-02
-6.67868 5.882720675120032e-02
-6.66667 5.947401059329321e-02
-6.65465 5.949526379632829e-02
-6.64264 5.879526620724945e-02
-6.63063 5.812296496766624e-02
-6.61862 5.915987390237289e-02
-6.60661 6.321881426409760e-02
-6.59459 6.936454181679227e-02
-6.58258 7.444429136873652e-02
-6.57057 7.597339496623473e-02
-6.55856 7.488571608490673e-02
-6.54655 7.460178843859909e-02
-6.53453 7.746103001128668e-02
-6.52252 8.282819047457445e-02
-6.51051 8.850567625723010e-02
-6.49850 9.301059413822545e-02
-6.48649 9.629332169353057e-02
-6.47447 9.904468279123593e-02
-6.46246 1.018740894940217e-01
-6.45045 1.049719631634295e-01
-6.43844 1.081620805266640e-01
-6.42643 1.111367677391674e-01
-6.41441 1.137284830934454e-01
-6.40240 1.160643681347583e-01
-6.39039 1.184702823685909e-01
-6.37838 1.211282456291228e-01
-6.36637 1.237206981036393e-01
-6.35435 1.254462559500836e-01
-6.34234 1.255903922286955e-01
-6.33033 1.242722398970358e-01
-6.31832 1.226292987683246e-01
-6.30631 1.221217850852363e-01
-6.29429 1.235037717601153e-01
-6.28228 1.263382572838838e-01
-6.27027 1.293911231806862e-01
-6.25826 1.314950535817749e-01
-6.24625 1.322219563970299e-01
-6.23423 1.319681942778199e-01
-6.22222 1.315066467614587e-01
-6.21021 1.313974120374468e-01
-6.19820 1.316813341568242e-01
-6.18619 1.320019035737829e-01
-6.17417 1.319644820161081e-01
-6.16216 1.314322470387140e-01
-6.15015 1.306001173108860e-01
-6.13814 1.298801287122920e-01
-6.12613 1.297126272646547e-01
-6.11411 1.303943617953274e-01
-6.10210 1.319702633838231e-01
-6.09009 1.342104655662679e-01
-6.07808 1.366751608123893e-01
-6.06607 1.388436652357439e-01
-6.05405 1.402608521411747e-01
-6.04204 1.406508294966574e-01
-6.03003 1.399667011057921e-01
-6.01802 1.383733796830098e-01
-6.00601 1.361822789753150e-01
-5.99399 1.337651474550654e-01
-5.98198 1.314714343023496e-01
-5.96997 1.295655132158651e-01
-5.95796 1.281917424317504e-01
-5.94595 1.273686264787656e-01
-5.93393 1.270082401147347e-01
-5.92192 1.269532931269852e-01
-5.90991 1.270219822847543e-01
-5.89790 1.270505545221945e-01
-5.88589 1.269253780347370e-01
-5.87387 1.265997053390264e-01
-5.86186 1.260941730387854e-01
-5.84985 1.254833798086810e-01
-5.83784 1.248729851590695e-01
-5.82583 1.243725883535657e-01
-5.81381 1.240694967664165e-01
-5.80180 1.240078101227739e-01
-5.78979 1.241763125778978e-01
-5.77778 1.245074933032758e-01
-5.76577 1.248884468683390e-01
-5.75375 1.251823310688817e-01
-5.74174 1.252566553018992e-01
-5.72973 1.250124223296552e-01
-5.71772 1.244067247907151e-01
-5.70571 1.234624734023088e-01
-5.69369 1.222660053596629e-01
-5.68168 1.209589610320820e-01
-5.66967 1.197091623526893e-01
-5.65766 1.186335233384434e-01
-5.64565 1.176946002304260e-01
-5.63363 1.168464531764141e-01
-5.62162 1.170412238420324e-01
-5.60961 1.195768919560832e-01
-5.59760 1.215693426858773e-01
-5.58559 1.188232672241520e-01
-5.57357 1.141342087635313e-01
-5.56156 1.115360236684936e-01
-5.54955 1.099842037430142e-01
-5.53754 1.080109292010538e-01
-5.52553 1.058195799531059e-01
-5.51351 1.037464719847785e-01
-5.50150 1.018953736827763e-01
-5.48949 1.003331060080255e-01
-5.47748 9.911875126256585e-02
-5.46547 9.827793769927898e-02
-5.45345 9.779308366217664e-02
-5.44144 9.761039039907159e-02
-5.42943 9.765279251590889e-02
-5.41742 9.783281971974096e-02
-5.40541 9.806343014778235e-02
-5.39339 9.826610207933920e-02
-5.38138 9.837608944981827e-02
-5.36937 9.834521938907208e-02
-5.35736 9.814283634447941e-02
-5.34535 9.775552559196894e-02
-5.33333 9.718618725998616e-02
-5.32132 9.645297161080336e-02
-5.30931 9.558858230072664e-02
-5.29730 9.464049405370617e-02
-5.28529 9.367254353265989e-02
-5.27327 9.276771330799355e-02
-5.26126 9.203024146422795e-02
-5.24925 9.158269030547538e-02
-5.23724 9.155243293151817e-02
-5.22523 9.204605283099368e-02
-5.21321 9.312137086662621e-02
-5.20120 9.477906565997959e-02
-5.18919 9.699353226604830e-02
-5.17718 9.977315523425997e-02
-5.16517 1.031960341654788e-01
-5.15315 1.073520772959129e-01
-5.14114 1.121770126311567e-01
-5.12913 1.172700675472182e-01
-5.11712 1.218554662276938e-01
-5.10511 1.249913162524446e-01
-5.09309 1.259632573411926e-01
-5.08108 1.246510463002568e-01
-5.06907 1.216488861571223e-01
-5.05706 1.180618143365764e-01
-5.04505 1.150845028777626e-01
-5.03303 1.135724138363729e-01
-5.02102 1.137810025138742e-01
-5.00901 1.153216253782915e-01
-4.99700 1.172930011034702e-01
-4.98498 1.185750344580129e-01
-4.97297 1.182964092998514e-01
-4.96096 1.163250378001186e-01
-4.94895 1.134082776785011e-01
-4.93694 1.107124994377035e-01
-4.92492 1.090399094887973e-01
-4.91291 1.083680803255861e-01
-4.90090 1.080674319718773e-01
-4.88889 1.075080642229100e-01
-4.87688 1.064945054359245e-01
-4.86486 1.052719091161013e-01
-4.85285 1.042715372410312e-01
-4.84084 1.038725639943044e-01
-4.82883 1.042934262833688e-01
-4.81682 1.055697561004465e-01
-4.80480 1.075592941412898e-01
-4.79279 1.099687493137010e-01
-4.78078 1.124246660581926e-01
-4.76877 1.145873308196223e-01
-4.75676 1.164391674196731e-01
-4.74474 1.263980341263173e-01
-4.73273 1.179902871730451e-01
-4.72072 1.191445888532235e-01
-4.70871 1.205403123847936e-01
-4.69670 1.229074783295102e-01
-4.68468 1.265823295204024e-01
-4.67267 1.312404352401967e-01
-4.66066 1.357721171039011e-01
-4.64865 1.387739674261996e-01
-4.63664 1.394946247889086e-01
-4.62462 1.384428994025898e-01
-4.61261 1.370503033575994e-01
-4.60060 1.366616148475301e-01
-4.58859 1.377257400361560e-01
-4.57658 1.397474348051651e-01
-4.56456 1.417967020234316e-01
-4.55255 1.431347177585292e-01
-4.54054 1.435693907173484e-01
-4.52853 1.427485840760141e-01
-4.51652 1.607755912647485e-01
-4.50450 1.420929350080068e-01
-4.49249 1.357701381617988e-01
-4.48048 1.344675759915879e-01
-4.46847 1.337971476367971e-01
-4.45646 1.344767206909867e-01
-4.44444 1.361242471410693e-01
-4.43243 1.384588885809965e-01
-4.42042 1.410942525229363e-01
-4.40841 1.436537455446374e-01
-4.39640 1.458371717415817e-01
-4.38438 1.474590320136964e-01
-4.37237 1.484704013320078e-01
-4.36036 1.489773059439485e-01
-4.34835 1.492501006820185e-01
-4.33634 1.496933096139755e-01
-4.32432 1.507408159683206e-01
-4.31231 1.526770706489106e-01
-4.30030 1.554490915202119e-01
-4.28829 1.585794288382121e-01
-4.27628 1.612678738658287e-01
-4.26426 1.626761997394698e-01
-4.25225 1.622640050631408e-01
-4.24024 1.602708012091617e-01
-4.22823 1.566773892074489e-01
-4.21622 1.645491599354359e-01
-4.20420 1.545420877558385e-01
-4.19219 1.505042046622989e-01
-4.18018 1.511077534033946e-01
-4.16817 1.528874085916389e-01
-4.15616 1.546205415845164e-01
-4.14414 1.554128150726631e-01
-4.13213 1.549125896772557e-01
-4.12012 1.533180698084538e-01
-4.10811 1.511513950348773e-01
-4.09610 1.489800196880022e-01
-4.08408 1.472603954002695e-01
-4.07207 1.463130281330955e-01
-4.06006 1.463390183311333e-01
-4.04805 1.474092475996573e-01
-4.03604 1.494264492088017e-01
-4.02402 1.521011779402884e-01
-4.01201 1.549835997065321e-01
-4.00000 1.575729571238690e-01
-3.98799 1.594909030987514e-01
-3.97598 1.606528019349849e-01
-3.96396 1.613262259936954e-01
-3.95195 1.619815598312529e-01
-3.93994 1.629574916378058e-01
-3.92793 1.641335486685810e-01
-3.91592 1.648553610333257e-01
-3.90390 1.642303067333991e-01
-3.89189 1.617900236678277e-01
-3.87988 1.582051815451169e-01
-3.86787 1.555855671181634e-01
-3.85586 1.577482061855724e-01
-3.84384 1.652913727837184e-01
-3.83183 1.663059473987394e-01
-3.81982 1.631388704781376e-01
-3.80781 1.650406401467996e-01
-3.79580 1.717865652224294e-01
-3.78378 1.798018386073922e-01
-3.77177 1.819345306262855e-01
-3.75976 1.786055512976239e-01
-3.74775 1.772897237240780e-01
-3.73574 1.799163590936243e-01
-3.72372 1.840782118067338e-01
-3.71171 1.882333708586043e-01
-3.69970 1.914511422919744e-01
-3.68769 1.927815833121404e-01
-3.67568 1.919703800683636e-01
-3.66366 1.899994034414813e-01
-3.65165 1.885862819609804e-01
-3.63964 1.891847027782168e-01
-3.62763 1.922695491365633e-01
-3.61562 1.971500937638977e-01
-3.60360 2.022536366944459e-01
-3.59159 2.058810157236389e-01
-3.57958 2.073353155142691e-01
-3.56757 2.078048958745826e-01
-3.55556 2.099701101393265e-01
-3.54354 2.160117849276270e-01
-3.53153 2.254698401974581e-01
-3.51952 2.351319509190322e-01
-3.50751 2.412364125233672e-01
-3.49550 2.418526209533386e-01
-3.48348 2.375860365782818e-01
-3.47147 2.308837396434209e-01
-3.45946 2.250096362657503e-01
-3.44745 2.246377943493277e-01
-3.43544 2.368696394592314e-01
-3.42342 2.640462017980857e-01
-3.41141 3.018284735756664e-01
-3.39940 3.007056004643807e-01
-3.38739 3.022190352196857e-01
-3.37538 2.711069059190009e-01
-3.36336 2.971581989340257e-01
-3.35135 2.544124750738120e-01
-3.33934 2.334314818793862e-01
-3.32733 2.118778300917310e-01
-3.31532 1.972851110464814e-01
-3.30330 1.942042965893402e-01
-3.29129 1.953251371917031e-01
-3.27928 1.929488516007384e-01
-3.26727 1.866632872429648e-01
-3.25526 1.784639090392287e-01
-3.24324 1.700173109089515e-01
-3.23123 1.626170220763850e-01
-3.21922 1.568487179458596e-01
-3.20721 1.525840036549205e-01
-3.19520 1.493958161531825e-01
-3.18318 1.468980158562309e-01
-3.17117 1.448435183537272e-01
-3.15916 1.430801228697197e-01
-3.14715 1.414910469024167e-01
-3.13514 1.399748989166880e-01
-3.12312 1.384549497119776e-01
-3.11111 1.368890227371729e-01
-3.09910 1.352649885945812e-01
-3.08709 1.335850072120542e-01
-3.07508 1.318494842592228e-01
-3.06306 1.300492942321560e-01
-3.05105 1.281683030341567e-01
-3.03904 1.261927646540363e-01
-3.02703 1.241219219998118e-01
-3.01502 1.219749208764274e-01
-3.00300 1.197916222620584e-01
-2.99099 1.176275741104646e-01
-2.97898 1.155452267624807e-01
-2.96697 1.136040782687311e-01
-2.95495 1.118520332790440e-01
-2.94294 1.103193512228242e-01
-2.93093 1.090156279216939e-01
-2.91892 1.079295884974532e-01
-2.90691 1.070311390219825e-01
-2.89489 1.062750527451271e-01
-2.88288 1.056057259289997e-01
-2.87087 1.049625220944361e-01
-2.85886 1.042852785379307e-01
-2.84685 1.035195711997482e-01
-2.83483 1.026213470891154e-01
-2.82282 1.015605660550172e-01
-2.81081 1.003235637113544e-01
-2.79880 9.891395667197174e-02
-2.78679 9.735204785956027e-02
-2.77477 9.567283353467752e-02
-2.76276 9.392284356626082e-02
-2.75075 9.215614496563880e-02
-2.73874 9.042989536074983e-02
-2.72673 8.879984511442468e-02
-2.71471 8.731615817910941e-02
-2.70270 8.601986130590655e-02
-2.69069 8.494015006568965e-02
-2.67868 8.409268966370542e-02
-2.66667 8.347895866987250e-02
-2.65465 8.308660217276123e-02
-2.64264 8.289069264684340e-02
-2.63063 8.285574496741577e-02
-2.61862 8.293829778724317e-02
-2.60661 8.308985699063591e-02
-2.59459 8.325999754449231e-02
-2.58258 8.339943670230208e-02
-2.57057 8.346292201887862e-02
-2.55856 8.341181618698963e-02
-2.54655 8.321629388171797e-02
-2.53453 8.285707210535224e-02
-2.52252 8.232655794677518e-02
-2.51051 8.162923383070854e-02
-2.49850 8.078109357488553e-02
-2.48649 7.980812996759006e-02
-2.47447 7.874434134126551e-02
-2.46246 7.763028325664417e-02
-2.45045 7.651313246041992e-02
-2.43844 7.544748546311772e-02
-2.42643 7.449271579210982e-02
-2.41441 7.370135875381024e-02
-2.40240 7.310032937770311e-02
-2.39039 7.268235958673666e-02
-2.37838 7.242943340310420e-02
-2.36637 7.235903631317669e-02
-2.35435 7.253581666568369e-02
-2.34234 7.299859912954589e-02
-2.33033 7.365110342239428e-02
-2.31832 7.425173749679675e-02
-2.30631 7.456569875533957e-02
-2.29429 7.455192103617031e-02
-2.28228 7.438741193389148e-02
-2.27027 7.430005424769943e-02
-2.25826 7.438748006517464e-02
-2.24625 7.459035117992449e-02
-2.23423 7.480139949411102e-02
-2.22222 7.497144064202921e-02
-2.21021 7.512777182826859e-02
-2.19820 7.533130426331759e-02
-2.18619 7.563478038371246e-02
-2.17417 7.606813347870360e-02
-2.16216 7.664019174236308e-02
-2.15015 7.734147529025052e-02
-2.13814 7.814448284012078e-02
-2.12613 7.900491219013833e-02
-2.11411 7.986637109995050e-02
-2.10210 8.066783947960925e-02
-2.09009 8.135120194609222e-02
-2.07808 8.186627661496436e-02
-2.06607 8.217276039582878e-02
-2.05405 8.224165674926634e-02
-2.04204 8.206088723452025e-02
-2.03003 8.164784592065241e-02
-2.01802 8.106141283533157e-02
-2.00601 8.039092423266779e-02
-1.99399 7.972189811550676e-02
-1.98198 7.912576192986827e-02
-1.96997 7.862119548349034e-02
-1.95796 7.806294481233504e-02
-1.94595 7.820029420558698e-02
-1.93393 7.587861666085864e-02
-1.92192 7.444018903424422e-02
-1.90991 7.285452847403760e-02
-1.89790 7.111806928860026e-02
-1.88589 6.931878751843633e-02
-1.87387 6.765488689931524e-02
-1.86186 6.626537469572676e-02
-1.84985 6.516878598043617e-02
-1.83784 6.432466764603605e-02
-1.82583 6.371209957328398e-02
-1.81381 6.334216006304071e-02
-1.80180 6.322875448296660e-02
-1.78979 6.337063534355342e-02
-1.77778 6.375327897276915e-02
-1.76577 6.435457689926605e-02
-1.75375 6.514677436709612e-02
-1.74174 6.609693450312344e-02
-1.72973 6.716876651291986e-02
-1.71772 6.832602271532683e-02
-1.70571 6.953520173937849e-02
-1.69369 7.076480261563864e-02
-1.68168 7.198423129358165e-02
-1.66967 7.317154012467791e-02
-1.65766 7.432334124916665e-02
-1.64565 7.543913991478411e-02
-1.63363 7.649412171344967e-02
-1.62162 7.734501108584119e-02
-1.60961 7.797275427793969e-02
-1.59760 7.840119677452335e-02
-1.58559 7.867816215637949e-02
-1.57357 7.881540975734305e-02
-1.56156 7.877915218689197e-02
-1.54955 7.853733023101431e-02
-1.53754 7.808745149008615e-02
-1.52553 7.745134045175729e-02
-1.51351 7.666364549149389e-02
-1.50150 7.576353214901500e-02
-1.48949 7.478386215778089e-02
-1.47748 7.373920057966121e-02
-1.46547 7.262250393724387e-02
-1.45345 7.141736371377781e-02
-1.44144 7.012048335139631e-02
-1.42943 6.875851696405971e-02
-1.41742 6.738615245290148e-02
-1.40541 6.606778866481043e-02
-1.39339 6.485829970273306e-02
-1.38138 6.379626947824119e-02
-1.36937 6.290971675053322e-02
-1.35736 6.222448602673510e-02
-1.34535 6.176711828913001e-02
-1.33333 6.156185454912125e-02
-1.32132 6.162624178570453e-02
-1.30931 6.196875825951888e-02
-1.29730 6.258859580000503e-02
-1.28529 6.347613007707630e-02
-1.27327 6.461317668730521e-02
-1.26126 6.597322550590706e-02
-1.24925 6.752222239711259e-02
-1.23724 6.922012540260390e-02
-1.22523 7.102298315063550e-02
-1.21321 7.288507371041596e-02
-1.20120 7.476081630169890e-02
-1.18919 7.660249302038258e-02
-1.17718 7.844518368975729e-02
-1.16517 8.108247602057574e-02
-1.15315 8.190282126781014e-02
-1.14114 8.295834704098455e-02
-1.12913 8.405484045637178e-02
-1.11712 8.499722289325735e-02
-1.10511 8.572149895827265e-02
-1.09309 8.622916084661883e-02
-1.08108 8.652805349611573e-02
-1.06907 8.663291794421085e-02
-1.05706 8.656447662647231e-02
-1.04505 8.634834639052992e-02
-1.03303 8.601382249944554e-02
-1.02102 8.559258516563409e-02
-1.00901 8.511737194302639e-02
-0.99700 8.462066124944513e-02
-0.98498 8.413341980941766e-02
-0.97297 8.368397217261887e-02
-0.96096 8.329704750930915e-02
-0.94895 8.299304599597192e-02
-0.93694 8.278754745269155e-02
-0.92492 8.269106497484512e-02
-0.91291 8.270904536710388e-02
-0.90090 8.284209379868097e-02
-0.88889 8.308496020090526e-02
-0.87688 8.343284610091546e-02
-0.86486 8.390716939378907e-02
-0.85285 8.437798855736212e-02
-0.84084 8.525522847936937e-02
-0.82883 8.671543357522096e-02
-0.81682 8.674852077582458e-02
-0.80480 8.690669957173165e-02
-0.79279 8.764502396418751e-02
-0.78078 8.828629511933705e-02
-0.76877 8.894825944133938e-02
-0.75676 8.960969141834066e-02
-0.74474 9.026527734321113e-02
-0.73273 9.092607930774116e-02
-0.72072 9.160576845380861e-02
-0.70871 9.232190931278003e-02
-0.69670 9.309510352905594e-02
-0.68468 9.394775087497392e-02
-0.67267 9.490259452169127e-02
-0.66066 9.598112328719371e-02
-0.64865 9.720196602160042e-02
-0.63664 9.857944585222432e-02
-0.62462 1.001224657605822e-01
-0.61261 1.018337886010771e-01
-0.60060 1.037096191866504e-01
-0.58859 1.057406304370656e-01
-0.57658 1.079177345514198e-01
-0.56456 1.102322163977845e-01
-0.55255 1.126436599132296e-01
-0.54054 1.150925233581364e-01
-0.52853 1.176676025904461e-01
-0.51652 1.205360103636378e-01
-0.50450 1.234151698941939e-01
-0.49249 1.257368106177731e-01
-0.48048 1.275476556640997e-01
-0.46847 1.292810752428548e-01
-0.45646 1.309107002629051e-01
-0.44444 1.321455328731523e-01
-0.43243 1.329026384421741e-01
-0.42042 1.332533080802696e-01
-0.40841 1.333062181143504e-01
-0.39640 1.332309349542215e-01
-0.38438 1.332690343224134e-01
-0.37237 1.337017884756234e-01
-0.36036 1.348051020497530e-01
-0.34835 1.368021647042594e-01
-0.33634 1.398204767982191e-01
-0.32432 1.438612853135608e-01
-0.31231 1.487864488422012e-01
-0.30030 1.543419677940489e-01
-0.28829 1.602691598333878e-01
-0.27628 1.664367762419163e-01
-0.26426 1.726271569147157e-01
-0.25225 1.778144924365642e-01
-0.24024 1.808096047044948e-01
-0.22823 1.862492194566463e-01
-0.21622 2.041022945879019e-01
-0.20420 2.252072538637403e-01
-0.19219 2.250882152718921e-01
-0.18018 2.102909704265741e-01
-0.16817 2.055774011162322e-01
-0.15616 2.133440828431087e-01
-0.14414 2.235363914653962e-01
-0.13213 2.312612341295792e-01
-0.12012 2.361606061457209e-01
-0.10811 2.376333753194275e-01
-0.09610 2.340979022042549e-01
-0.08408 2.264174129221907e-01
-0.07207 2.195957475868507e-01
-0.06006 2.188256946436208e-01
-0.04805 2.265741025390475e-01
-0.03604 2.352448635538942e-01
-0.02402 2.429039937805856e-01
-0.01201 2.557243762266431e-01
0.00000 2.483828529099533e-01
0.01201 2.272642234002132e-01
0.02402 2.425165660930718e-01
0.03604 2.255626826172172e-01
0.04805 2.119804917116465e-01
0.06006 1.996775835731517e-01
0.07207 1.934895950388089e-01
0.08408 1.879448721437807e-01
0.09610 1.828763141236310e-01
0.10811 1.792431557504103e-01
0.12012 1.759588177809097e-01
0.13213 1.723891617248708e-01
0.14414 1.676853506961473e-01
0.15616 1.625417814135133e-01
0.16817 1.605483646903069e-01
0.18018 1.624709688447320e-01
0.19219 1.624839357014197e-01
0.20420 1.584994786394537e-01
0.21622 1.564651193304167e-01
0.22823 1.532091868079827e-01
0.24024 1.407125203193177e-01
0.25225 1.293308421846188e-01
0.26426 1.307187035930682e-01
0.27628 1.356625861100067e-01
0.28829 1.321820972813697e-01
0.30030 1.231762894012126e-01
0.31231 1.162856735292495e-01
0.32432 1.120433949921923e-01
0.33634 1.083668462905438e-01
0.34835 1.063213527708971e-01
0.36036 1.080467728077263e-01
0.37237 1.137361738193356e-01
0.38438 1.209772303215580e-01
0.39640 1.255198569314870e-01
0.40841 1.232135094710474e-01
0.42042 1.122673997599794e-01
0.43243 9.427813317813014e-02
0.44444 7.336424486563688e-02
0.45646 5.467313549437634e-02
0.46847 1.068513928130646e-01
0.48048 3.139332658216806e-02
0.49249 2.721232874315511e-02
0.50450 2.656800515249673e-02
0.51652 2.717949547701862e-02
0.52853 2.796905873737632e-02
0.54054 2.836513737069047e-02
0.55255 2.821406283826156e-02
0.56456 2.758853044352656e-02
0.57658 2.665356731125164e-02
0.58859 2.558602121906836e-02
0.60060 2.452932870053154e-02
0.61261 2.357392920201276e-02
0.62462 2.275772848528737e-02
0.63664 2.207910870838953e-02
0.64865 2.151399635731185e-02
0.66066 2.103070484441131e-02
0.67267 2.059976908763062e-02
0.68468 2.019873988518751e-02
0.69670 1.981327056756872e-02
0.70871 1.943610080844027e-02
0.72072 1.906523089502743e-02
0.73273 1.870208697557591e-02
0.74474 1.835004080319977e-02
0.75676 1.801336041785118e-02
0.76877 1.769652886554661e-02
0.78078 1.740382963533017e-02
0.79279 1.713910884667003e-02
0.80480 1.690564980693066e-02
0.81682 1.670611820096891e-02
0.82883 1.654255135241395e-02
0.84084 1.641637403385937e-02
0.85285 1.632842880131886e-02
0.86486 1.627901267678978e-02
0.87688 1.626791506295123e-02
0.88889 1.629445423965571e-02
0.90090 1.635751161692857e-02
0.91291 1.645556407691872e-02
0.92492 1.658671530108935e-02
0.93694 1.674872709892815e-02
0.94895 1.693905160188761e-02
0.96096 1.715486490898846e-02
0.97297 1.739310247201799e-02
0.98498 1.765049624684377e-02
0.99700 1.792361343635069e-02
1.00901 1.820889651121516e-02
1.02102 1.850270410767403e-02
1.03303 1.880135235390833e-02
1.04505 1.910115615685343e-02
1.05706 1.939846997997285e-02
1.06907 1.968972765337602e-02
1.08108 1.997148077653057e-02
1.09309 2.024043529825854e-02
1.10511 2.049348588730627e-02
1.11712 2.072774773873152e-02
1.12913 2.094058549613197e-02
1.14114 2.112963900696358e-02
1.15315 2.129284566749485e-02
1.16517 2.142845915494438e-02
1.17718 2.153506438666660e-02
1.18919 2.161158858946668e-02
1.20120 2.165730840582703e-02
1.21321 2.167185300758545e-02
1.22523 2.165520323100319e-02
1.23724 2.160768678979428e-02
1.24925 2.152996966416474e-02
1.26126 2.142304380386601e-02
1.27327 2.128821132135398e-02
1.28529 2.112706538704688e-02
1.29730 2.094146807209521e-02
1.30931 2.073352541474962e-02
1.32132 2.050556001409411e-02
1.33333 2.026008147938433e-02
1.34535 1.999975508430191e-02
1.35736 1.972736899292974e-02
1.36937 1.944580043802683e-02
1.38138 1.915798124209920e-02
1.39339 1.886686307772381e-02
1.40541 1.857538286549925e-02
1.41742 1.828642870580443e-02
1.42943 1.800280673421296e-02
1.44144 1.772720927991959e-02
1.45345 1.746218469190863e-02
1.46547 1.721010917888597e-02
1.47748 1.697316098628976e-02
1.48949 1.675329720712936e-02
1.50150 1.655223349314332e-02
1.51351 1.637142689904543e-02
1.52553 1.621206205571528e-02
1.53754 1.607504082841344e-02
1.54955 1.596097557384936e-02
1.56156 1.587018606563573e-02
1.57357 1.580270011182346e-02
1.58559 1.575825784136688e-02
1.59760 1.573631958910929e-02
1.60961 1.573607726183329e-02
1.62162 1.575646902174727e-02
1.63363 1.579619707916117e-02
1.64565 1.585374834373011e-02
1.65766 1.592741764420266e-02
1.66967 1.601533319077066e-02
1.68168 1.611548392251894e-02
1.69369 1.622574835570905e-02
1.70571 1.634392452722981e-02
1.71772 1.646776061196944e-02
1.72973 1.659498578347081e-02
1.74174 1.672334088429439e-02
1.75375 1.685060847618756e-02
1.76577 1.697464185048199e-02
1.77778 1.709339259603274e-02
1.78979 1.720493634526065e-02
1.80180 1.730749634813647e-02
1.81381 1.739946455879438e-02
1.82583 1.747941995932341e-02
1.83784 1.754614388948839e-02
1.84985 1.759863219892007e-02
1.86186 1.763610408885763e-02
1.87387 1.765800756293354e-02
1.88589 1.766402145983541e-02
1.89790 1.765405409401562e-02
1.90991 1.762823858300202e-02
1.92192 1.758692499037245e-02
1.93393 1.753066946121196e-02
1.94595 1.746022057105766e-02
1.95796 1.737650314921365e-02
1.96997 1.728059987224113e-02
1.98198 1.717373095285807e-02
1.99399 1.705723227299436e-02
2.00601 1.693253232704148e-02
2.01802 1.680112835223369e-02
2.03003 1.666456202755308e-02
2.04204 1.652439512063527e-02
2.05405 1.638218545406123e-02
2.06607 1.623946354845279e-02
2.07808 1.609771028034899e-02
2.09009 1.595833586841672e-02
2.10210 1.582266047270294e-02
2.11411 1.569189665899586e-02
2.12613 1.556713394459253e-02
2.13814 1.544932560357345e-02
2.15015 1.533927786977827e-02
2.16216 1.523764163477816e-02
2.17417 1.514490669696686e-02
2.18619 1.506139857713287e-02
2.19820 1.498727787619696e-02
2.21021 1.492254211282859e-02
2.22222 1.486702994297161e-02
2.23423 1.482042763044707e-02
2.24625 1.478227760822706e-02
2.25826 1.475198894409552e-02
2.27027 1.472884950256617e-02
2.28228 1.471203957736727e-02
2.29429 1.470064675570329e-02
2.30631 1.469368176694011e-02
2.31832 1.469009506431601e-02
2.33033 1.468879388862881e-02
2.34234 1.468865956735706e-02
2.35435 1.468856481099569e-02
2.36637 1.468739078007218e-02
2.37838 1.468404371080494e-02
2.39039 1.467747090403268e-02
2.40240 1.466667590017485e-02
2.41441 1.465073268183262e-02
2.42643 1.462879876445519e-02
2.43844 1.460012705355869e-02
2.45045 1.456407636365453e-02
2.46246 1.452012050880289e-02
2.47447 1.446785588720927e-02
2.48649 1.440700749238726e-02
2.49850 1.433743329122125e-02
2.51051 1.425912691514028e-02
2.52252 1.417221861517872e-02
2.53453 1.407697443581788e-02
2.54655 1.397379356724372e-02
2.55856 1.386320384223162e-02
2.57057 1.374585535355624e-02
2.58258 1.362251218185598e-02
2.59459 1.349404224334871e-02
2.60661 1.336140529251791e-02
2.61862 1.322563914731336e-02
2.63063 1.308784424350688e-02
2.64264 1.294916667002508e-02
2.65465 1.281077988717230e-02
2.66667 1.267386538287253e-02
2.67868 1.253959257606529e-02
2.69069 1.240909832837996e-02
2.70270 1.228346647204587e-02
2.71471 1.216370780038249e-02
2.72673 1.205074099391347e-02
2.73874 1.194537496720734e-02
2.75075 1.184829311652546e-02
2.76276 1.176003992454370e-02
2.77477 1.168101033502006e-02
2.78679 1.161144224756456e-02
2.79880 1.155141240202301e-02
2.81081 1.150083582592677e-02
2.82282 1.145946891055161e-02
2.83483 1.142691606582689e-02
2.84685 1.140263978675984e-02
2.85886 1.138597384968933e-02
2.87087 1.137613925110834e-02
2.88288 1.137226241025786e-02
2.89489 1.137339508383295e-02
2.90691 1.137853539066111e-02
2.91892 1.138664931864431e-02
2.93093 1.139669208677479e-02
2.94294 1.140762876138390e-02
2.95495 1.141845357627472e-02
2.96697 1.142820747802208e-02
2.97898 1.143599350637121e-02
2.99099 1.144098972035542e-02
3.00300 1.144245948798331e-02
3.01502 1.143975906545105e-02
3.02703 1.143234249533845e-02
3.03904 1.141976394719969e-02
3.05105 1.140167770423048e-02
3.06306 1.137783606319175e-02
3.07508 1.134808545958632e-02
3.08709 1.131236115554659e-02
3.09910 1.127068083452493e-02
3.11111 1.122313743629392e-02
3.12312 1.116989154046975e-02
3.13514 1.111116356993861e-02
3.14715 1.104722604075631e-02
3.15916 1.097839603599193e-02
3.17117 1.090502803113838e-02
3.18318 1.082750715129315e-02
3.19520 1.074624289794289e-02
3.20721 1.066166334781565e-02
3.21922 1.057420979910905e-02
3.23123 1.048433182193857e-02
3.24324 1.039248265987684e-02
3.25526 1.029911492719321e-02
3.26727 1.020467655062804e-02
3.27928 1.010960691373648e-02
3.29129 1.001433317436047e-02
3.30330 9.919266740002626e-03
3.31532 9.824799900283702e-03
3.32733 9.731302629007187e-03
3.33934 9.639119579671226e-03
3.35135 9.548567306926685e-03
3.36336 9.459931752172610e-03
3.37538 9.373466034188295e-03
3.38739 9.289388585639172e-03
3.39940 9.207881673847848e-03
3.41141 9.129090339867947e-03
3.42342 9.053121784141705e-03
3.43544 8.980045220332121e-03
3.44745 8.909892211684601e-03
3.45946 8.842657496778228e-03
3.47147 8.778300303939513e-03
3.48348 8.716746145976914e-03
3.49550 8.657889079234697e-03
3.50751 8.601594403191807e-03
3.51952 8.547701768872049e-03
3.53153 8.496028656138585e-03
3.54354 8.446374171538616e-03
3.55556 8.398523109851622e-03
3.56757 8.352250214088126e-03
3.57958 8.307324560703024e-03
3.59159 8.263513989633086e-03
3.60360 8.220589492914194e-03
3.61562 8.178329471580568e-03
3.62763 8.136523768781120e-03
3.63964 8.094977387997311e-03
3.65165 8.053513809237235e-03
3.66366 8.011977823299814e-03
3.67568 7.970237814668334e-03
3.68769 7.928187437135104e-03
3.69970 7.885746642521204e-03
3.71171 7.842862041298014e-03
3.72372 7.799506593846800e-03
3.73574 7.755678651695063e-03
3.74775 7.711400388453391e-03
3.75976 7.666715679432558e-03
3.77177 7.621687506163773e-03
3.78378 7.576394976476479e-03
3.79580 7.530930061739194e-03
3.80781 7.485394159840793e-03
3.81982 7.439894595184970e-03
3.83183 7.394541165305512e-03
3.84384 7.349442837822715e-03
3.85586 7.304704691695806e-03
3.86787 7.260425183615738e-03
3.87988 7.216693804611645e-03
3.89189 7.173589174308974e-03
3.90390 7.131177601640558e-03
3.91592 7.089512122050461e-03
3.92793 7.048632003191335e-03
3.93994 7.008562694569749e-03
3.95195 6.969316182196759e-03
3.96396 6.930891697568672e-03
3.97598 6.893276721586249e-03
3.98799 6.856448218501370e-03
4.00000 6.820374032668793e-03
