-8.00000 2.47776e-03
-7.98799 2.53756e-03
-7.97598 2.59914e-03
-7.96396 2.66257e-03
-7.95195 2.72792e-03
-7.93994 2.79527e-03
-7.92793 2.86471e-03
-7.91592 2.93634e-03
-7.90390 3.01026e-03
-7.89189 3.08662e-03
-7.87988 3.16555e-03
-7.86787 3.24722e-03
-7.85586 3.33179e-03
-7.84384 3.41944e-03
-7.83183 3.51033e-03
-7.81982 3.60459e-03
-7.80781 3.70233e-03
-7.79580 3.80361e-03
-7.78378 3.90846e-03
-7.77177 4.01688e-03
-7.75976 4.12888e-03
-7.74775 4.24452e-03
-7.73574 4.36399e-03
-7.72372 4.48763e-03
-7.71171 4.61606e-03
-7.69970 4.75014e-03
-7.68769 4.89103e-03
-7.67568 5.04012e-03
-7.66366 5.19899e-03
-7.65165 5.36934e-03
-7.63964 5.55301e-03
-7.62763 5.75213e-03
-7.61562 5.96947e-03
-7.60360 6.20890e-03
-7.59159 6.47589e-03
-7.57958 6.77776e-03
-7.56757 7.12315e-03
-7.55556 7.52072e-03
-7.54354 7.97676e-03
-7.53153 8.49198e-03
-7.51952 9.05737e-03
-7.50751 9.64832e-03
-7.49550 1.02175e-02
-7.48348 1.06938e-02
-7.47147 1.10068e-02
-7.45946 1.11570e-02
-7.44745 1.12976e-02
-7.43544 1.17345e-02
-7.42342 1.27783e-02
-7.41141 1.44845e-02
-7.39940 1.67191e-02
-7.38739 1.95945e-02
-7.37538 2.47072e-02
-7.36336 3.98737e-02
-7.35135 3.37509e-02
-7.33934 3.49122e-02
-7.32733 3.88009e-02
-7.31532 4.19257e-02
-7.30330 4.38082e-02
-7.29129 4.43681e-02
-7.27928 4.38304e-02
-7.26727 4.25942e-02
-7.25526 4.11426e-02
-7.24324 3.99120e-02
-7.23123 3.92054e-02
-7.21922 3.91508e-02
-7.20721 3.97041e-02
-7.19520 4.06906e-02
-7.18318 4.18680e-02
-7.17117 4.29925e-02
-7.15916 4.38706e-02
-7.14715 4.43889e-02
-7.13514 4.45187e-02
-7.12312 4.43037e-02
-7.11111 4.38358e-02
-7.09910 4.32286e-02
-7.08709 4.25950e-02
-7.07508 4.20303e-02
-7.06306 4.16039e-02
-7.05105 4.13566e-02
-7.03904 4.13032e-02
-7.02703 4.14369e-02
-7.01502 4.17350e-02
-7.00300 4.21644e-02
-6.99099 4.26864e-02
-6.97898 4.32605e-02
-6.96697 4.38478e-02
-6.95495 4.44137e-02
-6.94294 4.49299e-02
-6.93093 4.53759e-02
-6.91892 4.57399e-02
-6.90691 4.60187e-02
-6.89489 4.62171e-02
-6.88288 4.63471e-02
-6.87087 4.64264e-02
-6.85886 4.64774e-02
-6.84685 4.65252e-02
-6.83483 4.65962e-02
-6.82282 4.67166e-02
-6.81081 4.69112e-02
-6.79880 4.72022e-02
-6.78679 4.76088e-02
-6.77477 4.81470e-02
-6.76276 4.88270e-02
-6.75075 4.96470e-02
-6.73874 5.05819e-02
-6.72673 5.15698e-02
-6.71471 5.25090e-02
-6.70270 5.32815e-02
-6.69069 5.38201e-02
-6.67868 5.42102e-02
-6.66667 5.47720e-02
-6.65465 5.60331e-02
-6.64264 5.85276e-02
-6.63063 6.24722e-02
-6.61862 6.75141e-02
-6.60661 7.27776e-02
-6.59459 7.72622e-02
-6.58258 8.03725e-02
-6.57057 8.22155e-02
-6.55856 8.34615e-02
-6.54655 8.48916e-02
-6.53453 8.69668e-02
-6.52252 8.96819e-02
-6.51051 9.27132e-02
-6.49850 9.56792e-02
-6.48649 9.83295e-02
-6.47447 1.00596e-01
-6.46246 1.02548e-01
-6.45045 1.04329e-01
-6.43844 1.06103e-01
-6.42643 1.08024e-01
-6.41441 1.10188e-01
-6.40240 1.12603e-01
-6.39039 1.15153e-01
-6.37838 1.17634e-01
-6.36637 1.19825e-01
-6.35435 1.21600e-01
-6.34234 1.22993e-01
-6.33033 1.24193e-01
-6.31832 1.25441e-01
-6.30631 1.26893e-01
-6.29429 1.28529e-01
-6.28228 1.30161e-01
-6.27027 1.31537e-01
-6.25826 1.32476e-01
-6.24625 1.32963e-01
-6.23423 1.33133e-01
-6.22222 1.33192e-01
-6.21021 1.33302e-01
-6.19820 1.33521e-01
-6.18619 1.33797e-01
-6.17417 1.34023e-01
-6.16216 1.34099e-01
-6.15015 1.33978e-01
-6.13814 1.33677e-01
-6.12613 1.33259e-01
-6.11411 1.32806e-01
-6.10210 1.32390e-01
-6.09009 1.32060e-01
-6.07808 1.31828e-01
-6.06607 1.31679e-01
-6.05405 1.31581e-01
-6.04204 1.31494e-01
-6.03003 1.31382e-01
-6.01802 1.31222e-01
-6.00601 1.31004e-01
-5.99399 1.30732e-01
-5.98198 1.30420e-01
-5.96997 1.30084e-01
-5.95796 1.29738e-01
-5.94595 1.29392e-01
-5.93393 1.29047e-01
-5.92192 1.28698e-01
-5.90991 1.28334e-01
-5.89790 1.27947e-01
-5.88589 1.27525e-01
-5.87387 1.27066e-01
-5.86186 1.26572e-01
-5.84985 1.26050e-01
-5.83784 1.25513e-01
-5.82583 1.24977e-01
-5.81381 1.24456e-01
-5.80180 1.23959e-01
-5.78979 1.23492e-01
-5.77778 1.23054e-01
-5.76577 1.22634e-01
-5.75375 1.22219e-01
-5.74174 1.21789e-01
-5.72973 1.21323e-01
-5.71772 1.20801e-01
-5.70571 1.20205e-01
-5.69369 1.19544e-01
-5.68168 1.18873e-01
-5.66967 1.18168e-01
-5.65766 1.17172e-01
-5.64565 1.16015e-01
-5.63363 1.16021e-01
-5.62162 1.17815e-01
-5.60961 1.18783e-01
-5.59760 1.16307e-01
-5.58559 1.12175e-01
-5.57357 1.09494e-01
-5.56156 1.08346e-01
-5.54955 1.07358e-01
-5.53754 1.06144e-01
-5.52553 1.04954e-01
-5.51351 1.03884e-01
-5.50150 1.02896e-01
-5.48949 1.01968e-01
-5.47748 1.01105e-01
-5.46547 1.00312e-01
-5.45345 9.95911e-02
-5.44144 9.89377e-02
-5.42943 9.83450e-02
-5.41742 9.78039e-02
-5.40541 9.73046e-02
-5.39339 9.68382e-02
-5.38138 9.63984e-02
-5.36937 9.59838e-02
-5.35736 9.55987e-02
-5.34535 9.52546e-02
-5.33333 9.49700e-02
-5.32132 9.47694e-02
-5.30931 9.46808e-02
-5.29730 9.47320e-02
-5.28529 9.49465e-02
-5.27327 9.53403e-02
-5.26126 9.59220e-02
-5.24925 9.66956e-02
-5.23724 9.76680e-02
-5.22523 9.88551e-02
-5.21321 1.00285e-01
-5.20120 1.01991e-01
-5.18919 1.03995e-01
-5.17718 1.06279e-01
-5.16517 1.08761e-01
-5.15315 1.11289e-01
-5.14114 1.13651e-01
-5.12913 1.15622e-01
-5.11712 1.17018e-01
-5.10511 1.17758e-01
-5.09309 1.17890e-01
-5.08108 1.17590e-01
-5.06907 1.17115e-01
-5.05706 1.16734e-01
-5.04505 1.16648e-01
-5.03303 1.16925e-01
-5.02102 1.17467e-01
-5.00901 1.18016e-01
-4.99700 1.18229e-01
-4.98498 1.17786e-01
-4.97297 1.16517e-01
-4.96096 1.14488e-01
-4.94895 1.11995e-01
-4.93694 1.09473e-01
-4.92492 1.07347e-01
-4.91291 1.05904e-01
-4.90090 1.05237e-01
-4.88889 1.05273e-01
-4.87688 1.05857e-01
-4.86486 1.06834e-01
-4.85285 1.08096e-01
-4.84084 1.09585e-01
-4.82883 1.11265e-01
-4.81682 1.13089e-01
-4.80480 1.14991e-01
-4.79279 1.16885e-01
-4.78078 1.18695e-01
-4.76877 1.20339e-01
-4.75676 1.21622e-01
-4.74474 1.31748e-01
-4.73273 1.26587e-01
-4.72072 1.26620e-01
-4.70871 1.28408e-01
-4.69670 1.30278e-01
-4.68468 1.32077e-01
-4.67267 1.33607e-01
-4.66066 1.34684e-01
-4.64865 1.35211e-01
-4.63664 1.35217e-01
-4.62462 1.34854e-01
-4.61261 1.34352e-01
-4.60060 1.33938e-01
-4.58859 1.33785e-01
-4.57658 1.34068e-01
-4.56456 1.34800e-01
-4.55255 1.35406e-01
-4.54054 1.37578e-01
-4.52853 1.46053e-01
-4.51652 1.53146e-01
-4.50450 1.42561e-01
-4.49249 1.41028e-01
-4.48048 1.42281e-01
-4.46847 1.43286e-01
-4.45646 1.44354e-01
-4.44444 1.45433e-01
-4.43243 1.46362e-01
-4.42042 1.47094e-01
-4.40841 1.47619e-01
-4.39640 1.47962e-01
-4.38438 1.48195e-01
-4.37237 1.48430e-01
-4.36036 1.48791e-01
-4.34835 1.49390e-01
-4.33634 1.50283e-01
-4.32432 1.51452e-01
-4.31231 1.52793e-01
-4.30030 1.54129e-01
-4.28829 1.55258e-01
-4.27628 1.55984e-01
-4.26426 1.56239e-01
-4.25225 1.56272e-01
-4.24024 1.55149e-01
-4.22823 1.60542e-01
-4.21622 1.60262e-01
-4.20420 1.53514e-01
-4.19219 1.51540e-01
-4.18018 1.51019e-01
-4.16817 1.50268e-01
-4.15616 1.49735e-01
-4.14414 1.49208e-01
-4.13213 1.48732e-01
-4.12012 1.48396e-01
-4.10811 1.48302e-01
-4.09610 1.48530e-01
-4.08408 1.49108e-01
-4.07207 1.50006e-01
-4.06006 1.51140e-01
-4.04805 1.52400e-01
-4.03604 1.53680e-01
-4.02402 1.54913e-01
-4.01201 1.56088e-01
-4.00000 1.57254e-01
-3.98799 1.58488e-01
-3.97598 1.59855e-01
-3.96396 1.61340e-01
-3.95195 1.62796e-01
-3.93994 1.63950e-01
-3.92793 1.64512e-01
-3.91592 1.64331e-01
-3.90390 1.63409e-01
-3.89189 1.61999e-01
-3.87988 1.61164e-01
-3.86787 1.62188e-01
-3.85586 1.63995e-01
-3.84384 1.63810e-01
-3.83183 1.62186e-01
-3.81982 1.62931e-01
-3.80781 1.67342e-01
-3.79580 1.72948e-01
-3.78378 1.77086e-01
-3.77177 1.79032e-01
-3.75976 1.79749e-01
-3.74775 1.80707e-01
-3.73574 1.82647e-01
-3.72372 1.85243e-01
-3.71171 1.87764e-01
-3.69970 1.89790e-01
-3.68769 1.91354e-01
-3.67568 1.92682e-01
-3.66366 1.93966e-01
-3.65165 1.95309e-01
-3.63964 1.96757e-01
-3.62763 1.98356e-01
-3.61562 2.00197e-01
-3.60360 2.02459e-01
-3.59159 2.05389e-01
-3.57958 2.09186e-01
-3.56757 2.13808e-01
-3.55556 2.18815e-01
-3.54354 2.23394e-01
-3.53153 2.26639e-01
-3.51952 2.27992e-01
-3.50751 2.27551e-01
-3.49550 2.26062e-01
-3.48348 2.24874e-01
-3.47147 2.26363e-01
-3.45946 2.33293e-01
-3.44745 2.45269e-01
-3.43544 2.63744e-01
-3.42342 2.82439e-01
-3.41141 2.88556e-01
-3.39940 2.87446e-01
-3.38739 2.77160e-01
-3.37538 2.93155e-01
-3.36336 2.64077e-01
-3.35135 2.43480e-01
-3.33934 2.23837e-01
-3.32733 2.06771e-01
-3.31532 1.95320e-01
-3.30330 1.89255e-01
-3.29129 1.85844e-01
-3.27928 1.82548e-01
-3.26727 1.78430e-01
-3.25526 1.73701e-01
-3.24324 1.68779e-01
-3.23123 1.63906e-01
-3.21922 1.59225e-01
-3.20721 1.54882e-01
-3.19520 1.50991e-01
-3.18318 1.47590e-01
-3.17117 1.44640e-01
-3.15916 1.42062e-01
-3.14715 1.39767e-01
-3.13514 1.37681e-01
-3.12312 1.35749e-01
-3.11111 1.33929e-01
-3.09910 1.32192e-01
-3.08709 1.30508e-01
-3.07508 1.28852e-01
-3.06306 1.27203e-01
-3.05105 1.25543e-01
-3.03904 1.23862e-01
-3.02703 1.22155e-01
-3.01502 1.20426e-01
-3.00300 1.18681e-01
-2.99099 1.16932e-01
-2.97898 1.15191e-01
-2.96697 1.13472e-01
-2.95495 1.11789e-01
-2.94294 1.10154e-01
-2.93093 1.08579e-01
-2.91892 1.07072e-01
-2.90691 1.05640e-01
-2.89489 1.04286e-01
-2.88288 1.03010e-01
-2.87087 1.01810e-01
-2.85886 1.00681e-01
-2.84685 9.96139e-02
-2.83483 9.85998e-02
-2.82282 9.76282e-02
-2.81081 9.66881e-02
-2.79880 9.57692e-02
-2.78679 9.48624e-02
-2.77477 9.39601e-02
-2.76276 9.30567e-02
-2.75075 9.21490e-02
-2.73874 9.12359e-02
-2.72673 9.03185e-02
-2.71471 8.93998e-02
-2.70270 8.84842e-02
-2.69069 8.75774e-02
-2.67868 8.66857e-02
-2.66667 8.58155e-02
-2.65465 8.49732e-02
-2.64264 8.41643e-02
-2.63063 8.33937e-02
-2.61862 8.26652e-02
-2.60661 8.19813e-02
-2.59459 8.13435e-02
-2.58258 8.07520e-02
-2.57057 8.02058e-02
-2.55856 7.97030e-02
-2.54655 7.92409e-02
-2.53453 7.88164e-02
-2.52252 7.84269e-02
-2.51051 7.80703e-02
-2.49850 7.77465e-02
-2.48649 7.74568e-02
-2.47447 7.72036e-02
-2.46246 7.69883e-02
-2.45045 7.68103e-02
-2.43844 7.66669e-02
-2.42643 7.65560e-02
-2.41441 7.64813e-02
-2.40240 7.64562e-02
-2.39039 7.65024e-02
-2.37838 7.66393e-02
-2.36637 7.68684e-02
-2.35435 7.71600e-02
-2.34234 7.74539e-02
-2.33033 7.76768e-02
-2.31832 7.77715e-02
-2.30631 7.77215e-02
-2.29429 7.75571e-02
-2.28228 7.73398e-02
-2.27027 7.71331e-02
-2.25826 7.69765e-02
-2.24625 7.68761e-02
-2.23423 7.68123e-02
-2.22222 7.67571e-02
-2.21021 7.66902e-02
-2.19820 7.66066e-02
-2.18619 7.65141e-02
-2.17417 7.64263e-02
-2.16216 7.63558e-02
-2.15015 7.63094e-02
-2.13814 7.62876e-02
-2.12613 7.62848e-02
-2.11411 7.62918e-02
-2.10210 7.62977e-02
-2.09009 7.62932e-02
-2.07808 7.62739e-02
-2.06607 7.62423e-02
-2.05405 7.62085e-02
-2.04204 7.61851e-02
-2.03003 7.61823e-02
-2.01802 7.62063e-02
-2.00601 7.62604e-02
-1.99399 7.63401e-02
-1.98198 7.64266e-02
-1.96997 7.64527e-02
-1.95796 7.67207e-02
-1.94595 7.67812e-02
-1.93393 7.56471e-02
-1.92192 7.51406e-02
-1.90991 7.44840e-02
-1.89790 7.37807e-02
-1.88589 7.30484e-02
-1.87387 7.23404e-02
-1.86186 7.17005e-02
-1.84985 7.11488e-02
-1.83784 7.06815e-02
-1.82583 7.02834e-02
-1.81381 6.99400e-02
-1.80180 6.96446e-02
-1.78979 6.93976e-02
-1.77778 6.92016e-02
-1.76577 6.90568e-02
-1.75375 6.89593e-02
-1.74174 6.89028e-02
-1.72973 6.88817e-02
-1.71772 6.88941e-02
-1.70571 6.89427e-02
-1.69369 6.90344e-02
-1.68168 6.91776e-02
-1.66967 6.93768e-02
-1.65766 6.96280e-02
-1.64565 6.99272e-02
-1.63363 7.02407e-02
-1.62162 7.04950e-02
-1.60961 7.07719e-02
-1.59760 7.10373e-02
-1.58559 7.12959e-02
-1.57357 7.15440e-02
-1.56156 7.17714e-02
-1.54955 7.19671e-02
-1.53754 7.21250e-02
-1.52553 7.22463e-02
-1.51351 7.23366e-02
-1.50150 7.24022e-02
-1.48949 7.24474e-02
-1.47748 7.24738e-02
-1.46547 7.24810e-02
-1.45345 7.24677e-02
-1.44144 7.24331e-02
-1.42943 7.23773e-02
-1.41742 7.23021e-02
-1.40541 7.22109e-02
-1.39339 7.21086e-02
-1.38138 7.20010e-02
-1.36937 7.18951e-02
-1.35736 7.17984e-02
-1.34535 7.17184e-02
-1.33333 7.16627e-02
-1.32132 7.16381e-02
-1.30931 7.16506e-02
-1.29730 7.17049e-02
-1.28529 7.18044e-02
-1.27327 7.19511e-02
-1.26126 7.21454e-02
-1.24925 7.23866e-02
-1.23724 7.26727e-02
-1.22523 7.30010e-02
-1.21321 7.33679e-02
-1.20120 7.37696e-02
-1.18919 7.42018e-02
-1.17718 7.46607e-02
-1.16517 7.51423e-02
-1.15315 7.56430e-02
-1.14114 7.61599e-02
-1.12913 7.66901e-02
-1.11712 7.72317e-02
-1.10511 7.77829e-02
-1.09309 7.83422e-02
-1.08108 7.89087e-02
-1.06907 7.94815e-02
-1.05706 8.00598e-02
-1.04505 8.06427e-02
-1.03303 8.12294e-02
-1.02102 8.18187e-02
-1.00901 8.24093e-02
-0.99700 8.29994e-02
-0.98498 8.35873e-02
-0.97297 8.41704e-02
-0.96096 8.47464e-02
-0.94895 8.53125e-02
-0.93694 8.58656e-02
-0.92492 8.64029e-02
-0.91291 8.69217e-02
-0.90090 8.74193e-02
-0.88889 8.78937e-02
-0.87688 8.83435e-02
-0.86486 8.87681e-02
-0.85285 8.91679e-02
-0.84084 8.95446e-02
-0.82883 8.99012e-02
-0.81682 9.02421e-02
-0.80480 9.05734e-02
-0.79279 9.09028e-02
-0.78078 9.12396e-02
-0.76877 9.15946e-02
-0.75676 9.19803e-02
-0.74474 9.24104e-02
-0.73273 9.28995e-02
-0.72072 9.34633e-02
-0.70871 9.41175e-02
-0.69670 9.48775e-02
-0.68468 9.57578e-02
-0.67267 9.67710e-02
-0.66066 9.79268e-02
-0.64865 9.92311e-02
-0.63664 1.00685e-01
-0.62462 1.02282e-01
-0.61261 1.04011e-01
-0.60060 1.05852e-01
-0.58859 1.07777e-01
-0.57658 1.09752e-01
-0.56456 1.11736e-01
-0.55255 1.13688e-01
-0.54054 1.15563e-01
-0.52853 1.17322e-01
-0.51652 1.18936e-01
-0.50450 1.20384e-01
-0.49249 1.21666e-01
-0.48048 1.22799e-01
-0.46847 1.23822e-01
-0.45646 1.24794e-01
-0.44444 1.25791e-01
-0.43243 1.26904e-01
-0.42042 1.28228e-01
-0.40841 1.29855e-01
-0.39640 1.31866e-01
-0.38438 1.34319e-01
-0.37237 1.37240e-01
-0.36036 1.40615e-01
-0.34835 1.44400e-01
-0.33634 1.48531e-01
-0.32432 1.52949e-01
-0.31231 1.57582e-01
-0.30030 1.62266e-01
-0.28829 1.66606e-01
-0.27628 1.70061e-01
-0.26426 1.72821e-01
-0.25225 1.77163e-01
-0.24024 1.86643e-01
-0.22823 2.01398e-01
-0.21622 2.15055e-01
-0.20420 2.20210e-01
-0.19219 2.16895e-01
-0.18018 2.12000e-01
-0.16817 2.11095e-01
-0.15616 2.14297e-01
-0.14414 2.18920e-01
-0.13213 2.22746e-01
-0.12012 2.24780e-01
-0.10811 2.24924e-01
-0.09610 2.23790e-01
-0.08408 2.22420e-01
-0.07207 2.21537e-01
-0.06006 2.21281e-01
-0.04805 2.22648e-01
-0.03604 2.26936e-01
-0.02402 2.31051e-01
-0.01201 2.28576e-01
0.00000 2.20317e-01
0.01201 2.28437e-01
0.02402 2.29012e-01
0.03604 2.14664e-01
0.04805 2.08645e-01
0.06006 2.02121e-01
0.07207 1.97654e-01
0.08408 1.94253e-01
0.09610 1.90656e-01
0.10811 1.86880e-01
0.12012 1.82979e-01
0.13213 1.79064e-01
0.14414 1.75376e-01
0.15616 1.71703e-01
0.16817 1.67335e-01
0.18018 1.62133e-01
0.19219 1.56995e-01
0.20420 1.52420e-01
0.21622 1.47439e-01
0.22823 1.41397e-01
0.24024 1.35864e-01
0.25225 1.32785e-01
0.26426 1.31484e-01
0.27628 1.29533e-01
0.28829 1.26058e-01
0.30030 1.22472e-01
0.31231 1.20223e-01
0.32432 1.19227e-01
0.33634 1.18506e-01
0.34835 1.17390e-01
0.36036 1.15736e-01
0.37237 1.13442e-01
0.38438 1.10112e-01
0.39640 1.05167e-01
0.40841 9.81663e-02
0.42042 8.90698e-02
0.43243 7.83238e-02
0.44444 6.84769e-02
0.45646 3.99218e-01
0.46847 4.47267e-02
0.48048 3.70146e-02
0.49249 3.10020e-02
0.50450 2.70183e-02
0.51652 2.48086e-02
0.52853 2.39180e-02
0.54054 2.38817e-02
0.55255 2.42999e-02
0.56456 2.48706e-02
0.57658 2.53910e-02
0.58859 2.57442e-02
0.60060 2.58791e-02
0.61261 2.57927e-02
0.62462 2.55129e-02
0.63664 2.50854e-02
0.64865 2.45620e-02
0.66066 2.39922e-02
0.67267 2.34176e-02
0.68468 2.28695e-02
0.69670 2.23681e-02
0.70871 2.19242e-02
0.72072 2.15409e-02
0.73273 2.12163e-02
0.74474 2.09450e-02
0.75676 2.07201e-02
0.76877 2.05345e-02
0.78078 2.03810e-02
0.79279 2.02533e-02
0.80480 2.01458e-02
0.81682 2.00539e-02
0.82883 1.99738e-02
0.84084 1.99022e-02
0.85285 1.98367e-02
0.86486 1.97754e-02
0.87688 1.97168e-02
0.88889 1.96599e-02
0.90090 1.96042e-02
0.91291 1.95491e-02
0.92492 1.94946e-02
0.93694 1.94407e-02
0.94895 1.93875e-02
0.96096 1.93351e-02
0.97297 1.92838e-02
0.98498 1.92338e-02
0.99700 1.91853e-02
1.00901 1.91384e-02
1.02102 1.90932e-02
1.03303 1.90497e-02
1.04505 1.90080e-02
1.05706 1.89681e-02
1.06907 1.89298e-02
1.08108 1.88932e-02
1.09309 1.88581e-02
1.10511 1.88244e-02
1.11712 1.87919e-02
1.12913 1.87605e-02
1.14114 1.87300e-02
1.15315 1.87003e-02
1.16517 1.86711e-02
1.17718 1.86424e-02
1.18919 1.86139e-02
1.20120 1.85855e-02
1.21321 1.85570e-02
1.22523 1.85283e-02
1.23724 1.84992e-02
1.24925 1.84697e-02
1.26126 1.84396e-02
1.27327 1.84088e-02
1.28529 1.83772e-02
1.29730 1.83448e-02
1.30931 1.83114e-02
1.32132 1.82771e-02
1.33333 1.82417e-02
1.34535 1.82054e-02
1.35736 1.81680e-02
1.36937 1.81296e-02
1.38138 1.80901e-02
1.39339 1.80497e-02
1.40541 1.80083e-02
1.41742 1.79660e-02
1.42943 1.79227e-02
1.44144 1.78787e-02
1.45345 1.78339e-02
1.46547 1.77883e-02
1.47748 1.77422e-02
1.48949 1.76954e-02
1.50150 1.76480e-02
1.51351 1.76003e-02
1.52553 1.75520e-02
1.53754 1.75034e-02
1.54955 1.74545e-02
1.56156 1.74054e-02
1.57357 1.73559e-02
1.58559 1.73063e-02
1.59760 1.72565e-02
1.60961 1.72066e-02
1.62162 1.71565e-02
1.63363 1.71063e-02
1.64565 1.70560e-02
1.65766 1.70055e-02
1.66967 1.69549e-02
1.68168 1.69041e-02
1.69369 1.68532e-02
1.70571 1.68021e-02
1.71772 1.67508e-02
1.72973 1.66992e-02
1.74174 1.66474e-02
1.75375 1.65952e-02
1.76577 1.65428e-02
1.77778 1.64899e-02
1.78979 1.64367e-02
1.80180 1.63831e-02
1.81381 1.63290e-02
1.82583 1.62745e-02
1.83784 1.62195e-02
1.84985 1.61640e-02
1.86186 1.61081e-02
1.87387 1.60516e-02
1.88589 1.59946e-02
1.89790 1.59372e-02
1.90991 1.58792e-02
1.92192 1.58209e-02
1.93393 1.57621e-02
1.94595 1.57029e-02
1.95796 1.56433e-02
1.96997 1.55834e-02
1.98198 1.55233e-02
1.99399 1.54630e-02
2.00601 1.54024e-02
2.01802 1.53418e-02
2.03003 1.52811e-02
2.04204 1.52204e-02
2.05405 1.51598e-02
2.06607 1.50993e-02
2.07808 1.50390e-02
2.09009 1.49790e-02
2.10210 1.49193e-02
2.11411 1.48599e-02
2.12613 1.48009e-02
2.13814 1.47425e-02
2.15015 1.46845e-02
2.16216 1.46270e-02
2.17417 1.45702e-02
2.18619 1.45139e-02
2.19820 1.44583e-02
2.21021 1.44033e-02
2.22222 1.43490e-02
2.23423 1.42953e-02
2.24625 1.42422e-02
2.25826 1.41899e-02
2.27027 1.41381e-02
2.28228 1.40869e-02
2.29429 1.40363e-02
2.30631 1.39862e-02
2.31832 1.39367e-02
2.33033 1.38875e-02
2.34234 1.38388e-02
2.35435 1.37904e-02
2.36637 1.37423e-02
2.37838 1.36945e-02
2.39039 1.36468e-02
2.40240 1.35992e-02
2.41441 1.35517e-02
2.42643 1.35041e-02
2.43844 1.34565e-02
2.45045 1.34087e-02
2.46246 1.33607e-02
2.47447 1.33125e-02
2.48649 1.32639e-02
2.49850 1.32150e-02
2.51051 1.31657e-02
2.52252 1.31160e-02
2.53453 1.30658e-02
2.54655 1.30150e-02
2.55856 1.29638e-02
2.57057 1.29119e-02
2.58258 1.28595e-02
2.59459 1.28065e-02
2.60661 1.27530e-02
2.61862 1.26988e-02
2.63063 1.26440e-02
2.64264 1.25887e-02
2.65465 1.25329e-02
2.66667 1.24765e-02
2.67868 1.24196e-02
2.69069 1.23622e-02
2.70270 1.23044e-02
2.71471 1.22462e-02
2.72673 1.21877e-02
2.73874 1.21288e-02
2.75075 1.20697e-02
2.76276 1.20104e-02
2.77477 1.19509e-02
2.78679 1.18913e-02
2.79880 1.18316e-02
2.81081 1.17719e-02
2.82282 1.17122e-02
2.83483 1.16527e-02
2.84685 1.15933e-02
2.85886 1.15340e-02
2.87087 1.14750e-02
2.88288 1.14162e-02
2.89489 1.13578e-02
2.90691 1.12997e-02
2.91892 1.12420e-02
2.93093 1.11847e-02
2.94294 1.11278e-02
2.95495 1.10714e-02
2.96697 1.10155e-02
2.97898 1.09601e-02
2.99099 1.09052e-02
3.00300 1.08508e-02
3.01502 1.07970e-02
3.02703 1.07437e-02
3.03904 1.06910e-02
3.05105 1.06388e-02
3.06306 1.05872e-02
3.07508 1.05361e-02
3.08709 1.04856e-02
3.09910 1.04356e-02
3.11111 1.03862e-02
3.12312 1.03372e-02
3.13514 1.02887e-02
3.14715 1.02408e-02
3.15916 1.01933e-02
3.17117 1.01462e-02
3.18318 1.00996e-02
3.19520 1.00534e-02
3.20721 1.00077e-02
3.21922 9.96229e-03
3.23123 9.91731e-03
3.24324 9.87269e-03
3.25526 9.82843e-03
3.26727 9.78451e-03
3.27928 9.74092e-03
3.29129 9.69765e-03
3.30330 9.65469e-03
3.31532 9.61203e-03
3.32733 9.56965e-03
3.33934 9.52757e-03
3.35135 9.48576e-03
3.36336 9.44422e-03
3.37538 9.40295e-03
3.38739 9.36194e-03
3.39940 9.32120e-03
3.41141 9.28071e-03
3.42342 9.24048e-03
3.43544 9.20050e-03
3.44745 9.16078e-03
3.45946 9.12132e-03
3.47147 9.08211e-03
3.48348 9.04316e-03
3.49550 9.00446e-03
3.50751 8.96602e-03
3.51952 8.92783e-03
3.53153 8.88990e-03
3.54354 8.85223e-03
3.55556 8.81482e-03
3.56757 8.77766e-03
3.57958 8.74076e-03
3.59159 8.70412e-03
3.60360 8.66773e-03
3.61562 8.63159e-03
3.62763 8.59570e-03
3.63964 8.56006e-03
3.65165 8.52467e-03
3.66366 8.48951e-03
3.67568 8.45460e-03
3.68769 8.41991e-03
3.69970 8.38545e-03
3.71171 8.35122e-03
3.72372 8.31720e-03
3.73574 8.28340e-03
3.74775 8.24980e-03
3.75976 8.21641e-03
3.77177 8.18321e-03
3.78378 8.15020e-03
3.79580 8.11738e-03
3.80781 8.08474e-03
3.81982 8.05228e-03
3.83183 8.01999e-03
3.84384 7.98787e-03
3.85586 7.95591e-03
3.86787 7.92411e-03
3.87988 7.89247e-03
3.89189 7.86099e-03
3.90390 7.82966e-03
3.91592 7.79849e-03
3.92793 7.76747e-03
3.93994 7.73661e-03
3.95195 7.70590e-03
3.96396 7.67536e-03
3.97598 7.64498e-03
3.98799 7.61477e-03
4.00000 7.58474e-03
