-8.00000 2.46683e-03
-7.99374 2.49817e-03
-7.98747 2.52997e-03
-7.98121 2.56225e-03
-7.97494 2.59502e-03
-7.96868 2.62830e-03
-7.96242 2.66211e-03
-7.95615 2.69647e-03
-7.94989 2.73141e-03
-7.94363 2.76695e-03
-7.93736 2.80311e-03
-7.93110 2.83991e-03
-7.92483 2.87738e-03
-7.91857 2.91556e-03
-7.91231 2.95445e-03
-7.90604 2.99409e-03
-7.89978 3.03451e-03
-7.89352 3.07572e-03
-7.88725 3.11775e-03
-7.88099 3.16063e-03
-7.87472 3.20438e-03
-7.86846 3.24901e-03
-7.86220 3.29455e-03
-7.85593 3.34101e-03
-7.84967 3.38840e-03
-7.84340 3.43674e-03
-7.83714 3.48604e-03
-7.83088 3.53629e-03
-7.82461 3.58751e-03
-7.81835 3.63969e-03
-7.81209 3.69283e-03
-7.80582 3.74694e-03
-7.79956 3.80200e-03
-7.79329 3.85801e-03
-7.78703 3.91498e-03
-7.78077 3.97289e-03
-7.77450 4.03175e-03
-7.76824 4.09156e-03
-7.76198 4.15233e-03
-7.75571 4.21407e-03
-7.74945 4.27681e-03
-7.74318 4.34058e-03
-7.73692 4.40542e-03
-7.73066 4.47139e-03
-7.72439 4.53856e-03
-7.71813 4.60701e-03
-7.71186 4.67685e-03
-7.70560 4.74819e-03
-7.69934 4.82118e-03
-7.69307 4.89598e-03
-7.68681 4.97278e-03
-7.68055 5.05179e-03
-7.67428 5.13323e-03
-7.66802 5.21737e-03
-7.66175 5.30451e-03
-7.65549 5.39496e-03
-7.64923 5.48907e-03
-7.64296 5.58725e-03
-7.63670 5.68992e-03
-7.63044 5.79754e-03
-7.62417 5.91062e-03
-7.61791 6.02974e-03
-7.61164 6.15548e-03
-7.60538 6.28849e-03
-7.59912 6.42945e-03
-7.59285 6.57906e-03
-7.58659 6.73800e-03
-7.58032 6.90693e-03
-7.57406 7.08645e-03
-7.56780 7.27700e-03
-7.56153 7.47886e-03
-7.55527 7.69205e-03
-7.54901 7.91636e-03
-7.54274 8.15135e-03
-7.53648 8.39640e-03
-7.53021 8.65083e-03
-7.52395 8.91391e-03
-7.51769 9.18477e-03
-7.51142 9.46208e-03
-7.50516 9.74355e-03
-7.49890 1.00254e-02
-7.49263 1.03024e-02
-7.48637 1.05682e-02
-7.48010 1.08175e-02
-7.47384 1.10484e-02
-7.46758 1.12655e-02
-7.46131 1.14817e-02
-7.45505 1.17183e-02
-7.44878 1.20019e-02
-7.44252 1.23574e-02
-7.43626 1.28006e-02
-7.42999 1.33346e-02
-7.42373 1.39573e-02
-7.41747 1.46834e-02
-7.41120 1.55734e-02
-7.40494 1.67463e-02
-7.39867 1.83499e-02
-7.39241 2.04855e-02
-7.38615 2.31149e-02
-7.37988 2.59975e-02
-7.37362 2.87186e-02
-7.36736 3.08794e-02
-7.36109 3.24096e-02
-7.35483 3.36697e-02
-7.34856 3.50343e-02
-7.34230 3.63872e-02
-7.33604 3.73343e-02
-7.32977 3.78932e-02
-7.32351 3.85469e-02
-7.31724 3.95845e-02
-7.31098 4.07853e-02
-7.30472 4.17850e-02
-7.29845 4.24361e-02
-7.29219 4.27739e-02
-7.28593 4.28536e-02
-7.27966 4.27042e-02
-7.27340 4.23582e-02
-7.26713 4.18673e-02
-7.26087 4.12959e-02
-7.25461 4.07092e-02
-7.24834 4.01659e-02
-7.24208 3.97140e-02
-7.23582 3.93889e-02
-7.22955 3.92124e-02
-7.22329 3.91938e-02
-7.21702 3.93303e-02
-7.21076 3.96093e-02
-7.20450 4.00098e-02
-7.19823 4.05049e-02
-7.19197 4.10639e-02
-7.18570 4.16548e-02
-7.17944 4.22463e-02
-7.17318 4.28094e-02
-7.16691 4.33192e-02
-7.16065 4.37557e-02
-7.15439 4.41044e-02
-7.14812 4.43567e-02
-7.14186 4.45093e-02
-7.13559 4.45640e-02
-7.12933 4.45271e-02
-7.12307 4.44084e-02
-7.11680 4.42205e-02
-7.11054 4.39776e-02
-7.10428 4.36949e-02
-7.09801 4.33879e-02
-7.09175 4.30715e-02
-7.08548 4.27594e-02
-7.07922 4.24641e-02
-7.07296 4.21963e-02
-7.06669 4.19646e-02
-7.06043 4.17759e-02
-7.05416 4.16348e-02
-7.04790 4.15444e-02
-7.04164 4.15058e-02
-7.03537 4.15185e-02
-7.02911 4.15809e-02
-7.02285 4.16899e-02
-7.01658 4.18418e-02
-7.01032 4.20317e-02
-7.00405 4.22546e-02
-6.99779 4.25048e-02
-6.99153 4.27763e-02
-6.98526 4.30634e-02
-6.97900 4.33600e-02
-6.97274 4.36606e-02
-6.96647 4.39597e-02
-6.96021 4.42526e-02
-6.95394 4.45346e-02
-6.94768 4.48021e-02
-6.94142 4.50517e-02
-6.93515 4.52808e-02
-6.92889 4.54875e-02
-6.92262 4.56706e-02
-6.91636 4.58295e-02
-6.91010 4.59641e-02
-6.90383 4.60753e-02
-6.89757 4.61641e-02
-6.89131 4.62324e-02
-6.88504 4.62822e-02
-6.87878 4.63163e-02
-6.87251 4.63375e-02
-6.86625 4.63492e-02
-6.85999 4.63546e-02
-6.85372 4.63575e-02
-6.84746 4.63616e-02
-6.84120 4.63707e-02
-6.83493 4.63885e-02
-6.82867 4.64188e-02
-6.82240 4.64651e-02
-6.81614 4.65311e-02
-6.80988 4.66201e-02
-6.80361 4.67354e-02
-6.79735 4.68804e-02
-6.79108 4.70581e-02
-6.78482 4.72716e-02
-6.77856 4.75238e-02
-6.77229 4.78174e-02
-6.76603 4.81542e-02
-6.75977 4.85353e-02
-6.75350 4.89606e-02
-6.74724 4.94276e-02
-6.74097 4.99316e-02
-6.73471 5.04650e-02
-6.72845 5.10168e-02
-6.72218 5.15732e-02
-6.71592 5.21179e-02
-6.70966 5.26340e-02
-6.70339 5.31058e-02
-6.69713 5.35223e-02
-6.69086 5.38804e-02
-6.68460 5.41885e-02
-6.67834 5.44695e-02
-6.67207 5.47624e-02
-6.66581 5.51219e-02
-6.65955 5.56141e-02
-6.65328 5.63108e-02
-6.64702 5.72798e-02
-6.64075 5.85736e-02
-6.63449 6.02193e-02
-6.62823 6.22096e-02
-6.62196 6.44992e-02
-6.61570 6.70066e-02
-6.60943 6.96222e-02
-6.60317 7.22229e-02
-6.59691 7.46892e-02
-6.59064 7.69229e-02
-6.58438 7.88616e-02
-6.57812 8.04868e-02
-6.57185 8.18249e-02
-6.56559 8.29398e-02
-6.55932 8.39197e-02
-6.55306 8.48605e-02
-6.54680 8.58495e-02
-6.54053 8.69518e-02
-6.53427 8.82030e-02
-6.52801 8.96070e-02
-6.52174 9.11404e-02
-6.51548 9.27597e-02
-6.50921 9.44120e-02
-6.50295 9.60439e-02
-6.49669 9.76097e-02
-6.49042 9.90763e-02
-6.48416 1.00425e-01
-6.47789 1.01653e-01
-6.47163 1.02768e-01
-6.46537 1.03787e-01
-6.45910 1.04735e-01
-6.45284 1.05637e-01
-6.44658 1.06521e-01
-6.44031 1.07414e-01
-6.43405 1.08338e-01
-6.42778 1.09313e-01
-6.42152 1.10352e-01
-6.41526 1.11461e-01
-6.40899 1.12638e-01
-6.40273 1.13872e-01
-6.39647 1.15145e-01
-6.39020 1.16428e-01
-6.38394 1.17690e-01
-6.37767 1.18898e-01
-6.37141 1.20021e-01
-6.36515 1.21038e-01
-6.35888 1.21936e-01
-6.35262 1.22716e-01
-6.34635 1.23392e-01
-6.34009 1.23993e-01
-6.33383 1.24552e-01
-6.32756 1.25107e-01
-6.32130 1.25694e-01
-6.31504 1.26338e-01
-6.30877 1.27052e-01
-6.30251 1.27835e-01
-6.29624 1.28671e-01
-6.28998 1.29530e-01
-6.28372 1.30376e-01
-6.27745 1.31171e-01
-6.27119 1.31880e-01
-6.26493 1.32477e-01
-6.25866 1.32947e-01
-6.25240 1.33290e-01
-6.24613 1.33518e-01
-6.23987 1.33651e-01
-6.23361 1.33716e-01
-6.22734 1.33744e-01
-6.22108 1.33759e-01
-6.21481 1.33781e-01
-6.20855 1.33821e-01
-6.20229 1.33884e-01
-6.19602 1.33962e-01
-6.18976 1.34045e-01
-6.18350 1.34118e-01
-6.17723 1.34164e-01
-6.17097 1.34171e-01
-6.16470 1.34126e-01
-6.15844 1.34024e-01
-6.15218 1.33865e-01
-6.14591 1.33654e-01
-6.13965 1.33400e-01
-6.13339 1.33114e-01
-6.12712 1.32811e-01
-6.12086 1.32504e-01
-6.11459 1.32205e-01
-6.10833 1.31926e-01
-6.10207 1.31675e-01
-6.09580 1.31456e-01
-6.08954 1.31273e-01
-6.08327 1.31124e-01
-6.07701 1.31006e-01
-6.07075 1.30915e-01
-6.06448 1.30845e-01
-6.05822 1.30788e-01
-6.05196 1.30739e-01
-6.04569 1.30691e-01
-6.03943 1.30637e-01
-6.03316 1.30574e-01
-6.02690 1.30497e-01
-6.02064 1.30405e-01
-6.01437 1.30295e-01
-6.00811 1.30168e-01
-6.00185 1.30024e-01
-5.99558 1.29866e-01
-5.98932 1.29695e-01
-5.98305 1.29514e-01
-5.97679 1.29326e-01
-5.97053 1.29132e-01
-5.96426 1.28934e-01
-5.95800 1.28734e-01
-5.95173 1.28534e-01
-5.94547 1.28334e-01
-5.93921 1.28133e-01
-5.93294 1.27932e-01
-5.92668 1.27729e-01
-5.92042 1.27523e-01
-5.91415 1.27314e-01
-5.90789 1.27099e-01
-5.90162 1.26879e-01
-5.89536 1.26651e-01
-5.88910 1.26415e-01
-5.88283 1.26171e-01
-5.87657 1.25918e-01
-5.87031 1.25659e-01
-5.86404 1.25393e-01
-5.85778 1.25121e-01
-5.85151 1.24847e-01
-5.84525 1.24570e-01
-5.83899 1.24294e-01
-5.83272 1.24021e-01
-5.82646 1.23752e-01
-5.82019 1.23490e-01
-5.81393 1.23236e-01
-5.80767 1.22991e-01
-5.80140 1.22756e-01
-5.79514 1.22532e-01
-5.78888 1.22319e-01
-5.78261 1.22115e-01
-5.77635 1.21920e-01
-5.77008 1.21733e-01
-5.76382 1.21550e-01
-5.75756 1.21370e-01
-5.75129 1.21191e-01
-5.74503 1.21008e-01
-5.73877 1.20821e-01
-5.73250 1.20624e-01
-5.72624 1.20416e-01
-5.71997 1.20193e-01
-5.71371 1.19952e-01
-5.70745 1.19693e-01
-5.70118 1.19414e-01
-5.69492 1.19119e-01
-5.68865 1.18816e-01
-5.68239 1.18516e-01
-5.67613 1.18221e-01
-5.66986 1.17906e-01
-5.66360 1.17514e-01
-5.65734 1.16991e-01
-5.65107 1.16377e-01
-5.64481 1.15886e-01
-5.63854 1.15849e-01
-5.63228 1.16490e-01
-5.62602 1.17651e-01
-5.61975 1.18757e-01
-5.61349 1.19116e-01
-5.60723 1.18371e-01
-5.60096 1.16712e-01
-5.59470 1.14691e-01
-5.58843 1.12827e-01
-5.58217 1.11359e-01
-5.57591 1.10261e-01
-5.56964 1.09407e-01
-5.56338 1.08690e-01
-5.55711 1.08053e-01
-5.55085 1.07456e-01
-5.54459 1.06868e-01
-5.53832 1.06272e-01
-5.53206 1.05665e-01
-5.52580 1.05062e-01
-5.51953 1.04474e-01
-5.51327 1.03911e-01
-5.50700 1.03375e-01
-5.50074 1.02862e-01
-5.49448 1.02372e-01
-5.48821 1.01903e-01
-5.48195 1.01456e-01
-5.47569 1.01029e-01
-5.46942 1.00625e-01
-5.46316 1.00244e-01
-5.45689 9.98840e-02
-5.45063 9.95456e-02
-5.44437 9.92276e-02
-5.43810 9.89286e-02
-5.43184 9.86472e-02
-5.42557 9.83819e-02
-5.41931 9.81308e-02
-5.41305 9.78923e-02
-5.40678 9.76647e-02
-5.40052 9.74466e-02
-5.39426 9.72366e-02
-5.38799 9.70337e-02
-5.38173 9.68374e-02
-5.37546 9.66472e-02
-5.36920 9.64637e-02
-5.36294 9.62874e-02
-5.35667 9.61198e-02
-5.35041 9.59628e-02
-5.34415 9.58189e-02
-5.33788 9.56909e-02
-5.33162 9.55824e-02
-5.32535 9.54970e-02
-5.31909 9.54386e-02
-5.31283 9.54113e-02
-5.30656 9.54190e-02
-5.30030 9.54652e-02
-5.29403 9.55532e-02
-5.28777 9.56859e-02
-5.28151 9.58654e-02
-5.27524 9.60936e-02
-5.26898 9.63718e-02
-5.26272 9.67012e-02
-5.25645 9.70830e-02
-5.25019 9.75188e-02
-5.24392 9.80106e-02
-5.23766 9.85612e-02
-5.23140 9.91744e-02
-5.22513 9.98544e-02
-5.21887 1.00606e-01
-5.21261 1.01435e-01
-5.20634 1.02345e-01
-5.20008 1.03338e-01
-5.19381 1.04414e-01
-5.18755 1.05571e-01
-5.18129 1.06798e-01
-5.17502 1.08084e-01
-5.16876 1.09409e-01
-5.16249 1.10749e-01
-5.15623 1.12075e-01
-5.14997 1.13357e-01
-5.14370 1.14560e-01
-5.13744 1.15654e-01
-5.13118 1.16608e-01
-5.12491 1.17400e-01
-5.11865 1.18014e-01
-5.11238 1.18443e-01
-5.10612 1.18689e-01
-5.09986 1.18767e-01
-5.09359 1.18697e-01
-5.08733 1.18510e-01
-5.08107 1.18243e-01
-5.07480 1.17934e-01
-5.06854 1.17623e-01
-5.06227 1.17347e-01
-5.05601 1.17137e-01
-5.04975 1.17016e-01
-5.04348 1.16997e-01
-5.03722 1.17082e-01
-5.03095 1.17259e-01
-5.02469 1.17507e-01
-5.01843 1.17792e-01
-5.01216 1.18074e-01
-5.00590 1.18307e-01
-4.99964 1.18443e-01
-4.99337 1.18439e-01
-4.98711 1.18258e-01
-4.98084 1.17877e-01
-4.97458 1.17284e-01
-4.96832 1.16486e-01
-4.96205 1.15505e-01
-4.95579 1.14377e-01
-4.94953 1.13151e-01
-4.94326 1.11883e-01
-4.93700 1.10630e-01
-4.93073 1.09450e-01
-4.92447 1.08392e-01
-4.91821 1.07495e-01
-4.91194 1.06788e-01
-4.90568 1.06285e-01
-4.89941 1.05991e-01
-4.89315 1.05899e-01
-4.88689 1.05994e-01
-4.88062 1.06257e-01
-4.87436 1.06668e-01
-4.86810 1.07204e-01
-4.86183 1.07845e-01
-4.85557 1.08573e-01
-4.84930 1.09371e-01
-4.84304 1.10225e-01
-4.83678 1.11123e-01
-4.83051 1.12052e-01
-4.82425 1.13001e-01
-4.81799 1.13959e-01
-4.81172 1.14915e-01
-4.80546 1.15856e-01
-4.79919 1.16772e-01
-4.79293 1.17655e-01
-4.78667 1.18499e-01
-4.78040 1.19298e-01
-4.77414 1.20053e-01
-4.76787 1.20765e-01
-4.76161 1.21441e-01
-4.75535 1.21952e-01
-4.74908 1.43687e-01
-4.74282 1.25904e-01
-4.73656 1.23964e-01
-4.73029 1.24597e-01
-4.72403 1.25250e-01
-4.71776 1.25924e-01
-4.71150 1.26616e-01
-4.70524 1.27321e-01
-4.69897 1.28031e-01
-4.69271 1.28732e-01
-4.68645 1.29411e-01
-4.68018 1.30052e-01
-4.67392 1.30641e-01
-4.66765 1.31164e-01
-4.66139 1.31611e-01
-4.65513 1.31974e-01
-4.64886 1.32250e-01
-4.64260 1.32442e-01
-4.63633 1.32563e-01
-4.63007 1.32633e-01
-4.62381 1.32685e-01
-4.61754 1.32754e-01
-4.61128 1.32877e-01
-4.60502 1.33079e-01
-4.59875 1.33373e-01
-4.59249 1.33755e-01
-4.58622 1.34225e-01
-4.57996 1.34785e-01
-4.57370 1.35397e-01
-4.56743 1.35912e-01
-4.56117 1.36101e-01
-4.55491 1.35950e-01
-4.54864 1.36040e-01
-4.54238 1.37474e-01
-4.53611 1.40928e-01
-4.52985 1.45542e-01
-4.52359 1.49026e-01
-4.51732 1.49395e-01
-4.51106 1.46739e-01
-4.50479 1.43124e-01
-4.49853 1.40741e-01
-4.49227 1.40310e-01
-4.48600 1.41116e-01
-4.47974 1.42137e-01
-4.47348 1.42879e-01
-4.46721 1.43383e-01
-4.46095 1.43846e-01
-4.45468 1.44362e-01
-4.44842 1.44910e-01
-4.44216 1.45442e-01
-4.43589 1.45925e-01
-4.42963 1.46346e-01
-4.42337 1.46704e-01
-4.41710 1.47001e-01
-4.41084 1.47241e-01
-4.40457 1.47428e-01
-4.39831 1.47571e-01
-4.39205 1.47679e-01
-4.38578 1.47765e-01
-4.37952 1.47845e-01
-4.37325 1.47933e-01
-4.36699 1.48048e-01
-4.36073 1.48204e-01
-4.35446 1.48416e-01
-4.34820 1.48695e-01
-4.34194 1.49048e-01
-4.33567 1.49480e-01
-4.32941 1.49988e-01
-4.32314 1.50564e-01
-4.31688 1.51196e-01
-4.31062 1.51866e-01
-4.30435 1.52551e-01
-4.29809 1.53228e-01
-4.29183 1.53870e-01
-4.28556 1.54450e-01
-4.27930 1.54945e-01
-4.27303 1.55337e-01
-4.26677 1.55611e-01
-4.26051 1.55763e-01
-4.25424 1.55795e-01
-4.24798 1.55717e-01
-4.24172 1.55545e-01
-4.23545 1.55690e-01
-4.22919 1.66109e-01
-4.22292 1.55002e-01
-4.21666 1.54885e-01
-4.21040 1.54017e-01
-4.20413 1.73794e-01
-4.19787 1.54506e-01
-4.19160 1.54132e-01
-4.18534 1.53297e-01
-4.17908 1.53151e-01
-4.17281 1.52940e-01
-4.16655 1.52693e-01
-4.16029 1.52400e-01
-4.15402 1.52062e-01
-4.14776 1.51687e-01
-4.14149 1.51293e-01
-4.13523 1.50902e-01
-4.12897 1.50540e-01
-4.12270 1.50235e-01
-4.11644 1.50011e-01
-4.11018 1.49887e-01
-4.10391 1.49876e-01
-4.09765 1.49986e-01
-4.09138 1.50214e-01
-4.08512 1.50555e-01
-4.07886 1.50997e-01
-4.07259 1.51525e-01
-4.06633 1.52123e-01
-4.06006 1.52773e-01
-4.05380 1.53458e-01
-4.04754 1.54164e-01
-4.04127 1.54878e-01
-4.03501 1.55589e-01
-4.02875 1.56290e-01
-4.02248 1.56979e-01
-4.01622 1.57654e-01
-4.00995 1.58321e-01
-4.00369 1.58983e-01
-3.99743 1.59650e-01
-3.99116 1.60328e-01
-3.98490 1.61023e-01
-3.97864 1.61737e-01
-3.97237 1.62469e-01
-3.96611 1.63207e-01
-3.95984 1.63933e-01
-3.95358 1.64619e-01
-3.94732 1.65230e-01
-3.94105 1.65726e-01
-3.93479 1.66071e-01
-3.92852 1.66234e-01
-3.92226 1.66196e-01
-3.91600 1.65939e-01
-3.90973 1.65456e-01
-3.90347 1.64773e-01
-3.89721 1.63995e-01
-3.89094 1.63328e-01
-3.88468 1.63029e-01
-3.87841 1.63271e-01
-3.87215 1.63998e-01
-3.86589 1.64905e-01
-3.85962 1.65565e-01
-3.85336 1.65658e-01
-3.84710 1.65130e-01
-3.84083 1.64222e-01
-3.83457 1.63361e-01
-3.82830 1.63004e-01
-3.82204 1.63480e-01
-3.81578 1.64894e-01
-3.80951 1.67107e-01
-3.80325 1.69797e-01
-3.79698 1.72568e-01
-3.79072 1.75060e-01
-3.78446 1.77033e-01
-3.77819 1.78398e-01
-3.77193 1.79218e-01
-3.76567 1.79664e-01
-3.75940 1.79968e-01
-3.75314 1.80348e-01
-3.74687 1.80962e-01
-3.74061 1.81871e-01
-3.73435 1.83044e-01
-3.72808 1.84384e-01
-3.72182 1.85765e-01
-3.71556 1.87070e-01
-3.70929 1.88221e-01
-3.70303 1.89181e-01
-3.69676 1.89955e-01
-3.69050 1.90575e-01
-3.68424 1.91088e-01
-3.67797 1.91541e-01
-3.67171 1.91975e-01
-3.66544 1.92421e-01
-3.65918 1.92904e-01
-3.65292 1.93438e-01
-3.64665 1.94036e-01
-3.64039 1.94708e-01
-3.63413 1.95466e-01
-3.62786 1.96324e-01
-3.62160 1.97298e-01
-3.61533 1.98402e-01
-3.60907 1.99647e-01
-3.60281 2.01035e-01
-3.59654 2.02560e-01
-3.59028 2.04212e-01
-3.58402 2.05974e-01
-3.57775 2.07827e-01
-3.57149 2.09755e-01
-3.56522 2.11739e-01
-3.55896 2.13753e-01
-3.55270 2.15761e-01
-3.54643 2.17709e-01
-3.54017 2.19525e-01
-3.53390 2.21122e-01
-3.52764 2.22411e-01
-3.52138 2.23313e-01
-3.51511 2.23786e-01
-3.50885 2.23845e-01
-3.50259 2.23588e-01
-3.49632 2.23212e-01
-3.49006 2.23010e-01
-3.48379 2.23323e-01
-3.47753 2.24455e-01
-3.47127 2.26585e-01
-3.46500 2.29776e-01
-3.45874 2.34105e-01
-3.45248 2.39734e-01
-3.44621 2.46706e-01
-3.43995 2.54567e-01
-3.43368 2.62321e-01
-3.42742 2.68962e-01
-3.42116 2.74084e-01
-3.41489 2.77798e-01
-3.40863 2.80431e-01
-3.40236 2.86772e-01
-3.39610 2.86699e-01
-3.38984 2.75285e-01
-3.38357 2.83721e-01
-3.37731 3.03244e-01
-3.37105 2.87472e-01
-3.36478 2.69071e-01
-3.35852 2.65515e-01
-3.35225 2.54988e-01
-3.34599 2.43280e-01
-3.33973 2.33595e-01
-3.33346 2.23908e-01
-3.32720 2.14704e-01
-3.32094 2.07014e-01
-3.31467 2.01029e-01
-3.30841 1.96588e-01
-3.30214 1.93391e-01
-3.29588 1.91030e-01
-3.28962 1.89067e-01
-3.28335 1.87132e-01
-3.27709 1.84973e-01
-3.27082 1.82479e-01
-3.26456 1.79659e-01
-3.25830 1.76597e-01
-3.25203 1.73407e-01
-3.24577 1.70198e-01
-3.23951 1.67052e-01
-3.23324 1.64022e-01
-3.22698 1.61140e-01
-3.22071 1.58420e-01
-3.21445 1.55870e-01
-3.20819 1.53493e-01
-3.20192 1.51285e-01
-3.19566 1.49244e-01
-3.18940 1.47360e-01
-3.18313 1.45620e-01
-3.17687 1.44010e-01
-3.17060 1.42512e-01
-3.16434 1.41111e-01
-3.15808 1.39789e-01
-3.15181 1.38530e-01
-3.14555 1.37322e-01
-3.13928 1.36152e-01
-3.13302 1.35012e-01
-3.12676 1.33893e-01
-3.12049 1.32789e-01
-3.11423 1.31695e-01
-3.10797 1.30608e-01
-3.10170 1.29524e-01
-3.09544 1.28442e-01
-3.08917 1.27359e-01
-3.08291 1.26276e-01
-3.07665 1.25190e-01
-3.07038 1.24102e-01
-3.06412 1.23012e-01
-3.05786 1.21920e-01
-3.05159 1.20827e-01
-3.04533 1.19734e-01
-3.03906 1.18642e-01
-3.03280 1.17551e-01
-3.02654 1.16464e-01
-3.02027 1.15382e-01
-3.01401 1.14306e-01
-3.00774 1.13237e-01
-3.00148 1.12177e-01
-2.99522 1.11128e-01
-2.98895 1.10090e-01
-2.98269 1.09066e-01
-2.97643 1.08057e-01
-2.97016 1.07064e-01
-2.96390 1.06090e-01
-2.95763 1.05135e-01
-2.95137 1.04201e-01
-2.94511 1.03289e-01
-2.93884 1.02401e-01
-2.93258 1.01538e-01
-2.92632 1.00700e-01
-2.92005 9.98898e-02
-2.91379 9.91067e-02
-2.90752 9.83515e-02
-2.90126 9.76245e-02
-2.89500 9.69255e-02
-2.88873 9.62544e-02
-2.88247 9.56107e-02
-2.87620 9.49936e-02
-2.86994 9.44022e-02
-2.86368 9.38354e-02
-2.85741 9.32919e-02
-2.85115 9.27703e-02
-2.84489 9.22691e-02
-2.83862 9.17866e-02
-2.83236 9.13213e-02
-2.82609 9.08714e-02
-2.81983 9.04353e-02
-2.81357 9.00114e-02
-2.80730 8.95981e-02
-2.80104 8.91940e-02
-2.79478 8.87977e-02
-2.78851 8.84080e-02
-2.78225 8.80237e-02
-2.77598 8.76438e-02
-2.76972 8.72674e-02
-2.76346 8.68938e-02
-2.75719 8.65224e-02
-2.75093 8.61527e-02
-2.74466 8.57844e-02
-2.73840 8.54173e-02
-2.73214 8.50512e-02
-2.72587 8.46861e-02
-2.71961 8.43220e-02
-2.71335 8.39592e-02
-2.70708 8.35979e-02
-2.70082 8.32383e-02
-2.69455 8.28809e-02
-2.68829 8.25259e-02
-2.68203 8.21738e-02
-2.67576 8.18250e-02
-2.66950 8.14800e-02
-2.66324 8.11394e-02
-2.65697 8.08034e-02
-2.65071 8.04727e-02
-2.64444 8.01478e-02
-2.63818 7.98290e-02
-2.63192 7.95168e-02
-2.62565 7.92117e-02
-2.61939 7.89141e-02
-2.61312 7.86244e-02
-2.60686 7.83428e-02
-2.60060 7.80698e-02
-2.59433 7.78055e-02
-2.58807 7.75503e-02
-2.58181 7.73042e-02
-2.57554 7.70674e-02
-2.56928 7.68400e-02
-2.56301 7.66218e-02
-2.55675 7.64129e-02
-2.55049 7.62131e-02
-2.54422 7.60222e-02
-2.53796 7.58400e-02
-2.53170 7.56663e-02
-2.52543 7.55008e-02
-2.51917 7.53434e-02
-2.51290 7.51937e-02
-2.50664 7.50519e-02
-2.50038 7.49179e-02
-2.49411 7.47920e-02
-2.48785 7.46747e-02
-2.48158 7.45666e-02
-2.47532 7.44686e-02
-2.46906 7.43816e-02
-2.46279 7.43065e-02
-2.45653 7.42441e-02
-2.45027 7.41947e-02
-2.44400 7.41585e-02
-2.43774 7.41348e-02
-2.43147 7.41229e-02
-2.42521 7.41217e-02
-2.41895 7.41308e-02
-2.41268 7.41505e-02
-2.40642 7.41830e-02
-2.40016 7.42319e-02
-2.39389 7.43033e-02
-2.38763 7.44042e-02
-2.38136 7.45426e-02
-2.37510 7.47250e-02
-2.36884 7.49557e-02
-2.36257 7.52343e-02
-2.35631 7.55556e-02
-2.35004 7.59089e-02
-2.34378 7.62792e-02
-2.33752 7.66488e-02
-2.33125 7.70005e-02
-2.32499 7.73200e-02
-2.31873 7.75985e-02
-2.31246 7.78342e-02
-2.30620 7.80328e-02
-2.29993 7.82060e-02
-2.29367 7.83699e-02
-2.28741 7.85416e-02
-2.28114 7.87370e-02
-2.27488 7.89682e-02
-2.26862 7.92419e-02
-2.26235 7.95598e-02
-2.25609 7.99186e-02
-2.24982 8.03117e-02
-2.24356 8.07312e-02
-2.23730 8.11690e-02
-2.23103 8.16185e-02
-2.22477 8.20751e-02
-2.21850 8.25367e-02
-2.21224 8.30028e-02
-2.20598 8.34748e-02
-2.19971 8.39546e-02
-2.19345 8.44444e-02
-2.18719 8.49462e-02
-2.18092 8.54612e-02
-2.17466 8.59901e-02
-2.16839 8.65329e-02
-2.16213 8.70886e-02
-2.15587 8.76561e-02
-2.14960 8.82335e-02
-2.14334 8.88186e-02
-2.13708 8.94087e-02
-2.13081 9.00011e-02
-2.12455 9.05928e-02
-2.11828 9.11807e-02
-2.11202 9.17614e-02
-2.10576 9.23321e-02
-2.09949 9.28899e-02
-2.09323 9.34323e-02
-2.08696 9.39578e-02
-2.08070 9.44652e-02
-2.07444 9.49546e-02
-2.06817 9.54274e-02
-2.06191 9.58862e-02
-2.05565 9.63353e-02
-2.04938 9.67807e-02
-2.04312 9.72303e-02
-2.03685 9.76938e-02
-2.03059 9.81826e-02
-2.02433 9.87100e-02
-2.01806 9.92909e-02
-2.01180 9.99415e-02
-2.00554 1.00679e-01
-1.99927 1.01522e-01
-1.99301 1.02488e-01
-1.98674 1.03596e-01
-1.98048 1.04863e-01
-1.97422 1.06304e-01
-1.96795 1.07936e-01
-1.96169 1.09767e-01
-1.95542 1.11781e-01
-1.94916 1.13971e-01
-1.94290 1.16433e-01
-1.93663 1.19215e-01
-1.93037 1.22079e-01
-1.92411 1.24786e-01
-1.91784 1.27492e-01
-1.91158 1.30434e-01
-1.90531 1.33565e-01
-1.89905 1.36753e-01
-1.89279 1.39991e-01
-1.88652 1.44996e-01
-1.88026 1.46668e-01
-1.87400 1.50223e-01
-1.86773 1.54041e-01
-1.86147 1.58211e-01
-1.85520 1.62928e-01
-1.84894 1.68646e-01
-1.84268 1.76167e-01
-1.83641 1.86433e-01
-1.83015 2.00346e-01
-1.82388 2.17426e-01
-1.81762 2.40023e-01
-1.81136 2.74871e-01
-1.80509 2.91032e-01
-1.79883 3.17820e-01
-1.79257 3.66120e-01
-1.78630 4.40693e-01
-1.78004 5.80020e-01
-1.77377 8.25851e-01
-1.76751 1.13494e+00
-1.76125 1.83156e+00
-1.75498 3.54550e+00
-1.74872 6.87933e+00
-1.74246 3.06108e+01
