-8.00000 2.46637e-03
-7.98799 2.49705e-03
-7.97598 2.52555e-03
-7.96396 2.55265e-03
-7.95195 2.57935e-03
-7.93994 2.60689e-03
-7.92793 2.63665e-03
-7.91592 2.67020e-03
-7.90390 2.70917e-03
-7.89189 2.75523e-03
-7.87988 2.81002e-03
-7.86787 2.87505e-03
-7.85586 2.95163e-03
-7.84384 3.04082e-03
-7.83183 3.14335e-03
-7.81982 3.25958e-03
-7.80781 3.38950e-03
-7.79580 3.53276e-03
-7.78378 3.68869e-03
-7.77177 3.85643e-03
-7.75976 4.03496e-03
-7.74775 4.22324e-03
-7.73574 4.42018e-03
-7.72372 4.62466e-03
-7.71171 4.83541e-03
-7.69970 5.05080e-03
-7.68769 5.26854e-03
-7.67568 5.48543e-03
-7.66366 5.69712e-03
-7.65165 5.89807e-03
-7.63964 6.08186e-03
-7.62763 6.24181e-03
-7.61562 6.37199e-03
-7.60360 6.46844e-03
-7.59159 6.53032e-03
-7.57958 6.56065e-03
-7.56757 6.56647e-03
-7.55556 6.55838e-03
-7.54354 6.55023e-03
-7.53153 6.55990e-03
-7.51952 6.61195e-03
-7.50751 6.74249e-03
-7.49550 7.00607e-03
-7.48348 7.48073e-03
-7.47147 8.24770e-03
-7.45946 9.30074e-03
-7.44745 1.04517e-02
-7.43544 1.15560e-02
-7.42342 1.29422e-02
-7.41141 1.49245e-02
-7.39940 1.68195e-02
-7.38739 1.78656e-02
-7.37538 2.00140e-02
-7.36336 4.00603e-02
-7.35135 2.86852e-02
-7.33934 3.50391e-02
-7.32733 4.18446e-02
-7.31532 4.66113e-02
-7.30330 4.80800e-02
-7.29129 4.62994e-02
-7.27928 4.25008e-02
-7.26727 3.85090e-02
-7.25526 3.59648e-02
-7.24324 3.57096e-02
-7.23123 3.76116e-02
-7.21922 4.08213e-02
-7.20721 4.42375e-02
-7.19520 4.69309e-02
-7.18318 4.83755e-02
-7.17117 4.84690e-02
-7.15916 4.74193e-02
-7.14715 4.55933e-02
-7.13514 4.33941e-02
-7.12312 4.11883e-02
-7.11111 3.92746e-02
-7.09910 3.78727e-02
-7.08709 3.71208e-02
-7.07508 3.70742e-02
-7.06306 3.77080e-02
-7.05105 3.89257e-02
-7.03904 4.05758e-02
-7.02703 4.24736e-02
-7.01502 4.44239e-02
-7.00300 4.62410e-02
-6.99099 4.77636e-02
-6.97898 4.88674e-02
-6.96697 4.94725e-02
-6.95495 4.95500e-02
-6.94294 4.91218e-02
-6.93093 4.82575e-02
-6.91892 4.70656e-02
-6.90691 4.56822e-02
-6.89489 4.42573e-02
-6.88288 4.29408e-02
-6.87087 4.18685e-02
-6.85886 4.11504e-02
-6.84685 4.08624e-02
-6.83483 4.10423e-02
-6.82282 4.16892e-02
-6.81081 4.27674e-02
-6.79880 4.42109e-02
-6.78679 4.59293e-02
-6.77477 4.78159e-02
-6.76276 4.97585e-02
-6.75075 5.16516e-02
-6.73874 5.34091e-02
-6.72673 5.49783e-02
-6.71471 5.63535e-02
-6.70270 5.75672e-02
-6.69069 5.86173e-02
-6.67868 5.93391e-02
-6.66667 5.93914e-02
-6.65465 5.86394e-02
-6.64264 5.78775e-02
-6.63063 5.89558e-02
-6.61862 6.32683e-02
-6.60661 6.96143e-02
-6.59459 7.44939e-02
-6.58258 7.55579e-02
-6.57057 7.41994e-02
-6.55856 7.38615e-02
-6.54655 7.64311e-02
-6.53453 8.11111e-02
-6.52252 8.61026e-02
-6.51051 9.03394e-02
-6.49850 9.37816e-02
-6.48649 9.68628e-02
-6.47447 9.99819e-02
-6.46246 1.03290e-01
-6.45045 1.06672e-01
-6.43844 1.09857e-01
-6.42643 1.12624e-01
-6.41441 1.15026e-01
-6.40240 1.17419e-01
-6.39039 1.20138e-01
-6.37838 1.23025e-01
-6.36637 1.25298e-01
-6.35435 1.26070e-01
-6.34234 1.25172e-01
-6.33033 1.23517e-01
-6.31832 1.22616e-01
-6.30631 1.23574e-01
-6.29429 1.26340e-01
-6.28228 1.29744e-01
-6.27027 1.32320e-01
-6.25826 1.33304e-01
-6.24625 1.33025e-01
-6.23423 1.32424e-01
-6.22222 1.32219e-01
-6.21021 1.32467e-01
-6.19820 1.32763e-01
-6.18619 1.32690e-01
-6.17417 1.32123e-01
-6.16216 1.31254e-01
-6.15015 1.30467e-01
-6.13814 1.30180e-01
-6.12613 1.30701e-01
-6.11411 1.32117e-01
-6.10210 1.34250e-01
-6.09009 1.36697e-01
-6.07808 1.38943e-01
-6.06607 1.40506e-01
-6.05405 1.41064e-01
-6.04204 1.40520e-01
-6.03003 1.38999e-01
-6.01802 1.36795e-01
-6.00601 1.34285e-01
-5.99399 1.31842e-01
-5.98198 1.29763e-01
-5.96997 1.28230e-01
-5.95796 1.27290e-01
-5.94595 1.26879e-01
-5.93393 1.26847e-01
-5.92192 1.27007e-01
-5.90991 1.27179e-01
-5.89790 1.27225e-01
-5.88589 1.27071e-01
-5.87387 1.26711e-01
-5.86186 1.26198e-01
-5.84985 1.25626e-01
-5.83784 1.25100e-01
-5.82583 1.24715e-01
-5.81381 1.24528e-01
-5.80180 1.24548e-01
-5.78979 1.24731e-01
-5.77778 1.24986e-01
-5.76577 1.25192e-01
-5.75375 1.25225e-01
-5.74174 1.24987e-01
-5.72973 1.24427e-01
-5.71772 1.23552e-01
-5.70571 1.22433e-01
-5.69369 1.21180e-01
-5.68168 1.19913e-01
-5.66967 1.18754e-01
-5.65766 1.17946e-01
-5.64565 1.17263e-01
-5.63363 1.16276e-01
-5.62162 1.19077e-01
-5.60961 1.23404e-01
-5.59760 1.18953e-01
-5.58559 1.13176e-01
-5.57357 1.11539e-01
-5.56156 1.09795e-01
-5.54955 1.07575e-01
-5.53754 1.05461e-01
-5.52553 1.03433e-01
-5.51351 1.01581e-01
-5.50150 1.00018e-01
-5.48949 9.88140e-02
-5.47748 9.79932e-02
-5.46547 9.75364e-02
-5.45345 9.73891e-02
-5.44144 9.74738e-02
-5.42943 9.77017e-02
-5.41742 9.79839e-02
-5.40541 9.82393e-02
-5.39339 9.84001e-02
-5.38138 9.84147e-02
-5.36937 9.82489e-02
-5.35736 9.78864e-02
-5.34535 9.73274e-02
-5.33333 9.65886e-02
-5.32132 9.57019e-02
-5.30931 9.47146e-02
-5.29730 9.36910e-02
-5.28529 9.27146e-02
-5.27327 9.18903e-02
-5.26126 9.13430e-02
-5.24925 9.12061e-02
-5.23724 9.15973e-02
-5.22523 9.25888e-02
-5.21321 9.41912e-02
-5.20120 9.63733e-02
-5.18919 9.91203e-02
-5.17718 1.02484e-01
-5.16517 1.06550e-01
-5.15315 1.11297e-01
-5.14114 1.16395e-01
-5.12913 1.21132e-01
-5.11712 1.24564e-01
-5.10511 1.25908e-01
-5.09309 1.24935e-01
-5.08108 1.22154e-01
-5.06907 1.18636e-01
-5.05706 1.15577e-01
-5.04505 1.13825e-01
-5.03303 1.13628e-01
-5.02102 1.14687e-01
-5.00901 1.16365e-01
-4.99700 1.17862e-01
-4.98498 1.18366e-01
-4.97297 1.17361e-01
-4.96096 1.15022e-01
-4.94895 1.12238e-01
-4.93694 1.10038e-01
-4.92492 1.08859e-01
-4.91291 1.08348e-01
-4.90090 1.07827e-01
-4.88889 1.06896e-01
-4.87688 1.05659e-01
-4.86486 1.04546e-01
-4.85285 1.04020e-01
-4.84084 1.04385e-01
-4.82883 1.05718e-01
-4.81682 1.07861e-01
-4.80480 1.10458e-01
-4.79279 1.13055e-01
-4.78078 1.15232e-01
-4.76877 1.16749e-01
-4.75676 1.18441e-01
-4.74474 1.22031e-01
-4.73273 1.20714e-01
-4.72072 1.19741e-01
-4.70871 1.21925e-01
-4.69670 1.25305e-01
-4.68468 1.29491e-01
-4.67267 1.33578e-01
-4.66066 1.36520e-01
-4.64865 1.37717e-01
-4.63664 1.37405e-01
-4.62462 1.36527e-01
-4.61261 1.36165e-01
-4.60060 1.36926e-01
-4.58859 1.38711e-01
-4.57658 1.40884e-01
-4.56456 1.42701e-01
-4.55255 1.43907e-01
-4.54054 1.43191e-01
-4.52853 1.51730e-01
-4.51652 1.57355e-01
-4.50450 1.37592e-01
-4.49249 1.36068e-01
-4.48048 1.34658e-01
-4.46847 1.34752e-01
-4.45646 1.35961e-01
-4.44444 1.38018e-01
-4.43243 1.40566e-01
-4.42042 1.43196e-01
-4.40841 1.45539e-01
-4.39640 1.47332e-01
-4.38438 1.48460e-01
-4.37237 1.48985e-01
-4.36036 1.49162e-01
-4.34835 1.49408e-01
-4.33634 1.50191e-01
-4.32432 1.51858e-01
-4.31231 1.54433e-01
-4.30030 1.57520e-01
-4.28829 1.60371e-01
-4.27628 1.62139e-01
-4.26426 1.62214e-01
-4.25225 1.60489e-01
-4.24024 1.57806e-01
-4.22823 1.60151e-01
-4.21622 1.60224e-01
-4.20420 1.50405e-01
-4.19219 1.51369e-01
-4.18018 1.52838e-01
-4.16817 1.54687e-01
-4.15616 1.55640e-01
-4.14414 1.55255e-01
-4.13213 1.53676e-01
-4.12012 1.51437e-01
-4.10811 1.49150e-01
-4.09610 1.47297e-01
-4.08408 1.46201e-01
-4.07207 1.46051e-01
-4.06006 1.46921e-01
-4.04805 1.48735e-01
-4.03604 1.51246e-01
-4.02402 1.54055e-01
-4.01201 1.56689e-01
-4.00000 1.58741e-01
-3.98799 1.60026e-01
-3.97598 1.60686e-01
-3.96396 1.61147e-01
-3.95195 1.61854e-01
-3.93994 1.62910e-01
-3.92793 1.63857e-01
-3.91592 1.63798e-01
-3.90390 1.61993e-01
-3.89189 1.58788e-01
-3.87988 1.55553e-01
-3.86787 1.56179e-01
-3.85586 1.63458e-01
-3.84384 1.66609e-01
-3.83183 1.63132e-01
-3.81982 1.64045e-01
-3.80781 1.70580e-01
-3.79580 1.78783e-01
-3.78378 1.82554e-01
-3.77177 1.80350e-01
-3.75976 1.78150e-01
-3.74775 1.80123e-01
-3.73574 1.84507e-01
-3.72372 1.88639e-01
-3.71171 1.91676e-01
-3.69970 1.93186e-01
-3.68769 1.92752e-01
-3.67568 1.90891e-01
-3.66366 1.89179e-01
-3.65165 1.89306e-01
-3.63964 1.92037e-01
-3.62763 1.96786e-01
-3.61562 2.01930e-01
-3.60360 2.05716e-01
-3.59159 2.07397e-01
-3.57958 2.08019e-01
-3.56757 2.10029e-01
-3.55556 2.15501e-01
-3.54354 2.24224e-01
-3.53153 2.33493e-01
-3.51952 2.39903e-01
-3.50751 2.41415e-01
-3.49550 2.38198e-01
-3.48348 2.32198e-01
-3.47147 2.26018e-01
-3.45946 2.23872e-01
-3.44745 2.33608e-01
-3.43544 2.55451e-01
-3.42342 2.96464e-01
-3.41141 2.99838e-01
-3.39940 3.06424e-01
-3.38739 2.71856e-01
-3.37538 3.06361e-01
-3.36336 2.55902e-01
-3.35135 2.38194e-01
-3.33934 2.15924e-01
-3.32733 1.99078e-01
-3.31532 1.94199e-01
-3.30330 1.95500e-01
-3.29129 1.94030e-01
-3.27928 1.88262e-01
-3.26727 1.80104e-01
-3.25526 1.71339e-01
-3.24324 1.63473e-01
-3.23123 1.57339e-01
-3.21922 1.52934e-01
-3.20721 1.49801e-01
-3.19520 1.47453e-01
-3.18318 1.45552e-01
-3.17117 1.43898e-01
-3.15916 1.42360e-01
-3.14715 1.40839e-01
-3.13514 1.39261e-01
-3.12312 1.37592e-01
-3.11111 1.35835e-01
-3.09910 1.34012e-01
-3.08709 1.32145e-01
-3.07508 1.30242e-01
-3.06306 1.28295e-01
-3.05105 1.26287e-01
-3.03904 1.24206e-01
-3.02703 1.22059e-01
-3.01502 1.19875e-01
-3.00300 1.17702e-01
-2.99099 1.15601e-01
-2.97898 1.13637e-01
-2.96697 1.11863e-01
-2.95495 1.10315e-01
-2.94294 1.09009e-01
-2.93093 1.07935e-01
-2.91892 1.07063e-01
-2.90691 1.06344e-01
-2.89489 1.05720e-01
-2.88288 1.05126e-01
-2.87087 1.04496e-01
-2.85886 1.03772e-01
-2.84685 1.02908e-01
-2.83483 1.01871e-01
-2.82282 1.00648e-01
-2.81081 9.92397e-02
-2.79880 9.76686e-02
-2.78679 9.59702e-02
-2.77477 9.41926e-02
-2.76276 9.23914e-02
-2.75075 9.06256e-02
-2.73874 8.89529e-02
-2.72673 8.74255e-02
-2.71471 8.60864e-02
-2.70270 8.49666e-02
-2.69069 8.40837e-02
-2.67868 8.34408e-02
-2.66667 8.30270e-02
-2.65465 8.28186e-02
-2.64264 8.27810e-02
-2.63063 8.28714e-02
-2.61862 8.30415e-02
-2.60661 8.32405e-02
-2.59459 8.34185e-02
-2.58258 8.35291e-02
-2.57057 8.35321e-02
-2.55856 8.33959e-02
-2.54655 8.30987e-02
-2.53453 8.26304e-02
-2.52252 8.19930e-02
-2.51051 8.11998e-02
-2.49850 8.02746e-02
-2.48649 7.92491e-02
-2.47447 7.81613e-02
-2.46246 7.70547e-02
-2.45045 7.59799e-02
-2.43844 7.49935e-02
-2.42643 7.41500e-02
-2.41441 7.34839e-02
-2.40240 7.29954e-02
-2.39039 7.26651e-02
-2.37838 7.25012e-02
-2.36637 7.25685e-02
-2.35435 7.29330e-02
-2.34234 7.35395e-02
-2.33033 7.41627e-02
-2.31832 7.45371e-02
-2.30631 7.45694e-02
-2.29429 7.44109e-02
-2.28228 7.43047e-02
-2.27027 7.43774e-02
-2.25826 7.45806e-02
-2.24625 7.47961e-02
-2.23423 7.49599e-02
-2.22222 7.50935e-02
-2.21021 7.52611e-02
-2.19820 7.55223e-02
-2.18619 7.59132e-02
-2.17417 7.64479e-02
-2.16216 7.71208e-02
-2.15015 7.79074e-02
-2.13814 7.87646e-02
-2.12613 7.96354e-02
-2.11411 8.04569e-02
-2.10210 8.11679e-02
-2.09009 8.17153e-02
-2.07808 8.20564e-02
-2.06607 8.21599e-02
-2.05405 8.20104e-02
-2.04204 8.16199e-02
-2.03003 8.10414e-02
-2.01802 8.03637e-02
-2.00601 7.96781e-02
-1.99399 7.90551e-02
-1.98198 7.85224e-02
-1.96997 7.80001e-02
-1.95796 7.73298e-02
-1.94595 7.67047e-02
-1.93393 7.45499e-02
-1.92192 7.29049e-02
-1.90991 7.11760e-02
-1.89790 6.93853e-02
-1.88589 6.76988e-02
-1.87387 6.62542e-02
-1.86186 6.50927e-02
-1.84985 6.41900e-02
-1.83784 6.35227e-02
-1.82583 6.30972e-02
-1.81381 6.29329e-02
-1.80180 6.30394e-02
-1.78979 6.34086e-02
-1.77778 6.40174e-02
-1.76577 6.48307e-02
-1.75375 6.58028e-02
-1.74174 6.68851e-02
-1.72973 6.80352e-02
-1.71772 6.92230e-02
-1.70571 7.04264e-02
-1.69369 7.16237e-02
-1.68168 7.27969e-02
-1.66967 7.39420e-02
-1.65766 7.50579e-02
-1.64565 7.61101e-02
-1.63363 7.70361e-02
-1.62162 7.76766e-02
-1.60961 7.81268e-02
-1.59760 7.84173e-02
-1.58559 7.85742e-02
-1.57357 7.85734e-02
-1.56156 7.83825e-02
-1.54955 7.79962e-02
-1.53754 7.74326e-02
-1.52553 7.67181e-02
-1.51351 7.58764e-02
-1.50150 7.49260e-02
-1.48949 7.38808e-02
-1.47748 7.27536e-02
-1.46547 7.15590e-02
-1.45345 7.03147e-02
-1.44144 6.90413e-02
-1.42943 6.77639e-02
-1.41742 6.65132e-02
-1.40541 6.53269e-02
-1.39339 6.42481e-02
-1.38138 6.33214e-02
-1.36937 6.25878e-02
-1.35736 6.20817e-02
-1.34535 6.18286e-02
-1.33333 6.18455e-02
-1.32132 6.21408e-02
-1.30931 6.27150e-02
-1.29730 6.35601e-02
-1.28529 6.46596e-02
-1.27327 6.59876e-02
-1.26126 6.75106e-02
-1.24925 6.91885e-02
-1.23724 7.09770e-02
-1.22523 7.28298e-02
-1.21321 7.47005e-02
-1.20120 7.65441e-02
-1.18919 7.83181e-02
-1.17718 7.99836e-02
-1.16517 8.15060e-02
-1.15315 8.28560e-02
-1.14114 8.40107e-02
-1.12913 8.49543e-02
-1.11712 8.56787e-02
-1.10511 8.61838e-02
-1.09309 8.64770e-02
-1.08108 8.65730e-02
-1.06907 8.64926e-02
-1.05706 8.62618e-02
-1.04505 8.59104e-02
-1.03303 8.54708e-02
-1.02102 8.49767e-02
-1.00901 8.44615e-02
-0.99700 8.39571e-02
-0.98498 8.34929e-02
-0.97297 8.30946e-02
-0.96096 8.27834e-02
-0.94895 8.25754e-02
-0.93694 8.24817e-02
-0.92492 8.25079e-02
-0.91291 8.26546e-02
-0.90090 8.29177e-02
-0.88889 8.32888e-02
-0.87688 8.37562e-02
-0.86486 8.43053e-02
-0.85285 8.49200e-02
-0.84084 8.55831e-02
-0.82883 8.62780e-02
-0.81682 8.69893e-02
-0.80480 8.77036e-02
-0.79279 8.84110e-02
-0.78078 8.91052e-02
-0.76877 8.97847e-02
-0.75676 9.04526e-02
-0.74474 9.11171e-02
-0.73273 9.17911e-02
-0.72072 9.24919e-02
-0.70871 9.32400e-02
-0.69670 9.40583e-02
-0.68468 9.49703e-02
-0.67267 9.59989e-02
-0.66066 9.71644e-02
-0.64865 9.84831e-02
-0.63664 9.99658e-02
-0.62462 1.01617e-01
-0.61261 1.03437e-01
-0.60060 1.05416e-01
-0.58859 1.07543e-01
-0.57658 1.09801e-01
-0.56456 1.12170e-01
-0.55255 1.14628e-01
-0.54054 1.17146e-01
-0.52853 1.19690e-01
-0.51652 1.22214e-01
-0.50450 1.24661e-01
-0.49249 1.26955e-01
-0.48048 1.29011e-01
-0.46847 1.30742e-01
-0.45646 1.32072e-01
-0.44444 1.32957e-01
-0.43243 1.33411e-01
-0.42042 1.33517e-01
-0.40841 1.33439e-01
-0.39640 1.33413e-01
-0.38438 1.33721e-01
-0.37237 1.34651e-01
-0.36036 1.36449e-01
-0.34835 1.39270e-01
-0.33634 1.43146e-01
-0.32432 1.47969e-01
-0.31231 1.53493e-01
-0.30030 1.59417e-01
-0.28829 1.65558e-01
-0.27628 1.71851e-01
-0.26426 1.77506e-01
-0.25225 1.80543e-01
-0.24024 1.84024e-01
-0.22823 2.00089e-01
-0.21622 2.23782e-01
-0.20420 2.27343e-01
-0.19219 2.12299e-01
-0.18018 2.05405e-01
-0.16817 2.12064e-01
-0.15616 2.22232e-01
-0.14414 2.30047e-01
-0.13213 2.35011e-01
-0.12012 2.37034e-01
-0.10811 2.34563e-01
-0.09610 2.27692e-01
-0.08408 2.20702e-01
-0.07207 2.19279e-01
-0.06006 2.25213e-01
-0.04805 2.33629e-01
-0.03604 2.42019e-01
-0.02402 2.53201e-01
-0.01201 2.50378e-01
0.00000 2.30533e-01
0.01201 2.32770e-01
0.02402 2.34140e-01
0.03604 2.14050e-01
0.04805 2.01622e-01
0.06006 1.93454e-01
0.07207 1.87608e-01
0.08408 1.82961e-01
0.09610 1.80114e-01
0.10811 1.77465e-01
0.12012 1.74228e-01
0.13213 1.69774e-01
0.14414 1.64710e-01
0.15616 1.62319e-01
0.16817 1.63879e-01
0.18018 1.64151e-01
0.19219 1.59647e-01
0.20420 1.56094e-01
0.21622 1.53238e-01
0.22823 1.42252e-01
0.24024 1.30445e-01
0.25225 1.30899e-01
0.26426 1.35823e-01
0.27628 1.32377e-01
0.28829 1.23291e-01
0.30030 1.16561e-01
0.31231 1.12700e-01
0.32432 1.09390e-01
0.33634 1.07433e-01
0.34835 1.08801e-01
0.36036 1.13823e-01
0.37237 1.20606e-01
0.38438 1.25494e-01
0.39640 1.24477e-01
0.40841 1.15230e-01
0.42042 9.84851e-02
0.43243 7.77683e-02
0.44444 5.75770e-02
0.45646 4.63847e-01
0.46847 3.38833e-02
0.48048 2.75581e-02
0.49249 2.65251e-02
0.50450 2.71596e-02
0.51652 2.81013e-02
0.52853 2.86405e-02
0.54054 2.85628e-02
0.55255 2.79367e-02
0.56456 2.69511e-02
0.57658 2.58127e-02
0.58859 2.46889e-02
0.60060 2.36835e-02
0.61261 2.28374e-02
0.62462 2.21458e-02
0.63664 2.15784e-02
0.64865 2.10979e-02
0.66066 2.06711e-02
0.67267 2.02741e-02
0.68468 1.98923e-02
0.69670 1.95191e-02
0.70871 1.91533e-02
0.72072 1.87969e-02
0.73273 1.84537e-02
0.74474 1.81284e-02
0.75676 1.78255e-02
0.76877 1.75494e-02
0.78078 1.73041e-02
0.79279 1.70929e-02
0.80480 1.69183e-02
0.81682 1.67824e-02
0.82883 1.66863e-02
0.84084 1.66307e-02
0.85285 1.66156e-02
0.86486 1.66405e-02
0.87688 1.67042e-02
0.88889 1.68052e-02
0.90090 1.69416e-02
0.91291 1.71109e-02
0.92492 1.73104e-02
0.93694 1.75370e-02
0.94895 1.77873e-02
0.96096 1.80578e-02
0.97297 1.83446e-02
0.98498 1.86438e-02
0.99700 1.89513e-02
1.00901 1.92629e-02
1.02102 1.95746e-02
1.03303 1.98822e-02
1.04505 2.01818e-02
1.05706 2.04696e-02
1.06907 2.07418e-02
1.08108 2.09950e-02
1.09309 2.12260e-02
1.10511 2.14319e-02
1.11712 2.16102e-02
1.12913 2.17586e-02
1.14114 2.18754e-02
1.15315 2.19589e-02
1.16517 2.20083e-02
1.17718 2.20229e-02
1.18919 2.20025e-02
1.20120 2.19472e-02
1.21321 2.18577e-02
1.22523 2.17349e-02
1.23724 2.15803e-02
1.24925 2.13955e-02
1.26126 2.11826e-02
1.27327 2.09440e-02
1.28529 2.06822e-02
1.29730 2.04001e-02
1.30931 2.01008e-02
1.32132 1.97873e-02
1.33333 1.94632e-02
1.34535 1.91317e-02
1.35736 1.87962e-02
1.36937 1.84602e-02
1.38138 1.81270e-02
1.39339 1.77998e-02
1.40541 1.74819e-02
1.41742 1.71761e-02
1.42943 1.68853e-02
1.44144 1.66119e-02
1.45345 1.63583e-02
1.46547 1.61263e-02
1.47748 1.59178e-02
1.48949 1.57341e-02
1.50150 1.55762e-02
1.51351 1.54448e-02
1.52553 1.53404e-02
1.53754 1.52628e-02
1.54955 1.52118e-02
1.56156 1.51868e-02
1.57357 1.51868e-02
1.58559 1.52105e-02
1.59760 1.52565e-02
1.60961 1.53231e-02
1.62162 1.54081e-02
1.63363 1.55096e-02
1.64565 1.56250e-02
1.65766 1.57521e-02
1.66967 1.58882e-02
1.68168 1.60308e-02
1.69369 1.61772e-02
1.70571 1.63249e-02
1.71772 1.64713e-02
1.72973 1.66139e-02
1.74174 1.67504e-02
1.75375 1.68786e-02
1.76577 1.69964e-02
1.77778 1.71019e-02
1.78979 1.71936e-02
1.80180 1.72700e-02
1.81381 1.73300e-02
1.82583 1.73726e-02
1.83784 1.73972e-02
1.84985 1.74035e-02
1.86186 1.73912e-02
1.87387 1.73606e-02
1.88589 1.73119e-02
1.89790 1.72459e-02
1.90991 1.71634e-02
1.92192 1.70654e-02
1.93393 1.69532e-02
1.94595 1.68282e-02
1.95796 1.66918e-02
1.96997 1.65459e-02
1.98198 1.63920e-02
1.99399 1.62320e-02
2.00601 1.60678e-02
2.01802 1.59012e-02
2.03003 1.57339e-02
2.04204 1.55678e-02
2.05405 1.54046e-02
2.06607 1.52458e-02
2.07808 1.50930e-02
2.09009 1.49474e-02
2.10210 1.48104e-02
2.11411 1.46828e-02
2.12613 1.45657e-02
2.13814 1.44596e-02
2.15015 1.43650e-02
2.16216 1.42823e-02
2.17417 1.42115e-02
2.18619 1.41526e-02
2.19820 1.41052e-02
2.21021 1.40690e-02
2.22222 1.40434e-02
2.23423 1.40276e-02
2.24625 1.40207e-02
2.25826 1.40218e-02
2.27027 1.40297e-02
2.28228 1.40433e-02
2.29429 1.40613e-02
2.30631 1.40824e-02
2.31832 1.41054e-02
2.33033 1.41290e-02
2.34234 1.41518e-02
2.35435 1.41727e-02
2.36637 1.41904e-02
2.37838 1.42038e-02
2.39039 1.42118e-02
2.40240 1.42136e-02
2.41441 1.42083e-02
2.42643 1.41951e-02
2.43844 1.41735e-02
2.45045 1.41431e-02
2.46246 1.41035e-02
2.47447 1.40545e-02
2.48649 1.39961e-02
2.49850 1.39284e-02
2.51051 1.38515e-02
2.52252 1.37659e-02
2.53453 1.36720e-02
2.54655 1.35703e-02
2.55856 1.34615e-02
2.57057 1.33463e-02
2.58258 1.32256e-02
2.59459 1.31002e-02
2.60661 1.29711e-02
2.61862 1.28392e-02
2.63063 1.27055e-02
2.64264 1.25710e-02
2.65465 1.24366e-02
2.66667 1.23034e-02
2.67868 1.21722e-02
2.69069 1.20439e-02
2.70270 1.19194e-02
2.71471 1.17994e-02
2.72673 1.16846e-02
2.73874 1.15757e-02
2.75075 1.14732e-02
2.76276 1.13775e-02
2.77477 1.12890e-02
2.78679 1.12079e-02
2.79880 1.11345e-02
2.81081 1.10687e-02
2.82282 1.10107e-02
2.83483 1.09602e-02
2.84685 1.09172e-02
2.85886 1.08812e-02
2.87087 1.08521e-02
2.88288 1.08294e-02
2.89489 1.08126e-02
2.90691 1.08011e-02
2.91892 1.07945e-02
2.93093 1.07922e-02
2.94294 1.07934e-02
2.95495 1.07976e-02
2.96697 1.08041e-02
2.97898 1.08122e-02
2.99099 1.08212e-02
3.00300 1.08306e-02
3.01502 1.08396e-02
3.02703 1.08477e-02
3.03904 1.08543e-02
3.05105 1.08589e-02
3.06306 1.08609e-02
3.07508 1.08600e-02
3.08709 1.08557e-02
3.09910 1.08478e-02
3.11111 1.08358e-02
3.12312 1.08196e-02
3.13514 1.07990e-02
3.14715 1.07738e-02
3.15916 1.07441e-02
3.17117 1.07098e-02
3.18318 1.06710e-02
3.19520 1.06277e-02
3.20721 1.05801e-02
3.21922 1.05284e-02
3.23123 1.04727e-02
3.24324 1.04134e-02
3.25526 1.03507e-02
3.26727 1.02850e-02
3.27928 1.02166e-02
3.29129 1.01459e-02
3.30330 1.00732e-02
3.31532 9.99882e-03
3.32733 9.92327e-03
3.33934 9.84689e-03
3.35135 9.77005e-03
3.36336 9.69311e-03
3.37538 9.61645e-03
3.38739 9.54039e-03
3.39940 9.46525e-03
3.41141 9.39135e-03
3.42342 9.31895e-03
3.43544 9.24832e-03
3.44745 9.17966e-03
3.45946 9.11317e-03
3.47147 9.04903e-03
3.48348 8.98737e-03
3.49550 8.92828e-03
3.50751 8.87186e-03
3.51952 8.81814e-03
3.53153 8.76714e-03
3.54354 8.71885e-03
3.55556 8.67323e-03
3.56757 8.63023e-03
3.57958 8.58976e-03
3.59159 8.55172e-03
3.60360 8.51598e-03
3.61562 8.48241e-03
3.62763 8.45084e-03
3.63964 8.42113e-03
3.65165 8.39309e-03
3.66366 8.36654e-03
3.67568 8.34131e-03
3.68769 8.31719e-03
3.69970 8.29402e-03
3.71171 8.27159e-03
3.72372 8.24974e-03
3.73574 8.22829e-03
3.74775 8.20708e-03
3.75976 8.18594e-03
3.77177 8.16474e-03
3.78378 8.14334e-03
3.79580 8.12162e-03
3.80781 8.09947e-03
3.81982 8.07682e-03
3.83183 8.05357e-03
3.84384 8.02966e-03
3.85586 8.00506e-03
3.86787 7.97973e-03
3.87988 7.95364e-03
3.89189 7.92681e-03
3.90390 7.89924e-03
3.91592 7.87095e-03
3.92793 7.84197e-03
3.93994 7.81236e-03
3.95195 7.78217e-03
3.96396 7.75145e-03
3.97598 7.72029e-03
3.98799 7.68875e-03
4.00000 7.65692e-03
