     0   -10.27134050    -3.81535524    -3.81535522    -3.81535520    -1.64571182    -1.64571182     5.53749107     5.53749107     5.53749107
     1   -10.25194765    -3.81691615    -3.81552067    -3.81291591    -1.64735474    -1.64511125     5.50942649     5.53010580     5.55575216
     2   -10.19699535    -3.82157700    -3.81332093    -3.80829136    -1.65227603    -1.64331093     5.47220439     5.50955322     5.56517002
     3   -10.11555183    -3.82927482    -3.80866898    -3.80156060    -1.66045354    -1.64031489     5.42851785     5.48029798     5.56761069
     4   -10.02079784    -3.83991404    -3.80148865    -3.79278663    -1.67185095    -1.63612933     5.38298789     5.44868718     5.56523074
     5    -9.92748847    -3.85337869    -3.79172030    -3.78201094    -1.68641856    -1.63076198     5.34147041     5.42151778     5.56008619
     6    -9.84911289    -3.86954625    -3.77932529    -3.76924952    -1.70409447    -1.62422139     5.31001833     5.40446749     5.55392003
     7    -9.79538243    -3.88830065    -3.76428881    -3.75449092    -1.72480672    -1.61651645     5.29378695     5.40080513     5.54804885
     8    -9.77063755    -3.90954221    -3.74662114    -3.73769705    -1.74847674    -1.60765603     5.29611782     5.41076934     5.54331084
     9    -9.77351285    -3.93319313    -3.72635720    -3.71880720    -1.77502328    -1.59764907     5.31795771     5.43180138     5.54006985
    10    -9.79781314    -3.95919839    -3.70355467    -3.69774527    -1.80436533    -1.58650493     5.35769115     5.45950510     5.53827754
    11    -9.83421133    -3.98752238    -3.67829070    -3.67442963    -1.83642224    -1.57423399     5.41139106     5.48895033     5.53758615
    12    -9.87223115    -4.01814237    -3.65065723    -3.64878426    -1.87111048    -1.56084834     5.47342380     5.51587042     5.53749327
    13    -9.90204316    -4.05103986    -3.62075486    -3.62074928    -1.90833801    -1.54636239     5.53729238     5.53743281     5.53749139
    14    -9.91578440    -4.08619124    -3.59028932    -3.58868546    -1.94799781    -1.53079326     5.53719377     5.55247670     5.59656944
    15    -9.90829905    -4.12355931    -3.55739842    -3.55454371    -1.98996214    -1.51416090     5.53641373     5.56129689     5.64576686
    16    -9.87733084    -4.16308666    -3.52210097    -3.51840841    -2.03407862    -1.49648782     5.53518508     5.56515224     5.68100916
    17    -9.82327187    -4.20469175    -3.48444886    -3.48033477    -2.08016865    -1.47779860     5.53372516     5.56569273     5.70041924
    18    -9.74860395    -4.24826792    -3.44451534    -3.44034899    -2.12802807    -1.45811921     5.53235450     5.56446151     5.70417890
    19    -9.65717575    -4.29368494    -3.40238617    -3.39844699    -2.17742976    -1.43747633     5.53139634     5.56256665     5.69428264
    20    -9.55344911    -4.34079261    -3.35814760    -3.35459943    -2.22812753    -1.41589684     5.53108258     5.56055494     5.67405189
    21    -9.44073774    -4.38989581    -3.31141959    -3.30831955    -2.28035714    -1.39318912     5.53149720     5.55844617     5.64724055
    22    -9.32613332    -4.43941068    -3.26358743    -3.26091670    -2.33235609    -1.37003549     5.53252186     5.55601833     5.61873341
    23    -9.20819869    -4.49106306    -3.21279550    -3.21056999    -2.38583996    -1.34557322     5.53395178     5.55279415     5.59103338
    24    -9.09329013    -4.54273414    -3.16090731    -3.15921024    -2.43850519    -1.32075376     5.53542143     5.54863801     5.56777990
    25    -8.97798811    -4.59624864    -3.10586761    -3.10490017    -2.49207500    -1.29465356     5.53668253     5.54338683     5.54959764
    26    -8.86686865    -4.64944571    -3.04971982    -3.04971284    -2.54422045    -1.26829038     5.53748748     5.53752982     5.53755054
    27    -8.75537358    -4.70424887    -2.99153037    -2.99030887    -2.59661464    -1.24068685     5.53062335     5.53138745     5.53781758
    28    -8.64718964    -4.75849555    -2.93253774    -2.92992027    -2.64693513    -1.21292312     5.52584579     5.52793124     5.53776994
    29    -8.53760658    -4.81420140    -2.87044672    -2.86631143    -2.69673742    -1.18397326     5.52133843     5.52794719     5.53756159
    30    -8.43037709    -4.86921883    -2.80758033    -2.80198763    -2.74374370    -1.15497229     5.51850986     5.52940377     5.53740201
    31    -8.32124038    -4.92563651    -2.78932232    -2.74150511    -2.73460080    -1.12484945     5.51748654     5.53146537     5.53734629
    32    -8.21445746    -4.98131047    -2.83129387    -2.67470933    -2.66682507    -1.09478522     5.51826137     5.53357890     5.53735604
    33    -8.10632006    -5.03836933    -2.87076976    -2.60463329    -2.59618772    -1.06366794     5.52056347     5.53505564     5.53792250
    34    -8.00147790    -5.09464015    -2.90574022    -2.53394812    -2.52547674    -1.03271499     5.52383580     5.53497391     5.53976136
    35    -7.89658335    -5.15224866    -2.93698750    -2.45998344    -2.45208322    -1.00077995     5.52763447     5.53439492     5.54178322
    36    -7.79628148    -5.20895642    -2.96275679    -2.38559967    -2.37886576    -0.96911128     5.53126498     5.53408825     5.54302966
    37    -7.69737172    -5.26684372    -2.98342200    -2.30803074    -2.30307714    -0.93653658     5.53437904     5.53443043     5.54295672
    38    -7.60413656    -5.32359146    -2.99757553    -2.23031899    -2.22762084    -0.90433150     5.53556986     5.53650244     5.54117673
    39    -7.51343720    -5.38120925    -3.00508922    -2.14961483    -2.14961482    -0.87130759     5.53749107     5.53749107     5.53749107
    40    -7.42901394    -5.43732840    -3.00499214    -2.07199931    -2.06911617    -0.83876268     5.53223503     5.53722309     5.53987316
    41    -7.34635239    -5.49495487    -2.99629104    -1.99023978    -1.98431397    -0.80487253     5.52561052     5.53569247     5.54247581
    42    -7.27170386    -5.54961431    -2.97884800    -1.91035276    -1.90165964    -0.77220439     5.51889798     5.53317671     5.54470170
    43    -7.20198734    -5.60327693    -2.95169500    -1.82928534    -1.81819371    -0.73956034     5.51276371     5.52991241     5.54631649
    44    -7.13726043    -5.65580221    -2.91397971    -1.74699419    -1.73406571    -0.70699611     5.50807579     5.52627578     5.54711395
    45    -7.07540857    -5.70904435    -2.86268935    -1.66021261    -1.64614371    -0.67332236     5.50547226     5.52260798     5.54702346
    46    -7.02114407    -5.75901656    -2.80072236    -1.57536973    -1.56105713    -0.64108798     5.50553267     5.51972947     5.54615409
    47    -6.97226843    -5.80772112    -2.72560712    -1.48931922    -1.47565170    -0.60909380     5.50810639     5.51803992     5.54473009
    48    -6.92902863    -5.85520010    -2.63670991    -1.40215798    -1.39000337    -0.57738932     5.51280758     5.51801404     5.54301623
    49    -6.89038564    -5.90327443    -2.52942363    -1.31063824    -1.30087337    -0.54482439     5.51919714     5.52009011     5.54120798
    50    -6.85946445    -5.94844815    -2.41172846    -1.22176778    -1.21492794    -0.51386205     5.52419539     5.52589892     5.53965213
    51    -6.83489282    -5.99257026    -2.28043941    -1.13245521    -1.12893749    -0.48334013     5.53014215     5.53223136     5.53840406
    52    -6.81671233    -6.03565791    -2.13658744    -1.04303033    -1.04298594    -0.45331177     5.53739292     5.53743421     5.53750051
    53    -6.80445671    -6.07928740    -1.97554035    -0.95388472    -0.95043681    -0.42271087     5.53688697     5.54110924     5.54543603
    54    -6.79870637    -6.12017060    -1.81120765    -0.86837437    -0.86192381    -0.39386461     5.53651837     5.54281921     5.55266972
    55    -6.79839672    -6.15986079    -1.63997302    -0.78331898    -0.77442707    -0.36568906     5.53624802     5.54292636     5.55840197
    56    -6.80289938    -6.19825848    -1.46400527    -0.69891718    -0.68829473    -0.33824514     5.53592699     5.54193133     5.56181049
    57    -6.81189935    -6.23665552    -1.27837917    -0.61220416    -0.60062442    -0.31058433     5.53532841     5.54051564     5.56236542
    58    -6.82395073    -6.27211340    -1.09849835    -0.52986159    -0.51817810    -0.28481488     5.53437109     5.53951210     5.55998686
    59    -6.83856934    -6.30601213    -0.91862782    -0.44892761    -0.43788234    -0.25995040     5.53334098     5.53906345     5.55521525
    60    -6.85506017    -6.33830942    -0.73933591    -0.36968219    -0.35989890    -0.23604011     5.53274488     5.53896407     5.54895939
    61    -6.87350280    -6.37013818    -0.55385219    -0.28948312    -0.28149890    -0.21226795     5.53285987     5.53900940     5.54220102
    62    -6.89198356    -6.39914786    -0.37564776    -0.21456899    -0.20859903    -0.19043645     5.53364138     5.53681246     5.53903277
    63    -6.91072691    -6.42656625    -0.19743319    -0.16968215    -0.14221726    -0.13835045     5.53373642     5.53485934     5.53888435
    64    -6.92937683    -6.45240907    -0.15004169    -0.07271314    -0.07086878    -0.01887743     5.53381367     5.53622292     5.53841837
    65    -6.94833693    -6.47758013    -0.13085883    -0.00387309    -0.00385201     0.16694573     5.53747630     5.53750512     5.53755937
    66    -6.96595836    -6.50019452    -0.11359034     0.05748940     0.05897796     0.34584523     5.53608805     5.53841889     5.54436828
    67    -6.98274995    -6.52117169    -0.09753768     0.11553774     0.11811476     0.52373928     5.53430442     5.53893488     5.55338516
    68    -6.99853082    -6.54045032    -0.08273539     0.17001457     0.17328823     0.69913099     5.53232818     5.53906646     5.56321533
    69    -7.01367296    -6.55859763    -0.06872391     0.22249696     0.22610552     0.87650071     5.53039570     5.53888442     5.57253018
    70    -7.02690441    -6.57420077    -0.05657508     0.26877840     0.27238978     1.04028422     5.52899629     5.53852557     5.57900496
    71    -7.03868901    -6.58791541    -0.04577547     0.31056363     0.31393541     1.19454757     5.52833716     5.53811384     5.58179586
    72    -7.04893786    -6.59971458    -0.03635206     0.34754574     0.35051212     1.33654736     5.52857174     5.53775438     5.58031463
    73    -7.05789917    -6.60994164    -0.02804725     0.38056170     0.38300929     1.46803736     5.52973216     5.53750700     5.57448232
    74    -7.06489178    -6.61786818    -0.02149497     0.40690807     0.40882374     1.57643704     5.53151166     5.53740936     5.56579494
    75    -7.07029082    -6.62395820    -0.01637423     0.42770145     0.42909576     1.66431314     5.53357541     5.53742488     5.55580873
    76    -7.07412622    -6.62826930    -0.01269460     0.44278411     0.44368904     1.72932621     5.53549363     5.53749943     5.54655716
    77    -7.07649092    -6.63092121    -0.01040533     0.45228757     0.45272047     1.77061891     5.53690673     5.53756520     5.53980467
    78    -7.07723699    -6.63175695    -0.00967945     0.45544841     0.45544841     1.78385367     5.53749107     5.53749107     5.53749107
    79    -7.07561659    -6.63041065    -0.01208856     0.43285931     0.45547972     1.80806827     5.53682861     5.53740746     5.53776903
    80    -7.07063298    -6.62626492    -0.01949798     0.36785184     0.45557228     1.87801398     5.53549090     5.53716973     5.53798326
    81    -7.06248012    -6.61946647    -0.03161854     0.27274167     0.45571302     1.98101086     5.53357978     5.53683857     5.53824080
    82    -7.05110478    -6.60994816    -0.04852467     0.15641288     0.45588528     2.10795507     5.53131379     5.53647964     5.53855681
    83    -7.03651982    -6.59769118    -0.07018519     0.02619843     0.45606800     2.25115821     5.52900991     5.53616070     5.53891190
    84    -7.01836980    -6.58236008    -0.11570319    -0.09710216     0.45624117     2.40832973     5.52697508     5.53592842     5.53927847
    85    -6.99735672    -6.56451004    -0.26069704    -0.12820320     0.45637745     2.56991749     5.52560678     5.53581442     5.53959733
    86    -6.97319493    -6.54386162    -0.40926894    -0.16386033     0.45646252     2.73634693     5.52511341     5.53581017     5.53982353
    87    -6.94591804    -6.52040313    -0.55997559    -0.20396944     0.45648857     2.90596285     5.52564929     5.53589947     5.53990117
    88    -6.91496161    -6.49360089    -0.71471072    -0.24929619     0.45645839     3.08098050     5.52729719     5.53607698     5.53976737
    89    -6.88155231    -6.46446832    -0.86691253    -0.29798948     0.45639143     3.25416503     5.52992372     5.53635382     5.53936611
    90    -6.84522111    -6.43254452    -1.01893929    -0.35069435     0.45631547     3.42845495     5.53338563     5.53679044     5.53863343
    91    -6.80607550    -6.39785394    -1.17039055    -0.40722683     0.45626811     3.60371760     5.53745153     5.53748798     5.53750337
    92    -6.76342327    -6.35968437    -1.32384706    -0.46856944     0.45629098     3.78325806     5.53587063     5.53857940     5.54196946
    93    -6.71902910    -6.31950410    -1.47333630    -0.53219182     0.45642025     3.96015501     5.53375471     5.54014611     5.54649240
    94    -6.67230187    -6.27665531    -1.62161552    -0.59896740     0.45667658     4.13732767     5.53113322     5.54225579     5.55085988
    95    -6.62344881    -6.23116850    -1.76860099    -0.66862726     0.45706198     4.31392332     5.52809915     5.54486841     5.55482730
    96    -6.57170763    -6.18212367    -1.91701875    -0.74228133     0.45756405     4.49189277     5.52480239     5.54787525     5.55819875
    97    -6.51926718    -6.13138457    -2.06126479    -0.81683199     0.45811652     4.66261713     5.52171270     5.55085417     5.56058030
    98    -6.46542684    -6.07807110    -2.20411835    -0.89327992     0.45865814     4.82706681     5.51921479     5.55343569     5.56177770
    99    -6.41018554    -6.02192301    -2.34622397    -0.97160784     0.45911016     4.98322357     5.51779759     5.55513157     5.56154866
   100    -6.35353889    -5.96262962    -2.48817949    -1.05177891     0.45939274     5.12869310     5.51794891     5.55542538     5.55968750
   101    -6.29684838    -5.90131894    -2.62723796    -1.13180370     0.45943573     5.25796073     5.52000527     5.55390281     5.55617205
   102    -6.24043133    -5.83806959    -2.76335437    -1.21116116     0.45921008     5.36916612     5.52403950     5.55038855     5.55114547
   103    -6.18352547    -5.77166590    -2.89903439    -1.29083348     0.45871518     5.46283845     5.52999732     5.54472820     5.54487846
   104    -6.12648878    -5.70202871    -3.03409749    -1.37021503     0.45799130     5.53733780     5.53742732     5.53753565     5.53784324
   105    -6.07078467    -5.63045718    -3.16586107    -1.44718401     0.45713749     5.52899507     5.52992444     5.54580278     5.59254795
   106    -6.01680840    -5.55700300    -3.29425746    -1.52114554     0.45626722     5.52020394     5.52278340     5.55403130     5.62910418
   107    -5.96398841    -5.48022774    -3.42164506    -1.59284723     0.45548586     5.51178613     5.51653364     5.56150347     5.65004633
   108    -5.91290079    -5.40003084    -3.54787209    -1.66148942     0.45491295     5.50462714     5.51174855     5.56739652     5.65755703
   109    -5.86508481    -5.31790641    -3.67050418    -1.72504822     0.45464544     5.49958185     5.50890128     5.57100203     5.65446310
   110    -5.82106886    -5.23392460    -3.78959363    -1.78292685     0.45471452     5.49705557     5.50809929     5.57208189     5.64402993
   111    -5.78065295    -5.14648228    -3.90744626    -1.83551271     0.45511035     5.49716534     5.50925517     5.57068124     5.62885452
   112    -5.74463055    -5.05553681    -4.02403503    -1.88191439     0.45577871     5.49984719     5.51213730     5.56707300     5.61126790
   113    -5.71434451    -4.96285837    -4.13721655    -1.92057650     0.45659888     5.50467133     5.51625843     5.56190689     5.59352314
   114    -5.69024685    -4.86859131    -4.24711360    -1.95110512     0.45743333     5.51109773     5.52111413     5.55590243     5.57693343
   115    -5.67240375    -4.77100520    -4.35588551    -1.97357469     0.45816065     5.51882184     5.52639930     5.54957042     5.56191555
   116    -5.66142318    -4.67011692    -4.46349447    -1.98734513     0.45865682     5.52765236     5.53189767     5.54334106     5.54874279
   117    -5.65777881    -4.56790724    -4.56790723    -1.99190618     0.45883035     5.53749107     5.53749107     5.53749107     5.53749107
   118    -5.65897213    -4.63998381    -4.49564346    -1.98937511     0.45727339     5.52800739     5.53648157     5.54489484     5.54977094
   119    -5.66260391    -4.71206646    -4.42260893    -1.98196860     0.45259851     5.52407930     5.53571434     5.55520893     5.57157251
   120    -5.66872638    -4.78334691    -4.34880440    -1.96995316     0.44479121     5.52383879     5.53553777     5.56715433     5.60003764
   121    -5.67756339    -4.85395924    -4.27314915    -1.95336476     0.43367723     5.52497241     5.53689755     5.58079259     5.63101664
   122    -5.68902252    -4.92120523    -4.19761565    -1.93296367     0.41956417     5.52596884     5.53969907     5.59500296     5.65905422
   123    -5.70341320    -4.98532661    -4.12115446    -1.90889283     0.40234677     5.52694355     5.54247204     5.60849346     5.68075295
   124    -5.72098769    -5.04571479    -4.04377208    -1.88153772     0.38205259     5.52796786     5.54326260     5.61636464     5.69348706
   125    -5.74197561    -5.10187202    -3.96568293    -1.85134841     0.35880143     5.52867061     5.54174652     5.61621537     5.69798746
   126    -5.76649917    -5.15344052    -3.88720774    -1.81882010     0.33278680     5.52791963     5.53867710     5.60598234     5.69610665
   127    -5.79449997    -5.20023264    -3.80875916    -1.78448568     0.30429431     5.52366557     5.53616937     5.58610295     5.68937139
   128    -5.82613047    -5.24273256    -3.72974692    -1.74837184     0.27325408     5.51596039     5.53483643     5.56091108     5.67825345
   129    -5.86001850    -5.27989332    -3.65276681    -1.71196039     0.24091325     5.50583974     5.53297432     5.53850624     5.66358441
   130    -5.89589211    -5.31255891    -3.57716404    -1.67523145     0.20727580     5.49219140     5.52246545     5.53405387     5.64592828
   131    -5.93298959    -5.34096502    -3.50326819    -1.63853747     0.17266980     5.47932375     5.51838299     5.53370090     5.62672092
   132    -5.97054182    -5.36548253    -3.43137725    -1.60222232     0.13738466     5.47370375     5.52003356     5.53403024     5.60684613
   133    -6.00807333    -5.38664861    -3.36130892    -1.56635880     0.10142433     5.47871133     5.52486130     5.53500428     5.58658725
   134    -6.04443160    -5.40453771    -3.29426563    -1.53172011     0.06548042     5.49373751     5.53044248     5.53635230     5.56739167
   135    -6.07930224    -5.41972702    -3.23012092    -1.49841098     0.02961922     5.51763699     5.53514847     5.53745965     5.54917421
   136    -6.11219701    -5.43258208    -3.16929811    -1.46681174    -0.00574863     5.53219119     5.53714632     5.53844421     5.54780787
   137    -6.14290050    -5.44347296    -3.11192624    -1.43714189    -0.04030538     5.51579270     5.53454286     5.54056013     5.58162007
   138    -6.17062946    -5.45251063    -3.05941705    -1.41023949    -0.07287539     5.50097279     5.53067565     5.54172139     5.61432893
   139    -6.19537381    -5.45998418    -3.01188587    -1.38622168    -0.10302314     5.48622505     5.52798319     5.54196650     5.64378408
   140    -6.21671117    -5.46595815    -2.97030467    -1.36559516    -0.12977624     5.47012375     5.52880494     5.54138390     5.66747630
   141    -6.23454678    -5.47065091    -2.93514474    -1.34847563    -0.15258868     5.45502822     5.53412292     5.54040119     5.68441941
   142    -6.24860108    -5.47412447    -2.90716416    -1.33511975    -0.17078604     5.44132263     5.53915268     5.54310197     5.69447868
   143    -6.25875581    -5.47649940    -2.88679635    -1.32557048    -0.18401535     5.43032871     5.53837482     5.55309719     5.69880006
   144    -6.26489975    -5.47786329    -2.87439800    -1.31984501    -0.19203584     5.42283104     5.53795137     5.56136149     5.69936194
   145    -6.26695440    -5.47831621    -2.87024841    -1.31793744    -0.19472120     5.42042105     5.53787358     5.56448339     5.69926850
   146    -6.22276700    -5.40457671    -2.97549898    -1.38570123    -0.24103996     5.35176380     5.53788317     5.56742126     5.72130834
   147    -6.18056721    -5.33568533    -3.07265583    -1.44916934    -0.28608839     5.27269222     5.53787521     5.56935270     5.72873888
   148    -6.13576028    -5.26448609    -3.17252559    -1.51524449    -0.33482933     5.17476333     5.53784901     5.57018858     5.72388384
   149    -6.09317111    -5.19892270    -3.26460165    -1.57684220    -0.38209157     5.06894200     5.53780892     5.56957906     5.70897265
   150    -6.04820999    -5.13216470    -3.35911316    -1.64067779    -0.43308186     4.94456353     5.53775356     5.56722731     5.68441423
   151    -6.00577002    -5.07162332    -3.44610034    -1.69992047    -0.48239045     4.81607498     5.53769269     5.56323303     5.65482757
   152    -5.96134246    -5.01092817    -3.53520398    -1.76104192    -0.53544974     4.67096090     5.53762455     5.55707870     5.61913951
   153    -5.91983295    -4.95673308    -3.61700960    -1.81751254    -0.58663071     4.52634433     5.53756135     5.54943470     5.58311380
   154    -5.87692006    -4.90321363    -3.70055568    -1.87551115    -0.64157235     4.36826921     5.53750140     5.53958368     5.54476859
   155    -5.83743778    -4.85609194    -3.77698907    -1.92884961    -0.69444625     4.21535836     5.50983087     5.52879116     5.53745552
   156    -5.79739436    -4.81011264    -3.85472918    -1.98337096    -0.75107828     4.05266206     5.47597581     5.51621811     5.53742246
   157    -5.76142701    -4.76998268    -3.92551823    -2.03326335    -0.80546103     3.89902443     5.44793632     5.50362451     5.53740807
   158    -5.72605367    -4.73097403    -3.99713821    -2.08399689    -0.86358693     3.73893924     5.42352771     5.49017592     5.53741169
   159    -5.69553193    -4.69682914    -4.06197320    -2.13016700    -0.91929034     3.59039085     5.40587374     5.47788243     5.53743222
   160    -5.66709906    -4.66325453    -4.12714928    -2.17683902    -0.97870940     3.43770856     5.39328000     5.46605983     5.53746945
   161    -5.64437367    -4.63323886    -4.18574162    -2.21904403    -1.03554140     3.29737932     5.38703347     5.45659018     5.53751574
   162    -5.62552929    -4.60280483    -4.24420369    -2.26141582    -1.09604883     3.15389372     5.38612192     5.44906370     5.53757107
   163    -5.61320107    -4.57454081    -4.29634261    -2.29944706    -1.15381347     3.02214159     5.39012600     5.44478524     5.53762416
   164    -5.60669019    -4.54466708    -4.34792629    -2.33731825    -1.21520041     2.88701088     5.39874915     5.44369178     5.53767491
   165    -5.60724746    -4.51579128    -4.39351657    -2.37100642    -1.27369794     2.76213204     5.41026829     5.44611594     5.53771285
   166    -5.61544571    -4.48423731    -4.43817275    -2.40422188    -1.33575163     2.63290361     5.42501493     5.45234746     5.53773770
   167    -5.63078135    -4.47740479    -4.45279990    -2.43344405    -1.39477880     2.51223431     5.44057052     5.46150885     5.53774406
   168    -5.65520112    -4.51524047    -4.41812065    -2.46190077    -1.45728317     2.38600373     5.45789425     5.47403860     5.53773147
   169    -5.68622022    -4.54800390    -4.38348943    -2.48658541    -1.51663406     2.26690151     5.47472475     5.48770311     5.53770197
   170    -5.72723095    -4.57936028    -4.34510010    -2.51023541    -1.57937080     2.14114369     5.49268671     5.50279134     5.53765488
   171    -5.77374258    -4.60608547    -4.30707552    -2.53036231    -1.63883816     2.02155056     5.50963299     5.51665826     5.53759902
   172    -5.83062505    -4.63124317    -4.26534698    -2.54920927    -1.70158853     1.89448938     5.52701763     5.53000481     5.53753339
   173    -5.89153334    -4.65228008    -4.22449903    -2.56480346    -1.76096561     1.77310946     5.53747023     5.54092269     5.54252741
   174    -5.96082873    -4.67116796    -4.18140974    -2.57855397    -1.82186865     1.64720085     5.53740962     5.55010701     5.55701403
   175    -6.03645429    -4.68739093    -4.13744404    -2.59001536    -1.88259515     1.52007421     5.53735805     5.55712195     5.56963011
   176    -6.11793656    -4.70105744    -4.09285589    -2.59920961    -1.94309382     1.39177435     5.53731910     5.56200988     5.58010069
   177    -6.20480430    -4.71227573    -4.04789754    -2.60616120    -2.00331417     1.26243447     5.53729492     5.56493268     5.58828850
   178    -6.29659652    -4.72115208    -4.00281399    -2.61089698    -2.06320661     1.13227220     5.53728607     5.56614371     5.59418540
   179    -6.39286296    -4.72778891    -3.95783961    -2.61344613    -2.12272248     1.00158311     5.53729160     5.56595940     5.59788996
   180    -6.49315761    -4.73228284    -3.91319640    -2.61384037    -2.18181414     0.87073110     5.53730930     5.56472939     5.59957733
   181    -6.59702668    -4.73472281    -3.86909371    -2.61211431    -2.24043498     0.74013531     5.53733602     5.56280545     5.59946689
   182    -6.70399339    -4.73518814    -3.82572900    -2.60830591    -2.29853944     0.61025400     5.53736811     5.56051036     5.59779234
   183    -6.81354268    -4.73374699    -3.78328949    -2.60245694    -2.35608299     0.48156623     5.53740185     5.55810872     5.59477755
   184    -6.92510918    -4.73045506    -3.74195424    -2.59461342    -2.41302208     0.35455284     5.53743388     5.55578290     5.59061987
   185    -7.03807186    -4.72535491    -3.70189651    -2.58482603    -2.46931412     0.22967816     5.53746148     5.55361713     5.58548092
   186    -7.15175817    -4.71847598    -3.66328612    -2.57315034    -2.52491742     0.10737427     5.53748280     5.55159306     5.57948409
   187    -7.26852572    -4.70957752    -3.62531570    -2.58126374    -2.55925728    -0.01515226     5.53749720     5.54954355     5.57252374
   188    -7.38149462    -4.69913454    -3.59015624    -2.63534653    -2.54394537    -0.13110956     5.53750396     5.54738909     5.56502354
   189    -7.49305188    -4.68693523    -3.55695597    -2.68861941    -2.52694424    -0.24348260     5.53750435     5.54485872     5.55684147
   190    -7.60258207    -4.67297393    -3.52588668    -2.74104388    -2.50832959    -0.35204119     5.53749977     5.54174773     5.54799014
   191    -7.70959101    -4.65724494    -3.49712143    -2.79258215    -2.48818167    -0.45659940     5.53749195     5.53791304     5.53847083
   192    -7.81375100    -4.63974719    -3.47083350    -2.84319719    -2.46658508    -0.55700612     5.52828517     5.53331557     5.53748269
   193    -7.91493797    -4.62048909    -3.44719447    -2.89285267    -2.44362841    -0.65313455     5.51745708     5.52804388     5.53747368
   194    -8.01325513    -4.59949335    -3.42637140    -2.94151307    -2.41940408    -0.74487202     5.50606899     5.52230955     5.53746627
   195    -8.10903857    -4.57680124    -3.40852317    -2.98914366    -2.39400803    -0.83211161     5.49430724     5.51641468     5.53746137
   196    -8.20284175    -4.55247620    -3.39379569    -3.03571056    -2.36753962    -0.91474680     5.48249997     5.51070511     5.53745939
   197    -8.29539774    -4.52660630    -3.38231612    -3.08118083    -2.34010143    -0.99266984     5.47112851     5.50552727     5.53746027
   198    -8.38756004    -4.49930542    -3.37418613    -3.12552246    -2.31179921    -1.06577429     5.46080325     5.50119877     5.53746353
   199    -8.48022531    -4.47071292    -3.36947448    -3.16870444    -2.28274176    -1.13396141     5.45220850     5.49799163     5.53746840
   200    -8.57424336    -4.44099177    -3.36820950    -3.21069681    -2.25304092    -1.19714971     5.44602761     5.49612213     5.53747399
   201    -8.66900738    -4.41074501    -3.37032027    -3.25092793    -2.22322299    -1.25453451     5.44288132     5.49573738     5.53747933
   202    -8.76758407    -4.37934043    -3.37579377    -3.29047254    -2.19258730    -1.30767527     5.44311831     5.49690623     5.53748386
   203    -8.86885657    -4.34739503    -3.38449678    -3.32874453    -2.16165923    -1.35578876     5.44701839     5.49964292     5.53748702
   204    -8.97262320    -4.31512132    -3.39624573    -3.36571832    -2.13056146    -1.39896926     5.45452942     5.50385246     5.53748870
   205    -9.07828918    -4.28272954    -3.41080397    -3.40136941    -2.09941878    -1.43737090     5.46532331     5.50933201     5.53748907
   206    -9.18487820    -4.25042198    -3.43567440    -3.42788824    -2.06835767    -1.47120567     5.47882731     5.51575252     5.53748863
   207    -9.29108317    -4.21838831    -3.46861097    -3.44717770    -2.03750588    -1.50073691     5.49429742     5.52263687     5.53748806
   208    -9.39674323    -4.18637914    -3.50057452    -3.46862148    -2.00658240    -1.52658867     5.51115475     5.52942676     5.53748813
   209    -9.49735138    -4.15540543    -3.53069224    -3.49128020    -1.97654184    -1.54840985     5.52818841     5.53512154     5.53748953
   210    -9.59268529    -4.12517434    -3.55938052    -3.51505973    -1.94709732    -1.56692271     5.53749278     5.53888793     5.54501188
   211    -9.68127061    -4.09580622    -3.58662112    -3.53959620    -1.91837566    -1.58248311     5.53749810     5.53980089     5.56119841
   212    -9.76194842    -4.06740685    -3.61239681    -3.56453763    -1.89050192    -1.59544085     5.53710760     5.53750539     5.57646866
   213    -9.83399126    -4.04007061    -3.63669133    -3.58954933    -1.86359873    -1.60613110     5.53040405     5.53751423     5.59062748
   214    -9.89717675    -4.01388410    -3.65948939    -3.61431741    -1.83778571    -1.61486804     5.51976399     5.53752390     5.60350555
   215    -9.95146368    -3.98909411    -3.68063798    -3.63838943    -1.81334085    -1.62189780     5.50589263     5.53753342     5.61485228
   216    -9.99836321    -3.96544441    -3.70041160    -3.66182695    -1.79004281    -1.62757593     5.48968896     5.53754193     5.62462105
   217   -10.03862311    -3.94319094    -3.71864896    -3.68422050    -1.76816926    -1.63208217     5.47271396     5.53754843     5.63250272
   218   -10.07381871    -3.92228481    -3.73544623    -3.70548836    -1.74768999    -1.63564210     5.45655967     5.53755217     5.63828120
   219   -10.10485251    -3.90309706    -3.75056760    -3.72514788    -1.72897638    -1.63838604     5.44315846     5.53755265     5.64161770
   220   -10.13315742    -3.88557556    -3.76412178    -3.74317339    -1.71197513    -1.64049231     5.43390396     5.53754977     5.64229659
   221   -10.15955698    -3.86981563    -3.77610051    -3.75941433    -1.69676857    -1.64208856     5.42991992     5.53754383     5.64006853
   222   -10.18432587    -3.85595623    -3.78646410    -3.77369647    -1.68347311    -1.64327750     5.43179989     5.53753547     5.63474083
   223   -10.20756749    -3.84395839    -3.79530365    -3.78604602    -1.67202943    -1.64415633     5.43963434     5.53752552     5.62608760
   224   -10.22846012    -3.83403898    -3.80251656    -3.79623814    -1.66262028    -1.64478436     5.45287100     5.53751519     5.61412080
   225   -10.24618066    -3.82623991    -3.80812287    -3.80423607    -1.65526223    -1.64521883     5.47054413     5.53750562     5.59892554
   226   -10.25982079    -3.82058039    -3.81214367    -3.81002935    -1.64996084    -1.64550216     5.49150286     5.53749785     5.58068149
   227   -10.26840522    -3.81708594    -3.81455221    -3.81359987    -1.64677545    -1.64566077     5.51426277     5.53749281     5.55996447
   228   -10.27134050    -3.81535524    -3.81535522    -3.81535520    -1.64571182    -1.64571182     5.53749107     5.53749107     5.53749107
   229   -10.26300013    -3.81699669    -3.81462440    -3.81366155    -1.64621885    -1.64621884     5.51185004     5.53680896     5.55764653
   230   -10.23908527    -3.82016676    -3.81224193    -3.81051971    -1.64773289    -1.64773283     5.48173791     5.53491935     5.57225117
   231   -10.20274830    -3.82524679    -3.80805365    -3.80568767    -1.65023278    -1.65023260     5.44945531     5.53224328     5.58173369
   232   -10.15870678    -3.83223160    -3.80202453    -3.79918299    -1.65368310    -1.65368274     5.41856962     5.52934769     5.58667139
   233   -10.11250433    -3.84104111    -3.79416065    -3.79105313    -1.65803399    -1.65803351     5.39346185     5.52681543     5.58763138
   234   -10.06961388    -3.85156548    -3.78449341    -3.78135265    -1.66322102    -1.66322055     5.37855251     5.52514423     5.58514717
   235   -10.03452569    -3.86367873    -3.77307772    -3.77014076    -1.66916485    -1.66916461     5.37741936     5.52468505     5.57975043
   236   -10.00998654    -3.87724943    -3.75999242    -3.75748182    -1.67577117    -1.67577097     5.39203187     5.52561368     5.57200596
   237    -9.99657654    -3.89208608    -3.74540433    -3.74350778    -1.68289935    -1.68289864     5.42212706     5.52791438     5.56257129
   238    -9.99247368    -3.90826659    -3.72924841    -3.72811531    -1.69051484    -1.69051386     5.46591359     5.53145514     5.55198421
   239    -9.99411686    -3.92542318    -3.71193979    -3.71164890    -1.69834962    -1.69834916     5.51860579     5.53587237     5.54110929
   240    -9.99655250    -3.94375230    -3.69393880    -3.69336033    -1.70637500    -1.70637347     5.53046295     5.54083002     5.57575463
   241    -9.99429393    -3.96286705    -3.67539748    -3.67400353    -1.71428317    -1.71427744     5.52087692     5.54578488     5.63070094
   242    -9.98205300    -3.98299505    -3.65585600    -3.65375073    -1.72201026    -1.72199744     5.51278349     5.55034423     5.67889517
   243    -9.95573935    -4.00369558    -3.63579708    -3.63315101    -1.72921783    -1.72919487     5.50679812     5.55400014     5.71507222
   244    -9.91193850    -4.02517365    -3.61507129    -3.61208800    -1.73579532    -1.73575936     5.50317408     5.55645605     5.73670115
   245    -9.85000928    -4.04689418    -3.59422839    -3.59114214    -1.74138911    -1.74133875     5.50216607     5.55742959     5.74190973
   246    -9.76989682    -4.06880331    -3.57332893    -3.57037667    -1.74579832    -1.74573432     5.50376084     5.55683857     5.73102528
   247    -9.67326821    -4.09061664    -3.55262586    -3.55003175    -1.74875166    -1.74867821     5.50781560     5.55471434     5.70556606
   248    -9.56101771    -4.11234487    -3.53206030    -3.53002813    -1.74997244    -1.74989808     5.51414304     5.55115356     5.66751544
   249    -9.44052195    -4.13288100    -3.51259823    -3.51126589    -1.74913144    -1.74906954     5.52207374     5.54655820     5.62169497
   250    -9.31411947    -4.15216074    -3.49419311    -3.49364769    -1.74598044    -1.74594864     5.53111671     5.54124990     5.57156178
   251    -9.18593117    -4.16974275    -3.47740227    -3.47713878    -1.74026422    -1.74024518     5.52120614     5.53565070     5.54060906
   252    -9.05772182    -4.18542989    -3.46251599    -3.46147534    -1.73159353    -1.73150094     5.47376125     5.53011157     5.54999539
   253    -8.93699906    -4.19829868    -3.44967735    -3.44797809    -1.71998565    -1.71980211     5.43417841     5.52523846     5.55826602
   254    -8.82412117    -4.20827103    -3.43880209    -3.43659915    -1.70512280    -1.70483681     5.40425939     5.52130545     5.56495182
   255    -8.72069700    -4.21505044    -3.43003439    -3.42751735    -1.68684480    -1.68645592     5.38575588     5.51860391     5.56954174
   256    -8.62595837    -4.21841961    -3.42339429    -3.42076977    -1.66464408    -1.66416482     5.37947550     5.51732242     5.57169829
   257    -8.54283922    -4.21805932    -3.41917240    -3.41664905    -1.63918552    -1.63864752     5.38547318     5.51759454     5.57118965
   258    -8.46877294    -4.21385646    -3.41727307    -3.41503730    -1.61012710    -1.60957561     5.40249784     5.51936549     5.56812013
   259    -8.40224117    -4.20558695    -3.41768869    -3.41589384    -1.57751519    -1.57700754     5.42873537     5.52250452     5.56273827
   260    -8.34035273    -4.19271572    -3.42043750    -3.41920338    -1.54081843    -1.54042082     5.46236534     5.52685872     5.55533704
   261    -8.28301835    -4.17528033    -3.42534833    -3.42472648    -1.50138820    -1.50116238     5.49943937     5.53196162     5.54673613
   262    -8.22713852    -4.15261256    -3.43233759    -3.43233758    -1.45883933    -1.45883932     5.53749107     5.53749107     5.53749107
   263    -8.17092167    -4.12409400    -3.44185476    -3.44127073    -1.41365731    -1.41339417     5.52830355     5.54302486     5.57362384
   264    -8.11300474    -4.08898743    -3.45308309    -3.45199388    -1.36584255    -1.36530195     5.51986055     5.54813561     5.60522905
   265    -8.05258265    -4.04645915    -3.46582221    -3.46433888    -1.31563684    -1.31483136     5.51278450     5.55242526     5.63016953
   266    -7.98947703    -3.99562079    -3.47987243    -3.47812785    -1.26329350    -1.26226370     5.50759056     5.55555876     5.64691778
   267    -7.92192781    -3.93342343    -3.49556199    -3.49369841    -1.20723803    -1.20604647     5.50459694     5.55732521     5.65473885
   268    -7.85532384    -3.86307137    -3.51168783    -3.50985489    -1.15136303    -1.15010409     5.50420984     5.55748033     5.65302434
   269    -7.78893129    -3.78212280    -3.52856355    -3.52689420    -1.09416372    -1.09293851     5.50632069     5.55610597     5.64278064
   270    -7.72437223    -3.69027389    -3.54602450    -3.54463255    -1.03591784    -1.03483159     5.51077805     5.55332682     5.62521787
   271    -7.66326901    -3.58766517    -3.56388118    -3.56284926    -0.97690612    -0.97605842     5.51726051     5.54937896     5.60203383
   272    -7.60705076    -3.58214881    -3.58154640    -3.47443428    -0.91741134    -0.91688657     5.52529596     5.54458693     5.57526291
   273    -7.55680607    -3.60051068    -3.60035655    -3.35183336    -0.85771715    -0.85757614     5.53429114     5.53933363     5.54710798
   274    -7.51320113    -3.61921480    -3.61892888    -3.22087866    -0.79838044    -0.79810673     5.51976790     5.53402672     5.54357098
   275    -7.47535912    -3.63859833    -3.63789910    -3.07827649    -0.73759491    -0.73689594     5.49452616     5.52891017     5.55270618
   276    -7.44554890    -3.65712294    -3.65609144    -2.93474577    -0.67939086    -0.67831904     5.47476698     5.52468381     5.56040037
   277    -7.42195191    -3.67529871    -3.67402296    -2.78721577    -0.62203953    -0.62066554     5.46088277     5.52147028     5.56635090
   278    -7.40387132    -3.69302002    -3.69160237    -2.63695175    -0.56577833    -0.56420001     5.45362084     5.51948513     5.57008136
   279    -7.39049009    -3.71019302    -3.70874253    -2.48500198    -0.51084336    -0.50917819     5.45317025     5.51885362     5.57129238
   280    -7.38095139    -3.72673517    -3.72535988    -2.33218307    -0.45746982    -0.45584564     5.45916501     5.51960666     5.56989212
   281    -7.37442154    -3.74257458    -3.74137402    -2.17910676    -0.40589202    -0.40443668     5.47073032     5.52168200     5.56600768
   282    -7.37013519    -3.75764921    -3.75670767    -2.02623931    -0.35634275    -0.35517363     5.48656854     5.52492954     5.55997534
   283    -7.36742478    -3.77190581    -3.77128685    -1.87398300    -0.30905219    -0.30826647     5.50507879     5.52912044     5.55230986
   284    -7.36569284    -3.78572992    -3.78548477    -1.71775325    -0.26279815    -0.26248041     5.52514400     5.53412798     5.54335877
   285    -7.36460768    -3.79831771    -3.79818963    -1.56820703    -0.22095956    -0.22079048     5.53443420     5.53927264     5.54366426
   286    -7.36378720    -3.81019695    -3.80971190    -1.42107227    -0.18235613    -0.18170509     5.52597665     5.54432777     5.55969647
   287    -7.36302708    -3.82106737    -3.82026721    -1.27744248    -0.14683149    -0.14574138     5.51864090     5.54890299     5.57197814
   288    -7.36221600    -3.83088016    -3.82982902    -1.13878076    -0.11453591    -0.11308473     5.51296501     5.55261852     5.57970155
   289    -7.36131722    -3.83959345    -3.83837284    -1.00695543    -0.08560885    -0.08390394     5.50932988     5.55512573     5.58260992
   290    -7.36034833    -3.84717260    -3.84587544    -0.88423564    -0.06017907    -0.05834884     5.50793596     5.55612386     5.58104530
   291    -7.35936128    -3.85359050    -3.85231431    -0.77323422    -0.03836438    -0.03654833     5.50879824     5.55537338     5.57593312
   292    -7.35839491    -3.85898156    -3.85782693    -0.67385678    -0.01973330    -0.01807839     5.51189022     5.55261370     5.56840270
   293    -7.35758379    -3.86298533    -3.86203548    -0.59546489    -0.00558430    -0.00421555     5.51669811     5.54820350     5.56046268
   294    -7.35695712    -3.86579017    -3.86511522    -0.53724575     0.00466614     0.00564250     5.52287591     5.54308695     5.55271936
   295    -7.35656181    -3.86739697    -3.86704661    -0.50136287     0.01095298     0.01146096     5.52995827     5.53902288     5.54512014
   296    -7.35642678    -3.86781211    -3.86781211    -0.48923671     0.01322788     0.01322788     5.53749107     5.53749107     5.53749107
   297    -7.35426231    -3.86940925    -3.86617929    -0.52893882     0.01291148     0.05452990     5.53488560     5.53726206     5.54006842
   298    -7.34773466    -3.87415732    -3.86131786    -0.62349573     0.01168061     0.15413477     5.53200908     5.53651070     5.54283841
   299    -7.33699903    -3.88208763    -3.85318591    -0.74149362     0.00996754     0.28051449     5.52999532     5.53518867     5.54463056
   300    -7.32212904    -3.89315034    -3.84180286    -0.86865257     0.00763155     0.41966195     5.52818305     5.53340224     5.54578903
   301    -7.30314351    -3.90722184    -3.82725196    -0.99907407     0.00397077     0.56648951     5.52531661     5.53180668     5.54650249
   302    -7.28039853    -3.92437313    -3.80941459    -1.13029150     0.00027866     0.71781547     5.52066759     5.53180553     5.54615587
   303    -7.25394343    -3.94445414    -3.78836577    -1.26092835    -0.00400647     0.87283349     5.51384846     5.53305364     5.54517937
   304    -7.22380771    -3.96724662    -3.76424639    -1.38981705    -0.00999883     1.03154633     5.50463440     5.53495597     5.54386721
   305    -7.19035476    -3.99283019    -3.73686464    -1.51715908    -0.01555633     1.19223996     5.49393439     5.53696107     5.54258244
   306    -7.15359101    -4.02095212    -3.70635639    -1.64239591    -0.02165583     1.35512003     5.48158766     5.53737463     5.54293314
   307    -7.11353793    -4.05130067    -3.67292725    -1.76468347    -0.02981231     1.52064741     5.46729547     5.53607112     5.54499534
   308    -7.07050397    -4.08395919    -3.63631151    -1.88520454    -0.03705729     1.68694537     5.45255827     5.53453155     5.54712148
   309    -7.02451590    -4.11859349    -3.59670907    -2.00335129    -0.04477312     1.85447690     5.43724047     5.53327085     5.54875220
   310    -6.97562413    -4.15482201    -3.55439597    -2.11822458    -0.05485995     2.02365648     5.42145134     5.53244531     5.54970430
   311    -6.92418924    -4.19275609    -3.50902018    -2.23151902    -0.06355426     2.19288500     5.40638709     5.53211143     5.54983042
   312    -6.87033707    -4.23200881    -3.46084718    -2.34237660    -0.07262945     2.36272658     5.39193743     5.53222231     5.54924233
   313    -6.81418535    -4.27215271    -3.41022903    -2.44975054    -0.08435052     2.53326767     5.37882156     5.53272419     5.54805206
   314    -6.75630974    -4.31334019    -3.35670546    -2.55541385    -0.09419783     2.70388792     5.36661939     5.53346415     5.54654338
   315    -6.69695428    -4.35513880    -3.30061258    -2.65823757    -0.10431606     2.87485130     5.35563169     5.53434547     5.54494508
   316    -6.63628418    -4.39706849    -3.24238922    -2.75703507    -0.11730884     3.04539540     5.34763709     5.53527298     5.54343017
   317    -6.57523501    -4.43931698    -3.18144294    -2.85337710    -0.12794716     3.21624112     5.33993583     5.53609074     5.54234430
   318    -6.51412879    -4.48139474    -3.11819596    -2.94595757    -0.13872180     3.38657350     5.33406136     5.53672764     5.54175657
   319    -6.45310711    -4.52274017    -3.05323727    -3.03351004    -0.15254238     3.55390167     5.33350564     5.53713585     5.54168008
   320    -6.39363656    -4.56362481    -3.11738787    -2.98566436    -0.16352783     3.72040065     5.33322330     5.53733606     5.54207329
   321    -6.33605567    -4.60352407    -3.19604162    -2.91618453    -0.17448435     3.88332653     5.33657252     5.53740978     5.54269703
   322    -6.28038485    -4.64180615    -3.26842906    -2.84541214    -0.18858713     4.03754198     5.34907213     5.53741141     5.54340391
   323    -6.22881477    -4.67906338    -3.33507447    -2.77242522    -0.19937426     4.18753714     5.36289363     5.53737065     5.54389165
   324    -6.18153986    -4.71487053    -3.39462041    -2.69789507    -0.20992876     4.32842577     5.38297061     5.53731923     5.54398972
   325    -6.13822725    -4.74863071    -3.44627981    -2.62268534    -0.22363956     4.45265983     5.41597801     5.53730407     5.54359138
   326    -6.10175119    -4.78176328    -3.48944083    -2.54565761    -0.23355113     4.56964599     5.44987898     5.53731436     5.54237178
   327    -6.07169723    -4.81409563    -3.52307737    -2.46766050    -0.24297227     4.67375764     5.48950675     5.53737043     5.54034097
   328    -6.04689571    -4.84502510    -3.54729416    -2.38979052    -0.25543580     4.75780194     5.53746258     5.53751132     5.53967322
   329    -6.03047376    -4.87720813    -3.56014658    -2.31062980    -0.26359969     4.83748440     5.53391190     5.53763037     5.58458140
   330    -6.02089111    -4.91029545    -3.56186957    -2.23125141    -0.27092950     4.90721501     5.52989421     5.53776883     5.62821983
   331    -6.01590229    -4.94297743    -3.55440726    -2.15305875    -0.28100551     4.96060094     5.52554561     5.53792630     5.67331719
   332    -6.01865820    -4.97893454    -3.53467567    -2.07424743    -0.28623835     5.01493167     5.52171146     5.53803304     5.70697362
   333    -6.02669402    -5.01673055    -3.50494343    -1.99618091    -0.29015903     5.06341282     5.51873337     5.53811323     5.73372835
   334    -6.03717750    -5.05378506    -3.46914426    -1.92067403    -0.29626567     5.09922489     5.51676191     5.53817782     5.75621865
   335    -6.05351415    -5.09472959    -3.42282952    -1.84536815    -0.29692074     5.13882539     5.51697096     5.53821200     5.76759033
   336    -6.07294410    -5.13700336    -3.36987985    -1.77200505    -0.29561055     5.17511978     5.51932139     5.53824789     5.77222610
   337    -6.09259586    -5.17717374    -3.31542679    -1.70294049    -0.29559868     5.20178607     5.52365050     5.53832686     5.77259183
   338    -6.11626141    -5.22103336    -3.25332727    -1.63499218    -0.28951117     5.23417326     5.53011911     5.53858553     5.76659416
   339    -6.14123020    -5.26536072    -3.18839210    -1.57036122    -0.28069187     5.26565231     5.53623261     5.54059522     5.75758681
   340    -6.16477369    -5.30634718    -3.12641288    -1.51203764    -0.27205660     5.29109233     5.53754239     5.54792708     5.74768881
   341    -6.19101262    -5.35078608    -3.05950577    -1.45558502    -0.25698220     5.32327148     5.53775873     5.55535175     5.73660495
   342    -6.21735744    -5.39503839    -2.99302327    -1.40366739    -0.23864992     5.35619848     5.53783747     5.56067215     5.72555015
   343    -6.24121861    -5.43507717    -2.93318634    -1.35985600    -0.21965853     5.38606383     5.53787108     5.56327615     5.71489126
   344    -6.26695655    -5.47831615    -2.87024376    -1.31793808    -0.19471956     5.42120717     5.53787361     5.56271578     5.70024640
   345    -6.26490040    -5.47786459    -2.87439340    -1.31984684    -0.19203369     5.42366024     5.53775837     5.55980536     5.70027891
   346    -6.25759687    -5.47455467    -2.88957649    -1.32735319    -0.18521869     5.42951491     5.53658973     5.55319367     5.70023268
   347    -6.24743814    -5.47219160    -2.90993299    -1.33688944    -0.17199177     5.44082510     5.53242784     5.54789974     5.69576067
   348    -6.23570022    -5.47258150    -2.93238544    -1.34672257    -0.15138405     5.45860647     5.52637399     5.54592711     5.68417386
   349    -6.21786903    -5.46786660    -2.96756181    -1.36386307    -0.12857450     5.47342689     5.52322409     5.54516646     5.66699223
   350    -6.19537031    -5.45998858    -3.01188424    -1.38621857    -0.10302644     5.48708127     5.52470398     5.54435452     5.64381852
   351    -6.17062792    -5.45251284    -3.05941572    -1.41023759    -0.07287766     5.50090103     5.52966181     5.54293491     5.61420072
   352    -6.14290013    -5.44347364    -3.11192559    -1.43714125    -0.04030628     5.51536196     5.53480518     5.54090274     5.58144579
   353    -6.11101022    -5.43080962    -3.17194098    -1.46839563    -0.00690293     5.53155060     5.53706295     5.53843501     5.54836704
   354    -6.07811006    -5.41799305    -3.23273266    -1.49994817     0.02849173     5.51823347     5.53540840     5.53642359     5.54933765
   355    -6.04562599    -5.40623349    -3.29168745    -1.53023310     0.06657420     5.49392914     5.53101892     5.53474625     5.56816231
   356    -6.00926734    -5.38830577    -3.35876763    -1.56492837     0.10248371     5.47936293     5.52489908     5.53353411     5.58732755
   357    -5.97054124    -5.36548533    -3.43137402    -1.60222251     0.13738386     5.47461256     5.51923501     5.53334268     5.60742339
   358    -5.93298789    -5.34096970    -3.50326600    -1.63853692     0.17267059     5.48038394     5.51669160     5.53405199     5.62700048
   359    -5.89588908    -5.31256577    -3.57716389    -1.67522871     0.20727817     5.49332825     5.51964564     5.53571092     5.64595277
   360    -5.85888451    -5.27836740    -3.65512671    -1.71310114     0.24002165     5.50637973     5.52925859     5.54145432     5.66340311
   361    -5.82503422    -5.24121703    -3.73206521    -1.74942662     0.27241466     5.51597743     5.53405722     5.56165142     5.67790115
   362    -5.79553997    -5.20176893    -3.80648293    -1.78349791     0.30507305     5.52324273     5.53610466     5.58685294     5.68931720
   363    -5.76747951    -5.15498551    -3.88496546    -1.81792364     0.33349726     5.52753238     5.53870670     5.60622654     5.69617668
   364    -5.74197486    -5.10187602    -3.96568322    -1.85134330     0.35880035     5.52870555     5.54177180     5.61615874     5.69798338
   365    -5.72098721    -5.04571576    -4.04377385    -1.88153509     0.38205192     5.52837838     5.54296198     5.61615125     5.69359087
   366    -5.70341291    -4.98532493    -4.12115820    -1.90889149     0.40234672     5.52776966     5.54164690     5.60839333     5.68085259
   367    -5.68840680    -4.91954133    -4.19974621    -1.93347029     0.41916976     5.52727168     5.53869441     5.59551331     5.65937698
   368    -5.67706246    -4.85224713    -4.27525244    -1.95377144     0.43336349     5.52626203     5.53580252     5.58135838     5.63141820
   369    -5.66910707    -4.78510732    -4.34673966    -1.96964279     0.44502159     5.52428418     5.53456612     5.56684894     5.59982555
   370    -5.66286051    -4.71388941    -4.42057432    -1.98176161     0.45275135     5.52423393     5.53528112     5.55462650     5.57164881
   371    -5.65897216    -4.63998322    -4.49564407    -1.98937497     0.45727335     5.52817320     5.53639730     5.54437036     5.55021385
   372    -5.65777881    -4.56790724    -4.56790723    -1.99190618     0.45883035     5.53749107     5.53749107     5.53749107     5.53749107
   373    -5.65647369    -4.57090354    -4.56644611    -1.99104439     0.45572166     5.52692287     5.53765888     5.53841252     5.54864782
   374    -5.65270283    -4.57953827    -4.56222173    -1.98860420     0.44676864     5.51744575     5.53846612     5.54073433     5.55980665
   375    -5.64627003    -4.59419256    -4.55500581    -1.98461152     0.43159716     5.50875295     5.53963444     5.54483592     5.57130517
   376    -5.63754380    -4.61392198    -4.54519798    -1.97953612     0.41123014     5.50149494     5.54082516     5.55063706     5.58224768
   377    -5.62606839    -4.63961345    -4.53226592    -1.97345421     0.38484032     5.49541890     5.54186335     5.55846549     5.59297611
   378    -5.61249838    -4.66963687    -4.51692216    -1.96712275     0.35424507     5.49095903     5.54252412     5.56769692     5.60270936
   379    -5.59612082    -4.70537945    -4.49832830    -1.96071018     0.31825738     5.48793372     5.54274506     5.57832190     5.61191406
   380    -5.57732527    -4.74576920    -4.47688468    -1.95498787     0.27829742     5.48650892     5.54247828     5.58909825     5.62051367
   381    -5.55676421    -4.78922495    -4.45329496    -1.95070594     0.23631784     5.48663388     5.54179431     5.59820661     5.62887880
   382    -5.53334674    -4.83784707    -4.42625455    -1.94830909     0.19082115     5.48824396     5.54075505     5.60443001     5.63806065
   383    -5.50839053    -4.88870824    -4.39722625    -1.94861089     0.14515431     5.49114101     5.53954932     5.60666157     5.64710712
   384    -5.48056546    -4.94433178    -4.36459339    -1.95234553     0.09776346     5.49533042     5.53826692     5.60527185     5.65490831
   385    -5.45143289    -5.00142989    -4.33011115    -1.95998742     0.05218752     5.50040154     5.53712914     5.60083035     5.65918859
   386    -5.41943775    -5.06289516    -4.29185028    -1.97261643     0.00689831     5.50641607     5.53621452     5.59354655     5.65833022
   387    -5.38543069    -5.12690893    -4.25071283    -1.99066690    -0.03585683     5.51299946     5.53567172     5.58393799     5.65036215
   388    -5.35048458    -5.19139040    -4.20790811    -2.01387504    -0.07420489     5.51970423     5.53557122     5.57279479     5.63417455
   389    -5.31274146    -5.25967651    -4.16103980    -2.04382866    -0.10958576     5.52664700     5.53593524     5.55999294     5.60734324
   390    -5.32785888    -5.27431973    -4.11262614    -2.07902136    -0.13960025     5.53321343     5.53672707     5.54674352     5.57001781
   391    -5.39948387    -5.23319882    -4.05996647    -2.12133082    -0.16561604     5.51900136     5.53287591     5.53793110     5.53953842
   392    -5.47047683    -5.19169591    -4.00590307    -2.16821246    -0.18613552     5.45623043     5.51968815     5.53939103     5.54508491
   393    -5.54456592    -5.14762150    -3.94743632    -2.22183536    -0.20239033     5.37767446     5.50699277     5.54106821     5.54999435
   394    -5.61958078    -5.10223259    -3.88604143    -2.28039373    -0.21399390     5.28467313     5.49566873     5.54278915     5.55397605
   395    -5.69325446    -5.05693258    -3.82351695    -2.34146138    -0.22116914     5.18044929     5.48637431     5.54437415     5.55688442
   396    -5.76947397    -5.00933630    -3.75641981    -2.40771564    -0.22474623     5.05968220     5.47891547     5.54578636     5.55885274
   397    -5.84392197    -4.96214605    -3.68841263    -2.47487079    -0.22498134     4.92965375     5.47390004     5.54684855     5.55979372
   398    -5.92053072    -4.91287635    -3.61575832    -2.54594080    -0.22235873     4.78419825     5.47114408     5.54754343     5.55982428
   399    -5.99496351    -4.86432296    -3.54242460    -2.61642634    -0.21745864     4.63241815     5.47077420     5.54779219     5.55904287
   400    -6.07115341    -4.81392713    -3.46437671    -2.68960935    -0.21043332     4.46733782     5.47263540     5.54760172     5.55754119
   401    -6.14580670    -4.76386077    -3.38475743    -2.76196657    -0.20190924     4.29701236     5.47646716     5.54699867     5.55552126
   402    -6.21975987    -4.71358651    -3.30255386    -2.83397387    -0.19214301     4.12084667     5.48197202     5.54604248     5.55313254
   403    -6.29281938    -4.66324913    -3.21777880    -2.90517955    -0.18143362     3.94039760     5.48878499     5.54481759     5.55054078
   404    -6.36577202    -4.61231212    -3.12921868    -2.97613663    -0.16988244     3.75462075     5.49661775     5.54340678     5.54786613
   405    -6.43645656    -4.56231173    -3.04458028    -3.03925597    -0.15803038     3.56990359     5.50484608     5.54196126     5.54531960
   406    -6.50568331    -4.51272484    -3.11118348    -2.94669157    -0.14592026     3.38493586     5.51317651     5.54057410     5.54297680
   407    -6.57327325    -4.46372638    -3.17569615    -2.85149854    -0.13371937     3.20070998     5.52124914     5.53934583     5.54092095
   408    -6.63905217    -4.41549963    -3.23790736    -2.75364892    -0.12157089     3.01801290     5.52875476     5.53835640     5.53920647
   409    -6.70285095    -4.36823484    -3.29764161    -2.65311843    -0.10959680     2.83742485     5.53544691     5.53765734     5.53786100
   410    -6.76450570    -4.32212694    -3.35475445    -2.54989209    -0.09790059     2.65932970     5.53688819     5.53726760     5.54114877
   411    -6.82465427    -4.27676968    -3.40985369    -2.44249979    -0.08641711     2.48155132     5.53626430     5.53717450     5.54581041
   412    -6.88151626    -4.23358573    -3.46135471    -2.33386268    -0.07553030     2.30895266     5.53596956     5.53733889     5.54926950
   413    -6.93577312    -4.19214122    -3.50994618    -2.22258831    -0.06514236     2.13905295     5.53594158     5.53769569     5.55162309
   414    -6.98728294    -4.15261580    -3.55556910    -2.10874030    -0.05530226     1.97171157     5.53611789     5.53817109     5.55294937
   415    -7.03590951    -4.11517696    -3.59817733    -1.99240571    -0.04604933     1.80674214     5.53643044     5.53868804     5.55336622
   416    -7.08182427    -4.07974481    -3.63799519    -1.87287349    -0.03735759     1.64283808     5.53681414     5.53917727     5.55301357
   417    -7.12427775    -4.04693962    -3.67445252    -1.75190324    -0.02936934     1.48204841     5.53720180     5.53957100     5.55205564
   418    -7.16347533    -4.01663375    -3.70780825    -1.62884637    -0.02204135     1.32311724     5.53754544     5.53982855     5.55065326
   419    -7.19930671    -3.98893258    -3.73804411    -1.50388882    -0.01538696     1.16598232     5.53780946     5.53992536     5.54895999
   420    -7.23187872    -3.96376475    -3.76531962    -1.37638707    -0.00937731     1.00962202     5.53797569     5.53985643     5.54710229
   421    -7.26065339    -3.94154976    -3.78925049    -1.24837883    -0.00410110     0.85633286     5.53803936     5.53963838     5.54522699
   422    -7.28585873    -3.92210993    -3.81008720    -1.11899326     0.00049451     0.70489219     5.53801359     5.53930216     5.54341679
   423    -7.30724692    -3.90563140    -3.82767730    -0.98980755     0.00437463     0.55700531     5.53792102     5.53889453     5.54176585
   424    -7.32489877    -3.89204506    -3.84213224    -0.86117971     0.00756330     0.41291984     5.53778962     5.53846423     5.54032751
   425    -7.33865961    -3.88146282    -3.85336214    -0.73626029     0.01004050     0.27591748     5.53764987     5.53806628     5.53915881
   426    -7.34851985    -3.87388543    -3.86138816    -0.62048349     0.01181089     0.15145721     5.53752933     5.53774925     5.53829164
   427    -7.35444848    -3.86933158    -3.86620567    -0.52797821     0.01287352     0.05371823     5.53745658     5.53755321     5.53774217
   428    -7.35642678    -3.86781211    -3.86781211    -0.48923671     0.01322788     0.01322788     5.53749107     5.53749107     5.53749107
   429    -7.35424757    -3.86939975    -3.86618846    -0.52895977     0.01284071     0.05459905     5.53463495     5.53725742     5.54031490
   430    -7.34776293    -3.87417191    -3.86130528    -0.62346732     0.01182431     0.15402237     5.53224787     5.53652162     5.54260733
   431    -7.33699938    -3.88208622    -3.85318752    -0.74149439     0.00996743     0.28051666     5.53000483     5.53518386     5.54462511
   432    -7.32208125    -3.89311839    -3.84183376    -0.86863112     0.00734673     0.41985413     5.52803498     5.53332703     5.54595013
   433    -7.30320031    -3.90725857    -3.82721684    -0.99912997     0.00432743     0.56628142     5.52554685     5.53183012     5.54633408
   434    -7.28040205    -3.92437184    -3.80941564    -1.13029681     0.00027841     0.71783148     5.52077372     5.53173814     5.54610995
   435    -7.25389007    -3.94440309    -3.78841818    -1.26079063    -0.00450237     0.87315339     5.51377602     5.53294230     5.54518707
   436    -7.22386851    -3.96730018    -3.76418861    -1.39001791    -0.00943256     1.03124614     5.50498662     5.53493099     5.54373053
   437    -7.19035862    -3.99282797    -3.73686533    -1.51717291    -0.01555648     1.19226904     5.49405194     5.53694647     5.54246671
   438    -7.15354274    -4.02088441    -3.70643142    -1.64211893    -0.02235754     1.35553173     5.48140116     5.53737080     5.54285508
   439    -7.11358340    -4.05136878    -3.67284584    -1.76503603    -0.02904218     1.52028242     5.46765717     5.53606335     5.54489425
   440    -7.07049881    -4.08395659    -3.63631205    -1.88522322    -0.03705732     1.68695826     5.45259845     5.53452076     5.54709069
   441    -7.02446153    -4.11851101    -3.59680912    -2.00295639    -0.04567334     1.85484610     5.43701746     5.53326479     5.54878062
   442    -6.97566110    -4.15490524    -3.55428791    -2.11867788    -0.05389411     2.02333246     5.42158447     5.53245499     5.54970774
   443    -6.92417664    -4.19275419    -3.50902043    -2.23153434    -0.06355428     2.19287044     5.40634643     5.53212898     5.54986916
   444    -6.87026296    -4.23191292    -3.46097634    -2.34191705    -0.07371885     2.36289388     5.39196431     5.53225338     5.54928095
   445    -6.81424676    -4.27225114    -3.41008961    -2.45023739    -0.08319932     2.53317682     5.37853184     5.53273106     5.54811707
   446    -6.75630092    -4.31333950    -3.35670569    -2.55542304    -0.09419798     2.70387690     5.36658143     5.53347850     5.54657808
   447    -6.69684298    -4.35502956    -3.30077711    -2.65776961    -0.10558303     2.87468059     5.35622606     5.53436426     5.54493027
   448    -6.63641022    -4.39718483    -3.24221253    -2.75750022    -0.11598480     3.04573781     5.34679792     5.53526110     5.54346492
   449    -6.57523659    -4.43931817    -3.18144288    -2.85337827    -0.12794735     3.21625814     5.33994399     5.53608408     5.54232983
   450    -6.51394631    -4.48126464    -3.11840028    -2.94552903    -0.14015184     3.38591063     5.33535783     5.53672527     5.54171417
   451    -6.45334029    -4.52288592    -3.05297163    -3.03394570    -0.15106067     3.55485731     5.33195253     5.53712966     5.54167732
   452    -6.39364644    -4.56362604    -3.11736930    -2.98567483    -0.16352785     3.72043905     5.33317180     5.53733477     5.54209071
   453    -6.33574749    -4.60334577    -3.19570689    -2.91644864    -0.17605952     3.88192874     5.33851563     5.53741164     5.54278036
   454    -6.28077056    -4.64201038    -3.26867353    -2.84513996    -0.18696683     4.03936389     5.34657536     5.53741326     5.54349426
   455    -6.22882408    -4.67906197    -3.33506316    -2.77242854    -0.19937414     4.18758391     5.36266452     5.53737755     5.54406687
   456    -6.18104474    -4.71458987    -3.39451167    -2.69821807    -0.21162694     4.32597816     5.38555802     5.53733551     5.54424689
   457    -6.13880310    -4.74896056    -3.44626837    -2.62234138    -0.22190491     4.45557790     5.41263152     5.53730608     5.54376778
   458    -6.10175332    -4.78176231    -3.48943878    -2.54565812    -0.23355108     4.56966739     5.44965887     5.53732484     5.54255959
   459    -6.07098662    -4.81362181    -3.52334707    -2.46806255    -0.24476539     4.67024803     5.49268866     5.53739209     5.54046744
   460    -6.04767387    -4.84558981    -3.54686514    -2.38935629    -0.25361771     4.76154407     5.53639918     5.53747978     5.53750404
   461    -6.03047421    -4.87720781    -3.56014625    -2.31062989    -0.26359968     4.83749357     5.53377108     5.53762287     5.58472044
   462    -6.01999664    -4.90951250    -3.56264496    -2.23176231    -0.27278032     4.90330552     5.52952630     5.53776950     5.63136584
   463    -6.01684976    -4.94387634    -3.55344664    -2.15250425    -0.27914485     4.96465552     5.52524522     5.53789431     5.67109745
   464    -6.01866115    -4.97893111    -3.53467402    -2.07424815    -0.28623820     5.01504997     5.52122008     5.53801238     5.70736580
   465    -6.02567615    -5.01558164    -3.50625490    -1.99684248    -0.29201671     5.05962193     5.51807656     5.53810213     5.73600913
   466    -6.03822857    -5.05504201    -3.46766414    -1.91995182    -0.29441899     5.10321866     5.51654868     5.53815993     5.75493645
   467    -6.05351543    -5.09472549    -3.42283002    -1.84536898    -0.29692053     5.13887162     5.51678032     5.53820805     5.76773700
   468    -6.07185562    -5.13552709    -3.37166406    -1.77287644    -0.29740546     5.17135907     5.51927097     5.53825937     5.77317258
   469    -6.09370008    -5.17873435    -3.31350680    -1.70198370    -0.29384340     5.20512539     5.52418587     5.53835816     5.77161160
   470    -6.11626180    -5.22103018    -3.25332991    -1.63499270    -0.28951141     5.23379755     5.53084732     5.53870602     5.76612178
   471    -6.14010572    -5.26363996    -3.19057641    -1.57151976    -0.28233489     5.26196844     5.53654623     5.54151570     5.75731223
   472    -6.16590721    -5.30812530    -3.12410953    -1.51076469    -0.27048730     5.29337129     5.53756380     5.54935655     5.74644827
   473    -6.19101221    -5.35078482    -3.05950947    -1.45558480    -0.25698349     5.32255783     5.53776117     5.55710448     5.73556652
   474    -6.21620973    -5.39315914    -2.99558235    -1.40519071    -0.24004940     5.35314022     5.53783843     5.56267238     5.72489635
   475    -6.24236908    -5.43699432    -2.93051046    -1.35819756    -0.21835887     5.38724185     5.53787036     5.56502489     5.71321547
   476    -6.26695440    -5.47831621    -2.87024841    -1.31793744    -0.19472120     5.42042105     5.53787358     5.56448339     5.69926850
   477    -6.26695655    -5.47831615    -2.87024376    -1.31793808    -0.19471956     5.42120717     5.53787361     5.56271578     5.70024640
   478    -6.30841030    -5.54867344    -2.76796628    -1.25316049    -0.15204498     5.47210927     5.53784864     5.55945488     5.66494727
   479    -6.35054579    -5.62101447    -2.66023588    -1.18615944    -0.10944525     5.50970556     5.53780935     5.55424780     5.61580980
   480    -6.39104486    -5.69098630    -2.55286730    -1.12071933    -0.06926017     5.52156953     5.53666647     5.53776147     5.57728157
   481    -6.43322776    -5.76393894    -2.43680659    -1.05156897    -0.02823067     5.44470289     5.53770438     5.54057789     5.57505540
   482    -6.47263072    -5.83178262    -2.32427927    -0.98617675     0.00929061     5.34599507     5.53764932     5.54068793     5.57734935
   483    -6.51254252    -5.89983400    -2.20603316    -0.91929060     0.04645282     5.22754634     5.53759622     5.53943707     5.57505999
   484    -6.55079026    -5.96407361    -2.08849185    -0.85473204     0.08121803     5.09751330     5.53755172     5.53826186     5.56783283
   485    -6.58844555    -6.02606665    -1.96853305    -0.79089359     0.11458035     4.95429979     5.53751752     5.53754005     5.55669380
   486    -6.62650898    -6.08716486    -1.84277989    -0.72625877     0.14737940     4.79491385     5.53739561     5.53749944     5.54256011
   487    -6.66289596    -6.14383681    -1.71809490    -0.66454472     0.17781498     4.62960125     5.52755306     5.53748615     5.53784911
   488    -6.70056747    -6.20048151    -1.58408157    -0.60091219     0.20833428     4.44601227     5.51172947     5.53749258     5.53886373
   489    -6.73550007    -6.25098415    -1.45495026    -0.54230156     0.23570064     4.26526007     5.49785168     5.53750972     5.54021085
   490    -6.77055570    -6.29957124    -1.32015772    -0.48400950     0.26223577     4.07438794     5.48561691     5.53753638     5.54182228
   491    -6.80373796    -6.34354520    -1.18714335    -0.42943210     0.28648494     3.88538346     5.47631975     5.53756753     5.54344032
   492    -6.83588323    -6.38422954    -1.05247069    -0.37720398     0.30916761     3.69470591     5.46998525     5.53760013     5.54494194
   493    -6.86768567    -6.42261156    -0.91256880    -0.32622394     0.33082949     3.49850340     5.46673682     5.53763111     5.54620869
   494    -6.89725341    -6.45663952    -0.77529131    -0.27948619     0.35028351     3.30875360     5.46670378     5.53765535     5.54705167
   495    -6.92678203    -6.48905624    -0.62956892    -0.23347470     0.36906591     3.11105816     5.46975903     5.53767159     5.54743786
   496    -6.95295177    -6.51650968    -0.49126237    -0.19326644     0.38518575     2.92744429     5.47517253     5.53767636     5.54729424
   497    -6.97779439    -6.54149510    -0.34958269    -0.15559791     0.40004396     2.74370723     5.48273785     5.53767003     5.54664986
   498    -6.99975093    -6.56273375    -0.21316584    -0.12271206     0.41282562     2.57106921     5.49143166     5.53765371     5.54560595
   499    -7.01931656    -6.58101420    -0.09374770    -0.07951871     0.42394642     2.40604465     5.50078275     5.53762930     5.54425692
   500    -7.03673108    -6.59678934    -0.06818969     0.05277487     0.43363628     2.24656171     5.51038552     5.53759877     5.54269376
   501    -7.05087478    -6.60926817    -0.04761589     0.17349611     0.44136626     2.10435407     5.51907183     5.53756730     5.54115542
   502    -7.06263924    -6.61942595    -0.03062071     0.28718302     0.44770202     1.97321453     5.52690350     5.53753622     5.53968192
   503    -7.07065770    -6.62623625    -0.01909770     0.37474788     0.45197233     1.87398101     5.53255741     5.53751233     5.53857200
   504    -7.07563222    -6.63041595    -0.01197368     0.43485429     0.45460314     1.80673679     5.53619669     5.53749640     5.53783518
   505    -7.07723699    -6.63175695    -0.00967945     0.45544841     0.45544841     1.78385367     5.53749107     5.53749107     5.53749107
