-8.00000 8.286553475756932e-02
-7.98799 8.268762261690356e-02
-7.97598 8.246641633222694e-02
-7.96396 8.222176828861552e-02
-7.95195 8.197628495900652e-02
-7.93994 8.175476457788401e-02
-7.92793 8.158350078941531e-02
-7.91592 8.148946920334481e-02
-7.90390 8.149941903219089e-02
-7.89189 8.163889790404025e-02
-7.87988 8.193124475178211e-02
-7.86787 8.239659326742334e-02
-7.85586 8.305093619816738e-02
-7.84384 8.390530755273093e-02
-7.83183 8.496514370865943e-02
-7.81982 8.622988299682256e-02
-7.80781 8.769285382526239e-02
-7.79580 8.934148130580701e-02
-7.78378 9.115781031112252e-02
-7.77177 9.311929976236287e-02
-7.75976 9.519979285490666e-02
-7.74775 9.737051907361230e-02
-7.73574 9.960094860508842e-02
-7.72372 1.018593136326136e-01
-7.71171 1.041126500623183e-01
-7.69970 1.063263097014932e-01
-7.68769 1.084630490040930e-01
-7.67568 1.104820010886034e-01
-7.66366 1.123380436194214e-01
-7.65165 1.139822203629560e-01
-7.63964 1.153638727386899e-01
-7.62763 1.164349053965121e-01
-7.61562 1.171561053756084e-01
-7.60360 1.175047138464905e-01
-7.59159 1.174817173020711e-01
-7.57958 1.171169475703998e-01
-7.56757 1.164705130248160e-01
-7.55556 1.156306493870886e-01
-7.54354 1.147105130069345e-01
-7.53153 1.138483515852190e-01
-7.51952 1.132149661362989e-01
-7.50751 1.130302742124644e-01
-7.49550 1.135901486409940e-01
-7.48348 1.152889148590162e-01
-7.47147 1.185308426460776e-01
-7.45946 1.233119505492067e-01
-7.44745 1.287819851788779e-01
-7.43544 1.343373357371656e-01
-7.42342 1.416855907584336e-01
-7.41141 1.524039451355900e-01
-7.39940 1.629742419838092e-01
-7.38739 1.691328937256112e-01
-7.37538 1.787084782234178e-01
-7.36336 2.601132495505638e-01
-7.35135 2.156239951416659e-01
-7.33934 2.421053024355077e-01
-7.32733 2.698827946552333e-01
-7.31532 2.888740957235163e-01
-7.30330 2.943797440164250e-01
-7.29129 2.870232008430159e-01
-7.27928 2.720487744346415e-01
-7.26727 2.568325558238586e-01
-7.25526 2.477583210632506e-01
-7.24324 2.478563048293047e-01
-7.23123 2.562643867581862e-01
-7.21922 2.693814765292109e-01
-7.20721 2.827793771682424e-01
-7.19520 2.928747132468458e-01
-7.18318 2.978006233674967e-01
-7.17117 2.974462775997825e-01
-7.15916 2.929438602346743e-01
-7.14715 2.859329715094938e-01
-7.13514 2.778993795605808e-01
-7.12312 2.698592169607736e-01
-7.11111 2.624577972999098e-01
-7.09910 2.564518195925093e-01
-7.08709 2.539958970061356e-01
-7.07508 2.597021962767251e-01
-7.06306 2.769488246191900e-01
-7.05105 3.006653211681496e-01
-7.03904 3.195634392640088e-01
-7.02703 3.290592175574462e-01
-7.01502 3.350424541147275e-01
-7.00300 3.438744648701932e-01
-6.99099 3.562080646776536e-01
-6.97898 3.694946527929324e-01
-6.96697 3.805955889542547e-01
-6.95495 3.868643048051965e-01
-6.94294 3.876617610822486e-01
-6.93093 3.848971295373020e-01
-6.91892 3.816365909100032e-01
-6.90691 3.802137798721027e-01
-6.89489 3.814108705792532e-01
-6.88288 3.849505657105574e-01
-6.87087 3.903439914471207e-01
-6.85886 3.970052959120776e-01
-6.84685 4.037599692433508e-01
-6.83483 4.091560337031047e-01
-6.82282 4.132688402679147e-01
-6.81081 4.191885933456730e-01
-6.79880 4.314741522641400e-01
-6.78679 4.518592452745160e-01
-6.77477 4.764063208358402e-01
-6.76276 4.977344168575130e-01
-6.75075 5.106416266518399e-01
-6.73874 5.156072130861612e-01
-6.72673 5.170752727172728e-01
-6.71471 5.190102162682307e-01
-6.70270 5.222718927143970e-01
-6.69069 5.252970139426205e-01
-6.67868 5.260393276750605e-01
-6.66667 5.231802044911638e-01
-6.65465 5.169977721793745e-01
-6.64264 5.107487274089295e-01
-6.63063 5.106360308510567e-01
-6.61862 5.212709568825151e-01
-6.60661 5.393280288097672e-01
-6.59459 5.543869835645253e-01
-6.58258 5.592178755898920e-01
-6.57057 5.576010316561121e-01
-6.55856 5.593943105106371e-01
-6.54655 5.698906310586153e-01
-6.53453 5.865874986016707e-01
-6.52252 6.042970353342735e-01
-6.51051 6.202326617139545e-01
-6.49850 6.345708441396717e-01
-6.48649 6.484389084081251e-01
-6.47447 6.622409270777171e-01
-6.46246 6.752051150339060e-01
-6.45045 6.857958845507046e-01
-6.43844 6.926030862329194e-01
-6.42643 6.954905711377266e-01
-6.41441 6.964726195366083e-01
-6.40240 6.992446166962059e-01
-6.39039 7.067105379148383e-01
-6.37838 7.178549568667021e-01
-6.36637 7.270992264779583e-01
-6.35435 7.279280034290277e-01
-6.34234 7.183693786770735e-01
-6.33033 7.034045305849436e-01
-6.31832 6.918730677402140e-01
-6.30631 6.903604330827080e-01
-6.29429 6.988597968053656e-01
-6.28228 7.112229782781380e-01
-6.27027 7.197927200523051e-01
-6.25826 7.206608528744588e-01
-6.24625 7.155631838118881e-01
-6.23423 7.092840987870098e-01
-6.22222 7.053791651910992e-01
-6.21021 7.040194140664340e-01
-6.19820 7.030224949048733e-01
-6.18619 7.001802239720839e-01
-6.17417 6.947486785158555e-01
-6.16216 6.875696530123542e-01
-6.15015 6.804376856854319e-01
-6.13814 6.753296597919576e-01
-6.12613 6.737337564755499e-01
-6.11411 6.761587234036741e-01
-6.10210 6.819301084000601e-01
-6.09009 6.893577828866004e-01
-6.07808 6.962313818430748e-01
-6.06607 7.004614780630549e-01
-6.05405 7.006346964462136e-01
-6.04204 6.963126681998619e-01
-6.03003 6.880264284285850e-01
-6.01802 6.770281354503024e-01
-6.00601 6.649178257040608e-01
-5.99399 6.532629830099049e-01
-5.98198 6.432963662849975e-01
-5.96997 6.357373537715262e-01
-5.95796 6.307473817161455e-01
-5.94595 6.280039319501913e-01
-5.93393 6.268591700917383e-01
-5.92192 6.265386765371249e-01
-5.90991 6.263337358104099e-01
-5.89790 6.257475829302589e-01
-5.88589 6.245700409395906e-01
-5.87387 6.228726777841829e-01
-5.86186 6.209342644378789e-01
-5.84985 6.191210411976577e-01
-5.83784 6.177560437375791e-01
-5.82583 6.170146147239352e-01
-5.81381 6.168772238943305e-01
-5.80180 6.171548292201906e-01
-5.78979 6.175785352736877e-01
-5.77778 6.179213182652784e-01
-5.76577 6.181045383772216e-01
-5.75375 6.182411260948235e-01
-5.74174 6.185781027812014e-01
-5.72973 6.193226031150203e-01
-5.71772 6.203857886996265e-01
-5.70571 6.211812045475089e-01
-5.69369 6.207179457855987e-01
-5.68168 6.181471270997964e-01
-5.66967 6.137209876351516e-01
-5.65766 6.098537739233054e-01
-5.64565 6.079743059331419e-01
-5.63363 6.077666754377270e-01
-5.62162 6.254771814715592e-01
-5.60961 6.489426122307679e-01
-5.59760 6.319317601395832e-01
-5.58559 6.047160300248546e-01
-5.57357 5.922636507802105e-01
-5.56156 5.791383402032318e-01
-5.54955 5.646741497029546e-01
-5.53754 5.505692057267668e-01
-5.52553 5.355544110781132e-01
-5.51351 5.198001606501971e-01
-5.50150 5.048954604770332e-01
-5.48949 4.927681774333510e-01
-5.47748 4.846763707437052e-01
-5.46547 4.807271266152781e-01
-5.45345 4.800425103781741e-01
-5.44144 4.812595954177208e-01
-5.42943 4.830121668066665e-01
-5.41742 4.842225442204343e-01
-5.40541 4.841998502316896e-01
-5.39339 4.826143522829197e-01
-5.38138 4.794194570567568e-01
-5.36937 4.747670961051436e-01
-5.35736 4.689358183746227e-01
-5.34535 4.622746047680416e-01
-5.33333 4.551603398120657e-01
-5.32132 4.479690651340378e-01
-5.30931 4.410651447879677e-01
-5.29730 4.348137710153435e-01
-5.28529 4.296173642070388e-01
-5.27327 4.259624993643866e-01
-5.26126 4.244422451418645e-01
-5.24925 4.257033351444542e-01
-5.23724 4.302890689975060e-01
-5.22523 4.384325936666588e-01
-5.21321 4.499696594732281e-01
-5.20120 4.645644050968137e-01
-5.18919 4.822403858827126e-01
-5.17718 5.038205991765466e-01
-5.16517 5.306403394709313e-01
-5.15315 5.632297896592514e-01
-5.14114 5.995739650819157e-01
-5.12913 6.343476426322840e-01
-5.11712 6.602784421813030e-01
-5.10511 6.713753022349639e-01
-5.09309 6.662134310730344e-01
-5.08108 6.491443660458776e-01
-5.06907 6.285523740026266e-01
-5.05706 6.131566752562283e-01
-5.04505 6.085324474350339e-01
-5.03303 6.157207347816446e-01
-5.02102 6.321460044318280e-01
-5.00901 6.532916863802105e-01
-4.99700 6.735727235961835e-01
-4.98498 6.868873578406551e-01
-4.97297 6.886111220499973e-01
-4.96096 6.786969398525031e-01
-4.94895 6.625438766132826e-01
-4.93694 6.474814727994989e-01
-4.92492 6.376250836240943e-01
-4.91291 6.320051313644346e-01
-4.90090 6.272092978010563e-01
-4.88889 6.211772456606226e-01
-4.87688 6.146527948111473e-01
-4.86486 6.100515149863986e-01
-4.85285 6.096718952093809e-01
-4.84084 6.146803295527463e-01
-4.82883 6.249293366316369e-01
-4.81682 6.391228499129590e-01
-4.80480 6.550870420470979e-01
-4.79279 6.701888417690043e-01
-4.78078 6.819304838267370e-01
-4.76877 6.885901135145147e-01
-4.75676 6.922919892663206e-01
-4.74474 6.990942441520002e-01
-4.73273 6.875543670003177e-01
-4.72072 6.742337832449363e-01
-4.70871 6.718350576842714e-01
-4.69670 6.745787302846858e-01
-4.68468 6.822172169067610e-01
-4.67267 6.922860005017145e-01
-4.66066 7.012516762483608e-01
-4.64865 7.064829248723172e-01
-4.63664 7.077355954449135e-01
-4.62462 7.070485131494489e-01
-4.61261 7.071678240640928e-01
-4.60060 7.097328030951423e-01
-4.58859 7.144528314848148e-01
-4.57658 7.194953309369467e-01
-4.56456 7.227335223181961e-01
-4.55255 7.241070177874734e-01
-4.54054 7.174659337148341e-01
-4.52853 7.592151429874553e-01
-4.51652 7.882462565181099e-01
-4.50450 6.869850204556045e-01
-4.49249 6.783179101645160e-01
-4.48048 6.691927430658229e-01
-4.46847 6.665200266063127e-01
-4.45646 6.685699923662550e-01
-4.44444 6.745455776097908e-01
-4.43243 6.833199548882601e-01
-4.42042 6.934632627411769e-01
-4.40841 7.035902211799807e-01
-4.39640 7.125822371895471e-01
-4.38438 7.197533706757887e-01
-4.37237 7.249806057733190e-01
-4.36036 7.287780277809948e-01
-4.34835 7.322273646659498e-01
-4.33634 7.366632568608594e-01
-4.32432 7.431137693585741e-01
-4.31231 7.516868400280273e-01
-4.30030 7.612361965754525e-01
-4.28829 7.695862060957775e-01
-4.27628 7.743245878674484e-01
-4.26426 7.738405755946520e-01
-4.25225 7.681181264158546e-01
-4.24024 7.601530345432290e-01
-4.22823 7.691263198627077e-01
-4.21622 7.721447416341384e-01
-4.20420 7.432333361012788e-01
-4.19219 7.496185738248353e-01
-4.18018 7.576060808759104e-01
-4.16817 7.665340523860993e-01
-4.15616 7.720527156526005e-01
-4.14414 7.725677901709588e-01
-4.13213 7.684603524579295e-01
-4.12012 7.615272247864143e-01
-4.10811 7.540055638524081e-01
-4.09610 7.479321393418972e-01
-4.08408 7.449724384612435e-01
-4.07207 7.464212086124749e-01
-4.06006 7.530784442754554e-01
-4.04805 7.649698053535213e-01
-4.03604 7.810778885970801e-01
-4.02402 7.992758560963887e-01
-4.01201 8.166156699830122e-01
-4.00000 8.300856867259629e-01
-3.98799 8.378001705016203e-01
-3.97598 8.401778329482125e-01
-3.96396 8.402000581572555e-01
-3.95195 8.419464613545568e-01
-3.93994 8.477555589213085e-01
-3.92793 8.558769398124259e-01
-3.91592 8.608348887661158e-01
-3.90390 8.573253473778303e-01
-3.89189 8.450480902655134e-01
-3.87988 8.303340201160481e-01
-3.86787 8.335447934536642e-01
-3.85586 8.778129603351935e-01
-3.84384 8.989252231346735e-01
-3.83183 8.818039975501353e-01
-3.81982 8.935908984231837e-01
-3.80781 9.225058472915754e-01
-3.79580 9.504801236778122e-01
-3.78378 9.559702199923767e-01
-3.77177 9.381066805535877e-01
-3.75976 9.251930149771251e-01
-3.74775 9.306839761395590e-01
-3.73574 9.465180982125037e-01
-3.72372 9.639555999249296e-01
-3.71171 9.773535092950912e-01
-3.69970 9.820997868756681e-01
-3.68769 9.767571522683569e-01
-3.67568 9.653033140031200e-01
-3.66366 9.555522712696205e-01
-3.65165 9.550109362096836e-01
-3.63964 9.671215936598058e-01
-3.62763 9.894040071818549e-01
-3.61562 1.014139429564823e+00
-3.60360 1.032163496805146e+00
-3.59159 1.038994278873786e+00
-3.57958 1.039588620408355e+00
-3.56757 1.046495180800781e+00
-3.55556 1.070220458433054e+00
-3.54354 1.109041813820344e+00
-3.53153 1.148496217882642e+00
-3.51952 1.171671599975951e+00
-3.50751 1.170265374879480e+00
-3.49550 1.147759618859159e+00
-3.48348 1.115569750385865e+00
-3.47147 1.086649473226347e+00
-3.45946 1.076802645043464e+00
-3.44745 1.113103428464763e+00
-3.43544 1.200236162049822e+00
-3.42342 1.352254073450964e+00
-3.41141 1.363780460977116e+00
-3.39940 1.387376658732220e+00
-3.38739 1.244521307964141e+00
-3.37538 1.375786701020040e+00
-3.36336 1.177111652371653e+00
-3.35135 1.106198104198342e+00
-3.33934 1.019530988675555e+00
-3.32733 9.557467142816928e-01
-3.31532 9.390572341110680e-01
-3.30330 9.458703516983813e-01
-3.29129 9.404977378239823e-01
-3.27928 9.169246899864856e-01
-3.26727 8.830602872981498e-01
-3.25526 8.464370579414167e-01
-3.24324 8.133894351566144e-01
-3.23123 7.874461022666776e-01
-3.21922 7.686835154360299e-01
-3.20721 7.553293619419700e-01
-3.19520 7.454722558609203e-01
-3.18318 7.377721577243429e-01
-3.17117 7.313958342810319e-01
-3.15916 7.257460505555771e-01
-3.14715 7.203282989349938e-01
-3.13514 7.147798268938711e-01
-3.12312 7.089328953907912e-01
-3.11111 7.028090076793063e-01
-3.09910 6.965321442967082e-01
-3.08709 6.902130210280859e-01
-3.07508 6.838655089511215e-01
-3.06306 6.773885876809904e-01
-3.05105 6.706133768959831e-01
-3.03904 6.632945837111606e-01
-3.02703 6.567120907393560e-01
-3.01502 6.516651121291926e-01
-3.00300 6.692939494738217e-01
-2.99099 6.294912631291730e-01
-2.97898 6.223337223220913e-01
-2.96697 6.138975281472864e-01
-2.95495 6.070790621389304e-01
-2.94294 6.012228260265496e-01
-2.93093 5.963921449485593e-01
-2.91892 5.924860096138029e-01
-2.90691 5.893110294539927e-01
-2.89489 5.866114920391219e-01
-2.88288 5.841060914305872e-01
-2.87087 5.815241418509366e-01
-2.85886 5.786371579511799e-01
-2.84685 5.752828086097157e-01
-2.83483 5.713793865608003e-01
-2.82282 5.669300937086550e-01
-2.81081 5.620175942614970e-01
-2.79880 5.567903524903941e-01
-2.78679 5.514431170277035e-01
-2.77477 5.461943893295144e-01
-2.76276 5.412637113996673e-01
-2.75075 5.368511912842024e-01
-2.73874 5.331213126486976e-01
-2.72673 5.301935677890870e-01
-2.71471 5.281437635313944e-01
-2.70270 5.270184197430428e-01
-2.69069 5.268536179930350e-01
-2.67868 5.276706572429242e-01
-2.66667 5.294207898052385e-01
-2.65465 5.317893674124465e-01
-2.64264 5.357049235104260e-01
-2.63063 5.378531639152628e-01
-2.61862 5.618196088161734e-01
-2.60661 5.950798068412994e-01
-2.59459 5.559105311444469e-01
-2.58258 5.652358653070509e-01
-2.57057 5.715340507593426e-01
-2.55856 5.761449405753634e-01
-2.54655 5.765041525339114e-01
-2.53453 5.739509003832426e-01
-2.52252 5.709039841418690e-01
-2.51051 5.686794393684476e-01
-2.49850 5.667013963895975e-01
-2.48649 5.634027343430290e-01
-2.47447 5.577657212660143e-01
-2.46246 5.502249944934273e-01
-2.45045 5.425947162157337e-01
-2.43844 5.374180055046796e-01
-2.42643 5.371058579363616e-01
-2.41441 5.429966585198999e-01
-2.40240 5.546736599520474e-01
-2.39039 5.702474927505343e-01
-2.37838 5.878415459367045e-01
-2.36637 6.070342869174286e-01
-2.35435 6.283082315100202e-01
-2.34234 6.505338653889461e-01
-2.33033 6.695627526011145e-01
-2.31832 6.806502253133190e-01
-2.30631 6.828251423663392e-01
-2.29429 6.801827863708929e-01
-2.28228 6.782483108539270e-01
-2.27027 6.793041850028719e-01
-2.25826 6.814263197426863e-01
-2.24625 6.813480316474972e-01
-2.23423 6.775400919801190e-01
-2.22222 6.709237442893226e-01
-2.21021 6.637255340047279e-01
-2.19820 6.582138947183085e-01
-2.18619 6.561392264524801e-01
-2.17417 6.586278967485785e-01
-2.16216 6.661175044884444e-01
-2.15015 6.782520013922434e-01
-2.13814 6.938645969035067e-01
-2.12613 7.111440530992642e-01
-2.11411 7.279613396833223e-01
-2.10210 7.422434805651580e-01
-2.09009 7.522564489415083e-01
-2.07808 7.567238886665230e-01
-2.06607 7.548664254188715e-01
-2.05405 7.466538394132785e-01
-2.04204 7.336949400029508e-01
-2.03003 7.204111213358310e-01
-2.01802 7.128781930610446e-01
-2.00601 7.155861218380429e-01
-1.99399 7.356470133875224e-01
-1.98198 7.859739517283466e-01
-1.96997 8.621038741756640e-01
-1.95796 9.320093870134616e-01
-1.94595 1.016645725715445e+00
-1.93393 9.157765013321052e-01
-1.92192 8.996984675998891e-01
-1.90991 8.729130870224872e-01
-1.89790 8.243381406180526e-01
-1.88589 7.705902504214706e-01
-1.87387 7.276245673735015e-01
-1.86186 6.994952063451533e-01
-1.84985 6.815129517795605e-01
-1.83784 6.676228040463649e-01
-1.82583 6.545597533788641e-01
-1.81381 6.416238940502043e-01
-1.80180 6.292577059234816e-01
-1.78979 6.184690261522060e-01
-1.77778 6.105441577367702e-01
-1.76577 6.063156949551378e-01
-1.75375 6.053690510623362e-01
-1.74174 6.059745341065015e-01
-1.72973 6.060397206620871e-01
-1.71772 6.046729023624942e-01
-1.70571 6.029054942054765e-01
-1.69369 6.021629666017205e-01
-1.68168 6.051760115406389e-01
-1.66967 6.164920928936265e-01
-1.65766 6.336073306734813e-01
-1.64565 6.591104057056086e-01
-1.63363 7.275491231445836e-01
-1.62162 7.046083058221922e-01
-1.60961 6.935238853997315e-01
-1.59760 6.778283259623156e-01
-1.58559 6.722329639106390e-01
-1.57357 6.699308941135310e-01
-1.56156 6.655433475408610e-01
-1.54955 6.589501457531275e-01
-1.53754 6.504699326810375e-01
-1.52553 6.412515254361597e-01
-1.51351 6.327939376298106e-01
-1.50150 6.256744103417831e-01
-1.48949 6.192446889194679e-01
-1.47748 6.125660895869572e-01
-1.46547 6.053519158180281e-01
-1.45345 5.979061950761565e-01
-1.44144 5.904391484240421e-01
-1.42943 5.827009164097854e-01
-1.41742 5.742578674459949e-01
-1.40541 5.650044922755636e-01
-1.39339 5.553950857651599e-01
-1.38138 5.462444720594357e-01
-1.36937 5.383128284014007e-01
-1.35736 5.319925683923930e-01
-1.34535 5.272756837222163e-01
-1.33333 5.239575618043908e-01
-1.32132 5.218897745975333e-01
-1.30931 5.211045634670365e-01
-1.29730 5.217573178771487e-01
-1.28529 5.239633654721908e-01
-1.27327 5.276559518620242e-01
-1.26126 5.325516260587037e-01
-1.24925 5.382267578892425e-01
-1.23724 5.442451662357830e-01
-1.22523 5.502631381873866e-01
-1.21321 5.560680417206537e-01
-1.20120 5.615423678443963e-01
-1.18919 5.670450073340945e-01
-1.17718 5.741426174389425e-01
-1.16517 5.821620169167082e-01
-1.15315 5.792169344872369e-01
-1.14114 5.812952964200298e-01
-1.12913 5.830570674928578e-01
-1.11712 5.839458817791819e-01
-1.10511 5.840337254708645e-01
-1.09309 5.834038084132284e-01
-1.08108 5.821535682161103e-01
-1.06907 5.803814425436603e-01
-1.05706 5.781836011401320e-01
-1.04505 5.756573422858294e-01
-1.03303 5.729056621033379e-01
-1.02102 5.700382619393388e-01
-1.00901 5.671672158808302e-01
-0.99700 5.643987327964971e-01
-0.98498 5.618243080013081e-01
-0.97297 5.595144729120427e-01
-0.96096 5.575167765992483e-01
-0.94895 5.558576281110634e-01
-0.93694 5.545462187041662e-01
-0.92492 5.535785180096177e-01
-0.91291 5.529399753643816e-01
-0.90090 5.525991187889631e-01
-0.88889 5.525289861841125e-01
-0.87688 5.528777459535701e-01
-0.86486 5.530238308533366e-01
-0.85285 5.544171657626872e-01
-0.84084 5.601464791239427e-01
-0.82883 5.585855593895250e-01
-0.81682 5.546023057806129e-01
-0.80480 5.548906563520198e-01
-0.79279 5.546695133098744e-01
-0.78078 5.542143117937435e-01
-0.76877 5.536285181993877e-01
-0.75676 5.528239119560303e-01
-0.74474 5.518908358567203e-01
-0.73273 5.509498437429742e-01
-0.72072 5.501574579633374e-01
-0.70871 5.497026154160525e-01
-0.69670 5.497973334565210e-01
-0.68468 5.506650075252451e-01
-0.67267 5.525265115011851e-01
-0.66066 5.555844486769026e-01
-0.64865 5.600061918599301e-01
-0.63664 5.659068816511419e-01
-0.62462 5.733337798701250e-01
-0.61261 5.822536090590811e-01
-0.60060 5.925516224868320e-01
-0.58859 6.040599080923065e-01
-0.57658 6.165628476596097e-01
-0.56456 6.296496663412542e-01
-0.55255 6.427614671552601e-01
-0.54054 6.560199180093808e-01
-0.52853 6.701506033020083e-01
-0.51652 6.839373613031812e-01
-0.50450 6.941975193531004e-01
-0.49249 7.003083736766392e-01
-0.48048 7.045513367060977e-01
-0.46847 7.076164034112155e-01
-0.45646 7.082273539874169e-01
-0.44444 7.058301931632192e-01
-0.43243 7.009561339756656e-01
-0.42042 6.944130028441017e-01
-0.40841 6.871932399073732e-01
-0.39640 6.805814237026626e-01
-0.38438 6.760426906898762e-01
-0.37237 6.750176193580218e-01
-0.36036 6.787084463271627e-01
-0.34835 6.878757352551074e-01
-0.33634 7.026754647864309e-01
-0.32432 7.225653877750673e-01
-0.31231 7.463433122838768e-01
-0.30030 7.724987371986763e-01
-0.28829 7.998046628394615e-01
-0.27628 8.272446799789074e-01
-0.26426 8.518529341042674e-01
-0.25225 8.670501160684196e-01
-0.24024 8.832529722557312e-01
-0.22823 9.444726042831985e-01
-0.21622 1.031967351589973e+00
-0.20420 1.040533703279152e+00
-0.19219 9.788640973958802e-01
-0.18018 9.516232042317103e-01
-0.16817 9.778440777592502e-01
-0.15616 1.017735034988011e+00
-0.14414 1.049011852005871e+00
-0.13213 1.069800733397684e+00
-0.12012 1.078901516224463e+00
-0.10811 1.068545475573925e+00
-0.09610 1.038070365527619e+00
-0.08408 1.005854924550664e+00
-0.07207 9.976388902505138e-01
-0.06006 1.029620262388826e+00
-0.04805 1.071751103718543e+00
-0.03604 1.095860856034038e+00
-0.02402 1.134563201270233e+00
-0.01201 1.107899131625633e+00
0.00000 1.005210894431520e+00
0.01201 1.018698561207955e+00
0.02402 1.028937294997954e+00
0.03604 9.303395989255032e-01
0.04805 8.692917319149402e-01
0.06006 8.273784610446668e-01
0.07207 7.948896106023324e-01
0.08408 7.670493347883814e-01
0.09610 7.483726712199249e-01
0.10811 7.321030851040651e-01
0.12012 7.149387098160784e-01
0.13213 6.932705374825058e-01
0.14414 6.677968191015095e-01
0.15616 6.514384267292044e-01
0.16817 6.499423761649604e-01
0.18018 6.420742998894102e-01
0.19219 6.149269340835419e-01
0.20420 5.952613552587367e-01
0.21622 5.828638162612946e-01
0.22823 5.380987319733922e-01
0.24024 4.882591644746745e-01
0.25225 4.872776697136708e-01
0.26426 5.053499916916663e-01
0.27628 4.921835185727994e-01
0.28829 4.586938004650680e-01
0.30030 4.356578018195685e-01
0.31231 4.241971165501875e-01
0.32432 4.141678754174150e-01
0.33634 4.073846921019331e-01
0.34835 4.105694047857256e-01
0.36036 4.252151924064221e-01
0.37237 4.458184204623912e-01
0.38438 4.613261617570384e-01
0.39640 4.593775521098882e-01
0.40841 4.326202697288578e-01
0.42042 3.830422196929285e-01
0.43243 3.212401421063643e-01
0.44444 2.608444048682063e-01
0.45646 1.475799298042343e+00
0.46847 1.900229200073512e-01
0.48048 1.711414609247849e-01
0.49249 1.680553927379515e-01
0.50450 1.698463171462959e-01
0.51652 1.724155188793828e-01
0.52853 1.736355318443837e-01
0.54054 1.728725765554182e-01
0.55255 1.703439502761056e-01
0.56456 1.666263023013078e-01
0.57658 1.623493315543011e-01
0.58859 1.580248055231307e-01
0.60060 1.539746091225045e-01
0.61261 1.503339118434397e-01
0.62462 1.471004045277707e-01
0.63664 1.441976125842635e-01
0.64865 1.415285332917656e-01
0.66066 1.390093675968205e-01
0.67267 1.365840115322705e-01
0.68468 1.342252334923409e-01
0.69670 1.319291187346399e-01
0.70871 1.297076620077927e-01
0.72072 1.275821668385369e-01
0.73273 1.255783607012683e-01
0.74474 1.237231471582223e-01
0.75676 1.220425602599795e-01
0.76877 1.205604921957685e-01
0.78078 1.192978977704839e-01
0.79279 1.182723059953505e-01
0.80480 1.174975469377888e-01
0.81682 1.169836372595236e-01
0.82883 1.167367808868875e-01
0.84084 1.167594479420325e-01
0.85285 1.170505025666413e-01
0.86486 1.176053593951373e-01
0.87688 1.184161574208661e-01
0.88889 1.194719470872350e-01
0.90090 1.207588908553748e-01
0.91291 1.222604794229956e-01
0.92492 1.239577658801825e-01
0.93694 1.258296191700456e-01
0.94895 1.278529969123922e-01
0.96096 1.300032363572828e-01
0.97297 1.322543611674069e-01
0.98498 1.345794009453846e-01
0.99700 1.369507199063580e-01
1.00901 1.393403507969989e-01
1.02102 1.417203300247980e-01
1.03303 1.440630299406298e-01
1.04505 1.463414842802840e-01
1.05706 1.485297028954941e-01
1.06907 1.506029720788355e-01
1.08108 1.525381370020288e-01
1.09309 1.543138630387658e-01
1.10511 1.559108730276803e-01
1.11712 1.573121578453580e-01
1.12913 1.585031580000198e-01
1.14114 1.594719143201706e-01
1.15315 1.602091861951456e-01
1.16517 1.607085362218900e-01
1.17718 1.609663805200521e-01
1.18919 1.609820043909298e-01
1.20120 1.607575434103495e-01
1.21321 1.602979304564578e-01
1.22523 1.596108095760654e-01
1.23724 1.587064179830442e-01
1.24925 1.575974378549802e-01
1.26126 1.562988199456316e-01
1.27327 1.548275813567925e-01
1.28529 1.532025801102654e-01
1.29730 1.514442694254166e-01
1.30931 1.495744348372716e-01
1.32132 1.476159174816283e-01
1.33333 1.455923270250311e-01
1.34535 1.435277478268844e-01
1.35736 1.414464419870956e-01
1.36937 1.393725529546407e-01
1.38138 1.373298133498915e-01
1.39339 1.353412605865867e-01
1.40541 1.334289637686103e-01
1.41742 1.316137651833467e-01
1.42943 1.299150395190216e-01
1.44144 1.283504737002044e-01
1.45345 1.269358699662005e-01
1.46547 1.256849745145279e-01
1.47748 1.246093336995470e-01
1.48949 1.237181794186485e-01
1.50150 1.230183449394708e-01
1.51351 1.225142120261639e-01
1.52553 1.222076898156753e-01
1.53754 1.220982254816175e-01
1.54955 1.221828463088515e-01
1.56156 1.224562323919487e-01
1.57357 1.229108187706599e-01
1.58559 1.235369254308814e-01
1.59760 1.243229132356570e-01
1.60961 1.252553635126191e-01
1.62162 1.263192787167610e-01
1.63363 1.274983013150087e-01
1.64565 1.287749478057348e-01
1.65766 1.301308545956554e-01
1.66967 1.315470323113744e-01
1.68168 1.330041250255242e-01
1.69369 1.344826708295923e-01
1.70571 1.359633601880197e-01
1.71772 1.374272885611808e-01
1.72973 1.388561998877659e-01
1.74174 1.402327176685300e-01
1.75375 1.415405605912151e-01
1.76577 1.427647398778039e-01
1.77778 1.438917358166172e-01
1.78979 1.449096512588663e-01
1.80180 1.458083402073860e-01
1.81381 1.465795099990740e-01
1.82583 1.472167959763727e-01
1.83784 1.477158079508786e-01
1.84985 1.480741481775976e-01
1.86186 1.482914009750796e-01
1.87387 1.483690945382337e-01
1.88589 1.483106358907324e-01
1.89790 1.481212203064156e-01
1.90991 1.478077168881779e-01
1.92192 1.473785323230348e-01
1.93393 1.468434551284794e-01
1.94595 1.462134829634985e-01
1.95796 1.455006357940000e-01
1.96997 1.447177578739128e-01
1.98198 1.438783116275975e-01
1.99399 1.429961665950013e-01
2.00601 1.420853866275373e-01
2.01802 1.411600185001301e-01
2.03003 1.402338850342167e-01
2.04204 1.393203857094285e-01
2.05405 1.384323075807156e-01
2.06607 1.375816491159352e-01
2.07808 1.367794593302060e-01
2.09009 1.360356943219661e-01
2.10210 1.353590930164353e-01
2.11411 1.347570736002862e-01
2.12613 1.342356517921969e-01
2.13814 1.337993817432638e-01
2.15015 1.334513200047324e-01
2.16216 1.331930126438624e-01
2.17417 1.330245052376363e-01
2.18619 1.329443751338451e-01
2.19820 1.329497850449879e-01
2.21021 1.330365567371892e-01
2.22222 1.331992632982834e-01
2.23423 1.334313382202042e-01
2.24625 1.337251993141137e-01
2.25826 1.340723852950165e-01
2.27027 1.344637027279987e-01
2.28228 1.348893809221284e-01
2.29429 1.353392322912406e-01
2.30631 1.358028156734287e-01
2.31832 1.362696001125738e-01
2.33033 1.367291266545510e-01
2.34234 1.371711657961772e-01
2.35435 1.375858683442819e-01
2.36637 1.379639075927990e-01
2.37838 1.382966109043730e-01
2.39039 1.385760789861533e-01
2.40240 1.387952913734481e-01
2.41441 1.389481968757115e-01
2.42643 1.390297879927872e-01
2.43844 1.390361585711847e-01
2.45045 1.389645442361727e-01
2.46246 1.388133454014272e-01
2.47447 1.385821329198112e-01
2.48649 1.382716366926858e-01
2.49850 1.378837177973163e-01
2.51051 1.374213249190835e-01
2.52252 1.368884360843248e-01
2.53453 1.362899868780609e-01
2.54655 1.356317864963834e-01
2.55856 1.349204231240618e-01
2.57057 1.341631602426276e-01
2.58258 1.333678255618630e-01
2.59459 1.325426943278214e-01
2.60661 1.316963687931871e-01
2.61862 1.308376556413445e-01
2.63063 1.299754431347910e-01
2.64264 1.291185797126418e-01
2.65465 1.282757556924975e-01
2.66667 1.274553896406811e-01
2.67868 1.266655208639124e-01
2.69069 1.259137093472003e-01
2.70270 1.252069443195808e-01
2.71471 1.245515624739653e-01
2.72673 1.239531767024853e-01
2.73874 1.234166160370916e-01
2.75075 1.229458773095449e-01
2.76276 1.225440888679915e-01
2.77477 1.222134865117003e-01
2.78679 1.219554016336973e-01
2.79880 1.217702613953089e-01
2.81081 1.216576005991611e-01
2.82282 1.216160847798742e-01
2.83483 1.216435438962700e-01
2.84685 1.217370158867778e-01
2.85886 1.218927992421017e-01
2.87087 1.221065136570006e-01
2.88288 1.223731677468962e-01
2.89489 1.226872327553643e-01
2.90691 1.230427211355185e-01
2.91892 1.234332688617606e-01
2.93093 1.238522203180288e-01
2.94294 1.242927146139664e-01
2.95495 1.247477722006385e-01
2.96697 1.252103806916202e-01
2.97898 1.256735788424251e-01
2.99099 1.261305377001348e-01
3.00300 1.265746380044624e-01
3.01502 1.269995429999477e-01
3.02703 1.273992659051416e-01
3.03904 1.277682313770194e-01
3.05105 1.281013304060194e-01
3.06306 1.283939681775742e-01
3.07508 1.286421045383664e-01
3.08709 1.288422868084283e-01
3.09910 1.289916747822921e-01
3.11111 1.290880578624619e-01
3.12312 1.291298643653604e-01
3.13514 1.291161631325573e-01
3.14715 1.290466576675674e-01
3.15916 1.289216730999786e-01
3.17117 1.287421363534143e-01
3.18318 1.285095499612499e-01
3.19520 1.282259600336048e-01
3.20721 1.278939189305472e-01
3.21922 1.275164432394307e-01
3.23123 1.270969676886815e-01
3.24324 1.266392956561324e-01
3.25526 1.261475469472238e-01
3.26727 1.256261035272088e-01
3.27928 1.250795538921589e-01
3.29129 1.245126367563853e-01
3.30330 1.239301847192624e-01
3.31532 1.233370685528278e-01
3.32733 1.227381427234295e-01
3.33934 1.221381927266886e-01
3.35135 1.215418847757023e-01
3.36336 1.209537183383935e-01
3.37538 1.203779819718518e-01
3.38739 1.198187128500775e-01
3.39940 1.192796603274284e-01
3.41141 1.187642538239341e-01
3.42342 1.182755752611835e-01
3.43544 1.178163362193606e-01
3.44745 1.173888599278459e-01
3.45946 1.169950681442561e-01
3.47147 1.166364729204441e-01
3.48348 1.163141731994082e-01
3.49550 1.160288561347810e-01
3.50751 1.157808029750830e-01
3.51952 1.155698993086839e-01
3.53153 1.153956494228036e-01
3.54354 1.152571944912758e-01
3.55556 1.151533342714789e-01
3.56757 1.150825519610581e-01
3.57958 1.150430418400335e-01
3.59159 1.150327393037215e-01
3.60360 1.150493528767089e-01
3.61562 1.150903977879157e-01
3.62763 1.151532306815593e-01
3.63964 1.152350850385017e-01
3.65165 1.153331068869051e-01
3.66366 1.154443903901589e-01
3.67568 1.155660129134553e-01
3.68769 1.156950691879156e-01
3.69970 1.158287042125009e-01
3.71171 1.159641445587423e-01
3.72372 1.160987277712241e-01
3.73574 1.162299295873533e-01
3.74775 1.163553887328297e-01
3.75976 1.164729290839572e-01
3.77177 1.165805790240659e-01
3.78378 1.166765878583808e-01
3.79580 1.167594391892377e-01
3.80781 1.168278611911445e-01
3.81982 1.168808337623899e-01
3.83183 1.169175925662735e-01
3.84384 1.169376300101753e-01
3.85586 1.169406932442120e-01
3.86787 1.169267792927917e-01
3.87988 1.168961274616523e-01
3.89189 1.168492091896791e-01
3.90390 1.167867155386844e-01
3.91592 1.167095425352051e-01
3.92793 1.166187745960631e-01
3.93994 1.165156662838356e-01
3.95195 1.164016226494115e-01
3.96396 1.162781784264599e-01
3.97598 1.161469763469141e-01
3.98799 1.160097448475581e-01
4.00000 1.158682754355848e-01
