-8.00000 8.286579100042366e-02
-7.98799 8.268791136777942e-02
-7.97598 8.246672374647102e-02
-7.96396 8.222207878786873e-02
-7.95195 8.197658164385839e-02
-7.93994 8.175502972556563e-02
-7.92793 8.158371642231574e-02
-7.91592 8.148961771083485e-02
-7.90390 8.149948382484827e-02
-7.89189 8.163886407579835e-02
-7.87988 8.193109972184419e-02
-7.86787 8.239632737030768e-02
-7.85586 8.305054318759410e-02
-7.84384 8.390478498416432e-02
-7.83183 8.496449316737643e-02
-7.81982 8.622911014467195e-02
-7.80781 8.769196825088932e-02
-7.79580 8.934049618049472e-02
-7.78378 9.115674187488226e-02
-7.77177 9.311816669023357e-02
-7.75976 9.519861557750807e-02
-7.74775 9.736931914294873e-02
-7.73574 9.959974819942330e-02
-7.72372 1.018581352760791e-01
-7.71171 1.041115165910854e-01
-7.69970 1.063252444387466e-01
-7.68769 1.084620760180563e-01
-7.67568 1.104811453183399e-01
-7.66366 1.123373305891237e-01
-7.65165 1.139816752011098e-01
-7.63964 1.153635183068820e-01
-7.62763 1.164347595309002e-01
-7.61562 1.171561775343203e-01
-7.60360 1.175050017688458e-01
-7.59159 1.174822044963785e-01
-7.57958 1.171176024028505e-01
-7.56757 1.164712897650605e-01
-7.55556 1.156314908113902e-01
-7.54354 1.147113534146333e-01
-7.53153 1.138491189555972e-01
-7.51952 1.132155825150228e-01
-7.50751 1.130306523504239e-01
-7.49550 1.135901818075861e-01
-7.48348 1.152884737349382e-01
-7.47147 1.185298483365516e-01
-7.45946 1.233105595467889e-01
-7.44745 1.287805131387296e-01
-7.43544 1.343355308843684e-01
-7.42342 1.416826453863579e-01
-7.41141 1.524002969653955e-01
-7.39940 1.629718089952825e-01
-7.38739 1.691314210753992e-01
-7.37538 1.787024023195317e-01
-7.36336 2.601040108123530e-01
-7.35135 2.156237655726863e-01
-7.33934 2.421006555231649e-01
-7.32733 2.698788737717285e-01
-7.31532 2.888724659632675e-01
-7.30330 2.943804537259976e-01
-7.29129 2.870254869386052e-01
-7.27928 2.720514071694510e-01
-7.26727 2.568343821935443e-01
-7.25526 2.477587183070590e-01
-7.24324 2.478553257792233e-01
-7.23123 2.562625911014388e-01
-7.21922 2.693796058800801e-01
-7.20721 2.827780562999145e-01
-7.19520 2.928742861582542e-01
-7.18318 2.978011361909761e-01
-7.17117 2.974475574030734e-01
-7.15916 2.929456255014912e-01
-7.14715 2.859349288952058e-01
-7.13514 2.779012846824087e-01
-7.12312 2.698608932954961e-01
-7.11111 2.624591250787226e-01
-7.09910 2.564527088586915e-01
-7.08709 2.539962361738772e-01
-7.07508 2.597018477238611e-01
-7.06306 2.769478363979370e-01
-7.05105 3.006641343905663e-01
-7.03904 3.195625509035729e-01
-7.02703 3.290586493717537e-01
-7.01502 3.350419089719519e-01
-7.00300 3.438738358690461e-01
-6.99099 3.562074856047490e-01
-6.97898 3.694942868101166e-01
-6.96697 3.805955576660818e-01
-6.95495 3.868646578639000e-01
-6.94294 3.876624151643826e-01
-6.93093 3.848978873482691e-01
-6.91892 3.816372597235618e-01
-6.90691 3.802142765211912e-01
-6.89489 3.814111936274683e-01
-6.88288 3.849506542432410e-01
-6.87087 3.903436764377613e-01
-6.85886 3.970045089757257e-01
-6.84685 4.037589981926525e-01
-6.83483 4.091553618276259e-01
-6.82282 4.132685298242618e-01
-6.81081 4.191879209417396e-01
-6.79880 4.314721678683203e-01
-6.78679 4.518558492785592e-01
-6.77477 4.764026451421934e-01
-6.76276 4.977319630011740e-01
-6.75075 5.106410379825657e-01
-6.73874 5.156079527258159e-01
-6.72673 5.170764007113370e-01
-6.71471 5.190113106264505e-01
-6.70270 5.222732240548968e-01
-6.69069 5.252990176087077e-01
-6.67868 5.260420504797392e-01
-6.66667 5.231832758390447e-01
-6.65465 5.170009342564680e-01
-6.64264 5.107523939195943e-01
-6.63063 5.106410149388847e-01
-6.61862 5.212771897991306e-01
-6.60661 5.393337413867612e-01
-6.59459 5.543899969263586e-01
-6.58258 5.592179056110536e-01
-6.57057 5.576000227125475e-01
-6.55856 5.593943389209274e-01
-6.54655 5.698921239654511e-01
-6.53453 5.865895437383716e-01
-6.52252 6.042986787666259e-01
-6.51051 6.202336164980010e-01
-6.49850 6.345714179083425e-01
-6.48649 6.484396806160411e-01
-6.47447 6.622424721045655e-01
-6.46246 6.752077976121372e-01
-6.45045 6.857997299837318e-01
-6.43844 6.926077471955224e-01
-6.42643 6.954954050061333e-01
-6.41441 6.964769022538460e-01
-6.40240 6.992478846153691e-01
-6.39039 7.067128830537367e-01
-6.37838 7.178569817909591e-01
-6.36637 7.271015897110089e-01
-6.35435 7.279309276054098e-01
-6.34234 7.183725904460235e-01
-6.33033 7.034076483390396e-01
-6.31832 6.918759909324881e-01
-6.30631 6.903633608669155e-01
-6.29429 6.988629395146454e-01
-6.28228 7.112262919634069e-01
-6.27027 7.197959020887439e-01
-6.25826 7.206635690280607e-01
-6.24625 7.155652977314018e-01
-6.23423 7.092857030287308e-01
-6.22222 7.053804344255022e-01
-6.21021 7.040204664368830e-01
-6.19820 7.030233818561016e-01
-6.18619 7.001810009745151e-01
-6.17417 6.947494532159192e-01
-6.16216 6.875705747317092e-01
-6.15015 6.804389043292850e-01
-6.13814 6.753312852511826e-01
-6.12613 6.737358283819513e-01
-6.11411 6.761611930343197e-01
-6.10210 6.819328381497853e-01
-6.09009 6.893605690053161e-01
-6.07808 6.962339981553722e-01
-6.06607 7.004637281477815e-01
-6.05405 7.006364572070106e-01
-6.04204 6.963139117880790e-01
-6.03003 6.880272188044987e-01
-6.01802 6.770286047436083e-01
-6.00601 6.649181401103448e-01
-5.99399 6.532633079142752e-01
-5.98198 6.432968376077715e-01
-5.96997 6.357380593332091e-01
-5.95796 6.307483538268891e-01
-5.94595 6.280051505505402e-01
-5.93393 6.268605743651799e-01
-5.92192 6.265401818863418e-01
-5.90991 6.263352525559008e-01
-5.89790 6.257490331854051e-01
-5.88589 6.245713708181192e-01
-5.87387 6.228738632202607e-01
-5.86186 6.209353102082743e-01
-5.84985 6.191219740347395e-01
-5.83784 6.177569015620137e-01
-5.82583 6.170154348335632e-01
-5.81381 6.168780331812764e-01
-5.80180 6.171556389245301e-01
-5.78979 6.175793414011020e-01
-5.77778 6.179221069497354e-01
-5.76577 6.181052937751891e-01
-5.75375 6.182418373487405e-01
-5.74174 6.185787663637649e-01
-5.72973 6.193232179537007e-01
-5.71772 6.203863455357979e-01
-5.70571 6.211816788408965e-01
-5.69369 6.207183051597934e-01
-5.68168 6.181473581785478e-01
-5.66967 6.137212607394481e-01
-5.65766 6.098544003819334e-01
-5.64565 6.079747031080928e-01
-5.63363 6.077680519834366e-01
-5.62162 6.254799525419753e-01
-5.60961 6.489423166050117e-01
-5.59760 6.319321485214793e-01
-5.58559 6.047171269034195e-01
-5.57357 5.922639384816146e-01
-5.56156 5.791389530591858e-01
-5.54955 5.646746593860174e-01
-5.53754 5.505694686822203e-01
-5.52553 5.355544680181233e-01
-5.51351 5.198000566533761e-01
-5.50150 5.048953331150347e-01
-5.48949 4.927681792471498e-01
-5.47748 4.846765882167793e-01
-5.46547 4.807275571116628e-01
-5.45345 4.800430852428940e-01
-5.44144 4.812602196691416e-01
-5.42943 4.830127518662858e-01
-5.41742 4.842230251465169e-01
-5.40541 4.842001896898530e-01
-5.39339 4.826145370984117e-01
-5.38138 4.794194923982632e-01
-5.36937 4.747670001223938e-01
-5.35736 4.689356181431081e-01
-5.34535 4.622743333537534e-01
-5.33333 4.551600341365895e-01
-5.32132 4.479687646595776e-01
-5.30931 4.410648913397930e-01
-5.29730 4.348136099475357e-01
-5.28529 4.296173463638643e-01
-5.27327 4.259626818177291e-01
-5.26126 4.244426870402000e-01
-5.24925 4.257040850993346e-01
-5.23724 4.302901451435531e-01
-5.22523 4.384339674755940e-01
-5.21321 4.499712630456729e-01
-5.20120 4.645661754363298e-01
-5.18919 4.822423301405357e-01
-5.17718 5.038228272605921e-01
-5.16517 5.306430050624257e-01
-5.15315 5.632329384837942e-01
-5.14114 5.995773834194150e-01
-5.12913 6.343508435656531e-01
-5.11712 6.602808530044922e-01
-5.10511 6.713765612299956e-01
-5.09309 6.662135994342431e-01
-5.08108 6.491439112542041e-01
-5.06907 6.285519359127087e-01
-5.05706 6.131567432238186e-01
-5.04505 6.085330974565413e-01
-5.03303 6.157215705847600e-01
-5.02102 6.321464223160244e-01
-5.00901 6.532913910380092e-01
-4.99700 6.735720861029717e-01
-4.98498 6.868871751221303e-01
-4.97297 6.886119052308595e-01
-4.96096 6.786984502234266e-01
-4.94895 6.625453955267404e-01
-4.93694 6.474824535258685e-01
-4.92492 6.376254863016894e-01
-4.91291 6.320052515372506e-01
-4.90090 6.272094611807613e-01
-4.88889 6.211776978191683e-01
-4.87688 6.146537524430294e-01
-4.86486 6.100531990717278e-01
-4.85285 6.096744784987892e-01
-4.84084 6.146838483263600e-01
-4.82883 6.249336304439302e-01
-4.81682 6.391275620949309e-01
-4.80480 6.550916889935138e-01
-4.79279 6.701929361255660e-01
-4.78078 6.819336703820847e-01
-4.76877 6.885922773839528e-01
-4.75676 6.922899866036862e-01
-4.74474 6.990461446434362e-01
-4.73273 6.874610026745476e-01
-4.72072 6.742349630461366e-01
-4.70871 6.718372406685788e-01
-4.69670 6.745820415802981e-01
-4.68468 6.822212618666362e-01
-4.67267 6.922899624181490e-01
-4.66066 7.012547428242912e-01
-4.64865 7.064847976215721e-01
-4.63664 7.077366866848006e-01
-4.62462 7.070496503290957e-01
-4.61261 7.071696873195539e-01
-4.60060 7.097355209492130e-01
-4.58859 7.144559772545857e-01
-4.57658 7.194982313060907e-01
-4.56456 7.227355436720788e-01
-4.55255 7.241079981612704e-01
-4.54054 7.174656868699750e-01
-4.52853 7.592343638700522e-01
-4.51652 7.882430978369179e-01
-4.50450 6.869751387652049e-01
-4.49249 6.783148677840412e-01
-4.48048 6.691918854497284e-01
-4.46847 6.665208637425447e-01
-4.45646 6.685719925225262e-01
-4.44444 6.745485828692155e-01
-4.43243 6.833235736483588e-01
-4.42042 6.934670318490146e-01
-4.40841 7.035936937814128e-01
-4.39640 7.125850635922671e-01
-4.38438 7.197553706440092e-01
-4.37237 7.249818225135570e-01
-4.36036 7.287787378479552e-01
-4.34835 7.322280101732027e-01
-4.33634 7.366642885390977e-01
-4.32432 7.431154420626037e-01
-4.31231 7.516890543240528e-01
-4.30030 7.612384843832382e-01
-4.28829 7.695878952306067e-01
-4.27628 7.743250846089601e-01
-4.26426 7.738396264931574e-01
-4.25225 7.681161821188640e-01
-4.24024 7.601494152767487e-01
-4.22823 7.691394287935285e-01
-4.21622 7.721355649790828e-01
-4.20420 7.432331172019117e-01
-4.19219 7.496210197169577e-01
-4.18018 7.576095775126402e-01
-4.16817 7.665367078741956e-01
-4.15616 7.720536366526192e-01
-4.14414 7.725668130350587e-01
-4.13213 7.684580354612098e-01
-4.12012 7.615244858148082e-01
-4.10811 7.540033075360965e-01
-4.09610 7.479310751123920e-01
-4.08408 7.449730606355165e-01
-4.07207 7.464237988200637e-01
-4.06006 7.530830186064226e-01
-4.04805 7.649760351330189e-01
-4.03604 7.810850605880897e-01
-4.02402 7.992829178696194e-01
-4.01201 8.166214010767181e-01
-4.00000 8.300890484219517e-01
-3.98799 8.378008167317245e-01
-3.97598 8.401765427750685e-01
-3.96396 8.401986363650604e-01
-3.95195 8.419468139048115e-01
-3.93994 8.477583132661866e-01
-3.92793 8.558806195652059e-01
-3.91592 8.608366036360641e-01
-3.90390 8.573230639605821e-01
-3.89189 8.450423920253071e-01
-3.87988 8.303294515705183e-01
-3.86787 8.335552588448730e-01
-3.85586 8.778349332060786e-01
-3.84384 8.989169048507752e-01
-3.83183 8.817986486655149e-01
-3.81982 8.935995023907197e-01
-3.80781 9.225190262550744e-01
-3.79580 9.504888362930755e-01
-3.78378 9.559651700325341e-01
-3.77177 9.380970589672565e-01
-3.75976 9.251922871715774e-01
-3.74775 9.306915007515489e-01
-3.73574 9.465284396754688e-01
-3.72372 9.639654064517137e-01
-3.71171 9.773602198369602e-01
-3.69970 9.821016281230872e-01
-3.68769 9.767546885854477e-01
-3.67568 9.652996456384615e-01
-3.66366 9.555513111677980e-01
-3.65165 9.550152909212271e-01
-3.63964 9.671312784747222e-01
-3.62763 9.894163175713975e-01
-3.61562 1.014150051253979e+00
-3.60360 1.032168771877499e+00
-3.59159 1.038993825252162e+00
-3.57958 1.039586567461444e+00
-3.56757 1.046498231087513e+00
-3.55556 1.070233073005857e+00
-3.54354 1.109062187986986e+00
-3.53153 1.148517137914760e+00
-3.51952 1.171685609680663e+00
-3.50751 1.170269353089633e+00
-3.49550 1.147755609116189e+00
-3.48348 1.115562759526170e+00
-3.47147 1.086645028989826e+00
-3.45946 1.076811957640851e+00
-3.44745 1.113138381366135e+00
-3.43544 1.200301745599227e+00
-3.42342 1.352308234201549e+00
-3.41141 1.363792484028179e+00
-3.39940 1.387341565835280e+00
-3.38739 1.244489718253567e+00
-3.37538 1.375715200821287e+00
-3.36336 1.177083160023869e+00
-3.35135 1.106156239475463e+00
-3.33934 1.019492738846069e+00
-3.32733 9.557284342662837e-01
-3.31532 9.390604993534463e-01
-3.30330 9.458748352108046e-01
-3.29129 9.404925834092349e-01
-3.27928 9.169124358629471e-01
-3.26727 8.830449452383216e-01
-3.25526 8.464219400520443e-01
-3.24324 8.133769399964452e-01
-3.23123 7.874368462658851e-01
-3.21922 7.686767907008148e-01
-3.20721 7.553241825994463e-01
-3.19520 7.454679630797387e-01
-3.18318 7.377684534080349e-01
-3.17117 7.313925552933982e-01
-3.15916 7.257429877323021e-01
-3.14715 7.203251758473408e-01
-3.13514 7.147763917434283e-01
-3.12312 7.089290269111248e-01
-3.11111 7.028047652959446e-01
-3.09910 6.965277457139482e-01
-3.08709 6.902087690639012e-01
-3.07508 6.838617038285048e-01
-3.06306 6.773854562363121e-01
-3.05105 6.706110371450872e-01
-3.03904 6.632930361906740e-01
-3.02703 6.567113533388761e-01
-3.01502 6.516711798387601e-01
-3.00300 6.692893529150368e-01
-2.99099 6.294909200804237e-01
-2.97898 6.223334392825076e-01
-2.96697 6.138983578422931e-01
-2.95495 6.070797706862987e-01
-2.94294 6.012234101672970e-01
-2.93093 5.963925137858094e-01
-2.91892 5.924860839084584e-01
-2.90691 5.893107431667104e-01
-2.89489 5.866107986839352e-01
-2.88288 5.841049698973709e-01
-2.87087 5.815226001557930e-01
-2.85886 5.786352341155747e-01
-2.84685 5.752805685152734e-01
-2.83483 5.713769191380634e-01
-2.82282 5.669275041546031e-01
-2.81081 5.620149961577789e-01
-2.79880 5.567878597413461e-01
-2.78679 5.514408364690253e-01
-2.77477 5.461924146688762e-01
-2.76276 5.412621188463551e-01
-2.75075 5.368500369294857e-01
-2.73874 5.331206317322553e-01
-2.72673 5.301933768026582e-01
-2.71471 5.281440669319242e-01
-2.70270 5.270192207053752e-01
-2.69069 5.268549239174537e-01
-2.67868 5.276724629916596e-01
-2.66667 5.294230240010868e-01
-2.65465 5.317918069846442e-01
-2.64264 5.357089322943575e-01
-2.63063 5.378531857723164e-01
-2.61862 5.618532070917838e-01
-2.60661 5.950650444623659e-01
-2.59459 5.559061844718257e-01
-2.58258 5.652419312298854e-01
-2.57057 5.715380058914957e-01
-2.55856 5.761472582365398e-01
-2.54655 5.765044060196964e-01
-2.53453 5.739503772355606e-01
-2.52252 5.709038077919141e-01
-2.51051 5.686797542155658e-01
-2.49850 5.667014351209715e-01
-2.48649 5.634016179257956e-01
-2.47447 5.577632080881494e-01
-2.46246 5.502217019718320e-01
-2.45045 5.425918922080037e-01
-2.43844 5.374171074535170e-01
-2.42643 5.371080491962404e-01
-2.41441 5.430022940333984e-01
-2.40240 5.546820700095147e-01
-2.39039 5.702574633549033e-01
-2.37838 5.878523179398005e-01
-2.36637 6.070460245918982e-01
-2.35435 6.283210895375911e-01
-2.34234 6.505464930321604e-01
-2.33033 6.695723447827385e-01
-2.31832 6.806547577360803e-01
-2.30631 6.828255016254766e-01
-2.29429 6.801821521342256e-01
-2.28228 6.782492950340208e-01
-2.27027 6.793068241268986e-01
-2.25826 6.814287480906281e-01
-2.24625 6.813485708340286e-01
-2.23423 6.775385146142997e-01
-2.22222 6.709210414453937e-01
-2.21021 6.637230707650590e-01
-2.19820 6.582128494016800e-01
-2.18619 6.561404394629793e-01
-2.17417 6.586318498616028e-01
-2.16216 6.661242635441074e-01
-2.15015 6.782611592550413e-01
-2.13814 6.938753032145636e-01
-2.12613 7.111551570226837e-01
-2.11411 7.279716026841150e-01
-2.10210 7.422517800742242e-01
-2.09009 7.522619029724213e-01
-2.07808 7.567258958913474e-01
-2.06607 7.548647188429745e-01
-2.05405 7.466487572340487e-01
-2.04204 7.336880687476387e-01
-2.03003 7.204056060027372e-01
-2.01802 7.128771805105205e-01
-2.00601 7.155919672756547e-01
-1.99399 7.356654096115103e-01
-1.98198 7.860090201672892e-01
-1.96997 8.621476421615993e-01
-1.95796 9.321198870781784e-01
-1.94595 1.016480680365085e+00
-1.93393 9.157761140944326e-01
-1.92192 8.996912504707471e-01
-1.90991 8.728926753444618e-01
-1.89790 8.243096690086440e-01
-1.88589 7.705640742551345e-01
-1.87387 7.276062170519261e-01
-1.86186 6.994839123120106e-01
-1.84985 6.815052766962454e-01
-1.83784 6.676160972437311e-01
-1.82583 6.545530532389209e-01
-1.81381 6.416172407005246e-01
-1.80180 6.292516146069570e-01
-1.78979 6.184643365624640e-01
-1.77778 6.105416810364027e-01
-1.76577 6.063156142726016e-01
-1.75375 6.053705755714882e-01
-1.74174 6.059762087192285e-01
-1.72973 6.060403617115582e-01
-1.71772 6.046726276398675e-01
-1.70571 6.029054016044756e-01
-1.69369 6.021640507899853e-01
-1.68168 6.051815243723599e-01
-1.66967 6.165033390588988e-01
-1.65766 6.336247977595135e-01
-1.64565 6.591888891598077e-01
-1.63363 7.274339127275921e-01
-1.62162 7.046090945520906e-01
-1.60961 6.935135513397080e-01
-1.59760 6.778223282410899e-01
-1.58559 6.722329775609370e-01
-1.57357 6.699303423936335e-01
-1.56156 6.655412552739345e-01
-1.54955 6.589466662745633e-01
-1.53754 6.504654865675896e-01
-1.52553 6.412471728989942e-01
-1.51351 6.327905108101881e-01
-1.50150 6.256718202157121e-01
-1.48949 6.192422238093593e-01
-1.47748 6.125632572105505e-01
-1.46547 6.053487881929769e-01
-1.45345 5.979030275964724e-01
-1.44144 5.904359135507783e-01
-1.42943 5.826972891504694e-01
-1.41742 5.742535805439446e-01
-1.40541 5.649996494419113e-01
-1.39339 5.553901666552549e-01
-1.38138 5.462400748747601e-01
-1.36937 5.383093760924867e-01
-1.35736 5.319901769925608e-01
-1.34535 5.272742402746724e-01
-1.33333 5.239569129601075e-01
-1.32132 5.218898771786096e-01
-1.30931 5.211055062954671e-01
-1.29730 5.217592280884573e-01
-1.28529 5.239662837979017e-01
-1.27327 5.276597623500782e-01
-1.26126 5.325560741682470e-01
-1.24925 5.382315322609195e-01
-1.23724 5.442499898829872e-01
-1.22523 5.502678228141544e-01
-1.21321 5.560724900659177e-01
-1.20120 5.615464924651009e-01
-1.18919 5.670495676597548e-01
-1.17718 5.741597269349101e-01
-1.16517 5.821466165028528e-01
-1.15315 5.792195264282654e-01
-1.14114 5.812972893967848e-01
-1.12913 5.830584069921712e-01
-1.11712 5.839466563460275e-01
-1.10511 5.840339914022725e-01
-1.09309 5.834036399252427e-01
-1.08108 5.821530432315200e-01
-1.06907 5.803806368305318e-01
-1.05706 5.781825889429577e-01
-1.04505 5.756561999599906e-01
-1.03303 5.729044705982317e-01
-1.02102 5.700371055433160e-01
-1.00901 5.671661771596068e-01
-0.99700 5.643978856945531e-01
-0.98498 5.618237117603648e-01
-0.97297 5.595141687574189e-01
-0.96096 5.575167876814943e-01
-0.94895 5.558579618122405e-01
-0.93694 5.545468697522428e-01
-0.92492 5.535794711704249e-01
-0.91291 5.529412061878106e-01
-0.90090 5.526005825150719e-01
-0.88889 5.525307057840703e-01
-0.87688 5.528797569373729e-01
-0.86486 5.530253336169453e-01
-0.85285 5.544219750863371e-01
-0.84084 5.601510689908030e-01
-0.82883 5.585828995420208e-01
-0.81682 5.546030687368152e-01
-0.80480 5.548923244923899e-01
-0.79279 5.546705273565358e-01
-0.78078 5.542152526065249e-01
-0.76877 5.536292089297955e-01
-0.75676 5.528243904905548e-01
-0.74474 5.518911825260187e-01
-0.73273 5.509501647391758e-01
-0.72072 5.501578884893474e-01
-0.70871 5.497033135497641e-01
-0.69670 5.497984720088636e-01
-0.68468 5.506667641043141e-01
-0.67267 5.525290569862276e-01
-0.66066 5.555879344396166e-01
-0.64865 5.600107364054467e-01
-0.63664 5.659125577547821e-01
-0.62462 5.733406031800651e-01
-0.61261 5.822615305477080e-01
-0.60060 5.925605374252170e-01
-0.58859 6.040696856407796e-01
-0.57658 6.165732839907467e-01
-0.56456 6.296603422513640e-01
-0.55255 6.427720887095263e-01
-0.54054 6.560310255534624e-01
-0.52853 6.701623907099171e-01
-0.51652 6.839477075991508e-01
-0.50450 6.942043741721154e-01
-0.49249 7.003128843289605e-01
-0.48048 7.045551535679607e-01
-0.46847 7.076189539644604e-01
-0.45646 7.082276686124704e-01
-0.44444 7.058283733328199e-01
-0.43243 7.009527555660895e-01
-0.42042 6.944087315065888e-01
-0.40841 6.871889524838868e-01
-0.39640 6.805782070063014e-01
-0.38438 6.760416987314876e-01
-0.37237 6.750199070862571e-01
-0.36036 6.787148030975473e-01
-0.34835 6.878865354483278e-01
-0.33634 7.026905615221731e-01
-0.32432 7.225840733306546e-01
-0.31231 7.463644420507490e-01
-0.30030 7.725211621755442e-01
-0.28829 7.998275962708143e-01
-0.27628 8.272670275343961e-01
-0.26426 8.518705492818801e-01
-0.25225 8.670593889022618e-01
-0.24024 8.832789515464551e-01
-0.22823 9.445447177749494e-01
-0.21622 1.032018600218468e+00
-0.20420 1.040500030831096e+00
-0.19219 9.788189354475886e-01
-0.18018 9.516286027325465e-01
-0.16817 9.778770203237375e-01
-0.15616 1.017766213888441e+00
-0.14414 1.049034073115550e+00
-0.13213 1.069815155282614e+00
-0.12012 1.078903719819674e+00
-0.10811 1.068529253056206e+00
-0.09610 1.038042612334414e+00
-0.08408 1.005836950477312e+00
-0.07207 9.976494299056822e-01
-0.06006 1.029662465474889e+00
-0.04805 1.071775453214791e+00
-0.03604 1.095890731343555e+00
-0.02402 1.134585796688445e+00
-0.01201 1.107836080166570e+00
0.00000 1.005121199124290e+00
0.01201 1.018831541321367e+00
0.02402 1.028805795066120e+00
0.03604 9.303023419064991e-01
0.04805 8.692437504772952e-01
0.06006 8.273525749151460e-01
0.07207 7.948636566780640e-01
0.08408 7.670315342449544e-01
0.09610 7.483597859616944e-01
0.10811 7.320902504418240e-01
0.12012 7.149238014599185e-01
0.13213 6.932502902357166e-01
0.14414 6.677774056690237e-01
0.15616 6.514325638396461e-01
0.16817 6.499431708685645e-01
0.18018 6.420581730167119e-01
0.19219 6.149023084947413e-01
0.20420 5.952532256629010e-01
0.21622 5.828427171129177e-01
0.22823 5.380474466525936e-01
0.24024 4.882343939271989e-01
0.25225 4.872947088985919e-01
0.26426 5.053551796033726e-01
0.27628 4.921575689027920e-01
0.28829 4.586662023021505e-01
0.30030 4.356441359895159e-01
0.31231 4.241879844636206e-01
0.32432 4.141589229945496e-01
0.33634 4.073818125407216e-01
0.34835 4.105769843621865e-01
0.36036 4.252314629672739e-01
0.37237 4.458357736434306e-01
0.38438 4.613334115267590e-01
0.39640 4.593650106788513e-01
0.40841 4.325851437271916e-01
0.42042 3.829904773742753e-01
0.43243 3.211836032831705e-01
0.44444 2.607945998595808e-01
0.45646 1.497349888874466e+00
0.46847 1.899956703526922e-01
0.48048 1.711344912185679e-01
0.49249 1.680553185875935e-01
0.50450 1.698485773767666e-01
0.51652 1.724173538796087e-01
0.52853 1.736357889655360e-01
0.54054 1.728711434679321e-01
0.55255 1.703412310620284e-01
0.56456 1.666228668322088e-01
0.57658 1.623457073658613e-01
0.58859 1.580213700974480e-01
0.60060 1.539715603666893e-01
0.61261 1.503312951122020e-01
0.62462 1.470981673811723e-01
0.63664 1.441956604270846e-01
0.64865 1.415267700441216e-01
0.66066 1.390077175011060e-01
0.67267 1.365824257248555e-01
0.68468 1.342236874720317e-01
0.69670 1.319276061389617e-01
0.70871 1.297061881460120e-01
0.72072 1.275807435351869e-01
0.73273 1.255770027412953e-01
0.74474 1.237218700357833e-01
0.75676 1.220413788060524e-01
0.76877 1.205594197472655e-01
0.78078 1.192969456733981e-01
0.79279 1.182714833296848e-01
0.80480 1.174968604010906e-01
0.81682 1.169830911647575e-01
0.82883 1.167363772373654e-01
0.84084 1.167591865519133e-01
0.85285 1.170503812032751e-01
0.86486 1.176053739283109e-01
0.87688 1.184163019718584e-01
0.88889 1.194722141762255e-01
0.90090 1.207592715488807e-01
0.91291 1.222609634840794e-01
0.92492 1.239583419238929e-01
0.93694 1.258302748256084e-01
0.94895 1.278537189925541e-01
0.96096 1.300040110342157e-01
0.97297 1.322551741538139e-01
0.98498 1.345802376789412e-01
0.99700 1.369515657353195e-01
1.00901 1.393411911646724e-01
1.02102 1.417211506505511e-01
1.03303 1.440638169951628e-01
1.04505 1.463422245529955e-01
1.05706 1.485303839519060e-01
1.06907 1.506035824062071e-01
1.08108 1.525386661414699e-01
1.09309 1.543143017023562e-01
1.10511 1.559112131993134e-01
1.11712 1.573123928642491e-01
1.12913 1.585032826260463e-01
1.14114 1.594719247804545e-01
1.15315 1.602090802115227e-01
1.16517 1.607083130191582e-01
1.17718 1.609660408151274e-01
1.18919 1.609815503632766e-01
1.20120 1.607569786542807e-01
1.21321 1.602972599161195e-01
1.22523 1.596100394641282e-01
1.23724 1.587055556843161e-01
1.24925 1.575964918163309e-01
1.26126 1.562977995537778e-01
1.27327 1.548264968056289e-01
1.28529 1.532014422595410e-01
1.29730 1.514430896526509e-01
1.30931 1.495732248848697e-01
1.32132 1.476146893011987e-01
1.33333 1.455910926209308e-01
1.34535 1.435265191010023e-01
1.35736 1.414452305868596e-01
1.36937 1.393713701261732e-01
1.38138 1.373286697981571e-01
1.39339 1.353401663442734e-01
1.40541 1.334279280753591e-01
1.41742 1.316127963767983e-01
1.42943 1.299141449389866e-01
1.44144 1.283496596070813e-01
1.45345 1.269351414745740e-01
1.46547 1.256843355426714e-01
1.47748 1.246087869353421e-01
1.48949 1.237177263022102e-01
1.50150 1.230179856625472e-01
1.51351 1.225139455481502e-01
1.52553 1.222075138958646e-01
1.53754 1.220981367270924e-01
1.54955 1.221828402372142e-01
1.56156 1.224563035078897e-01
1.57357 1.229109606551877e-01
1.58559 1.235371308418634e-01
1.59760 1.243231742181827e-01
1.60961 1.252556715175684e-01
1.62162 1.263196247258571e-01
1.63363 1.274986759705611e-01
1.64565 1.287753415432235e-01
1.65766 1.301312577772823e-01
1.66967 1.315474353587111e-01
1.68168 1.330045185494115e-01
1.69369 1.344830457555041e-01
1.70571 1.359637078751816e-01
1.71772 1.374276009138430e-01
1.72973 1.388564694571529e-01
1.74174 1.402329377441441e-01
1.75375 1.415407252803338e-01
1.76577 1.427648441721975e-01
1.77778 1.438917756457098e-01
1.78979 1.449096235287689e-01
1.80180 1.458082428254454e-01
1.81381 1.465793418838003e-01
1.82583 1.472165570528216e-01
1.83784 1.477154991317837e-01
1.84985 1.480737713307523e-01
1.86186 1.482909588776667e-01
1.87387 1.483685908189876e-01
1.88589 1.483100749609850e-01
1.89790 1.481206072812299e-01
1.90991 1.478070574989025e-01
1.92192 1.473778328227215e-01
1.93393 1.468427221916890e-01
1.94595 1.462127235820794e-01
1.95796 1.454998571704579e-01
1.96997 1.447169673139975e-01
1.98198 1.438775164337143e-01
1.99399 1.429953739620130e-01
2.00601 1.420846035424538e-01
2.01802 1.411592516470975e-01
2.03003 1.402331407061044e-01
2.04204 1.393196697271868e-01
2.05405 1.384316252215329e-01
2.06607 1.375810050510652e-01
2.07808 1.367788575731686e-01
2.09009 1.360351381876499e-01
2.10210 1.353585850914502e-01
2.11411 1.347566157247325e-01
2.12613 1.342352450528379e-01
2.13814 1.337990264779141e-01
2.15015 1.334510158175042e-01
2.16216 1.331927584307553e-01
2.17417 1.330242992218094e-01
2.18619 1.329442149097768e-01
2.19820 1.329496676306155e-01
2.21021 1.330364786330189e-01
2.22222 1.331992205523850e-01
2.23423 1.334313264979411e-01
2.24625 1.337252139714213e-01
2.25826 1.340724214540214e-01
2.27027 1.344637553537692e-01
2.28228 1.348894448993683e-01
2.29429 1.353393024997744e-01
2.30631 1.358028870613799e-01
2.31832 1.362696677662107e-01
2.33033 1.367291858638573e-01
2.34234 1.371712121153016e-01
2.35435 1.375858976461291e-01
2.36637 1.379639161171387e-01
2.37838 1.382965952989661e-01
2.39039 1.385760363405183e-01
2.40240 1.387952192450206e-01
2.41441 1.389480933082721e-01
2.42643 1.390296515271603e-01
2.43844 1.390359882483302e-01
2.45045 1.389643395929029e-01
2.46246 1.388131064590901e-01
2.47447 1.385818601663755e-01
2.48649 1.382713310587481e-01
2.49850 1.378833806266251e-01
2.51051 1.374209579342381e-01
2.52252 1.368880413483515e-01
2.53453 1.362895667526089e-01
2.54655 1.356313435973020e-01
2.55856 1.349199602751313e-01
2.57057 1.341626804282119e-01
2.58258 1.333673318792363e-01
2.59459 1.325421899398966e-01
2.60661 1.316958568823317e-01
2.61862 1.308371393649289e-01
2.63063 1.299749255830543e-01
2.64264 1.291180638694012e-01
2.65465 1.282752443991601e-01
2.66667 1.274548855639429e-01
2.67868 1.266650264674575e-01
2.69069 1.259132268676369e-01
2.70270 1.252064757467723e-01
2.71471 1.245511095358417e-01
2.72673 1.239527408543460e-01
2.73874 1.234161984553424e-01
2.75075 1.229454788897439e-01
2.76276 1.225437102270210e-01
2.77477 1.222131279938267e-01
2.78679 1.219550633202307e-01
2.79880 1.217699431175381e-01
2.81081 1.216573019541990e-01
2.82282 1.216158051490295e-01
2.83483 1.216432824655364e-01
2.84685 1.217367716690234e-01
2.85886 1.218925711005367e-01
2.87087 1.221063003295017e-01
2.88288 1.223729678707795e-01
2.89489 1.226870448922083e-01
2.90691 1.230425437956638e-01
2.91892 1.234331005281350e-01
2.93093 1.238520594689774e-01
2.94294 1.242925597447999e-01
2.95495 1.247476218436454e-01
2.96697 1.252102334343306e-01
2.97898 1.256734333439484e-01
2.99099 1.261303927054369e-01
3.00300 1.265744923564840e-01
3.01502 1.269993956495072e-01
3.02703 1.273991159186010e-01
3.03904 1.277680779417300e-01
3.05105 1.281011728335947e-01
3.06306 1.283938059050711e-01
3.07508 1.286419371274818e-01
3.08709 1.288421139428433e-01
3.09910 1.289914962633183e-01
3.11111 1.290878736031598e-01
3.12312 1.291296743833165e-01
3.13514 1.291159675415143e-01
3.14715 1.290464566681100e-01
3.15916 1.289214669694811e-01
3.17117 1.287419254354538e-01
3.18318 1.285093346546879e-01
3.19520 1.282257407815327e-01
3.20721 1.278936962092817e-01
3.21922 1.275162175477342e-01
3.23123 1.270967395373697e-01
3.24324 1.266390655582148e-01
3.25526 1.261473154087071e-01
3.26727 1.256258710386750e-01
3.27928 1.250793209212110e-01
3.29129 1.245124037410354e-01
3.30330 1.239299520623173e-01
3.31532 1.233368366173068e-01
3.32733 1.227379118290342e-01
3.33934 1.221379631473220e-01
3.35135 1.215416567380211e-01
3.36336 1.209534920213598e-01
3.37538 1.203777575072364e-01
3.38739 1.198184903238546e-01
3.39940 1.192794397819881e-01
3.41141 1.187640352610316e-01
3.42342 1.182753586455338e-01
3.43544 1.178161214827832e-01
3.44745 1.173886469738574e-01
3.45946 1.169948568530074e-01
3.47147 1.166362631538973e-01
3.48348 1.163139648066493e-01
3.49550 1.160286489573659e-01
3.50751 1.157805968523200e-01
3.51952 1.155696940827578e-01
3.53153 1.153954449436567e-01
3.54354 1.152569906211657e-01
3.55556 1.151531308891421e-01
3.56757 1.150823489654190e-01
3.57958 1.150428391534054e-01
3.59159 1.150325368744592e-01
3.60360 1.150491506812817e-01
3.61562 1.150901958323796e-01
3.62763 1.151530290024197e-01
3.63964 1.152348837029658e-01
3.65165 1.153329059925355e-01
3.66366 1.154441900639479e-01
3.67568 1.155658133103491e-01
3.68769 1.156948704888253e-01
3.69970 1.158285066218455e-01
3.71171 1.159639483015740e-01
3.72372 1.160985330899935e-01
3.73574 1.162297367383746e-01
3.74775 1.163551979825112e-01
3.75976 1.164727407048650e-01
3.77177 1.165803932908876e-01
3.78378 1.166764050438594e-01
3.79580 1.167592595601434e-01
3.80781 1.168276850043505e-01
3.81982 1.168806612611169e-01
3.83183 1.169174239765615e-01
3.84384 1.169374655376402e-01
3.85586 1.169405330711373e-01
3.86787 1.169266235755991e-01
3.87988 1.168959763287914e-01
3.89189 1.168490627399672e-01
3.90390 1.167865738401205e-01
3.91592 1.167094056242745e-01
3.92793 1.166186424775419e-01
3.93994 1.165155389310947e-01
3.95195 1.164015000052114e-01
3.96396 1.162780604042198e-01
3.97598 1.161468628324297e-01
3.98799 1.160096357011315e-01
4.00000 1.158681704945242e-01
