0.50000 1.85839e-04
0.51904 1.32958e-04
0.53808 9.27861e-05
0.55711 2.14979e-04
0.57615 5.60128e-05
0.59519 6.04578e-05
0.61423 1.82880e-04
0.63327 2.38741e-04
0.65230 1.62092e-04
0.67134 1.72147e-04
0.69038 2.45461e-04
0.70942 2.23404e-04
0.72846 1.40955e-04
0.74749 3.74739e-04
0.76653 2.65068e-04
0.78557 5.96456e-04
0.80461 5.66928e-04
0.82365 1.04128e-03
0.84269 3.73594e-04
0.86172 2.95976e-04
0.88076 9.15634e-05
0.89980 1.02144e-04
0.91884 3.85723e-04
0.93788 3.90517e-04
0.95691 1.83306e-04
0.97595 1.43290e-04
0.99499 3.81133e-04
1.01403 6.93858e-04
1.03307 6.06363e-04
1.05210 2.21265e-03
1.07114 1.30524e-03
1.09018 1.24502e-03
1.10922 6.80472e-04
1.12826 2.39241e-04
1.14729 7.18368e-04
1.16633 1.56544e-03
1.18537 3.19879e-03
1.20441 1.47298e-03
1.22345 8.85889e-04
1.24248 9.12750e-04
1.26152 8.10103e-04
1.28056 1.09912e-03
1.29960 4.53317e-04
1.31864 9.87089e-04
1.33768 2.23967e-03
1.35671 1.34859e-03
1.37575 2.51190e-03
1.39479 2.66842e-03
1.41383 1.94593e-03
1.43287 1.20196e-03
1.45190 1.49892e-03
1.47094 2.17542e-03
1.48998 1.29753e-03
1.50902 4.63164e-03
1.52806 3.05377e-03
1.54709 1.76196e-03
1.56613 1.09498e-03
1.58517 6.94465e-04
1.60421 2.06626e-03
1.62325 1.70436e-03
1.64228 5.40463e-03
1.66132 3.26938e-03
1.68036 2.64688e-03
1.69940 3.63677e-03
1.71844 4.30043e-03
1.73747 2.60213e-03
1.75651 2.42445e-03
1.77555 2.26297e-03
1.79459 2.11278e-03
1.81363 5.74547e-03
1.83267 1.48384e-03
1.85170 2.76755e-03
1.87074 3.16920e-03
1.88978 2.75215e-03
1.90882 4.21621e-03
1.92786 1.13822e-03
1.94689 2.71717e-03
1.96593 1.88372e-03
1.98497 6.13003e-03
2.00401 4.70090e-03
2.02305 3.25783e-03
2.04208 2.95325e-03
2.06112 1.47404e-03
2.08016 2.69204e-03
2.09920 3.50884e-03
2.11824 3.52984e-03
2.13727 5.90291e-03
2.15631 6.89752e-03
2.17535 4.91944e-03
2.19439 1.73321e-03
2.21343 2.28165e-03
2.23246 1.20042e-03
2.25150 1.63418e-03
2.27054 4.53619e-03
2.28958 7.83536e-03
2.30862 3.29467e-03
2.32766 8.33177e-03
2.34669 4.70184e-03
2.36573 3.39615e-03
2.38477 4.32035e-03
2.40381 3.84144e-03
2.42285 5.04402e-03
2.44188 1.18454e-02
2.46092 3.61735e-03
2.47996 7.79958e-03
2.49900 9.24934e-03
2.51804 7.29080e-03
2.53707 5.82120e-03
2.55611 5.94062e-03
2.57515 7.47213e-03
2.59419 9.22997e-03
2.61323 7.13996e-03
2.63226 4.67232e-03
2.65130 9.22550e-03
2.67034 6.82157e-03
2.68938 8.41242e-03
2.70842 5.40725e-03
2.72745 1.71020e-02
2.74649 1.00166e-02
2.76553 1.24532e-02
2.78457 6.32329e-03
2.80361 5.67641e-03
2.82265 3.32299e-03
2.84168 8.37891e-03
2.86072 2.71685e-02
2.87976 9.96035e-03
2.89880 1.40917e-02
2.91784 1.26128e-02
2.93687 8.79416e-03
2.95591 1.98043e-02
2.97495 1.44550e-02
2.99399 1.51539e-02
3.01303 1.38371e-02
3.03206 1.64851e-02
3.05110 1.01283e-02
3.07014 1.41416e-02
3.08918 7.70617e-03
3.10822 8.99389e-03
3.12725 1.29691e-02
3.14629 1.25201e-02
3.16533 1.10915e-02
3.18437 1.41704e-02
3.20341 1.09724e-02
3.22244 9.14031e-03
3.24148 9.29862e-03
3.26052 9.06253e-03
3.27956 2.03074e-02
3.29860 8.95267e-03
3.31764 5.81348e-03
3.33667 8.27917e-03
3.35571 1.11377e-02
3.37475 1.61564e-02
3.39379 8.03023e-03
3.41283 1.40706e-02
3.43186 1.31654e-02
3.45090 1.13794e-02
3.46994 8.31724e-03
3.48898 2.45805e-02
3.50802 1.49813e-02
3.52705 1.83651e-02
3.54609 7.93280e-03
3.56513 4.44264e-03
3.58417 5.11248e-03
3.60321 2.83027e-03
3.62224 3.73356e-03
3.64128 1.38633e-02
3.66032 2.23434e-02
3.67936 1.97825e-02
3.69840 1.22106e-02
3.71743 6.45843e-03
3.73647 6.69238e-03
3.75551 1.84581e-02
3.77455 1.59314e-02
3.79359 1.45035e-02
3.81263 1.70956e-02
3.83166 2.46433e-02
3.85070 1.40539e-02
3.86974 2.46925e-02
3.88878 1.27788e-02
3.90782 2.07760e-02
3.92685 9.48490e-03
3.94589 7.43929e-03
3.96493 1.47899e-02
3.98397 5.00772e-03
4.00301 1.02886e-02
4.02204 8.53426e-03
4.04108 6.63537e-03
4.06012 1.08947e-02
4.07916 5.32167e-03
4.09820 9.17499e-03
4.11723 7.15906e-03
4.13627 2.39679e-02
4.15531 1.09824e-02
4.17435 1.11150e-02
4.19339 4.15795e-03
4.21242 4.99157e-03
4.23146 7.79566e-03
4.25050 1.08454e-02
4.26954 1.11230e-02
4.28858 9.65661e-03
4.30762 1.70264e-02
4.32665 7.55284e-03
4.34569 1.01206e-02
4.36473 2.74931e-02
4.38377 1.56231e-02
4.40281 1.37063e-02
4.42184 1.33879e-02
4.44088 1.13226e-02
4.45992 1.31996e-02
4.47896 1.31987e-02
4.49800 1.15730e-02
4.51703 1.94955e-02
4.53607 2.22530e-02
4.55511 1.33929e-02
4.57415 9.54488e-03
4.59319 7.51516e-03
4.61222 1.08292e-02
4.63126 2.29375e-02
4.65030 1.75082e-02
4.66934 1.41406e-02
4.68838 3.02457e-02
4.70741 1.73168e-02
4.72645 2.61765e-02
4.74549 9.08698e-03
4.76453 8.68863e-03
4.78357 1.27384e-02
4.80261 1.56245e-02
4.82164 7.12375e-03
4.84068 1.08429e-02
4.85972 1.50057e-02
4.87876 2.99130e-02
4.89780 1.66312e-02
4.91683 1.54765e-02
4.93587 2.57699e-02
4.95491 2.68535e-02
4.97395 4.59932e-02
4.99299 1.74706e-02
5.01202 3.21187e-02
5.03106 1.90409e-02
5.05010 1.29330e-02
5.06914 1.95357e-02
5.08818 2.14566e-02
5.10721 1.72248e-02
5.12625 1.43117e-02
5.14529 2.80741e-02
5.16433 1.63846e-02
5.18337 1.46712e-02
5.20240 2.26158e-02
5.22144 2.98438e-02
5.24048 4.23381e-02
5.25952 4.23674e-02
5.27856 2.45228e-02
5.29760 2.19826e-02
5.31663 1.97641e-02
5.33567 1.52629e-02
5.35471 1.53161e-02
5.37375 2.08075e-02
5.39279 1.99188e-02
5.41182 1.89171e-02
5.43086 1.46354e-02
5.44990 2.73926e-02
5.46894 2.12461e-02
5.48798 3.43021e-02
5.50701 2.54188e-02
5.52605 2.26895e-02
5.54509 1.53988e-02
5.56413 2.08856e-02
5.58317 2.02890e-02
5.60220 1.20303e-02
5.62124 1.95464e-02
5.64028 3.92161e-02
5.65932 1.92122e-02
5.67836 1.89717e-02
5.69739 1.53068e-02
5.71643 1.10917e-02
5.73547 4.18513e-02
5.75451 4.01687e-02
5.77355 2.29367e-02
5.79259 2.36653e-02
5.81162 2.68677e-02
5.83066 4.36605e-02
5.84970 3.86826e-02
5.86874 4.90643e-02
5.88778 4.01543e-02
5.90681 3.14668e-02
5.92585 2.43671e-02
5.94489 3.37939e-02
5.96393 3.72177e-02
5.98297 1.94302e-02
6.00200 2.89462e-02
6.02104 1.24399e-02
6.04008 1.66136e-02
6.05912 2.19308e-02
6.07816 5.20226e-02
6.09719 5.37523e-02
6.11623 3.22990e-02
6.13527 2.02287e-02
6.15431 3.40573e-02
6.17335 3.00993e-02
6.19238 2.65481e-02
6.21142 4.36652e-02
6.23046 2.44682e-02
6.24950 3.20622e-02
6.26854 1.98363e-02
6.28758 2.85181e-02
6.30661 6.83251e-02
6.32565 4.37636e-02
6.34469 5.15892e-02
6.36373 3.04772e-02
6.38277 5.73011e-02
6.40180 4.82200e-02
6.42084 2.97169e-02
6.43988 4.14540e-02
6.45892 4.79350e-02
6.47796 4.29046e-02
6.49699 4.10022e-02
6.51603 3.91475e-02
6.53507 1.12047e-01
6.55411 5.80294e-02
6.57315 4.14949e-02
6.59218 6.87533e-02
6.61122 2.32472e-02
6.63026 2.96431e-02
6.64930 5.64958e-02
6.66834 4.32848e-02
6.68737 6.59420e-02
6.70641 4.67675e-02
6.72545 4.40164e-02
6.74449 3.51806e-02
6.76353 7.53506e-02
6.78257 2.61436e-02
6.80160 5.87594e-02
6.82064 9.94394e-02
6.83968 1.19452e-01
6.85872 4.93292e-02
6.87776 6.07400e-02
6.89679 2.33655e-01
6.91583 1.03593e-01
6.93487 6.19057e-02
6.95391 6.26337e-02
6.97295 6.31515e-02
6.99198 6.23924e-02
7.01102 4.26843e-02
7.03006 5.31232e-02
7.04910 8.96800e-02
7.06814 5.37555e-02
7.08717 5.01541e-02
7.10621 6.88399e-02
7.12525 4.61131e-02
7.14429 6.60122e-02
7.16333 4.57379e-02
7.18236 7.91821e-02
7.20140 1.01791e-01
7.22044 6.58380e-02
7.23948 6.07904e-02
7.25852 3.84868e-02
7.27756 4.62566e-02
7.29659 4.17389e-02
7.31563 3.75107e-02
7.33467 5.56980e-02
7.35371 8.54371e-02
7.37275 4.22201e-02
7.39178 3.77008e-02
7.41082 3.96596e-02
7.42986 3.49102e-02
7.44890 3.19289e-02
7.46794 3.86172e-02
7.48697 3.00091e-02
7.50601 4.94362e-02
7.52505 1.58073e-01
7.54409 7.70156e-02
7.56313 7.14871e-02
7.58216 6.75367e-02
7.60120 8.52391e-02
7.62024 6.26451e-02
7.63928 3.84274e-02
7.65832 1.68773e-01
7.67735 8.22805e-02
7.69639 1.04142e-01
7.71543 4.91781e-02
7.73447 3.51012e-02
7.75351 2.96648e-02
7.77255 6.49728e-02
7.79158 4.29833e-02
7.81062 5.51612e-02
7.82966 3.40700e-02
7.84870 3.35194e-02
7.86774 5.01634e-02
7.88677 6.99838e-02
7.90581 3.31578e-02
7.92485 4.23950e-02
7.94389 8.24127e-02
7.96293 7.95310e-02
7.98196 5.93573e-02
8.00100 7.14427e-02
8.02004 7.34429e-02
8.03908 1.93453e-02
8.05812 2.94670e-02
8.07715 3.34487e-02
8.09619 4.10405e-02
8.11523 3.51622e-02
8.13427 3.05837e-02
8.15331 4.99306e-02
8.17234 1.00938e-01
8.19138 3.37268e-02
8.21042 8.81853e-02
8.22946 1.16594e-01
8.24850 7.82955e-02
8.26754 4.48615e-02
8.28657 2.93190e-02
8.30561 7.03331e-02
8.32465 4.05131e-02
8.34369 4.42005e-02
8.36273 7.09257e-02
8.38176 7.54636e-02
8.40080 6.19008e-02
8.41984 6.53886e-02
8.43888 4.86906e-02
8.45792 4.54759e-02
8.47695 3.81300e-02
8.49599 6.47801e-02
8.51503 5.77565e-02
8.53407 6.77993e-02
8.55311 7.86916e-02
8.57214 1.16102e-01
8.59118 6.43735e-02
8.61022 5.66914e-02
8.62926 3.79875e-02
8.64830 5.77733e-02
8.66733 4.64082e-02
8.68637 4.11707e-02
8.70541 2.38266e-02
8.72445 3.45642e-02
8.74349 5.10747e-02
8.76253 5.09779e-02
8.78156 8.93897e-02
8.80060 9.27790e-02
8.81964 8.50119e-02
8.83868 6.86523e-02
8.85772 3.83630e-02
8.87675 6.11183e-02
8.89579 6.63342e-02
8.91483 2.88078e-02
8.93387 5.99126e-02
8.95291 4.50232e-02
8.97194 5.55754e-02
8.99098 5.49686e-02
9.01002 2.23102e-02
9.02906 4.21353e-02
9.04810 2.55586e-02
9.06713 4.53576e-02
9.08617 6.35603e-02
9.10521 4.37955e-02
9.12425 9.22862e-02
9.14329 4.49133e-02
9.16232 1.63511e-02
9.18136 1.50443e-02
9.20040 5.90740e-02
9.21944 3.93002e-02
9.23848 4.22555e-02
9.25752 3.87803e-02
9.27655 4.70604e-02
9.29559 4.28633e-02
9.31463 5.19284e-02
9.33367 4.76740e-02
9.35271 4.22461e-02
9.37174 1.86055e-02
9.39078 3.63354e-02
9.40982 4.25728e-02
9.42886 5.77173e-02
9.44790 6.36215e-02
9.46693 5.73855e-02
9.48597 3.38248e-02
9.50501 3.77460e-02
9.52405 7.23631e-02
9.54309 6.58591e-02
9.56212 3.79556e-02
9.58116 3.12754e-02
9.60020 5.40797e-02
9.61924 3.71890e-02
9.63828 3.62030e-02
9.65731 1.69475e-02
9.67635 1.05503e-01
9.69539 2.96852e-02
9.71443 3.75810e-02
9.73347 1.99859e-02
9.75251 3.46723e-02
9.77154 3.54280e-02
9.79058 1.18314e-01
9.80962 3.86533e-02
9.82866 1.64622e-02
9.84770 2.05768e-02
9.86673 2.86503e-02
9.88577 3.42482e-02
9.90481 6.82982e-02
9.92385 2.36418e-02
9.94289 3.48689e-02
9.96192 6.58025e-02
9.98096 1.98810e-02
10.00000 9.26639e-03
