0.50000 2.17724e+02
0.51904 1.45507e+02
0.53808 9.96788e+01
0.55711 2.28960e+02
0.57615 5.05364e+01
0.59519 4.17105e+01
0.61423 9.44222e+01
0.63327 1.44209e+02
0.65230 7.88681e+01
0.67134 9.85502e+01
0.69038 1.12673e+02
0.70942 7.25995e+01
0.72846 4.85039e+01
0.74749 1.00805e+02
0.76653 6.44219e+01
0.78557 1.17370e+02
0.80461 1.04352e+02
0.82365 2.19636e+02
0.84269 1.05773e+02
0.86172 8.71912e+01
0.88076 1.86481e+01
0.89980 1.57441e+01
0.91884 5.35725e+01
0.93788 5.88783e+01
0.95691 2.16373e+01
0.97595 1.32454e+01
0.99499 3.32049e+01
1.01403 4.33098e+01
1.03307 4.29292e+01
1.05210 7.86346e+01
1.07114 1.05201e+02
1.09018 1.08384e+02
1.10922 6.40891e+01
1.12826 1.49152e+01
1.14729 2.90319e+01
1.16633 5.81064e+01
1.18537 8.77549e+01
1.20441 1.24130e+02
1.22345 3.96689e+01
1.24248 5.08993e+01
1.26152 3.84914e+01
1.28056 4.81109e+01
1.29960 1.69218e+01
1.31864 2.40911e+01
1.33768 7.40660e+01
1.35671 3.69484e+01
1.37575 4.14801e+01
1.39479 5.85410e+01
1.41383 6.21354e+01
1.43287 3.66760e+01
1.45190 4.60848e+01
1.47094 5.93066e+01
1.48998 2.28723e+01
1.50902 7.65145e+01
1.52806 7.30717e+01
1.54709 6.32529e+01
1.56613 2.57043e+01
1.58517 1.20878e+01
1.60421 3.00235e+01
1.62325 1.87157e+01
1.64228 5.07922e+01
1.66132 4.53471e+01
1.68036 3.12302e+01
1.69940 4.41359e+01
1.71844 6.50099e+01
1.73747 3.38885e+01
1.75651 5.35177e+01
1.77555 3.38622e+01
1.79459 2.34829e+01
1.81363 5.69705e+01
1.83267 2.13324e+01
1.85170 2.51938e+01
1.87074 5.11032e+01
1.88978 2.61941e+01
1.90882 4.14659e+01
1.92786 1.22013e+01
1.94689 2.28339e+01
1.96593 1.45384e+01
1.98497 2.47629e+01
2.00401 4.81925e+01
2.02305 2.90246e+01
2.04208 2.29363e+01
2.06112 1.21380e+01
2.08016 1.77655e+01
2.09920 1.59106e+01
2.11824 1.34452e+01
2.13727 4.87712e+01
2.15631 3.42309e+01
2.17535 5.64728e+01
2.19439 1.44120e+01
2.21343 1.68495e+01
2.23246 6.53645e+00
2.25150 6.13045e+00
2.27054 1.14877e+01
2.28958 2.90876e+01
2.30862 1.60822e+01
2.32766 2.40534e+01
2.34669 3.04507e+01
2.36573 1.61839e+01
2.38477 1.46353e+01
2.40381 1.11056e+01
2.42285 1.43813e+01
2.44188 3.92157e+01
2.46092 1.02380e+01
2.47996 3.14389e+01
2.49900 1.71333e+01
2.51804 4.81085e+01
2.53707 1.87432e+01
2.55611 1.57450e+01
2.57515 1.67807e+01
2.59419 3.56979e+01
2.61323 2.02199e+01
2.63226 1.33328e+01
2.65130 2.81894e+01
2.67034 1.58511e+01
2.68938 2.94627e+01
2.70842 1.03825e+01
2.72745 1.98345e+01
2.74649 1.98991e+01
2.76553 3.05676e+01
2.78457 2.04478e+01
2.80361 2.13476e+01
2.82265 5.61413e+00
2.84168 8.07382e+00
2.86072 2.52352e+01
2.87976 2.83216e+01
2.89880 2.88176e+01
2.91784 1.78187e+01
2.93687 1.78565e+01
2.95591 1.70741e+01
2.97495 2.36966e+01
2.99399 4.24715e+01
3.01303 3.03936e+01
3.03206 1.98596e+01
3.05110 4.11147e+01
3.07014 2.60077e+01
3.08918 1.56647e+01
3.10822 1.74664e+01
3.12725 2.65809e+01
3.14629 2.81182e+01
3.16533 2.41869e+01
3.18437 2.68716e+01
3.20341 2.90681e+01
3.22244 1.93860e+01
3.24148 2.31571e+01
3.26052 1.80394e+01
3.27956 1.83127e+01
3.29860 3.01223e+01
3.31764 1.38506e+01
3.33667 1.04912e+01
3.35571 1.84235e+01
3.37475 1.92992e+01
3.39379 1.51006e+01
3.41283 1.10838e+01
3.43186 2.09753e+01
3.45090 2.65558e+01
3.46994 8.16901e+00
3.48898 2.28169e+01
3.50802 2.72646e+01
3.52705 3.55456e+01
3.54609 3.00496e+01
3.56513 8.36999e+00
3.58417 1.19304e+01
3.60321 3.63633e+00
3.62224 3.66586e+00
3.64128 8.86104e+00
3.66032 1.27171e+01
3.67936 2.50954e+01
3.69840 2.54067e+01
3.71743 1.10404e+01
3.73647 6.51749e+00
3.75551 1.07492e+01
3.77455 1.19731e+01
3.79359 1.02577e+01
3.81263 1.68051e+01
3.83166 1.57787e+01
3.85070 2.24227e+01
3.86974 2.00710e+01
3.88878 2.41503e+01
3.90782 2.59079e+01
3.92685 2.01068e+01
3.94589 1.25875e+01
3.96493 1.67699e+01
3.98397 7.01439e+00
4.00301 9.53276e+00
4.02204 1.29278e+01
4.04108 6.90665e+00
4.06012 1.21734e+01
4.07916 5.19122e+00
4.09820 8.93522e+00
4.11723 4.50307e+00
4.13627 1.66236e+01
4.15531 1.02483e+01
4.17435 9.05676e+00
4.19339 4.16065e+00
4.21242 3.11298e+00
4.23146 5.68888e+00
4.25050 7.71633e+00
4.26954 5.35845e+00
4.28858 4.99664e+00
4.30762 1.35288e+01
4.32665 4.57360e+00
4.34569 5.44535e+00
4.36473 1.03047e+01
4.38377 1.16184e+01
4.40281 7.94934e+00
4.42184 8.52625e+00
4.44088 6.11979e+00
4.45992 7.17638e+00
4.47896 5.17393e+00
4.49800 7.54810e+00
4.51703 8.02837e+00
4.53607 8.77657e+00
4.55511 1.02603e+01
4.57415 4.78185e+00
4.59319 4.19606e+00
4.61222 3.44608e+00
4.63126 6.01205e+00
4.65030 6.63964e+00
4.66934 5.63273e+00
4.68838 1.14503e+01
4.70741 1.00783e+01
4.72645 8.85491e+00
4.74549 9.28141e+00
4.76453 4.63166e+00
4.78357 4.27584e+00
4.80261 7.58136e+00
4.82164 2.41144e+00
4.84068 3.31054e+00
4.85972 3.07718e+00
4.87876 1.32967e+01
4.89780 7.09879e+00
4.91683 4.06872e+00
4.93587 5.25409e+00
4.95491 5.76233e+00
4.97395 1.36658e+01
4.99299 1.09699e+01
5.01202 1.16105e+01
5.03106 8.48078e+00
5.05010 5.75052e+00
5.06914 6.68815e+00
5.08818 9.72544e+00
5.10721 6.90598e+00
5.12625 4.12401e+00
5.14529 9.54473e+00
5.16433 7.54142e+00
5.18337 4.52153e+00
5.20240 5.13903e+00
5.22144 5.89585e+00
5.24048 8.50778e+00
5.25952 9.87181e+00
5.27856 7.65585e+00
5.29760 8.65823e+00
5.31663 7.60748e+00
5.33567 6.53785e+00
5.35471 4.63752e+00
5.37375 5.23775e+00
5.39279 7.81443e+00
5.41182 5.52415e+00
5.43086 3.13727e+00
5.44990 4.81929e+00
5.46894 4.14670e+00
5.48798 8.17915e+00
5.50701 1.06573e+01
5.52605 7.10439e+00
5.54509 4.75176e+00
5.56413 5.62082e+00
5.58317 5.08444e+00
5.60220 2.57140e+00
5.62124 3.49431e+00
5.64028 5.71306e+00
5.65932 5.02128e+00
5.67836 5.87163e+00
5.69739 3.65865e+00
5.71643 1.74122e+00
5.73547 4.02163e+00
5.75451 7.76004e+00
5.77355 4.12128e+00
5.79259 4.84442e+00
5.81162 3.35031e+00
5.83066 6.24194e+00
5.84970 4.90288e+00
5.86874 9.38184e+00
5.88778 6.13490e+00
5.90681 5.83466e+00
5.92585 5.77126e+00
5.94489 3.84431e+00
5.96393 1.31017e+01
5.98297 4.30179e+00
6.00200 6.77719e+00
6.02104 2.01126e+00
6.04008 2.16382e+00
6.05912 2.91111e+00
6.07816 4.74679e+00
6.09719 5.57895e+00
6.11623 1.02037e+01
6.13527 3.06715e+00
6.15431 6.47286e+00
6.17335 4.93958e+00
6.19238 3.16638e+00
6.21142 5.44134e+00
6.23046 4.79852e+00
6.24950 3.97633e+00
6.26854 2.56403e+00
6.28758 2.89970e+00
6.30661 4.74467e+00
6.32565 3.79558e+00
6.34469 6.33986e+00
6.36373 3.32748e+00
6.38277 5.40787e+00
6.40180 4.13428e+00
6.42084 4.93335e+00
6.43988 3.94351e+00
6.45892 5.98001e+00
6.47796 3.34604e+00
6.49699 5.38925e+00
6.51603 2.42309e+00
6.53507 5.78496e+00
6.55411 9.87459e+00
6.57315 6.44093e+00
6.59218 7.26690e+00
6.61122 4.50298e+00
6.63026 2.15094e+00
6.64930 5.24729e+00
6.66834 4.54774e+00
6.68737 4.29753e+00
6.70641 6.64202e+00
6.72545 4.99244e+00
6.74449 3.05243e+00
6.76353 5.05011e+00
6.78257 2.14052e+00
6.80160 2.20828e+00
6.82064 5.85883e+00
6.83968 4.67273e+00
6.85872 5.07045e+00
6.87776 2.18866e+00
6.89679 4.06052e+00
6.91583 9.29949e+00
6.93487 1.37670e+01
6.95391 1.23073e+01
6.97295 7.88915e+00
6.99198 5.11801e+00
7.01102 1.23122e+01
7.03006 5.20709e+00
7.04910 8.22842e+00
7.06814 6.89772e+00
7.08717 5.97638e+00
7.10621 5.67129e+00
7.12525 7.31899e+00
7.14429 6.46718e+00
7.16333 1.01408e+01
7.18236 5.54046e+00
7.20140 6.43055e+00
7.22044 1.03886e+01
7.23948 8.21851e+00
7.25852 6.29263e+00
7.27756 6.40967e+00
7.29659 1.02946e+01
7.31563 4.68038e+00
7.33467 5.48584e+00
7.35371 6.07127e+00
7.37275 7.85410e+00
7.39178 6.78652e+00
7.41082 8.83138e+00
7.42986 3.49522e+00
7.44890 4.96430e+00
7.46794 3.57491e+00
7.48697 3.32115e+00
7.50601 2.23123e+00
7.52505 5.32978e+00
7.54409 6.71964e+00
7.56313 7.98246e+00
7.58216 5.78402e+00
7.60120 6.54585e+00
7.62024 6.65054e+00
7.63928 3.11332e+00
7.65832 4.07799e+00
7.67735 1.01813e+01
7.69639 7.54719e+00
7.71543 1.18009e+01
7.73447 9.48666e+00
7.75351 3.79137e+00
7.77255 6.24743e+00
7.79158 5.54721e+00
7.81062 1.09777e+01
7.82966 6.62241e+00
7.84870 3.30660e+00
7.86774 4.82233e+00
7.88677 6.77338e+00
7.90581 4.28148e+00
7.92485 3.60838e+00
7.94389 5.01763e+00
7.96293 4.29134e+00
7.98196 8.58971e+00
8.00100 8.60779e+00
8.02004 8.58014e+00
8.03908 4.17768e+00
8.05812 2.98926e+00
8.07715 3.41753e+00
8.09619 4.67201e+00
8.11523 4.03720e+00
8.13427 1.84804e+00
8.15331 2.19234e+00
8.17234 7.75410e+00
8.19138 4.27159e+00
8.21042 4.09415e+00
8.22946 7.33414e+00
8.24850 8.20002e+00
8.26754 8.67951e+00
8.28657 4.24819e+00
8.30561 6.44751e+00
8.32465 5.33857e+00
8.34369 2.81453e+00
8.36273 4.32143e+00
8.38176 4.60465e+00
8.40080 4.67181e+00
8.41984 4.64659e+00
8.43888 4.17890e+00
8.45792 7.93808e+00
8.47695 3.37762e+00
8.49599 3.38134e+00
8.51503 5.40654e+00
8.53407 4.57722e+00
8.55311 2.48856e+00
8.57214 6.78756e+00
8.59118 7.82779e+00
8.61022 7.99433e+00
8.62926 3.88981e+00
8.64830 5.63287e+00
8.66733 7.11202e+00
8.68637 4.71648e+00
8.70541 2.89622e+00
8.72445 2.11024e+00
8.74349 2.72374e+00
8.76253 3.25399e+00
8.78156 2.80939e+00
8.80060 6.25883e+00
8.81964 4.30458e+00
8.83868 6.01671e+00
8.85772 4.05186e+00
8.87675 5.96667e+00
8.89579 6.86930e+00
8.91483 4.91536e+00
8.93387 4.01691e+00
8.95291 3.63551e+00
8.97194 3.89513e+00
8.99098 6.63670e+00
9.01002 2.55873e+00
9.02906 4.86503e+00
9.04810 2.40309e+00
9.06713 2.16780e+00
9.08617 3.86011e+00
9.10521 3.15082e+00
9.12425 7.24195e+00
9.14329 9.73599e+00
9.16232 2.15622e+00
9.18136 1.13999e+00
9.20040 3.23047e+00
9.21944 2.11131e+00
9.23848 4.95789e+00
9.25752 3.31535e+00
9.27655 2.62484e+00
9.29559 2.25133e+00
9.31463 1.41740e+00
9.33367 6.82053e+00
9.35271 4.29707e+00
9.37174 1.25808e+00
9.39078 2.05991e+00
9.40982 1.87956e+00
9.42886 2.39604e+00
9.44790 5.70484e+00
9.46693 3.12781e+00
9.48597 2.03040e+00
9.50501 2.76448e+00
9.52405 5.08948e+00
9.54309 3.99809e+00
9.56212 4.41459e+00
9.58116 1.59127e+00
9.60020 5.06671e+00
9.61924 3.71115e+00
9.63828 2.76951e+00
9.65731 1.07079e+00
9.67635 2.84290e+00
9.69539 4.03098e+00
9.71443 3.22719e+00
9.73347 1.29178e+00
9.75251 1.98885e+00
9.77154 1.52345e+00
9.79058 3.95873e+00
9.80962 4.82905e+00
9.82866 1.33872e+00
9.84770 1.10755e+00
9.86673 1.20588e+00
9.88577 1.25999e+00
9.90481 7.41376e+00
9.92385 1.69825e+00
9.94289 1.98387e+00
9.96192 3.13730e+00
9.98096 1.96458e+00
10.00000 6.43622e-01
