0.50000 9.99120e+02
0.51904 9.35761e+02
0.53808 8.78031e+02
0.55711 8.25646e+02
0.57615 7.78330e+02
0.59519 7.35632e+02
0.61423 6.96973e+02
0.63327 6.61808e+02
0.65230 6.29666e+02
0.67134 6.00057e+02
0.69038 5.72416e+02
0.70942 5.46207e+02
0.72846 5.21064e+02
0.74749 4.96829e+02
0.76653 4.73427e+02
0.78557 4.50800e+02
0.80461 4.29013e+02
0.82365 4.08361e+02
0.84269 3.89306e+02
0.86172 3.72212e+02
0.88076 3.57072e+02
0.89980 3.43504e+02
0.91884 3.30992e+02
0.93788 3.19143e+02
0.95691 3.07710e+02
0.97595 2.96492e+02
0.99499 2.85329e+02
1.01403 2.74184e+02
1.03307 2.63161e+02
1.05210 2.52434e+02
1.07114 2.42211e+02
1.09018 2.32717e+02
1.10922 2.24113e+02
1.12826 2.16386e+02
1.14729 2.09346e+02
1.16633 2.02752e+02
1.18537 1.96443e+02
1.20441 1.90359e+02
1.22345 1.84509e+02
1.24248 1.78965e+02
1.26152 1.73851e+02
1.28056 1.69250e+02
1.29960 1.65095e+02
1.31864 1.61168e+02
1.33768 1.57217e+02
1.35671 1.53082e+02
1.37575 1.48732e+02
1.39479 1.44255e+02
1.41383 1.39831e+02
1.43287 1.35635e+02
1.45190 1.31735e+02
1.47094 1.28062e+02
1.48998 1.24491e+02
1.50902 1.20954e+02
1.52806 1.17533e+02
1.54709 1.14400e+02
1.56613 1.11642e+02
1.58517 1.09148e+02
1.60421 1.06645e+02
1.62325 1.03853e+02
1.64228 1.00634e+02
1.66132 9.70796e+01
1.68036 9.34417e+01
1.69940 8.99816e+01
1.71844 8.68675e+01
1.73747 8.41630e+01
1.75651 8.18417e+01
1.77555 7.98096e+01
1.79459 7.79517e+01
1.81363 7.61927e+01
1.83267 7.45179e+01
1.85170 7.29339e+01
1.87074 7.14278e+01
1.88978 6.99676e+01
1.90882 6.85119e+01
1.92786 6.70032e+01
1.94689 6.53704e+01
1.96593 6.35790e+01
1.98497 6.16935e+01
2.00401 5.98747e+01
2.02305 5.82962e+01
2.04208 5.70522e+01
2.06112 5.61241e+01
2.08016 5.54031e+01
2.09920 5.47351e+01
2.11824 5.39787e+01
2.13727 5.30656e+01
2.15631 5.20334e+01
2.17535 5.10063e+01
2.19439 5.01294e+01
2.21343 4.94834e+01
2.23246 4.90358e+01
2.25150 4.86648e+01
2.27054 4.82321e+01
2.28958 4.76566e+01
2.30862 4.69394e+01
2.32766 4.61412e+01
2.34669 4.53476e+01
2.36573 4.46374e+01
2.38477 4.40545e+01
2.40381 4.36037e+01
2.42285 4.32668e+01
2.44188 4.30113e+01
2.46092 4.27925e+01
2.47996 4.25661e+01
2.49900 4.23057e+01
2.51804 4.20085e+01
2.53707 4.16846e+01
2.55611 4.13390e+01
2.57515 4.09639e+01
2.59419 4.05493e+01
2.61323 4.00971e+01
2.63226 3.96237e+01
2.65130 3.91526e+01
2.67034 3.87019e+01
2.68938 3.82727e+01
2.70842 3.78447e+01
2.72745 3.73885e+01
2.74649 3.68917e+01
2.76553 3.63751e+01
2.78457 3.58899e+01
2.80361 3.54961e+01
2.82265 3.52266e+01
2.84168 3.50575e+01
2.86072 3.49177e+01
2.87976 3.47306e+01
2.89880 3.44470e+01
2.91784 3.40473e+01
2.93687 3.35245e+01
2.95591 3.28795e+01
2.97495 3.21356e+01
2.99399 3.13455e+01
3.01303 3.05673e+01
3.03206 2.98287e+01
3.05110 2.91189e+01
3.07014 2.84049e+01
3.08918 2.76480e+01
3.10822 2.68175e+01
3.12725 2.59033e+01
3.14629 2.49216e+01
3.16533 2.39062e+01
3.18437 2.28968e+01
3.20341 2.19406e+01
3.22244 2.10977e+01
3.24148 2.04186e+01
3.26052 1.99098e+01
3.27956 1.95336e+01
3.29860 1.92435e+01
3.31764 1.90061e+01
3.33667 1.87919e+01
3.35571 1.85681e+01
3.37475 1.83108e+01
3.39379 1.80140e+01
3.41283 1.76862e+01
3.43186 1.73411e+01
3.45090 1.69879e+01
3.46994 1.66178e+01
3.48898 1.62000e+01
3.50802 1.57084e+01
3.52705 1.51614e+01
3.54609 1.46378e+01
3.56513 1.42418e+01
3.58417 1.40376e+01
3.60321 1.40035e+01
3.62224 1.40435e+01
3.64128 1.40397e+01
3.66032 1.39110e+01
3.67936 1.36490e+01
3.69840 1.33132e+01
3.71743 1.29881e+01
3.73647 1.27259e+01
3.75551 1.25173e+01
3.77455 1.23112e+01
3.79359 1.20524e+01
3.81263 1.17021e+01
3.83166 1.12404e+01
3.85070 1.06662e+01
3.86974 9.99861e+00
3.88878 9.27646e+00
3.90782 8.55668e+00
3.92685 7.90619e+00
3.94589 7.38143e+00
3.96493 7.00621e+00
3.98397 6.77044e+00
4.00301 6.64872e+00
4.02204 6.61861e+00
4.04108 6.66582e+00
4.06012 6.77674e+00
4.07916 6.92957e+00
4.09820 7.09159e+00
4.11723 7.22595e+00
4.13627 7.30842e+00
4.15531 7.34357e+00
4.17435 7.36278e+00
4.19339 7.40257e+00
4.21242 7.48163e+00
4.23146 7.59376e+00
4.25050 7.71823e+00
4.26954 7.83382e+00
4.28858 7.92716e+00
4.30762 7.99496e+00
4.32665 8.03922e+00
4.34569 8.05836e+00
4.36473 8.04645e+00
4.38377 8.00253e+00
4.40281 7.93487e+00
4.42184 7.85468e+00
4.44088 7.77013e+00
4.45992 7.68514e+00
4.47896 7.59825e+00
4.49800 7.50435e+00
4.51703 7.40262e+00
4.53607 7.30430e+00
4.55511 7.23140e+00
4.57415 7.20382e+00
4.59319 7.22306e+00
4.61222 7.26761e+00
4.63126 7.30440e+00
4.65030 7.30578e+00
4.66934 7.25843e+00
4.68838 7.16387e+00
4.70741 7.03886e+00
4.72645 6.91538e+00
4.74549 6.83256e+00
4.76453 6.81973e+00
4.78357 6.88177e+00
4.80261 7.00039e+00
4.82164 7.14537e+00
4.84068 7.28386e+00
4.85972 7.38833e+00
4.87876 7.44526e+00
4.89780 7.45628e+00
4.91683 7.42691e+00
4.93587 7.35532e+00
4.95491 7.23476e+00
4.97395 7.06582e+00
4.99299 6.86441e+00
5.01202 6.65668e+00
5.03106 6.46681e+00
5.05010 6.30882e+00
5.06914 6.18627e+00
5.08818 6.09754e+00
5.10721 6.03997e+00
5.12625 6.00886e+00
5.14529 5.99633e+00
5.16433 5.99334e+00
5.18337 5.98921e+00
5.20240 5.96843e+00
5.22144 5.91269e+00
5.24048 5.80961e+00
5.25952 5.66161e+00
5.27856 5.48720e+00
5.29760 5.31384e+00
5.31663 5.16718e+00
5.33567 5.06236e+00
5.35471 5.00025e+00
5.37375 4.97072e+00
5.39279 4.96071e+00
5.41182 4.95967e+00
5.43086 4.95815e+00
5.44990 4.94494e+00
5.46894 4.90917e+00
5.48798 4.84703e+00
5.50701 4.76757e+00
5.52605 4.69067e+00
5.54509 4.63759e+00
5.56413 4.62208e+00
5.58317 4.64665e+00
5.60220 4.70234e+00
5.62124 4.77253e+00
5.64028 4.84234e+00
5.65932 4.90757e+00
5.67836 4.97332e+00
5.69739 5.04285e+00
5.71643 5.10877e+00
5.73547 5.15665e+00
5.75451 5.17724e+00
5.77355 5.17340e+00
5.79259 5.15347e+00
5.81162 5.11995e+00
5.83066 5.06725e+00
5.84970 4.98918e+00
5.86874 4.88655e+00
5.88778 4.76810e+00
5.90681 4.64639e+00
5.92585 4.53227e+00
5.94489 4.43272e+00
5.96393 4.35375e+00
5.98297 4.30314e+00
6.00200 4.28664e+00
6.02104 4.30184e+00
6.04008 4.33722e+00
6.05912 4.37569e+00
6.07816 4.40002e+00
6.09719 4.39876e+00
6.11623 4.37020e+00
6.13527 4.32058e+00
6.15431 4.25794e+00
6.17335 4.18943e+00
6.19238 4.12273e+00
6.21142 4.06728e+00
6.23046 4.03427e+00
6.24950 4.03311e+00
6.26854 4.06480e+00
6.28758 4.11934e+00
6.30661 4.18111e+00
6.32565 4.23728e+00
6.34469 4.28231e+00
6.36373 4.31633e+00
6.38277 4.34136e+00
6.40180 4.36049e+00
6.42084 4.37869e+00
6.43988 4.40071e+00
6.45892 4.42694e+00
6.47796 4.45167e+00
6.49699 4.46438e+00
6.51603 4.45299e+00
6.53507 4.40961e+00
6.55411 4.33832e+00
6.57315 4.25723e+00
6.59218 4.18965e+00
6.61122 4.15218e+00
6.63026 4.14862e+00
6.64930 4.17220e+00
6.66834 4.21331e+00
6.68737 4.26603e+00
6.70641 4.33004e+00
6.72545 4.40942e+00
6.74449 4.50834e+00
6.76353 4.62631e+00
6.78257 4.75618e+00
6.80160 4.88521e+00
6.82064 4.99931e+00
6.83968 5.08818e+00
6.85872 5.14475e+00
6.87776 5.15754e+00
6.89679 5.10735e+00
6.91583 4.97840e+00
6.93487 4.77529e+00
6.95391 4.52628e+00
6.97295 4.26806e+00
6.99198 4.02772e+00
7.01102 3.81711e+00
7.03006 3.63739e+00
7.04910 3.48491e+00
7.06814 3.35522e+00
7.08717 3.24400e+00
7.10621 3.14549e+00
7.12525 3.05300e+00
7.14429 2.96083e+00
7.16333 2.86395e+00
7.18236 2.75594e+00
7.20140 2.63006e+00
7.22044 2.48597e+00
7.23948 2.33512e+00
7.25852 2.19566e+00
7.27756 2.08151e+00
7.29659 1.99647e+00
7.31563 1.93440e+00
7.33467 1.88203e+00
7.35371 1.82681e+00
7.37275 1.76771e+00
7.39178 1.71827e+00
7.41082 1.69830e+00
7.42986 1.72241e+00
7.44890 1.79341e+00
7.46794 1.90197e+00
7.48697 2.02950e+00
7.50601 2.15250e+00
7.52505 2.24943e+00
7.54409 2.30895e+00
7.56313 2.33285e+00
7.58216 2.33067e+00
7.60120 2.31215e+00
7.62024 2.28199e+00
7.63928 2.23546e+00
7.65832 2.15766e+00
7.67735 2.03324e+00
7.69639 1.86160e+00
7.71543 1.66269e+00
7.73447 1.46724e+00
7.75351 1.29905e+00
7.77255 1.16451e+00
7.79158 1.05803e+00
7.81062 9.74533e-01
7.82966 9.14745e-01
7.84870 8.80264e-01
7.86774 8.67674e-01
7.88677 8.69761e-01
7.90581 8.79538e-01
7.92485 8.89290e-01
7.94389 8.87486e-01
7.96293 8.61302e-01
7.98196 8.04411e-01
8.00100 7.23808e-01
8.02004 6.40549e-01
8.03908 5.81644e-01
8.05812 5.65856e-01
8.07715 5.95042e-01
8.09619 6.58419e-01
8.11523 7.41059e-01
8.13427 8.26782e-01
8.15331 8.98111e-01
8.17234 9.39856e-01
8.19138 9.43480e-01
8.21042 9.05861e-01
8.22946 8.27380e-01
8.24850 7.16563e-01
8.26754 5.93710e-01
8.28657 4.83591e-01
8.30561 4.02898e-01
8.32465 3.54687e-01
8.34369 3.30985e-01
8.36273 3.18313e-01
8.38176 3.04614e-01
8.40080 2.84720e-01
8.41984 2.60626e-01
8.43888 2.38326e-01
8.45792 2.24827e-01
8.47695 2.24921e-01
8.49599 2.37226e-01
8.51503 2.52855e-01
8.53407 2.57661e-01
8.55311 2.36059e-01
8.57214 1.77408e-01
8.59118 8.39052e-02
8.61022 -2.81227e-02
8.62926 -1.37097e-01
8.64830 -2.25791e-01
8.66733 -2.82788e-01
8.68637 -3.00421e-01
8.70541 -2.77159e-01
8.72445 -2.22070e-01
8.74349 -1.54419e-01
8.76253 -9.76565e-02
8.78156 -7.24145e-02
8.80060 -9.12340e-02
8.81964 -1.55621e-01
8.83868 -2.56830e-01
8.85772 -3.80264e-01
8.87675 -5.10540e-01
8.89579 -6.33855e-01
8.91483 -7.38983e-01
8.93387 -8.20652e-01
8.95291 -8.81862e-01
8.97194 -9.29408e-01
8.99098 -9.66364e-01
9.01002 -9.90323e-01
9.02906 -9.99141e-01
9.04810 -9.96892e-01
9.06713 -9.94211e-01
9.08617 -1.00330e+00
9.10521 -1.03062e+00
9.12425 -1.07128e+00
9.14329 -1.10921e+00
9.16232 -1.12576e+00
9.18136 -1.11250e+00
9.20040 -1.07531e+00
9.21944 -1.02626e+00
9.23848 -9.73771e-01
9.25752 -9.20863e-01
9.27655 -8.70059e-01
9.29559 -8.26941e-01
9.31463 -7.97388e-01
9.33367 -7.81190e-01
9.35271 -7.70098e-01
9.37174 -7.55082e-01
9.39078 -7.35323e-01
9.40982 -7.18748e-01
9.42886 -7.15058e-01
9.44790 -7.28814e-01
9.46693 -7.58138e-01
9.48597 -7.99023e-01
9.50501 -8.49499e-01
9.52405 -9.08932e-01
9.54309 -9.74403e-01
9.56212 -1.03970e+00
9.58116 -1.09845e+00
9.60020 -1.14670e+00
9.61924 -1.18232e+00
9.63828 -1.20513e+00
9.65731 -1.21855e+00
9.67635 -1.22766e+00
9.69539 -1.23372e+00
9.71443 -1.23319e+00
9.73347 -1.22401e+00
9.75251 -1.21077e+00
9.77154 -1.20190e+00
9.79058 -1.20190e+00
9.80962 -1.20646e+00
9.82866 -1.20686e+00
9.84770 -1.19973e+00
9.86673 -1.19092e+00
9.88577 -1.18962e+00
9.90481 -1.19974e+00
9.92385 -1.21696e+00
9.94289 -1.23239e+00
9.96192 -1.23649e+00
9.98096 -1.21975e+00
10.00000 -1.17488e+00
