0.50000 -2.06903e+03
0.51904 -1.94001e+03
0.53808 -1.82211e+03
0.55711 -1.71381e+03
0.57615 -1.61383e+03
0.59519 -1.52122e+03
0.61423 -1.43535e+03
0.63327 -1.35569e+03
0.65230 -1.28175e+03
0.67134 -1.21320e+03
0.69038 -1.14985e+03
0.70942 -1.09157e+03
0.72846 -1.03815e+03
0.74749 -9.89208e+02
0.76653 -9.44354e+02
0.78557 -9.03223e+02
0.80461 -8.65374e+02
0.82365 -8.30170e+02
0.84269 -7.96844e+02
0.86172 -7.64754e+02
0.88076 -7.33656e+02
0.89980 -7.03706e+02
0.91884 -6.75214e+02
0.93788 -6.48386e+02
0.95691 -6.23299e+02
0.97595 -5.99999e+02
0.99499 -5.78503e+02
1.01403 -5.58719e+02
1.03307 -5.40425e+02
1.05210 -5.23338e+02
1.07114 -5.07150e+02
1.09018 -4.91545e+02
1.10922 -4.76277e+02
1.12826 -4.61281e+02
1.14729 -4.46676e+02
1.16633 -4.32635e+02
1.18537 -4.19259e+02
1.20441 -4.06551e+02
1.22345 -3.94448e+02
1.24248 -3.82830e+02
1.26152 -3.71528e+02
1.28056 -3.60416e+02
1.29960 -3.49522e+02
1.31864 -3.39027e+02
1.33768 -3.29150e+02
1.35671 -3.20018e+02
1.37575 -3.11634e+02
1.39479 -3.03881e+02
1.41383 -2.96553e+02
1.43287 -2.89451e+02
1.45190 -2.82483e+02
1.47094 -2.75697e+02
1.48998 -2.69198e+02
1.50902 -2.63035e+02
1.52806 -2.57107e+02
1.54709 -2.51228e+02
1.56613 -2.45291e+02
1.58517 -2.39397e+02
1.60421 -2.33800e+02
1.62325 -2.28771e+02
1.64228 -2.24433e+02
1.66132 -2.20686e+02
1.68036 -2.17264e+02
1.69940 -2.13898e+02
1.71844 -2.10407e+02
1.73747 -2.06719e+02
1.75651 -2.02850e+02
1.77555 -1.98886e+02
1.79459 -1.94934e+02
1.81363 -1.91062e+02
1.83267 -1.87278e+02
1.85170 -1.83568e+02
1.87074 -1.79939e+02
1.88978 -1.76415e+02
1.90882 -1.73034e+02
1.92786 -1.69845e+02
1.94689 -1.66916e+02
1.96593 -1.64276e+02
1.98497 -1.61856e+02
2.00401 -1.59489e+02
2.02305 -1.56999e+02
2.04208 -1.54286e+02
2.06112 -1.51364e+02
2.08016 -1.48339e+02
2.09920 -1.45361e+02
2.11824 -1.42568e+02
2.13727 -1.40025e+02
2.15631 -1.37692e+02
2.17535 -1.35440e+02
2.19439 -1.33123e+02
2.21343 -1.30656e+02
2.23246 -1.28069e+02
2.25150 -1.25481e+02
2.27054 -1.23028e+02
2.28958 -1.20789e+02
2.30862 -1.18760e+02
2.32766 -1.16878e+02
2.34669 -1.15056e+02
2.36573 -1.13213e+02
2.38477 -1.11303e+02
2.40381 -1.09320e+02
2.42285 -1.07279e+02
2.44188 -1.05212e+02
2.46092 -1.03161e+02
2.47996 -1.01170e+02
2.49900 -9.92624e+01
2.51804 -9.74404e+01
2.53707 -9.56924e+01
2.55611 -9.40117e+01
2.57515 -9.24048e+01
2.59419 -9.08804e+01
2.61323 -8.94356e+01
2.63226 -8.80527e+01
2.65130 -8.67072e+01
2.67034 -8.53797e+01
2.68938 -8.40679e+01
2.70842 -8.27913e+01
2.72745 -8.15780e+01
2.74649 -8.04397e+01
2.76553 -7.93547e+01
2.78457 -7.82709e+01
2.80361 -7.71274e+01
2.82265 -7.58907e+01
2.84168 -7.45836e+01
2.86072 -7.32762e+01
2.87976 -7.20445e+01
2.89880 -7.09367e+01
2.91784 -6.99722e+01
2.93687 -6.91569e+01
2.95591 -6.84894e+01
2.97495 -6.79459e+01
2.99399 -6.74728e+01
3.01303 -6.70115e+01
3.03206 -6.65337e+01
3.05110 -6.60498e+01
3.07014 -6.55919e+01
3.08918 -6.51985e+01
3.10822 -6.48997e+01
3.12725 -6.47050e+01
3.14629 -6.45980e+01
3.16533 -6.45442e+01
3.18437 -6.45035e+01
3.20341 -6.44283e+01
3.22244 -6.42579e+01
3.24148 -6.39412e+01
3.26052 -6.34715e+01
3.27956 -6.28860e+01
3.29860 -6.22310e+01
3.31764 -6.15394e+01
3.33667 -6.08403e+01
3.35571 -6.01661e+01
3.37475 -5.95406e+01
3.39379 -5.89691e+01
3.41283 -5.84431e+01
3.43186 -5.79486e+01
3.45090 -5.74760e+01
3.46994 -5.70339e+01
3.48898 -5.66526e+01
3.50802 -5.63581e+01
3.52705 -5.61316e+01
3.54609 -5.58944e+01
3.56513 -5.55417e+01
3.58417 -5.50093e+01
3.60321 -5.43182e+01
3.62224 -5.35642e+01
3.64128 -5.28649e+01
3.66032 -5.23012e+01
3.67936 -5.18816e+01
3.69840 -5.15464e+01
3.71743 -5.12107e+01
3.73647 -5.08222e+01
3.75551 -5.03899e+01
3.77455 -4.99647e+01
3.79359 -4.96016e+01
3.81263 -4.93392e+01
3.83166 -4.91973e+01
3.85070 -4.91768e+01
3.86974 -4.92585e+01
3.88878 -4.94034e+01
3.90782 -4.95545e+01
3.92685 -4.96447e+01
3.94589 -4.96173e+01
3.96493 -4.94483e+01
3.98397 -4.91475e+01
4.00301 -4.87401e+01
4.02204 -4.82485e+01
4.04108 -4.76868e+01
4.06012 -4.70686e+01
4.07916 -4.64154e+01
4.09820 -4.57600e+01
4.11723 -4.51390e+01
4.13627 -4.45765e+01
4.15531 -4.40679e+01
4.17435 -4.35818e+01
4.19339 -4.30816e+01
4.21242 -4.25483e+01
4.23146 -4.19880e+01
4.25050 -4.14213e+01
4.26954 -4.08693e+01
4.28858 -4.03454e+01
4.30762 -3.98526e+01
4.32665 -3.93891e+01
4.34569 -3.89562e+01
4.36473 -3.85597e+01
4.38377 -3.82005e+01
4.40281 -3.78702e+01
4.42184 -3.75576e+01
4.44088 -3.72544e+01
4.45992 -3.69566e+01
4.47896 -3.66656e+01
4.49800 -3.63863e+01
4.51703 -3.61196e+01
4.53607 -3.58541e+01
4.55511 -3.55678e+01
4.57415 -3.52406e+01
4.59319 -3.48708e+01
4.61222 -3.44801e+01
4.63126 -3.41013e+01
4.65030 -3.37622e+01
4.66934 -3.34759e+01
4.68838 -3.32409e+01
4.70741 -3.30403e+01
4.72645 -3.28422e+01
4.74549 -3.26072e+01
4.76453 -3.23061e+01
4.78357 -3.19338e+01
4.80261 -3.15086e+01
4.82164 -3.10606e+01
4.84068 -3.06226e+01
4.85972 -3.02220e+01
4.87876 -2.98725e+01
4.89780 -2.95723e+01
4.91683 -2.93158e+01
4.93587 -2.91049e+01
4.95491 -2.89462e+01
4.97395 -2.88390e+01
4.99299 -2.87676e+01
5.01202 -2.87055e+01
5.03106 -2.86287e+01
5.05010 -2.85230e+01
5.06914 -2.83849e+01
5.08818 -2.82158e+01
5.10721 -2.80185e+01
5.12625 -2.77976e+01
5.14529 -2.75609e+01
5.16433 -2.73173e+01
5.18337 -2.70775e+01
5.20240 -2.68570e+01
5.22144 -2.66740e+01
5.24048 -2.65409e+01
5.25952 -2.64553e+01
5.27856 -2.63986e+01
5.29760 -2.63434e+01
5.31663 -2.62639e+01
5.33567 -2.61451e+01
5.35471 -2.59858e+01
5.37375 -2.57964e+01
5.39279 -2.55897e+01
5.41182 -2.53763e+01
5.43086 -2.51657e+01
5.44990 -2.49690e+01
5.46894 -2.47972e+01
5.48798 -2.46540e+01
5.50701 -2.45304e+01
5.52605 -2.44065e+01
5.54509 -2.42609e+01
5.56413 -2.40798e+01
5.58317 -2.38607e+01
5.60220 -2.36124e+01
5.62124 -2.33516e+01
5.64028 -2.30931e+01
5.65932 -2.28408e+01
5.67836 -2.25896e+01
5.69739 -2.23363e+01
5.71643 -2.20881e+01
5.73547 -2.18598e+01
5.75451 -2.16606e+01
5.77355 -2.14878e+01
5.79259 -2.13328e+01
5.81162 -2.11932e+01
5.83066 -2.10745e+01
5.84970 -2.09828e+01
5.86874 -2.09173e+01
5.88778 -2.08693e+01
5.90681 -2.08262e+01
5.92585 -2.07770e+01
5.94489 -2.07149e+01
5.96393 -2.06338e+01
5.98297 -2.05258e+01
6.00200 -2.03852e+01
6.02104 -2.02143e+01
6.04008 -2.00248e+01
6.05912 -1.98336e+01
6.07816 -1.96580e+01
6.09719 -1.95094e+01
6.11623 -1.93895e+01
6.13527 -1.92920e+01
6.15431 -1.92089e+01
6.17335 -1.91330e+01
6.19238 -1.90567e+01
6.21142 -1.89704e+01
6.23046 -1.88630e+01
6.24950 -1.87249e+01
6.26854 -1.85553e+01
6.28758 -1.83641e+01
6.30661 -1.81669e+01
6.32565 -1.79765e+01
6.34469 -1.77985e+01
6.36373 -1.76327e+01
6.38277 -1.74770e+01
6.40180 -1.73285e+01
6.42084 -1.71819e+01
6.43988 -1.70327e+01
6.45892 -1.68803e+01
6.47796 -1.67306e+01
6.49699 -1.65940e+01
6.51603 -1.64825e+01
6.53507 -1.64041e+01
6.55411 -1.63547e+01
6.57315 -1.63162e+01
6.59218 -1.62651e+01
6.61122 -1.61850e+01
6.63026 -1.60720e+01
6.64930 -1.59328e+01
6.66834 -1.57771e+01
6.68737 -1.56108e+01
6.70641 -1.54341e+01
6.72545 -1.52430e+01
6.74449 -1.50334e+01
6.76353 -1.48055e+01
6.78257 -1.45667e+01
6.80160 -1.43297e+01
6.82064 -1.41085e+01
6.83968 -1.39134e+01
6.85872 -1.37515e+01
6.87776 -1.36344e+01
6.89679 -1.35811e+01
6.91583 -1.36075e+01
6.93487 -1.37091e+01
6.95391 -1.38576e+01
6.97295 -1.40163e+01
6.99198 -1.41581e+01
7.01102 -1.42711e+01
7.03006 -1.43539e+01
7.04910 -1.44101e+01
7.06814 -1.44440e+01
7.08717 -1.44600e+01
7.10621 -1.44639e+01
7.12525 -1.44626e+01
7.14429 -1.44616e+01
7.16333 -1.44660e+01
7.18236 -1.44822e+01
7.20140 -1.45170e+01
7.22044 -1.45707e+01
7.23948 -1.46318e+01
7.25852 -1.46822e+01
7.27756 -1.47078e+01
7.29659 -1.47049e+01
7.31563 -1.46795e+01
7.33467 -1.46451e+01
7.35371 -1.46143e+01
7.37275 -1.45882e+01
7.39178 -1.45534e+01
7.41082 -1.44899e+01
7.42986 -1.43831e+01
7.44890 -1.42300e+01
7.46794 -1.40400e+01
7.48697 -1.38317e+01
7.50601 -1.36285e+01
7.52505 -1.34520e+01
7.54409 -1.33134e+01
7.56313 -1.32111e+01
7.58216 -1.31353e+01
7.60120 -1.30765e+01
7.62024 -1.30297e+01
7.63928 -1.29998e+01
7.65832 -1.30017e+01
7.67735 -1.30508e+01
7.69639 -1.31477e+01
7.71543 -1.32725e+01
7.73447 -1.33945e+01
7.75351 -1.34898e+01
7.77255 -1.35521e+01
7.79158 -1.35868e+01
7.81062 -1.35990e+01
7.82966 -1.35880e+01
7.84870 -1.35522e+01
7.86774 -1.34951e+01
7.88677 -1.34237e+01
7.90581 -1.33452e+01
7.92485 -1.32672e+01
7.94389 -1.32012e+01
7.96293 -1.31601e+01
7.98196 -1.31501e+01
8.00100 -1.31642e+01
8.02004 -1.31815e+01
8.03908 -1.31750e+01
8.05812 -1.31258e+01
8.07715 -1.30321e+01
8.09619 -1.29047e+01
8.11523 -1.27583e+01
8.13427 -1.26093e+01
8.15331 -1.24752e+01
8.17234 -1.23709e+01
8.19138 -1.23052e+01
8.21042 -1.22812e+01
8.22946 -1.22984e+01
8.24850 -1.23483e+01
8.26754 -1.24107e+01
8.28657 -1.24609e+01
8.30561 -1.24820e+01
8.32465 -1.24709e+01
8.34369 -1.24358e+01
8.36273 -1.23900e+01
8.38176 -1.23456e+01
8.40080 -1.23080e+01
8.41984 -1.22753e+01
8.43888 -1.22417e+01
8.45792 -1.22004e+01
8.47695 -1.21470e+01
8.49599 -1.20828e+01
8.51503 -1.20164e+01
8.53407 -1.19611e+01
8.55311 -1.19317e+01
8.57214 -1.19385e+01
8.59118 -1.19795e+01
8.61022 -1.20388e+01
8.62926 -1.20949e+01
8.64830 -1.21307e+01
8.66733 -1.21350e+01
8.68637 -1.21000e+01
8.70541 -1.20244e+01
8.72445 -1.19171e+01
8.74349 -1.17976e+01
8.76253 -1.16895e+01
8.78156 -1.16135e+01
8.80060 -1.15820e+01
8.81964 -1.15966e+01
8.83868 -1.16485e+01
8.85772 -1.17229e+01
8.87675 -1.18046e+01
8.89579 -1.18797e+01
8.91483 -1.19369e+01
8.93387 -1.19709e+01
8.95291 -1.19849e+01
8.97194 -1.19855e+01
8.99098 -1.19758e+01
9.01002 -1.19534e+01
9.02906 -1.19162e+01
9.04810 -1.18682e+01
9.06713 -1.18202e+01
9.08617 -1.17841e+01
9.10521 -1.17666e+01
9.12425 -1.17628e+01
9.14329 -1.17566e+01
9.16232 -1.17293e+01
9.18136 -1.16725e+01
9.20040 -1.15921e+01
9.21944 -1.15001e+01
9.23848 -1.14050e+01
9.25752 -1.13097e+01
9.27655 -1.12169e+01
9.29559 -1.11321e+01
9.31463 -1.10611e+01
9.33367 -1.10038e+01
9.35271 -1.09518e+01
9.37174 -1.08960e+01
9.39078 -1.08355e+01
9.40982 -1.07781e+01
9.42886 -1.07330e+01
9.44790 -1.07045e+01
9.46693 -1.06904e+01
9.48597 -1.06870e+01
9.50501 -1.06928e+01
9.52405 -1.07083e+01
9.54309 -1.07313e+01
9.56212 -1.07556e+01
9.58116 -1.07747e+01
9.60020 -1.07841e+01
9.61924 -1.07816e+01
9.63828 -1.07666e+01
9.65731 -1.07427e+01
9.67635 -1.07148e+01
9.69539 -1.06841e+01
9.71443 -1.06471e+01
9.73347 -1.06016e+01
9.75251 -1.05523e+01
9.77154 -1.05075e+01
9.79058 -1.04718e+01
9.80962 -1.04407e+01
9.82866 -1.04057e+01
9.84770 -1.03634e+01
9.86673 -1.03195e+01
9.88577 -1.02834e+01
9.90481 -1.02589e+01
9.92385 -1.02416e+01
9.94289 -1.02227e+01
9.96192 -1.01926e+01
9.98096 -1.01419e+01
10.00000 -1.00633e+01
