0.50000 -6.38199e+00
0.51904 -5.66279e+00
0.53808 -4.96629e+00
0.55711 -4.29298e+00
0.57615 -3.64313e+00
0.59519 -3.01687e+00
0.61423 -2.41415e+00
0.63327 -1.83482e+00
0.65230 -1.27859e+00
0.67134 -7.45106e-01
0.69038 -2.33933e-01
0.70942 2.55428e-01
0.72846 7.23518e-01
0.74749 1.17092e+00
0.76653 1.59824e+00
0.78557 2.00610e+00
0.80461 2.39515e+00
0.82365 2.76602e+00
0.84269 3.11937e+00
0.86172 3.45583e+00
0.88076 3.77605e+00
0.89980 4.08066e+00
0.91884 4.37026e+00
0.93788 4.64547e+00
0.95691 4.90688e+00
0.97595 5.15504e+00
0.99499 5.39053e+00
1.01403 5.61387e+00
1.03307 5.82560e+00
1.05210 6.02620e+00
1.07114 6.21617e+00
1.09018 6.39597e+00
1.10922 6.56604e+00
1.12826 6.72683e+00
1.14729 6.87875e+00
1.16633 7.02218e+00
1.18537 7.15751e+00
1.20441 7.28511e+00
1.22345 7.40532e+00
1.24248 7.51849e+00
1.26152 7.62492e+00
1.28056 7.72492e+00
1.29960 7.81879e+00
1.31864 7.90680e+00
1.33768 7.98922e+00
1.35671 8.06631e+00
1.37575 8.13832e+00
1.39479 8.20546e+00
1.41383 8.26797e+00
1.43287 8.32606e+00
1.45190 8.37992e+00
1.47094 8.42976e+00
1.48998 8.47576e+00
1.50902 8.51809e+00
1.52806 8.55692e+00
1.54709 8.59242e+00
1.56613 8.62473e+00
1.58517 8.65401e+00
1.60421 8.68038e+00
1.62325 8.70400e+00
1.64228 8.72498e+00
1.66132 8.74344e+00
1.68036 8.75950e+00
1.69940 8.77328e+00
1.71844 8.78487e+00
1.73747 8.79438e+00
1.75651 8.80191e+00
1.77555 8.80755e+00
1.79459 8.81139e+00
1.81363 8.81350e+00
1.83267 8.81398e+00
1.85170 8.81290e+00
1.87074 8.81032e+00
1.88978 8.80633e+00
1.90882 8.80099e+00
1.92786 8.79437e+00
1.94689 8.78652e+00
1.96593 8.77750e+00
1.98497 8.76738e+00
2.00401 8.75619e+00
2.02305 8.74401e+00
2.04208 8.73087e+00
2.06112 8.71681e+00
2.08016 8.70190e+00
2.09920 8.68616e+00
2.11824 8.66965e+00
2.13727 8.65239e+00
2.15631 8.63444e+00
2.17535 8.61581e+00
2.19439 8.59655e+00
2.21343 8.57670e+00
2.23246 8.55628e+00
2.25150 8.53532e+00
2.27054 8.51385e+00
2.28958 8.49190e+00
2.30862 8.46949e+00
2.32766 8.44666e+00
2.34669 8.42343e+00
2.36573 8.39981e+00
2.38477 8.37583e+00
2.40381 8.35152e+00
2.42285 8.32689e+00
2.44188 8.30196e+00
2.46092 8.27676e+00
2.47996 8.25129e+00
2.49900 8.22558e+00
2.51804 8.19965e+00
2.53707 8.17350e+00
2.55611 8.14715e+00
2.57515 8.12063e+00
2.59419 8.09394e+00
2.61323 8.06709e+00
2.63226 8.04010e+00
2.65130 8.01298e+00
2.67034 7.98574e+00
2.68938 7.95840e+00
2.70842 7.93096e+00
2.72745 7.90344e+00
2.74649 7.87583e+00
2.76553 7.84817e+00
2.78457 7.82044e+00
2.80361 7.79267e+00
2.82265 7.76485e+00
2.84168 7.73700e+00
2.86072 7.70913e+00
2.87976 7.68124e+00
2.89880 7.65333e+00
2.91784 7.62542e+00
2.93687 7.59752e+00
2.95591 7.56962e+00
2.97495 7.54173e+00
2.99399 7.51386e+00
3.01303 7.48602e+00
3.03206 7.45820e+00
3.05110 7.43042e+00
3.07014 7.40268e+00
3.08918 7.37498e+00
3.10822 7.34733e+00
3.12725 7.31973e+00
3.14629 7.29218e+00
3.16533 7.26469e+00
3.18437 7.23727e+00
3.20341 7.20991e+00
3.22244 7.18261e+00
3.24148 7.15539e+00
3.26052 7.12824e+00
3.27956 7.10117e+00
3.29860 7.07418e+00
3.31764 7.04727e+00
3.33667 7.02045e+00
3.35571 6.99371e+00
3.37475 6.96706e+00
3.39379 6.94050e+00
3.41283 6.91403e+00
3.43186 6.88766e+00
3.45090 6.86138e+00
3.46994 6.83520e+00
3.48898 6.80911e+00
3.50802 6.78313e+00
3.52705 6.75725e+00
3.54609 6.73147e+00
3.56513 6.70580e+00
3.58417 6.68023e+00
3.60321 6.65477e+00
3.62224 6.62941e+00
3.64128 6.60416e+00
3.66032 6.57902e+00
3.67936 6.55399e+00
3.69840 6.52907e+00
3.71743 6.50426e+00
3.73647 6.47956e+00
3.75551 6.45498e+00
3.77455 6.43050e+00
3.79359 6.40614e+00
3.81263 6.38190e+00
3.83166 6.35776e+00
3.85070 6.33374e+00
3.86974 6.30984e+00
3.88878 6.28605e+00
3.90782 6.26237e+00
3.92685 6.23881e+00
3.94589 6.21536e+00
3.96493 6.19203e+00
3.98397 6.16881e+00
4.00301 6.14571e+00
4.02204 6.12273e+00
4.04108 6.09986e+00
4.06012 6.07710e+00
4.07916 6.05446e+00
4.09820 6.03194e+00
4.11723 6.00953e+00
4.13627 5.98723e+00
4.15531 5.96505e+00
4.17435 5.94299e+00
4.19339 5.92104e+00
4.21242 5.89920e+00
4.23146 5.87748e+00
4.25050 5.85587e+00
4.26954 5.83437e+00
4.28858 5.81299e+00
4.30762 5.79172e+00
4.32665 5.77056e+00
4.34569 5.74951e+00
4.36473 5.72858e+00
4.38377 5.70776e+00
4.40281 5.68705e+00
4.42184 5.66645e+00
4.44088 5.64596e+00
4.45992 5.62558e+00
4.47896 5.60531e+00
4.49800 5.58515e+00
4.51703 5.56509e+00
4.53607 5.54515e+00
4.55511 5.52531e+00
4.57415 5.50559e+00
4.59319 5.48596e+00
4.61222 5.46645e+00
4.63126 5.44704e+00
4.65030 5.42774e+00
4.66934 5.40854e+00
4.68838 5.38945e+00
4.70741 5.37046e+00
4.72645 5.35158e+00
4.74549 5.33280e+00
4.76453 5.31412e+00
4.78357 5.29554e+00
4.80261 5.27707e+00
4.82164 5.25870e+00
4.84068 5.24042e+00
4.85972 5.22225e+00
4.87876 5.20418e+00
4.89780 5.18621e+00
4.91683 5.16833e+00
4.93587 5.15056e+00
4.95491 5.13288e+00
4.97395 5.11530e+00
4.99299 5.09782e+00
5.01202 5.08043e+00
5.03106 5.06314e+00
5.05010 5.04595e+00
5.06914 5.02884e+00
5.08818 5.01184e+00
5.10721 4.99492e+00
5.12625 4.97810e+00
5.14529 4.96138e+00
5.16433 4.94474e+00
5.18337 4.92820e+00
5.20240 4.91174e+00
5.22144 4.89538e+00
5.24048 4.87911e+00
5.25952 4.86293e+00
5.27856 4.84683e+00
5.29760 4.83083e+00
5.31663 4.81491e+00
5.33567 4.79908e+00
5.35471 4.78334e+00
5.37375 4.76768e+00
5.39279 4.75211e+00
5.41182 4.73662e+00
5.43086 4.72122e+00
5.44990 4.70591e+00
5.46894 4.69068e+00
5.48798 4.67553e+00
5.50701 4.66046e+00
5.52605 4.64548e+00
5.54509 4.63058e+00
5.56413 4.61576e+00
5.58317 4.60102e+00
5.60220 4.58636e+00
5.62124 4.57178e+00
5.64028 4.55728e+00
5.65932 4.54286e+00
5.67836 4.52852e+00
5.69739 4.51425e+00
5.71643 4.50007e+00
5.73547 4.48596e+00
5.75451 4.47193e+00
5.77355 4.45797e+00
5.79259 4.44409e+00
5.81162 4.43028e+00
5.83066 4.41655e+00
5.84970 4.40289e+00
5.86874 4.38931e+00
5.88778 4.37580e+00
5.90681 4.36236e+00
5.92585 4.34900e+00
5.94489 4.33571e+00
5.96393 4.32249e+00
5.98297 4.30934e+00
6.00200 4.29626e+00
6.02104 4.28325e+00
6.04008 4.27031e+00
6.05912 4.25744e+00
6.07816 4.24463e+00
6.09719 4.23190e+00
6.11623 4.21924e+00
6.13527 4.20664e+00
6.15431 4.19411e+00
6.17335 4.18164e+00
6.19238 4.16925e+00
6.21142 4.15692e+00
6.23046 4.14465e+00
6.24950 4.13245e+00
6.26854 4.12031e+00
6.28758 4.10824e+00
6.30661 4.09623e+00
6.32565 4.08429e+00
6.34469 4.07241e+00
6.36373 4.06059e+00
6.38277 4.04883e+00
6.40180 4.03713e+00
6.42084 4.02550e+00
6.43988 4.01393e+00
6.45892 4.00242e+00
6.47796 3.99097e+00
6.49699 3.97957e+00
6.51603 3.96824e+00
6.53507 3.95697e+00
6.55411 3.94576e+00
6.57315 3.93460e+00
6.59218 3.92350e+00
6.61122 3.91246e+00
6.63026 3.90148e+00
6.64930 3.89056e+00
6.66834 3.87969e+00
6.68737 3.86887e+00
6.70641 3.85812e+00
6.72545 3.84742e+00
6.74449 3.83677e+00
6.76353 3.82618e+00
6.78257 3.81564e+00
6.80160 3.80516e+00
6.82064 3.79473e+00
6.83968 3.78436e+00
6.85872 3.77404e+00
6.87776 3.76377e+00
6.89679 3.75355e+00
6.91583 3.74339e+00
6.93487 3.73328e+00
6.95391 3.72321e+00
6.97295 3.71320e+00
6.99198 3.70325e+00
7.01102 3.69334e+00
7.03006 3.68348e+00
7.04910 3.67367e+00
7.06814 3.66391e+00
7.08717 3.65421e+00
7.10621 3.64455e+00
7.12525 3.63493e+00
7.14429 3.62537e+00
7.16333 3.61586e+00
7.18236 3.60639e+00
7.20140 3.59697e+00
7.22044 3.58760e+00
7.23948 3.57827e+00
7.25852 3.56900e+00
7.27756 3.55976e+00
7.29659 3.55058e+00
7.31563 3.54144e+00
7.33467 3.53234e+00
7.35371 3.52329e+00
7.37275 3.51429e+00
7.39178 3.50533e+00
7.41082 3.49641e+00
7.42986 3.48754e+00
7.44890 3.47871e+00
7.46794 3.46993e+00
7.48697 3.46119e+00
7.50601 3.45249e+00
7.52505 3.44384e+00
7.54409 3.43523e+00
7.56313 3.42666e+00
7.58216 3.41813e+00
7.60120 3.40964e+00
7.62024 3.40120e+00
7.63928 3.39279e+00
7.65832 3.38443e+00
7.67735 3.37611e+00
7.69639 3.36783e+00
7.71543 3.35959e+00
7.73447 3.35139e+00
7.75351 3.34323e+00
7.77255 3.33510e+00
7.79158 3.32702e+00
7.81062 3.31898e+00
7.82966 3.31097e+00
7.84870 3.30301e+00
7.86774 3.29508e+00
7.88677 3.28719e+00
7.90581 3.27934e+00
7.92485 3.27153e+00
7.94389 3.26375e+00
7.96293 3.25601e+00
7.98196 3.24831e+00
8.00100 3.24064e+00
8.02004 3.23301e+00
8.03908 3.22542e+00
8.05812 3.21787e+00
8.07715 3.21034e+00
8.09619 3.20286e+00
8.11523 3.19541e+00
8.13427 3.18800e+00
8.15331 3.18062e+00
8.17234 3.17327e+00
8.19138 3.16596e+00
8.21042 3.15869e+00
8.22946 3.15145e+00
8.24850 3.14424e+00
8.26754 3.13707e+00
8.28657 3.12993e+00
8.30561 3.12282e+00
8.32465 3.11575e+00
8.34369 3.10871e+00
8.36273 3.10170e+00
8.38176 3.09473e+00
8.40080 3.08779e+00
8.41984 3.08088e+00
8.43888 3.07400e+00
8.45792 3.06716e+00
8.47695 3.06034e+00
8.49599 3.05356e+00
8.51503 3.04681e+00
8.53407 3.04009e+00
8.55311 3.03340e+00
8.57214 3.02674e+00
8.59118 3.02012e+00
8.61022 3.01352e+00
8.62926 3.00695e+00
8.64830 3.00042e+00
8.66733 2.99391e+00
8.68637 2.98743e+00
8.70541 2.98099e+00
8.72445 2.97457e+00
8.74349 2.96818e+00
8.76253 2.96182e+00
8.78156 2.95549e+00
8.80060 2.94919e+00
8.81964 2.94291e+00
8.83868 2.93667e+00
8.85772 2.93045e+00
8.87675 2.92426e+00
8.89579 2.91810e+00
8.91483 2.91197e+00
8.93387 2.90587e+00
8.95291 2.89979e+00
8.97194 2.89374e+00
8.99098 2.88771e+00
9.01002 2.88172e+00
9.02906 2.87575e+00
9.04810 2.86981e+00
9.06713 2.86389e+00
9.08617 2.85800e+00
9.10521 2.85214e+00
9.12425 2.84630e+00
9.14329 2.84049e+00
9.16232 2.83470e+00
9.18136 2.82894e+00
9.20040 2.82321e+00
9.21944 2.81750e+00
9.23848 2.81181e+00
9.25752 2.80615e+00
9.27655 2.80052e+00
9.29559 2.79491e+00
9.31463 2.78933e+00
9.33367 2.78377e+00
9.35271 2.77823e+00
9.37174 2.77272e+00
9.39078 2.76723e+00
9.40982 2.76177e+00
9.42886 2.75633e+00
9.44790 2.75091e+00
9.46693 2.74552e+00
9.48597 2.74015e+00
9.50501 2.73481e+00
9.52405 2.72948e+00
9.54309 2.72419e+00
9.56212 2.71891e+00
9.58116 2.71366e+00
9.60020 2.70842e+00
9.61924 2.70322e+00
9.63828 2.69803e+00
9.65731 2.69287e+00
9.67635 2.68773e+00
9.69539 2.68261e+00
9.71443 2.67751e+00
9.73347 2.67244e+00
9.75251 2.66738e+00
9.77154 2.66235e+00
9.79058 2.65734e+00
9.80962 2.65235e+00
9.82866 2.64738e+00
9.84770 2.64244e+00
9.86673 2.63751e+00
9.88577 2.63261e+00
9.90481 2.62772e+00
9.92385 2.62286e+00
9.94289 2.61802e+00
9.96192 2.61319e+00
9.98096 2.60839e+00
10.00000 2.60361e+00
