0.50000 1.09445e-01 
0.51900 1.13280e-01 
0.53800 1.16661e-01 
0.55700 1.20139e-01 
0.57600 1.23934e-01 
0.59500 1.27935e-01 
0.61400 1.31912e-01 
0.63300 1.35723e-01 
0.65200 1.39377e-01 
0.67100 1.42975e-01 
0.69000 1.46617e-01 
0.70900 1.50352e-01 
0.72800 1.54169e-01 
0.74700 1.58022e-01 
0.76600 1.61853e-01 
0.78500 1.65611e-01 
0.80400 1.69254e-01 
0.82300 1.72752e-01 
0.84200 1.76086e-01 
0.86100 1.79251e-01 
0.88000 1.82262e-01 
0.89900 1.85152e-01 
0.91800 1.87969e-01 
0.93700 1.90765e-01 
0.95600 1.93587e-01 
0.97500 1.96467e-01 
0.99400 1.99418e-01 
1.01300 2.02435e-01 
1.03200 2.05497e-01 
1.05100 2.08577e-01 
1.07000 2.11640e-01 
1.08900 2.14656e-01 
1.10800 2.17598e-01 
1.12700 2.20453e-01 
1.14600 2.23223e-01 
1.16500 2.25922e-01 
1.18400 2.28571e-01 
1.20300 2.31190e-01 
1.22200 2.33788e-01 
1.24100 2.36367e-01 
1.26000 2.38918e-01 
1.27900 2.41428e-01 
1.29800 2.43884e-01 
1.31700 2.46273e-01 
1.33600 2.48585e-01 
1.35500 2.50816e-01 
1.37400 2.52962e-01 
1.39300 2.55027e-01 
1.41200 2.57016e-01 
1.43100 2.58940e-01 
1.45000 2.60810e-01 
1.46900 2.62639e-01 
1.48800 2.64444e-01 
1.50700 2.66236e-01 
1.52600 2.68030e-01 
1.54500 2.69836e-01 
1.56400 2.71661e-01 
1.58300 2.73509e-01 
1.60200 2.75381e-01 
1.62100 2.77276e-01 
1.64000 2.79190e-01 
1.65900 2.81120e-01 
1.67800 2.83064e-01 
1.69700 2.85024e-01 
1.71600 2.87006e-01 
1.73500 2.89023e-01 
1.75400 2.91089e-01 
1.77300 2.93220e-01 
1.79200 3.14705e-01 
1.81100 2.97702e-01 
1.83000 3.00023e-01 
1.84900 3.02348e-01 
1.86800 3.04606e-01 
1.88700 3.06713e-01 
1.90600 3.08578e-01 
1.92500 3.10120e-01 
1.94400 3.11282e-01 
1.96300 3.12054e-01 
1.98200 3.12474e-01 
2.00100 3.12623e-01 
2.02000 3.12607e-01 
2.03900 3.12532e-01 
2.05800 3.12493e-01 
2.07700 3.12556e-01 
2.09600 3.12765e-01 
2.11500 3.13132e-01 
2.13400 3.13648e-01 
2.15300 3.14285e-01 
2.17200 3.15000e-01 
2.19100 3.15740e-01 
2.21000 3.16444e-01 
2.22900 3.17051e-01 
2.24800 3.17498e-01 
2.26700 3.17731e-01 
2.28600 3.17710e-01 
2.30500 3.17415e-01 
2.32400 3.16850e-01 
2.34300 3.16050e-01 
2.36200 3.15073e-01 
2.38100 3.14000e-01 
2.40000 3.12927e-01 
2.41900 3.11952e-01 
2.43800 3.11173e-01 
2.45700 3.16327e-01 
2.47600 3.10444e-01 
2.49500 3.10594e-01 
2.51400 3.11100e-01 
2.53300 3.11950e-01 
2.55200 3.13111e-01 
2.57100 3.14543e-01 
2.59000 3.16201e-01 
2.60900 3.18039e-01 
2.62800 3.20013e-01 
2.64700 3.22085e-01 
2.66600 3.24226e-01 
2.68500 3.26411e-01 
2.70400 3.28623e-01 
2.72300 3.30848e-01 
2.74200 3.33081e-01 
2.76100 3.35318e-01 
2.78000 3.37559e-01 
2.79900 3.39808e-01 
2.81800 3.42067e-01 
2.83700 3.44342e-01 
2.85600 3.46638e-01 
2.87500 3.48959e-01 
2.89400 3.51309e-01 
2.91300 3.53691e-01 
2.93200 3.56106e-01 
2.95100 3.58554e-01 
2.97000 3.61038e-01 
2.98900 3.63560e-01 
3.00800 3.66129e-01 
3.02700 3.68759e-01 
3.04600 3.71470e-01 
3.06500 3.74287e-01 
3.08400 3.77235e-01 
3.10300 3.80334e-01 
3.12200 3.83585e-01 
3.14100 3.86963e-01 
3.16000 3.90418e-01 
3.17900 3.93870e-01 
3.19800 3.97232e-01 
3.21700 4.00421e-01 
3.23600 4.03382e-01 
3.25500 4.06105e-01 
3.27400 4.08626e-01 
3.29300 4.11019e-01 
3.31200 4.13380e-01 
3.33100 4.15804e-01 
3.35000 4.18364e-01 
3.36900 4.21100e-01 
3.38800 4.24019e-01 
3.40700 4.27097e-01 
3.42600 4.30297e-01 
3.44500 4.33574e-01 
3.46400 4.36886e-01 
3.48300 4.40200e-01 
3.50200 4.43488e-01 
3.52100 4.46731e-01 
3.54000 4.49908e-01 
3.55900 4.52996e-01 
3.57800 4.55967e-01 
3.59700 4.58792e-01 
3.61600 4.61442e-01 
3.63500 4.63906e-01 
3.65400 4.66197e-01 
3.67300 4.68371e-01 
3.69200 4.70532e-01 
3.71100 4.72846e-01 
3.73000 4.75545e-01 
3.74900 4.78878e-01 
3.76800 4.82928e-01 
3.78700 4.87322e-01 
3.80600 4.91113e-01 
3.82500 4.93237e-01 
3.84400 4.93412e-01 
3.86300 4.92495e-01 
3.88200 6.59404e-01 
3.90100 4.90227e-01 
3.92000 4.86990e-01 
3.93900 4.80542e-01 
3.95800 4.71610e-01 
3.97700 4.62577e-01 
3.99600 4.55702e-01 
4.01500 4.51833e-01 
4.03400 4.50499e-01 
4.05300 4.50733e-01 
4.07200 4.51704e-01 
4.09100 4.52909e-01 
4.11000 4.54118e-01 
4.12900 4.55264e-01 
4.14800 4.56372e-01 
4.16700 4.57505e-01 
4.18600 4.58726e-01 
4.20500 4.60072e-01 
4.22400 4.61540e-01 
4.24300 4.63099e-01 
4.26200 4.64692e-01 
4.28100 4.66263e-01 
4.30000 4.67763e-01 
4.31900 4.69163e-01 
4.33800 4.70458e-01 
4.35700 4.71666e-01 
4.37600 4.72819e-01 
4.39500 4.73953e-01 
4.41400 4.75106e-01 
4.43300 4.76303e-01 
4.45200 4.77555e-01 
4.47100 4.78855e-01 
4.49000 4.80184e-01 
4.50900 4.81510e-01 
4.52800 4.82799e-01 
4.54700 4.84018e-01 
4.56600 4.85140e-01 
4.58500 4.86155e-01 
4.60400 4.87063e-01 
4.62300 4.87882e-01 
4.64200 4.88643e-01 
4.66100 4.89384e-01 
4.68000 4.90154e-01 
4.69900 4.91001e-01 
4.71800 4.91970e-01 
4.73700 4.93103e-01 
4.75600 4.94432e-01 
4.77500 4.95982e-01 
4.79400 4.97766e-01 
4.81300 4.99786e-01 
4.83200 5.02033e-01 
4.85100 5.04487e-01 
4.87000 5.07116e-01 
4.88900 5.09885e-01 
4.90800 5.12753e-01 
4.92700 5.15682e-01 
4.94600 5.18661e-01 
4.96500 5.21756e-01 
4.98400 5.25333e-01 
5.00300 5.30967e-01 
5.02200 6.22688e-01 
5.04100 5.49922e-01 
5.06000 5.47736e-01 
5.07900 5.51772e-01 
5.09800 5.53199e-01 
5.11700 5.51874e-01 
5.13600 5.49423e-01 
5.15500 5.47655e-01 
5.17400 5.47482e-01 
5.19300 5.48863e-01 
5.21200 5.51347e-01 
5.23100 5.54547e-01 
5.25000 5.58266e-01 
5.26900 5.62412e-01 
5.28800 5.66956e-01 
5.30700 5.72177e-01 
5.32600 5.77650e-01 
5.34500 5.80861e-01 
5.36400 5.82028e-01 
5.38300 5.82876e-01 
5.40200 5.83162e-01 
5.42100 5.82741e-01 
5.44000 5.81861e-01 
5.45900 5.80768e-01 
5.47800 5.79601e-01 
5.49700 5.78418e-01 
5.51600 5.77261e-01 
5.53500 5.76232e-01 
5.55400 5.75480e-01 
5.57300 5.75050e-01 
5.59200 5.74699e-01 
5.61100 5.73932e-01 
5.63000 5.72352e-01 
5.64900 5.69980e-01 
5.66800 5.67146e-01 
5.68700 5.64141e-01 
5.70600 5.61088e-01 
5.72500 5.79269e-01 
5.74400 5.55616e-01 
5.76300 5.53500e-01 
5.78200 5.52353e-01 
5.80100 5.52069e-01 
5.82000 5.52566e-01 
5.83900 5.53725e-01 
5.85800 5.55432e-01 
5.87700 5.57593e-01 
5.89600 5.60132e-01 
5.91500 5.62987e-01 
5.93400 5.66102e-01 
5.95300 5.69424e-01 
5.97200 5.72900e-01 
5.99100 5.76481e-01 
6.01000 5.80117e-01 
6.02900 5.83771e-01 
6.04800 5.87411e-01 
6.06700 5.91019e-01 
6.08600 5.94588e-01 
6.10500 5.98120e-01 
6.12400 6.01620e-01 
6.14300 6.05089e-01 
6.16200 6.08526e-01 
6.18100 6.11918e-01 
6.20000 6.15254e-01 
6.21900 6.18525e-01 
6.23800 6.21737e-01 
6.25700 6.24920e-01 
6.27600 6.28128e-01 
6.29500 6.31435e-01 
6.31400 6.34931e-01 
6.33300 6.38739e-01 
6.35200 6.43050e-01 
6.37100 6.48051e-01 
6.39000 6.53671e-01 
6.40900 6.59837e-01 
6.42800 6.67095e-01 
6.44700 6.76983e-01 
6.46600 6.90736e-01 
6.48500 7.02800e-01 
6.50400 7.02176e-01 
6.52300 6.89606e-01 
6.54200 6.76933e-01 
6.56100 6.69438e-01 
6.58000 6.65114e-01 
6.59900 6.61963e-01 
6.61800 6.59424e-01 
6.63700 6.57428e-01 
6.65600 6.55986e-01 
6.67500 6.55233e-01 
6.69400 6.55873e-01 
6.71300 6.59123e-01 
6.73200 6.63418e-01 
6.75100 6.64213e-01 
6.77000 6.62353e-01 
6.78900 6.61976e-01 
6.80800 6.63215e-01 
6.82700 6.64611e-01 
6.84600 6.65547e-01 
6.86500 6.65946e-01 
6.88400 6.65962e-01 
6.90300 6.65876e-01 
6.92200 6.66000e-01 
6.94100 6.66579e-01 
6.96000 6.67688e-01 
6.97900 6.69113e-01 
6.99800 6.70279e-01 
7.01700 6.70395e-01 
7.03600 6.68880e-01 
7.05500 6.65791e-01 
7.07400 6.61888e-01 
7.09300 6.58272e-01 
7.11200 6.55810e-01 
7.13100 6.55076e-01 
7.15000 6.56120e-01 
7.16900 6.58544e-01 
7.18800 6.61568e-01 
7.20700 6.64770e-01 
7.22600 6.69662e-01 
7.24500 6.76569e-01 
7.26400 6.74712e-01 
7.28300 6.60750e-01 
7.30200 6.47659e-01 
7.32100 6.38297e-01 
7.34000 6.30058e-01 
7.35900 6.21503e-01 
7.37800 6.11590e-01 
7.39700 6.00462e-01 
7.41600 5.92969e-01 
7.43500 6.15168e-01 
7.45400 5.77812e-01 
7.47300 5.66299e-01 
7.49200 5.90652e-01 
7.51100 5.38620e-01 
7.53000 5.12892e-01 
7.54900 4.94450e-01 
7.56800 4.79047e-01 
7.58700 4.66961e-01 
7.60600 4.57646e-01 
7.62500 4.50300e-01 
7.64400 4.44310e-01 
7.66300 4.39246e-01 
7.68200 4.34816e-01 
7.70100 4.30834e-01 
7.72000 4.27190e-01 
7.73900 4.23824e-01 
7.75800 4.20700e-01 
7.77700 4.17793e-01 
7.79600 4.15086e-01 
7.81500 4.12558e-01 
7.83400 4.10193e-01 
7.85300 4.07974e-01 
7.87200 4.05890e-01 
7.89100 4.03929e-01 
7.91000 4.02083e-01 
7.92900 4.00348e-01 
7.94800 3.98720e-01 
7.96700 3.97198e-01 
7.98600 3.95784e-01 
8.00500 3.94480e-01 
8.02400 3.93290e-01 
8.04300 3.92221e-01 
8.06200 3.91278e-01 
8.08100 3.90467e-01 
8.10000 3.89794e-01 
8.11900 3.89263e-01 
8.13800 3.88874e-01 
8.15700 3.88626e-01 
8.17600 3.88511e-01 
8.19500 3.88515e-01 
8.21400 3.88622e-01 
8.23300 3.88809e-01 
8.25200 3.89049e-01 
8.27100 3.89314e-01 
8.29000 3.89573e-01 
8.30900 3.89799e-01 
8.32800 3.89965e-01 
8.34700 3.90049e-01 
8.36600 3.90033e-01 
8.38500 3.89905e-01 
8.40400 3.90081e-01 
8.42300 3.94413e-01 
8.44200 3.88798e-01 
8.46100 3.88189e-01 
8.48000 3.87466e-01 
8.49900 3.86632e-01 
8.51800 3.85691e-01 
8.53700 3.84644e-01 
8.55600 3.83490e-01 
8.57500 3.82227e-01 
8.59400 3.80852e-01 
8.61300 3.79364e-01 
8.63200 3.77762e-01 
8.65100 3.76048e-01 
8.67000 3.74228e-01 
8.68900 3.72314e-01 
8.70800 3.70317e-01 
8.72700 3.68254e-01 
8.74600 3.66143e-01 
8.76500 3.64002e-01 
8.78400 3.61846e-01 
8.80300 3.59691e-01 
8.82200 3.57546e-01 
8.84100 3.55421e-01 
8.86000 3.77315e-01 
8.87900 3.51246e-01 
8.89800 3.49199e-01 
8.91700 3.47181e-01 
8.93600 3.45190e-01 
8.95500 3.43227e-01 
8.97400 3.41291e-01 
8.99300 3.39385e-01 
9.01200 3.37511e-01 
9.03100 3.35670e-01 
9.05000 3.33868e-01 
9.06900 3.32105e-01 
9.08800 3.30387e-01 
9.10700 3.28715e-01 
9.12600 3.27093e-01 
9.14500 3.25522e-01 
9.16400 3.24003e-01 
9.18300 3.22537e-01 
9.20200 3.21124e-01 
9.22100 3.19764e-01 
9.24000 3.18456e-01 
9.25900 3.17200e-01 
9.27800 3.15995e-01 
9.29700 3.14840e-01 
9.31600 3.13734e-01 
9.33500 3.12678e-01 
9.35400 3.11671e-01 
9.37300 3.10712e-01 
9.39200 3.09799e-01 
9.41100 3.08932e-01 
9.43000 3.08106e-01 
9.44900 3.07319e-01 
9.46800 3.06564e-01 
9.48700 3.05834e-01 
9.50600 3.05118e-01 
9.52500 3.04406e-01 
9.54400 3.03683e-01 
9.56300 3.02934e-01 
9.58200 3.02142e-01 
9.60100 3.01292e-01 
9.62000 3.00368e-01 
9.63900 2.99354e-01 
9.65800 2.98240e-01 
9.67700 2.97018e-01 
9.69600 2.95686e-01 
9.71500 2.94251e-01 
9.73400 2.92731e-01 
9.75300 2.91162e-01 
9.77200 2.89600e-01 
9.79100 2.88123e-01 
9.81000 2.86823e-01 
9.82900 2.85790e-01 
9.84800 2.85077e-01 
9.86700 2.84673e-01 
9.88600 2.84477e-01 
9.90500 2.84318e-01 
9.92400 2.83986e-01 
9.94300 2.83307e-01 
9.96200 2.82195e-01 
9.98100 2.80685e-01 
