0.50000 4.28451e-03
0.51904 6.79928e-03
0.53808 7.24451e-03
0.55711 1.58420e-02
0.57615 7.01472e-03
0.59519 4.55675e-03
0.61423 6.47050e-03
0.63327 9.21838e-03
0.65230 9.53303e-03
0.67134 7.28030e-03
0.69038 4.57319e-03
0.70942 9.67385e-03
0.72846 1.14034e-02
0.74749 1.49219e-02
0.76653 1.17137e-02
0.78557 1.87010e-02
0.80461 1.94594e-02
0.82365 3.25985e-02
0.84269 2.44461e-02
0.86172 1.67748e-02
0.88076 5.59684e-03
0.89980 4.22822e-03
0.91884 7.41322e-03
0.93788 1.45797e-02
0.95691 7.20518e-03
0.97595 5.61938e-03
0.99499 1.02392e-02
1.01403 1.27858e-02
1.03307 1.31582e-02
1.05210 9.51550e-03
1.07114 1.22058e-02
1.09018 1.26261e-02
1.10922 1.44238e-02
1.12826 6.83443e-03
1.14729 1.38020e-02
1.16633 1.74545e-02
1.18537 1.47960e-02
1.20441 1.54141e-02
1.22345 1.64523e-02
1.24248 2.00366e-02
1.26152 1.47617e-02
1.28056 1.12609e-02
1.29960 7.14077e-03
1.31864 9.91235e-03
1.33768 1.35980e-02
1.35671 9.42705e-03
1.37575 2.08554e-02
1.39479 2.74055e-02
1.41383 3.04160e-02
1.43287 1.96140e-02
1.45190 2.23330e-02
1.47094 1.37367e-02
1.48998 1.92513e-02
1.50902 3.06922e-02
1.52806 3.32974e-02
1.54709 2.82464e-02
1.56613 1.97939e-02
1.58517 1.23508e-02
1.60421 1.33223e-02
1.62325 1.07727e-02
1.64228 1.70914e-02
1.66132 2.09216e-02
1.68036 1.90435e-02
1.69940 2.26274e-02
1.71844 2.92565e-02
1.73747 2.22224e-02
1.75651 2.30172e-02
1.77555 1.89945e-02
1.79459 1.94117e-02
1.81363 1.74262e-02
1.83267 1.02259e-02
1.85170 1.04105e-02
1.87074 1.42221e-02
1.88978 1.31928e-02
1.90882 2.10991e-02
1.92786 1.07323e-02
1.94689 1.16934e-02
1.96593 1.24088e-02
1.98497 2.57188e-02
2.00401 3.37135e-02
2.02305 3.68164e-02
2.04208 2.10896e-02
2.06112 1.56981e-02
2.08016 1.52398e-02
2.09920 1.99851e-02
2.11824 2.15507e-02
2.13727 3.44766e-02
2.15631 2.17277e-02
2.17535 2.91018e-02
2.19439 1.81235e-02
2.21343 2.26857e-02
2.23246 1.76224e-02
2.25150 1.20553e-02
2.27054 1.32441e-02
2.28958 2.43039e-02
2.30862 2.12120e-02
2.32766 3.16853e-02
2.34669 3.42872e-02
2.36573 2.82517e-02
2.38477 2.00267e-02
2.40381 1.56245e-02
2.42285 1.29174e-02
2.44188 1.58227e-02
2.46092 1.33912e-02
2.47996 1.74253e-02
2.49900 1.64112e-02
2.51804 2.39775e-02
2.53707 2.11442e-02
2.55611 2.34721e-02
2.57515 1.88674e-02
2.59419 1.64435e-02
2.61323 1.90677e-02
2.63226 2.07460e-02
2.65130 3.10958e-02
2.67034 2.60994e-02
2.68938 2.67899e-02
2.70842 1.85716e-02
2.72745 1.94424e-02
2.74649 1.80308e-02
2.76553 2.44386e-02
2.78457 2.44150e-02
2.80361 1.59915e-02
2.82265 1.16434e-02
2.84168 1.59852e-02
2.86072 1.75349e-02
2.87976 2.46949e-02
2.89880 2.94060e-02
2.91784 2.58940e-02
2.93687 2.31987e-02
2.95591 2.49850e-02
2.97495 3.17726e-02
2.99399 2.98480e-02
3.01303 2.18951e-02
3.03206 1.77581e-02
3.05110 2.47731e-02
3.07014 2.73883e-02
3.08918 3.03471e-02
3.10822 2.84768e-02
3.12725 2.91087e-02
3.14629 3.54510e-02
3.16533 2.44707e-02
3.18437 2.56491e-02
3.20341 3.76967e-02
3.22244 3.12349e-02
3.24148 2.57428e-02
3.26052 2.07628e-02
3.27956 2.29770e-02
3.29860 2.56435e-02
3.31764 2.18611e-02
3.33667 1.81330e-02
3.35571 2.18081e-02
3.37475 2.82582e-02
3.39379 2.99800e-02
3.41283 1.86911e-02
3.43186 2.96740e-02
3.45090 3.36991e-02
3.46994 2.88274e-02
3.48898 3.42332e-02
3.50802 2.74874e-02
3.52705 3.44741e-02
3.54609 3.24607e-02
3.56513 2.44595e-02
3.58417 2.62170e-02
3.60321 1.57835e-02
3.62224 1.61585e-02
3.64128 2.34422e-02
3.66032 3.65439e-02
3.67936 3.96563e-02
3.69840 3.99775e-02
3.71743 2.58733e-02
3.73647 1.98017e-02
3.75551 2.27606e-02
3.77455 2.43726e-02
3.79359 2.74449e-02
3.81263 2.34531e-02
3.83166 3.65822e-02
3.85070 2.96116e-02
3.86974 3.31735e-02
3.88878 4.64520e-02
3.90782 4.37694e-02
3.92685 4.16333e-02
3.94589 3.76590e-02
3.96493 2.87207e-02
3.98397 2.00198e-02
4.00301 3.19544e-02
4.02204 3.26370e-02
4.04108 2.54143e-02
4.06012 3.79480e-02
4.07916 2.83710e-02
4.09820 2.55043e-02
4.11723 2.25385e-02
4.13627 5.30788e-02
4.15531 4.58804e-02
4.17435 4.36046e-02
4.19339 2.39922e-02
4.21242 2.29322e-02
4.23146 2.61590e-02
4.25050 2.55778e-02
4.26954 2.95543e-02
4.28858 2.53915e-02
4.30762 4.28719e-02
4.32665 2.36622e-02
4.34569 2.60712e-02
4.36473 3.92536e-02
4.38377 4.26593e-02
4.40281 3.09985e-02
4.42184 2.84432e-02
4.44088 3.60257e-02
4.45992 3.24397e-02
4.47896 3.13823e-02
4.49800 3.72643e-02
4.51703 3.09251e-02
4.53607 3.56917e-02
4.55511 4.20292e-02
4.57415 3.17640e-02
4.59319 3.20644e-02
4.61222 2.57728e-02
4.63126 3.39147e-02
4.65030 2.67435e-02
4.66934 2.40081e-02
4.68838 3.69868e-02
4.70741 4.86841e-02
4.72645 3.71309e-02
4.74549 3.30791e-02
4.76453 1.96717e-02
4.78357 2.64072e-02
4.80261 3.73594e-02
4.82164 1.88505e-02
4.84068 2.33377e-02
4.85972 2.17242e-02
4.87876 4.20012e-02
4.89780 3.34421e-02
4.91683 2.42326e-02
4.93587 2.63540e-02
4.95491 3.63755e-02
4.97395 6.26747e-02
4.99299 4.30731e-02
5.01202 4.19036e-02
5.03106 3.33185e-02
5.05010 2.56000e-02
5.06914 2.87155e-02
5.08818 4.18385e-02
5.10721 3.72269e-02
5.12625 3.09146e-02
5.14529 4.01374e-02
5.16433 2.66502e-02
5.18337 2.96301e-02
5.20240 3.08421e-02
5.22144 2.92190e-02
5.24048 5.10580e-02
5.25952 5.04333e-02
5.27856 4.88540e-02
5.29760 5.35863e-02
5.31663 5.17051e-02
5.33567 5.47103e-02
5.35471 4.91152e-02
5.37375 3.84231e-02
5.39279 4.46167e-02
5.41182 3.72900e-02
5.43086 4.70916e-02
5.44990 4.94554e-02
5.46894 4.00301e-02
5.48798 5.32212e-02
5.50701 6.03733e-02
5.52605 4.73628e-02
5.54509 3.30693e-02
5.56413 3.79038e-02
5.58317 2.51017e-02
5.60220 2.26674e-02
5.62124 2.13895e-02
5.64028 3.09413e-02
5.65932 2.68381e-02
5.67836 2.33732e-02
5.69739 2.48717e-02
5.71643 3.08505e-02
5.73547 3.63558e-02
5.75451 3.88376e-02
5.77355 2.77020e-02
5.79259 2.25039e-02
5.81162 3.01416e-02
5.83066 5.34836e-02
5.84970 3.94272e-02
5.86874 2.66913e-02
5.88778 3.10039e-02
5.90681 4.34317e-02
5.92585 4.13288e-02
5.94489 3.90812e-02
5.96393 4.31329e-02
5.98297 3.97878e-02
6.00200 4.24326e-02
6.02104 2.81547e-02
6.04008 2.43191e-02
6.05912 4.12041e-02
6.07816 5.33913e-02
6.09719 4.93950e-02
6.11623 5.15258e-02
6.13527 3.50486e-02
6.15431 3.84719e-02
6.17335 4.77936e-02
6.19238 4.38620e-02
6.21142 4.99479e-02
6.23046 4.74973e-02
6.24950 4.65280e-02
6.26854 4.06417e-02
6.28758 4.42893e-02
6.30661 3.89225e-02
6.32565 4.86393e-02
6.34469 5.18663e-02
6.36373 4.14211e-02
6.38277 4.67477e-02
6.40180 5.66007e-02
6.42084 5.09801e-02
6.43988 4.45158e-02
6.45892 5.34944e-02
6.47796 3.74256e-02
6.49699 3.20687e-02
6.51603 3.16142e-02
6.53507 4.54439e-02
6.55411 5.54224e-02
6.57315 5.42225e-02
6.59218 3.78425e-02
6.61122 3.50479e-02
6.63026 3.09830e-02
6.64930 3.37287e-02
6.66834 3.82553e-02
6.68737 4.51256e-02
6.70641 5.22779e-02
6.72545 5.38895e-02
6.74449 4.48679e-02
6.76353 4.02181e-02
6.78257 3.09697e-02
6.80160 5.17612e-02
6.82064 4.47318e-02
6.83968 4.41751e-02
6.85872 4.26598e-02
6.87776 3.37608e-02
6.89679 3.18100e-02
6.91583 4.50597e-02
6.93487 5.44047e-02
6.95391 5.28045e-02
6.97295 5.08459e-02
6.99198 5.59210e-02
7.01102 6.96330e-02
7.03006 4.98068e-02
7.04910 4.72923e-02
7.06814 3.81183e-02
7.08717 4.89017e-02
7.10621 4.25305e-02
7.12525 4.21365e-02
7.14429 3.91561e-02
7.16333 5.04862e-02
7.18236 3.75604e-02
7.20140 3.72422e-02
7.22044 5.19634e-02
7.23948 5.12849e-02
7.25852 4.40920e-02
7.27756 3.68391e-02
7.29659 5.01377e-02
7.31563 4.93392e-02
7.33467 4.21450e-02
7.35371 4.19250e-02
7.37275 4.03818e-02
7.39178 3.72220e-02
7.41082 3.75904e-02
7.42986 3.53918e-02
7.44890 3.14376e-02
7.46794 2.31178e-02
7.48697 2.52115e-02
7.50601 1.84886e-02
7.52505 2.33262e-02
7.54409 2.68448e-02
7.56313 2.39302e-02
7.58216 2.23441e-02
7.60120 2.62903e-02
7.62024 2.20380e-02
7.63928 1.84199e-02
7.65832 2.20239e-02
7.67735 3.38313e-02
7.69639 3.94077e-02
7.71543 4.79323e-02
7.73447 4.19824e-02
7.75351 3.10909e-02
7.77255 3.75387e-02
7.79158 4.07220e-02
7.81062 4.15662e-02
7.82966 3.75403e-02
7.84870 3.23526e-02
7.86774 2.82847e-02
7.88677 2.49661e-02
7.90581 2.28400e-02
7.92485 1.93622e-02
7.94389 2.23902e-02
7.96293 2.43227e-02
7.98196 2.84938e-02
8.00100 2.76597e-02
8.02004 3.10797e-02
8.03908 2.12651e-02
8.05812 1.90563e-02
8.07715 2.13562e-02
8.09619 2.17924e-02
8.11523 1.82477e-02
8.13427 1.73253e-02
8.15331 1.75060e-02
8.17234 3.28523e-02
8.19138 2.50654e-02
8.21042 2.41106e-02
8.22946 3.13040e-02
8.24850 3.44606e-02
8.26754 3.57587e-02
8.28657 2.69212e-02
8.30561 3.10002e-02
8.32465 2.83124e-02
8.34369 1.93244e-02
8.36273 2.52103e-02
8.38176 3.06699e-02
8.40080 2.90878e-02
8.41984 2.68671e-02
8.43888 2.08142e-02
8.45792 2.37545e-02
8.47695 1.77435e-02
8.49599 1.70581e-02
8.51503 2.41837e-02
8.53407 2.22381e-02
8.55311 2.24753e-02
8.57214 3.05658e-02
8.59118 3.90392e-02
8.61022 3.86093e-02
8.62926 2.52051e-02
8.64830 2.96232e-02
8.66733 3.75850e-02
8.68637 2.86613e-02
8.70541 2.29699e-02
8.72445 1.57149e-02
8.74349 1.63801e-02
8.76253 2.04153e-02
8.78156 1.96938e-02
8.80060 2.75852e-02
8.81964 2.24403e-02
8.83868 2.51258e-02
8.85772 2.18732e-02
8.87675 2.41912e-02
8.89579 3.65393e-02
8.91483 2.76755e-02
8.93387 2.02819e-02
8.95291 2.42030e-02
8.97194 2.69349e-02
8.99098 3.45678e-02
9.01002 1.93194e-02
9.02906 2.31052e-02
9.04810 1.57609e-02
9.06713 2.23629e-02
9.08617 2.27703e-02
9.10521 2.63234e-02
9.12425 3.15984e-02
9.14329 3.23022e-02
9.16232 2.12769e-02
9.18136 1.05898e-02
9.20040 1.31487e-02
9.21944 1.19336e-02
9.23848 1.92238e-02
9.25752 1.65733e-02
9.27655 1.64943e-02
9.29559 1.14902e-02
9.31463 1.02858e-02
9.33367 2.30843e-02
9.35271 2.41555e-02
9.37174 1.56045e-02
9.39078 2.09715e-02
9.40982 1.82379e-02
9.42886 2.23088e-02
9.44790 2.80727e-02
9.46693 2.94049e-02
9.48597 2.73989e-02
9.50501 2.80047e-02
9.52405 2.91258e-02
9.54309 2.44435e-02
9.56212 2.15276e-02
9.58116 1.58910e-02
9.60020 2.79016e-02
9.61924 2.43018e-02
9.63828 1.40979e-02
9.65731 1.05980e-02
9.67635 2.06454e-02
9.69539 2.49339e-02
9.71443 2.33436e-02
9.73347 1.60455e-02
9.75251 1.71404e-02
9.77154 1.65464e-02
9.79058 2.61219e-02
9.80962 3.33652e-02
9.82866 1.86987e-02
9.84770 1.14891e-02
9.86673 1.34540e-02
9.88577 1.72375e-02
9.90481 2.56399e-02
9.92385 1.63737e-02
9.94289 2.03894e-02
9.96192 2.32722e-02
9.98096 1.75220e-02
10.00000 1.63775e-02
