0.50000 1.11392e-01
0.51904 1.14279e-01
0.53808 1.16846e-01
0.55711 1.20367e-01
0.57615 1.25124e-01
0.59519 1.30429e-01
0.61423 1.35325e-01
0.63327 1.39309e-01
0.65230 1.42540e-01
0.67134 1.45548e-01
0.69038 1.48812e-01
0.70942 1.52516e-01
0.72846 1.56556e-01
0.74749 1.60701e-01
0.76653 1.64736e-01
0.78557 1.68541e-01
0.80461 1.72083e-01
0.82365 1.75381e-01
0.84269 1.78470e-01
0.86172 1.81389e-01
0.88076 1.84185e-01
0.89980 1.86914e-01
0.91884 1.89651e-01
0.93788 1.92469e-01
0.95691 1.95428e-01
0.97595 1.98555e-01
0.99499 2.01836e-01
1.01403 2.05222e-01
1.03307 2.08643e-01
1.05210 2.12022e-01
1.07114 2.15293e-01
1.09018 2.18412e-01
1.10922 2.21365e-01
1.12826 2.24169e-01
1.14729 2.26864e-01
1.16633 2.29507e-01
1.18537 2.32150e-01
1.20441 2.34827e-01
1.22345 2.37545e-01
1.24248 2.40299e-01
1.26152 2.43045e-01
1.28056 2.45738e-01
1.29960 2.48335e-01
1.31864 2.50794e-01
1.33768 2.53086e-01
1.35671 2.55194e-01
1.37575 2.57112e-01
1.39479 2.58848e-01
1.41383 2.60424e-01
1.43287 2.61871e-01
1.45190 2.63226e-01
1.47094 2.64532e-01
1.48998 2.65830e-01
1.50902 2.67159e-01
1.52806 2.68548e-01
1.54709 2.70019e-01
1.56613 2.71579e-01
1.58517 2.73222e-01
1.60421 2.74928e-01
1.62325 2.76665e-01
1.64228 2.78395e-01
1.66132 2.80082e-01
1.68036 2.81700e-01
1.69940 2.83250e-01
1.71844 2.84761e-01
1.73747 2.86301e-01
1.75651 2.87962e-01
1.77555 2.89850e-01
1.79459 2.92056e-01
1.81363 2.94632e-01
1.83267 2.97572e-01
1.85170 3.00807e-01
1.87074 3.04204e-01
1.88978 3.07572e-01
1.90882 3.10673e-01
1.92786 3.13257e-01
1.94689 3.15126e-01
1.96593 3.16202e-01
1.98497 3.16551e-01
2.00401 3.16363e-01
2.02305 3.15878e-01
2.04208 3.15318e-01
2.06112 3.14857e-01
2.08016 3.14608e-01
2.09920 3.14631e-01
2.11824 3.14939e-01
2.13727 3.15501e-01
2.15631 3.16251e-01
2.17535 3.17099e-01
2.19439 3.17943e-01
2.21343 3.18682e-01
2.23246 3.19217e-01
2.25150 3.19458e-01
2.27054 3.19331e-01
2.28958 3.18785e-01
2.30862 3.17805e-01
2.32766 3.16418e-01
2.34669 3.14700e-01
2.36573 3.12773e-01
2.38477 3.10795e-01
2.40381 3.08946e-01
2.42285 3.07402e-01
2.44188 3.06320e-01
2.46092 3.05816e-01
2.47996 3.05952e-01
2.49900 3.06734e-01
2.51804 3.08111e-01
2.53707 3.09989e-01
2.55611 3.12247e-01
2.57515 3.14754e-01
2.59419 3.17377e-01
2.61323 3.20006e-01
2.63226 3.22554e-01
2.65130 3.24963e-01
2.67034 3.27208e-01
2.68938 3.29283e-01
2.70842 3.31207e-01
2.72745 3.33010e-01
2.74649 3.34727e-01
2.76553 3.36399e-01
2.78457 3.38065e-01
2.80361 3.39760e-01
2.82265 3.41516e-01
2.84168 3.43361e-01
2.86072 3.45313e-01
2.87976 3.47387e-01
2.89880 3.49582e-01
2.91784 3.51886e-01
2.93687 3.54272e-01
2.95591 3.56698e-01
2.97495 3.59117e-01
2.99399 3.61486e-01
3.01303 3.63786e-01
3.03206 3.66026e-01
3.05110 3.68259e-01
3.07014 3.70569e-01
3.08918 3.73051e-01
3.10822 3.75778e-01
3.12725 3.78781e-01
3.14629 3.82050e-01
3.16533 3.85460e-01
3.18437 3.88854e-01
3.20341 3.92070e-01
3.22244 3.94963e-01
3.24148 3.97457e-01
3.26052 3.99569e-01
3.27956 4.01411e-01
3.29860 4.03165e-01
3.31764 4.05042e-01
3.33667 4.07233e-01
3.35571 4.09861e-01
3.37475 4.12967e-01
3.39379 4.16504e-01
3.41283 4.20368e-01
3.43186 4.24431e-01
3.45090 4.28571e-01
3.46994 4.32703e-01
3.48898 4.36783e-01
3.50802 4.40804e-01
3.52705 4.44774e-01
3.54609 4.48687e-01
3.56513 4.52498e-01
3.58417 4.56099e-01
3.60321 4.59338e-01
3.62224 4.62058e-01
3.64128 4.64160e-01
3.66032 4.65622e-01
3.67936 4.66468e-01
3.69840 4.66794e-01
3.71743 4.66963e-01
3.73647 4.67874e-01
3.75551 4.70769e-01
3.77455 4.76177e-01
3.79359 4.82647e-01
3.81263 4.86936e-01
3.83166 4.86484e-01
3.85070 4.82153e-01
3.86974 4.77832e-01
3.88878 4.76430e-01
3.90782 4.76444e-01
3.92685 4.73387e-01
3.94589 4.64796e-01
3.96493 4.53194e-01
3.98397 4.43857e-01
4.00301 4.40240e-01
4.02204 4.41857e-01
4.04108 4.45849e-01
4.06012 4.49681e-01
4.07916 4.52400e-01
4.09820 4.54227e-01
4.11723 4.55676e-01
4.13627 4.57099e-01
4.15531 4.58675e-01
4.17435 4.60512e-01
4.19339 4.62672e-01
4.21242 4.65141e-01
4.23146 4.67811e-01
4.25050 4.70501e-01
4.26954 4.73013e-01
4.28858 4.75183e-01
4.30762 4.76921e-01
4.32665 4.78226e-01
4.34569 4.79173e-01
4.36473 4.79892e-01
4.38377 4.80535e-01
4.40281 4.81240e-01
4.42184 4.82114e-01
4.44088 4.83209e-01
4.45992 4.84521e-01
4.47896 4.85996e-01
4.49800 4.87542e-01
4.51703 4.89046e-01
4.53607 4.90395e-01
4.55511 4.91493e-01
4.57415 4.92274e-01
4.59319 4.92711e-01
4.61222 4.92820e-01
4.63126 4.92652e-01
4.65030 4.92290e-01
4.66934 4.91837e-01
4.68838 4.91404e-01
4.70741 4.91103e-01
4.72645 4.91036e-01
4.74549 4.91290e-01
4.76453 4.91936e-01
4.78357 4.93023e-01
4.80261 4.94578e-01
4.82164 4.96603e-01
4.84068 4.99071e-01
4.85972 5.01945e-01
4.87876 5.05190e-01
4.89780 5.08786e-01
4.91683 5.12650e-01
4.93587 5.16508e-01
4.95491 5.19864e-01
4.97395 5.22522e-01
4.99299 5.24709e-01
5.01202 5.30971e-01
5.03106 6.28372e-01
5.05010 5.46557e-01
5.06914 5.52964e-01
5.08818 5.57097e-01
5.10721 5.55389e-01
5.12625 5.50063e-01
5.14529 5.45401e-01
5.16433 5.44252e-01
5.18337 5.46553e-01
5.20240 5.50530e-01
5.22144 5.54697e-01
5.24048 5.58733e-01
5.25952 5.63058e-01
5.27856 5.68069e-01
5.29760 5.73687e-01
5.31663 5.79562e-01
5.33567 5.86261e-01
5.35471 5.87538e-01
5.37375 5.88751e-01
5.39279 5.88282e-01
5.41182 5.86545e-01
5.43086 5.84152e-01
5.44990 5.81647e-01
5.46894 5.79303e-01
5.48798 5.77034e-01
5.50701 5.74476e-01
5.52605 5.71340e-01
5.54509 5.67979e-01
5.56413 5.65557e-01
5.58317 5.65097e-01
5.60220 5.66079e-01
5.62124 5.66557e-01
5.64028 5.65232e-01
5.65932 5.62830e-01
5.67836 5.60605e-01
5.69739 5.58944e-01
5.71643 5.58009e-01
5.73547 5.68804e-01
5.75451 5.49973e-01
5.77355 5.47158e-01
5.79259 5.46486e-01
5.81162 5.46966e-01
5.83066 5.48466e-01
5.84970 5.50676e-01
5.86874 5.53316e-01
5.88778 5.56211e-01
5.90681 5.59272e-01
5.92585 5.62463e-01
5.94489 5.65770e-01
5.96393 5.69184e-01
5.98297 5.72697e-01
6.00200 5.76298e-01
6.02104 5.79985e-01
6.04008 5.83768e-01
6.05912 5.87670e-01
6.07816 5.91733e-01
6.09719 5.95999e-01
6.11623 6.00496e-01
6.13527 6.05218e-01
6.15431 6.10104e-01
6.17335 6.15031e-01
6.19238 6.19837e-01
6.21142 6.24354e-01
6.23046 6.28475e-01
6.24950 6.32208e-01
6.26854 6.35686e-01
6.28758 6.39091e-01
6.30661 6.42517e-01
6.32565 6.45869e-01
6.34469 6.48971e-01
6.36373 6.51960e-01
6.38277 6.55649e-01
6.40180 6.60738e-01
6.42084 6.66392e-01
6.43988 6.71969e-01
6.45892 6.84338e-01
6.47796 7.05582e-01
6.49699 7.13893e-01
6.51603 6.96384e-01
6.53507 6.75078e-01
6.55411 6.66584e-01
6.57315 6.63686e-01
6.59218 6.59663e-01
6.61122 6.55362e-01
6.63026 6.51790e-01
6.64930 6.48748e-01
6.66834 6.46389e-01
6.68737 6.44398e-01
6.70641 6.43541e-01
6.72545 6.50253e-01
6.74449 6.57589e-01
6.76353 6.54488e-01
6.78257 6.53765e-01
6.80160 6.57973e-01
6.82064 6.60868e-01
6.83968 6.62679e-01
6.85872 6.63884e-01
6.87776 6.64567e-01
6.89679 6.65070e-01
6.91583 6.65748e-01
6.93487 6.67020e-01
6.95391 6.69330e-01
6.97295 6.72778e-01
6.99198 6.76603e-01
7.01102 6.79148e-01
7.03006 6.78666e-01
7.04910 6.74515e-01
7.06814 6.67718e-01
7.08717 6.60397e-01
7.10621 6.54657e-01
7.12525 6.51841e-01
7.14429 6.52405e-01
7.16333 6.55870e-01
7.18236 6.60701e-01
7.20140 6.65690e-01
7.22044 6.65686e-01
7.23948 6.76830e-01
7.25852 6.89547e-01
7.27756 6.60944e-01
7.29659 6.47849e-01
7.31563 6.39864e-01
7.33467 6.28532e-01
7.35371 6.16879e-01
7.37275 6.06006e-01
7.39178 5.97262e-01
7.41082 5.89857e-01
7.42986 5.85664e-01
7.44890 5.73269e-01
7.46794 5.66189e-01
7.48697 5.63712e-01
7.50601 5.47851e-01
7.52505 5.05642e-01
7.54409 4.77967e-01
7.56313 4.59683e-01
7.58216 4.48699e-01
7.60120 4.42161e-01
7.62024 4.38244e-01
7.63928 4.35551e-01
7.65832 4.33221e-01
7.67735 4.30806e-01
7.69639 4.28092e-01
7.71543 4.25078e-01
7.73447 4.21895e-01
7.75351 4.18714e-01
7.77255 4.15681e-01
7.79158 4.12897e-01
7.81062 4.10404e-01
7.82966 4.08200e-01
7.84870 4.06255e-01
7.86774 4.04521e-01
7.88677 4.02951e-01
7.90581 4.01496e-01
7.92485 4.00119e-01
7.94389 3.98790e-01
7.96293 3.97491e-01
7.98196 3.96212e-01
8.00100 3.94958e-01
8.02004 3.93740e-01
8.03908 3.92578e-01
8.05812 3.91501e-01
8.07715 3.90541e-01
8.09619 3.89731e-01
8.11523 3.89106e-01
8.13427 3.88695e-01
8.15331 3.88519e-01
8.17234 3.88587e-01
8.19138 3.88897e-01
8.21042 3.89427e-01
8.22946 3.90145e-01
8.24850 3.91002e-01
8.26754 3.91940e-01
8.28657 3.92896e-01
8.30561 3.93804e-01
8.32465 3.94605e-01
8.34369 3.95247e-01
8.36273 3.95692e-01
8.38176 3.95915e-01
8.40080 3.95907e-01
8.41984 3.95672e-01
8.43888 3.95226e-01
8.45792 3.94591e-01
8.47695 3.93792e-01
8.49599 3.92851e-01
8.51503 3.91787e-01
8.53407 3.90609e-01
8.55311 3.89322e-01
8.57214 3.87919e-01
8.59118 3.86392e-01
8.61022 3.84731e-01
8.62926 3.82926e-01
8.64830 3.80975e-01
8.66733 3.78883e-01
8.68637 3.76663e-01
8.70541 3.74337e-01
8.72445 3.71933e-01
8.74349 3.69483e-01
8.76253 3.67018e-01
8.78156 3.64564e-01
8.80060 3.62143e-01
8.81964 3.59767e-01
8.83868 3.57440e-01
8.85772 3.55159e-01
8.87675 3.52914e-01
8.89579 3.50692e-01
8.91483 3.48481e-01
8.93387 3.46270e-01
8.95291 3.44053e-01
8.97194 3.41827e-01
8.99098 3.39598e-01
9.01002 3.37375e-01
9.02906 3.35170e-01
9.04810 3.33000e-01
9.06713 3.30881e-01
9.08617 3.28828e-01
9.10521 3.26855e-01
9.12425 3.24970e-01
9.14329 3.23182e-01
9.16232 3.21492e-01
9.18136 3.19900e-01
9.20040 3.18402e-01
9.21944 3.16993e-01
9.23848 3.15669e-01
9.25752 3.14423e-01
9.27655 3.13252e-01
9.29559 3.12155e-01
9.31463 3.11132e-01
9.33367 3.10189e-01
9.35271 3.09330e-01
9.37174 3.08564e-01
9.39078 3.07897e-01
9.40982 3.07337e-01
9.42886 3.06887e-01
9.44790 3.06545e-01
9.46693 3.06303e-01
9.48597 3.06148e-01
9.50501 3.06056e-01
9.52405 3.05997e-01
9.54309 3.05935e-01
9.56212 3.05829e-01
9.58116 3.05635e-01
9.60020 3.05314e-01
9.61924 3.04833e-01
9.63828 3.04168e-01
9.65731 3.03302e-01
9.67635 3.02222e-01
9.69539 3.00909e-01
9.71443 2.99334e-01
9.73347 2.97465e-01
9.75251 2.95294e-01
9.77154 2.92866e-01
9.79058 2.90318e-01
9.80962 2.87880e-01
9.82866 2.85831e-01
9.84770 2.84420e-01
9.86673 2.83749e-01
9.88577 2.83714e-01
9.90481 2.83994e-01
9.92385 2.84153e-01
9.94289 2.83780e-01
9.96192 2.82637e-01
9.98096 2.80734e-01
10.00000 2.78312e-01
