  300.00 -8.00000  5.58889e+14  5.58889e+14  5.58889e+14 -2.08900e+13 -2.08900e+13  2.08900e+13
  300.00 -7.97595  6.23697e+14  6.23697e+14  6.23697e+14 -1.93769e+13 -1.93769e+13  1.93769e+13
  300.00 -7.95190  7.05972e+14  7.05972e+14  7.05972e+14 -1.55840e+13 -1.55840e+13  1.55840e+13
  300.00 -7.92786  8.09634e+14  8.09634e+14  8.09634e+14 -1.21455e+13 -1.21455e+13  1.21455e+13
  300.00 -7.90381  9.25219e+14  9.25219e+14  9.25219e+14 -1.14569e+13 -1.14569e+13  1.14569e+13
  300.00 -7.87976  1.05208e+15  1.05208e+15  1.05208e+15 -1.42519e+13 -1.42519e+13  1.42519e+13
  300.00 -7.85571  1.18378e+15  1.18378e+15  1.18378e+15 -1.82802e+13 -1.82802e+13  1.82802e+13
  300.00 -7.83166  1.20381e+15  1.20381e+15  1.20381e+15 -1.71679e+13 -1.71679e+13  1.71679e+13
  300.00 -7.80762  1.20810e+15  1.20810e+15  1.20810e+15 -1.04532e+13 -1.04532e+13  1.04532e+13
  300.00 -7.78357  1.21414e+15  1.21414e+15  1.21414e+15 -1.53215e+12 -1.53214e+12  1.53216e+12
  300.00 -7.75952  1.24933e+15  1.24933e+15  1.24933e+15  4.43534e+12  4.43534e+12 -4.43533e+12
  300.00 -7.73547  1.31473e+15  1.31473e+15  1.31473e+15  4.60915e+12  4.60915e+12 -4.60914e+12
  300.00 -7.71142  1.37965e+15  1.37965e+15  1.37965e+15  2.74338e+11  2.74325e+11 -2.74317e+11
  300.00 -7.68737  1.42190e+15  1.42190e+15  1.42190e+15 -4.35372e+12 -4.35373e+12  4.35374e+12
  300.00 -7.66333  1.44658e+15  1.44658e+15  1.44658e+15 -6.54446e+12 -6.54448e+12  6.54449e+12
  300.00 -7.63928  1.46651e+15  1.46651e+15  1.46651e+15 -7.44967e+12 -7.44970e+12  7.44970e+12
  300.00 -7.61523  1.48290e+15  1.48290e+15  1.48290e+15 -8.66143e+12 -8.66145e+12  8.66146e+12
  300.00 -7.59118  1.47806e+15  1.47806e+15  1.47806e+15 -9.87008e+12 -9.87010e+12  9.87011e+12
  300.00 -7.56713  1.44903e+15  1.44903e+15  1.44903e+15 -1.15889e+13 -1.15889e+13  1.15889e+13
  300.00 -7.54309  1.41693e+15  1.41693e+15  1.41693e+15 -1.34644e+13 -1.34644e+13  1.34644e+13
  300.00 -7.51904  1.39699e+15  1.39699e+15  1.39699e+15 -1.50913e+13 -1.50913e+13  1.50913e+13
  300.00 -7.49499  1.38554e+15  1.38554e+15  1.38554e+15 -1.61495e+13 -1.61495e+13  1.61495e+13
  300.00 -7.47094  1.37083e+15  1.37083e+15  1.37083e+15 -1.51286e+13 -1.51286e+13  1.51286e+13
  300.00 -7.44689  1.36308e+15  1.36308e+15  1.36308e+15 -9.72114e+12 -9.72115e+12  9.72115e+12
  300.00 -7.42285  1.38527e+15  1.38527e+15  1.38527e+15 -2.49244e+12 -2.49244e+12  2.49243e+12
  300.00 -7.39880  1.43827e+15  1.43827e+15  1.43827e+15 -2.26478e+11 -2.26476e+11  2.26469e+11
  300.00 -7.37475  1.48670e+15  1.48670e+15  1.48670e+15 -4.46704e+12 -4.46704e+12  4.46703e+12
  300.00 -7.35070  1.49866e+15  1.49866e+15  1.49866e+15 -8.07943e+12 -8.07942e+12  8.07942e+12
  300.00 -7.32665  1.49394e+15  1.49394e+15  1.49394e+15 -4.95396e+12 -4.95394e+12  4.95395e+12
  300.00 -7.30261  1.52192e+15  1.52192e+15  1.52192e+15  3.07765e+12  3.07767e+12 -3.07766e+12
  300.00 -7.27856  1.59432e+15  1.59432e+15  1.59432e+15  1.11633e+13  1.11633e+13 -1.11633e+13
  300.00 -7.25451  1.68699e+15  1.68699e+15  1.68699e+15  1.49595e+13  1.49596e+13 -1.49596e+13
  300.00 -7.23046  1.77696e+15  1.77696e+15  1.77696e+15  1.31177e+13  1.31177e+13 -1.31177e+13
  300.00 -7.20641  1.84560e+15  1.84560e+15  1.84560e+15  8.80629e+12  8.80631e+12 -8.80630e+12
  300.00 -7.18236  1.89399e+15  1.89399e+15  1.89399e+15  5.71368e+12  5.71370e+12 -5.71368e+12
  300.00 -7.15832  1.93127e+15  1.93127e+15  1.93127e+15  3.73038e+12  3.73041e+12 -3.73038e+12
  300.00 -7.13427  1.94872e+15  1.94872e+15  1.94872e+15  2.99370e+12  2.99373e+12 -2.99370e+12
  300.00 -7.11022  1.93085e+15  1.93085e+15  1.93085e+15  4.67175e+12  4.67178e+12 -4.67175e+12
  300.00 -7.08617  1.90211e+15  1.90211e+15  1.90211e+15  7.17001e+12  7.17004e+12 -7.17001e+12
  300.00 -7.06212  1.92515e+15  1.92515e+15  1.92515e+15  7.55231e+12  7.55233e+12 -7.55232e+12
  300.00 -7.03808  1.99707e+15  1.99707e+15  1.99707e+15  4.89194e+12  4.89196e+12 -4.89195e+12
  300.00 -7.01403  2.04609e+15  2.04609e+15  2.04609e+15  2.04804e+12  2.04806e+12 -2.04805e+12
  300.00 -6.98998  2.03960e+15  2.03960e+15  2.03960e+15  1.47266e+12  1.47268e+12 -1.47267e+12
  300.00 -6.96593  2.00897e+15  2.00897e+15  2.00897e+15  1.85134e+12  1.85135e+12 -1.85134e+12
  300.00 -6.94188  1.99734e+15  1.99734e+15  1.99734e+15  2.89338e+12  2.89338e+12 -2.89337e+12
  300.00 -6.91784  2.03364e+15  2.03364e+15  2.03364e+15  5.02958e+12  5.02959e+12 -5.02958e+12
  300.00 -6.89379  2.10649e+15  2.10649e+15  2.10649e+15  6.40111e+12  6.40111e+12 -6.40111e+12
  300.00 -6.86974  2.17836e+15  2.17836e+15  2.17836e+15  6.26541e+12  6.26540e+12 -6.26542e+12
  300.00 -6.84569  2.23177e+15  2.23177e+15  2.23177e+15  4.13882e+12  4.13881e+12 -4.13883e+12
  300.00 -6.82164  2.27918e+15  2.27918e+15  2.27918e+15  2.01164e+12  2.01164e+12 -2.01165e+12
  300.00 -6.79760  2.32245e+15  2.32245e+15  2.32245e+15  3.88668e+12  3.88668e+12 -3.88668e+12
  300.00 -6.77355  2.35011e+15  2.35011e+15  2.35011e+15  6.90919e+12  6.90918e+12 -6.90919e+12
  300.00 -6.74950  2.37865e+15  2.37865e+15  2.37865e+15  6.84384e+12  6.84383e+12 -6.84384e+12
  300.00 -6.72545  2.43521e+15  2.43521e+15  2.43521e+15  3.29704e+12  3.29703e+12 -3.29705e+12
  300.00 -6.70140  2.51827e+15  2.51827e+15  2.51827e+15 -1.49688e+12 -1.49689e+12  1.49688e+12
  300.00 -6.67735  2.60885e+15  2.60885e+15  2.60885e+15 -4.18109e+12 -4.18109e+12  4.18108e+12
  300.00 -6.65331  2.68557e+15  2.68557e+15  2.68557e+15 -4.40114e+12 -4.40113e+12  4.40111e+12
  300.00 -6.62926  2.71800e+15  2.71800e+15  2.71800e+15 -4.32804e+12 -4.32803e+12  4.32802e+12
  300.00 -6.60521  2.69736e+15  2.69736e+15  2.69736e+15 -5.11145e+12 -5.11143e+12  5.11143e+12
  300.00 -6.58116  2.66808e+15  2.66808e+15  2.66808e+15 -6.06249e+12 -6.06248e+12  6.06248e+12
  300.00 -6.55711  2.67650e+15  2.67650e+15  2.67650e+15 -4.28878e+12 -4.28877e+12  4.28877e+12
  300.00 -6.53307  2.72773e+15  2.72773e+15  2.72773e+15 -1.48950e+12 -1.48949e+12  1.48948e+12
  300.00 -6.50902  2.79595e+15  2.79595e+15  2.79595e+15 -3.48118e+12 -3.48118e+12  3.48117e+12
  300.00 -6.48497  2.84960e+15  2.84960e+15  2.84960e+15 -7.11035e+12 -7.11034e+12  7.11033e+12
  300.00 -6.46092  2.88245e+15  2.88245e+15  2.88245e+15 -6.34837e+12 -6.34835e+12  6.34835e+12
  300.00 -6.43687  2.90628e+15  2.90628e+15  2.90628e+15 -2.12919e+12 -2.12918e+12  2.12918e+12
  300.00 -6.41283  2.92123e+15  2.92123e+15  2.92123e+15  2.26794e+12  2.26795e+12 -2.26795e+12
  300.00 -6.38878  2.91897e+15  2.91897e+15  2.91897e+15  5.02870e+12  5.02871e+12 -5.02871e+12
  300.00 -6.36473  2.90819e+15  2.90819e+15  2.90819e+15  5.42007e+12  5.42007e+12 -5.42007e+12
  300.00 -6.34068  2.91605e+15  2.91605e+15  2.91605e+15  4.36935e+12  4.36935e+12 -4.36935e+12
  300.00 -6.31663  2.95211e+15  2.95211e+15  2.95211e+15  4.14019e+12  4.14018e+12 -4.14019e+12
  300.00 -6.29259  3.00250e+15  3.00250e+15  3.00250e+15  4.80954e+12  4.80954e+12 -4.80954e+12
  300.00 -6.26854  3.06190e+15  3.06190e+15  3.06190e+15  4.31377e+12  4.31377e+12 -4.31378e+12
  300.00 -6.24449  3.12731e+15  3.12731e+15  3.12731e+15  3.54456e+12  3.54456e+12 -3.54457e+12
  300.00 -6.22044  3.17101e+15  3.17101e+15  3.17101e+15  5.28208e+12  5.28208e+12 -5.28208e+12
  300.00 -6.19639  3.17964e+15  3.17964e+15  3.17964e+15  6.47451e+12  6.47451e+12 -6.47452e+12
  300.00 -6.17234  3.18698e+15  3.18698e+15  3.18698e+15  3.56466e+12  3.56467e+12 -3.56467e+12
  300.00 -6.14830  3.21372e+15  3.21372e+15  3.21372e+15 -6.06937e+10 -6.06913e+10  6.06868e+10
  300.00 -6.12425  3.24906e+15  3.24906e+15  3.24906e+15 -1.60319e+12 -1.60319e+12  1.60319e+12
  300.00 -6.10020  3.29395e+15  3.29395e+15  3.29395e+15 -1.56053e+12 -1.56053e+12  1.56053e+12
  300.00 -6.07615  3.35567e+15  3.35567e+15  3.35567e+15 -1.58737e+12 -1.58736e+12  1.58736e+12
  300.00 -6.05210  3.41458e+15  3.41458e+15  3.41458e+15 -2.23457e+12 -2.23457e+12  2.23457e+12
  300.00 -6.02806  3.44272e+15  3.44272e+15  3.44272e+15 -2.38860e+12 -2.38860e+12  2.38860e+12
  300.00 -6.00401  3.43142e+15  3.43142e+15  3.43142e+15 -1.91173e+12 -1.91173e+12  1.91173e+12
  300.00 -5.97996  3.39305e+15  3.39305e+15  3.39305e+15 -1.90221e+12 -1.90220e+12  1.90220e+12
  300.00 -5.95591  3.34893e+15  3.34893e+15  3.34893e+15 -2.93932e+12 -2.93931e+12  2.93931e+12
  300.00 -5.93186  3.35223e+15  3.35223e+15  3.35223e+15 -4.80035e+12 -4.80034e+12  4.80034e+12
  300.00 -5.90782  3.41657e+15  3.41657e+15  3.41657e+15 -4.94479e+12 -4.94478e+12  4.94479e+12
  300.00 -5.88377  3.46147e+15  3.46147e+15  3.46147e+15 -2.43724e+12 -2.43723e+12  2.43724e+12
  300.00 -5.85972  3.44101e+15  3.44101e+15  3.44101e+15  5.64035e+10  5.64097e+10 -5.64067e+10
  300.00 -5.83567  3.39799e+15  3.39799e+15  3.39799e+15  4.26435e+11  4.26439e+11 -4.26440e+11
  300.00 -5.81162  3.36907e+15  3.36907e+15  3.36907e+15 -6.49116e+11 -6.49114e+11  6.49111e+11
  300.00 -5.78758  3.35180e+15  3.35180e+15  3.35180e+15 -1.28767e+12 -1.28767e+12  1.28767e+12
  300.00 -5.76353  3.34345e+15  3.34345e+15  3.34345e+15 -1.43607e+12 -1.43607e+12  1.43606e+12
  300.00 -5.73948  3.35149e+15  3.35149e+15  3.35149e+15 -1.79741e+12 -1.79741e+12  1.79741e+12
  300.00 -5.71543  3.37160e+15  3.37160e+15  3.37160e+15 -1.79730e+12 -1.79730e+12  1.79729e+12
  300.00 -5.69138  3.39586e+15  3.39586e+15  3.39586e+15 -8.64437e+11 -8.64434e+11  8.64434e+11
  300.00 -5.66733  3.41417e+15  3.41417e+15  3.41417e+15 -7.48096e+10 -7.48074e+10  7.48106e+10
  300.00 -5.64329  3.38875e+15  3.38875e+15  3.38875e+15 -7.75914e+10 -7.75904e+10  7.75951e+10
  300.00 -5.61924  3.31057e+15  3.31057e+15  3.31057e+15 -5.68172e+11 -5.68173e+11  5.68177e+11
  300.00 -5.59519  3.23206e+15  3.23206e+15  3.23206e+15 -1.04846e+12 -1.04846e+12  1.04847e+12
  300.00 -5.57114  3.19408e+15  3.19408e+15  3.19408e+15 -1.31101e+12 -1.31102e+12  1.31102e+12
  300.00 -5.54709  3.19301e+15  3.19301e+15  3.19301e+15 -1.12598e+12 -1.12598e+12  1.12598e+12
  300.00 -5.52305  3.19993e+15  3.19993e+15  3.19993e+15 -1.01277e+12 -1.01277e+12  1.01277e+12
  300.00 -5.49900  3.17592e+15  3.17592e+15  3.17592e+15 -8.91370e+11 -8.91365e+11  8.91373e+11
  300.00 -5.47495  3.11476e+15  3.11476e+15  3.11476e+15  6.52626e+10  6.52679e+10 -6.52615e+10
  300.00 -5.45090  3.03552e+15  3.03552e+15  3.03552e+15  1.11397e+12  1.11398e+12 -1.11397e+12
  300.00 -5.42685  2.96457e+15  2.96457e+15  2.96457e+15  1.52439e+12  1.52439e+12 -1.52439e+12
  300.00 -5.40281  2.91170e+15  2.91170e+15  2.91170e+15  1.37648e+12  1.37648e+12 -1.37648e+12
  300.00 -5.37876  2.87511e+15  2.87511e+15  2.87511e+15  5.75492e+11  5.75494e+11 -5.75492e+11
  300.00 -5.35471  2.86995e+15  2.86995e+15  2.86995e+15 -1.27676e+11 -1.27671e+11  1.27671e+11
  300.00 -5.33066  2.89881e+15  2.89881e+15  2.89881e+15  1.46024e+11  1.46033e+11 -1.46034e+11
  300.00 -5.30661  2.91880e+15  2.91880e+15  2.91880e+15  6.64454e+11  6.64465e+11 -6.64466e+11
  300.00 -5.28257  2.89261e+15  2.89261e+15  2.89261e+15  5.42460e+11  5.42469e+11 -5.42469e+11
  300.00 -5.25852  2.83659e+15  2.83659e+15  2.83659e+15  1.00428e+11  1.00435e+11 -1.00435e+11
  300.00 -5.23447  2.78239e+15  2.78239e+15  2.78239e+15 -2.03881e+11 -2.03877e+11  2.03874e+11
  300.00 -5.21042  2.76975e+15  2.76975e+15  2.76975e+15 -1.22340e+12 -1.22339e+12  1.22339e+12
  300.00 -5.18637  2.81888e+15  2.81888e+15  2.81888e+15 -2.73881e+12 -2.73881e+12  2.73881e+12
  300.00 -5.16232  2.89423e+15  2.89423e+15  2.89423e+15 -3.74404e+12 -3.74404e+12  3.74403e+12
  300.00 -5.13828  2.94519e+15  2.94519e+15  2.94519e+15 -4.37627e+12 -4.37627e+12  4.37627e+12
  300.00 -5.11423  2.95782e+15  2.95782e+15  2.95782e+15 -5.37247e+12 -5.37247e+12  5.37247e+12
  300.00 -5.09018  2.95116e+15  2.95116e+15  2.95116e+15 -6.16341e+12 -6.16341e+12  6.16341e+12
  300.00 -5.06613  2.94685e+15  2.94685e+15  2.94685e+15 -6.24321e+12 -6.24321e+12  6.24321e+12
  300.00 -5.04208  2.94369e+15  2.94369e+15  2.94369e+15 -6.79908e+12 -6.79909e+12  6.79909e+12
  300.00 -5.01804  2.93517e+15  2.93517e+15  2.93517e+15 -7.81202e+12 -7.81203e+12  7.81203e+12
  300.00 -4.99399  2.95518e+15  2.95518e+15  2.95518e+15 -8.23861e+12 -8.23861e+12  8.23861e+12
  300.00 -4.96994  3.02037e+15  3.02037e+15  3.02037e+15 -8.61659e+12 -8.61660e+12  8.61660e+12
  300.00 -4.94589  3.08892e+15  3.08892e+15  3.08892e+15 -9.98926e+12 -9.98926e+12  9.98926e+12
  300.00 -4.92184  3.09315e+15  3.09315e+15  3.09315e+15 -1.10961e+13 -1.10961e+13  1.10961e+13
  300.00 -4.89780  3.01834e+15  3.01834e+15  3.01834e+15 -1.06884e+13 -1.06884e+13  1.06884e+13
  300.00 -4.87375  2.94383e+15  2.94383e+15  2.94383e+15 -9.56833e+12 -9.56833e+12  9.56833e+12
  300.00 -4.84970  2.93742e+15  2.93742e+15  2.93742e+15 -8.85295e+12 -8.85295e+12  8.85296e+12
  300.00 -4.82565  2.99276e+15  2.99276e+15  2.99276e+15 -8.40161e+12 -8.40160e+12  8.40161e+12
  300.00 -4.80160  3.06133e+15  3.06133e+15  3.06133e+15 -7.92724e+12 -7.92723e+12  7.92723e+12
  300.00 -4.77756  3.09870e+15  3.09870e+15  3.09870e+15 -8.06099e+12 -8.06098e+12  8.06098e+12
  300.00 -4.75351  3.10038e+15  3.10038e+15  3.10038e+15 -8.28302e+12 -8.28302e+12  8.28302e+12
  300.00 -4.72946  3.11392e+15  3.11392e+15  3.11392e+15 -7.44570e+12 -7.44570e+12  7.44570e+12
  300.00 -4.70541  3.15635e+15  3.15635e+15  3.15635e+15 -6.49657e+12 -6.49658e+12  6.49657e+12
  300.00 -4.68136  3.18941e+15  3.18941e+15  3.18941e+15 -5.39910e+12 -5.39910e+12  5.39910e+12
  300.00 -4.65731  3.21788e+15  3.21788e+15  3.21788e+15 -3.16523e+12 -3.16524e+12  3.16524e+12
  300.00 -4.63327  3.28902e+15  3.28902e+15  3.28902e+15 -6.93731e+11 -6.93741e+11  6.93738e+11
  300.00 -4.60922  3.40007e+15  3.40007e+15  3.40007e+15 -2.05893e+11 -2.05904e+11  2.05900e+11
  300.00 -4.58517  3.49318e+15  3.49318e+15  3.49318e+15 -1.40408e+12 -1.40409e+12  1.40408e+12
  300.00 -4.56112  3.54377e+15  3.54377e+15  3.54377e+15 -1.93271e+12 -1.93273e+12  1.93272e+12
  300.00 -4.53707  3.55829e+15  3.55829e+15  3.55829e+15 -1.28247e+12 -1.28249e+12  1.28248e+12
  300.00 -4.51303  3.55809e+15  3.55809e+15  3.55809e+15 -4.13698e+11 -4.13713e+11  4.13706e+11
  300.00 -4.48898  3.59006e+15  3.59006e+15  3.59006e+15  4.76151e+11  4.76135e+11 -4.76142e+11
  300.00 -4.46493  3.67587e+15  3.67587e+15  3.67587e+15  1.38993e+12  1.38991e+12 -1.38991e+12
  300.00 -4.44088  3.78557e+15  3.78557e+15  3.78557e+15  1.39182e+12  1.39181e+12 -1.39181e+12
  300.00 -4.41683  3.88189e+15  3.88189e+15  3.88189e+15  7.31569e+11  7.31558e+11 -7.31561e+11
  300.00 -4.39279  3.96095e+15  3.96095e+15  3.96095e+15  2.55791e+11  2.55783e+11 -2.55785e+11
  300.00 -4.36874  4.02223e+15  4.02223e+15  4.02223e+15  1.93620e+11  1.93613e+11 -1.93613e+11
  300.00 -4.34469  4.07051e+15  4.07051e+15  4.07051e+15  4.61252e+11  4.61248e+11 -4.61245e+11
  300.00 -4.32064  4.13699e+15  4.13699e+15  4.13699e+15  1.45852e+12  1.45852e+12 -1.45852e+12
  300.00 -4.29659  4.23416e+15  4.23416e+15  4.23416e+15  2.83865e+12  2.83866e+12 -2.83865e+12
  300.00 -4.27255  4.32681e+15  4.32681e+15  4.32681e+15  3.08582e+12  3.08582e+12 -3.08579e+12
  300.00 -4.24850  4.40627e+15  4.40627e+15  4.40627e+15  2.06953e+12  2.06953e+12 -2.06946e+12
  300.00 -4.22445  4.49957e+15  4.49957e+15  4.49957e+15  9.88628e+11  9.88626e+11 -9.88481e+11
  300.00 -4.20040  4.58927e+15  4.58927e+15  4.58927e+15  9.68231e+11  9.68230e+11 -9.67925e+11
  300.00 -4.17635  4.66127e+15  4.66127e+15  4.66127e+15  2.37851e+12  2.37851e+12 -2.37787e+12
  300.00 -4.15230  4.71845e+15  4.71845e+15  4.71845e+15  3.80061e+12  3.80061e+12 -3.79928e+12
  300.00 -4.12826  4.73728e+15  4.73728e+15  4.73728e+15  3.79163e+12  3.79163e+12 -3.78890e+12
  300.00 -4.10421  4.71803e+15  4.71803e+15  4.71803e+15  2.04210e+12  2.04210e+12 -2.03661e+12
  300.00 -4.08016  4.72409e+15  4.72409e+15  4.72409e+15  9.45316e+10  9.45285e+10 -8.38800e+10
  300.00 -4.05611  4.77536e+15  4.77536e+15  4.77536e+15 -1.00959e+12 -1.00959e+12  1.02945e+12
  300.00 -4.03206  4.82198e+15  4.82198e+15  4.82198e+15 -1.70918e+12 -1.70918e+12  1.74427e+12
  300.00 -4.00802  4.86575e+15  4.86575e+15  4.86575e+15 -2.09994e+12 -2.09995e+12  2.15784e+12
  300.00 -3.98397  4.94181e+15  4.94181e+15  4.94181e+15 -1.24211e+12 -1.24213e+12  1.33071e+12
  300.00 -3.95992  5.03281e+15  5.03281e+15  5.03281e+15  3.00355e+11  3.00340e+11 -1.73737e+11
  300.00 -3.93587  5.09355e+15  5.09355e+15  5.09355e+15  5.96327e+11  5.96317e+11 -4.27458e+11
  300.00 -3.91182  5.10848e+15  5.10848e+15  5.10848e+15 -1.38576e+12 -1.38577e+12  1.59985e+12
  300.00 -3.88778  5.10260e+15  5.10260e+15  5.10260e+15 -3.89045e+12 -3.89046e+12  4.16478e+12
  300.00 -3.86373  5.13380e+15  5.13380e+15  5.13380e+15 -4.25151e+12 -4.25151e+12  4.59854e+12
  300.00 -3.83968  5.24681e+15  5.24681e+15  5.24681e+15 -2.44084e+12 -2.44084e+12  2.84601e+12
  300.00 -3.81563  5.40696e+15  5.40696e+15  5.40696e+15  9.20991e+10  9.20972e+10  3.61118e+11
  300.00 -3.79158  5.53937e+15  5.53937e+15  5.53937e+15  1.18036e+12  1.18036e+12 -6.53859e+11
  300.00 -3.76754  5.64451e+15  5.64451e+15  5.64451e+15  6.88337e+11  6.88341e+11 -7.01526e+10
  300.00 -3.74349  5.73862e+15  5.73862e+15  5.73862e+15 -2.21355e+10 -2.21293e+10  7.09523e+11
  300.00 -3.71944  5.78616e+15  5.78616e+15  5.78616e+15 -1.83686e+12 -1.83685e+12  2.55270e+12
  300.00 -3.69539  5.77834e+15  5.77834e+15  5.77834e+15 -4.73338e+12 -4.73337e+12  5.46592e+12
  300.00 -3.67134  5.78367e+15  5.78367e+15  5.78367e+15 -5.41219e+12 -5.41217e+12  6.17288e+12
  300.00 -3.64729  5.87008e+15  5.87008e+15  5.87008e+15 -4.18831e+12 -4.18829e+12  4.97471e+12
  300.00 -3.62325  6.02120e+15  6.02120e+15  6.02120e+15 -3.21355e+12 -3.21353e+12  4.00399e+12
  300.00 -3.59920  6.14305e+15  6.14305e+15  6.14305e+15 -3.94751e+12 -3.94749e+12  4.71057e+12
  300.00 -3.57515  6.16400e+15  6.16400e+15  6.16400e+15 -5.83758e+12 -5.83756e+12  6.55641e+12
  300.00 -3.55110  6.13606e+15  6.13606e+15  6.13606e+15 -7.32299e+12 -7.32298e+12  8.00936e+12
  300.00 -3.52705  6.14169e+15  6.14169e+15  6.14169e+15 -8.99172e+12 -8.99170e+12  9.64977e+12
  300.00 -3.50301  6.15565e+15  6.15565e+15  6.15565e+15 -9.88516e+12 -9.88514e+12  1.04826e+13
  300.00 -3.47896  6.10698e+15  6.10698e+15  6.10698e+15 -8.20092e+12 -8.20091e+12  8.71051e+12
  300.00 -3.45491  6.02506e+15  6.02506e+15  6.02506e+15 -4.85120e+12 -4.85118e+12  5.28491e+12
  300.00 -3.43086  6.00792e+15  6.00792e+15  6.00792e+15 -1.32312e+12 -1.32311e+12  1.71066e+12
  300.00 -3.40681  6.08100e+15  6.08100e+15  6.08100e+15  5.72706e+11  5.72727e+11 -2.29752e+11
  300.00 -3.38277  6.14494e+15  6.14494e+15  6.14494e+15 -2.36027e+12 -2.36025e+12  2.63850e+12
  300.00 -3.35872  6.07992e+15  6.07992e+15  6.07992e+15 -5.40443e+12 -5.40441e+12  5.61538e+12
  300.00 -3.33467  5.93495e+15  5.93495e+15  5.93495e+15 -1.04322e+12 -1.04319e+12  1.20515e+12
  300.00 -3.31062  5.86045e+15  5.86045e+15  5.86045e+15  5.83500e+12  5.83502e+12 -5.70603e+12
  300.00 -3.28657  5.89057e+15  5.89057e+15  5.89057e+15  7.03338e+12  7.03339e+12 -6.93339e+12
  300.00 -3.26253  5.92660e+15  5.92660e+15  5.92660e+15  3.67974e+12  3.67976e+12 -3.60663e+12
  300.00 -3.23848  5.90810e+15  5.90810e+15  5.90810e+15  2.54419e+12  2.54421e+12 -2.49329e+12
  300.00 -3.21443  5.89577e+15  5.89577e+15  5.89577e+15  3.44657e+12  3.44658e+12 -3.41322e+12
  300.00 -3.19038  5.96635e+15  5.96635e+15  5.96635e+15  1.30132e+12  1.30134e+12 -1.28090e+12
  300.00 -3.16633  6.10251e+15  6.10251e+15  6.10251e+15 -3.89664e+12 -3.89663e+12  3.90851e+12
  300.00 -3.14228  6.20247e+15  6.20247e+15  6.20247e+15 -7.66780e+12 -7.66779e+12  7.67465e+12
  300.00 -3.11824  6.19455e+15  6.19455e+15  6.19455e+15 -8.19495e+12 -8.19495e+12  8.19920e+12
  300.00 -3.09419  6.11494e+15  6.11494e+15  6.11494e+15 -5.35653e+12 -5.35652e+12  5.35955e+12
  300.00 -3.07014  6.11683e+15  6.11683e+15  6.11683e+15 -2.55041e+12 -2.55041e+12  2.55287e+12
  300.00 -3.04609  6.24869e+15  6.24869e+15  6.24869e+15 -5.91541e+12 -5.91541e+12  5.91761e+12
  300.00 -3.02204  6.40173e+15  6.40173e+15  6.40173e+15 -1.02757e+13 -1.02757e+13  1.02777e+13
  300.00 -2.99800  6.50577e+15  6.50577e+15  6.50577e+15 -9.87979e+12 -9.87979e+12  9.88170e+12
  300.00 -2.97395  6.56279e+15  6.56279e+15  6.56279e+15 -8.21662e+12 -8.21662e+12  8.21835e+12
  300.00 -2.94990  6.58505e+15  6.58505e+15  6.58505e+15 -7.51201e+12 -7.51201e+12  7.51349e+12
  300.00 -2.92585  6.57743e+15  6.57743e+15  6.57743e+15 -4.31378e+12 -4.31377e+12  4.31500e+12
  300.00 -2.90180  6.52905e+15  6.52905e+15  6.52905e+15  1.77239e+12  1.77239e+12 -1.77132e+12
  300.00 -2.87776  6.47269e+15  6.47269e+15  6.47269e+15  7.18203e+12  7.18203e+12 -7.18096e+12
  300.00 -2.85371  6.48921e+15  6.48921e+15  6.48921e+15  8.92096e+12  8.92095e+12 -8.91995e+12
  300.00 -2.82966  6.60868e+15  6.60868e+15  6.60868e+15  9.75026e+12  9.75026e+12 -9.74947e+12
  300.00 -2.80561  6.75955e+15  6.75955e+15  6.75955e+15  1.29821e+13  1.29821e+13 -1.29816e+13
  300.00 -2.78156  6.80219e+15  6.80219e+15  6.80219e+15  1.57371e+13  1.57371e+13 -1.57368e+13
  300.00 -2.75752  6.72696e+15  6.72696e+15  6.72696e+15  1.53028e+13  1.53028e+13 -1.53027e+13
  300.00 -2.73347  6.68083e+15  6.68083e+15  6.68083e+15  1.31754e+13  1.31754e+13 -1.31753e+13
  300.00 -2.70942  6.72626e+15  6.72626e+15  6.72626e+15  1.31870e+13  1.31870e+13 -1.31869e+13
  300.00 -2.68537  6.81004e+15  6.81004e+15  6.81004e+15  1.72883e+13  1.72883e+13 -1.72882e+13
  300.00 -2.66132  6.86838e+15  6.86838e+15  6.86838e+15  2.05636e+13  2.05636e+13 -2.05636e+13
  300.00 -2.63727  6.90346e+15  6.90346e+15  6.90346e+15  1.89986e+13  1.89986e+13 -1.89986e+13
  300.00 -2.61323  6.95742e+15  6.95742e+15  6.95742e+15  1.55940e+13  1.55940e+13 -1.55940e+13
  300.00 -2.58918  7.00835e+15  7.00835e+15  7.00835e+15  1.29797e+13  1.29797e+13 -1.29797e+13
  300.00 -2.56513  7.00070e+15  7.00070e+15  7.00070e+15  1.31128e+13  1.31128e+13 -1.31128e+13
  300.00 -2.54108  6.93218e+15  6.93218e+15  6.93218e+15  1.41702e+13  1.41702e+13 -1.41702e+13
  300.00 -2.51703  6.86159e+15  6.86159e+15  6.86159e+15  1.24087e+13  1.24087e+13 -1.24088e+13
  300.00 -2.49299  6.87460e+15  6.87460e+15  6.87460e+15  9.75340e+12  9.75339e+12 -9.75340e+12
  300.00 -2.46894  6.94115e+15  6.94115e+15  6.94115e+15  1.02744e+13  1.02744e+13 -1.02744e+13
  300.00 -2.44489  6.91959e+15  6.91959e+15  6.91959e+15  1.16304e+13  1.16304e+13 -1.16303e+13
  300.00 -2.42084  6.78569e+15  6.78569e+15  6.78569e+15  9.77772e+12  9.77771e+12 -9.77766e+12
  300.00 -2.39679  6.62904e+15  6.62904e+15  6.62904e+15  6.15967e+12  6.15966e+12 -6.15958e+12
  300.00 -2.37275  6.59008e+15  6.59008e+15  6.59008e+15  5.09309e+12  5.09308e+12 -5.09294e+12
  300.00 -2.34870  6.68051e+15  6.68051e+15  6.68051e+15  5.09788e+12  5.09788e+12 -5.09762e+12
  300.00 -2.32465  6.75294e+15  6.75294e+15  6.75294e+15  2.94560e+12  2.94561e+12 -2.94518e+12
  300.00 -2.30060  6.73688e+15  6.73688e+15  6.73688e+15 -9.61175e+11 -9.61174e+11  9.61809e+11
  300.00 -2.27655  6.70118e+15  6.70118e+15  6.70118e+15 -5.40001e+12 -5.40002e+12  5.40094e+12
  300.00 -2.25251  6.72206e+15  6.72206e+15  6.72206e+15 -8.54562e+12 -8.54563e+12  8.54717e+12
  300.00 -2.22846  6.79349e+15  6.79349e+15  6.79349e+15 -1.12325e+13 -1.12325e+13  1.12355e+13
  300.00 -2.20441  6.87841e+15  6.87841e+15  6.87841e+15 -1.40783e+13 -1.40783e+13  1.40844e+13
  300.00 -2.18036  6.97679e+15  6.97679e+15  6.97679e+15 -1.52175e+13 -1.52175e+13  1.52304e+13
  300.00 -2.15631  7.06778e+15  7.06778e+15  7.06778e+15 -1.38585e+13 -1.38586e+13  1.38861e+13
  300.00 -2.13226  7.12015e+15  7.12015e+15  7.12015e+15 -1.42673e+13 -1.42673e+13  1.43264e+13
  300.00 -2.10822  7.16779e+15  7.16779e+15  7.16779e+15 -1.90078e+13 -1.90078e+13  1.91338e+13
  300.00 -2.08417  7.18744e+15  7.18744e+15  7.18744e+15 -2.48809e+13 -2.48808e+13  2.51466e+13
  300.00 -2.06012  7.14662e+15  7.14662e+15  7.14662e+15 -2.81912e+13 -2.81912e+13  2.87428e+13
  300.00 -2.03607  7.09436e+15  7.09436e+15  7.09436e+15 -2.56157e+13 -2.56157e+13  2.67371e+13
  300.00 -2.01202  7.07669e+15  7.07669e+15  7.07669e+15 -1.78543e+13 -1.78544e+13  2.00737e+13
  300.00 -1.98798  7.07676e+15  7.07676e+15  7.07676e+15 -1.17901e+13 -1.17901e+13  1.60305e+13
  300.00 -1.96393  7.05479e+15  7.05479e+15  7.05479e+15 -1.03539e+13 -1.03539e+13  1.80762e+13
  300.00 -1.93988  7.00962e+15  7.00962e+15  7.00962e+15 -6.70483e+12 -6.70485e+12  1.98396e+13
  300.00 -1.91583  6.93935e+15  6.93935e+15  6.93935e+15 -8.94727e+11 -8.94754e+11  2.11221e+13
  300.00 -1.89178  6.83534e+15  6.83534e+15  6.83534e+15  6.34787e+11  6.34755e+11  2.66105e+13
  300.00 -1.86774  6.73451e+15  6.73451e+15  6.73451e+15  2.11699e+11  2.11666e+11  3.22213e+13
  300.00 -1.84369  6.71325e+15  6.71325e+15  6.71325e+15  9.40777e+12  9.40774e+12  2.85307e+13
  300.00 -1.81964  6.78099e+15  6.78099e+15  6.78099e+15  2.72561e+13  2.72561e+13  1.88272e+13
  300.00 -1.79559  6.87905e+15  6.87905e+15  6.87905e+15  3.71517e+13  3.71517e+13  1.68923e+13
  300.00 -1.77154  6.98441e+15  6.98441e+15  6.98441e+15  3.62894e+13  3.62894e+13  2.33172e+13
  300.00 -1.74749  7.11908e+15  7.11908e+15  7.11908e+15  3.56566e+13  3.56566e+13  2.96479e+13
  300.00 -1.72345  7.28699e+15  7.28699e+15  7.28699e+15  4.02624e+13  4.02624e+13  3.20414e+13
  300.00 -1.69940  7.41945e+15  7.41945e+15  7.41945e+15  4.87168e+13  4.87167e+13  3.00084e+13
  300.00 -1.67535  7.44177e+15  7.44177e+15  7.44177e+15  5.64978e+13  5.64978e+13  2.66914e+13
  300.00 -1.65130  7.38686e+15  7.38686e+15  7.38686e+15  5.94941e+13  5.94941e+13  2.59052e+13
  300.00 -1.62725  7.37296e+15  7.37296e+15  7.37296e+15  5.91786e+13  5.91786e+13  2.60612e+13
  300.00 -1.60321  7.43286e+15  7.43286e+15  7.43286e+15  5.84874e+13  5.84874e+13  2.40878e+13
  300.00 -1.57916  7.49445e+15  7.49445e+15  7.49445e+15  5.75844e+13  5.75844e+13  2.06790e+13
  300.00 -1.55511  7.47641e+15  7.47641e+15  7.47641e+15  5.47194e+13  5.47195e+13  1.91228e+13
  300.00 -1.53106  7.32112e+15  7.32112e+15  7.32112e+15  4.84775e+13  4.84775e+13  2.13314e+13
  300.00 -1.50701  7.04223e+15  7.04223e+15  7.04223e+15  4.69957e+13  4.69957e+13  2.02029e+13
  300.00 -1.48297  6.71954e+15  6.71954e+15  6.71954e+15  5.19442e+13  5.19443e+13  1.41534e+13
  300.00 -1.45892  6.40816e+15  6.40816e+15  6.40816e+15  5.17342e+13  5.17342e+13  1.16418e+13
  300.00 -1.43487  6.11566e+15  6.11566e+15  6.11566e+15  4.30211e+13  4.30211e+13  1.50762e+13
  300.00 -1.41082  5.88130e+15  5.88130e+15  5.88130e+15  3.30303e+13  3.30303e+13  1.94660e+13
  300.00 -1.38677  5.76716e+15  5.76716e+15  5.76716e+15  2.65575e+13  2.65575e+13  2.15786e+13
  300.00 -1.36273  5.77631e+15  5.77631e+15  5.77631e+15  2.23699e+13  2.23699e+13  2.28360e+13
  300.00 -1.33868  5.79492e+15  5.79492e+15  5.79492e+15  2.12667e+13  2.12667e+13  2.21151e+13
  300.00 -1.31463  5.73800e+15  5.73800e+15  5.73800e+15  2.35030e+13  2.35030e+13  1.88723e+13
  300.00 -1.29058  5.70008e+15  5.70008e+15  5.70008e+15  2.31220e+13  2.31220e+13  1.88002e+13
  300.00 -1.26653  5.79599e+15  5.79599e+15  5.79599e+15  1.63645e+13  1.63645e+13  2.52554e+13
  300.00 -1.24248  6.04666e+15  6.04666e+15  6.04666e+15  9.37228e+12  9.37225e+12  3.18601e+13
  300.00 -1.21844  6.42089e+15  6.42089e+15  6.42089e+15  5.81830e+12  5.81828e+12  3.49732e+13
  300.00 -1.19439  6.80254e+15  6.80254e+15  6.80254e+15  3.02813e+12  3.02810e+12  3.72940e+13
  300.00 -1.17034  7.10234e+15  7.10234e+15  7.10234e+15  7.90170e+11  7.90140e+11  3.89482e+13
  300.00 -1.14629  7.34592e+15  7.34592e+15  7.34592e+15  6.56617e+11  6.56584e+11  3.82057e+13
  300.00 -1.12224  7.58270e+15  7.58270e+15  7.58270e+15  9.21048e+11  9.21015e+11  3.65323e+13
  300.00 -1.09820  7.77799e+15  7.77799e+15  7.77799e+15  3.72798e+12  3.72794e+12  3.15689e+13
  300.00 -1.07415  7.85163e+15  7.85163e+15  7.85163e+15  1.07051e+13  1.07050e+13  2.18128e+13
  300.00 -1.05010  7.81920e+15  7.81920e+15  7.81920e+15  1.12185e+13  1.12184e+13  1.90166e+13
  300.00 -1.02605  7.79956e+15  7.79956e+15  7.79956e+15  4.40696e+12  4.40692e+12  2.63288e+13
  300.00 -1.00200  7.80947e+15  7.80947e+15  7.80947e+15  3.26648e+12  3.26645e+12  3.10899e+13
  300.00 -0.97796  7.75491e+15  7.75491e+15  7.75491e+15  7.97310e+12  7.97307e+12  2.79090e+13
  300.00 -0.95391  7.57517e+15  7.57517e+15  7.57517e+15  1.33712e+13  1.33711e+13  1.88615e+13
  300.00 -0.92986  7.26089e+15  7.26089e+15  7.26089e+15  1.95065e+13  1.95065e+13  8.68369e+12
  300.00 -0.90581  6.89150e+15  6.89150e+15  6.89150e+15  2.67583e+13  2.67583e+13  5.72494e+11
  300.00 -0.88176  6.60957e+15  6.60957e+15  6.60957e+15  3.24047e+13  3.24047e+13 -3.90202e+12
  300.00 -0.85772  6.42432e+15  6.42432e+15  6.42432e+15  3.35862e+13  3.35862e+13 -3.66980e+12
  300.00 -0.83367  6.22505e+15  6.22505e+15  6.22505e+15  3.27706e+13  3.27706e+13 -2.00236e+12
  300.00 -0.80962  6.02917e+15  6.02917e+15  6.02917e+15  2.91333e+13  2.91333e+13  1.71015e+12
  300.00 -0.78557  5.93818e+15  5.93818e+15  5.93818e+15  2.18802e+13  2.18802e+13  8.19393e+12
  300.00 -0.76152  5.93589e+15  5.93589e+15  5.93589e+15  2.05287e+13  2.05287e+13  7.90678e+12
  300.00 -0.73747  5.94324e+15  5.94324e+15  5.94324e+15  2.56131e+13  2.56131e+13  5.75891e+11
  300.00 -0.71343  5.95035e+15  5.95035e+15  5.95035e+15  2.71019e+13  2.71019e+13 -2.67475e+12
  300.00 -0.68938  5.96363e+15  5.96363e+15  5.96363e+15  2.36301e+13  2.36301e+13  1.33628e+12
  300.00 -0.66533  6.00573e+15  6.00573e+15  6.00573e+15  1.64696e+13  1.64696e+13  1.08920e+13
  300.00 -0.64128  6.13430e+15  6.13430e+15  6.13430e+15  5.00631e+12  5.00633e+12  2.22659e+13
  300.00 -0.61723  6.34962e+15  6.34962e+15  6.34962e+15 -6.44351e+12 -6.44349e+12  3.03382e+13
  300.00 -0.59319  6.57599e+15  6.57599e+15  6.57599e+15 -1.20461e+13 -1.20461e+13  3.32346e+13
  300.00 -0.56914  6.74632e+15  6.74632e+15  6.74632e+15 -1.39726e+13 -1.39725e+13  3.45979e+13
  300.00 -0.54509  6.85351e+15  6.85351e+15  6.85351e+15 -1.89793e+13 -1.89792e+13  4.01297e+13
  300.00 -0.52104  6.93280e+15  6.93280e+15  6.93280e+15 -2.62053e+13 -2.62053e+13  4.80172e+13
  300.00 -0.49699  7.01620e+15  7.01620e+15  7.01620e+15 -3.11007e+13 -3.11007e+13  5.33473e+13
  300.00 -0.47295  7.11969e+15  7.11969e+15  7.11969e+15 -3.28340e+13 -3.28340e+13  5.52024e+13
  300.00 -0.44890  7.17922e+15  7.17922e+15  7.17922e+15 -3.42466e+13 -3.42465e+13  5.63774e+13
  300.00 -0.42485  7.14447e+15  7.14447e+15  7.14447e+15 -3.41995e+13 -3.41994e+13  5.56332e+13
  300.00 -0.40080  7.08287e+15  7.08287e+15  7.08287e+15 -3.33151e+13 -3.33151e+13  5.34874e+13
  300.00 -0.37675  7.04718e+15  7.04718e+15  7.04718e+15 -3.43677e+13 -3.43676e+13  5.29738e+13
  300.00 -0.35271  7.01156e+15  7.01156e+15  7.01156e+15 -3.11693e+13 -3.11692e+13  4.89797e+13
  300.00 -0.32866  6.95938e+15  6.95938e+15  6.95938e+15 -2.30882e+13 -2.30881e+13  4.12659e+13
  300.00 -0.30461  6.86892e+15  6.86892e+15  6.86892e+15 -1.80267e+13 -1.80266e+13  3.61391e+13
  300.00 -0.28056  6.75025e+15  6.75025e+15  6.75025e+15 -1.55635e+13 -1.55634e+13  3.26228e+13
  300.00 -0.25651  6.67502e+15  6.67502e+15  6.67502e+15 -7.69647e+12 -7.69636e+12  2.35132e+13
  300.00 -0.23246  6.66684e+15  6.66684e+15  6.66684e+15  5.03923e+12  5.03935e+12  9.85505e+12
  300.00 -0.20842  6.65622e+15  6.65622e+15  6.65622e+15  1.37572e+13  1.37573e+13  4.35087e+11
  300.00 -0.18437  6.55531e+15  6.55531e+15  6.55531e+15  1.58443e+13  1.58444e+13 -2.53302e+12
  300.00 -0.16032  6.40596e+15  6.40596e+15  6.40596e+15  1.70509e+13  1.70510e+13 -4.96865e+12
  300.00 -0.13627  6.28101e+15  6.28101e+15  6.28101e+15  1.75228e+13  1.75230e+13 -6.78829e+12
  300.00 -0.11222  6.16076e+15  6.16076e+15  6.16076e+15  1.87136e+13  1.87137e+13 -9.16275e+12
  300.00 -0.08818  6.02823e+15  6.02823e+15  6.02823e+15  2.48430e+13  2.48431e+13 -1.58319e+13
  300.00 -0.06413  5.87110e+15  5.87110e+15  5.87110e+15  2.92187e+13  2.92188e+13 -2.00107e+13
  300.00 -0.04008  5.67215e+15  5.67215e+15  5.67215e+15  2.78992e+13  2.78993e+13 -1.88994e+13
  300.00 -0.01603  5.45522e+15  5.45522e+15  5.45522e+15  2.52629e+13  2.52630e+13 -1.75112e+13
  300.00  0.00802  5.24890e+15  5.24890e+15  5.24890e+15  2.45588e+13  2.45589e+13 -1.84856e+13
  300.00  0.03206  5.01916e+15  5.01916e+15  5.01916e+15  2.29627e+13  2.29628e+13 -1.84247e+13
  300.00  0.05611  4.71945e+15  4.71945e+15  4.71945e+15  1.79192e+13  1.79192e+13 -1.46094e+13
  300.00  0.08016  4.38322e+15  4.38322e+15  4.38322e+15  1.33711e+13  1.33711e+13 -1.09317e+13
  300.00  0.10421  4.11769e+15  4.11769e+15  4.11769e+15  1.32122e+13  1.32122e+13 -1.12006e+13
  300.00  0.12826  3.97723e+15  3.97723e+15  3.97723e+15  1.58509e+13  1.58509e+13 -1.39789e+13
  300.00  0.15230  3.90957e+15  3.90957e+15  3.90957e+15  1.60358e+13  1.60359e+13 -1.44146e+13
  300.00  0.17635  3.85596e+15  3.85596e+15  3.85596e+15  1.03532e+13  1.03533e+13 -9.16491e+12
  300.00  0.20040  3.79492e+15  3.79492e+15  3.79492e+15  3.47964e+12  3.47963e+12 -2.72196e+12
  300.00  0.22445  3.79847e+15  3.79847e+15  3.79846e+15  3.31613e+11  3.31601e+11  1.07611e+11
  300.00  0.24850  3.94960e+15  3.94960e+15  3.94960e+15 -1.22425e+12 -1.22426e+12  1.46300e+12
  300.00  0.27255  4.19425e+15  4.19425e+15  4.19425e+15 -2.01618e+12 -2.01619e+12  2.14019e+12
  300.00  0.29659  4.44530e+15  4.44530e+15  4.44530e+15 -2.33425e+12 -2.33428e+12  2.39657e+12
  300.00  0.32064  4.70541e+15  4.70541e+15  4.70541e+15 -5.46737e+12 -5.46741e+12  5.49792e+12
  300.00  0.34469  5.02352e+15  5.02352e+15  5.02352e+15 -9.39536e+12 -9.39539e+12  9.41002e+12
  300.00  0.36874  5.36505e+15  5.36505e+15  5.36505e+15 -8.74932e+12 -8.74932e+12  8.75619e+12
  300.00  0.39279  5.66635e+15  5.66635e+15  5.66635e+15 -4.38824e+12 -4.38822e+12  4.39139e+12
  300.00  0.41683  5.91414e+15  5.91414e+15  5.91414e+15  2.40481e+12  2.40481e+12 -2.40336e+12
  300.00  0.44088  6.11123e+15  6.11123e+15  6.11123e+15  5.59800e+12  5.59797e+12 -5.59730e+12
  300.00  0.46493  6.26691e+15  6.26691e+15  6.26691e+15  1.32590e+12  1.32588e+12 -1.32556e+12
  300.00  0.48898  6.39727e+15  6.39727e+15  6.39727e+15 -6.17570e+11 -6.17574e+11  6.17727e+11
  300.00  0.51303  6.44686e+15  6.44686e+15  6.44686e+15  6.30954e+12  6.30955e+12 -6.30948e+12
  300.00  0.53707  6.33621e+15  6.33621e+15  6.33621e+15  1.69028e+13  1.69028e+13 -1.69027e+13
  300.00  0.56112  6.10608e+15  6.10608e+15  6.10608e+15  2.17947e+13  2.17947e+13 -2.17947e+13
  300.00  0.58517  5.84655e+15  5.84655e+15  5.84655e+15  2.00196e+13  2.00196e+13 -2.00195e+13
  300.00  0.60922  5.57426e+15  5.57426e+15  5.57426e+15  1.94556e+13  1.94556e+13 -1.94556e+13
  300.00  0.63327  5.23419e+15  5.23419e+15  5.23419e+15  2.29640e+13  2.29640e+13 -2.29640e+13
  300.00  0.65731  4.81871e+15  4.81871e+15  4.81871e+15  2.39606e+13  2.39606e+13 -2.39606e+13
  300.00  0.68136  4.36644e+15  4.36644e+15  4.36644e+15  1.71601e+13  1.71601e+13 -1.71600e+13
  300.00  0.70541  3.91529e+15  3.91529e+15  3.91529e+15  4.26824e+12  4.26823e+12 -4.26821e+12
  300.00  0.72946  3.52756e+15  3.52756e+15  3.52756e+15 -1.51797e+12 -1.51796e+12  1.51797e+12
  300.00  0.75351  3.22625e+15  3.22625e+15  3.22625e+15  7.11278e+12  7.11279e+12 -7.11281e+12
  300.00  0.77756  2.98377e+15  2.98377e+15  2.98377e+15  1.50881e+13  1.50881e+13 -1.50881e+13
  300.00  0.80160  2.79518e+15  2.79518e+15  2.79518e+15  9.82521e+12  9.82522e+12 -9.82523e+12
  300.00  0.82565  2.66733e+15  2.66733e+15  2.66733e+15 -3.99590e+12 -3.99589e+12  3.99588e+12
  300.00  0.84970  2.58321e+15  2.58321e+15  2.58321e+15 -1.48595e+13 -1.48595e+13  1.48595e+13
  300.00  0.87375  2.54913e+15  2.54913e+15  2.54913e+15 -1.71705e+13 -1.71705e+13  1.71705e+13
  300.00  0.89780  2.62278e+15  2.62278e+15  2.62278e+15 -1.59073e+13 -1.59073e+13  1.59073e+13
  300.00  0.92184  2.84889e+15  2.84889e+15  2.84889e+15 -2.10618e+13 -2.10618e+13  2.10618e+13
  300.00  0.94589  3.26252e+15  3.26252e+15  3.26252e+15 -3.25418e+13 -3.25418e+13  3.25418e+13
  300.00  0.96994  3.85943e+15  3.85943e+15  3.85943e+15 -4.24807e+13 -4.24807e+13  4.24807e+13
  300.00  0.99399  4.53829e+15  4.53829e+15  4.53829e+15 -5.00951e+13 -5.00951e+13  5.00950e+13
  300.00  1.01804  5.19405e+15  5.19405e+15  5.19405e+15 -5.84660e+13 -5.84660e+13  5.84660e+13
  300.00  1.04208  5.77708e+15  5.77708e+15  5.77708e+15 -6.79549e+13 -6.79549e+13  6.79548e+13
  300.00  1.06613  6.26761e+15  6.26761e+15  6.26761e+15 -7.51542e+13 -7.51542e+13  7.51541e+13
  300.00  1.09018  6.70173e+15  6.70173e+15  6.70173e+15 -8.44750e+13 -8.44750e+13  8.44749e+13
  300.00  1.11423  7.15184e+15  7.15184e+15  7.15184e+15 -1.04500e+14 -1.04500e+14  1.04500e+14
  300.00  1.13828  7.68640e+15  7.68640e+15  7.68640e+15 -1.21218e+14 -1.21218e+14  1.21218e+14
  300.00  1.16232  8.25012e+15  8.25012e+15  8.25012e+15 -1.23334e+14 -1.23334e+14  1.23334e+14
  300.00  1.18637  8.68624e+15  8.68624e+15  8.68624e+15 -1.16932e+14 -1.16932e+14  1.16932e+14
  300.00  1.21042  8.89079e+15  8.89079e+15  8.89079e+15 -1.09892e+14 -1.09892e+14  1.09892e+14
  300.00  1.23447  8.83438e+15  8.83438e+15  8.83438e+15 -1.04521e+14 -1.04521e+14  1.04521e+14
  300.00  1.25852  8.58190e+15  8.58190e+15  8.58190e+15 -9.89845e+13 -9.89845e+13  9.89844e+13
  300.00  1.28257  8.23913e+15  8.23913e+15  8.23913e+15 -9.72662e+13 -9.72663e+13  9.72663e+13
  300.00  1.30661  7.83858e+15  7.83858e+15  7.83858e+15 -1.03655e+14 -1.03655e+14  1.03655e+14
  300.00  1.33066  7.36706e+15  7.36706e+15  7.36706e+15 -1.08434e+14 -1.08434e+14  1.08434e+14
  300.00  1.35471  6.87453e+15  6.87453e+15  6.87453e+15 -9.87464e+13 -9.87464e+13  9.87464e+13
  300.00  1.37876  6.44205e+15  6.44205e+15  6.44205e+15 -7.03413e+13 -7.03413e+13  7.03413e+13
  300.00  1.40281  6.06415e+15  6.06415e+15  6.06415e+15 -3.00982e+13 -3.00983e+13  3.00983e+13
  300.00  1.42685  5.65647e+15  5.65647e+15  5.65647e+15  3.99111e+11  3.99105e+11 -3.99100e+11
  300.00  1.45090  5.20479e+15  5.20479e+15  5.20479e+15  7.94276e+12  7.94274e+12 -7.94272e+12
  300.00  1.47495  4.76148e+15  4.76148e+15  4.76148e+15  4.81438e+10  4.81158e+10 -4.80884e+10
  300.00  1.49900  4.37805e+15  4.37805e+15  4.37805e+15 -3.26876e+12 -3.26879e+12  3.26882e+12
  300.00  1.52305  4.11857e+15  4.11857e+15  4.11857e+15  1.19530e+13  1.19529e+13 -1.19529e+13
  300.00  1.54709  3.98416e+15  3.98416e+15  3.98416e+15  4.01941e+13  4.01940e+13 -4.01940e+13
  300.00  1.57114  3.91670e+15  3.91670e+15  3.91670e+15  6.52699e+13  6.52699e+13 -6.52699e+13
  300.00  1.59519  3.93157e+15  3.93157e+15  3.93157e+15  7.45891e+13  7.45891e+13 -7.45891e+13
  300.00  1.61924  4.10572e+15  4.10572e+15  4.10572e+15  7.79216e+13  7.79216e+13 -7.79216e+13
  300.00  1.64329  4.40400e+15  4.40400e+15  4.40400e+15  9.12170e+13  9.12170e+13 -9.12169e+13
  300.00  1.66733  4.70319e+15  4.70319e+15  4.70319e+15  1.06712e+14  1.06712e+14 -1.06712e+14
  300.00  1.69138  4.95591e+15  4.95591e+15  4.95591e+15  1.06239e+14  1.06239e+14 -1.06239e+14
  300.00  1.71543  5.17429e+15  5.17429e+15  5.17429e+15  8.95541e+13  8.95541e+13 -8.95541e+13
  300.00  1.73948  5.35709e+15  5.35709e+15  5.35709e+15  7.60021e+13  7.60021e+13 -7.60021e+13
  300.00  1.76353  5.52964e+15  5.52964e+15  5.52964e+15  7.90701e+13  7.90700e+13 -7.90700e+13
  300.00  1.78758  5.80761e+15  5.80761e+15  5.80761e+15  8.63592e+13  8.63592e+13 -8.63592e+13
  300.00  1.81162  6.19887e+15  6.19887e+15  6.19887e+15  7.81422e+13  7.81422e+13 -7.81422e+13
  300.00  1.83567  6.58817e+15  6.58817e+15  6.58817e+15  5.40399e+13  5.40399e+13 -5.40399e+13
  300.00  1.85972  6.91523e+15  6.91523e+15  6.91523e+15  3.67317e+13  3.67317e+13 -3.67317e+13
  300.00  1.88377  7.12866e+15  7.12866e+15  7.12866e+15  4.78473e+13  4.78473e+13 -4.78472e+13
  300.00  1.90782  7.20947e+15  7.20947e+15  7.20947e+15  6.16912e+13  6.16912e+13 -6.16912e+13
  300.00  1.93186  7.28670e+15  7.28670e+15  7.28670e+15  3.53033e+13  3.53033e+13 -3.53033e+13
  300.00  1.95591  7.45426e+15  7.45426e+15  7.45426e+15 -2.28486e+13 -2.28485e+13  2.28485e+13
  300.00  1.97996  7.64663e+15  7.64663e+15  7.64663e+15 -5.95555e+13 -5.95554e+13  5.95554e+13
  300.00  2.00401  7.71638e+15  7.71638e+15  7.71638e+15 -5.67607e+13 -5.67607e+13  5.67607e+13
  300.00  2.02806  7.64837e+15  7.64837e+15  7.64837e+15 -5.27330e+13 -5.27329e+13  5.27329e+13
  300.00  2.05210  7.55730e+15  7.55730e+15  7.55730e+15 -7.36334e+13 -7.36333e+13  7.36333e+13
  300.00  2.07615  7.46018e+15  7.46018e+15  7.46018e+15 -9.14499e+13 -9.14498e+13  9.14498e+13
  300.00  2.10020  7.38211e+15  7.38211e+15  7.38211e+15 -9.28576e+13 -9.28576e+13  9.28576e+13
  300.00  2.12425  7.35989e+15  7.35989e+15  7.35989e+15 -9.48385e+13 -9.48385e+13  9.48384e+13
  300.00  2.14830  7.35026e+15  7.35026e+15  7.35026e+15 -1.02618e+14 -1.02618e+14  1.02618e+14
  300.00  2.17234  7.37608e+15  7.37608e+15  7.37608e+15 -1.16125e+14 -1.16124e+14  1.16124e+14
  300.00  2.19639  7.48746e+15  7.48746e+15  7.48746e+15 -1.31744e+14 -1.31744e+14  1.31744e+14
  300.00  2.22044  7.57648e+15  7.57648e+15  7.57648e+15 -1.39248e+14 -1.39248e+14  1.39248e+14
  300.00  2.24449  7.52900e+15  7.52900e+15  7.52900e+15 -1.18585e+14 -1.18585e+14  1.18585e+14
  300.00  2.26854  7.43197e+15  7.43197e+15  7.43197e+15 -7.98946e+13 -7.98947e+13  7.98947e+13
  300.00  2.29259  7.54820e+15  7.54820e+15  7.54820e+15 -5.77101e+13 -5.77101e+13  5.77101e+13
  300.00  2.31663  7.92096e+15  7.92096e+15  7.92096e+15 -3.98305e+13 -3.98305e+13  3.98305e+13
  300.00  2.34068  8.27139e+15  8.27139e+15  8.27139e+15 -8.58807e+12 -8.58807e+12  8.58807e+12
  300.00  2.36473  8.40783e+15  8.40783e+15  8.40783e+15  3.99065e+12  3.99064e+12 -3.99064e+12
  300.00  2.38878  8.42616e+15  8.42616e+15  8.42616e+15 -6.60533e+12 -6.60537e+12  6.60537e+12
  300.00  2.41283  8.45090e+15  8.45090e+15  8.45090e+15 -1.37605e+12 -1.37611e+12  1.37611e+12
  300.00  2.43687  8.49047e+15  8.49047e+15  8.49047e+15  2.39644e+13  2.39644e+13 -2.39644e+13
  300.00  2.46092  8.48852e+15  8.48852e+15  8.48852e+15  5.31059e+13  5.31058e+13 -5.31059e+13
  300.00  2.48497  8.39008e+15  8.39008e+15  8.39008e+15  8.23030e+13  8.23030e+13 -8.23030e+13
  300.00  2.50902  8.20462e+15  8.20462e+15  8.20462e+15  1.07436e+14  1.07436e+14 -1.07436e+14
  300.00  2.53307  7.94940e+15  7.94940e+15  7.94940e+15  1.06064e+14  1.06064e+14 -1.06064e+14
  300.00  2.55711  7.61774e+15  7.61774e+15  7.61774e+15  7.95147e+13  7.95147e+13 -7.95147e+13
  300.00  2.58116  7.21979e+15  7.21979e+15  7.21979e+15  6.19836e+13  6.19836e+13 -6.19836e+13
  300.00  2.60521  6.84191e+15  6.84191e+15  6.84191e+15  5.65634e+13  5.65634e+13 -5.65634e+13
  300.00  2.62926  6.64055e+15  6.64055e+15  6.64055e+15  5.36671e+13  5.36670e+13 -5.36670e+13
  300.00  2.65331  6.58929e+15  6.58929e+15  6.58929e+15  6.13889e+13  6.13889e+13 -6.13889e+13
  300.00  2.67735  6.40967e+15  6.40967e+15  6.40967e+15  7.83592e+13  7.83592e+13 -7.83591e+13
  300.00  2.70140  6.05653e+15  6.05653e+15  6.05653e+15  8.12012e+13  8.12012e+13 -8.12012e+13
  300.00  2.72545  5.78036e+15  5.78036e+15  5.78036e+15  6.69313e+13  6.69313e+13 -6.69313e+13
  300.00  2.74950  5.69883e+15  5.69883e+15  5.69883e+15  4.50247e+13  4.50247e+13 -4.50246e+13
  300.00  2.77355  5.75969e+15  5.75969e+15  5.75969e+15  2.65502e+13  2.65502e+13 -2.65501e+13
  300.00  2.79760  5.93187e+15  5.93187e+15  5.93187e+15  2.34060e+13  2.34060e+13 -2.34059e+13
  300.00  2.82164  6.23357e+15  6.23357e+15  6.23357e+15  3.57109e+13  3.57109e+13 -3.57109e+13
  300.00  2.84569  6.56451e+15  6.56451e+15  6.56451e+15  5.29848e+13  5.29847e+13 -5.29847e+13
  300.00  2.86974  6.70357e+15  6.70357e+15  6.70357e+15  6.28579e+13  6.28579e+13 -6.28579e+13
  300.00  2.89379  6.68289e+15  6.68289e+15  6.68289e+15  6.43828e+13  6.43828e+13 -6.43828e+13
  300.00  2.91784  6.74075e+15  6.74075e+15  6.74075e+15  6.98276e+13  6.98276e+13 -6.98276e+13
  300.00  2.94188  6.96399e+15  6.96399e+15  6.96399e+15  8.12950e+13  8.12950e+13 -8.12950e+13
  300.00  2.96593  7.37844e+15  7.37844e+15  7.37844e+15  7.75251e+13  7.75251e+13 -7.75251e+13
  300.00  2.98998  7.90077e+15  7.90077e+15  7.90077e+15  5.88083e+13  5.88083e+13 -5.88083e+13
  300.00  3.01403  8.29223e+15  8.29223e+15  8.29223e+15  4.79234e+13  4.79234e+13 -4.79234e+13
  300.00  3.03808  8.43117e+15  8.43117e+15  8.43117e+15  4.88509e+13  4.88509e+13 -4.88509e+13
  300.00  3.06212  8.44303e+15  8.44303e+15  8.44303e+15  3.37321e+13  3.37321e+13 -3.37321e+13
  300.00  3.08617  8.50628e+15  8.50628e+15  8.50628e+15 -3.54902e+12 -3.54898e+12  3.54896e+12
  300.00  3.11022  8.66812e+15  8.66812e+15  8.66812e+15 -1.05670e+13 -1.05670e+13  1.05670e+13
  300.00  3.13427  8.90000e+15  8.90000e+15  8.90000e+15  2.47881e+13  2.47881e+13 -2.47881e+13
  300.00  3.15832  9.18305e+15  9.18305e+15  9.18305e+15  5.01407e+13  5.01407e+13 -5.01408e+13
  300.00  3.18236  9.41548e+15  9.41548e+15  9.41548e+15  3.98357e+13  3.98357e+13 -3.98357e+13
  300.00  3.20641  9.48943e+15  9.48943e+15  9.48943e+15  2.01511e+13  2.01511e+13 -2.01511e+13
  300.00  3.23046  9.44528e+15  9.44528e+15  9.44528e+15  2.05124e+13  2.05123e+13 -2.05124e+13
  300.00  3.25451  9.29700e+15  9.29700e+15  9.29700e+15  3.71262e+13  3.71262e+13 -3.71262e+13
  300.00  3.27856  9.00640e+15  9.00639e+15  9.00639e+15  4.84271e+13  4.84270e+13 -4.84270e+13
  300.00  3.30261  8.73403e+15  8.73403e+15  8.73403e+15  6.48538e+13  6.48538e+13 -6.48538e+13
  300.00  3.32665  8.66107e+15  8.66107e+15  8.66107e+15  1.05905e+14  1.05905e+14 -1.05905e+14
  300.00  3.35070  8.66752e+15  8.66752e+15  8.66752e+15  1.75036e+14  1.75036e+14 -1.75036e+14
  300.00  3.37475  8.54101e+15  8.54101e+15  8.54101e+15  2.42355e+14  2.42355e+14 -2.42355e+14
  300.00  3.39880  8.22877e+15  8.22877e+15  8.22877e+15  2.43551e+14  2.43551e+14 -2.43551e+14
  300.00  3.42285  7.83305e+15  7.83305e+15  7.83305e+15  1.82812e+14  1.82812e+14 -1.82812e+14
  300.00  3.44689  7.50746e+15  7.50746e+15  7.50746e+15  1.37745e+14  1.37745e+14 -1.37745e+14
  300.00  3.47094  7.29897e+15  7.29897e+15  7.29897e+15  1.40506e+14  1.40506e+14 -1.40506e+14
  300.00  3.49499  7.11260e+15  7.11260e+15  7.11260e+15  1.46058e+14  1.46058e+14 -1.46058e+14
  300.00  3.51904  6.97514e+15  6.97514e+15  6.97514e+15  1.19485e+14  1.19485e+14 -1.19485e+14
  300.00  3.54309  6.95453e+15  6.95453e+15  6.95453e+15  9.12060e+13  9.12060e+13 -9.12060e+13
  300.00  3.56713  7.07214e+15  7.07214e+15  7.07214e+15  8.16360e+13  8.16360e+13 -8.16360e+13
  300.00  3.59118  7.24123e+15  7.24123e+15  7.24123e+15  4.34094e+13  4.34094e+13 -4.34094e+13
  300.00  3.61523  7.27180e+15  7.27180e+15  7.27180e+15 -4.59849e+13 -4.59849e+13  4.59849e+13
  300.00  3.63928  7.14751e+15  7.14751e+15  7.14751e+15 -1.36834e+14 -1.36834e+14  1.36834e+14
  300.00  3.66333  7.02973e+15  7.02973e+15  7.02973e+15 -1.70622e+14 -1.70622e+14  1.70622e+14
  300.00  3.68737  7.04221e+15  7.04221e+15  7.04221e+15 -1.48028e+14 -1.48028e+14  1.48028e+14
  300.00  3.71142  7.19439e+15  7.19439e+15  7.19439e+15 -1.18253e+14 -1.18253e+14  1.18253e+14
  300.00  3.73547  7.43692e+15  7.43692e+15  7.43692e+15 -1.19199e+14 -1.19199e+14  1.19199e+14
  300.00  3.75952  7.75344e+15  7.75344e+15  7.75344e+15 -1.30871e+14 -1.30871e+14  1.30871e+14
  300.00  3.78357  8.09560e+15  8.09560e+15  8.09560e+15 -1.18230e+14 -1.18230e+14  1.18230e+14
  300.00  3.80762  8.24154e+15  8.24154e+15  8.24154e+15 -8.93074e+13 -8.93074e+13  8.93074e+13
  300.00  3.83166  8.06964e+15  8.06964e+15  8.06964e+15 -7.37665e+13 -7.37664e+13  7.37664e+13
  300.00  3.85571  7.74318e+15  7.74318e+15  7.74318e+15 -6.72352e+13 -6.72352e+13  6.72351e+13
  300.00  3.87976  7.50974e+15  7.50974e+15  7.50974e+15 -3.84026e+13 -3.84026e+13  3.84025e+13
  300.00  3.90381  6.82777e+15  6.82777e+15  6.82777e+15  1.19164e+13  1.19164e+13 -1.19164e+13
  300.00  3.92786  6.28285e+15  6.28285e+15  6.28285e+15  5.05671e+13  5.05672e+13 -5.05672e+13
  300.00  3.95190  5.77858e+15  5.77858e+15  5.77858e+15  4.87784e+13  4.87785e+13 -4.87785e+13
  300.00  3.97595  5.20117e+15  5.20117e+15  5.20117e+15  2.31601e+13  2.31601e+13 -2.31601e+13
  300.00  4.00000  4.53848e+15  4.53848e+15  4.53848e+15  9.37543e+12  9.37544e+12 -9.37546e+12
