-8.00000 8.05985e-02
-7.99374 8.09069e-02
-7.98747 8.12172e-02
-7.98121 8.15296e-02
-7.97494 8.18443e-02
-7.96868 8.21614e-02
-7.96242 8.24811e-02
-7.95615 8.28034e-02
-7.94989 8.31287e-02
-7.94363 8.34570e-02
-7.93736 8.37886e-02
-7.93110 8.41237e-02
-7.92483 8.44625e-02
-7.91857 8.48052e-02
-7.91231 8.51520e-02
-7.90604 8.55032e-02
-7.89978 8.58590e-02
-7.89352 8.62196e-02
-7.88725 8.65852e-02
-7.88099 8.69560e-02
-7.87472 8.73323e-02
-7.86846 8.77141e-02
-7.86220 8.81017e-02
-7.85593 8.84952e-02
-7.84967 8.88947e-02
-7.84340 8.93003e-02
-7.83714 8.97121e-02
-7.83088 9.01301e-02
-7.82461 9.05544e-02
-7.81835 9.09849e-02
-7.81209 9.14217e-02
-7.80582 9.18646e-02
-7.79956 9.23136e-02
-7.79329 9.27686e-02
-7.78703 9.32294e-02
-7.78077 9.36960e-02
-7.77450 9.41681e-02
-7.76824 9.46457e-02
-7.76198 9.51286e-02
-7.75571 9.56166e-02
-7.74945 9.61098e-02
-7.74318 9.66080e-02
-7.73692 9.71111e-02
-7.73066 9.76192e-02
-7.72439 9.81324e-02
-7.71813 9.86508e-02
-7.71186 9.91746e-02
-7.70560 9.97041e-02
-7.69934 1.00240e-01
-7.69307 1.00782e-01
-7.68681 1.01331e-01
-7.68055 1.01888e-01
-7.67428 1.02454e-01
-7.66802 1.03030e-01
-7.66175 1.03616e-01
-7.65549 1.04215e-01
-7.64923 1.04827e-01
-7.64296 1.05454e-01
-7.63670 1.06099e-01
-7.63044 1.06763e-01
-7.62417 1.07448e-01
-7.61791 1.08157e-01
-7.61164 1.08893e-01
-7.60538 1.09658e-01
-7.59912 1.10456e-01
-7.59285 1.11290e-01
-7.58659 1.12163e-01
-7.58032 1.13078e-01
-7.57406 1.14039e-01
-7.56780 1.15047e-01
-7.56153 1.16105e-01
-7.55527 1.17213e-01
-7.54901 1.18372e-01
-7.54274 1.19580e-01
-7.53648 1.20836e-01
-7.53021 1.22140e-01
-7.52395 1.23490e-01
-7.51769 1.24885e-01
-7.51142 1.26323e-01
-7.50516 1.27795e-01
-7.49890 1.29287e-01
-7.49263 1.30776e-01
-7.48637 1.32233e-01
-7.48010 1.33636e-01
-7.47384 1.34977e-01
-7.46758 1.36278e-01
-7.46131 1.37602e-01
-7.45505 1.39045e-01
-7.44878 1.40726e-01
-7.44252 1.42750e-01
-7.43626 1.45180e-01
-7.42999 1.48018e-01
-7.42373 1.51242e-01
-7.41747 1.54894e-01
-7.41120 1.59201e-01
-7.40494 1.64616e-01
-7.39867 1.71708e-01
-7.39241 1.80853e-01
-7.38615 1.91876e-01
-7.37988 2.03809e-01
-7.37362 2.15005e-01
-7.36736 2.23891e-01
-7.36109 2.30184e-01
-7.35483 2.35282e-01
-7.34856 2.40652e-01
-7.34230 2.45880e-01
-7.33604 2.49489e-01
-7.32977 2.51590e-01
-7.32351 2.54061e-01
-7.31724 2.58007e-01
-7.31098 2.62562e-01
-7.30472 2.66306e-01
-7.29845 2.68666e-01
-7.29219 2.69775e-01
-7.28593 2.69853e-01
-7.27966 2.69029e-01
-7.27340 2.67450e-01
-7.26713 2.65341e-01
-7.26087 2.62976e-01
-7.25461 2.60628e-01
-7.24834 2.58537e-01
-7.24208 2.56900e-01
-7.23582 2.55858e-01
-7.22955 2.55495e-01
-7.22329 2.55842e-01
-7.21702 2.56880e-01
-7.21076 2.58547e-01
-7.20450 2.60746e-01
-7.19823 2.63350e-01
-7.19197 2.66219e-01
-7.18570 2.69199e-01
-7.17944 2.72141e-01
-7.17318 2.74904e-01
-7.16691 2.77365e-01
-7.16065 2.79426e-01
-7.15439 2.81017e-01
-7.14812 2.82103e-01
-7.14186 2.82678e-01
-7.13559 2.82775e-01
-7.12933 2.82459e-01
-7.12307 2.81835e-01
-7.11680 2.81049e-01
-7.11054 2.80293e-01
-7.10428 2.79793e-01
-7.09801 2.79805e-01
-7.09175 2.80578e-01
-7.08548 2.82319e-01
-7.07922 2.85146e-01
-7.07296 2.89053e-01
-7.06669 2.93884e-01
-7.06043 2.99352e-01
-7.05416 3.05084e-01
-7.04790 3.10687e-01
-7.04164 3.15833e-01
-7.03537 3.20319e-01
-7.02911 3.24102e-01
-7.02285 3.27295e-01
-7.01658 3.30115e-01
-7.01032 3.32828e-01
-7.00405 3.35674e-01
-6.99779 3.38826e-01
-6.99153 3.42360e-01
-6.98526 3.46264e-01
-6.97900 3.50461e-01
-6.97274 3.54839e-01
-6.96647 3.59280e-01
-6.96021 3.63681e-01
-6.95394 3.67962e-01
-6.94768 3.72069e-01
-6.94142 3.75967e-01
-6.93515 3.79642e-01
-6.92889 3.83094e-01
-6.92262 3.86337e-01
-6.91636 3.89391e-01
-6.91010 3.92289e-01
-6.90383 3.95068e-01
-6.89757 3.97775e-01
-6.89131 4.00468e-01
-6.88504 4.03221e-01
-6.87878 4.06126e-01
-6.87251 4.09288e-01
-6.86625 4.12816e-01
-6.85999 4.16796e-01
-6.85372 4.21270e-01
-6.84746 4.26213e-01
-6.84120 4.31523e-01
-6.83493 4.37032e-01
-6.82867 4.42536e-01
-6.82240 4.47835e-01
-6.81614 4.52778e-01
-6.80988 4.57291e-01
-6.80361 4.61383e-01
-6.79735 4.65127e-01
-6.79108 4.68621e-01
-6.78482 4.71949e-01
-6.77856 4.75145e-01
-6.77229 4.78189e-01
-6.76603 4.81015e-01
-6.75977 4.83538e-01
-6.75350 4.85696e-01
-6.74724 4.87470e-01
-6.74097 4.88898e-01
-6.73471 4.90069e-01
-6.72845 4.91100e-01
-6.72218 4.92111e-01
-6.71592 4.93192e-01
-6.70966 4.94392e-01
-6.70339 4.95716e-01
-6.69713 4.97131e-01
-6.69086 4.98586e-01
-6.68460 5.00045e-01
-6.67834 5.01501e-01
-6.67207 5.03004e-01
-6.66581 5.04663e-01
-6.65955 5.06642e-01
-6.65328 5.09141e-01
-6.64702 5.12365e-01
-6.64075 5.16488e-01
-6.63449 5.21613e-01
-6.62823 5.27741e-01
-6.62196 5.34756e-01
-6.61570 5.42431e-01
-6.60943 5.50448e-01
-6.60317 5.58441e-01
-6.59691 5.66053e-01
-6.59064 5.72987e-01
-6.58438 5.79054e-01
-6.57812 5.84197e-01
-6.57185 5.88497e-01
-6.56559 5.92148e-01
-6.55932 5.95422e-01
-6.55306 5.98613e-01
-6.54680 6.01992e-01
-6.54053 6.05762e-01
-6.53427 6.10036e-01
-6.52801 6.14828e-01
-6.52174 6.20064e-01
-6.51548 6.25606e-01
-6.50921 6.31279e-01
-6.50295 6.36900e-01
-6.49669 6.42303e-01
-6.49042 6.47354e-01
-6.48416 6.51961e-01
-6.47789 6.56075e-01
-6.47163 6.59688e-01
-6.46537 6.62827e-01
-6.45910 6.65553e-01
-6.45284 6.67948e-01
-6.44658 6.70116e-01
-6.44031 6.72176e-01
-6.43405 6.74250e-01
-6.42778 6.76459e-01
-6.42152 6.78908e-01
-6.41526 6.81671e-01
-6.40899 6.84780e-01
-6.40273 6.88216e-01
-6.39647 6.91901e-01
-6.39020 6.95708e-01
-6.38394 6.99464e-01
-6.37767 7.02978e-01
-6.37141 7.06064e-01
-6.36515 7.08569e-01
-6.35888 7.10396e-01
-6.35262 7.11525e-01
-6.34635 7.12019e-01
-6.34009 7.12012e-01
-6.33383 7.11698e-01
-6.32756 7.11294e-01
-6.32130 7.11013e-01
-6.31504 7.11025e-01
-6.30877 7.11434e-01
-6.30251 7.12259e-01
-6.29624 7.13438e-01
-6.28998 7.14835e-01
-6.28372 7.16266e-01
-6.27745 7.17529e-01
-6.27119 7.18437e-01
-6.26493 7.18844e-01
-6.25866 7.18668e-01
-6.25240 7.17897e-01
-6.24613 7.16586e-01
-6.23987 7.14844e-01
-6.23361 7.12815e-01
-6.22734 7.10653e-01
-6.22108 7.08499e-01
-6.21481 7.06465e-01
-6.20855 7.04617e-01
-6.20229 7.02977e-01
-6.19602 7.01523e-01
-6.18976 7.00199e-01
-6.18350 6.98928e-01
-6.17723 6.97625e-01
-6.17097 6.96211e-01
-6.16470 6.94624e-01
-6.15844 6.92825e-01
-6.15218 6.90802e-01
-6.14591 6.88567e-01
-6.13965 6.86153e-01
-6.13339 6.83610e-01
-6.12712 6.80995e-01
-6.12086 6.78368e-01
-6.11459 6.75784e-01
-6.10833 6.73292e-01
-6.10207 6.70926e-01
-6.09580 6.68710e-01
-6.08954 6.66655e-01
-6.08327 6.64757e-01
-6.07701 6.63006e-01
-6.07075 6.61382e-01
-6.06448 6.59859e-01
-6.05822 6.58412e-01
-6.05196 6.57013e-01
-6.04569 6.55637e-01
-6.03943 6.54262e-01
-6.03316 6.52873e-01
-6.02690 6.51459e-01
-6.02064 6.50013e-01
-6.01437 6.48537e-01
-6.00811 6.47035e-01
-6.00185 6.45517e-01
-5.99558 6.43994e-01
-5.98932 6.42482e-01
-5.98305 6.40995e-01
-5.97679 6.39548e-01
-5.97053 6.38153e-01
-5.96426 6.36822e-01
-5.95800 6.35561e-01
-5.95173 6.34377e-01
-5.94547 6.33268e-01
-5.93921 6.32232e-01
-5.93294 6.31262e-01
-5.92668 6.30348e-01
-5.92042 6.29477e-01
-5.91415 6.28635e-01
-5.90789 6.27804e-01
-5.90162 6.26968e-01
-5.89536 6.26111e-01
-5.88910 6.25216e-01
-5.88283 6.24268e-01
-5.87657 6.23258e-01
-5.87031 6.22175e-01
-5.86404 6.21016e-01
-5.85778 6.19780e-01
-5.85151 6.18472e-01
-5.84525 6.17101e-01
-5.83899 6.15683e-01
-5.83272 6.14238e-01
-5.82646 6.12790e-01
-5.82019 6.11368e-01
-5.81393 6.10004e-01
-5.80767 6.08732e-01
-5.80140 6.07586e-01
-5.79514 6.06597e-01
-5.78888 6.05795e-01
-5.78261 6.05202e-01
-5.77635 6.04831e-01
-5.77008 6.04686e-01
-5.76382 6.04758e-01
-5.75756 6.05028e-01
-5.75129 6.05462e-01
-5.74503 6.06018e-01
-5.73877 6.06643e-01
-5.73250 6.07284e-01
-5.72624 6.07885e-01
-5.71997 6.08396e-01
-5.71371 6.08778e-01
-5.70745 6.09010e-01
-5.70118 6.09094e-01
-5.69492 6.09059e-01
-5.68865 6.08975e-01
-5.68239 6.08926e-01
-5.67613 6.08965e-01
-5.66986 6.09027e-01
-5.66360 6.08894e-01
-5.65734 6.08347e-01
-5.65107 6.07540e-01
-5.64481 6.07315e-01
-5.63854 6.08986e-01
-5.63228 6.13377e-01
-5.62602 6.19706e-01
-5.61975 6.25437e-01
-5.61349 6.27573e-01
-5.60723 6.24549e-01
-5.60096 6.17120e-01
-5.59470 6.07577e-01
-5.58843 5.98122e-01
-5.58217 5.89812e-01
-5.57591 5.82632e-01
-5.56964 5.76164e-01
-5.56338 5.70095e-01
-5.55711 5.64299e-01
-5.55085 5.58723e-01
-5.54459 5.53321e-01
-5.53832 5.48075e-01
-5.53206 5.43014e-01
-5.52580 5.38195e-01
-5.51953 5.33658e-01
-5.51327 5.29407e-01
-5.50700 5.25412e-01
-5.50074 5.21625e-01
-5.49448 5.18004e-01
-5.48821 5.14517e-01
-5.48195 5.11147e-01
-5.47569 5.07886e-01
-5.46942 5.04736e-01
-5.46316 5.01702e-01
-5.45689 4.98788e-01
-5.45063 4.95998e-01
-5.44437 4.93332e-01
-5.43810 4.90783e-01
-5.43184 4.88342e-01
-5.42557 4.85994e-01
-5.41931 4.83721e-01
-5.41305 4.81504e-01
-5.40678 4.79324e-01
-5.40052 4.77164e-01
-5.39426 4.75012e-01
-5.38799 4.72858e-01
-5.38173 4.70700e-01
-5.37546 4.68542e-01
-5.36920 4.66394e-01
-5.36294 4.64272e-01
-5.35667 4.62198e-01
-5.35041 4.60198e-01
-5.34415 4.58304e-01
-5.33788 4.56549e-01
-5.33162 4.54971e-01
-5.32535 4.53604e-01
-5.31909 4.52487e-01
-5.31283 4.51651e-01
-5.30656 4.51130e-01
-5.30030 4.50947e-01
-5.29403 4.51126e-01
-5.28777 4.51680e-01
-5.28151 4.52618e-01
-5.27524 4.53945e-01
-5.26898 4.55661e-01
-5.26272 4.57765e-01
-5.25645 4.60254e-01
-5.25019 4.63132e-01
-5.24392 4.66409e-01
-5.23766 4.70101e-01
-5.23140 4.74236e-01
-5.22513 4.78851e-01
-5.21887 4.83991e-01
-5.21261 4.89705e-01
-5.20634 4.96040e-01
-5.20008 5.03033e-01
-5.19381 5.10703e-01
-5.18755 5.19045e-01
-5.18129 5.28016e-01
-5.17502 5.37534e-01
-5.16876 5.47475e-01
-5.16249 5.57671e-01
-5.15623 5.67919e-01
-5.14997 5.77986e-01
-5.14370 5.87629e-01
-5.13744 5.96607e-01
-5.13118 6.04699e-01
-5.12491 6.11725e-01
-5.11865 6.17561e-01
-5.11238 6.22149e-01
-5.10612 6.25507e-01
-5.09986 6.27728e-01
-5.09359 6.28979e-01
-5.08733 6.29484e-01
-5.08107 6.29513e-01
-5.07480 6.29362e-01
-5.06854 6.29329e-01
-5.06227 6.29691e-01
-5.05601 6.30686e-01
-5.04975 6.32491e-01
-5.04348 6.35207e-01
-5.03722 6.38848e-01
-5.03095 6.43340e-01
-5.02469 6.48518e-01
-5.01843 6.54138e-01
-5.01216 6.59894e-01
-5.00590 6.65438e-01
-4.99964 6.70408e-01
-4.99337 6.74460e-01
-4.98711 6.77299e-01
-4.98084 6.78704e-01
-4.97458 6.78552e-01
-4.96832 6.76831e-01
-4.96205 6.73641e-01
-4.95579 6.69187e-01
-4.94953 6.63758e-01
-4.94326 6.57700e-01
-4.93700 6.51384e-01
-4.93073 6.45175e-01
-4.92447 6.39398e-01
-4.91821 6.34320e-01
-4.91194 6.30131e-01
-4.90568 6.26942e-01
-4.89941 6.24789e-01
-4.89315 6.23644e-01
-4.88689 6.23430e-01
-4.88062 6.24041e-01
-4.87436 6.25359e-01
-4.86810 6.27266e-01
-4.86183 6.29654e-01
-4.85557 6.32435e-01
-4.84930 6.35536e-01
-4.84304 6.38898e-01
-4.83678 6.42474e-01
-4.83051 6.46222e-01
-4.82425 6.50099e-01
-4.81799 6.54058e-01
-4.81172 6.58049e-01
-4.80546 6.62016e-01
-4.79919 6.65898e-01
-4.79293 6.69637e-01
-4.78667 6.73178e-01
-4.78040 6.76474e-01
-4.77414 6.79489e-01
-4.76787 6.82204e-01
-4.76161 6.84611e-01
-4.75535 6.86271e-01
-4.74908 7.45837e-01
-4.74282 6.95193e-01
-4.73656 6.91548e-01
-4.73029 6.92779e-01
-4.72403 6.93899e-01
-4.71776 6.94937e-01
-4.71150 6.95919e-01
-4.70524 6.96856e-01
-4.69897 6.97749e-01
-4.69271 6.98582e-01
-4.68645 6.99332e-01
-4.68018 6.99966e-01
-4.67392 7.00445e-01
-4.66765 7.00731e-01
-4.66139 7.00792e-01
-4.65513 7.00601e-01
-4.64886 7.00146e-01
-4.64260 6.99425e-01
-4.63633 6.98454e-01
-4.63007 6.97260e-01
-4.62381 6.95886e-01
-4.61754 6.94381e-01
-4.61128 6.92797e-01
-4.60502 6.91180e-01
-4.59875 6.89578e-01
-4.59249 6.88082e-01
-4.58622 6.86896e-01
-4.57996 6.86302e-01
-4.57370 6.86375e-01
-4.56743 6.86524e-01
-4.56117 6.85630e-01
-4.55491 6.83558e-01
-4.54864 6.83244e-01
-4.54238 6.90286e-01
-4.53611 7.08008e-01
-4.52985 7.31603e-01
-4.52359 7.48809e-01
-4.51732 7.49133e-01
-4.51106 7.33204e-01
-4.50479 7.12122e-01
-4.49853 6.97591e-01
-4.49227 6.93447e-01
-4.48600 6.95921e-01
-4.47974 6.99613e-01
-4.47348 7.01925e-01
-4.46721 7.03095e-01
-4.46095 7.04160e-01
-4.45468 7.05620e-01
-4.44842 7.07385e-01
-4.44216 7.09202e-01
-4.43589 7.10907e-01
-4.42963 7.12445e-01
-4.42337 7.13812e-01
-4.41710 7.15012e-01
-4.41084 7.16052e-01
-4.40457 7.16943e-01
-4.39831 7.17704e-01
-4.39205 7.18367e-01
-4.38578 7.18969e-01
-4.37952 7.19558e-01
-4.37325 7.20185e-01
-4.36699 7.20903e-01
-4.36073 7.21765e-01
-4.35446 7.22818e-01
-4.34820 7.24104e-01
-4.34194 7.25649e-01
-4.33567 7.27468e-01
-4.32941 7.29559e-01
-4.32314 7.31903e-01
-4.31688 7.34463e-01
-4.31062 7.37187e-01
-4.30435 7.40008e-01
-4.29809 7.42850e-01
-4.29183 7.45631e-01
-4.28556 7.48271e-01
-4.27930 7.50693e-01
-4.27303 7.52835e-01
-4.26677 7.54652e-01
-4.26051 7.56122e-01
-4.25424 7.57246e-01
-4.24798 7.58048e-01
-4.24172 7.58570e-01
-4.23545 7.60113e-01
-4.22919 7.95009e-01
-4.22292 7.60097e-01
-4.21666 7.60756e-01
-4.21040 7.59011e-01
-4.20413 8.24127e-01
-4.19787 7.62033e-01
-4.19160 7.61898e-01
-4.18534 7.59974e-01
-4.17908 7.60184e-01
-4.17281 7.60131e-01
-4.16655 7.59911e-01
-4.16029 7.59509e-01
-4.15402 7.58942e-01
-4.14776 7.58259e-01
-4.14149 7.57538e-01
-4.13523 7.56878e-01
-4.12897 7.56392e-01
-4.12270 7.56197e-01
-4.11644 7.56399e-01
-4.11018 7.57091e-01
-4.10391 7.58340e-01
-4.09765 7.60187e-01
-4.09138 7.62642e-01
-4.08512 7.65689e-01
-4.07886 7.69287e-01
-4.07259 7.73372e-01
-4.06633 7.77864e-01
-4.06006 7.82673e-01
-4.05380 7.87701e-01
-4.04754 7.92854e-01
-4.04127 7.98041e-01
-4.03501 8.03185e-01
-4.02875 8.08229e-01
-4.02248 8.13136e-01
-4.01622 8.17896e-01
-4.00995 8.22525e-01
-4.00369 8.27059e-01
-3.99743 8.31550e-01
-3.99116 8.36055e-01
-3.98490 8.40626e-01
-3.97864 8.45292e-01
-3.97237 8.50053e-01
-3.96611 8.54861e-01
-3.95984 8.59614e-01
-3.95358 8.64158e-01
-3.94732 8.68296e-01
-3.94105 8.71816e-01
-3.93479 8.74536e-01
-3.92852 8.76322e-01
-3.92226 8.77072e-01
-3.91600 8.76657e-01
-3.90973 8.74907e-01
-3.90347 8.71791e-01
-3.89721 8.67782e-01
-3.89094 8.64131e-01
-3.88468 8.62621e-01
-3.87841 8.64659e-01
-3.87215 8.70218e-01
-3.86589 8.77481e-01
-3.85962 8.83646e-01
-3.85336 8.86403e-01
-3.84710 8.85126e-01
-3.84083 8.81097e-01
-3.83457 8.76803e-01
-3.82830 8.74812e-01
-3.82204 8.76768e-01
-3.81578 8.82892e-01
-3.80951 8.92102e-01
-3.80325 9.02598e-01
-3.79698 9.12576e-01
-3.79072 9.20733e-01
-3.78446 9.26444e-01
-3.77819 9.29705e-01
-3.77193 9.30980e-01
-3.76567 9.31026e-01
-3.75940 9.30716e-01
-3.75314 9.30853e-01
-3.74687 9.32006e-01
-3.74061 9.34409e-01
-3.73435 9.37964e-01
-3.72808 9.42322e-01
-3.72182 9.47020e-01
-3.71556 9.51609e-01
-3.70929 9.55754e-01
-3.70303 9.59275e-01
-3.69676 9.62145e-01
-3.69050 9.64453e-01
-3.68424 9.66359e-01
-3.67797 9.68043e-01
-3.67171 9.69678e-01
-3.66544 9.71401e-01
-3.65918 9.73311e-01
-3.65292 9.75473e-01
-3.64665 9.77926e-01
-3.64039 9.80705e-01
-3.63413 9.83855e-01
-3.62786 9.87431e-01
-3.62160 9.91499e-01
-3.61533 9.96113e-01
-3.60907 1.00130e+00
-3.60281 1.00703e+00
-3.59654 1.01323e+00
-3.59028 1.01979e+00
-3.58402 1.02658e+00
-3.57775 1.03349e+00
-3.57149 1.04048e+00
-3.56522 1.04752e+00
-3.55896 1.05462e+00
-3.55270 1.06173e+00
-3.54643 1.06874e+00
-3.54017 1.07542e+00
-3.53390 1.08145e+00
-3.52764 1.08641e+00
-3.52138 1.08993e+00
-3.51511 1.09174e+00
-3.50885 1.09183e+00
-3.50259 1.09056e+00
-3.49632 1.08872e+00
-3.49006 1.08754e+00
-3.48379 1.08848e+00
-3.47753 1.09280e+00
-3.47127 1.10123e+00
-3.46500 1.11399e+00
-3.45874 1.13134e+00
-3.45248 1.15384e+00
-3.44621 1.18141e+00
-3.43995 1.21179e+00
-3.43368 1.24057e+00
-3.42742 1.26381e+00
-3.42116 1.28053e+00
-3.41489 1.29194e+00
-3.40863 1.29936e+00
-3.40236 1.32068e+00
-3.39610 1.31551e+00
-3.38984 1.27060e+00
-3.38357 1.30099e+00
-3.37731 1.37318e+00
-3.37105 1.30846e+00
-3.36478 1.23466e+00
-3.35852 1.21888e+00
-3.35225 1.17589e+00
-3.34599 1.12880e+00
-3.33973 1.08969e+00
-3.33346 1.05084e+00
-3.32720 1.01427e+00
-3.32094 9.83898e-01
-3.31467 9.60367e-01
-3.30841 9.42978e-01
-3.30214 9.30494e-01
-3.29588 9.21268e-01
-3.28962 9.13571e-01
-3.28335 9.05935e-01
-3.27709 8.97380e-01
-3.27082 8.87478e-01
-3.26456 8.76273e-01
-3.25830 8.64111e-01
-3.25203 8.51455e-01
-3.24577 8.38739e-01
-3.23951 8.26297e-01
-3.23324 8.14345e-01
-3.22698 8.03008e-01
-3.22071 7.92344e-01
-3.21445 7.82376e-01
-3.20819 7.73107e-01
-3.20192 7.64520e-01
-3.19566 7.56585e-01
-3.18940 7.49257e-01
-3.18313 7.42476e-01
-3.17687 7.36174e-01
-3.17060 7.30280e-01
-3.16434 7.24723e-01
-3.15808 7.19438e-01
-3.15181 7.14369e-01
-3.14555 7.09467e-01
-3.13928 7.04697e-01
-3.13302 7.00029e-01
-3.12676 6.95443e-01
-3.12049 6.90926e-01
-3.11423 6.86467e-01
-3.10797 6.82062e-01
-3.10170 6.77706e-01
-3.09544 6.73397e-01
-3.08917 6.69131e-01
-3.08291 6.64906e-01
-3.07665 6.60720e-01
-3.07038 6.56569e-01
-3.06412 6.52449e-01
-3.05786 6.48358e-01
-3.05159 6.44290e-01
-3.04533 6.40242e-01
-3.03906 6.36210e-01
-3.03280 6.32189e-01
-3.02654 6.28177e-01
-3.02027 6.24129e-01
-3.01401 6.22951e-01
-3.00774 6.52162e-01
-3.00148 6.25799e-01
-2.99522 6.09868e-01
-2.98895 6.04178e-01
-2.98269 6.00199e-01
-2.97643 5.96232e-01
-2.97016 5.92285e-01
-2.96390 5.88367e-01
-2.95763 5.84487e-01
-2.95137 5.80653e-01
-2.94511 5.76876e-01
-2.93884 5.73168e-01
-2.93258 5.69539e-01
-2.92632 5.65999e-01
-2.92005 5.62560e-01
-2.91379 5.59231e-01
-2.90752 5.56021e-01
-2.90126 5.52936e-01
-2.89500 5.49984e-01
-2.88873 5.47170e-01
-2.88247 5.44497e-01
-2.87620 5.41966e-01
-2.86994 5.39579e-01
-2.86368 5.37335e-01
-2.85741 5.35231e-01
-2.85115 5.33264e-01
-2.84489 5.31430e-01
-2.83862 5.29724e-01
-2.83236 5.28138e-01
-2.82609 5.26667e-01
-2.81983 5.25303e-01
-2.81357 5.24039e-01
-2.80730 5.22867e-01
-2.80104 5.21779e-01
-2.79478 5.20768e-01
-2.78851 5.19827e-01
-2.78225 5.18948e-01
-2.77598 5.18126e-01
-2.76972 5.17356e-01
-2.76346 5.16633e-01
-2.75719 5.15954e-01
-2.75093 5.15315e-01
-2.74466 5.14715e-01
-2.73840 5.14153e-01
-2.73214 5.13627e-01
-2.72587 5.13134e-01
-2.71961 5.12671e-01
-2.71335 5.12232e-01
-2.70708 5.11809e-01
-2.70082 5.11392e-01
-2.69455 5.10968e-01
-2.68829 5.10530e-01
-2.68203 5.10080e-01
-2.67576 5.09637e-01
-2.66950 5.09241e-01
-2.66324 5.08931e-01
-2.65697 5.08722e-01
-2.65071 5.08573e-01
-2.64444 5.08412e-01
-2.63818 5.08218e-01
-2.63192 5.08161e-01
-2.62565 5.08665e-01
-2.61939 5.10300e-01
-2.61312 5.13456e-01
-2.60686 5.17995e-01
-2.60060 5.23134e-01
-2.59433 5.27744e-01
-2.58807 5.30925e-01
-2.58181 5.32461e-01
-2.57554 5.32851e-01
-2.56928 5.32873e-01
-2.56301 5.33057e-01
-2.55675 5.33427e-01
-2.55049 5.33652e-01
-2.54422 5.33428e-01
-2.53796 5.32766e-01
-2.53170 5.32006e-01
-2.52543 5.31616e-01
-2.51917 5.31937e-01
-2.51290 5.33050e-01
-2.50664 5.34783e-01
-2.50038 5.36830e-01
-2.49411 5.38882e-01
-2.48785 5.40719e-01
-2.48158 5.42243e-01
-2.47532 5.43470e-01
-2.46906 5.44496e-01
-2.46279 5.45461e-01
-2.45653 5.46516e-01
-2.45027 5.47803e-01
-2.44400 5.49435e-01
-2.43774 5.51485e-01
-2.43147 5.53982e-01
-2.42521 5.56914e-01
-2.41895 5.60237e-01
-2.41268 5.63900e-01
-2.40642 5.67860e-01
-2.40016 5.72108e-01
-2.39389 5.76678e-01
-2.38763 5.81649e-01
-2.38136 5.87123e-01
-2.37510 5.93197e-01
-2.36884 5.99925e-01
-2.36257 6.07274e-01
-2.35631 6.15105e-01
-2.35004 6.23163e-01
-2.34378 6.31096e-01
-2.33752 6.38503e-01
-2.33125 6.44993e-01
-2.32499 6.50255e-01
-2.31873 6.54113e-01
-2.31246 6.56562e-01
-2.30620 6.57776e-01
-2.29993 6.58075e-01
-2.29367 6.57876e-01
-2.28741 6.57623e-01
-2.28114 6.57716e-01
-2.27488 6.58458e-01
-2.26862 6.60022e-01
-2.26235 6.62444e-01
-2.25609 6.65642e-01
-2.24982 6.69454e-01
-2.24356 6.73678e-01
-2.23730 6.78115e-01
-2.23103 6.82601e-01
-2.22477 6.87024e-01
-2.21850 6.91330e-01
-2.21224 6.95515e-01
-2.20598 6.99615e-01
-2.19971 7.03682e-01
-2.19345 7.07776e-01
-2.18719 7.11950e-01
-2.18092 7.16241e-01
-2.17466 7.20666e-01
-2.16839 7.25225e-01
-2.16213 7.29899e-01
-2.15587 7.34658e-01
-2.14960 7.39456e-01
-2.14334 7.44246e-01
-2.13708 7.48975e-01
-2.13081 7.53592e-01
-2.12455 7.58050e-01
-2.11828 7.62314e-01
-2.11202 7.66359e-01
-2.10576 7.70181e-01
-2.09949 7.73792e-01
-2.09323 7.77230e-01
-2.08696 7.80552e-01
-2.08070 7.83841e-01
-2.07444 7.87198e-01
-2.06817 7.90739e-01
-2.06191 7.94595e-01
-2.05565 7.98896e-01
-2.04938 8.03772e-01
-2.04312 8.09343e-01
-2.03685 8.15710e-01
-2.03059 8.22953e-01
-2.02433 8.31128e-01
-2.01806 8.40274e-01
-2.01180 8.50421e-01
-2.00554 8.61603e-01
-1.99927 8.73872e-01
-1.99301 8.87310e-01
-1.98674 9.02011e-01
-1.98048 9.18061e-01
-1.97422 9.35652e-01
-1.96795 9.55370e-01
-1.96169 9.77362e-01
-1.95542 9.99306e-01
-1.94916 1.02101e+00
-1.94290 1.05367e+00
-1.93663 1.10360e+00
-1.93037 1.14568e+00
-1.92411 1.15521e+00
-1.91784 1.15101e+00
-1.91158 1.16005e+00
-1.90531 1.17829e+00
-1.89905 1.19317e+00
-1.89279 1.20716e+00
-1.88652 1.51595e+00
-1.88026 1.22789e+00
-1.87400 1.24043e+00
-1.86773 1.25775e+00
-1.86147 1.27936e+00
-1.85520 1.30597e+00
-1.84894 1.33955e+00
-1.84268 1.38609e+00
-1.83641 1.45701e+00
-1.83015 1.56536e+00
-1.82388 1.71165e+00
-1.81762 1.89664e+00
-1.81136 2.11956e+00
-1.80509 2.25790e+00
-1.79883 2.54114e+00
-1.79257 3.03984e+00
-1.78630 3.81305e+00
-1.78004 4.92801e+00
-1.77377 6.79777e+00
-1.76751 9.15786e+00
-1.76125 1.50440e+01
-1.75498 3.18980e+01
-1.74872 7.37521e+01
-1.74246 1.29299e+03
