-8.00000 8.329976490340059e-02
-7.98799 8.316943187514630e-02
-7.97598 8.297479532831049e-02
-7.96396 8.273496274617473e-02
-7.95195 8.247259377461837e-02
-7.93994 8.221332063888674e-02
-7.92793 8.198499470695138e-02
-7.91592 8.181678001161621e-02
-7.90390 8.173812333913597e-02
-7.89189 8.177763963097009e-02
-7.87988 8.196196025777099e-02
-7.86787 8.231459918704051e-02
-7.85586 8.285489695971283e-02
-7.84384 8.359710356849337e-02
-7.83183 8.454965800688989e-02
-7.81982 8.571471420580219e-02
-7.80781 8.708795060427214e-02
-7.79580 8.865868426961619e-02
-7.78378 9.041029063211319e-02
-7.77177 9.232090629848035e-02
-7.75976 9.436436438613204e-02
-7.74775 9.651127924106150e-02
-7.73574 9.873016249459547e-02
-7.72372 1.009884219038951e-01
-7.71171 1.032530807723878e-01
-7.69970 1.054910759568828e-01
-7.68769 1.076690631916818e-01
-7.67568 1.097527875143090e-01
-7.66366 1.117062529512781e-01
-7.65165 1.134911121953791e-01
-7.63964 1.150668311873303e-01
-7.62763 1.163921898568714e-01
-7.61562 1.174284956019088e-01
-7.60360 1.181444924656035e-01
-7.59159 1.185224044423767e-01
-7.57958 1.185640059844004e-01
-7.56757 1.182953106670790e-01
-7.55556 1.177687705035825e-01
-7.54354 1.170633022294813e-01
-7.53153 1.162853666870124e-01
-7.51952 1.155772822945621e-01
-7.50751 1.151359236994841e-01
-7.49550 1.152274165207933e-01
-7.48348 1.161571915982370e-01
-7.47147 1.181605935149879e-01
-7.45946 1.212635191291486e-01
-7.44745 1.252713088892146e-01
-7.43544 1.299865894557601e-01
-7.42342 1.354551817037561e-01
-7.41141 1.418523449453323e-01
-7.39940 1.490433061998876e-01
-7.38739 1.565806793274276e-01
-7.37538 1.648720936005066e-01
-7.36336 1.809126482719272e-01
-7.35135 2.913672812202058e-01
-7.33934 2.232436167356714e-01
-7.32733 2.534380481077557e-01
-7.31532 2.838768334508020e-01
-7.30330 3.020869194592336e-01
-7.29129 3.029248037243809e-01
-7.27928 2.890307411159090e-01
-7.26727 2.689977271749074e-01
-7.25526 2.523792072809632e-01
-7.24324 2.452814268945268e-01
-7.23123 2.488043582621774e-01
-7.21922 2.600856202699914e-01
-7.20721 2.744613806877295e-01
-7.19520 2.874732975775591e-01
-7.18318 2.961163649363958e-01
-7.17117 2.992257970355377e-01
-7.15916 2.972039166230135e-01
-7.14715 2.914179070926878e-01
-7.13514 2.835486691933979e-01
-7.12312 2.750541845672532e-01
-7.11111 2.668777882144389e-01
-7.09910 2.595694198191160e-01
-7.08709 2.539531307648978e-01
-7.07508 2.521189097565426e-01
-7.06306 2.575716801990943e-01
-7.05105 2.728488995030717e-01
-7.03904 2.954597364725043e-01
-7.02703 3.173373171640508e-01
-7.01502 3.311196082484920e-01
-7.00300 3.372380918005257e-01
-6.99099 3.429085706113324e-01
-6.97898 3.542862913160880e-01
-6.96697 3.709658673442096e-01
-6.95495 3.871095143902908e-01
-6.94294 3.962632455099944e-01
-6.93093 3.959807330139422e-01
-6.91892 3.895317281423554e-01
-6.90691 3.833102333214063e-01
-6.89489 3.820530722248957e-01
-6.88288 3.861240344720984e-01
-6.87087 3.924857044572917e-01
-6.85886 3.977473208726280e-01
-6.84685 4.013363779379091e-01
-6.83483 4.062040655739877e-01
-6.82282 4.147624525179407e-01
-6.81081 4.248802023027880e-01
-6.79880 4.339115730547997e-01
-6.78679 4.447353360401280e-01
-6.77477 4.609451615013612e-01
-6.76276 4.786283285740045e-01
-6.75075 4.908408047083321e-01
-6.73874 4.970868568379536e-01
-6.72673 5.016310804944929e-01
-6.71471 5.063266577235760e-01
-6.70270 5.102283787755808e-01
-6.69069 5.130039526824658e-01
-6.67868 5.152001464172863e-01
-6.66667 5.165297820372152e-01
-6.65465 5.156209971080129e-01
-6.64264 5.117374060439335e-01
-6.63063 5.071015591733135e-01
-6.61862 5.071770792245107e-01
-6.60661 5.165915087418047e-01
-6.59459 5.332626574756231e-01
-6.58258 5.482697486845414e-01
-6.57057 5.543581364530964e-01
-6.55856 5.541312946523731e-01
-6.54655 5.573130963430273e-01
-6.53453 5.702510624867362e-01
-6.52252 5.905611839352232e-01
-6.51051 6.116456471335695e-01
-6.49850 6.295176464672891e-01
-6.48649 6.445430703564271e-01
-6.47447 6.587287009507766e-01
-6.46246 6.728615382226599e-01
-6.45045 6.857479472118360e-01
-6.43844 6.952639804165488e-01
-6.42643 7.001028037498691e-01
-6.41441 7.011154997387641e-01
-6.40240 7.013757264292748e-01
-6.39039 7.046180451794042e-01
-6.37838 7.125638116996956e-01
-6.36637 7.227607358689055e-01
-6.35435 7.291585516663917e-01
-6.34234 7.262108084973240e-01
-6.33033 7.138335905563302e-01
-6.31832 6.985563669730342e-01
-6.30631 6.891072334105837e-01
-6.29429 6.901126851269042e-01
-6.28228 6.993304813072538e-01
-6.27027 7.101214547086945e-01
-6.25826 7.163590846785142e-01
-6.24625 7.159328373170049e-01
-6.23423 7.109711334155215e-01
-6.22222 7.054008921905831e-01
-6.21021 7.019589991839686e-01
-6.19820 7.007196345600116e-01
-6.18619 6.997669761257040e-01
-6.17417 6.970132514590920e-01
-6.16216 6.916645064516350e-01
-6.15015 6.845693205537999e-01
-6.13814 6.776480959639319e-01
-6.12613 6.729873429814321e-01
-6.11411 6.720401502531899e-01
-6.10210 6.751342412275185e-01
-6.09009 6.813651594688026e-01
-6.07808 6.888776578762860e-01
-6.06607 6.954318842793439e-01
-6.05405 6.990497147154887e-01
-6.04204 6.985192547688506e-01
-6.03003 6.936176328896426e-01
-6.01802 6.850372709277266e-01
-6.00601 6.740992126765818e-01
-5.99399 6.623755617414012e-01
-5.98198 6.513303224558895e-01
-5.96997 6.420512354027401e-01
-5.95796 6.351069375099541e-01
-5.94595 6.305330655992404e-01
-5.93393 6.279279768136129e-01
-5.92192 6.266222746837236e-01
-5.90991 6.258769888452188e-01
-5.89790 6.250647583714992e-01
-5.88589 6.237970077366939e-01
-5.87387 6.219756649663097e-01
-5.86186 6.197665306705920e-01
-5.84985 6.175089449388772e-01
-5.83784 6.155898708737538e-01
-5.82583 6.143178579904333e-01
-5.81381 6.138319614976401e-01
-5.80180 6.140714060554476e-01
-5.78979 6.148140343212762e-01
-5.77778 6.157692175306091e-01
-5.76577 6.166914651343121e-01
-5.75375 6.174720786408714e-01
-5.74174 6.181692810832355e-01
-5.72973 6.189466738260522e-01
-5.71772 6.199065690634931e-01
-5.70571 6.208565628276007e-01
-5.69369 6.211699199335834e-01
-5.68168 6.200015221818334e-01
-5.66967 6.169146216011104e-01
-5.65766 6.124960557697805e-01
-5.64565 6.082633912195861e-01
-5.63363 6.063466352024426e-01
-5.62162 6.118568585110731e-01
-5.60961 6.288659058829960e-01
-5.59760 6.420916801717963e-01
-5.58559 6.312972581190661e-01
-5.57357 6.080657181506842e-01
-5.56156 5.913987076635220e-01
-5.54955 5.791696993085048e-01
-5.53754 5.658660666328375e-01
-5.52553 5.513738792993206e-01
-5.51351 5.359684385902149e-01
-5.50150 5.200957598139632e-01
-5.48949 5.052993253793041e-01
-5.47748 4.934584129925608e-01
-5.46547 4.857159803291821e-01
-5.45345 4.820423944198653e-01
-5.44144 4.814671050127003e-01
-5.42943 4.825993355894759e-01
-5.41742 4.840944745048039e-01
-5.40541 4.849225807213246e-01
-5.39339 4.844496627152414e-01
-5.38138 4.824027093687878e-01
-5.36937 4.787869925476508e-01
-5.35736 4.737986426561336e-01
-5.34535 4.677505220360177e-01
-5.33333 4.610143196913089e-01
-5.32132 4.539773415400816e-01
-5.30931 4.470147320096469e-01
-5.29730 4.404815364048627e-01
-5.28529 4.347295761736986e-01
-5.27327 4.301477420463282e-01
-5.26126 4.272081940226462e-01
-5.24925 4.264785162811404e-01
-5.23724 4.285498950933937e-01
-5.22523 4.338667986861452e-01
-5.21321 4.425404371339408e-01
-5.20120 4.543324737576622e-01
-5.18919 4.689719841693708e-01
-5.17718 4.867098478793981e-01
-5.16517 5.086314451396682e-01
-5.15315 5.361231016040778e-01
-5.14114 5.693754666891152e-01
-5.12913 6.057444281196389e-01
-5.11712 6.393836373785408e-01
-5.10511 6.630352886727002e-01
-5.09309 6.713615533358258e-01
-5.08108 6.638864375078641e-01
-5.06907 6.456637473640792e-01
-5.05706 6.252245207974250e-01
-5.04505 6.110616348525163e-01
-5.03303 6.086068871783419e-01
-5.02102 6.189261997303441e-01
-5.00901 6.389619099707825e-01
-4.99700 6.624955085057699e-01
-4.98498 6.816983522026102e-01
-4.97297 6.898555697438001e-01
-4.96096 6.847739149829640e-01
-4.94895 6.703566158224294e-01
-4.93694 6.541442143783408e-01
-4.92492 6.421992821632033e-01
-4.91291 6.356408202899853e-01
-4.90090 6.315565876780173e-01
-4.88889 6.266846865029319e-01
-4.87688 6.201842018347011e-01
-4.86486 6.136925049566953e-01
-4.85285 6.097096400708488e-01
-4.84084 6.101415545543948e-01
-4.82883 6.157545228561354e-01
-4.81682 6.262167112123509e-01
-4.80480 6.402587018689796e-01
-4.79279 6.558527994915184e-01
-4.78078 6.705432370633251e-01
-4.76877 6.819884341807062e-01
-4.75676 6.891202681437266e-01
-4.74474 7.177364693710491e-01
-4.73273 6.854079926272930e-01
-4.72072 6.802601276421740e-01
-4.70871 6.746535610727364e-01
-4.69670 6.725005874137682e-01
-4.68468 6.762716193433541e-01
-4.67267 6.858448527125560e-01
-4.66066 6.979620762295500e-01
-4.64865 7.077935508490059e-01
-4.63664 7.120818523057233e-01
-4.62462 7.113347335593992e-01
-4.61261 7.090798240050240e-01
-4.60060 7.089289266136642e-01
-4.58859 7.121015505366961e-01
-4.57658 7.171684726062760e-01
-4.56456 7.214441623373559e-01
-4.55255 7.229335987483019e-01
-4.54054 7.215493026839674e-01
-4.52853 7.156485512361970e-01
-4.51652 8.038267199986555e-01
-4.50450 7.115067351997781e-01
-4.49249 6.797740861424548e-01
-4.48048 6.717906373850919e-01
-4.46847 6.656823566031649e-01
-4.45646 6.651106388862009e-01
-4.44444 6.686551295098360e-01
-4.43243 6.755857155292804e-01
-4.42042 6.846725885784196e-01
-4.40841 6.946040742850369e-01
-4.39640 7.042185414316983e-01
-4.38438 7.126526471982697e-01
-4.37237 7.194407250772861e-01
-4.36036 7.246053437893365e-01
-4.34835 7.287197162182919e-01
-4.33634 7.328404356762933e-01
-4.32432 7.381936371773258e-01
-4.31231 7.456146079881836e-01
-4.30030 7.549502252892659e-01
-4.28829 7.647809423593805e-01
-4.27628 7.727441800519012e-01
-4.26426 7.764349937038344e-01
-4.25225 7.744509445304869e-01
-4.24024 7.678919129365799e-01
-4.22823 7.569167177392624e-01
-4.21622 7.838908274006759e-01
-4.20420 7.537926418005892e-01
-4.19219 7.435157003803818e-01
-4.18018 7.485481870714081e-01
-4.16817 7.573905654234825e-01
-4.15616 7.658545102987052e-01
-4.14414 7.708499809379975e-01
-4.13213 7.710831802777944e-01
-4.12012 7.671151094946129e-01
-4.10811 7.606922907399424e-01
-4.09610 7.538991004667936e-01
-4.08408 7.486639962591116e-01
-4.07207 7.466322576066232e-01
-4.06006 7.491114659598120e-01
-4.04805 7.568711351785044e-01
-4.03604 7.698139302501801e-01
-4.02402 7.866946739504925e-01
-4.01201 8.051061648793375e-01
-4.00000 8.219260966495223e-01
-3.98799 8.343002912830855e-01
-3.97598 8.409379229698291e-01
-3.96396 8.430535248310652e-01
-3.95195 8.440534763777253e-01
-3.93994 8.475567090427129e-01
-3.92793 8.546277044638984e-01
-3.91592 8.622230708871162e-01
-3.90390 8.646301472563260e-01
-3.89189 8.579080800911418e-01
-3.87988 8.437119108279774e-01
-3.86787 8.308611830131358e-01
-3.85586 8.429607015174390e-01
-3.84384 8.903908187954176e-01
-3.83183 8.979455576469219e-01
-3.81982 8.835340706494309e-01
-3.80781 8.995917051064989e-01
-3.79580 9.284789889934099e-01
-3.78378 9.521911510480822e-01
-3.77177 9.501525525448610e-01
-3.75976 9.296330690666961e-01
-3.74775 9.196695950277362e-01
-3.73574 9.278322116850259e-01
-3.72372 9.447700626247950e-01
-3.71171 9.626345271320416e-01
-3.69970 9.756693390027568e-01
-3.68769 9.792621770683210e-01
-3.67568 9.728221990501109e-01
-3.66366 9.612930613966649e-01
-3.65165 9.527171752150674e-01
-3.63964 9.540396521789143e-01
-3.62763 9.678703597595564e-01
-3.61562 9.911251955103784e-01
-3.60360 1.015886705753258e+00
-3.59159 1.033126764283596e+00
-3.57958 1.038806267862101e+00
-3.56757 1.038724659017882e+00
-3.55556 1.046427907308416e+00
-3.54354 1.072639249368502e+00
-3.53153 1.114270970613177e+00
-3.51952 1.154600752478566e+00
-3.50751 1.175503102282387e+00
-3.49550 1.169686491845006e+00
-3.48348 1.143025651188736e+00
-3.47147 1.109051466344674e+00
-3.45946 1.082181843489186e+00
-3.44745 1.079526945473352e+00
-3.43544 1.127536345247697e+00
-3.42342 1.233003481873324e+00
-3.41141 1.372528125078485e+00
-3.39940 1.368181913285334e+00
-3.38739 1.368109858144560e+00
-3.37538 1.239504249844023e+00
-3.36336 1.337489845123422e+00
-3.35135 1.168498188535194e+00
-3.33934 1.085090190363960e+00
-3.32733 1.001955398903195e+00
-3.31532 9.476205837449796e-01
-3.30330 9.384333470337897e-01
-3.29129 9.448062389538036e-01
-3.27928 9.361010864797257e-01
-3.26727 9.108118052303982e-01
-3.25526 8.771944145875589e-01
-3.24324 8.422312109840410e-01
-3.23123 8.113025113563704e-01
-3.21922 7.868524033497247e-01
-3.20721 7.684459695398421e-01
-3.19520 7.544885297513707e-01
-3.18318 7.435797359047531e-01
-3.17117 7.348587666654163e-01
-3.15916 7.277816266690518e-01
-3.14715 7.218695529339765e-01
-3.13514 7.166485267353424e-01
-3.12312 7.117203320046047e-01
-3.11111 7.068286351008862e-01
-3.09910 7.018466745809464e-01
-3.08709 6.967147516017917e-01
-3.07508 6.914325456545209e-01
-3.06306 6.860420769306996e-01
-3.05105 6.801948594724373e-01
-3.03904 6.730854964304871e-01
-3.02703 6.658224765242096e-01
-3.01502 6.620000409900667e-01
-3.00300 6.602839898017955e-01
-2.99099 6.526099057046967e-01
-2.97898 6.376234490399141e-01
-2.96697 6.236918887407292e-01
-2.95495 6.149753552404613e-01
-2.94294 6.085307720585353e-01
-2.93093 6.023857709471904e-01
-2.91892 5.970325387018182e-01
-2.90691 5.927647735060499e-01
-2.89489 5.892866233172387e-01
-2.88288 5.862780719979603e-01
-2.87087 5.834870152181240e-01
-2.85886 5.806761016488752e-01
-2.84685 5.776344801765411e-01
-2.83483 5.742064621601145e-01
-2.82282 5.703088809789905e-01
-2.81081 5.659372952435014e-01
-2.79880 5.611626608388055e-01
-2.78679 5.561195946741686e-01
-2.77477 5.509882409209552e-01
-2.76276 5.459725316766254e-01
-2.75075 5.412778375645055e-01
-2.73874 5.370907069366896e-01
-2.72673 5.335631369318673e-01
-2.71471 5.308044365720981e-01
-2.70270 5.288847977816532e-01
-2.69069 5.278518187653243e-01
-2.67868 5.277477239779024e-01
-2.66667 5.285963782605828e-01
-2.65465 5.303375007846738e-01
-2.64264 5.326192023518054e-01
-2.63063 5.368384296066228e-01
-2.61862 5.377584709359625e-01
-2.60661 5.759946222706167e-01
-2.59459 5.853983263063047e-01
-2.58258 5.552739204155536e-01
-2.57057 5.661189802973554e-01
-2.55856 5.720503527967130e-01
-2.54655 5.758008365397639e-01
-2.53453 5.752215260837414e-01
-2.52252 5.721803246315821e-01
-2.51051 5.690211116541526e-01
-2.49850 5.667085772614633e-01
-2.48649 5.643654348293610e-01
-2.47447 5.604242031256600e-01
-2.46246 5.541371198557673e-01
-2.45045 5.462907214138691e-01
-2.43844 5.389696010178547e-01
-2.42643 5.348084230393062e-01
-2.41441 5.360608458655425e-01
-2.40240 5.436644585359446e-01
-2.39039 5.567537176846674e-01
-2.37838 5.732652246142249e-01
-2.36637 5.915242698704480e-01
-2.35435 6.113153929267525e-01
-2.34234 6.328503768053869e-01
-2.33033 6.543815411878973e-01
-2.31832 6.715792139977567e-01
-2.30631 6.804364686215544e-01
-2.29429 6.810666229279592e-01
-2.28228 6.779715285701411e-01
-2.27027 6.761466608709306e-01
-2.25826 6.771270231386204e-01
-2.24625 6.787724916254736e-01
-2.23423 6.781595713049990e-01
-2.22222 6.741964137227885e-01
-2.21021 6.679941445487795e-01
-2.19820 6.617195300011042e-01
-2.18619 6.574737944369032e-01
-2.17417 6.568212198110265e-01
-2.16216 6.606978898446314e-01
-2.15015 6.693487942402094e-01
-2.13814 6.822447703366540e-01
-2.12613 6.981007315968271e-01
-2.11411 7.150726541250753e-01
-2.10210 7.310944540320988e-01
-2.09009 7.442314442205691e-01
-2.07808 7.529167243795244e-01
-2.06607 7.560265392421521e-01
-2.05405 7.529218242190157e-01
-2.04204 7.437715383536920e-01
-2.03003 7.305592581349144e-01
-2.01802 7.181386136761141e-01
-2.00601 7.122867393535669e-01
-1.99399 7.170396668878407e-01
-1.98198 7.423858425582132e-01
-1.96997 8.017859272237146e-01
-1.95796 8.763797319962878e-01
-1.94595 1.048192413775284e+00
-1.93393 9.109107825325575e-01
-1.92192 9.091143180530132e-01
-1.90991 9.020994511739076e-01
-1.89790 8.713044637231117e-01
-1.88589 8.181811006855961e-01
-1.87387 7.639226642303103e-01
-1.86186 7.234814925024221e-01
-1.84985 6.978937528660416e-01
-1.83784 6.806739027887558e-01
-1.82583 6.663808749789558e-01
-1.81381 6.530594974246634e-01
-1.80180 6.404170851733443e-01
-1.78979 6.286579360162013e-01
-1.77778 6.186102035165129e-01
-1.76577 6.115065231866247e-01
-1.75375 6.080370913936584e-01
-1.74174 6.075439990411223e-01
-1.72973 6.081374782213808e-01
-1.71772 6.078394624567151e-01
-1.70571 6.061628843319091e-01
-1.69369 6.043871455463073e-01
-1.68168 6.039243577855962e-01
-1.66967 6.081537575512499e-01
-1.65766 6.207590838743819e-01
-1.64565 6.396826107627015e-01
-1.63363 6.912096406797418e-01
-1.62162 7.020313767208325e-01
-1.60961 7.043360353841353e-01
-1.59760 6.909345035997948e-01
-1.58559 6.768718995436742e-01
-1.57357 6.728012329754772e-01
-1.56156 6.701897214988271e-01
-1.54955 6.652523766131894e-01
-1.53754 6.581848350700359e-01
-1.52553 6.494052082074910e-01
-1.51351 6.401696259269563e-01
-1.50150 6.318452229985193e-01
-1.48949 6.247421248893325e-01
-1.47748 6.180752722514383e-01
-1.46547 6.110047948557803e-01
-1.45345 6.034119752456706e-01
-1.44144 5.956489210398789e-01
-1.42943 5.878548612867908e-01
-1.41742 5.797197559029776e-01
-1.40541 5.708478499304751e-01
-1.39339 5.612430618541939e-01
-1.38138 5.514542535517983e-01
-1.36937 5.423136366509830e-01
-1.35736 5.345229447801453e-01
-1.34535 5.283901590986103e-01
-1.33333 5.238524936000174e-01
-1.32132 5.207049993973917e-01
-1.30931 5.188380864820912e-01
-1.29730 5.183250237499892e-01
-1.28529 5.193337726237853e-01
-1.27327 5.219568867387079e-01
-1.26126 5.260847519992324e-01
-1.24925 5.313938847840151e-01
-1.23724 5.374390065505730e-01
-1.22523 5.437822776372014e-01
-1.21321 5.500890395793928e-01
-1.20120 5.561548030600961e-01
-1.18919 5.618441135999955e-01
-1.17718 5.676333067756523e-01
-1.16517 5.794038268820165e-01
-1.15315 5.785496679520390e-01
-1.14114 5.798594021560837e-01
-1.12913 5.820227244136500e-01
-1.11712 5.836938165493810e-01
-1.10511 5.844772054900769e-01
-1.09309 5.844425913160414e-01
-1.08108 5.836821418879716e-01
-1.06907 5.822999672575685e-01
-1.05706 5.804006823339873e-01
-1.04505 5.780871895210903e-01
-1.03303 5.754640343445590e-01
-1.02102 5.726409545160047e-01
-1.00901 5.697325122375471e-01
-0.99700 5.668527530342207e-01
-0.98498 5.641067672892661e-01
-0.97297 5.615824448226598e-01
-0.96096 5.593452563445424e-01
-0.94895 5.574371871028587e-01
-0.93694 5.558790639502013e-01
-0.92492 5.546743834126024e-01
-0.91291 5.538128151375792e-01
-0.90090 5.532723036882543e-01
-0.88889 5.530109489637274e-01
-0.87688 5.530023603035678e-01
-0.86486 5.533907849291471e-01
-0.85285 5.533928855963370e-01
-0.84084 5.555543281148144e-01
-0.82883 5.609904874182410e-01
-0.81682 5.573265841031543e-01
-0.80480 5.541482495443177e-01
-0.79279 5.542881800813764e-01
-0.78078 5.535899733325764e-01
-0.76877 5.528039419520825e-01
-0.75676 5.518301085146458e-01
-0.74474 5.506753754124047e-01
-0.73273 5.494585705675106e-01
-0.72072 5.483259160118301e-01
-0.70871 5.474578739986170e-01
-0.69670 5.470615631566897e-01
-0.68468 5.473599719722799e-01
-0.67267 5.485791848594341e-01
-0.66066 5.509338854864844e-01
-0.64865 5.546115269129513e-01
-0.63664 5.597558581202504e-01
-0.62462 5.664510614419411e-01
-0.61261 5.747079377807336e-01
-0.60060 5.844533890494681e-01
-0.58859 5.955317337277449e-01
-0.57658 6.077383318663824e-01
-0.56456 6.208268779257319e-01
-0.55255 6.343380181102698e-01
-0.54054 6.476873320382531e-01
-0.52853 6.611422821802077e-01
-0.51652 6.754447024884163e-01
-0.50450 6.888148137420033e-01
-0.49249 6.979093661741149e-01
-0.48048 7.029920102479619e-01
-0.46847 7.066422896780180e-01
-0.45646 7.089121830536186e-01
-0.44444 7.084174224576805e-01
-0.43243 7.049986274256215e-01
-0.42042 6.993572598899065e-01
-0.40841 6.923288006399476e-01
-0.39640 6.849741713790410e-01
-0.38438 6.786311725290870e-01
-0.37237 6.747545236017980e-01
-0.36036 6.747135804069777e-01
-0.34835 6.795895366642721e-01
-0.33634 6.899875436714644e-01
-0.32432 7.058946021175211e-01
-0.31231 7.266115393396408e-01
-0.30030 7.508503404376655e-01
-0.28829 7.771980589662374e-01
-0.27628 8.046408002082709e-01
-0.26426 8.318280707219301e-01
-0.25225 8.546576908539329e-01
-0.24024 8.684373592670508e-01
-0.22823 8.902110065838558e-01
-0.21622 9.583058285275681e-01
-0.20420 1.037573077511642e+00
-0.19219 1.033163311893727e+00
-0.18018 9.727301865130382e-01
-0.16817 9.538347846095191e-01
-0.15616 9.841226961044685e-01
-0.14414 1.023755136460472e+00
-0.13213 1.054301409617503e+00
-0.12012 1.074529506559315e+00
-0.10811 1.081130380446056e+00
-0.09610 1.066238550753481e+00
-0.08408 1.032522920430877e+00
-0.07207 1.001388893800433e+00
-0.06006 9.974964274738932e-01
-0.04805 1.035304434932585e+00
-0.03604 1.074410573474190e+00
-0.02402 1.099489789367317e+00
-0.01201 1.145675312341671e+00
0.00000 2.277237441448670e+06
0.01201 9.885690887009928e-01
0.02402 1.067527433593235e+00
0.03604 9.848699066656355e-01
0.04805 9.192872083139674e-01
0.06006 8.588422239188247e-01
0.07207 8.268763470816218e-01
0.08408 7.959049775796885e-01
0.09610 7.660565132597570e-01
0.10811 7.436026035796226e-01
0.12012 7.242744798872293e-01
0.13213 7.054829630473867e-01
0.14414 6.825275794328535e-01
0.15616 6.564703597588217e-01
0.16817 6.417285208271746e-01
0.18018 6.419141676571967e-01
0.19219 6.330912338884679e-01
0.20420 6.082554795315370e-01
0.21622 5.952587539710007e-01
0.22823 5.814262741108687e-01
0.24024 5.304492110697437e-01
0.25225 4.825897006350773e-01
0.26426 4.857286346628417e-01
0.27628 5.039562545655956e-01
0.28829 4.906481440563052e-01
0.30030 4.575605476766559e-01
0.31231 4.340428113002634e-01
0.32432 4.212827078822884e-01
0.33634 4.099951992742080e-01
0.34835 4.028712584164642e-01
0.36036 4.071786623570808e-01
0.37237 4.239924326759495e-01
0.38438 4.461735903588132e-01
0.39640 4.607949469989682e-01
0.40841 4.550246030320599e-01
0.42042 4.231324616694697e-01
0.43243 3.697627193268966e-01
0.44444 3.073367524690146e-01
0.45646 2.514340311115568e-01
0.46847 4.083015726021035e-01
0.48048 1.819448395287693e-01
0.49249 1.694804835870474e-01
0.50450 1.675638765349658e-01
0.51652 1.692847273610507e-01
0.52853 1.713970399276831e-01
0.54054 1.721895795907556e-01
0.55255 1.712108777576004e-01
0.56456 1.686889471171721e-01
0.57658 1.651278504263043e-01
0.58859 1.610668392885241e-01
0.60060 1.569455234180604e-01
0.61261 1.530455815361589e-01
0.62462 1.494922852751746e-01
0.63664 1.462934874444323e-01
0.64865 1.433906918660304e-01
0.66066 1.407033889140320e-01
0.67267 1.381583308574830e-01
0.68468 1.357036699409972e-01
0.69670 1.333119712720222e-01
0.70871 1.309769245996322e-01
0.72072 1.287076407283505e-01
0.73273 1.265229376204418e-01
0.74474 1.244467085371226e-01
0.75676 1.225046021452529e-01
0.76877 1.207218258654650e-01
0.78078 1.191217683318028e-01
0.79279 1.177251709928476e-01
0.80480 1.165496557967160e-01
0.81682 1.156094839146462e-01
0.82883 1.149154659787144e-01
0.84084 1.144749713297048e-01
0.85285 1.142920001218621e-01
0.86486 1.143672935080567e-01
0.87688 1.146984661334424e-01
0.88889 1.152801523893877e-01
0.90090 1.161041631893732e-01
0.91291 1.171596533468414e-01
0.92492 1.184333011831684e-01
0.93694 1.199095022228189e-01
0.94895 1.215705782568299e-01
0.96096 1.233970021192342e-01
0.97297 1.253676375349396e-01
0.98498 1.274599925374961e-01
0.99700 1.296504842916492e-01
1.00901 1.319147126930459e-01
1.02102 1.342277398279717e-01
1.03303 1.365643722216761e-01
1.04505 1.388994427494906e-01
1.05706 1.412080891029659e-01
1.06907 1.434660257741748e-01
1.08108 1.456498066324969e-01
1.09309 1.477370753116293e-01
1.10511 1.497068007952626e-01
1.11712 1.515394957844617e-01
1.12913 1.532174156455971e-01
1.14114 1.547247359723402e-01
1.15315 1.560477070462960e-01
1.16517 1.571747837457952e-01
1.17718 1.580967297285696e-01
1.18919 1.588066949987124e-01
1.20120 1.593002662587335e-01
1.21321 1.595754897408255e-01
1.22523 1.596328665049094e-01
1.23724 1.594753204819227e-01
1.24925 1.591081398265362e-01
1.26126 1.585388924215242e-01
1.27327 1.577773166439889e-01
1.28529 1.568351887592857e-01
1.29730 1.557261685496826e-01
1.30931 1.544656250095092e-01
1.32132 1.530704441449328e-01
1.33333 1.515588211027714e-01
1.34535 1.499500390172965e-01
1.35736 1.482642371052268e-01
1.36937 1.465221706556935e-01
1.38138 1.447449656525188e-01
1.39339 1.429538708295399e-01
1.40541 1.411700099948729e-01
1.41742 1.394141374660066e-01
1.42943 1.377063994337603e-01
1.44144 1.360661040188350e-01
1.45345 1.345115026996322e-01
1.46547 1.330595856741689e-01
1.47748 1.317258935724502e-01
1.48949 1.305243477592061e-01
1.50150 1.294671012613175e-01
1.51351 1.285644121209175e-01
1.52553 1.278245407158010e-01
1.53754 1.272536723055982e-01
1.54955 1.268558657578696e-01
1.56156 1.266330290859648e-01
1.57357 1.265849220937759e-01
1.58559 1.267091860754337e-01
1.59760 1.270014001649673e-01
1.60961 1.274551635767794e-01
1.62162 1.280622026275238e-01
1.63363 1.288125010889181e-01
1.64565 1.296944520945423e-01
1.65766 1.306950295172112e-01
1.66967 1.317999764523432e-01
1.68168 1.329940081920193e-01
1.69369 1.342610268588912e-01
1.70571 1.355843446930896e-01
1.71772 1.369469128525943e-01
1.72973 1.383315525012328e-01
1.74174 1.397211849209490e-01
1.75375 1.410990573977288e-01
1.76577 1.424489616941651e-01
1.77778 1.437554420358000e-01
1.78979 1.450039897017281e-01
1.80180 1.461812215202741e-01
1.81381 1.472750398246024e-01
1.82583 1.482747717168332e-01
1.83784 1.491712858176920e-01
1.84985 1.499570850362792e-01
1.86186 1.506263742750161e-01
1.87387 1.511751023814557e-01
1.88589 1.516009780644485e-01
1.89790 1.519034598998854e-01
1.90991 1.520837209536819e-01
1.92192 1.521445889397196e-01
1.93393 1.520904632013131e-01
1.94595 1.519272101500422e-01
1.95796 1.516620391096846e-01
1.96997 1.513033607903583e-01
1.98198 1.508606308545035e-01
1.99399 1.503441812285123e-01
2.00601 1.497650419590652e-01
2.01802 1.491347565099362e-01
2.03003 1.484651934424964e-01
2.04204 1.477683574216244e-01
2.05405 1.470562024393823e-01
2.06607 1.463404500536183e-01
2.07808 1.456324153003649e-01
2.09009 1.449428427609809e-01
2.10210 1.442817550514214e-01
2.11411 1.436583157563844e-01
2.12613 1.430807085602252e-01
2.13814 1.425560340346753e-01
2.15015 1.420902252359101e-01
2.16216 1.416879829458429e-01
2.17417 1.413527310701777e-01
2.18619 1.410865923841402e-01
2.19820 1.408903845012111e-01
2.21021 1.407636356357067e-01
2.22222 1.407046194415198e-01
2.23423 1.407104079412780e-01
2.24625 1.407769413167387e-01
2.25826 1.408991131161321e-01
2.27027 1.410708692505681e-01
2.28228 1.412853190021244e-01
2.29429 1.415348561527305e-01
2.30631 1.418112882665487e-01
2.31832 1.421059721194506e-01
2.33033 1.424099532666372e-01
2.34234 1.427141077716413e-01
2.35435 1.430092841839947e-01
2.36637 1.432864439447586e-01
2.37838 1.435367985138925e-01
2.39039 1.437519416451585e-01
2.40240 1.439239753763061e-01
2.41441 1.440456284475917e-01
2.42643 1.441103660031390e-01
2.43844 1.441124895604570e-01
2.45045 1.440472263476353e-01
2.46246 1.439108072006937e-01
2.47447 1.437005322824304e-01
2.48649 1.434148239282814e-01
2.49850 1.430532659461435e-01
2.51051 1.426166287005794e-01
2.52252 1.421068793048420e-01
2.53453 1.415271762368834e-01
2.54655 1.408818477002453e-01
2.55856 1.401763530812585e-01
2.57057 1.394172269247015e-01
2.58258 1.386120049748422e-01
2.59459 1.377691320197741e-01
2.60661 1.368978515432838e-01
2.61862 1.360080775350359e-01
2.63063 1.351102492361876e-01
2.64264 1.342151700970023e-01
2.65465 1.333338327823499e-01
2.66667 1.324772326601681e-01
2.67868 1.316561728208231e-01
2.69069 1.308810642704228e-01
2.70270 1.301617254833357e-01
2.71471 1.295071859515868e-01
2.72673 1.289254986950593e-01
2.73874 1.284235668633180e-01
2.75075 1.280069895397713e-01
2.76276 1.276799316322866e-01
2.77477 1.274450222918732e-01
2.78679 1.273032856448753e-01
2.79880 1.272541067689944e-01
2.81081 1.272952348165631e-01
2.82282 1.274228240286280e-01
2.83483 1.276315121392857e-01
2.84685 1.279145343974765e-01
2.85886 1.282638701934614e-01
2.87087 1.286704181305789e-01
2.88288 1.291241943875836e-01
2.89489 1.296145484241076e-01
2.90691 1.301303895326138e-01
2.91892 1.306604174627736e-01
2.93093 1.311933503518251e-01
2.94294 1.317181434846909e-01
2.95495 1.322241929622928e-01
2.96697 1.327015191429507e-01
2.97898 1.331409256949314e-01
2.99099 1.335341312036850e-01
3.00300 1.338738714547794e-01
3.01502 1.341539717007894e-01
3.02703 1.343693893572051e-01
3.03904 1.345162286042690e-01
3.05105 1.345917292529285e-01
3.06306 1.345942329295246e-01
3.07508 1.345231301240792e-01
3.08709 1.343787919232930e-01
3.09910 1.341624903169655e-01
3.11111 1.338763108427739e-01
3.12312 1.335230610463676e-01
3.13514 1.331061778160817e-01
3.14715 1.326296361431961e-01
3.15916 1.320978613000196e-01
3.17117 1.315156458582179e-01
3.18318 1.308880724239364e-01
3.19520 1.302204424737905e-01
3.20721 1.295182112588742e-01
3.21922 1.287869284169396e-01
3.23123 1.280321837022372e-01
3.24324 1.272595571073403e-01
3.25526 1.264745726044779e-01
3.26727 1.256826547634932e-01
3.27928 1.248890875943464e-01
3.29129 1.240989750972246e-01
3.30330 1.233172031659028e-01
3.31532 1.225484026642871e-01
3.32733 1.217969136684899e-01
3.33934 1.210667510266239e-01
3.35135 1.203615715280405e-01
3.36336 1.196846430882990e-01
3.37538 1.190388164436660e-01
3.38739 1.184264999094041e-01
3.39940 1.178496377909493e-01
3.41141 1.173096930484204e-01
3.42342 1.168076348050115e-01
3.43544 1.163439312605637e-01
3.44745 1.159185485241711e-01
3.45946 1.155309558144724e-01
3.47147 1.151801373930043e-01
3.48348 1.148646114939416e-01
3.49550 1.145824563919768e-01
3.50751 1.143313436086787e-01
3.51952 1.141085780970298e-01
3.53153 1.139111450658869e-01
3.54354 1.137357629144204e-01
3.55556 1.135789415464889e-01
3.56757 1.134370451335176e-01
3.57958 1.133063582003664e-01
3.59159 1.131831537316491e-01
3.60360 1.130637618462547e-01
3.61562 1.129446374755886e-01
3.62763 1.128224254155512e-01
3.63964 1.126940211111953e-01
3.65165 1.125566255817365e-01
3.66366 1.124077930047282e-01
3.67568 1.122454696511277e-01
3.68769 1.120680230936870e-01
3.69970 1.118742608922902e-01
3.71171 1.116634382811668e-01
3.72372 1.114352547314201e-01
3.73574 1.111898396232201e-01
3.74775 1.109277276194286e-01
3.75976 1.106498246702690e-01
3.77177 1.103573658815732e-01
3.78378 1.100518667333528e-01
3.79580 1.097350693295961e-01
3.80781 1.094088854858833e-01
3.81982 1.090753385137689e-01
3.83183 1.087365055386897e-01
3.84384 1.083944620939464e-01
3.85586 1.080512305731293e-01
3.86787 1.077087339063646e-01
3.87988 1.073687555636519e-01
3.89189 1.070329066948620e-01
3.90390 1.067026009052499e-01
3.91592 1.063790368523894e-01
3.92793 1.060631885494824e-01
3.93994 1.057558029839350e-01
3.95195 1.054574044199149e-01
3.96396 1.051683045578822e-01
3.97598 1.048886175786618e-01
3.98799 1.046182790074903e-01
4.00000 1.043570672947569e-01
