  300.00 -8.00000  5.26319e+11  5.25401e+11  5.25401e+11 -3.79832e+10 -3.79832e+10  2.25721e+10
  300.00 -7.97595  3.36119e+11  3.35938e+11  3.35938e+11 -1.24837e+10 -1.24837e+10  6.01574e+09
  300.00 -7.95190  4.52825e+10  4.52809e+10  4.52809e+10  3.89544e+08  3.89535e+08 -7.94060e+07
  300.00 -7.92786  7.70727e+10  7.70767e+10  7.70766e+10  1.35433e+09  1.35431e+09 -1.56976e+09
  300.00 -7.90381  1.86442e+11  1.86439e+11  1.86439e+11  1.56642e+09  1.56636e+09 -1.06849e+09
  300.00 -7.87976  4.27861e+10  4.27756e+10  4.27757e+10 -9.93738e+08 -9.93743e+08  3.14201e+08
  300.00 -7.85571  1.50141e+10  1.50279e+10  1.50277e+10 -3.49364e+08 -3.49365e+08  7.27205e+08
  300.00 -7.83166  4.19788e+10  4.19109e+10  4.19107e+10 -2.50863e+09 -2.50861e+09  8.56812e+08
  300.00 -7.80762  7.70042e+09  7.70200e+09  7.70193e+09  8.33029e+07  8.32990e+07  1.74946e+08
  300.00 -7.78357  2.03739e+11  2.04230e+11  2.04229e+11  4.15306e+09  4.15308e+09 -1.48634e+10
  300.00 -7.75952  6.19321e+11  6.19942e+11  6.19943e+11  3.90133e+10  3.90133e+10 -4.81458e+10
  300.00 -7.73547  9.10089e+11  9.09483e+11  9.09484e+11  5.12685e+10  5.12686e+10 -3.87207e+10
  300.00 -7.71142  5.83457e+11  5.83398e+11  5.83398e+11  1.01076e+10  1.01077e+10 -5.78638e+09
  300.00 -7.68737  8.91167e+10  8.91040e+10  8.91040e+10 -1.61697e+09 -1.61697e+09  6.01045e+08
  300.00 -7.66333  4.34425e+10  4.34452e+10  4.34453e+10 -8.48277e+08 -8.48278e+08  9.79428e+08
  300.00 -7.63928  1.56319e+11  1.56309e+11  1.56309e+11 -2.57766e+09 -2.57766e+09  1.83756e+09
  300.00 -7.61523  6.74443e+10  6.74443e+10  6.74444e+10 -6.73606e+07 -6.73598e+07  5.45121e+07
  300.00 -7.59118  6.55256e+10  6.55266e+10  6.55265e+10 -1.90608e+08 -1.90609e+08  4.12603e+08
  300.00 -7.56713  3.27619e+11  3.27755e+11  3.27754e+11 -7.31164e+09 -7.31165e+09  1.18872e+10
  300.00 -7.54309  7.30967e+11  7.31117e+11  7.31117e+11 -4.24894e+10 -4.24894e+10  4.49273e+10
  300.00 -7.51904  4.84850e+11  4.83908e+11  4.83908e+11 -3.82112e+10 -3.82112e+10  2.40864e+10
  300.00 -7.49499  4.04747e+09  4.03451e+09  4.03453e+09 -3.89334e+08 -3.89336e+08 -2.24398e+08
  300.00 -7.47094  2.15815e+11  2.15911e+11  2.15911e+11  3.78540e+09  3.78539e+09 -7.49395e+09
  300.00 -7.44689  2.85604e+11  2.85562e+11  2.85562e+11  9.02800e+09  9.02796e+09 -7.57188e+09
  300.00 -7.42285  1.01079e+11  1.01079e+11  1.01079e+11  3.90468e+08  3.90455e+08 -1.38568e+08
  300.00 -7.39880  6.44646e+08  6.41860e+08  6.41863e+08 -7.08739e+07 -7.08740e+07 -3.96755e+07
  300.00 -7.37475  3.05950e+10  3.05873e+10  3.05873e+10 -1.06384e+09 -1.06385e+09  8.20150e+08
  300.00 -7.35070  7.83790e+09  7.82973e+09  7.82975e+09 -3.55256e+08 -3.55256e+08 -3.39687e+07
  300.00 -7.32665  7.95578e+10  7.95579e+10  7.95579e+10  9.96463e+06  9.96224e+06 -3.66308e+07
  300.00 -7.30261  4.36240e+11  4.36386e+11  4.36386e+11  8.13647e+09  8.13645e+09 -1.39561e+10
  300.00 -7.27856  7.67563e+11  7.67821e+11  7.67822e+11  2.80409e+10  2.80409e+10 -3.45068e+10
  300.00 -7.25451  7.19008e+11  7.18896e+11  7.18896e+11  2.67985e+10  2.67985e+10 -2.35454e+10
  300.00 -7.23046  2.07070e+11  2.07037e+11  2.07037e+11  4.39348e+09  4.39348e+09 -2.35794e+09
  300.00 -7.20641  1.36470e+10  1.36470e+10  1.36470e+10 -5.79552e+05 -5.79570e+05  1.87230e+07
  300.00 -7.18236  2.17452e+11  2.17454e+11  2.17454e+11 -1.71945e+09 -1.71945e+09  1.97301e+09
  300.00 -7.15832  2.17449e+11  2.17448e+11  2.17448e+11 -1.61086e+09 -1.61086e+09  1.47894e+09
  300.00 -7.13427  9.67210e+10  9.67208e+10  9.67208e+10 -2.52096e+08 -2.52090e+08  2.08161e+08
  300.00 -7.11022  1.73112e+10  1.73112e+10  1.73112e+10  2.67834e+07  2.67843e+07 -2.13487e+07
  300.00 -7.08617  3.98085e+09  3.98087e+09  3.98090e+09  4.91057e+06  4.91049e+06 -7.06804e+06
  300.00 -7.06212  1.33741e+09  1.33739e+09  1.33739e+09 -3.92082e+06 -3.92094e+06  9.84335e+05
  300.00 -7.03808  1.02833e+11  1.02832e+11  1.02833e+11 -5.19516e+08 -5.19519e+08  4.71247e+08
  300.00 -7.01403  2.41450e+11  2.41450e+11  2.41450e+11 -1.39210e+09 -1.39210e+09  1.42518e+09
  300.00 -6.98998  4.69759e+10  4.69760e+10  4.69761e+10 -1.01874e+08 -1.01874e+08  1.38275e+08
  300.00 -6.96593  1.14902e+11  1.14902e+11  1.14902e+11  3.15790e+08  3.15787e+08 -2.62761e+08
  300.00 -6.94188  3.14784e+11  3.14784e+11  3.14784e+11  1.75410e+09  1.75408e+09 -1.71824e+09
  300.00 -6.91784  1.17049e+10  1.17050e+10  1.17050e+10  4.21873e+07  4.21867e+07 -5.32481e+07
  300.00 -6.89379  1.69203e+11  1.69203e+11  1.69203e+11  1.83242e+08  1.83235e+08 -1.85084e+08
  300.00 -6.86974  1.61226e+11  1.61227e+11  1.61227e+11  4.58837e+08  4.58835e+08 -5.39164e+08
  300.00 -6.84569  6.39257e+09  6.39288e+09  6.39289e+09  3.39844e+07  3.39845e+07 -6.99452e+07
  300.00 -6.82164  2.46074e+10  2.46073e+10  2.46073e+10  2.37267e+08  2.37267e+08 -2.30215e+08
  300.00 -6.79760  3.59608e+08  3.59599e+08  3.59602e+08  3.67453e+06  3.67454e+06 -3.15584e+06
  300.00 -6.77355  2.98307e+11  2.98307e+11  2.98307e+11  3.05740e+09  3.05739e+09 -3.04923e+09
  300.00 -6.74950  1.05054e+12  1.05054e+12  1.05054e+12  9.48492e+09  9.48495e+09 -9.17088e+09
  300.00 -6.72545  9.25520e+11  9.25517e+11  9.25517e+11  5.09778e+09  5.09780e+09 -4.55594e+09
  300.00 -6.70140  2.07507e+11  2.07507e+11  2.07507e+11 -6.79771e+08 -6.79776e+08  4.69982e+08
  300.00 -6.67735  6.81147e+10  6.81170e+10  6.81171e+10 -6.16611e+08 -6.16613e+08  8.32917e+08
  300.00 -6.65331  7.73410e+11  7.73402e+11  7.73403e+11 -9.08020e+09 -9.08025e+09  8.41237e+09
  300.00 -6.62926  1.10496e+12  1.10495e+12  1.10495e+12 -6.74681e+09 -6.74685e+09  5.97505e+09
  300.00 -6.60521  4.59490e+11  4.59490e+11  4.59490e+11  7.08731e+08  7.08735e+08 -6.34220e+08
  300.00 -6.58116  1.91078e+10  1.91079e+10  1.91078e+10  4.14070e+07  4.14075e+07 -5.53478e+07
  300.00 -6.55711  8.23385e+10  8.23378e+10  8.23378e+10 -4.18960e+08 -4.18957e+08  2.88272e+08
  300.00 -6.53307  4.35615e+11  4.35610e+11  4.35610e+11 -4.97812e+09 -4.97811e+09  4.56477e+09
  300.00 -6.50902  6.56509e+11  6.56512e+11  6.56512e+11 -6.06172e+09 -6.06168e+09  6.40472e+09
  300.00 -6.48497  3.93212e+11  3.93213e+11  3.93213e+11 -1.27422e+09 -1.27420e+09  1.44376e+09
  300.00 -6.46092  1.19965e+11  1.19965e+11  1.19965e+11 -4.85181e+07 -4.85119e+07  5.36401e+07
  300.00 -6.43687  1.50117e+10  1.50117e+10  1.50117e+10 -1.10604e+07 -1.10600e+07  1.48484e+07
  300.00 -6.41283  4.16289e+09  4.16286e+09  4.16285e+09  1.50353e+07  1.50355e+07 -2.11250e+06
  300.00 -6.38878  8.42303e+10  8.42289e+10  8.42289e+10  7.77667e+08  7.77669e+08 -6.12597e+08
  300.00 -6.36473  2.67083e+11  2.67085e+11  2.67085e+11  2.37104e+09  2.37104e+09 -2.57486e+09
  300.00 -6.34068  2.31329e+11  2.31330e+11  2.31330e+11  1.06433e+09  1.06433e+09 -1.23125e+09
  300.00 -6.31663  5.93164e+09  5.93165e+09  5.93165e+09  1.30019e+07  1.30019e+07 -1.77164e+07
  300.00 -6.29259  6.40203e+10  6.40203e+10  6.40203e+10  1.80876e+08  1.80875e+08 -1.80997e+08
  300.00 -6.26854  4.96532e+10  4.96532e+10  4.96532e+10  1.46379e+08  1.46379e+08 -1.46913e+08
  300.00 -6.24449  4.03766e+09  4.03766e+09  4.03765e+09  1.29981e+07  1.29981e+07 -1.24232e+07
  300.00 -6.22044  2.62782e+08  2.62780e+08  2.62778e+08  1.21973e+06  1.21973e+06 -3.38986e+05
  300.00 -6.19639  3.98858e+09  3.98857e+09  3.98857e+09  9.64193e+06  9.64190e+06 -5.36342e+06
  300.00 -6.17234  2.97869e+10  2.97868e+10  2.97869e+10 -4.54333e+06 -4.54344e+06  3.31699e+06
  300.00 -6.14830  1.55647e+11  1.55647e+11  1.55647e+11 -5.40737e+08 -5.40736e+08  4.64718e+08
  300.00 -6.12425  4.50800e+11  4.50800e+11  4.50800e+11 -2.66843e+09 -2.66843e+09  2.58861e+09
  300.00 -6.10020  3.48483e+11  3.48483e+11  3.48483e+11 -1.44022e+09 -1.44022e+09  1.59398e+09
  300.00 -6.07615  4.26069e+09  4.26069e+09  4.26069e+09  1.07854e+06  1.07854e+06 -4.63750e+06
  300.00 -6.05210  1.12385e+11  1.12385e+11  1.12385e+11  3.92424e+08  3.92425e+08 -3.88142e+08
  300.00 -6.02806  8.51622e+10  8.51622e+10  8.51622e+10  9.57502e+07  9.57516e+07 -1.18873e+08
  300.00 -6.00401  5.00834e+10  5.00835e+10  5.00834e+10 -1.16381e+08 -1.16380e+08  1.52378e+08
  300.00 -5.97996  1.15880e+11  1.15880e+11  1.15880e+11 -5.50561e+08 -5.50560e+08  5.62925e+08
  300.00 -5.95591  9.02688e+10  9.02686e+10  9.02686e+10 -3.30587e+08 -3.30588e+08  2.93176e+08
  300.00 -5.93186  5.00288e+08  5.00280e+08  5.00288e+08 -1.10505e+06 -1.10507e+06  3.34660e+05
  300.00 -5.90782  2.00517e+10  2.00517e+10  2.00517e+10 -2.29674e+07 -2.29681e+07  2.56857e+07
  300.00 -5.88377  2.25375e+09  2.25375e+09  2.25374e+09 -3.41844e+05 -3.41908e+05  6.46464e+05
  300.00 -5.85972  1.09174e+10  1.09174e+10  1.09174e+10  1.53633e+07  1.53630e+07 -1.23488e+07
  300.00 -5.83567  4.23280e+10  4.23281e+10  4.23280e+10  8.95982e+07  8.95980e+07 -8.62509e+07
  300.00 -5.81162  1.13299e+10  1.13299e+10  1.13299e+10  2.30414e+07  2.30418e+07 -2.60713e+07
  300.00 -5.78758  8.79168e+10  8.79169e+10  8.79168e+10  8.22868e+07  8.22918e+07 -7.40166e+07
  300.00 -5.76353  4.01138e+11  4.01138e+11  4.01138e+11 -4.44602e+08 -4.44592e+08  4.26634e+08
  300.00 -5.73948  3.33843e+11  3.33843e+11  3.33843e+11 -4.86269e+08 -4.86274e+08  4.91941e+08
  300.00 -5.71543  4.27622e+10  4.27622e+10  4.27622e+10 -9.75705e+06 -9.75843e+06  1.05936e+07
  300.00 -5.69138  5.49018e+10  5.49019e+10  5.49018e+10  1.24434e+07  1.24420e+07 -1.20410e+07
  300.00 -5.66733  2.29031e+11  2.29031e+11  2.29031e+11  1.60048e+08  1.60047e+08 -1.57344e+08
  300.00 -5.64329  2.16639e+11  2.16639e+11  2.16639e+11  2.52262e+08  2.52259e+08 -2.60692e+08
  300.00 -5.61924  1.15761e+11  1.15761e+11  1.15761e+11 -5.90456e+07 -5.90496e+07  6.72483e+07
  300.00 -5.59519  6.73456e+10  6.73457e+10  6.73457e+10 -2.11480e+08 -2.11483e+08  2.41988e+08
  300.00 -5.57114  1.70993e+10  1.70993e+10  1.70993e+10 -8.08656e+07 -8.08662e+07  7.46808e+07
  300.00 -5.54709  1.62412e+10  1.62412e+10  1.62412e+10 -3.13904e+07 -3.13909e+07  4.61918e+07
  300.00 -5.52305  4.06562e+10  4.06563e+10  4.06562e+10  2.24936e+07  2.24922e+07 -2.74218e+07
  300.00 -5.49900  9.15004e+07  9.14995e+07  9.15031e+07  2.04659e+05  2.04660e+05 -9.76477e+04
  300.00 -5.47495  4.73424e+10  4.73425e+10  4.73425e+10  3.92209e+07  3.92199e+07 -4.10992e+07
  300.00 -5.45090  6.08385e+10  6.08386e+10  6.08385e+10  1.65966e+07  1.65970e+07 -1.62469e+07
  300.00 -5.42685  1.85267e+10  1.85267e+10  1.85267e+10  2.73601e+07  2.73602e+07 -2.40394e+07
  300.00 -5.40281  4.79988e+09  4.79990e+09  4.79988e+09  1.07877e+07  1.07876e+07 -1.09375e+07
  300.00 -5.37876  3.35902e+10  3.35903e+10  3.35902e+10  5.43516e+07  5.43514e+07 -5.02029e+07
  300.00 -5.35471  1.32092e+10  1.32092e+10  1.32092e+10  8.49013e+06  8.49030e+06 -7.53041e+06
  300.00 -5.33066  1.60387e+10  1.60388e+10  1.60388e+10  5.15721e+05  5.16066e+05 -5.54843e+05
  300.00 -5.30661  1.63361e+11  1.63361e+11  1.63361e+11 -7.73883e+07 -7.73845e+07  7.69810e+07
  300.00 -5.28257  2.26830e+11  2.26830e+11  2.26830e+11  9.75118e+07  9.75156e+07 -9.17159e+07
  300.00 -5.25852  7.97491e+10  7.97489e+10  7.97490e+10  2.81087e+08  2.81087e+08 -2.63329e+08
  300.00 -5.23447  3.91096e+09  3.91095e+09  3.91095e+09  1.62911e+07  1.62911e+07 -8.07698e+06
  300.00 -5.21042  2.50283e+11  2.50283e+11  2.50283e+11 -2.74188e+08 -2.74189e+08  2.41837e+08
  300.00 -5.18637  5.64778e+11  5.64778e+11  5.64778e+11 -2.13532e+09 -2.13533e+09  2.04322e+09
  300.00 -5.16232  2.76781e+11  2.76781e+11  2.76781e+11 -9.97054e+08 -9.97059e+08  9.99674e+08
  300.00 -5.13828  2.93911e+09  2.93911e+09  2.93910e+09 -6.61617e+06 -6.61617e+06  9.16568e+06
  300.00 -5.11423  1.63044e+11  1.63044e+11  1.63044e+11 -2.49545e+08 -2.49544e+08  2.34215e+08
  300.00 -5.09018  3.79850e+11  3.79850e+11  3.79850e+11 -5.55013e+07 -5.54951e+07  5.49539e+07
  300.00 -5.06613  7.27389e+10  7.27390e+10  7.27389e+10 -7.57364e+07 -7.57361e+07  8.53802e+07
  300.00 -5.04208  8.05600e+10  8.05598e+10  8.05599e+10 -3.23363e+08 -3.23366e+08  2.83661e+08
  300.00 -5.01804  1.95544e+11  1.95544e+11  1.95544e+11 -9.38069e+08 -9.38079e+08  9.21099e+08
  300.00 -4.99399  8.32181e+10  8.32182e+10  8.32182e+10 -2.95374e+08 -2.95376e+08  3.09101e+08
  300.00 -4.96994  6.47601e+09  6.47603e+09  6.47601e+09 -1.73485e+07 -1.73483e+07  1.77082e+07
  300.00 -4.94589  2.87214e+08  2.87218e+08  2.87223e+08 -6.23390e+05 -6.23389e+05  1.17574e+06
  300.00 -4.92184  5.93329e+08  5.93317e+08  5.93299e+08 -2.90909e+06 -2.90907e+06  1.55784e+06
  300.00 -4.89780  1.02605e+10  1.02606e+10  1.02607e+10 -4.64931e+07 -4.64936e+07  5.23226e+07
  300.00 -4.87375  1.06129e+11  1.06129e+11  1.06130e+11 -5.91383e+08 -5.91386e+08  5.49898e+08
  300.00 -4.84970  4.59545e+10  4.59550e+10  4.59566e+10 -1.47384e+08 -1.47385e+08  1.14314e+08
  300.00 -4.82565  1.90778e+10  1.90769e+10  1.90745e+10  5.49856e+06  5.49880e+06 -6.15036e+06
  300.00 -4.80160  2.52910e+10  2.52885e+10  2.52826e+10 -2.64523e+07 -2.64485e+07  1.90475e+07
  300.00 -4.77756  5.48629e+10  5.48714e+10  5.48913e+10 -2.47345e+08 -2.47392e+08  3.20560e+08
  300.00 -4.75351  3.19266e+11  3.19313e+11  3.19428e+11 -2.62992e+09 -2.63040e+09  2.65868e+09
  300.00 -4.72946  2.00831e+11  2.00918e+11  2.01136e+11 -1.68673e+09 -1.68763e+09  1.48375e+09
  300.00 -4.70541  3.63141e+10  3.62337e+10  3.60363e+10 -9.33801e+07 -9.30876e+07  1.52200e+08
  300.00 -4.68136  7.37775e+11  7.37105e+11  7.35462e+11  1.38643e+09  1.38495e+09 -1.51375e+09
  300.00 -4.65731  1.08340e+12  1.08204e+12  1.07868e+12  4.57490e+09  4.56843e+09 -4.65563e+09
  300.00 -4.63327  5.65188e+11  5.63646e+11  5.59873e+11  1.51994e+09  1.51533e+09 -1.43693e+09
  300.00 -4.60922  9.71265e+10  9.63095e+10  9.43179e+10 -2.34541e+07 -2.32310e+07  2.03167e+07
  300.00 -4.58517  2.53399e+09  2.44394e+09  2.22962e+09 -3.52993e+06 -3.38089e+06  2.77645e+06
  300.00 -4.56112  8.35852e+09  8.29224e+09  8.13055e+09 -8.51387e+06 -8.44084e+06  7.38835e+06
  300.00 -4.53707  5.88724e+10  5.82607e+10  5.67715e+10 -1.43888e+07 -1.42170e+07  1.28485e+07
  300.00 -4.51303  9.31657e+10  9.24022e+10  9.05410e+10  1.13498e+08  1.12424e+08 -1.00634e+08
  300.00 -4.48898  6.14831e+10  6.10647e+10  6.00442e+10  1.83279e+08  1.81795e+08 -1.71987e+08
  300.00 -4.46493  5.05251e+10  5.03139e+10  4.97977e+10  1.18089e+08  1.17468e+08 -1.34696e+08
  300.00 -4.44088  3.03508e+10  3.02672e+10  3.00627e+10 -2.84130e+05 -2.83849e+05  3.56142e+05
  300.00 -4.41683  5.98193e+08  5.92556e+08  5.78832e+08 -6.33436e+05 -6.25167e+05  9.33862e+05
  300.00 -4.39279  2.61453e+09  2.61994e+09  2.63329e+09 -1.65865e+06 -1.66302e+06  1.87001e+06
  300.00 -4.36874  3.04835e+10  3.04918e+10  3.05123e+10 -9.85502e+06 -9.85792e+06  9.45864e+06
  300.00 -4.34469  2.20128e+11  2.20137e+11  2.20161e+11 -2.63044e+08 -2.63056e+08  2.54140e+08
  300.00 -4.32064  5.80282e+11  5.80288e+11  5.80304e+11 -1.01953e+09 -1.01954e+09  1.01502e+09
  300.00 -4.29659  8.32317e+11  8.32320e+11  8.32328e+11 -1.08648e+09 -1.08649e+09  1.09918e+09
  300.00 -4.27255  7.13064e+11  7.13066e+11  7.13069e+11 -4.75164e+08 -4.75177e+08  4.84346e+08
  300.00 -4.24850  2.62188e+11  2.62188e+11  2.62189e+11 -1.76842e+07 -1.76896e+07  1.84957e+07
  300.00 -4.22445  1.56913e+09  1.56915e+09  1.56919e+09  7.93158e+05  7.93145e+05 -1.71084e+06
  300.00 -4.20040  8.95314e+10  8.95314e+10  8.95313e+10  1.70599e+08  1.70596e+08 -1.54386e+08
  300.00 -4.17635  1.73410e+11  1.73410e+11  1.73410e+11  5.35923e+08  5.35920e+08 -5.01201e+08
  300.00 -4.15230  2.65595e+11  2.65595e+11  2.65595e+11  1.13412e+09  1.13413e+09 -1.10428e+09
  300.00 -4.12826  4.04672e+11  4.04672e+11  4.04673e+11  1.95137e+09  1.95138e+09 -2.01439e+09
  300.00 -4.10421  2.90828e+11  2.90829e+11  2.90829e+11  1.03407e+09  1.03408e+09 -1.18422e+09
  300.00 -4.08016  5.21936e+10  5.21936e+10  5.21936e+10 -2.38100e+07 -2.38099e+07  3.86124e+07
  300.00 -4.05611  4.81119e+10  4.81116e+10  4.81116e+10 -3.03568e+08 -3.03568e+08  2.26251e+08
  300.00 -4.03206  5.02415e+11  5.02416e+11  5.02416e+11 -2.86480e+09 -2.86479e+09  2.93837e+09
  300.00 -4.00802  6.78201e+11  6.78201e+11  6.78201e+11 -1.61628e+09 -1.61626e+09  1.72345e+09
  300.00 -3.98397  1.87033e+11  1.87033e+11  1.87033e+11 -4.49789e+07 -4.49731e+07  4.70498e+07
  300.00 -3.95992  1.53884e+09  1.53888e+09  1.53890e+09 -1.19727e+06 -1.19720e+06  8.10021e+05
  300.00 -3.93587  2.64252e+09  2.64240e+09  2.64235e+09 -3.86014e+06 -3.86006e+06  5.04844e+06
  300.00 -3.91182  6.11925e+09  6.11883e+09  6.11877e+09 -1.20828e+07 -1.20822e+07  1.23152e+07
  300.00 -3.88778  1.84731e+09  1.84680e+09  1.84693e+09 -4.51626e+06 -4.51617e+06  3.62751e+06
  300.00 -3.86373  3.29636e+10  3.29680e+10  3.29653e+10 -5.08895e+07 -5.08720e+07  6.57011e+07
  300.00 -3.83968  1.64829e+11  1.64844e+11  1.64831e+11  1.43633e+08  1.43721e+08 -1.78123e+08
  300.00 -3.81563  1.82049e+11  1.82065e+11  1.82048e+11  7.86534e+08  7.86647e+08 -9.11236e+08
  300.00 -3.79158  1.45157e+10  1.45172e+10  1.45128e+10  8.93569e+07  8.93581e+07 -6.74080e+07
  300.00 -3.76754  1.13908e+11  1.13912e+11  1.13924e+11  1.98583e+08  1.99296e+08 -2.71053e+08
  300.00 -3.74349  2.51810e+11  2.51820e+11  2.51843e+11 -5.42456e+08 -5.39189e+08  6.32877e+08
  300.00 -3.71944  2.41491e+10  2.41519e+10  2.41561e+10 -9.44505e+07 -9.39340e+07  9.89946e+07
  300.00 -3.69539  6.98970e+10  6.98913e+10  6.98966e+10 -1.68357e+08 -1.66820e+08  1.92300e+08
  300.00 -3.67134  1.65633e+11  1.65623e+11  1.65637e+11 -9.15940e+07 -8.89327e+07  9.70735e+07
  300.00 -3.64729  3.14565e+11  3.14554e+11  3.14563e+11  2.11644e+07  2.46562e+07 -2.54770e+07
  300.00 -3.62325  4.69450e+11  4.69439e+11  4.69449e+11  5.95106e+07  6.36545e+07 -6.65862e+07
  300.00 -3.59920  2.39519e+11  2.39512e+11  2.39529e+11  9.61636e+07  9.79186e+07 -9.50691e+07
  300.00 -3.57515  2.74919e+08  2.75083e+08  2.74301e+08  3.59802e+05  3.59678e+05  1.12979e+06
  300.00 -3.55110  2.30552e+11  2.30558e+11  2.30536e+11 -8.96323e+08 -8.95758e+08  9.44854e+08
  300.00 -3.52705  2.22097e+11  2.22108e+11  2.22088e+11 -8.12248e+08 -8.12195e+08  7.53159e+08
  300.00 -3.50301  8.54520e+09  8.54768e+09  8.54489e+09 -1.50658e+07 -1.50740e+07  1.12921e+07
  300.00 -3.47896  5.46917e+09  5.46883e+09  5.46930e+09 -8.79121e+06 -8.80055e+06  7.16118e+06
  300.00 -3.45491  4.19050e+10  4.19012e+10  4.19036e+10 -1.18537e+08 -1.18599e+08  1.26857e+08
  300.00 -3.43086  1.80686e+11  1.80675e+11  1.80682e+11 -5.36188e+08 -5.36520e+08  4.92645e+08
  300.00 -3.40681  3.07131e+10  3.07095e+10  3.07120e+10 -1.94833e+07 -1.95355e+07  1.55540e+07
  300.00 -3.38277  1.75053e+10  1.75071e+10  1.75058e+10 -2.66834e+06 -2.68368e+06  2.57234e+06
  300.00 -3.35872  3.78011e+09  3.78057e+09  3.78027e+09 -5.81523e+06 -5.81595e+06  6.10831e+06
  300.00 -3.33467  6.98656e+10  6.98647e+10  6.98653e+10 -6.33892e+07 -6.34036e+07  4.83625e+07
  300.00 -3.31062  1.13397e+11  1.13396e+11  1.13396e+11  4.25226e+08  4.25218e+08 -3.02026e+08
  300.00 -3.28657  1.77275e+10  1.77285e+10  1.77284e+10  9.68503e+07  9.68486e+07 -1.98478e+08
  300.00 -3.26253  4.99668e+11  4.99666e+11  4.99666e+11  5.21337e+09  5.21335e+09 -5.00060e+09
  300.00 -3.23848  3.80445e+11  3.80442e+11  3.80442e+11  2.00205e+09  2.00204e+09 -1.53355e+09
  300.00 -3.21443  1.26134e+09  1.26132e+09  1.26131e+09 -8.34115e+06 -8.34111e+06 -1.75703e+06
  300.00 -3.19038  1.12290e+11  1.12290e+11  1.12290e+11 -3.82616e+08 -3.82615e+08  3.42912e+08
  300.00 -3.16633  9.82940e+10  9.82941e+10  9.82941e+10  8.85652e+07  8.85692e+07 -7.30203e+07
  300.00 -3.14228  2.52305e+10  2.52306e+10  2.52305e+10  4.76440e+07  4.76451e+07 -5.73659e+07
  300.00 -3.11824  1.11786e+10  1.11786e+10  1.11786e+10 -7.36923e+06 -7.36892e+06  1.51940e+07
  300.00 -3.09419  1.23274e+10  1.23275e+10  1.23275e+10 -3.24935e+07 -3.24932e+07  4.82492e+07
  300.00 -3.07014  1.05026e+10  1.05026e+10  1.05026e+10 -4.70984e+07 -4.70986e+07  3.32755e+07
  300.00 -3.04609  3.29599e+11  3.29598e+11  3.29598e+11 -1.75280e+09 -1.75280e+09  1.57614e+09
  300.00 -3.02204  8.44967e+11  8.44965e+11  8.44965e+11 -6.15134e+09 -6.15136e+09  5.81252e+09
  300.00 -2.99800  6.23708e+11  6.23708e+11  6.23708e+11 -4.55828e+09 -4.55830e+09  4.56780e+09
  300.00 -2.97395  1.20457e+10  1.20460e+10  1.20459e+10 -5.15418e+07 -5.15417e+07  9.42984e+07
  300.00 -2.94990  3.27975e+11  3.27974e+11  3.27974e+11 -1.17304e+09 -1.17304e+09  9.53928e+08
  300.00 -2.92585  4.89523e+11  4.89523e+11  4.89523e+11  2.85262e+08  2.85269e+08 -2.40539e+08
  300.00 -2.90180  1.14495e+11  1.14495e+11  1.14495e+11  4.96624e+08  4.96624e+08 -3.55396e+08
  300.00 -2.87776  9.74667e+09  9.74730e+09  9.74730e+09  3.41735e+07  3.41735e+07 -1.16526e+08
  300.00 -2.85371  1.02122e+11  1.02123e+11  1.02123e+11  1.05430e+09  1.05430e+09 -1.09539e+09
  300.00 -2.82966  4.28386e+10  4.28374e+10  4.28373e+10  4.07243e+08  4.07242e+08 -2.36882e+08
  300.00 -2.80561  1.03829e+10  1.03830e+10  1.03830e+10  1.26200e+07  1.26200e+07 -3.69757e+07
  300.00 -2.78156  2.07360e+11  2.07360e+11  2.07360e+11  1.08883e+08  1.08887e+08 -1.12734e+08
  300.00 -2.75752  4.10673e+11  4.10673e+11  4.10673e+11  9.82073e+08  9.82091e+08 -9.37965e+08
  300.00 -2.73347  6.46275e+10  6.46276e+10  6.46277e+10  2.46397e+08  2.46399e+08 -2.68142e+08
  300.00 -2.70942  4.31045e+11  4.31045e+11  4.31045e+11  4.40367e+08  4.40365e+08 -3.98366e+08
  300.00 -2.68537  1.40109e+12  1.40109e+12  1.40109e+12 -1.83661e+09 -1.83665e+09  1.86214e+09
  300.00 -2.66132  6.47995e+11  6.47995e+11  6.47995e+11  9.93809e+08  9.93801e+08 -1.11276e+09
  300.00 -2.63727  2.30245e+07  2.30278e+07  2.30295e+07 -2.94048e+05 -2.94054e+05 -5.18183e+05
  300.00 -2.61323  1.14290e+11  1.14290e+11  1.14290e+11  4.48897e+08  4.48898e+08 -5.35441e+08
  300.00 -2.58918  1.24096e+09  1.24096e+09  1.24096e+09 -7.09133e+04 -7.09167e+04 -2.76357e+06
  300.00 -2.56513  1.08433e+11  1.08433e+11  1.08433e+11 -6.75614e+07 -6.75618e+07  6.47352e+07
  300.00 -2.54108  2.84907e+10  2.84907e+10  2.84907e+10  5.76923e+06  5.76947e+06 -6.57297e+06
  300.00 -2.51703  1.28083e+11  1.28083e+11  1.28083e+11  1.24264e+08  1.24267e+08 -1.16242e+08
  300.00 -2.49299  5.20157e+11  5.20157e+11  5.20157e+11  1.07913e+09  1.07913e+09 -1.02737e+09
  300.00 -2.46894  5.79941e+11  5.79941e+11  5.79941e+11  2.10995e+09  2.10995e+09 -2.07713e+09
  300.00 -2.44489  2.81242e+11  2.81242e+11  2.81242e+11  8.88712e+08  8.88708e+08 -9.39583e+08
  300.00 -2.42084  2.12374e+10  2.12373e+10  2.12373e+10  3.30016e+07  3.30013e+07 -3.78908e+07
  300.00 -2.39679  1.84016e+09  1.84018e+09  1.84017e+09  2.76857e+06  2.76855e+06 -3.92772e+06
  300.00 -2.37275  1.69365e+10  1.69366e+10  1.69366e+10  4.93105e+07  4.93103e+07 -5.18936e+07
  300.00 -2.34870  1.25666e+11  1.25666e+11  1.25666e+11  3.47209e+08  3.47208e+08 -3.22339e+08
  300.00 -2.32465  2.22098e+11  2.22097e+11  2.22097e+11  3.28725e+08  3.28726e+08 -3.00151e+08
  300.00 -2.30060  1.20944e+11  1.20944e+11  1.20944e+11 -1.03126e+06 -1.03055e+06  8.55936e+05
  300.00 -2.27655  1.94476e+09  1.94479e+09  1.94480e+09 -6.39044e+05 -6.39034e+05  1.00275e+07
  300.00 -2.25251  5.87531e+10  5.87532e+10  5.87532e+10 -2.98683e+08 -2.98684e+08  3.29184e+08
  300.00 -2.22846  2.43173e+10  2.43175e+10  2.43175e+10 -9.33665e+07 -9.33669e+07  1.31853e+08
  300.00 -2.20441  2.51954e+11  2.51954e+11  2.51954e+11 -2.96049e+08 -2.96052e+08  3.41340e+08
  300.00 -2.18036  7.25389e+10  7.25389e+10  7.25389e+10  7.17677e+07  7.17666e+07 -7.37466e+07
  300.00 -2.15631  8.76422e+09  8.76423e+09  8.76424e+09 -3.08646e+06 -3.08654e+06  7.92024e+06
  300.00 -2.13226  6.80805e+09  6.80819e+09  6.80818e+09 -1.61212e+07 -1.61213e+07  4.47153e+07
  300.00 -2.10822  6.26245e+08  6.26229e+08  6.26228e+08 -5.27374e+06 -5.27367e+06  1.78926e+06
  300.00 -2.08417  2.17362e+09  2.17360e+09  2.17358e+09 -1.59839e+07 -1.59836e+07  9.15245e+06
  300.00 -2.06012  7.77887e+10  7.77888e+10  7.77885e+10 -5.85837e+08 -5.85830e+08  5.60122e+08
  300.00 -2.03607  1.93574e+11  1.93577e+11  1.93576e+11 -1.13417e+09 -1.13414e+09  1.38136e+09
  300.00 -2.01202  1.66780e+10  1.66787e+10  1.66781e+10 -1.12969e+07 -1.12930e+07  3.23629e+07
  300.00 -1.98798  1.13704e+11  1.13700e+11  1.13704e+11  2.05157e+08  2.05234e+08 -1.91562e+08
  300.00 -1.96393  3.77742e+11  3.77724e+11  3.77742e+11  1.27590e+08  1.28074e+08 -1.43908e+08
  300.00 -1.93988  4.08054e+11  4.08012e+11  4.08054e+11 -1.37251e+09 -1.37159e+09  1.62168e+09
  300.00 -1.91583  3.63864e+11  3.63772e+11  3.63864e+11 -2.84137e+09 -2.83999e+09  3.03933e+09
  300.00 -1.89178  4.23953e+11  4.23716e+11  4.23944e+11 -3.54364e+09 -3.53634e+09  2.99321e+09
  300.00 -1.86774  2.36793e+11  2.36405e+11  2.36784e+11 -2.64838e+08 -2.45836e+08  1.77891e+08
  300.00 -1.84369  4.91348e+09  5.02808e+09  4.91730e+09  7.71276e+06  6.97447e+06 -3.17788e+07
  300.00 -1.81964  3.24716e+11  3.26361e+11  3.24796e+11  1.36609e+09  1.47444e+09 -1.62394e+09
  300.00 -1.79559  5.21424e+11  5.24612e+11  5.21689e+11  3.63590e+09  3.99730e+09 -4.20041e+09
  300.00 -1.77154  5.03487e+11  5.07199e+11  5.04110e+11  3.84824e+09  4.54411e+09 -3.81668e+09
  300.00 -1.74749  2.09939e+11  2.11963e+11  2.10764e+11  6.10729e+07  5.20874e+08 -2.23713e+08
  300.00 -1.72345  1.70966e+10  1.75048e+10  1.74557e+10 -1.72989e+08 -1.36247e+08  7.02530e+07
  300.00 -1.69940  1.45975e+10  1.48587e+10  1.49092e+10 -3.45973e+07 -3.10822e+07  1.26572e+08
  300.00 -1.67535  8.87465e+10  8.86571e+10  8.89828e+10  1.97608e+08  2.61406e+08 -4.44134e+08
  300.00 -1.65130  2.11472e+11  2.09291e+11  2.10698e+11  1.41338e+09  1.58329e+09 -1.43145e+09
  300.00 -1.62725  2.98536e+11  2.94752e+11  2.96942e+11  5.30577e+08  6.77139e+08 -4.82404e+08
  300.00 -1.60321  3.32315e+11  3.29229e+11  3.30812e+11 -8.26104e+08 -7.63996e+08  7.38147e+08
  300.00 -1.57916  2.23601e+11  2.22405e+11  2.22644e+11 -2.30815e+08 -2.17152e+08  2.65475e+08
  300.00 -1.55511  3.15926e+09  3.15450e+09  3.27209e+09  1.30491e+07  1.30731e+07 -1.30725e+05
  300.00 -1.53106  1.09334e+12  1.09052e+12  1.09628e+12  6.35544e+09  6.29724e+09 -5.60708e+09
  300.00 -1.50701  3.54504e+12  3.53418e+12  3.55345e+12  3.76072e+10  3.70437e+10 -3.54903e+10
  300.00 -1.48297  3.65199e+12  3.63831e+12  3.66192e+12  4.95322e+10  4.82168e+10 -5.00247e+10
  300.00 -1.45892  1.91635e+12  1.91317e+12  1.91869e+12  1.29398e+10  1.18708e+10 -1.34754e+10
  300.00 -1.43487  5.84727e+11  5.88578e+11  5.82097e+11 -1.73151e+09 -2.03571e+09  2.76104e+09
  300.00 -1.41082  7.63702e+10  7.83164e+10  7.50268e+10 -3.94066e+08 -4.15340e+08  4.62884e+08
  300.00 -1.38677  6.31691e+10  6.44180e+10  6.22883e+10 -2.40150e+08 -2.48571e+08  2.41164e+08
  300.00 -1.36273  1.02007e+11  1.02898e+11  1.01328e+11 -3.16423e+08 -3.22603e+08  3.07983e+08
  300.00 -1.33868  4.74830e+09  4.83643e+09  4.65762e+09 -1.06746e+07 -1.07152e+07  8.47191e+06
  300.00 -1.31463  1.16685e+11  1.16622e+11  1.17045e+11 -1.98525e+08 -1.97513e+08  1.91007e+08
  300.00 -1.29058  6.90421e+11  6.91059e+11  6.91479e+11 -1.89612e+09 -1.86407e+09  1.77785e+09
  300.00 -1.26653  1.57230e+12  1.57457e+12  1.57472e+12 -5.16242e+09 -4.99733e+09  4.77666e+09
  300.00 -1.24248  2.30535e+12  2.30989e+12  2.30975e+12 -6.40714e+09 -5.93588e+09  5.38792e+09
  300.00 -1.21844  2.43465e+12  2.44046e+12  2.44015e+12 -5.59648e+09 -4.73514e+09  3.71063e+09
  300.00 -1.19439  1.38398e+12  1.38728e+12  1.38710e+12 -1.79258e+09 -1.08890e+09  2.03220e+08
  300.00 -1.17034  3.03909e+11  3.03718e+11  3.03740e+11  4.81664e+07  2.19837e+08 -4.65401e+08
  300.00 -1.14629  2.53633e+10  2.48166e+10  2.48514e+10  2.06614e+07  3.30621e+07 -4.45938e+07
  300.00 -1.12224  1.14169e+10  1.09985e+10  1.10238e+10  2.38473e+06  6.18871e+06 -6.40672e+06
  300.00 -1.09820  6.32227e+10  6.25248e+10  6.25670e+10 -9.59742e+07 -8.78358e+07  5.79402e+07
  300.00 -1.07415  7.71589e+10  7.67323e+10  7.67588e+10 -2.37339e+08 -2.33829e+08  1.71127e+08
  300.00 -1.05010  4.04350e+09  4.09183e+09  4.08834e+09 -6.63464e+06 -6.40500e+06  3.47576e+07
  300.00 -1.02605  3.32879e+11  3.33086e+11  3.33061e+11 -2.37402e+09 -2.37030e+09  2.56471e+09
  300.00 -1.00200  5.72817e+11  5.72935e+11  5.72888e+11 -5.11811e+09 -5.11655e+09  5.11308e+09
  300.00 -0.97796  4.01872e+11  4.01889e+11  4.01813e+11 -4.41593e+09 -4.41774e+09  3.75811e+09
  300.00 -0.95391  5.92514e+11  5.92463e+11  5.92272e+11 -3.34162e+09 -3.36370e+09  2.13640e+09
  300.00 -0.92986  1.60469e+12  1.60438e+12  1.60370e+12  2.26768e+10  2.24593e+10 -1.61303e+10
  300.00 -0.90581  2.29221e+12  2.29147e+12  2.28979e+12  6.30448e+10  6.21998e+10 -5.79782e+10
  300.00 -0.88176  1.10278e+12  1.10223e+12  1.10043e+12  2.72809e+10  2.63582e+10 -3.16520e+10
  300.00 -0.85772  1.51259e+09  1.49791e+09  1.45339e+09 -6.60489e+07 -6.34864e+07 -1.09057e+08
  300.00 -0.83367  6.26377e+11  6.26211e+11  6.25792e+11  3.75538e+09  2.74586e+09 -1.70942e+09
  300.00 -0.80962  6.57844e+11  6.57407e+11  6.56291e+11 -1.18652e+09 -1.80948e+09  1.83711e+09
  300.00 -0.78557  3.24818e+10  3.23967e+10  3.21803e+10 -8.82893e+07 -1.00406e+08  1.10631e+08
  300.00 -0.76152  7.54060e+10  7.54939e+10  7.57142e+10 -4.81030e+07 -6.68212e+07  6.09146e+07
  300.00 -0.73747  2.77822e+10  2.78160e+10  2.78947e+10  5.55172e+07  5.32475e+07 -4.46720e+07
  300.00 -0.71343  4.83160e+08  4.79967e+08  4.74156e+08  1.23709e+06  1.17034e+06 -1.64413e+05
  300.00 -0.68938  9.89848e+09  9.88206e+09  9.86363e+09 -1.14830e+07 -1.16224e+07  7.11043e+06
  300.00 -0.66533  9.31423e+10  9.30561e+10  9.29915e+10 -2.44423e+08 -2.44676e+08  2.36398e+08
  300.00 -0.64128  2.09834e+11  2.09583e+11  2.09421e+11 -3.18053e+08 -3.17926e+08  3.42960e+08
  300.00 -0.61723  2.58257e+11  2.57716e+11  2.57381e+11 -1.06778e+07 -9.78505e+06  2.16526e+07
  300.00 -0.59319  4.65602e+11  4.64307e+11  4.63513e+11  1.57222e+07  2.01703e+07  2.60511e+07
  300.00 -0.56914  5.99034e+11  5.96835e+11  5.95491e+11 -3.53174e+07 -2.30256e+07  1.42737e+08
  300.00 -0.54509  3.18579e+11  3.16826e+11  3.15762e+11 -1.03536e+08 -9.11375e+07  1.90855e+08
  300.00 -0.52104  4.86938e+10  4.83874e+10  4.82054e+10 -1.60936e+08 -1.57340e+08  1.01236e+08
  300.00 -0.49699  1.16748e+10  1.14949e+10  1.13832e+10 -1.80786e+07 -1.75848e+07  1.68863e+08
  300.00 -0.47295  3.55347e+10  3.49190e+10  3.45448e+10 -3.47900e+08 -3.44130e+08  5.84021e+08
  300.00 -0.44890  9.72921e+09  9.45250e+09  9.28785e+09 -1.43452e+08 -1.41772e+08  1.09946e+08
  300.00 -0.42485  8.71978e+10  8.66850e+10  8.63825e+10 -9.90414e+08 -9.87553e+08  9.22304e+08
  300.00 -0.40080  4.14967e+11  4.14334e+11  4.13982e+11 -4.99446e+09 -4.99009e+09  5.26897e+09
  300.00 -0.37675  4.84861e+11  4.84411e+11  4.84224e+11 -7.96614e+09 -7.96262e+09  7.85284e+09
  300.00 -0.35271  8.55137e+10  8.53291e+10  8.52981e+10 -1.63865e+09 -1.63813e+09  9.82671e+08
  300.00 -0.32866  4.26481e+09  4.31814e+09  4.31796e+09  1.71669e+07  1.74020e+07  9.09361e+07
  300.00 -0.30461  5.01545e+08  5.29751e+08  5.27734e+08  6.07575e+06  6.01049e+06  9.19957e+06
  300.00 -0.28056  6.44307e+09  6.30780e+09  6.31974e+09  8.25024e+07  8.54071e+07  1.95221e+07
  300.00 -0.25651  9.24465e+08  8.83905e+08  8.87640e+08  2.56381e+07  2.65880e+07  5.28455e+06
  300.00 -0.23246  2.64794e+08  2.61159e+08  2.61516e+08  8.13318e+06  8.39667e+06  3.29180e+06
  300.00 -0.20842  2.67211e+09  2.59049e+09  2.59819e+09  2.41744e+07  2.54828e+07 -7.64731e+06
  300.00 -0.18437  1.63406e+10  1.61168e+10  1.61373e+10  1.07177e+08  1.10448e+08 -9.03866e+07
  300.00 -0.16032  2.28969e+09  2.22471e+09  2.23005e+09  2.16474e+07  2.21087e+07 -9.19600e+05
  300.00 -0.13627  2.10267e+10  2.11950e+10  2.11838e+10  7.87539e+06  8.24061e+06 -1.96342e+07
  300.00 -0.11222  1.98994e+09  2.04622e+09  2.04305e+09 -5.26520e+06 -5.20798e+06  6.30553e+06
  300.00 -0.08818  1.27529e+11  1.27086e+11  1.27117e+11  5.22992e+05  4.56407e+06 -6.78398e+05
  300.00 -0.06413  1.18058e+11  1.17843e+11  1.17872e+11  4.59176e+08  4.64222e+08 -6.06023e+08
  300.00 -0.04008  3.37500e+10  3.36828e+10  3.36779e+10  2.32262e+08  2.34079e+08 -2.01227e+08
  300.00 -0.01603  6.18179e+11  6.17431e+11  6.17467e+11  3.75899e+09  3.78291e+09 -3.92148e+09
  300.00  0.00802  1.64016e+12  1.63899e+12  1.63908e+12  7.55548e+09  7.59497e+09 -7.90870e+09
  300.00  0.03206  2.24067e+12  2.23970e+12  2.23978e+12  7.39287e+09  7.42309e+09 -7.61858e+09
  300.00  0.05611  2.27556e+12  2.27497e+12  2.27502e+12  6.34096e+09  6.35695e+09 -6.44935e+09
  300.00  0.08016  2.27543e+12  2.27510e+12  2.27513e+12  7.28866e+09  7.29688e+09 -7.33918e+09
  300.00  0.10421  1.46183e+12  1.46168e+12  1.46169e+12  6.08739e+09  6.09009e+09 -6.16810e+09
  300.00  0.12826  1.29731e+11  1.29708e+11  1.29710e+11  4.49219e+08  4.49317e+08 -4.79432e+08
  300.00  0.15230  1.79323e+11  1.79335e+11  1.79334e+11  4.05322e+08  4.05394e+08 -3.93175e+08
  300.00  0.17635  5.37055e+11  5.37064e+11  5.37063e+11  9.47622e+08  9.47703e+08 -9.41621e+08
  300.00  0.20040  5.42957e+11  5.42961e+11  5.42961e+11  5.83359e+08  5.83390e+08 -5.77412e+08
  300.00  0.22445  3.68718e+11  3.68720e+11  3.68720e+11 -3.09770e+07 -3.09778e+07  3.18079e+07
  300.00  0.24850  5.34415e+11  5.34416e+11  5.34416e+11  8.84343e+08  8.84327e+08 -9.99868e+08
  300.00  0.27255  9.86923e+11  9.86930e+11  9.86930e+11  7.74069e+09  7.74066e+09 -8.57560e+09
  300.00  0.29659  9.54058e+11  9.54052e+11  9.54052e+11  9.99395e+09  9.99394e+09 -9.36033e+09
  300.00  0.32064  3.35049e+11  3.35048e+11  3.35048e+11  9.79221e+08  9.79220e+08 -6.75662e+08
  300.00  0.34469  2.97048e+10  2.97033e+10  2.97033e+10 -3.08640e+08 -3.08640e+08  8.82718e+07
  300.00  0.36874  1.58680e+11  1.58673e+11  1.58673e+11 -2.21399e+09 -2.21399e+09  1.66292e+09
  300.00  0.39279  1.01498e+12  1.01498e+12  1.01498e+12 -1.42990e+10 -1.42990e+10  1.39695e+10
  300.00  0.41683  1.45128e+12  1.45130e+12  1.45130e+12 -1.45255e+10 -1.45255e+10  1.56404e+10
  300.00  0.44088  8.25144e+11  8.25146e+11  8.25146e+11 -3.70244e+09 -3.70245e+09  4.13919e+09
  300.00  0.46493  4.17886e+11  4.17887e+11  4.17887e+11 -1.18474e+09 -1.18475e+09  1.25906e+09
  300.00  0.48898  1.51066e+11  1.51066e+11  1.51066e+11 -4.23230e+08 -4.23232e+08  5.00939e+08
  300.00  0.51303  1.80701e+10  1.80701e+10  1.80701e+10 -3.45267e+07 -3.45269e+07  8.80596e+06
  300.00  0.53707  4.07138e+11  4.07133e+11  4.07133e+11  2.47137e+09  2.47138e+09 -1.46288e+09
  300.00  0.56112  1.01086e+12  1.01071e+12  1.01071e+12  2.39498e+10  2.39499e+10 -1.65144e+10
  300.00  0.58517  1.88838e+12  1.88844e+12  1.88844e+12  6.02058e+10  6.02059e+10 -6.21662e+10
  300.00  0.60922  2.64370e+12  2.64420e+12  2.64420e+12  5.52776e+10  5.52776e+10 -7.56147e+10
  300.00  0.63327  2.93166e+12  2.93166e+12  2.93166e+12  6.26608e+09  6.26601e+09 -8.40393e+09
  300.00  0.65731  3.03338e+12  3.03343e+12  3.03343e+12 -3.61191e+10 -3.61192e+10  4.03031e+10
  300.00  0.68136  2.57403e+12  2.57403e+12  2.57403e+12 -3.53387e+10 -3.53388e+10  3.52875e+10
  300.00  0.70541  1.21103e+12  1.21103e+12  1.21103e+12 -1.43556e+10 -1.43556e+10  1.48762e+10
  300.00  0.72946  9.69047e+10  9.69274e+10  9.69273e+10 -1.64867e+09 -1.64867e+09  2.65914e+09
  300.00  0.75351  1.56750e+11  1.56735e+11  1.56735e+11 -5.47189e+09 -5.47189e+09  5.02823e+09
  300.00  0.77756  1.88450e+11  1.88496e+11  1.88496e+11 -3.22076e+09 -3.22076e+09  5.22715e+09
  300.00  0.80160  7.17483e+10  7.17477e+10  7.17479e+10 -2.77835e+08 -2.77838e+08  1.02095e+08
  300.00  0.82565  1.18233e+12  1.18232e+12  1.18232e+12  1.09732e+10  1.09732e+10 -1.00213e+10
  300.00  0.84970  1.61199e+12  1.61200e+12  1.61200e+12  1.71335e+10  1.71335e+10 -1.75436e+10
  300.00  0.87375  1.33828e+11  1.33829e+11  1.33829e+11  6.38782e+08  6.38775e+08 -7.13536e+08
  300.00  0.89780  1.10101e+12  1.10101e+12  1.10101e+12  3.07633e+09  3.07626e+09 -3.27619e+09
  300.00  0.92184  3.36002e+12  3.36005e+12  3.36005e+12  3.77945e+10  3.77944e+10 -4.04198e+10
  300.00  0.94589  3.79918e+12  3.79917e+12  3.79917e+12  5.68271e+10  5.68272e+10 -5.61915e+10
  300.00  0.96994  2.59262e+12  2.59261e+12  2.59261e+12  1.54892e+10  1.54893e+10 -1.34359e+10
  300.00  0.99399  1.14085e+12  1.14083e+12  1.14083e+12 -1.00441e+10 -1.00441e+10  7.83253e+09
  300.00  1.01804  5.85371e+11  5.85344e+11  5.85344e+11 -9.81568e+09 -9.81568e+09  8.06203e+09
  300.00  1.04208  7.82556e+11  7.82534e+11  7.82534e+11 -1.32493e+10 -1.32493e+10  1.18874e+10
  300.00  1.06613  1.82621e+12  1.82616e+12  1.82616e+12 -3.26110e+10 -3.26109e+10  2.94681e+10
  300.00  1.09018  3.82026e+12  3.82014e+12  3.82014e+12 -7.41894e+10 -7.41893e+10  6.82328e+10
  300.00  1.11423  5.23372e+12  5.23359e+12  5.23359e+12 -1.03053e+11 -1.03053e+11  9.64082e+10
  300.00  1.13828  4.77835e+12  4.77828e+12  4.77828e+12 -8.97734e+10 -8.97735e+10  8.57415e+10
  300.00  1.16232  2.63092e+12  2.63091e+12  2.63091e+12 -4.52023e+10 -4.52024e+10  4.44012e+10
  300.00  1.18637  3.32322e+11  3.32339e+11  3.32339e+11 -4.54811e+09 -4.54812e+09  5.60352e+09
  300.00  1.21042  5.15346e+11  5.15330e+11  5.15330e+11 -5.50269e+09 -5.50270e+09  3.82815e+09
  300.00  1.23447  3.72626e+12  3.72626e+12  3.72626e+12 -1.18329e+10 -1.18329e+10  1.15331e+10
  300.00  1.25852  6.62943e+12  6.62950e+12  6.62950e+12 -6.26891e+10 -6.26889e+10  6.96357e+10
  300.00  1.28257  5.70620e+12  5.70659e+12  5.70659e+12 -1.54370e+11 -1.54370e+11  1.68289e+11
  300.00  1.30661  2.74659e+12  2.74610e+12  2.74610e+12 -1.10418e+11 -1.10418e+11  9.77139e+10
  300.00  1.33066  8.21768e+11  8.21472e+11  8.21472e+11 -2.62365e+10 -2.62365e+10  1.44354e+10
  300.00  1.35471  4.34580e+11  4.34577e+11  4.34577e+11 -1.70785e+09 -1.70786e+09  6.82180e+08
  300.00  1.37876  4.72937e+11  4.72832e+11  4.72832e+11  1.12908e+10  1.12908e+10 -5.27156e+09
  300.00  1.40281  1.70091e+11  1.69945e+11  1.69945e+11  8.55098e+09  8.55096e+09 -4.73007e+09
  300.00  1.42685  4.34769e+09  4.30544e+09  4.30544e+09  7.52422e+08  7.52421e+08  4.31010e+08
  300.00  1.45090  2.88368e+09  2.88528e+09  2.88529e+09 -1.23928e+08 -1.23928e+08 -1.56604e+08
  300.00  1.47495  8.02901e+11  8.04280e+11  8.04280e+11 -2.00582e+10 -2.00582e+10  5.07996e+10
  300.00  1.49900  2.74847e+12  2.74799e+12  2.74799e+12 -2.34781e+11 -2.34782e+11  2.29274e+11
  300.00  1.52305  2.22294e+12  2.21284e+12  2.21284e+12 -2.42139e+11 -2.42139e+11  1.26668e+11
  300.00  1.54709  2.96133e+09  2.95913e+09  2.95912e+09 -2.24906e+08 -2.24906e+08 -1.94456e+08
  300.00  1.57114  2.23609e+12  2.24980e+12  2.24980e+12  9.44984e+10  9.44985e+10 -2.69006e+11
  300.00  1.59519  3.56852e+12  3.57836e+12  3.57836e+12  2.80480e+11  2.80480e+11 -3.89958e+11
  300.00  1.61924  1.82491e+12  1.82404e+12  1.82404e+12  1.35527e+11  1.35527e+11 -1.22684e+11
  300.00  1.64329  3.48454e+11  3.48074e+11  3.48074e+11  2.00290e+10  2.00290e+10 -1.13717e+10
  300.00  1.66733  9.08620e+09  9.08380e+09  9.08380e+09  3.49502e+08  3.49500e+08 -2.78896e+08
  300.00  1.69138  1.87258e+10  1.86742e+10  1.86742e+10  1.45010e+09  1.45011e+09 -3.36611e+08
  300.00  1.71543  1.53101e+10  1.55471e+10  1.55472e+10 -8.88254e+08 -8.88254e+08 -2.84348e+09
  300.00  1.73948  9.88302e+10  9.86782e+10  9.86782e+10  5.94419e+09  5.94420e+09  2.18222e+09
  300.00  1.76353  6.71367e+11  6.70199e+11  6.70199e+11 -4.14485e+10 -4.14484e+10  1.38857e+10
  300.00  1.78758  1.13326e+12  1.13397e+12  1.13397e+12 -4.44066e+10 -4.44066e+10  5.95788e+10
  300.00  1.81162  1.43712e+12  1.43718e+12  1.43718e+12 -7.44706e+09 -7.44708e+09  1.55900e+10
  300.00  1.83567  1.51706e+12  1.51728e+12  1.51728e+12  2.30845e+10  2.30845e+10 -3.46135e+10
  300.00  1.85972  7.60220e+11  7.60222e+11  7.60222e+11  1.51978e+10  1.51978e+10 -1.52641e+10
  300.00  1.88377  2.54138e+08  2.54495e+08  2.54491e+08 -9.85746e+06 -9.85747e+06 -1.66699e+07
  300.00  1.90782  5.55882e+11  5.55889e+11  5.55889e+11  5.60133e+09  5.60132e+09 -6.28742e+09
  300.00  1.93186  6.35634e+11  6.35645e+11  6.35646e+11  6.50437e+09  6.50437e+09 -7.50240e+09
  300.00  1.95591  1.83755e+11  1.83762e+11  1.83762e+11  1.08858e+09  1.08858e+09 -1.92202e+09
  300.00  1.97996  1.17933e+09  1.17929e+09  1.17927e+09 -1.30298e+07 -1.30297e+07 -8.63862e+06
  300.00  2.00401  3.89892e+10  3.89829e+10  3.89829e+10 -7.40062e+08 -7.40062e+08  2.49989e+08
  300.00  2.02806  2.64009e+10  2.63994e+10  2.63994e+10 -3.95057e+08 -3.95058e+08  2.85247e+08
  300.00  2.05210  1.58346e+11  1.58345e+11  1.58346e+11 -9.44467e+08 -9.44467e+08  8.15239e+08
  300.00  2.07615  1.69888e+10  1.69873e+10  1.69873e+10 -2.26395e+08 -2.26395e+08 -2.56761e+07
  300.00  2.10020  1.25324e+12  1.25284e+12  1.25284e+12 -3.91391e+10 -3.91391e+10  2.32435e+10
  300.00  2.12425  1.61053e+12  1.61009e+12  1.61009e+12 -6.41444e+10 -6.41443e+10  5.22490e+10
  300.00  2.14830  1.02697e+11  1.02712e+11  1.02712e+11 -2.89061e+09 -2.89061e+09  3.35248e+09
  300.00  2.17234  1.01322e+12  1.01327e+12  1.01327e+12 -2.81014e+10 -2.81014e+10  2.96699e+10
  300.00  2.19639  4.64395e+12  4.64388e+12  4.64388e+12 -2.00602e+11 -2.00602e+11  1.99183e+11
  300.00  2.22044  6.36288e+12  6.35874e+12  6.35874e+12 -3.77533e+11 -3.77533e+11  3.02385e+11
  300.00  2.24449  2.15215e+12  2.15072e+12  2.15072e+12 -8.97612e+10 -8.97612e+10  4.49181e+10
  300.00  2.26854  8.75790e+10  8.76160e+10  8.76159e+10 -5.30511e+08 -5.30513e+08 -2.60154e+09
  300.00  2.29259  2.41792e+12  2.41901e+12  2.41901e+12  7.15548e+10  7.15549e+10 -1.02397e+11
  300.00  2.31663  5.40928e+12  5.40953e+12  5.40953e+12  2.11051e+11  2.11051e+11 -2.17528e+11
  300.00  2.34068  6.16999e+12  6.16932e+12  6.16932e+12  1.56624e+11  1.56624e+11 -1.27110e+11
  300.00  2.36473  3.70232e+12  3.70230e+12  3.70230e+12 -1.30219e+10 -1.30218e+10  9.42427e+09
  300.00  2.38878  1.06633e+12  1.06630e+12  1.06630e+12 -1.70774e+10 -1.70774e+10  1.45910e+10
  300.00  2.41283  2.80253e+11  2.80266e+11  2.80266e+11 -2.59818e+09 -2.59818e+09  3.70143e+09
  300.00  2.43687  2.37545e+11  2.37548e+11  2.37548e+11 -7.03270e+08 -7.03275e+08  1.40525e+09
  300.00  2.46092  3.25884e+08  3.25708e+08  3.25713e+08  2.10981e+07  2.10980e+07  1.81871e+07
  300.00  2.48497  1.98774e+12  1.98756e+12  1.98756e+12  4.11998e+10  4.11998e+10 -3.10394e+10
  300.00  2.50902  7.86269e+12  7.86280e+12  7.86280e+12  2.23292e+11  2.23292e+11 -2.27126e+11
  300.00  2.53307  1.07703e+13  1.07712e+13  1.07712e+13  2.83335e+11  2.83335e+11 -3.18653e+11
  300.00  2.55711  7.69976e+12  7.70017e+12  7.70017e+12  1.58884e+11  1.58884e+11 -1.77939e+11
  300.00  2.58116  2.52171e+12  2.52174e+12  2.52174e+12  5.33398e+10  5.33398e+10 -5.46025e+10
  300.00  2.60521  3.18623e+09  3.17175e+09  3.17174e+09  3.40045e+08  3.40045e+08  1.44215e+08
  300.00  2.62926  1.22130e+12  1.22198e+12  1.22198e+12  4.96815e+10  4.96815e+10 -6.44371e+10
  300.00  2.65331  1.43624e+12  1.43590e+12  1.43590e+12  6.82945e+10  6.82945e+10 -6.07326e+10
  300.00  2.67735  2.76439e+11  2.76239e+11  2.76239e+11  1.09747e+10  1.09747e+10 -2.91724e+09
  300.00  2.70140  5.76029e+09  5.76003e+09  5.76001e+09 -7.12412e+07 -7.12404e+07 -4.56673e+07
  300.00  2.72545  1.12580e+11  1.12456e+11  1.12456e+11 -5.29003e+09 -5.29002e+09  8.13744e+08
  300.00  2.74950  1.09549e+12  1.09526e+12  1.09526e+12 -4.40522e+10 -4.40522e+10  3.79344e+10
  300.00  2.77355  1.84764e+12  1.84788e+12  1.84788e+12 -5.15359e+10 -5.15359e+10  5.96046e+10
  300.00  2.79760  3.59123e+11  3.59185e+11  3.59185e+11 -3.24540e+09 -3.24541e+09  7.43011e+09
  300.00  2.82164  5.06262e+11  5.06260e+11  5.06260e+11  1.42858e+09  1.42857e+09 -5.80069e+08
  300.00  2.84569  2.24132e+12  2.24081e+12  2.24081e+12  6.45996e+10  6.45995e+10 -4.26708e+10
  300.00  2.86974  1.55710e+12  1.55608e+12  1.55608e+12  8.83330e+10  8.83330e+10 -6.74186e+10
  300.00  2.89379  7.32242e+10  7.33579e+10  7.33578e+10  3.08570e+09  3.08570e+09 -5.44243e+09
  300.00  2.91784  8.44447e+11  8.43864e+11  8.43863e+11  4.29357e+10  4.29357e+10 -2.89112e+10
  300.00  2.94188  3.92122e+12  3.92083e+12  3.92083e+12  1.01193e+11  1.01193e+11 -8.45254e+10
  300.00  2.96593  5.09015e+12  5.09010e+12  5.09010e+12  4.84593e+10  4.84593e+10 -4.28856e+10
  300.00  2.98998  1.65196e+12  1.65196e+12  1.65196e+12  4.20785e+09  4.20784e+09 -3.66413e+09
  300.00  3.01403  3.11026e+10  3.11026e+10  3.11027e+10 -2.76101e+07 -2.76103e+07  7.73780e+07
  300.00  3.03808  7.18032e+11  7.18032e+11  7.18033e+11 -6.01901e+09 -6.01901e+09  6.10762e+09
  300.00  3.06212  4.67773e+11  4.67768e+11  4.67768e+11 -2.24439e+09 -2.24439e+09  1.12538e+09
  300.00  3.08617  3.00444e+10  3.00064e+10  3.00063e+10  1.57294e+09  1.57294e+09  3.85522e+08
  300.00  3.11022  3.87048e+11  3.87044e+11  3.87045e+11  1.19809e+10  1.19809e+10 -1.18803e+10
  300.00  3.13427  1.30313e+12  1.30300e+12  1.30300e+12  2.65900e+10  2.65901e+10 -1.90776e+10
  300.00  3.15832  5.48289e+11  5.48280e+11  5.48280e+11  4.19396e+09  4.19398e+09 -2.71347e+09
  300.00  3.18236  2.43721e+10  2.43729e+10  2.43730e+10 -5.03447e+07 -5.03451e+07 -2.24118e+08
  300.00  3.20641  4.28933e+11  4.29149e+11  4.29149e+11 -9.90347e+08 -9.90344e+08  1.36239e+10
  300.00  3.23046  1.05005e+11  1.06261e+11  1.06261e+11  3.33185e+09  3.33185e+09  1.65545e+10
  300.00  3.25451  1.06193e+11  1.07170e+11  1.07170e+11 -2.19556e+09 -2.19556e+09  1.44365e+10
  300.00  3.27856  1.62884e+11  1.63663e+11  1.63663e+11  5.82069e+09  5.82070e+09  1.69787e+10
  300.00  3.30261  2.09294e+10  2.08818e+10  2.08818e+10  1.98597e+09  1.98597e+09  1.38036e+09
  300.00  3.32665  3.70304e+11  3.69315e+11  3.69315e+11  2.75589e+10  2.75589e+10 -2.83024e+09
  300.00  3.35070  4.86904e+11  4.84612e+11  4.84611e+11  4.88551e+10  4.88550e+10 -8.75978e+09
  300.00  3.37475  5.25323e+11  5.20547e+11  5.20547e+11  7.50636e+10  7.50636e+10 -1.92205e+10
  300.00  3.39880  1.48819e+12  1.49524e+12  1.49524e+12  1.38238e+11  1.38238e+11 -2.03059e+11
  300.00  3.42285  2.99161e+12  3.01802e+12  3.01802e+12  1.50919e+11  1.50919e+11 -4.33093e+11
  300.00  3.44689  1.55132e+12  1.55561e+12  1.55561e+12  2.73112e+10  2.73113e+10 -1.19580e+11
  300.00  3.47094  7.18257e+09  7.18715e+09  7.18715e+09 -1.60401e+08 -1.60402e+08 -3.01667e+08
  300.00  3.49499  6.01565e+11  6.01606e+11  6.01606e+11  9.37602e+09  9.37603e+09 -1.17224e+10
  300.00  3.51904  1.14655e+12  1.14651e+12  1.14651e+12  3.72153e+10  3.72153e+10 -3.59971e+10
  300.00  3.54309  6.95286e+11  6.95074e+11  6.95074e+11  1.91043e+10  1.91043e+10 -8.19985e+09
  300.00  3.56713  1.15252e+11  1.15223e+11  1.15223e+11 -2.59318e+09 -2.59318e+09 -3.10113e+08
  300.00  3.59118  8.50696e+09  8.57616e+09  8.57616e+09  7.62611e+08  7.62611e+08  1.33183e+09
  300.00  3.61523  2.74016e+11  2.74378e+11  2.74378e+11 -1.01795e+10 -1.01795e+10  1.72619e+10
  300.00  3.63928  3.01594e+11  3.01561e+11  3.01561e+11 -1.80548e+10 -1.80548e+10  1.75036e+10
  300.00  3.66333  2.72901e+08  2.84781e+08  2.84781e+08  1.66252e+08  1.66252e+08  1.84313e+08
  300.00  3.68737  4.51167e+11  4.51674e+11  4.51674e+11 -7.92629e+09 -7.92628e+09  2.26811e+10
  300.00  3.71142  1.99474e+12  1.99475e+12  1.99475e+12 -7.54561e+09 -7.54552e+09  9.98354e+09
  300.00  3.73547  2.29817e+12  2.29817e+12  2.29817e+12 -5.38890e+08 -5.38772e+08  4.01836e+08
  300.00  3.75952  3.61960e+11  3.61567e+11  3.61567e+11 -1.68406e+10 -1.68406e+10  2.18847e+09
  300.00  3.78357  3.49772e+11  3.50746e+11  3.50746e+11 -1.16024e+10 -1.16024e+10  2.83245e+10
  300.00  3.80762  1.89665e+12  1.89309e+12  1.89309e+12 -1.54262e+11 -1.54262e+11  1.03978e+11
  300.00  3.83166  2.44945e+12  2.44599e+12  2.44599e+12 -1.39326e+11 -1.39326e+11  5.36961e+10
  300.00  3.85571  1.46497e+12  1.46459e+12  1.46459e+12  3.47783e+10  3.47782e+10 -8.72070e+09
  300.00  3.87976  5.46752e+09  5.63733e+09  5.63733e+09 -1.12273e+09 -1.12273e+09 -1.73572e+09
  300.00  3.90381  3.44791e+12  3.45122e+12  3.45122e+12  1.50477e+11  1.50476e+11 -2.14419e+11
  300.00  3.92786  5.28441e+12  5.28889e+12  5.28889e+12  2.44866e+11  2.44865e+11 -3.29475e+11
  300.00  3.95190  1.16886e+12  1.16970e+12  1.16970e+12  6.03093e+10  6.03093e+10 -7.51881e+10
  300.00  3.97595  6.24717e+11  6.25963e+11  6.25963e+11  2.32653e+10  2.32653e+10 -4.62214e+10
  300.00  4.00000  4.59753e+12  4.60193e+12  4.60193e+12  1.42442e+11  1.42442e+11 -2.48183e+11
