  300.00 -8.00000  6.04201e-05  6.04200e-05  6.04201e-05 -4.57868e-07 -4.57867e-07 -4.57869e-07
  300.00 -7.97595  5.39641e-05  5.39641e-05  5.39641e-05 -2.63881e-07 -2.63881e-07 -2.63883e-07
  300.00 -7.95190  2.14708e-05  2.14708e-05  2.14708e-05  3.67892e-08  3.67898e-08  3.67905e-08
  300.00 -7.92786 -2.75529e-05 -2.75529e-05 -2.75529e-05  1.89974e-08  1.89973e-08  1.89980e-08
  300.00 -7.90381 -3.87764e-05 -3.87764e-05 -3.87765e-05 -2.57637e-08 -2.57637e-08 -2.57646e-08
  300.00 -7.87976 -1.72322e-05 -1.72322e-05 -1.72322e-05  6.92136e-08  6.92133e-08  6.92133e-08
  300.00 -7.85571  1.02421e-05  1.02421e-05  1.02421e-05  6.51873e-08  6.51867e-08  6.51878e-08
  300.00 -7.83166  1.81323e-05  1.81324e-05  1.81324e-05 -1.83391e-07 -1.83391e-07 -1.83392e-07
  300.00 -7.80762 -8.06858e-06 -8.06855e-06 -8.06858e-06 -6.71171e-08 -6.71151e-08 -6.71160e-08
  300.00 -7.78357 -4.00031e-05 -4.00031e-05 -4.00031e-05  5.16202e-07  5.16204e-07  5.16203e-07
  300.00 -7.75952 -6.39155e-05 -6.39155e-05 -6.39155e-05  2.27420e-07  2.27419e-07  2.27418e-07
  300.00 -7.73547 -6.79427e-05 -6.79427e-05 -6.79427e-05 -2.28334e-07 -2.28335e-07 -2.28335e-07
  300.00 -7.71142 -4.79990e-05 -4.79990e-05 -4.79990e-05 -8.80882e-08 -8.80878e-08 -8.80874e-08
  300.00 -7.68737 -1.74628e-05 -1.74628e-05 -1.74628e-05  5.02136e-08  5.02141e-08  5.02140e-08
  300.00 -7.66333  1.22770e-05  1.22769e-05  1.22770e-05  9.30378e-09  9.30367e-09  9.30344e-09
  300.00 -7.63928  2.46413e-05  2.46413e-05  2.46413e-05 -2.93743e-08 -2.93746e-08 -2.93744e-08
  300.00 -7.61523  1.68785e-05  1.68785e-05  1.68785e-05 -7.98366e-10 -7.98387e-10 -7.98352e-10
  300.00 -7.59118  1.67752e-05  1.67752e-05  1.67751e-05  1.42622e-08  1.42623e-08  1.42624e-08
  300.00 -7.56713  3.89105e-05  3.89105e-05  3.89105e-05  1.37587e-07  1.37587e-07  1.37587e-07
  300.00 -7.54309  6.49265e-05  6.49265e-05  6.49265e-05  5.55946e-08  5.55945e-08  5.55943e-08
  300.00 -7.51904  6.11864e-05  6.11864e-05  6.11864e-05 -4.63250e-07 -4.63250e-07 -4.63250e-07
  300.00 -7.49499  5.96285e-06  5.96284e-06  5.96287e-06 -2.35236e-07 -2.35237e-07 -2.35237e-07
  300.00 -7.47094 -4.12296e-05 -4.12296e-05 -4.12296e-05  1.75059e-07  1.75059e-07  1.75059e-07
  300.00 -7.44689 -4.25627e-05 -4.25626e-05 -4.25627e-05 -5.35394e-08 -5.35389e-08 -5.35390e-08
  300.00 -7.42285 -2.35090e-05 -2.35090e-05 -2.35091e-05 -1.45395e-08 -1.45396e-08 -1.45395e-08
  300.00 -7.39880 -1.81668e-06 -1.81668e-06 -1.81670e-06  8.18833e-08  8.18828e-08  8.18828e-08
  300.00 -7.37475  1.30131e-05  1.30131e-05  1.30131e-05 -2.64042e-08 -2.64042e-08 -2.64043e-08
  300.00 -7.35070  6.87748e-06  6.87748e-06  6.87748e-06 -8.70632e-08 -8.70628e-08 -8.70627e-08
  300.00 -7.32665 -2.20712e-05 -2.20712e-05 -2.20712e-05  1.91005e-09  1.91088e-09  1.91078e-09
  300.00 -7.30261 -4.85227e-05 -4.85227e-05 -4.85227e-05  1.60025e-07  1.60026e-07  1.60026e-07
  300.00 -7.27856 -5.81400e-05 -5.81400e-05 -5.81400e-05  1.20025e-07  1.20024e-07  1.20024e-07
  300.00 -7.25451 -5.02051e-05 -5.02051e-05 -5.02051e-05 -5.58485e-08 -5.58487e-08 -5.58486e-08
  300.00 -7.23046 -2.47160e-05 -2.47160e-05 -2.47160e-05 -6.01871e-08 -6.01872e-08 -6.01871e-08
  300.00 -7.20641  6.26053e-06  6.26052e-06  6.26053e-06  2.09425e-09  2.09433e-09  2.09433e-09
  300.00 -7.18236  2.62193e-05  2.62193e-05  2.62193e-05  7.66499e-09  7.66502e-09  7.66497e-09
  300.00 -7.15832  2.79265e-05  2.79265e-05  2.79265e-05 -4.25170e-09 -4.25174e-09 -4.25175e-09
  300.00 -7.13427  1.94880e-05  1.94880e-05  1.94880e-05 -2.21281e-09 -2.21282e-09 -2.21277e-09
  300.00 -7.11022  8.41550e-06  8.41550e-06  8.41549e-06  6.60426e-10  6.60401e-10  6.60426e-10
  300.00 -7.08617  4.06690e-06  4.06690e-06  4.06690e-06 -5.49433e-10 -5.49416e-10 -5.49440e-10
  300.00 -7.06212 -2.36992e-06 -2.36993e-06 -2.36990e-06  1.30565e-09  1.30571e-09  1.30572e-09
  300.00 -7.03808 -2.05485e-05 -2.05485e-05 -2.05485e-05  2.41542e-09  2.41541e-09  2.41545e-09
  300.00 -7.01403 -2.95551e-05 -2.95551e-05 -2.95551e-05 -1.01158e-09 -1.01163e-09 -1.01163e-09
  300.00 -6.98998 -1.22395e-05 -1.22395e-05 -1.22395e-05 -2.37209e-09 -2.37208e-09 -2.37212e-09
  300.00 -6.96593  1.92644e-05  1.92644e-05  1.92644e-05  2.21789e-09  2.21788e-09  2.21788e-09
  300.00 -6.94188  3.47364e-05  3.47364e-05  3.47364e-05  9.89290e-10  9.89298e-10  9.89311e-10
  300.00 -6.91784  7.15861e-06  7.15860e-06  7.15860e-06 -1.68628e-09 -1.68626e-09 -1.68627e-09
  300.00 -6.89379 -2.62154e-05 -2.62154e-05 -2.62154e-05  7.14013e-11  7.14075e-11  7.14047e-11
  300.00 -6.86974 -2.37500e-05 -2.37500e-05 -2.37500e-05  2.95225e-09  2.95229e-09  2.95227e-09
  300.00 -6.84569 -4.57709e-06 -4.57709e-06 -4.57708e-06  6.41397e-09  6.41399e-09  6.41401e-09
  300.00 -6.82164  9.18486e-06  9.18488e-06  9.18487e-06  6.51280e-10  6.51230e-10  6.51307e-10
  300.00 -6.79760  1.17123e-06  1.17125e-06  1.17124e-06  4.15714e-10  4.15672e-10  4.15719e-10
  300.00 -6.77355 -3.29451e-05 -3.29451e-05 -3.29451e-05 -2.20715e-10 -2.20747e-10 -2.20758e-10
  300.00 -6.74950 -5.63085e-05 -5.63086e-05 -5.63086e-05 -4.18638e-09 -4.18642e-09 -4.18644e-09
  300.00 -6.72545 -4.69527e-05 -4.69527e-05 -4.69527e-05 -6.85106e-09 -6.85102e-09 -6.85105e-09
  300.00 -6.70140 -2.05661e-05 -2.05661e-05 -2.05661e-05  5.19746e-09  5.19752e-09  5.19745e-09
  300.00 -6.67735  1.16343e-05  1.16343e-05  1.16343e-05  9.29029e-09  9.29021e-09  9.29024e-09
  300.00 -6.65331  4.17809e-05  4.17809e-05  4.17809e-05 -9.06826e-09 -9.06828e-09 -9.06820e-09
  300.00 -6.62926  5.60222e-05  5.60222e-05  5.60222e-05 -9.81354e-09 -9.81349e-09 -9.81351e-09
  300.00 -6.60521  4.00360e-05  4.00360e-05  4.00360e-05  1.61970e-09  1.61972e-09  1.61966e-09
  300.00 -6.58116  8.48001e-06  8.48001e-06  8.48001e-06 -1.54178e-09 -1.54179e-09 -1.54175e-09
  300.00 -6.55711 -1.73384e-05 -1.73384e-05 -1.73384e-05  6.89780e-09  6.89772e-09  6.89772e-09
  300.00 -6.53307 -3.78666e-05 -3.78666e-05 -3.78666e-05  9.03981e-09  9.03973e-09  9.03973e-09
  300.00 -6.50902 -4.26602e-05 -4.26601e-05 -4.26602e-05 -5.60048e-09 -5.60046e-09 -5.60042e-09
  300.00 -6.48497 -3.05921e-05 -3.05921e-05 -3.05921e-05 -3.30432e-09 -3.30427e-09 -3.30430e-09
  300.00 -6.46092 -1.62268e-05 -1.62268e-05 -1.62268e-05 -1.73673e-10 -1.73656e-10 -1.73675e-10
  300.00 -6.43687 -5.65532e-06 -5.65532e-06 -5.65532e-06 -3.56833e-10 -3.56822e-10 -3.56834e-10
  300.00 -6.41283  2.95597e-06  2.95597e-06  2.95597e-06  2.30059e-09  2.30054e-09  2.30058e-09
  300.00 -6.38878  1.35079e-05  1.35079e-05  1.35079e-05  6.59557e-09  6.59553e-09  6.59556e-09
  300.00 -6.36473  2.50585e-05  2.50585e-05  2.50585e-05 -4.75785e-09 -4.75781e-09 -4.75783e-09
  300.00 -6.34068  2.48300e-05  2.48300e-05  2.48300e-05 -4.46719e-09 -4.46716e-09 -4.46719e-09
  300.00 -6.31663  4.12710e-06  4.12710e-06  4.12710e-06 -8.16871e-10 -8.16859e-10 -8.16872e-10
  300.00 -6.29259 -1.31879e-05 -1.31879e-05 -1.31879e-05  5.33642e-12  5.34840e-12  5.34094e-12
  300.00 -6.26854 -1.12082e-05 -1.12082e-05 -1.12082e-05  2.99568e-11  2.99728e-11  2.99757e-11
  300.00 -6.24449 -3.16513e-06 -3.16512e-06 -3.16513e-06 -1.10868e-10 -1.10866e-10 -1.10857e-10
  300.00 -6.22044 -8.07820e-07 -8.07819e-07 -8.07826e-07 -6.75015e-10 -6.75025e-10 -6.75034e-10
  300.00 -6.19639 -3.14175e-06 -3.14176e-06 -3.14176e-06 -8.45170e-10 -8.45165e-10 -8.45180e-10
  300.00 -6.17234 -8.56316e-06 -8.56317e-06 -8.56315e-06  8.72476e-11  8.72377e-11  8.72481e-11
  300.00 -6.14830 -1.92739e-05 -1.92739e-05 -1.92739e-05  2.35905e-09  2.35900e-09  2.35903e-09
  300.00 -6.12425 -3.12699e-05 -3.12699e-05 -3.12699e-05  1.39184e-09  1.39183e-09  1.39183e-09
  300.00 -6.10020 -2.56034e-05 -2.56034e-05 -2.56034e-05 -2.82825e-09 -2.82821e-09 -2.82824e-09
  300.00 -6.07615 -2.75960e-06 -2.75960e-06 -2.75960e-06  5.68111e-10  5.68124e-10  5.68133e-10
  300.00 -6.05210  1.44142e-05  1.44142e-05  1.44142e-05  1.39834e-10  1.39813e-10  1.39812e-10
  300.00 -6.02806  1.30301e-05  1.30301e-05  1.30301e-05 -8.85330e-10 -8.85314e-10 -8.85320e-10
  300.00 -6.00401  1.01123e-05  1.01122e-05  1.01122e-05  1.81888e-09  1.81890e-09  1.81891e-09
  300.00 -5.97996  1.57046e-05  1.57046e-05  1.57046e-05  4.23623e-10  4.23609e-10  4.23603e-10
  300.00 -5.95591  1.44161e-05  1.44161e-05  1.44161e-05 -1.49555e-09 -1.49557e-09 -1.49557e-09
  300.00 -5.93186  1.10872e-06  1.10872e-06  1.10873e-06 -4.21117e-10 -4.21117e-10 -4.21114e-10
  300.00 -5.90782 -6.77740e-06 -6.77740e-06 -6.77740e-06 -2.30012e-10 -2.30012e-10 -2.30008e-10
  300.00 -5.88377 -2.24373e-06 -2.24373e-06 -2.24374e-06 -7.55611e-11 -7.55647e-11 -7.55648e-11
  300.00 -5.85972  4.92177e-06  4.92177e-06  4.92176e-06  3.40070e-10  3.40069e-10  3.40061e-10
  300.00 -5.83567  9.89080e-06  9.89080e-06  9.89079e-06  1.95487e-10  1.95489e-10  1.95496e-10
  300.00 -5.81162  5.28264e-06  5.28265e-06  5.28264e-06 -3.51682e-10 -3.51676e-10 -3.51665e-10
  300.00 -5.78758 -1.46807e-05 -1.46806e-05 -1.46806e-05 -3.45954e-10 -3.45955e-10 -3.45968e-10
  300.00 -5.76353 -2.98415e-05 -2.98415e-05 -2.98415e-05  3.33939e-10  3.33926e-10  3.33924e-10
  300.00 -5.73948 -2.54848e-05 -2.54848e-05 -2.54848e-05 -1.07805e-10 -1.07801e-10 -1.07795e-10
  300.00 -5.71543 -8.77968e-06 -8.77969e-06 -8.77968e-06 -4.26969e-11 -4.26930e-11 -4.26951e-11
  300.00 -5.69138  9.94894e-06  9.94893e-06  9.94895e-06  1.81964e-11  1.81960e-11  1.81943e-11
  300.00 -5.66733  2.11716e-05  2.11716e-05  2.11716e-05  6.25843e-11  6.25815e-11  6.25811e-11
  300.00 -5.64329  2.15736e-05  2.15736e-05  2.15736e-05 -2.09116e-10 -2.09117e-10 -2.09115e-10
  300.00 -5.61924  1.62981e-05  1.62981e-05  1.62981e-05  2.87221e-10  2.87242e-10  2.87249e-10
  300.00 -5.59519  1.27187e-05  1.27187e-05  1.27187e-05  1.44258e-09  1.44260e-09  1.44260e-09
  300.00 -5.57114  6.57191e-06  6.57190e-06  6.57190e-06 -5.90453e-10 -5.90462e-10 -5.90460e-10
  300.00 -5.54709 -6.35771e-06 -6.35771e-06 -6.35770e-06 -1.45697e-09 -1.45699e-09 -1.45700e-09
  300.00 -5.52305 -9.80211e-06 -9.80211e-06 -9.80210e-06  2.95963e-10  2.95950e-10  2.95940e-10
  300.00 -5.49900  4.37348e-07  4.37351e-07  4.37353e-07  1.34312e-10  1.34318e-10  1.34319e-10
  300.00 -5.47495  1.05481e-05  1.05482e-05  1.05482e-05 -1.05040e-10 -1.05036e-10 -1.05033e-10
  300.00 -5.45090  1.23186e-05  1.23186e-05  1.23186e-05  1.75509e-11  1.75533e-11  1.75539e-11
  300.00 -5.42685  6.97042e-06  6.97042e-06  6.97042e-06  3.11171e-10  3.11180e-10  3.11180e-10
  300.00 -5.40281 -3.53953e-06 -3.53953e-06 -3.53952e-06  2.87583e-11  2.87556e-11  2.87622e-11
  300.00 -5.37876 -9.21083e-06 -9.21084e-06 -9.21083e-06 -2.84357e-10 -2.84365e-10 -2.84364e-10
  300.00 -5.35471 -5.65284e-06 -5.65284e-06 -5.65284e-06 -1.02819e-10 -1.02821e-10 -1.02826e-10
  300.00 -5.33066  6.15856e-06  6.15857e-06  6.15856e-06 -3.80378e-12 -3.80330e-12 -3.80555e-12
  300.00 -5.30661  2.02604e-05  2.02604e-05  2.02604e-05 -1.22186e-11 -1.22201e-11 -1.22182e-11
  300.00 -5.28257  2.52326e-05  2.52326e-05  2.52326e-05  1.59976e-10  1.59991e-10  1.59984e-10
  300.00 -5.25852  1.57078e-05  1.57078e-05  1.57078e-05  8.73311e-10  8.73308e-10  8.73318e-10
  300.00 -5.23447 -3.49991e-06 -3.49992e-06 -3.49991e-06 -1.85180e-09 -1.85184e-09 -1.85182e-09
  300.00 -5.21042 -2.75365e-05 -2.75365e-05 -2.75365e-05  8.86840e-10  8.86878e-10  8.86835e-10
  300.00 -5.18637 -3.83596e-05 -3.83596e-05 -3.83596e-05  1.56832e-09  1.56834e-09  1.56834e-09
  300.00 -5.16232 -2.48905e-05 -2.48905e-05 -2.48905e-05 -5.75377e-11 -5.75502e-11 -5.75276e-11
  300.00 -5.13828 -2.51934e-06 -2.51933e-06 -2.51933e-06 -5.39654e-10 -5.39662e-10 -5.39661e-10
  300.00 -5.11423  1.88902e-05  1.88902e-05  1.88902e-05 -4.45527e-10 -4.45529e-10 -4.45535e-10
  300.00 -5.09018  3.08683e-05  3.08683e-05  3.08684e-05 -1.08632e-11 -1.08632e-11 -1.08633e-11
  300.00 -5.06613  1.44512e-05  1.44512e-05  1.44512e-05  4.75935e-10  4.75950e-10  4.75947e-10
  300.00 -5.04208 -1.49983e-05 -1.49983e-05 -1.49983e-05  1.85496e-09  1.85496e-09  1.85499e-09
  300.00 -5.01804 -2.21770e-05 -2.21770e-05 -2.21770e-05  4.85080e-10  4.85038e-10  4.85068e-10
  300.00 -4.99399 -1.39011e-05 -1.39011e-05 -1.39011e-05 -5.73758e-10 -5.73764e-10 -5.73777e-10
  300.00 -4.96994 -3.83219e-06 -3.83221e-06 -3.83219e-06 -5.39854e-11 -5.39741e-11 -5.39903e-11
  300.00 -4.94589  8.10507e-07  8.10481e-07  8.10518e-07  3.89027e-10  3.89038e-10  3.89031e-10
  300.00 -4.92184 -1.16000e-06 -1.16006e-06 -1.15998e-06  6.62907e-10  6.62908e-10  6.62913e-10
  300.00 -4.89780  4.78165e-06  4.78152e-06  4.78170e-06  6.84459e-10  6.84446e-10  6.84446e-10
  300.00 -4.87375  1.58149e-05  1.58145e-05  1.58150e-05 -1.54715e-09 -1.54715e-09 -1.54717e-09
  300.00 -4.84970  1.08770e-05  1.08761e-05  1.08773e-05 -1.96014e-09 -1.96012e-09 -1.96012e-09
  300.00 -4.82565 -6.97550e-06 -6.97741e-06 -6.97472e-06  5.97828e-11  5.97836e-11  5.97839e-11
  300.00 -4.80160 -7.76588e-06 -7.76994e-06 -7.76423e-06  5.64181e-10  5.64175e-10  5.64179e-10
  300.00 -4.77756  1.13240e-05  1.13147e-05  1.13278e-05  3.78758e-09  3.78764e-09  3.78758e-09
  300.00 -4.75351  2.88005e-05  2.87766e-05  2.88102e-05  6.44822e-10  6.44893e-10  6.44847e-10
  300.00 -4.72946  2.47357e-05  2.46745e-05  2.47607e-05 -6.28509e-09 -6.28604e-09 -6.28535e-09
  300.00 -4.70541 -1.06575e-05 -1.07883e-05 -1.06040e-05 -4.44488e-09 -4.44674e-09 -4.44541e-09
  300.00 -4.68136 -4.57430e-05 -4.59580e-05 -4.56549e-05  2.01185e-09  2.01366e-09  2.01235e-09
  300.00 -4.65731 -4.97157e-05 -5.00316e-05 -4.95862e-05  1.04112e-09  1.04299e-09  1.04165e-09
  300.00 -4.63327 -3.26535e-05 -3.31095e-05 -3.24662e-05 -1.12171e-09 -1.12559e-09 -1.12282e-09
  300.00 -4.60922 -1.26838e-05 -1.32659e-05 -1.24439e-05  9.56930e-11  9.63135e-11  9.58729e-11
  300.00 -4.58517 -1.77188e-06 -2.18488e-06 -1.60107e-06  1.20137e-10  1.21396e-10  1.20498e-10
  300.00 -4.56112  3.71502e-06  3.86797e-06  3.65169e-06 -1.19694e-10 -1.21083e-10 -1.20096e-10
  300.00 -4.53707  9.88319e-06  1.04494e-05  9.64943e-06 -5.84674e-11 -5.89658e-11 -5.86074e-11
  300.00 -4.51303  1.29076e-05  1.34928e-05  1.26670e-05  4.12228e-10  4.14237e-10  4.12815e-10
  300.00 -4.48898  1.07966e-05  1.12066e-05  1.06283e-05  4.21758e-10  4.22712e-10  4.22029e-10
  300.00 -4.46493  1.00731e-05  1.03065e-05  9.97746e-06 -8.91371e-10 -8.92244e-10 -8.91631e-10
  300.00 -4.44088  8.02881e-06  8.15100e-06  7.97878e-06  3.56591e-12  3.56417e-12  3.57151e-12
  300.00 -4.41683  1.11040e-06  1.17024e-06  1.08591e-06  1.52272e-10  1.52301e-10  1.52283e-10
  300.00 -4.39279 -2.41651e-06 -2.38904e-06 -2.42775e-06 -4.70519e-11 -4.70533e-11 -4.70547e-11
  300.00 -4.36874 -8.17738e-06 -8.16495e-06 -8.18246e-06  2.67736e-11  2.67772e-11  2.67735e-11
  300.00 -4.34469 -2.15650e-05 -2.15596e-05 -2.15672e-05  2.18645e-10  2.18649e-10  2.18638e-10
  300.00 -4.32064 -3.33706e-05 -3.33684e-05 -3.33715e-05  6.55989e-11  6.55946e-11  6.56010e-11
  300.00 -4.29659 -3.73874e-05 -3.73866e-05 -3.73877e-05 -1.42586e-10 -1.42588e-10 -1.42578e-10
  300.00 -4.27255 -3.22779e-05 -3.22776e-05 -3.22780e-05 -1.03887e-10 -1.03886e-10 -1.03889e-10
  300.00 -4.24850 -1.85773e-05 -1.85771e-05 -1.85773e-05 -1.44640e-11 -1.44635e-11 -1.44694e-11
  300.00 -4.22445 -1.43824e-06 -1.43819e-06 -1.43826e-06  2.05648e-10  2.05644e-10  2.05647e-10
  300.00 -4.20040  1.08162e-05  1.08163e-05  1.08162e-05  4.89276e-10  4.89273e-10  4.89281e-10
  300.00 -4.17635  1.54992e-05  1.54992e-05  1.54992e-05  7.74160e-10  7.74168e-10  7.74167e-10
  300.00 -4.15230  1.97343e-05  1.97343e-05  1.97343e-05  5.54073e-10  5.54082e-10  5.54070e-10
  300.00 -4.12826  2.54290e-05  2.54290e-05  2.54290e-05 -9.84396e-10 -9.84391e-10 -9.84402e-10
  300.00 -4.10421  2.27162e-05  2.27162e-05  2.27162e-05 -2.92420e-09 -2.92421e-09 -2.92420e-09
  300.00 -4.08016  9.98096e-06  9.98096e-06  9.98096e-06  6.98134e-10  6.98089e-10  6.98119e-10
  300.00 -4.05611 -9.58516e-06 -9.58517e-06 -9.58516e-06  3.87871e-09  3.87877e-09  3.87875e-09
  300.00 -4.03206 -2.98584e-05 -2.98584e-05 -2.98584e-05 -1.09418e-09 -1.09409e-09 -1.09413e-09
  300.00 -4.00802 -3.22175e-05 -3.22174e-05 -3.22175e-05 -1.27638e-09 -1.27637e-09 -1.27638e-09
  300.00 -3.98397 -1.60488e-05 -1.60488e-05 -1.60488e-05 -4.46373e-11 -4.46447e-11 -4.46404e-11
  300.00 -3.95992 -1.45933e-06 -1.45931e-06 -1.45936e-06  9.05425e-11  9.06100e-11  9.05866e-11
  300.00 -3.93587  1.90729e-06  1.90733e-06  1.90725e-06  2.15108e-10  2.15419e-10  2.15318e-10
  300.00 -3.91182  2.92007e-06  2.92011e-06  2.91998e-06  2.84265e-11  2.90551e-11  2.88390e-11
  300.00 -3.88778  1.63006e-06  1.63007e-06  1.62991e-06 -1.94457e-10 -1.93448e-10 -1.93843e-10
  300.00 -3.86373 -6.84582e-06 -6.84598e-06 -6.84604e-06 -7.74246e-10 -7.74796e-10 -7.74656e-10
  300.00 -3.83968 -1.49853e-05 -1.49857e-05 -1.49855e-05  7.73567e-10  7.66351e-10  7.69289e-10
  300.00 -3.81563 -1.51889e-05 -1.51894e-05 -1.51891e-05  2.59107e-09  2.58158e-09  2.58491e-09
  300.00 -3.79158 -4.19173e-06 -4.19212e-06 -4.19179e-06 -1.56721e-09 -1.56309e-09 -1.56655e-09
  300.00 -3.76754  1.17748e-05  1.17745e-05  1.17748e-05 -1.86834e-09 -1.85765e-09 -1.86125e-09
  300.00 -3.74349  1.83350e-05  1.83347e-05  1.83351e-05  1.67838e-09  1.68078e-09  1.68585e-09
  300.00 -3.71944  5.90209e-06  5.90204e-06  5.90200e-06  2.96842e-10  2.94371e-10  2.98582e-10
  300.00 -3.69539 -9.89002e-06 -9.88963e-06 -9.89042e-06 -8.82339e-10 -8.84048e-10 -8.87292e-10
  300.00 -3.67134 -1.48371e-05 -1.48366e-05 -1.48379e-05 -1.67072e-10 -1.67541e-10 -1.69950e-10
  300.00 -3.64729 -1.98955e-05 -1.98953e-05 -1.98966e-05  6.10858e-12  6.07409e-12  5.68371e-12
  300.00 -3.62325 -2.32735e-05 -2.32735e-05 -2.32741e-05  2.60933e-12  2.62250e-12  2.51077e-12
  300.00 -3.59920 -1.58860e-05 -1.58860e-05 -1.58858e-05 -7.54230e-11 -7.54791e-11 -7.44055e-11
  300.00 -3.57515  5.05901e-07  5.06185e-07  5.06715e-07  7.11771e-10  7.11955e-10  7.13861e-10
  300.00 -3.55110  1.56426e-05  1.56430e-05  1.56434e-05  8.45770e-10  8.47656e-10  8.45857e-10
  300.00 -3.52705  1.60817e-05  1.60820e-05  1.60822e-05 -1.07026e-09 -1.06957e-09 -1.07145e-09
  300.00 -3.50301  3.22354e-06  3.22342e-06  3.22381e-06 -3.57459e-10 -3.58298e-10 -3.58469e-10
  300.00 -3.47896 -2.54175e-06 -2.54199e-06 -2.54154e-06  1.89907e-10  1.90460e-10  1.90255e-10
  300.00 -3.45491  6.95487e-06  6.95478e-06  6.95507e-06  3.43917e-10  3.43595e-10  3.43386e-10
  300.00 -3.43086  1.49400e-05  1.49401e-05  1.49402e-05 -9.05395e-10 -9.07343e-10 -9.06974e-10
  300.00 -3.40681  6.36753e-06  6.36764e-06  6.36779e-06 -2.05417e-10 -2.06364e-10 -2.06004e-10
  300.00 -3.38277 -4.74792e-06 -4.74781e-06 -4.74771e-06  7.18977e-12  7.20820e-12  7.19589e-12
  300.00 -3.35872 -2.17547e-06 -2.17540e-06 -2.17534e-06 -4.07976e-11 -4.10242e-11 -4.09341e-11
  300.00 -3.33467  9.35476e-06  9.35479e-06  9.35482e-06 -5.05828e-10 -5.06018e-10 -5.05926e-10
  300.00 -3.31062  1.23883e-05  1.23884e-05  1.23884e-05  3.34931e-09  3.34932e-09  3.34931e-09
  300.00 -3.28657 -4.97904e-06 -4.97903e-06 -4.97902e-06  7.15473e-09  7.15485e-09  7.15478e-09
  300.00 -3.26253 -2.55915e-05 -2.55915e-05 -2.55915e-05 -2.69241e-09 -2.69229e-09 -2.69234e-09
  300.00 -3.23848 -2.09270e-05 -2.09270e-05 -2.09270e-05 -6.43142e-09 -6.43138e-09 -6.43138e-09
  300.00 -3.21443 -1.19990e-06 -1.19989e-06 -1.19990e-06  2.35442e-09  2.35439e-09  2.35439e-09
  300.00 -3.19038  1.13277e-05  1.13277e-05  1.13277e-05 -1.00059e-09 -1.00059e-09 -1.00059e-09
  300.00 -3.16633  1.09368e-05  1.09368e-05  1.09368e-05  4.30166e-10  4.30189e-10  4.30186e-10
  300.00 -3.14228  5.62233e-06  5.62232e-06  5.62233e-06 -5.38892e-10 -5.38910e-10 -5.38908e-10
  300.00 -3.11824  3.75158e-06  3.75158e-06  3.75158e-06  6.54197e-10  6.54197e-10  6.54195e-10
  300.00 -3.09419  3.98140e-06  3.98140e-06  3.98140e-06  1.27408e-09  1.27411e-09  1.27411e-09
  300.00 -3.07014 -3.70141e-06 -3.70141e-06 -3.70141e-06  1.22516e-09  1.22518e-09  1.22517e-09
  300.00 -3.04609 -2.04749e-05 -2.04749e-05 -2.04749e-05  2.75095e-09  2.75097e-09  2.75095e-09
  300.00 -3.02204 -3.10662e-05 -3.10662e-05 -3.10662e-05  3.12886e-09  3.12885e-09  3.12884e-09
  300.00 -2.99800 -2.49404e-05 -2.49404e-05 -2.49404e-05 -9.23095e-11 -9.23451e-11 -9.23237e-11
  300.00 -2.97395 -3.36526e-06 -3.36526e-06 -3.36526e-06 -2.97142e-09 -2.97145e-09 -2.97141e-09
  300.00 -2.94990  1.78460e-05  1.78460e-05  1.78460e-05 -2.98746e-09 -2.98743e-09 -2.98745e-09
  300.00 -2.92585  2.30896e-05  2.30896e-05  2.30896e-05  5.24143e-10  5.24174e-10  5.24124e-10
  300.00 -2.90180  1.16294e-05  1.16294e-05  1.16294e-05  3.56808e-09  3.56809e-09  3.56806e-09
  300.00 -2.87776 -3.39053e-06 -3.39053e-06 -3.39053e-06  7.15654e-09  7.15654e-09  7.15653e-09
  300.00 -2.85371 -1.07491e-05 -1.07491e-05 -1.07491e-05  1.09134e-09  1.09133e-09  1.09138e-09
  300.00 -2.82966 -6.79306e-06 -6.79306e-06 -6.79306e-06 -6.71069e-09 -6.71071e-09 -6.71067e-09
  300.00 -2.80561  3.29607e-06  3.29608e-06  3.29607e-06 -1.94667e-09 -1.94667e-09 -1.94669e-09
  300.00 -2.78156  1.50554e-05  1.50554e-05  1.50554e-05 -7.04645e-11 -7.04628e-11 -7.04653e-11
  300.00 -2.75752  2.22224e-05  2.22224e-05  2.22224e-05  5.95238e-10  5.95241e-10  5.95237e-10
  300.00 -2.73347  9.33083e-06  9.33083e-06  9.33083e-06 -7.77136e-10 -7.77149e-10 -7.77140e-10
  300.00 -2.70942 -2.37628e-05 -2.37628e-05 -2.37628e-05 -5.82939e-10 -5.82931e-10 -5.82936e-10
  300.00 -2.68537 -3.96260e-05 -3.96260e-05 -3.96260e-05 -1.79299e-10 -1.79305e-10 -1.79303e-10
  300.00 -2.66132 -2.48545e-05 -2.48545e-05 -2.48545e-05  1.13354e-09  1.13354e-09  1.13355e-09
  300.00 -2.63727 -1.85091e-07 -1.85090e-07 -1.85091e-07  1.28360e-09  1.28362e-09  1.28363e-09
  300.00 -2.61323  1.05190e-05  1.05190e-05  1.05190e-05 -1.98635e-09 -1.98637e-09 -1.98637e-09
  300.00 -2.58918  1.14198e-06  1.14198e-06  1.14198e-06 -6.43652e-10 -6.43652e-10 -6.43668e-10
  300.00 -2.56513 -1.03120e-05 -1.03120e-05 -1.03120e-05  6.76909e-11  6.76931e-11  6.76915e-11
  300.00 -2.54108 -5.13883e-06 -5.13882e-06 -5.13883e-06  3.57940e-11  3.57954e-11  3.57948e-11
  300.00 -2.51703  1.08713e-05  1.08713e-05  1.08713e-05  1.69736e-10  1.69747e-10  1.69737e-10
  300.00 -2.49299  2.28028e-05  2.28028e-05  2.28028e-05  5.65084e-10  5.65091e-10  5.65081e-10
  300.00 -2.46894  2.53661e-05  2.53661e-05  2.53661e-05  3.58706e-10  3.58696e-10  3.58707e-10
  300.00 -2.44489  1.84961e-05  1.84961e-05  1.84961e-05 -8.31148e-10 -8.31164e-10 -8.31150e-10
  300.00 -2.42084  5.19412e-06  5.19411e-06  5.19411e-06 -2.96642e-10 -2.96649e-10 -2.96645e-10
  300.00 -2.39679 -1.50372e-06 -1.50373e-06 -1.50373e-06  2.38532e-10  2.38527e-10  2.38528e-10
  300.00 -2.37275 -4.56898e-06 -4.56899e-06 -4.56899e-06  1.74017e-10  1.74020e-10  1.74016e-10
  300.00 -2.34870 -1.23132e-05 -1.23132e-05 -1.23132e-05 -6.08972e-10 -6.08967e-10 -6.08962e-10
  300.00 -2.32465 -1.58853e-05 -1.58852e-05 -1.58852e-05 -5.09515e-10 -5.09516e-10 -5.09513e-10
  300.00 -2.30060 -1.13480e-05 -1.13480e-05 -1.13480e-05  4.39517e-12  4.39216e-12  4.38794e-12
  300.00 -2.27655  1.41020e-06  1.41020e-06  1.41021e-06  1.71232e-09  1.71233e-09  1.71232e-09
  300.00 -2.25251  8.02637e-06  8.02637e-06  8.02637e-06  1.04414e-09  1.04416e-09  1.04415e-09
  300.00 -2.22846 -5.20529e-06 -5.20529e-06 -5.20529e-06 -2.07218e-09 -2.07219e-09 -2.07219e-09
  300.00 -2.20441 -1.63061e-05 -1.63061e-05 -1.63061e-05 -7.35546e-10 -7.35563e-10 -7.35543e-10
  300.00 -2.18036 -8.45227e-06 -8.45227e-06 -8.45226e-06  5.78528e-11  5.78581e-11  5.78537e-11
  300.00 -2.15631  2.93802e-06  2.93802e-06  2.93802e-06  4.03827e-10  4.03810e-10  4.03821e-10
  300.00 -2.13226  2.63920e-06  2.63920e-06  2.63920e-06  2.76220e-09  2.76219e-09  2.76220e-09
  300.00 -2.10822 -8.05638e-07 -8.05638e-07 -8.05642e-07  1.11284e-09  1.11286e-09  1.11284e-09
  300.00 -2.08417 -1.49678e-06 -1.49678e-06 -1.49679e-06  1.17037e-09  1.17041e-09  1.17036e-09
  300.00 -2.06012 -8.85544e-06 -8.85544e-06 -8.85546e-06  7.41493e-10  7.41564e-10  7.41458e-10
  300.00 -2.03607 -1.35657e-05 -1.35657e-05 -1.35657e-05 -4.33435e-09 -4.33424e-09 -4.33441e-09
  300.00 -2.01202 -3.89363e-06 -3.89363e-06 -3.89373e-06 -1.23083e-09 -1.23082e-09 -1.23085e-09
  300.00 -1.98798  1.01611e-05  1.01611e-05  1.01609e-05  3.06411e-10  3.06209e-10  3.06518e-10
  300.00 -1.96393  1.91667e-05  1.91667e-05  1.91661e-05 -2.04366e-10 -2.04283e-10 -2.04414e-10
  300.00 -1.93988  2.07363e-05  2.07362e-05  2.07348e-05  3.17607e-09  3.17919e-09  3.17442e-09
  300.00 -1.91583  2.02313e-05  2.02311e-05  2.02277e-05  2.78742e-09  2.80066e-09  2.78059e-09
  300.00 -1.89178  2.26842e-05  2.26836e-05  2.26755e-05 -7.31365e-09 -7.29194e-09 -7.32439e-09
  300.00 -1.86774  1.78144e-05  1.78131e-05  1.77941e-05 -1.41957e-09 -1.44020e-09 -1.40830e-09
  300.00 -1.84369 -2.55296e-06 -2.55570e-06 -2.59455e-06  3.20830e-09  3.09630e-09  3.26532e-09
  300.00 -1.81964 -2.05934e-05 -2.05980e-05 -2.06637e-05  2.92174e-09  2.69711e-09  3.03467e-09
  300.00 -1.79559 -2.48885e-05 -2.48952e-05 -2.49909e-05  3.85304e-09  3.34107e-09  4.09965e-09
  300.00 -1.77154 -2.33251e-05 -2.33331e-05 -2.34466e-05 -5.49498e-09 -5.72577e-09 -5.37410e-09
  300.00 -1.74749 -1.44682e-05 -1.44781e-05 -1.45920e-05 -2.07915e-09 -1.13119e-09 -2.42976e-09
  300.00 -1.72345 -4.04445e-06 -4.06612e-06 -4.19553e-06  4.82689e-09  5.92234e-09  4.19801e-09
  300.00 -1.69940 -3.71396e-06 -3.75680e-06 -3.90151e-06 -6.04472e-09 -6.89958e-09 -5.73078e-09
  300.00 -1.67535 -9.23782e-06 -9.27283e-06 -9.33237e-06  5.58967e-09  3.66658e-09  7.60386e-09
  300.00 -1.65130 -1.40896e-05 -1.40756e-05 -1.39437e-05 -1.25229e-09 -7.55468e-10 -1.61443e-09
  300.00 -1.62725 -1.63359e-05 -1.62862e-05 -1.60531e-05 -1.85491e-09 -9.53548e-10 -2.96866e-09
  300.00 -1.60321 -1.67144e-05 -1.66608e-05 -1.64739e-05  6.49245e-10  5.65182e-10  6.64981e-10
  300.00 -1.57916 -1.32491e-05 -1.31962e-05 -1.30994e-05 -5.80493e-10 -7.36283e-10 -4.30086e-10
  300.00 -1.55511  1.42808e-06  1.49803e-06  1.52165e-06  1.55531e-09  1.51454e-09  1.54481e-09
  300.00 -1.53106  2.88483e-05  2.89747e-05  2.89362e-05  4.23084e-09  4.14714e-09  4.13305e-09
  300.00 -1.50701  5.71711e-05  5.74267e-05  5.73045e-05  4.56367e-09  4.29552e-09  4.36723e-09
  300.00 -1.48297  6.62285e-05  6.66168e-05  6.64159e-05 -1.29102e-08 -1.28896e-08 -1.30229e-08
  300.00 -1.45892  5.34804e-05  5.36986e-05  5.35857e-05 -1.75878e-08 -1.61601e-08 -1.71435e-08
  300.00 -1.43487  3.16846e-05  3.15054e-05  3.16052e-05  6.31249e-09  7.00685e-09  6.59029e-09
  300.00 -1.41082  1.17510e-05  1.14219e-05  1.16008e-05  1.14271e-09  9.19309e-10  1.06544e-09
  300.00 -1.38677  1.06348e-05  1.03958e-05  1.05244e-05 -5.56147e-10 -7.09024e-10 -6.16587e-10
  300.00 -1.36273  1.38695e-05  1.37255e-05  1.38006e-05 -6.20080e-10 -6.90423e-10 -6.56798e-10
  300.00 -1.33868  3.13260e-06  3.05033e-06  3.08794e-06 -3.53997e-10 -3.71221e-10 -3.76936e-10
  300.00 -1.31463 -1.50530e-05 -1.50984e-05 -1.50883e-05  1.67132e-10  1.83835e-10  1.34059e-10
  300.00 -1.29058 -3.53495e-05 -3.53781e-05 -3.53890e-05  6.83260e-10  7.62179e-10  5.78700e-10
  300.00 -1.26653 -4.96154e-05 -4.96401e-05 -4.96685e-05  3.09337e-10  4.61241e-10  1.27157e-10
  300.00 -1.24248 -5.48007e-05 -5.48272e-05 -5.48691e-05 -6.84588e-11  1.08692e-10 -2.49160e-10
  300.00 -1.21844 -5.09486e-05 -5.09745e-05 -5.10187e-05 -2.52200e-10 -1.13256e-10 -3.33927e-10
  300.00 -1.19439 -3.52277e-05 -3.52437e-05 -3.52707e-05 -3.05989e-10 -3.89461e-10 -9.48001e-11
  300.00 -1.17034 -1.58331e-05 -1.58281e-05 -1.58179e-05  8.43971e-11 -8.58928e-11  3.05023e-10
  300.00 -1.14629 -4.58249e-06 -4.55722e-06 -4.51179e-06 -3.30008e-11  5.59689e-12 -1.67068e-10
  300.00 -1.12224 -3.08618e-06 -3.05740e-06 -3.00642e-06 -8.92198e-11  1.89840e-11 -2.86457e-10
  300.00 -1.09820 -7.15124e-06 -7.13104e-06 -7.09530e-06  5.74614e-10  5.88229e-10  5.38136e-10
  300.00 -1.07415 -7.74309e-06 -7.73250e-06 -7.71332e-06  1.40901e-09  1.38548e-09  1.43561e-09
  300.00 -1.05010  1.69004e-06  1.69436e-06  1.70332e-06  3.00088e-09  2.96411e-09  3.04994e-09
  300.00 -1.02605  1.60286e-05  1.60289e-05  1.60326e-05  2.34926e-09  2.31505e-09  2.40145e-09
  300.00 -1.00200  2.20412e-05  2.20368e-05  2.20373e-05 -6.22927e-11 -8.44699e-11 -1.11789e-11
  300.00 -0.97796  1.91334e-05  1.91210e-05  1.91182e-05 -7.92883e-09 -7.94108e-09 -7.86344e-09
  300.00 -0.95391  2.37368e-05  2.37082e-05  2.37000e-05 -1.24428e-08 -1.24486e-08 -1.24632e-08
  300.00 -0.92986  4.12186e-05  4.11516e-05  4.11318e-05  4.03181e-08  4.02937e-08  3.97104e-08
  300.00 -0.90581  5.46524e-05  5.44962e-05  5.44497e-05  2.46778e-08  2.46071e-08  2.29421e-08
  300.00 -0.88176  4.23989e-05  4.21259e-05  4.20447e-05 -5.21972e-08 -5.22316e-08 -5.34739e-08
  300.00 -0.85772  1.90756e-06  1.72531e-06  1.67099e-06 -4.94787e-08 -4.93602e-08 -4.72848e-08
  300.00 -0.83367 -3.15456e-05 -3.14282e-05 -3.13932e-05 -1.05633e-08 -1.04380e-08 -7.70787e-09
  300.00 -0.80962 -2.98089e-05 -2.95966e-05 -2.95330e-05  2.15136e-09  2.17610e-09  2.72382e-09
  300.00 -0.78557 -6.50682e-06 -6.34870e-06 -6.30112e-06  1.92308e-12 -6.24366e-12 -2.21424e-10
  300.00 -0.76152  9.68144e-06  9.78384e-06  9.81517e-06 -3.25329e-10 -3.30260e-10 -4.54833e-10
  300.00 -0.73747  6.08324e-06  6.14376e-06  6.16350e-06  3.81962e-10  3.83528e-10  4.13320e-10
  300.00 -0.71343 -8.32152e-07 -8.02826e-07 -7.90402e-07 -4.43905e-10 -4.42432e-10 -4.13658e-10
  300.00 -0.68938 -3.65622e-06 -3.64631e-06 -3.63528e-06  4.22976e-10  4.22109e-10  4.21999e-10
  300.00 -0.66533 -1.10828e-05 -1.10869e-05 -1.10710e-05  2.83682e-10  2.80346e-10  2.73573e-10
  300.00 -0.64128 -1.61984e-05 -1.62172e-05 -1.61890e-05 -4.06350e-10 -4.08644e-10 -4.10976e-10
  300.00 -0.61723 -1.74813e-05 -1.75214e-05 -1.74690e-05 -9.39680e-12 -7.96117e-12 -8.15226e-12
  300.00 -0.59319 -2.27478e-05 -2.28176e-05 -2.27289e-05  1.12524e-12 -5.43626e-13 -4.68386e-13
  300.00 -0.56914 -2.46129e-05 -2.47106e-05 -2.45871e-05  2.65705e-11  1.64844e-11  1.68247e-11
  300.00 -0.54509 -1.71877e-05 -1.72887e-05 -1.71613e-05  2.28340e-10  1.78913e-10  1.80262e-10
  300.00 -0.52104 -6.59197e-06 -6.63515e-06 -6.58071e-06  2.78219e-09  2.63799e-09  2.63734e-09
  300.00 -0.49699  3.17757e-06  3.23367e-06  3.16302e-06  1.02275e-08  1.01206e-08  1.01071e-08
  300.00 -0.47295  5.68114e-06  5.79445e-06  5.65181e-06  9.45804e-09  9.55277e-09  9.54376e-09
  300.00 -0.44890  2.96883e-06  3.06777e-06  2.94341e-06 -2.54196e-09 -2.41103e-09 -2.40457e-09
  300.00 -0.42485  8.96221e-06  9.02269e-06  8.94709e-06 -1.84003e-09 -1.77802e-09 -1.76562e-09
  300.00 -0.40080  2.01737e-05  2.02089e-05  2.01660e-05  3.29026e-09  3.31694e-09  3.35120e-09
  300.00 -0.37675  2.30093e-05  2.30338e-05  2.30062e-05 -1.26941e-09 -1.27273e-09 -1.16899e-09
  300.00 -0.35271  1.00483e-05  1.00726e-05  1.00492e-05 -1.92514e-08 -1.92883e-08 -1.91159e-08
  300.00 -0.32866 -2.23485e-06 -2.20240e-06 -2.22984e-06 -1.40793e-08 -1.41010e-08 -1.40114e-08
  300.00 -0.30461 -8.04237e-07 -7.54310e-07 -7.94312e-07 -5.68068e-09 -5.61221e-09 -5.82551e-09
  300.00 -0.28056  2.65421e-06  2.72336e-06  2.66875e-06  1.07512e-08  1.11268e-08  9.90352e-09
  300.00 -0.25651  9.88378e-07  1.04388e-06  1.00009e-06  8.65485e-09  9.01560e-09  7.84770e-09
  300.00 -0.23246 -5.51189e-07 -5.59000e-07 -5.53273e-07 -5.93057e-09 -6.10139e-09 -5.52929e-09
  300.00 -0.20842 -1.69464e-06 -1.75754e-06 -1.70901e-06 -2.84077e-09 -3.04883e-09 -2.38126e-09
  300.00 -0.18437 -4.24564e-06 -4.31259e-06 -4.26162e-06 -1.32511e-09 -1.46163e-09 -1.01056e-09
  300.00 -0.16032 -1.56643e-06 -1.61133e-06 -1.57911e-06 -3.61439e-09 -3.70634e-09 -3.38737e-09
  300.00 -0.13627  4.88474e-06  4.85755e-06  4.87310e-06 -5.97326e-10 -6.40554e-10 -5.29873e-10
  300.00 -0.11222  1.58534e-06  1.56708e-06  1.57167e-06  2.13133e-10  1.87752e-10  2.08656e-10
  300.00 -0.08818 -1.20378e-05 -1.20497e-05 -1.20507e-05 -5.51092e-11  4.16239e-11 -1.11604e-10
  300.00 -0.06413 -1.11841e-05 -1.11887e-05 -1.11894e-05  3.43431e-09  3.57726e-09  3.36585e-09
  300.00 -0.04008  5.81105e-06  5.81248e-06  5.81511e-06  1.32731e-09  1.32254e-09  1.33515e-09
  300.00 -0.01603  2.57922e-05  2.57964e-05  2.58014e-05 -1.73652e-09 -1.84593e-09 -1.67962e-09
  300.00  0.00802  4.50770e-05  4.50812e-05  4.50861e-05 -2.48477e-09 -2.57885e-09 -2.43794e-09
  300.00  0.03206  5.82660e-05  5.82693e-05  5.82731e-05 -1.51643e-09 -1.56480e-09 -1.49272e-09
  300.00  0.05611  6.53979e-05  6.54001e-05  6.54027e-05 -8.09437e-10 -8.32646e-10 -7.98099e-10
  300.00  0.08016  7.38634e-05  7.38649e-05  7.38666e-05 -4.27260e-10 -4.41424e-10 -4.20331e-10
  300.00  0.10421  6.82535e-05  6.82545e-05  6.82555e-05 -9.44271e-10 -9.55891e-10 -9.38584e-10
  300.00  0.12826  2.22875e-05  2.22881e-05  2.22887e-05 -1.28879e-09 -1.29449e-09 -1.28600e-09
  300.00  0.15230 -2.52144e-05 -2.52142e-05 -2.52139e-05 -4.28665e-10 -4.30112e-10 -4.27958e-10
  300.00  0.17635 -4.04348e-05 -4.04347e-05 -4.04346e-05 -1.12288e-10 -1.12685e-10 -1.12089e-10
  300.00  0.20040 -3.75891e-05 -3.75891e-05 -3.75890e-05 -1.02735e-10 -1.02826e-10 -1.02684e-10
  300.00  0.22445 -2.93715e-05 -2.93715e-05 -2.93715e-05 -1.52199e-11 -1.52072e-11 -1.52182e-11
  300.00  0.24850 -3.40160e-05 -3.40160e-05 -3.40160e-05  1.82901e-09  1.82905e-09  1.82908e-09
  300.00  0.27255 -4.32491e-05 -4.32491e-05 -4.32491e-05  9.11213e-09  9.11213e-09  9.11220e-09
  300.00  0.29659 -3.90951e-05 -3.90951e-05 -3.90951e-05 -6.42058e-09 -6.42064e-09 -6.42066e-09
  300.00  0.32064 -2.17922e-05 -2.17922e-05 -2.17922e-05 -4.95285e-09 -4.95288e-09 -4.95287e-09
  300.00  0.34469 -6.43003e-06 -6.43003e-06 -6.43002e-06  1.19313e-08  1.19314e-08  1.19314e-08
  300.00  0.36874 -1.49289e-05 -1.49289e-05 -1.49289e-05  1.30922e-08  1.30922e-08  1.30922e-08
  300.00  0.39279 -3.63316e-05 -3.63316e-05 -3.63316e-05  3.00310e-09  3.00312e-09  3.00306e-09
  300.00  0.41683 -4.00221e-05 -4.00221e-05 -4.00221e-05 -7.71492e-09 -7.71495e-09 -7.71495e-09
  300.00  0.44088 -2.82461e-05 -2.82461e-05 -2.82461e-05 -3.75201e-09 -3.75203e-09 -3.75203e-09
  300.00  0.46493 -1.93489e-05 -1.93489e-05 -1.93489e-05 -8.61275e-10 -8.61280e-10 -8.61280e-10
  300.00  0.48898 -1.12872e-05 -1.12872e-05 -1.12872e-05 -1.44741e-09 -1.44741e-09 -1.44739e-09
  300.00  0.51303  3.81070e-06  3.81070e-06  3.81070e-06 -1.37679e-09 -1.37677e-09 -1.37677e-09
  300.00  0.53707  1.86750e-05  1.86750e-05  1.86750e-05  1.14751e-08  1.14752e-08  1.14751e-08
  300.00  0.56112  3.07743e-05  3.07743e-05  3.07743e-05  5.59681e-08  5.59681e-08  5.59680e-08
  300.00  0.58517  4.49623e-05  4.49623e-05  4.49623e-05 -1.11606e-08 -1.11607e-08 -1.11606e-08
  300.00  0.60922  5.84732e-05  5.84731e-05  5.84731e-05 -1.11189e-07 -1.11189e-07 -1.11188e-07
  300.00  0.63327  6.88150e-05  6.88150e-05  6.88150e-05 -1.27825e-08 -1.27825e-08 -1.27825e-08
  300.00  0.65731  7.95309e-05  7.95309e-05  7.95309e-05  2.76257e-08  2.76257e-08  2.76256e-08
  300.00  0.68136  8.50216e-05  8.50216e-05  8.50216e-05 -3.88790e-10 -3.88774e-10 -3.88773e-10
  300.00  0.70541  6.70595e-05  6.70595e-05  6.70595e-05  7.20202e-09  7.20207e-09  7.20207e-09
  300.00  0.72946  2.04546e-05  2.04546e-05  2.04546e-05  5.34242e-08  5.34244e-08  5.34243e-08
  300.00  0.75351 -2.48826e-05 -2.48826e-05 -2.48826e-05  1.82130e-08  1.82131e-08  1.82132e-08
  300.00  0.77756 -2.48702e-05 -2.48702e-05 -2.48702e-05 -6.67247e-08 -6.67248e-08 -6.67247e-08
  300.00  0.80160  1.46085e-05  1.46085e-05  1.46085e-05 -9.15010e-09 -9.15010e-09 -9.15015e-09
  300.00  0.82565  6.55012e-05  6.55012e-05  6.55012e-05  1.31753e-08  1.31753e-08  1.31753e-08
  300.00  0.84970  9.41559e-05  9.41559e-05  9.41559e-05 -5.93046e-09 -5.93047e-09 -5.93047e-09
  300.00  0.87375  3.27027e-05  3.27027e-05  3.27027e-05 -4.55597e-09 -4.55600e-09 -4.55605e-09
  300.00  0.89780 -8.88706e-05 -8.88706e-05 -8.88706e-05  4.00848e-09  4.00851e-09  4.00853e-09
  300.00  0.92184 -1.25614e-04 -1.25614e-04 -1.25614e-04  2.43720e-08  2.43719e-08  2.43720e-08
  300.00  0.94589 -1.06676e-04 -1.06676e-04 -1.06676e-04 -4.33819e-09 -4.33825e-09 -4.33821e-09
  300.00  0.96994 -7.39506e-05 -7.39506e-05 -7.39506e-05 -1.46378e-08 -1.46377e-08 -1.46378e-08
  300.00  0.99399 -4.42675e-05 -4.42675e-05 -4.42675e-05  2.14765e-08  2.14765e-08  2.14765e-08
  300.00  1.01804 -3.02859e-05 -3.02859e-05 -3.02859e-05  2.28834e-08  2.28834e-08  2.28835e-08
  300.00  1.04208 -3.38527e-05 -3.38527e-05 -3.38527e-05  1.48539e-08  1.48540e-08  1.48540e-08
  300.00  1.06613 -4.90678e-05 -4.90678e-05 -4.90678e-05  2.12954e-08  2.12956e-08  2.12955e-08
  300.00  1.09018 -6.48323e-05 -6.48322e-05 -6.48322e-05  2.55241e-08  2.55242e-08  2.55242e-08
  300.00  1.11423 -6.73212e-05 -6.73212e-05 -6.73212e-05  2.15828e-08  2.15829e-08  2.15829e-08
  300.00  1.13828 -5.71588e-05 -5.71588e-05 -5.71588e-05  1.21688e-08  1.21688e-08  1.21687e-08
  300.00  1.16232 -3.85107e-05 -3.85107e-05 -3.85107e-05  2.96515e-09  2.96511e-09  2.96510e-09
  300.00  1.18637 -1.29886e-05 -1.29886e-05 -1.29886e-05 -1.02916e-08 -1.02917e-08 -1.02916e-08
  300.00  1.21042  1.60342e-05  1.60342e-05  1.60342e-05 -1.31585e-08 -1.31585e-08 -1.31585e-08
  300.00  1.23447  4.61426e-05  4.61426e-05  4.61426e-05 -9.45197e-10 -9.45188e-10 -9.45194e-10
  300.00  1.25852  6.96602e-05  6.96602e-05  6.96602e-05  1.82612e-08  1.82612e-08  1.82612e-08
  300.00  1.28257  7.45756e-05  7.45756e-05  7.45756e-05  4.61092e-08  4.61094e-08  4.61093e-08
  300.00  1.30661  5.80052e-05  5.80052e-05  5.80052e-05 -6.80959e-08 -6.80956e-08 -6.80959e-08
  300.00  1.33066  3.36311e-05  3.36311e-05  3.36311e-05 -1.22491e-07 -1.22491e-07 -1.22491e-07
  300.00  1.35471  2.50696e-05  2.50696e-05  2.50696e-05 -1.49933e-08 -1.49933e-08 -1.49932e-08
  300.00  1.37876  2.73129e-05  2.73129e-05  2.73129e-05  8.58968e-08  8.58969e-08  8.58972e-08
  300.00  1.40281  1.72392e-05  1.72392e-05  1.72392e-05  9.48290e-08  9.48293e-08  9.48292e-08
  300.00  1.42685 -2.70406e-06 -2.70406e-06 -2.70406e-06 -1.79073e-07 -1.79073e-07 -1.79073e-07
  300.00  1.45090  2.12994e-06  2.12993e-06  2.12993e-06 -5.38019e-08 -5.38023e-08 -5.38025e-08
  300.00  1.47495  3.67483e-05  3.67483e-05  3.67483e-05  3.57825e-07  3.57826e-07  3.57826e-07
  300.00  1.49900  7.73374e-05  7.73374e-05  7.73374e-05 -3.88776e-08 -3.88770e-08 -3.88767e-08
  300.00  1.52305  8.46798e-05  8.46798e-05  8.46798e-05 -1.15814e-06 -1.15814e-06 -1.15814e-06
  300.00  1.54709  3.68737e-06  3.68737e-06  3.68737e-06 -1.30746e-07 -1.30748e-07 -1.30749e-07
  300.00  1.57114 -8.67670e-05 -8.67670e-05 -8.67670e-05  1.63738e-06  1.63738e-06  1.63738e-06
  300.00  1.59519 -8.94668e-05 -8.94668e-05 -8.94668e-05  6.58290e-07  6.58291e-07  6.58291e-07
  300.00  1.61924 -5.48234e-05 -5.48234e-05 -5.48234e-05 -9.26056e-08 -9.26055e-08 -9.26055e-08
  300.00  1.64329 -2.24046e-05 -2.24046e-05 -2.24046e-05 -1.35753e-07 -1.35753e-07 -1.35753e-07
  300.00  1.66733 -3.59791e-06 -3.59791e-06 -3.59791e-06 -7.04216e-09 -7.04219e-09 -7.04225e-09
  300.00  1.69138  5.18599e-06  5.18600e-06  5.18600e-06  7.52406e-08  7.52405e-08  7.52404e-08
  300.00  1.71543  4.85936e-06  4.85936e-06  4.85937e-06 -2.92313e-07 -2.92313e-07 -2.92313e-07
  300.00  1.73948 -1.23091e-05 -1.23091e-05 -1.23091e-05 -2.51080e-07 -2.51080e-07 -2.51079e-07
  300.00  1.76353 -3.09068e-05 -3.09068e-05 -3.09068e-05  3.26566e-07  3.26566e-07  3.26566e-07
  300.00  1.78758 -3.77644e-05 -3.77644e-05 -3.77644e-05 -1.28461e-07 -1.28461e-07 -1.28461e-07
  300.00  1.81162 -3.97558e-05 -3.97558e-05 -3.97558e-05 -5.69880e-08 -5.69881e-08 -5.69879e-08
  300.00  1.83567 -3.79664e-05 -3.79664e-05 -3.79664e-05  7.15668e-08  7.15668e-08  7.15669e-08
  300.00  1.85972 -2.50429e-05 -2.50429e-05 -2.50429e-05  5.99978e-10  5.99956e-10  5.99935e-10
  300.00  1.88377  3.95716e-07  3.95720e-07  3.95722e-07 -1.16760e-08 -1.16761e-08 -1.16761e-08
  300.00  1.90782  2.14951e-05  2.14951e-05  2.14951e-05 -6.59176e-09 -6.59174e-09 -6.59177e-09
  300.00  1.93186  2.44260e-05  2.44260e-05  2.44260e-05 -9.51733e-09 -9.51728e-09 -9.51732e-09
  300.00  1.95591  1.36890e-05  1.36890e-05  1.36890e-05 -1.54608e-08 -1.54607e-08 -1.54607e-08
  300.00  1.97996 -1.07501e-06 -1.07502e-06 -1.07502e-06  5.03009e-09  5.03004e-09  5.03011e-09
  300.00  2.00401 -6.19070e-06 -6.19070e-06 -6.19070e-06  1.96618e-08  1.96617e-08  1.96618e-08
  300.00  2.02806  5.02565e-06  5.02564e-06  5.02565e-06 -5.26847e-09 -5.26844e-09 -5.26848e-09
  300.00  2.05210  1.27786e-05  1.27786e-05  1.27786e-05 -2.64641e-09 -2.64637e-09 -2.64641e-09
  300.00  2.07615 -4.27456e-06 -4.27457e-06 -4.27457e-06  1.60232e-08  1.60233e-08  1.60232e-08
  300.00  2.10020 -3.57440e-05 -3.57440e-05 -3.57440e-05  1.14942e-07  1.14942e-07  1.14942e-07
  300.00  2.12425 -3.67493e-05 -3.67492e-05 -3.67493e-05  6.93646e-08  6.93645e-08  6.93645e-08
  300.00  2.14830 -8.74838e-06 -8.74838e-06 -8.74838e-06 -9.85043e-09 -9.85048e-09 -9.85045e-09
  300.00  2.17234  2.76380e-05  2.76380e-05  2.76380e-05  1.08148e-08  1.08148e-08  1.08148e-08
  300.00  2.19639  6.54947e-05  6.54946e-05  6.54947e-05 -4.99169e-09 -4.99167e-09 -4.99156e-09
  300.00  2.22044  9.16067e-05  9.16067e-05  9.16067e-05 -2.78007e-07 -2.78007e-07 -2.78007e-07
  300.00  2.24449  6.34296e-05  6.34296e-05  6.34296e-05 -3.36642e-07 -3.36642e-07 -3.36643e-07
  300.00  2.26854 -1.31463e-05 -1.31463e-05 -1.31463e-05  1.17769e-07  1.17770e-07  1.17769e-07
  300.00  2.29259 -6.40112e-05 -6.40112e-05 -6.40112e-05  2.00960e-07  2.00960e-07  2.00960e-07
  300.00  2.31663 -8.35494e-05 -8.35494e-05 -8.35494e-05  2.48400e-08  2.48398e-08  2.48400e-08
  300.00  2.34068 -7.62432e-05 -7.62432e-05 -7.62432e-05 -9.00772e-08 -9.00774e-08 -9.00775e-08
  300.00  2.36473 -5.19168e-05 -5.19168e-05 -5.19168e-05  1.24969e-08  1.24970e-08  1.24970e-08
  300.00  2.38878 -2.60379e-05 -2.60379e-05 -2.60379e-05  1.53420e-08  1.53420e-08  1.53420e-08
  300.00  2.41283 -1.30890e-05 -1.30890e-05 -1.30890e-05 -1.29208e-08 -1.29209e-08 -1.29209e-08
  300.00  2.43687 -1.18066e-05 -1.18066e-05 -1.18066e-05 -8.75800e-09 -8.75800e-09 -8.75800e-09
  300.00  2.46092  3.85575e-07  3.85575e-07  3.85578e-07  1.24995e-08  1.24996e-08  1.24996e-08
  300.00  2.48497  3.36014e-05  3.36014e-05  3.36014e-05  4.26377e-08  4.26377e-08  4.26377e-08
  300.00  2.50902  7.49587e-05  7.49587e-05  7.49587e-05 -8.84169e-09 -8.84169e-09 -8.84174e-09
  300.00  2.53307  1.06074e-04  1.06074e-04  1.06074e-04 -8.58532e-08 -8.58533e-08 -8.58531e-08
  300.00  2.55711  1.10113e-04  1.10113e-04  1.10113e-04 -6.75558e-08 -6.75560e-08 -6.75557e-08
  300.00  2.58116  7.39789e-05  7.39789e-05  7.39789e-05 -9.31624e-09 -9.31623e-09 -9.31610e-09
  300.00  2.60521  2.87164e-06  2.87164e-06  2.87163e-06  1.01591e-07  1.01591e-07  1.01591e-07
  300.00  2.62926 -4.99486e-05 -4.99486e-05 -4.99486e-05  1.47806e-07  1.47806e-07  1.47806e-07
  300.00  2.65331 -4.75908e-05 -4.75908e-05 -4.75908e-05 -6.08767e-08 -6.08770e-08 -6.08768e-08
  300.00  2.67735 -1.94673e-05 -1.94673e-05 -1.94673e-05 -1.39389e-07 -1.39389e-07 -1.39389e-07
  300.00  2.70140 -2.82603e-06 -2.82603e-06 -2.82603e-06  1.40861e-08  1.40864e-08  1.40861e-08
  300.00  2.72545 -1.25780e-05 -1.25780e-05 -1.25780e-05  1.27900e-07  1.27900e-07  1.27900e-07
  300.00  2.74950 -3.79403e-05 -3.79403e-05 -3.79403e-05  5.42671e-08  5.42669e-08  5.42671e-08
  300.00  2.77355 -4.46544e-05 -4.46544e-05 -4.46544e-05 -4.93702e-08 -4.93703e-08 -4.93704e-08
  300.00  2.79760 -1.80838e-05 -1.80838e-05 -1.80838e-05 -5.28894e-08 -5.28894e-08 -5.28894e-08
  300.00  2.82164  2.14095e-05  2.14095e-05  2.14095e-05  8.87535e-09  8.87547e-09  8.87561e-09
  300.00  2.84569  4.96284e-05  4.96284e-05  4.96284e-05  1.19742e-07  1.19742e-07  1.19742e-07
  300.00  2.86974  4.65933e-05  4.65933e-05  4.65933e-05  1.52464e-07  1.52463e-07  1.52463e-07
  300.00  2.89379  1.08513e-05  1.08513e-05  1.08513e-05 -8.44154e-08 -8.44155e-08 -8.44156e-08
  300.00  2.91784 -3.59842e-05 -3.59842e-05 -3.59842e-05 -1.46294e-07 -1.46294e-07 -1.46294e-07
  300.00  2.94188 -7.02872e-05 -7.02872e-05 -7.02872e-05 -7.38353e-08 -7.38354e-08 -7.38352e-08
  300.00  2.96593 -6.86530e-05 -6.86530e-05 -6.86530e-05 -1.87541e-08 -1.87541e-08 -1.87541e-08
  300.00  2.98998 -3.45810e-05 -3.45810e-05 -3.45810e-05 -2.85482e-09 -2.85480e-09 -2.85483e-09
  300.00  3.01403  4.59914e-06  4.59914e-06  4.59914e-06  1.84509e-09  1.84511e-09  1.84509e-09
  300.00  3.03808  2.35092e-05  2.35092e-05  2.35092e-05  7.66483e-10  7.66493e-10  7.66516e-10
  300.00  3.06212  2.00794e-05  2.00794e-05  2.00794e-05 -1.21093e-08 -1.21094e-08 -1.21094e-08
  300.00  3.08617  5.26713e-06  5.26713e-06  5.26713e-06  8.40289e-08  8.40289e-08  8.40289e-08
  300.00  3.11022 -1.86697e-05 -1.86697e-05 -1.86697e-05 -9.70473e-10 -9.70397e-10 -9.70453e-10
  300.00  3.13427 -3.21790e-05 -3.21790e-05 -3.21790e-05 -4.59902e-08 -4.59902e-08 -4.59902e-08
  300.00  3.15832 -1.95098e-05 -1.95098e-05 -1.95098e-05 -1.31223e-08 -1.31223e-08 -1.31223e-08
  300.00  3.18236  4.01429e-06  4.01429e-06  4.01430e-06 -1.13881e-08 -1.13881e-08 -1.13881e-08
  300.00  3.20641  1.76579e-05  1.76579e-05  1.76579e-05  1.30109e-07  1.30109e-07  1.30109e-07
  300.00  3.23046  9.18356e-06  9.18356e-06  9.18356e-06  4.34842e-07  4.34842e-07  4.34842e-07
  300.00  3.25451 -9.14274e-06 -9.14274e-06 -9.14275e-06 -2.67985e-07 -2.67985e-07 -2.67985e-07
  300.00  3.27856 -1.09016e-05 -1.09016e-05 -1.09016e-05 -3.81052e-07 -3.81052e-07 -3.81052e-07
  300.00  3.30261  3.80459e-06  3.80459e-06  3.80458e-06  1.50095e-07  1.50095e-07  1.50095e-07
  300.00  3.32665  1.65304e-05  1.65304e-05  1.65304e-05  2.69062e-07  2.69062e-07  2.69062e-07
  300.00  3.35070  1.96812e-05  1.96812e-05  1.96812e-05  3.91073e-07  3.91073e-07  3.91073e-07
  300.00  3.37475  2.09249e-05  2.09249e-05  2.09249e-05  5.30729e-07  5.30728e-07  5.30728e-07
  300.00  3.39880  3.68046e-05  3.68046e-05  3.68047e-05 -3.78015e-07 -3.78016e-07 -3.78016e-07
  300.00  3.42285  5.77099e-05  5.77099e-05  5.77099e-05 -1.30484e-06 -1.30484e-06 -1.30484e-06
  300.00  3.44689  4.69078e-05  4.69078e-05  4.69078e-05 -6.86071e-07 -6.86071e-07 -6.86071e-07
  300.00  3.47094  3.38542e-06  3.38542e-06  3.38541e-06 -5.40267e-08 -5.40267e-08 -5.40268e-08
  300.00  3.49499 -2.91916e-05 -2.91916e-05 -2.91916e-05  2.81307e-08  2.81307e-08  2.81306e-08
  300.00  3.51904 -3.72844e-05 -3.72844e-05 -3.72844e-05 -9.53985e-09 -9.53985e-09 -9.53990e-09
  300.00  3.54309 -2.70399e-05 -2.70399e-05 -2.70399e-05 -1.04817e-07 -1.04817e-07 -1.04817e-07
  300.00  3.56713 -1.06303e-05 -1.06303e-05 -1.06303e-05  6.71146e-08  6.71146e-08  6.71146e-08
  300.00  3.59118  2.85441e-06  2.85441e-06  2.85441e-06  1.74618e-07  1.74618e-07  1.74618e-07
  300.00  3.61523  1.66551e-05  1.66551e-05  1.66551e-05  1.10207e-07  1.10207e-07  1.10207e-07
  300.00  3.63928  1.84438e-05  1.84438e-05  1.84438e-05 -8.52975e-09 -8.52964e-09 -8.52972e-09
  300.00  3.66333 -5.02086e-07 -5.02080e-07 -5.02084e-07 -1.74445e-07 -1.74445e-07 -1.74445e-07
  300.00  3.68737 -2.28230e-05 -2.28230e-05 -2.28230e-05 -1.89352e-07 -1.89352e-07 -1.89352e-07
  300.00  3.71142 -4.51294e-05 -4.51294e-05 -4.51294e-05 -1.38980e-08 -1.38981e-08 -1.38980e-08
  300.00  3.73547 -4.35525e-05 -4.35525e-05 -4.35525e-05  5.65302e-10  5.65373e-10  5.65333e-10
  300.00  3.75952 -1.60594e-05 -1.60594e-05 -1.60594e-05  1.65027e-07  1.65027e-07  1.65027e-07
  300.00  3.78357  1.57778e-05  1.57778e-05  1.57778e-05  1.93393e-07  1.93393e-07  1.93393e-07
  300.00  3.80762  3.92270e-05  3.92270e-05  3.92270e-05 -2.70008e-07 -2.70008e-07 -2.70008e-07
  300.00  3.83166  4.90509e-05  4.90509e-05  4.90509e-05 -4.40420e-07 -4.40419e-07 -4.40419e-07
  300.00  3.85571  4.20675e-05  4.20675e-05  4.20675e-05  1.84302e-07  1.84302e-07  1.84302e-07
  300.00  3.87976 -2.65427e-06 -2.65427e-06 -2.65427e-06  3.78739e-07  3.78739e-07  3.78739e-07
  300.00  3.90381 -6.44470e-05 -6.44470e-05 -6.44470e-05  2.91789e-07  2.91789e-07  2.91789e-07
  300.00  3.92786 -6.75070e-05 -6.75070e-05 -6.75070e-05  2.63409e-07  2.63409e-07  2.63409e-07
  300.00  3.95190 -2.80849e-05 -2.80850e-05 -2.80849e-05  8.70797e-08  8.70795e-08  8.70795e-08
  300.00  3.97595  2.02730e-05  2.02730e-05  2.02730e-05 -1.81956e-07 -1.81956e-07 -1.81956e-07
  300.00  4.00000  6.12329e-05  6.12329e-05  6.12329e-05 -3.45641e-07 -3.45641e-07 -3.45641e-07
