  300.00 -8.00000  1.56195e+20  0.00000e+00  0.00000e+00  0.00000e+00  0.00000e+00  0.00000e+00
  300.00 -7.97595  1.57974e+20  0.00000e+00  0.00000e+00  0.00000e+00  0.00000e+00  0.00000e+00
  300.00 -7.95190  1.59734e+20  0.00000e+00  0.00000e+00  0.00000e+00  0.00000e+00  0.00000e+00
  300.00 -7.92786  1.61489e+20  0.00000e+00  0.00000e+00  0.00000e+00  0.00000e+00  0.00000e+00
  300.00 -7.90381  1.63254e+20  0.00000e+00  0.00000e+00  0.00000e+00  0.00000e+00  0.00000e+00
  300.00 -7.87976  1.65041e+20  0.00000e+00  0.00000e+00  0.00000e+00  0.00000e+00  0.00000e+00
  300.00 -7.85571  1.66862e+20  0.00000e+00  0.00000e+00  0.00000e+00  0.00000e+00  0.00000e+00
  300.00 -7.83166  1.68721e+20  0.00000e+00  0.00000e+00  0.00000e+00  0.00000e+00  0.00000e+00
  300.00 -7.80762  1.70618e+20  0.00000e+00  0.00000e+00  0.00000e+00  0.00000e+00  0.00000e+00
  300.00 -7.78357  1.72548e+20  0.00000e+00  0.00000e+00  0.00000e+00  0.00000e+00  0.00000e+00
  300.00 -7.75952  1.74494e+20  0.00000e+00  0.00000e+00  0.00000e+00  0.00000e+00  0.00000e+00
  300.00 -7.73547  1.76439e+20  0.00000e+00  0.00000e+00  0.00000e+00  0.00000e+00  0.00000e+00
  300.00 -7.71142  1.78360e+20  0.00000e+00  0.00000e+00  0.00000e+00  0.00000e+00  0.00000e+00
  300.00 -7.68737  1.80243e+20  0.00000e+00  0.00000e+00  0.00000e+00  0.00000e+00  0.00000e+00
  300.00 -7.66333  1.82080e+20  0.00000e+00  0.00000e+00  0.00000e+00  0.00000e+00  0.00000e+00
  300.00 -7.63928  1.83879e+20  0.00000e+00  0.00000e+00  0.00000e+00  0.00000e+00  0.00000e+00
  300.00 -7.61523  1.85662e+20  0.00000e+00  0.00000e+00  0.00000e+00  0.00000e+00  0.00000e+00
  300.00 -7.59118  1.87463e+20  0.00000e+00  0.00000e+00  0.00000e+00  0.00000e+00  0.00000e+00
  300.00 -7.56713  1.89325e+20  0.00000e+00  0.00000e+00  0.00000e+00  0.00000e+00  0.00000e+00
  300.00 -7.54309  1.91285e+20  0.00000e+00  0.00000e+00  0.00000e+00  0.00000e+00  0.00000e+00
  300.00 -7.51904  1.93343e+20  0.00000e+00  0.00000e+00  0.00000e+00  0.00000e+00  0.00000e+00
  300.00 -7.49499  1.95408e+20  0.00000e+00  0.00000e+00  0.00000e+00  0.00000e+00  0.00000e+00
  300.00 -7.47094  1.97303e+20  0.00000e+00  0.00000e+00  0.00000e+00  0.00000e+00  0.00000e+00
  300.00 -7.44689  1.98949e+20  0.00000e+00  0.00000e+00  0.00000e+00  0.00000e+00  0.00000e+00
  300.00 -7.42285  2.00707e+20  0.00000e+00  0.00000e+00  0.00000e+00  0.00000e+00  0.00000e+00
  300.00 -7.39880  2.03176e+20  0.00000e+00  0.00000e+00  0.00000e+00  0.00000e+00  0.00000e+00
  300.00 -7.37475  2.06808e+20  0.00000e+00  0.00000e+00  0.00000e+00  0.00000e+00  0.00000e+00
  300.00 -7.35070  2.11620e+20  0.00000e+00  0.00000e+00  0.00000e+00  0.00000e+00  0.00000e+00
  300.00 -7.32665  2.16957e+20  0.00000e+00  0.00000e+00  0.00000e+00  0.00000e+00  0.00000e+00
  300.00 -7.30261  2.21771e+20  0.00000e+00  0.00000e+00  0.00000e+00  0.00000e+00  0.00000e+00
  300.00 -7.27856  2.25699e+20  0.00000e+00  0.00000e+00  0.00000e+00  0.00000e+00  0.00000e+00
  300.00 -7.25451  2.29435e+20  0.00000e+00  0.00000e+00  0.00000e+00  0.00000e+00  0.00000e+00
  300.00 -7.23046  2.33857e+20  0.00000e+00  0.00000e+00  0.00000e+00  0.00000e+00  0.00000e+00
  300.00 -7.20641  2.39133e+20  0.00000e+00  0.00000e+00  0.00000e+00  0.00000e+00  0.00000e+00
  300.00 -7.18236  2.44598e+20  0.00000e+00  0.00000e+00  0.00000e+00  0.00000e+00  0.00000e+00
  300.00 -7.15832  2.49352e+20  0.00000e+00  0.00000e+00  0.00000e+00  0.00000e+00  0.00000e+00
  300.00 -7.13427  2.52962e+20  0.00000e+00  0.00000e+00  0.00000e+00  0.00000e+00  0.00000e+00
  300.00 -7.11022  2.55803e+20  0.00000e+00  0.00000e+00  0.00000e+00  0.00000e+00  0.00000e+00
  300.00 -7.08617  2.58891e+20  0.00000e+00  0.00000e+00  0.00000e+00  0.00000e+00  0.00000e+00
  300.00 -7.06212  2.63141e+20  0.00000e+00  0.00000e+00  0.00000e+00  0.00000e+00  0.00000e+00
  300.00 -7.03808  2.68524e+20  0.00000e+00  0.00000e+00  0.00000e+00  0.00000e+00  0.00000e+00
  300.00 -7.01403  2.74564e+20  0.00000e+00  0.00000e+00  0.00000e+00  0.00000e+00  0.00000e+00
  300.00 -6.98998  2.81070e+20  0.00000e+00  0.00000e+00  0.00000e+00  0.00000e+00  0.00000e+00
  300.00 -6.96593  2.87709e+20  0.00000e+00  0.00000e+00  0.00000e+00  0.00000e+00  0.00000e+00
  300.00 -6.94188  2.93954e+20  0.00000e+00  0.00000e+00  0.00000e+00  0.00000e+00  0.00000e+00
  300.00 -6.91784  2.99503e+20  0.00000e+00  0.00000e+00  0.00000e+00  0.00000e+00  0.00000e+00
  300.00 -6.89379  3.04455e+20  0.00000e+00  0.00000e+00  0.00000e+00  0.00000e+00  0.00000e+00
  300.00 -6.86974  3.09127e+20  0.00000e+00  0.00000e+00  0.00000e+00  0.00000e+00  0.00000e+00
  300.00 -6.84569  3.13773e+20  0.00000e+00  0.00000e+00  0.00000e+00  0.00000e+00  0.00000e+00
  300.00 -6.82164  3.18608e+20  0.00000e+00  0.00000e+00  0.00000e+00  0.00000e+00  0.00000e+00
  300.00 -6.79760  3.23886e+20  0.00000e+00  0.00000e+00  0.00000e+00  0.00000e+00  0.00000e+00
  300.00 -6.77355  3.29626e+20  0.00000e+00  0.00000e+00  0.00000e+00  0.00000e+00  0.00000e+00
  300.00 -6.74950  3.35473e+20  0.00000e+00  0.00000e+00  0.00000e+00  0.00000e+00  0.00000e+00
  300.00 -6.72545  3.41045e+20  0.00000e+00  0.00000e+00  0.00000e+00  0.00000e+00  0.00000e+00
  300.00 -6.70140  3.46137e+20  0.00000e+00  0.00000e+00  0.00000e+00  0.00000e+00  0.00000e+00
  300.00 -6.67735  3.50613e+20  0.00000e+00  0.00000e+00  0.00000e+00  0.00000e+00  0.00000e+00
  300.00 -6.65331  3.54637e+20  0.00000e+00  0.00000e+00  0.00000e+00  0.00000e+00  0.00000e+00
  300.00 -6.62926  3.58826e+20  0.00000e+00  0.00000e+00  0.00000e+00  0.00000e+00  0.00000e+00
  300.00 -6.60521  3.63460e+20  0.00000e+00  0.00000e+00  0.00000e+00  0.00000e+00  0.00000e+00
  300.00 -6.58116  3.68129e+20  0.00000e+00  0.00000e+00  0.00000e+00  0.00000e+00  0.00000e+00
  300.00 -6.55711  3.72723e+20  0.00000e+00  0.00000e+00  0.00000e+00  0.00000e+00  0.00000e+00
  300.00 -6.53307  3.77657e+20  0.00000e+00  0.00000e+00  0.00000e+00  0.00000e+00  0.00000e+00
  300.00 -6.50902  3.82971e+20  0.00000e+00  0.00000e+00  0.00000e+00  0.00000e+00  0.00000e+00
  300.00 -6.48497  3.88258e+20  0.00000e+00  0.00000e+00  0.00000e+00  0.00000e+00  0.00000e+00
  300.00 -6.46092  3.93225e+20  0.00000e+00  0.00000e+00  0.00000e+00  0.00000e+00  0.00000e+00
  300.00 -6.43687  3.97913e+20  0.00000e+00  0.00000e+00  0.00000e+00  0.00000e+00  0.00000e+00
  300.00 -6.41283  4.02624e+20  0.00000e+00  0.00000e+00  0.00000e+00  0.00000e+00  0.00000e+00
  300.00 -6.38878  4.07582e+20  0.00000e+00  0.00000e+00  0.00000e+00  0.00000e+00  0.00000e+00
  300.00 -6.36473  4.12581e+20  0.00000e+00  0.00000e+00  0.00000e+00  0.00000e+00  0.00000e+00
  300.00 -6.34068  4.17315e+20  0.00000e+00  0.00000e+00  0.00000e+00  0.00000e+00  0.00000e+00
  300.00 -6.31663  4.21940e+20  0.00000e+00  0.00000e+00  0.00000e+00  0.00000e+00  0.00000e+00
  300.00 -6.29259  4.26731e+20  0.00000e+00  0.00000e+00  0.00000e+00  0.00000e+00  0.00000e+00
  300.00 -6.26854  4.31444e+20  0.00000e+00  0.00000e+00  0.00000e+00  0.00000e+00  0.00000e+00
  300.00 -6.24449  4.35667e+20  0.00000e+00  0.00000e+00  0.00000e+00  0.00000e+00  0.00000e+00
  300.00 -6.22044  4.39445e+20  0.00000e+00  0.00000e+00  0.00000e+00  0.00000e+00  0.00000e+00
  300.00 -6.19639  4.43022e+20  0.00000e+00  0.00000e+00  0.00000e+00  0.00000e+00  0.00000e+00
  300.00 -6.17234  4.46367e+20  0.00000e+00  0.00000e+00  0.00000e+00  0.00000e+00  0.00000e+00
  300.00 -6.14830  4.49328e+20  0.00000e+00  0.00000e+00  0.00000e+00  0.00000e+00  0.00000e+00
  300.00 -6.12425  4.51943e+20  0.00000e+00  0.00000e+00  0.00000e+00  0.00000e+00  0.00000e+00
  300.00 -6.10020  4.54390e+20  0.00000e+00  0.00000e+00  0.00000e+00  0.00000e+00  0.00000e+00
  300.00 -6.07615  4.56755e+20  0.00000e+00  0.00000e+00  0.00000e+00  0.00000e+00  0.00000e+00
  300.00 -6.05210  4.58959e+20  0.00000e+00  0.00000e+00  0.00000e+00  0.00000e+00  0.00000e+00
  300.00 -6.02806  4.60885e+20  0.00000e+00  0.00000e+00  0.00000e+00  0.00000e+00  0.00000e+00
  300.00 -6.00401  4.62513e+20  0.00000e+00  0.00000e+00  0.00000e+00  0.00000e+00  0.00000e+00
  300.00 -5.97996  4.63944e+20  0.00000e+00  0.00000e+00  0.00000e+00  0.00000e+00  0.00000e+00
  300.00 -5.95591  4.65301e+20  0.00000e+00  0.00000e+00  0.00000e+00  0.00000e+00  0.00000e+00
  300.00 -5.93186  4.66604e+20  0.00000e+00  0.00000e+00  0.00000e+00  0.00000e+00  0.00000e+00
  300.00 -5.90782  4.67720e+20  0.00000e+00  0.00000e+00  0.00000e+00  0.00000e+00  0.00000e+00
  300.00 -5.88377  4.68422e+20  0.00000e+00  0.00000e+00  0.00000e+00  0.00000e+00  0.00000e+00
  300.00 -5.85972  4.68500e+20  0.00000e+00  0.00000e+00  0.00000e+00  0.00000e+00  0.00000e+00
  300.00 -5.83567  4.67881e+20  0.00000e+00  0.00000e+00  0.00000e+00  0.00000e+00  0.00000e+00
  300.00 -5.81162  4.66675e+20  0.00000e+00  0.00000e+00  0.00000e+00  0.00000e+00  0.00000e+00
  300.00 -5.78758  4.65122e+20  0.00000e+00  0.00000e+00  0.00000e+00  0.00000e+00  0.00000e+00
  300.00 -5.76353  4.63447e+20  0.00000e+00  0.00000e+00  0.00000e+00  0.00000e+00  0.00000e+00
  300.00 -5.73948  4.61692e+20  0.00000e+00  0.00000e+00  0.00000e+00  0.00000e+00  0.00000e+00
  300.00 -5.71543  4.59662e+20  0.00000e+00  0.00000e+00  0.00000e+00  0.00000e+00  0.00000e+00
  300.00 -5.69138  4.57114e+20  0.00000e+00  0.00000e+00  0.00000e+00  0.00000e+00  0.00000e+00
  300.00 -5.66733  4.53991e+20  0.00000e+00  0.00000e+00  0.00000e+00  0.00000e+00  0.00000e+00
  300.00 -5.64329  4.50350e+20  0.00000e+00  0.00000e+00  0.00000e+00  0.00000e+00  0.00000e+00
  300.00 -5.61924  4.46366e+20  0.00000e+00  0.00000e+00  0.00000e+00  0.00000e+00  0.00000e+00
  300.00 -5.59519  4.41522e+20  0.00000e+00  0.00000e+00  0.00000e+00  0.00000e+00  0.00000e+00
  300.00 -5.57114  4.35942e+20  0.00000e+00  0.00000e+00  0.00000e+00  0.00000e+00  0.00000e+00
  300.00 -5.54709  4.30321e+20  0.00000e+00  0.00000e+00  0.00000e+00  0.00000e+00  0.00000e+00
  300.00 -5.52305  4.24828e+20  0.00000e+00  0.00000e+00  0.00000e+00  0.00000e+00  0.00000e+00
  300.00 -5.49900  4.19603e+20  0.00000e+00  0.00000e+00  0.00000e+00  0.00000e+00  0.00000e+00
  300.00 -5.47495  4.14637e+20  0.00000e+00  0.00000e+00  0.00000e+00  0.00000e+00  0.00000e+00
  300.00 -5.45090  4.09940e+20  0.00000e+00  0.00000e+00  0.00000e+00  0.00000e+00  0.00000e+00
  300.00 -5.42685  4.05474e+20  0.00000e+00  0.00000e+00  0.00000e+00  0.00000e+00  0.00000e+00
  300.00 -5.40281  4.01106e+20  0.00000e+00  0.00000e+00  0.00000e+00  0.00000e+00  0.00000e+00
  300.00 -5.37876  3.96723e+20  0.00000e+00  0.00000e+00  0.00000e+00  0.00000e+00  0.00000e+00
  300.00 -5.35471  3.92388e+20  0.00000e+00  0.00000e+00  0.00000e+00  0.00000e+00  0.00000e+00
  300.00 -5.33066  3.88408e+20  0.00000e+00  0.00000e+00  0.00000e+00  0.00000e+00  0.00000e+00
  300.00 -5.30661  3.85278e+20  0.00000e+00  0.00000e+00  0.00000e+00  0.00000e+00  0.00000e+00
  300.00 -5.28257  3.83531e+20  0.00000e+00  0.00000e+00  0.00000e+00  0.00000e+00  0.00000e+00
  300.00 -5.25852  3.83548e+20  0.00000e+00  0.00000e+00  0.00000e+00  0.00000e+00  0.00000e+00
  300.00 -5.23447  3.85448e+20  0.00000e+00  0.00000e+00  0.00000e+00  0.00000e+00  0.00000e+00
  300.00 -5.21042  3.89119e+20  0.00000e+00  0.00000e+00  0.00000e+00  0.00000e+00  0.00000e+00
  300.00 -5.18637  3.94274e+20  0.00000e+00  0.00000e+00  0.00000e+00  0.00000e+00  0.00000e+00
  300.00 -5.16232  4.00315e+20  0.00000e+00  0.00000e+00  0.00000e+00  0.00000e+00  0.00000e+00
  300.00 -5.13828  4.06155e+20  0.00000e+00  0.00000e+00  0.00000e+00  0.00000e+00  0.00000e+00
  300.00 -5.11423  4.10539e+20  0.00000e+00  0.00000e+00  0.00000e+00  0.00000e+00  0.00000e+00
  300.00 -5.09018  4.12924e+20  0.00000e+00  0.00000e+00  0.00000e+00  0.00000e+00  0.00000e+00
  300.00 -5.06613  4.14006e+20  0.00000e+00  0.00000e+00  0.00000e+00  0.00000e+00  0.00000e+00
  300.00 -5.04208  4.15081e+20  0.00000e+00  0.00000e+00  0.00000e+00  0.00000e+00  0.00000e+00
  300.00 -5.01804  4.16795e+20  0.00000e+00  0.00000e+00  0.00000e+00  0.00000e+00  0.00000e+00
  300.00 -4.99399  4.18563e+20  0.00000e+00  0.00000e+00  0.00000e+00  0.00000e+00  0.00000e+00
  300.00 -4.96994  4.19340e+20  0.00000e+00  0.00000e+00  0.00000e+00  0.00000e+00  0.00000e+00
  300.00 -4.94589  4.18927e+20  0.00000e+00  0.00000e+00  0.00000e+00  0.00000e+00  0.00000e+00
  300.00 -4.92184  4.18213e+20  0.00000e+00  0.00000e+00  0.00000e+00  0.00000e+00  0.00000e+00
  300.00 -4.89780  4.18147e+20  0.00000e+00  0.00000e+00  0.00000e+00  0.00000e+00  0.00000e+00
  300.00 -4.87375  4.19069e+20  0.00000e+00  0.00000e+00  0.00000e+00  0.00000e+00  0.00000e+00
  300.00 -4.84970  4.21062e+20  0.00000e+00  0.00000e+00  0.00000e+00  0.00000e+00  0.00000e+00
  300.00 -4.82565  4.24245e+20  0.00000e+00  0.00000e+00  0.00000e+00  0.00000e+00  0.00000e+00
  300.00 -4.80160  4.28558e+20  0.00000e+00  0.00000e+00  0.00000e+00  0.00000e+00  0.00000e+00
  300.00 -4.77756  4.33657e+20  0.00000e+00  0.00000e+00  0.00000e+00  0.00000e+00  0.00000e+00
  300.00 -4.75351  4.39187e+20  0.00000e+00  0.00000e+00  0.00000e+00  0.00000e+00  0.00000e+00
  300.00 -4.72946  4.45057e+20  0.00000e+00  0.00000e+00  0.00000e+00  0.00000e+00  0.00000e+00
  300.00 -4.70541  4.51432e+20  0.00000e+00  0.00000e+00  0.00000e+00  0.00000e+00  0.00000e+00
  300.00 -4.68136  4.58355e+20  0.00000e+00  0.00000e+00  0.00000e+00  0.00000e+00  0.00000e+00
  300.00 -4.65731  4.65606e+20  0.00000e+00  0.00000e+00  0.00000e+00  0.00000e+00  0.00000e+00
  300.00 -4.63327  4.72942e+20  0.00000e+00  0.00000e+00  0.00000e+00  0.00000e+00  0.00000e+00
  300.00 -4.60922  4.80364e+20  0.00000e+00  0.00000e+00  0.00000e+00  0.00000e+00  0.00000e+00
  300.00 -4.58517  4.88065e+20  0.00000e+00  0.00000e+00  0.00000e+00  0.00000e+00  0.00000e+00
  300.00 -4.56112  4.96186e+20  0.00000e+00  0.00000e+00  0.00000e+00  0.00000e+00  0.00000e+00
  300.00 -4.53707  5.04798e+20  0.00000e+00  0.00000e+00  0.00000e+00  0.00000e+00  0.00000e+00
  300.00 -4.51303  5.13934e+20  0.00000e+00  0.00000e+00  0.00000e+00  0.00000e+00  0.00000e+00
  300.00 -4.48898  5.23221e+20  0.00000e+00  0.00000e+00  0.00000e+00  0.00000e+00  0.00000e+00
  300.00 -4.46493  5.33090e+20  0.00000e+00  0.00000e+00  0.00000e+00  0.00000e+00  0.00000e+00
  300.00 -4.44088  5.43078e+20  0.00000e+00  0.00000e+00  0.00000e+00  0.00000e+00  0.00000e+00
  300.00 -4.41683  5.52790e+20  0.00000e+00  0.00000e+00  0.00000e+00  0.00000e+00  0.00000e+00
  300.00 -4.39279  5.61930e+20  0.00000e+00  0.00000e+00  0.00000e+00  0.00000e+00  0.00000e+00
  300.00 -4.36874  5.70488e+20  0.00000e+00  0.00000e+00  0.00000e+00  0.00000e+00  0.00000e+00
  300.00 -4.34469  5.78725e+20  0.00000e+00  0.00000e+00  0.00000e+00  0.00000e+00  0.00000e+00
  300.00 -4.32064  5.86915e+20  0.00000e+00  0.00000e+00  0.00000e+00  0.00000e+00  0.00000e+00
  300.00 -4.29659  5.95081e+20  0.00000e+00  0.00000e+00  0.00000e+00  0.00000e+00  0.00000e+00
  300.00 -4.27255  6.03001e+20  0.00000e+00  0.00000e+00  0.00000e+00  0.00000e+00  0.00000e+00
  300.00 -4.24850  6.10504e+20  0.00000e+00  0.00000e+00  0.00000e+00  0.00000e+00  0.00000e+00
  300.00 -4.22445  6.17747e+20  0.00000e+00  0.00000e+00  0.00000e+00  0.00000e+00  0.00000e+00
  300.00 -4.20040  6.24762e+20  0.00000e+00  0.00000e+00  0.00000e+00  0.00000e+00  0.00000e+00
  300.00 -4.17635  6.31804e+20  0.00000e+00  0.00000e+00  0.00000e+00  0.00000e+00  0.00000e+00
  300.00 -4.15230  6.38674e+20  0.00000e+00  0.00000e+00  0.00000e+00  0.00000e+00  0.00000e+00
  300.00 -4.12826  6.45344e+20  0.00000e+00  0.00000e+00  0.00000e+00  0.00000e+00  0.00000e+00
  300.00 -4.10421  6.52094e+20  0.00000e+00  0.00000e+00  0.00000e+00  0.00000e+00  0.00000e+00
  300.00 -4.08016  6.59341e+20  0.00000e+00  0.00000e+00  0.00000e+00  0.00000e+00  0.00000e+00
  300.00 -4.05611  6.67263e+20  0.00000e+00  0.00000e+00  0.00000e+00  0.00000e+00  0.00000e+00
  300.00 -4.03206  6.75611e+20  0.00000e+00  0.00000e+00  0.00000e+00  0.00000e+00  0.00000e+00
  300.00 -4.00802  6.83917e+20  0.00000e+00  0.00000e+00  0.00000e+00  0.00000e+00  0.00000e+00
  300.00 -3.98397  6.91886e+20  0.00000e+00  0.00000e+00  0.00000e+00  0.00000e+00  0.00000e+00
  300.00 -3.95992  6.99474e+20  0.00000e+00  0.00000e+00  0.00000e+00  0.00000e+00  0.00000e+00
  300.00 -3.93587  7.06534e+20  0.00000e+00  0.00000e+00  0.00000e+00  0.00000e+00  0.00000e+00
  300.00 -3.91182  7.12795e+20  0.00000e+00  0.00000e+00  0.00000e+00  0.00000e+00  0.00000e+00
  300.00 -3.88778  7.18539e+20  0.00000e+00  0.00000e+00  0.00000e+00  0.00000e+00  0.00000e+00
  300.00 -3.86373  7.25096e+20  0.00000e+00  0.00000e+00  0.00000e+00  0.00000e+00  0.00000e+00
  300.00 -3.83968  7.33014e+20  0.00000e+00  0.00000e+00  0.00000e+00  0.00000e+00  0.00000e+00
  300.00 -3.81563  7.42328e+20  0.00000e+00  0.00000e+00  0.00000e+00  0.00000e+00  0.00000e+00
  300.00 -3.79158  7.52839e+20  0.00000e+00  0.00000e+00  0.00000e+00  0.00000e+00  0.00000e+00
  300.00 -3.76754  7.63053e+20  0.00000e+00  0.00000e+00  0.00000e+00  0.00000e+00  0.00000e+00
  300.00 -3.74349  7.73126e+20  0.00000e+00  0.00000e+00  0.00000e+00  0.00000e+00  0.00000e+00
  300.00 -3.71944  7.83085e+20  0.00000e+00  0.00000e+00  0.00000e+00  0.00000e+00  0.00000e+00
  300.00 -3.69539  7.92010e+20  0.00000e+00  0.00000e+00  0.00000e+00  0.00000e+00  0.00000e+00
  300.00 -3.67134  7.99586e+20  0.00000e+00  0.00000e+00  0.00000e+00  0.00000e+00  0.00000e+00
  300.00 -3.64729  8.06234e+20  0.00000e+00  0.00000e+00  0.00000e+00  0.00000e+00  0.00000e+00
  300.00 -3.62325  8.12350e+20  0.00000e+00  0.00000e+00  0.00000e+00  0.00000e+00  0.00000e+00
  300.00 -3.59920  8.18108e+20  0.00000e+00  0.00000e+00  0.00000e+00  0.00000e+00  0.00000e+00
  300.00 -3.57515  8.23725e+20  0.00000e+00  0.00000e+00  0.00000e+00  0.00000e+00  0.00000e+00
  300.00 -3.55110  8.28981e+20  0.00000e+00  0.00000e+00  0.00000e+00  0.00000e+00  0.00000e+00
  300.00 -3.52705  8.32547e+20  0.00000e+00  0.00000e+00  0.00000e+00  0.00000e+00  0.00000e+00
  300.00 -3.50301  8.33314e+20  0.00000e+00  0.00000e+00  0.00000e+00  0.00000e+00  0.00000e+00
  300.00 -3.47896  8.32342e+20  0.00000e+00  0.00000e+00  0.00000e+00  0.00000e+00  0.00000e+00
  300.00 -3.45491  8.32338e+20  0.00000e+00  0.00000e+00  0.00000e+00  0.00000e+00  0.00000e+00
  300.00 -3.43086  8.34008e+20  0.00000e+00  0.00000e+00  0.00000e+00  0.00000e+00  0.00000e+00
  300.00 -3.40681  8.33771e+20  0.00000e+00  0.00000e+00  0.00000e+00  0.00000e+00  0.00000e+00
  300.00 -3.38277  8.30775e+20  0.00000e+00  0.00000e+00  0.00000e+00  0.00000e+00  0.00000e+00
  300.00 -3.35872  8.27127e+20  0.00000e+00  0.00000e+00  0.00000e+00  0.00000e+00  0.00000e+00
  300.00 -3.33467  8.23972e+20  0.00000e+00  0.00000e+00  0.00000e+00  0.00000e+00  0.00000e+00
  300.00 -3.31062  8.23450e+20  0.00000e+00  0.00000e+00  0.00000e+00  0.00000e+00  0.00000e+00
  300.00 -3.28657  8.24952e+20  0.00000e+00  0.00000e+00  0.00000e+00  0.00000e+00  0.00000e+00
  300.00 -3.26253  8.26370e+20  0.00000e+00  0.00000e+00  0.00000e+00  0.00000e+00  0.00000e+00
  300.00 -3.23848  8.27422e+20  0.00000e+00  0.00000e+00  0.00000e+00  0.00000e+00  0.00000e+00
  300.00 -3.21443  8.28825e+20  0.00000e+00  0.00000e+00  0.00000e+00  0.00000e+00  0.00000e+00
  300.00 -3.19038  8.31247e+20  0.00000e+00  0.00000e+00  0.00000e+00  0.00000e+00  0.00000e+00
  300.00 -3.16633  8.34856e+20  0.00000e+00  0.00000e+00  0.00000e+00  0.00000e+00  0.00000e+00
  300.00 -3.14228  8.39380e+20  0.00000e+00  0.00000e+00  0.00000e+00  0.00000e+00  0.00000e+00
  300.00 -3.11824  8.44419e+20  0.00000e+00  0.00000e+00  0.00000e+00  0.00000e+00  0.00000e+00
  300.00 -3.09419  8.49602e+20  0.00000e+00  0.00000e+00  0.00000e+00  0.00000e+00  0.00000e+00
  300.00 -3.07014  8.54631e+20  0.00000e+00  0.00000e+00  0.00000e+00  0.00000e+00  0.00000e+00
  300.00 -3.04609  8.59312e+20  0.00000e+00  0.00000e+00  0.00000e+00  0.00000e+00  0.00000e+00
  300.00 -3.02204  8.63568e+20  0.00000e+00  0.00000e+00  0.00000e+00  0.00000e+00  0.00000e+00
  300.00 -2.99800  8.67470e+20  0.00000e+00  0.00000e+00  0.00000e+00  0.00000e+00  0.00000e+00
  300.00 -2.97395  8.71009e+20  0.00000e+00  0.00000e+00  0.00000e+00  0.00000e+00  0.00000e+00
  300.00 -2.94990  8.74447e+20  0.00000e+00  0.00000e+00  0.00000e+00  0.00000e+00  0.00000e+00
  300.00 -2.92585  8.77888e+20  0.00000e+00  0.00000e+00  0.00000e+00  0.00000e+00  0.00000e+00
  300.00 -2.90180  8.81433e+20  0.00000e+00  0.00000e+00  0.00000e+00  0.00000e+00  0.00000e+00
  300.00 -2.87776  8.85113e+20  0.00000e+00  0.00000e+00  0.00000e+00  0.00000e+00  0.00000e+00
  300.00 -2.85371  8.88878e+20  0.00000e+00  0.00000e+00  0.00000e+00  0.00000e+00  0.00000e+00
  300.00 -2.82966  8.92602e+20  0.00000e+00  0.00000e+00  0.00000e+00  0.00000e+00  0.00000e+00
  300.00 -2.80561  8.96117e+20  0.00000e+00  0.00000e+00  0.00000e+00  0.00000e+00  0.00000e+00
  300.00 -2.78156  8.99253e+20  0.00000e+00  0.00000e+00  0.00000e+00  0.00000e+00  0.00000e+00
  300.00 -2.75752  9.01880e+20  0.00000e+00  0.00000e+00  0.00000e+00  0.00000e+00  0.00000e+00
  300.00 -2.73347  9.03942e+20  0.00000e+00  0.00000e+00  0.00000e+00  0.00000e+00  0.00000e+00
  300.00 -2.70942  9.05462e+20  0.00000e+00  0.00000e+00  0.00000e+00  0.00000e+00  0.00000e+00
  300.00 -2.68537  9.06518e+20  0.00000e+00  0.00000e+00  0.00000e+00  0.00000e+00  0.00000e+00
  300.00 -2.66132  9.07226e+20  0.00000e+00  0.00000e+00  0.00000e+00  0.00000e+00  0.00000e+00
  300.00 -2.63727  9.07768e+20  0.00000e+00  0.00000e+00  0.00000e+00  0.00000e+00  0.00000e+00
  300.00 -2.61323  9.08538e+20  0.00000e+00  0.00000e+00  0.00000e+00  0.00000e+00  0.00000e+00
  300.00 -2.58918  9.09245e+20  0.00000e+00  0.00000e+00  0.00000e+00  0.00000e+00  0.00000e+00
  300.00 -2.56513  9.10227e+20  0.00000e+00  0.00000e+00  0.00000e+00  0.00000e+00  0.00000e+00
  300.00 -2.54108  9.11184e+20  0.00000e+00  0.00000e+00  0.00000e+00  0.00000e+00  0.00000e+00
  300.00 -2.51703  9.12106e+20  0.00000e+00  0.00000e+00  0.00000e+00  0.00000e+00  0.00000e+00
  300.00 -2.49299  9.13092e+20  0.00000e+00  0.00000e+00  0.00000e+00  0.00000e+00  0.00000e+00
  300.00 -2.46894  9.14249e+20  0.00000e+00  0.00000e+00  0.00000e+00  0.00000e+00  0.00000e+00
  300.00 -2.44489  9.15735e+20  0.00000e+00  0.00000e+00  0.00000e+00  0.00000e+00  0.00000e+00
  300.00 -2.42084  9.17769e+20  0.00000e+00  0.00000e+00  0.00000e+00  0.00000e+00  0.00000e+00
  300.00 -2.39679  9.20513e+20  0.00000e+00  0.00000e+00  0.00000e+00  0.00000e+00  0.00000e+00
  300.00 -2.37275  9.23956e+20  0.00000e+00  0.00000e+00  0.00000e+00  0.00000e+00  0.00000e+00
  300.00 -2.34870  9.27793e+20  0.00000e+00  0.00000e+00  0.00000e+00  0.00000e+00  0.00000e+00
  300.00 -2.32465  9.31446e+20  0.00000e+00  0.00000e+00  0.00000e+00  0.00000e+00  0.00000e+00
  300.00 -2.30060  9.34574e+20  0.00000e+00  0.00000e+00  0.00000e+00  0.00000e+00  0.00000e+00
  300.00 -2.27655  9.37485e+20  0.00000e+00  0.00000e+00  0.00000e+00  0.00000e+00  0.00000e+00
  300.00 -2.25251  9.40644e+20  0.00000e+00  0.00000e+00  0.00000e+00  0.00000e+00  0.00000e+00
  300.00 -2.22846  9.44082e+20  0.00000e+00  0.00000e+00  0.00000e+00  0.00000e+00  0.00000e+00
  300.00 -2.20441  9.47592e+20  0.00000e+00  0.00000e+00  0.00000e+00  0.00000e+00  0.00000e+00
  300.00 -2.18036  9.51091e+20  0.00000e+00  0.00000e+00  0.00000e+00  0.00000e+00  0.00000e+00
  300.00 -2.15631  9.54514e+20  0.00000e+00  0.00000e+00  0.00000e+00  0.00000e+00  0.00000e+00
  300.00 -2.13226  9.57574e+20  0.00000e+00  0.00000e+00  0.00000e+00  0.00000e+00  0.00000e+00
  300.00 -2.10822  9.59777e+20  0.00000e+00  0.00000e+00  0.00000e+00  0.00000e+00  0.00000e+00
  300.00 -2.08417  9.60737e+20  0.00000e+00  0.00000e+00  0.00000e+00  0.00000e+00  0.00000e+00
  300.00 -2.06012  9.60630e+20  0.00000e+00  0.00000e+00  0.00000e+00  0.00000e+00  0.00000e+00
  300.00 -2.03607  9.60395e+20  0.00000e+00  0.00000e+00  0.00000e+00  0.00000e+00  0.00000e+00
  300.00 -2.01202  9.61162e+20  0.00000e+00  0.00000e+00  0.00000e+00  0.00000e+00  0.00000e+00
  300.00 -1.98798  9.63540e+20  0.00000e+00  0.00000e+00  0.00000e+00  0.00000e+00  0.00000e+00
  300.00 -1.96393  9.66354e+20  0.00000e+00  0.00000e+00  0.00000e+00  0.00000e+00  0.00000e+00
  300.00 -1.93988  9.66869e+20  0.00000e+00  0.00000e+00  0.00000e+00  0.00000e+00  0.00000e+00
  300.00 -1.91583  9.64076e+20  0.00000e+00  0.00000e+00  0.00000e+00  0.00000e+00  0.00000e+00
  300.00 -1.89178  9.58603e+20  0.00000e+00  0.00000e+00  0.00000e+00  0.00000e+00  0.00000e+00
  300.00 -1.86774  9.51893e+20  0.00000e+00  0.00000e+00  0.00000e+00  0.00000e+00  0.00000e+00
  300.00 -1.84369  9.45683e+20  0.00000e+00  0.00000e+00  0.00000e+00  0.00000e+00  0.00000e+00
  300.00 -1.81964  9.40416e+20  0.00000e+00  0.00000e+00  0.00000e+00  0.00000e+00  0.00000e+00
  300.00 -1.79559  9.35913e+20  0.00000e+00  0.00000e+00  0.00000e+00  0.00000e+00  0.00000e+00
  300.00 -1.77154  9.32249e+20  0.00000e+00  0.00000e+00  0.00000e+00  0.00000e+00  0.00000e+00
  300.00 -1.74749  9.29537e+20  0.00000e+00  0.00000e+00  0.00000e+00  0.00000e+00  0.00000e+00
  300.00 -1.72345  9.27583e+20  0.00000e+00  0.00000e+00  0.00000e+00  0.00000e+00  0.00000e+00
  300.00 -1.69940  9.26320e+20  0.00000e+00  0.00000e+00  0.00000e+00  0.00000e+00  0.00000e+00
  300.00 -1.67535  9.26364e+20  0.00000e+00  0.00000e+00  0.00000e+00  0.00000e+00  0.00000e+00
  300.00 -1.65130  9.27929e+20  0.00000e+00  0.00000e+00  0.00000e+00  0.00000e+00  0.00000e+00
  300.00 -1.62725  9.30389e+20  0.00000e+00  0.00000e+00  0.00000e+00  0.00000e+00  0.00000e+00
  300.00 -1.60321  9.32624e+20  0.00000e+00  0.00000e+00  0.00000e+00  0.00000e+00  0.00000e+00
  300.00 -1.57916  9.34109e+20  0.00000e+00  0.00000e+00  0.00000e+00  0.00000e+00  0.00000e+00
  300.00 -1.55511  9.34806e+20  0.00000e+00  0.00000e+00  0.00000e+00  0.00000e+00  0.00000e+00
  300.00 -1.53106  9.34548e+20  0.00000e+00  0.00000e+00  0.00000e+00  0.00000e+00  0.00000e+00
  300.00 -1.50701  9.33496e+20  0.00000e+00  0.00000e+00  0.00000e+00  0.00000e+00  0.00000e+00
  300.00 -1.48297  9.31886e+20  0.00000e+00  0.00000e+00  0.00000e+00  0.00000e+00  0.00000e+00
  300.00 -1.45892  9.29762e+20  0.00000e+00  0.00000e+00  0.00000e+00  0.00000e+00  0.00000e+00
  300.00 -1.43487  9.27056e+20  0.00000e+00  0.00000e+00  0.00000e+00  0.00000e+00  0.00000e+00
  300.00 -1.41082  9.23779e+20  0.00000e+00  0.00000e+00  0.00000e+00  0.00000e+00  0.00000e+00
  300.00 -1.38677  9.20070e+20  0.00000e+00  0.00000e+00  0.00000e+00  0.00000e+00  0.00000e+00
  300.00 -1.36273  9.16172e+20  0.00000e+00  0.00000e+00  0.00000e+00  0.00000e+00  0.00000e+00
  300.00 -1.33868  9.12407e+20  0.00000e+00  0.00000e+00  0.00000e+00  0.00000e+00  0.00000e+00
  300.00 -1.31463  9.09128e+20  0.00000e+00  0.00000e+00  0.00000e+00  0.00000e+00  0.00000e+00
  300.00 -1.29058  9.06623e+20  0.00000e+00  0.00000e+00  0.00000e+00  0.00000e+00  0.00000e+00
  300.00 -1.26653  9.05051e+20  0.00000e+00  0.00000e+00  0.00000e+00  0.00000e+00  0.00000e+00
  300.00 -1.24248  9.04429e+20  0.00000e+00  0.00000e+00  0.00000e+00  0.00000e+00  0.00000e+00
  300.00 -1.21844  9.04660e+20  0.00000e+00  0.00000e+00  0.00000e+00  0.00000e+00  0.00000e+00
  300.00 -1.19439  9.05575e+20  0.00000e+00  0.00000e+00  0.00000e+00  0.00000e+00  0.00000e+00
  300.00 -1.17034  9.06981e+20  0.00000e+00  0.00000e+00  0.00000e+00  0.00000e+00  0.00000e+00
  300.00 -1.14629  9.08700e+20  0.00000e+00  0.00000e+00  0.00000e+00  0.00000e+00  0.00000e+00
  300.00 -1.12224  9.10598e+20  0.00000e+00  0.00000e+00  0.00000e+00  0.00000e+00  0.00000e+00
  300.00 -1.09820  9.12594e+20  0.00000e+00  0.00000e+00  0.00000e+00  0.00000e+00  0.00000e+00
  300.00 -1.07415  9.14648e+20  0.00000e+00  0.00000e+00  0.00000e+00  0.00000e+00  0.00000e+00
  300.00 -1.05010  9.16742e+20  0.00000e+00  0.00000e+00  0.00000e+00  0.00000e+00  0.00000e+00
  300.00 -1.02605  9.18864e+20  0.00000e+00  0.00000e+00  0.00000e+00  0.00000e+00  0.00000e+00
  300.00 -1.00200  9.20980e+20  0.00000e+00  0.00000e+00  0.00000e+00  0.00000e+00  0.00000e+00
  300.00 -0.97796  9.23027e+20  0.00000e+00  0.00000e+00  0.00000e+00  0.00000e+00  0.00000e+00
  300.00 -0.95391  9.24902e+20  0.00000e+00  0.00000e+00  0.00000e+00  0.00000e+00  0.00000e+00
  300.00 -0.92986  9.26462e+20  0.00000e+00  0.00000e+00  0.00000e+00  0.00000e+00  0.00000e+00
  300.00 -0.90581  9.27544e+20  0.00000e+00  0.00000e+00  0.00000e+00  0.00000e+00  0.00000e+00
  300.00 -0.88176  9.27980e+20  0.00000e+00  0.00000e+00  0.00000e+00  0.00000e+00  0.00000e+00
  300.00 -0.85772  9.27633e+20  0.00000e+00  0.00000e+00  0.00000e+00  0.00000e+00  0.00000e+00
  300.00 -0.83367  9.26430e+20  0.00000e+00  0.00000e+00  0.00000e+00  0.00000e+00  0.00000e+00
  300.00 -0.80962  9.24397e+20  0.00000e+00  0.00000e+00  0.00000e+00  0.00000e+00  0.00000e+00
  300.00 -0.78557  9.21682e+20  0.00000e+00  0.00000e+00  0.00000e+00  0.00000e+00  0.00000e+00
  300.00 -0.76152  9.18563e+20  0.00000e+00  0.00000e+00  0.00000e+00  0.00000e+00  0.00000e+00
  300.00 -0.73747  9.15431e+20  0.00000e+00  0.00000e+00  0.00000e+00  0.00000e+00  0.00000e+00
  300.00 -0.71343  9.12752e+20  0.00000e+00  0.00000e+00  0.00000e+00  0.00000e+00  0.00000e+00
  300.00 -0.68938  9.11007e+20  0.00000e+00  0.00000e+00  0.00000e+00  0.00000e+00  0.00000e+00
  300.00 -0.66533  9.10615e+20  0.00000e+00  0.00000e+00  0.00000e+00  0.00000e+00  0.00000e+00
  300.00 -0.64128  9.11841e+20  0.00000e+00  0.00000e+00  0.00000e+00  0.00000e+00  0.00000e+00
  300.00 -0.61723  9.14722e+20  0.00000e+00  0.00000e+00  0.00000e+00  0.00000e+00  0.00000e+00
  300.00 -0.59319  9.19002e+20  0.00000e+00  0.00000e+00  0.00000e+00  0.00000e+00  0.00000e+00
  300.00 -0.56914  9.24127e+20  0.00000e+00  0.00000e+00  0.00000e+00  0.00000e+00  0.00000e+00
  300.00 -0.54509  9.29297e+20  0.00000e+00  0.00000e+00  0.00000e+00  0.00000e+00  0.00000e+00
  300.00 -0.52104  9.33609e+20  0.00000e+00  0.00000e+00  0.00000e+00  0.00000e+00  0.00000e+00
  300.00 -0.49699  9.36258e+20  0.00000e+00  0.00000e+00  0.00000e+00  0.00000e+00  0.00000e+00
  300.00 -0.47295  9.36755e+20  0.00000e+00  0.00000e+00  0.00000e+00  0.00000e+00  0.00000e+00
  300.00 -0.44890  9.35095e+20  0.00000e+00  0.00000e+00  0.00000e+00  0.00000e+00  0.00000e+00
  300.00 -0.42485  9.31789e+20  0.00000e+00  0.00000e+00  0.00000e+00  0.00000e+00  0.00000e+00
  300.00 -0.40080  9.27720e+20  0.00000e+00  0.00000e+00  0.00000e+00  0.00000e+00  0.00000e+00
  300.00 -0.37675  9.23854e+20  0.00000e+00  0.00000e+00  0.00000e+00  0.00000e+00  0.00000e+00
  300.00 -0.35271  9.20883e+20  0.00000e+00  0.00000e+00  0.00000e+00  0.00000e+00  0.00000e+00
  300.00 -0.32866  9.18970e+20  0.00000e+00  0.00000e+00  0.00000e+00  0.00000e+00  0.00000e+00
  300.00 -0.30461  9.17702e+20  0.00000e+00  0.00000e+00  0.00000e+00  0.00000e+00  0.00000e+00
  300.00 -0.28056  9.16209e+20  0.00000e+00  0.00000e+00  0.00000e+00  0.00000e+00  0.00000e+00
  300.00 -0.25651  9.13776e+20  0.00000e+00  0.00000e+00  0.00000e+00  0.00000e+00  0.00000e+00
  300.00 -0.23246  9.11296e+20  0.00000e+00  0.00000e+00  0.00000e+00  0.00000e+00  0.00000e+00
  300.00 -0.20842  9.08317e+20  0.00000e+00  0.00000e+00  0.00000e+00  0.00000e+00  0.00000e+00
  300.00 -0.18437  9.02880e+20  0.00000e+00  0.00000e+00  0.00000e+00  0.00000e+00  0.00000e+00
  300.00 -0.16032  8.96612e+20  0.00000e+00  0.00000e+00  0.00000e+00  0.00000e+00  0.00000e+00
  300.00 -0.13627  8.89042e+20  0.00000e+00  0.00000e+00  0.00000e+00  0.00000e+00  0.00000e+00
  300.00 -0.11222  8.78720e+20  0.00000e+00  0.00000e+00  0.00000e+00  0.00000e+00  0.00000e+00
  300.00 -0.08818  8.66088e+20  0.00000e+00  0.00000e+00  0.00000e+00  0.00000e+00  0.00000e+00
  300.00 -0.06413  8.52631e+20  0.00000e+00  0.00000e+00  0.00000e+00  0.00000e+00  0.00000e+00
  300.00 -0.04008  8.38419e+20  0.00000e+00  0.00000e+00  0.00000e+00  0.00000e+00  0.00000e+00
  300.00 -0.01603  8.21728e+20  0.00000e+00  0.00000e+00  0.00000e+00  0.00000e+00  0.00000e+00
  300.00  0.00802  8.01705e+20  0.00000e+00  0.00000e+00  0.00000e+00  0.00000e+00  0.00000e+00
  300.00  0.03206  7.81187e+20  0.00000e+00  0.00000e+00  0.00000e+00  0.00000e+00  0.00000e+00
  300.00  0.05611  7.60640e+20  0.00000e+00  0.00000e+00  0.00000e+00  0.00000e+00  0.00000e+00
  300.00  0.08016  7.41498e+20  0.00000e+00  0.00000e+00  0.00000e+00  0.00000e+00  0.00000e+00
  300.00  0.10421  7.24115e+20  0.00000e+00  0.00000e+00  0.00000e+00  0.00000e+00  0.00000e+00
  300.00  0.12826  7.08391e+20  0.00000e+00  0.00000e+00  0.00000e+00  0.00000e+00  0.00000e+00
  300.00  0.15230  6.94312e+20  0.00000e+00  0.00000e+00  0.00000e+00  0.00000e+00  0.00000e+00
  300.00  0.17635  6.81738e+20  0.00000e+00  0.00000e+00  0.00000e+00  0.00000e+00  0.00000e+00
  300.00  0.20040  6.70670e+20  0.00000e+00  0.00000e+00  0.00000e+00  0.00000e+00  0.00000e+00
  300.00  0.22445  6.61455e+20  0.00000e+00  0.00000e+00  0.00000e+00  0.00000e+00  0.00000e+00
  300.00  0.24850  6.54436e+20  0.00000e+00  0.00000e+00  0.00000e+00  0.00000e+00  0.00000e+00
  300.00  0.27255  6.49638e+20  0.00000e+00  0.00000e+00  0.00000e+00  0.00000e+00  0.00000e+00
  300.00  0.29659  6.45887e+20  0.00000e+00  0.00000e+00  0.00000e+00  0.00000e+00  0.00000e+00
  300.00  0.32064  6.43310e+20  0.00000e+00  0.00000e+00  0.00000e+00  0.00000e+00  0.00000e+00
  300.00  0.34469  6.41737e+20  0.00000e+00  0.00000e+00  0.00000e+00  0.00000e+00  0.00000e+00
  300.00  0.36874  6.40602e+20  0.00000e+00  0.00000e+00  0.00000e+00  0.00000e+00  0.00000e+00
  300.00  0.39279  6.39075e+20  0.00000e+00  0.00000e+00  0.00000e+00  0.00000e+00  0.00000e+00
  300.00  0.41683  6.36323e+20  0.00000e+00  0.00000e+00  0.00000e+00  0.00000e+00  0.00000e+00
  300.00  0.44088  6.32821e+20  0.00000e+00  0.00000e+00  0.00000e+00  0.00000e+00  0.00000e+00
  300.00  0.46493  6.30436e+20  0.00000e+00  0.00000e+00  0.00000e+00  0.00000e+00  0.00000e+00
  300.00  0.48898  6.30896e+20  0.00000e+00  0.00000e+00  0.00000e+00  0.00000e+00  0.00000e+00
  300.00  0.51303  6.34537e+20  0.00000e+00  0.00000e+00  0.00000e+00  0.00000e+00  0.00000e+00
  300.00  0.53707  6.40319e+20  0.00000e+00  0.00000e+00  0.00000e+00  0.00000e+00  0.00000e+00
  300.00  0.56112  6.46803e+20  0.00000e+00  0.00000e+00  0.00000e+00  0.00000e+00  0.00000e+00
  300.00  0.58517  6.52914e+20  0.00000e+00  0.00000e+00  0.00000e+00  0.00000e+00  0.00000e+00
  300.00  0.60922  6.58172e+20  0.00000e+00  0.00000e+00  0.00000e+00  0.00000e+00  0.00000e+00
  300.00  0.63327  6.62578e+20  0.00000e+00  0.00000e+00  0.00000e+00  0.00000e+00  0.00000e+00
  300.00  0.65731  6.66380e+20  0.00000e+00  0.00000e+00  0.00000e+00  0.00000e+00  0.00000e+00
  300.00  0.68136  6.69875e+20  0.00000e+00  0.00000e+00  0.00000e+00  0.00000e+00  0.00000e+00
  300.00  0.70541  6.73297e+20  0.00000e+00  0.00000e+00  0.00000e+00  0.00000e+00  0.00000e+00
  300.00  0.72946  6.76790e+20  0.00000e+00  0.00000e+00  0.00000e+00  0.00000e+00  0.00000e+00
  300.00  0.75351  6.80426e+20  0.00000e+00  0.00000e+00  0.00000e+00  0.00000e+00  0.00000e+00
  300.00  0.77756  6.84234e+20  0.00000e+00  0.00000e+00  0.00000e+00  0.00000e+00  0.00000e+00
  300.00  0.80160  6.88225e+20  0.00000e+00  0.00000e+00  0.00000e+00  0.00000e+00  0.00000e+00
  300.00  0.82565  6.92404e+20  0.00000e+00  0.00000e+00  0.00000e+00  0.00000e+00  0.00000e+00
  300.00  0.84970  6.96775e+20  0.00000e+00  0.00000e+00  0.00000e+00  0.00000e+00  0.00000e+00
  300.00  0.87375  7.01347e+20  0.00000e+00  0.00000e+00  0.00000e+00  0.00000e+00  0.00000e+00
  300.00  0.89780  7.06125e+20  0.00000e+00  0.00000e+00  0.00000e+00  0.00000e+00  0.00000e+00
  300.00  0.92184  7.11118e+20  0.00000e+00  0.00000e+00  0.00000e+00  0.00000e+00  0.00000e+00
  300.00  0.94589  7.16325e+20  0.00000e+00  0.00000e+00  0.00000e+00  0.00000e+00  0.00000e+00
  300.00  0.96994  7.21744e+20  0.00000e+00  0.00000e+00  0.00000e+00  0.00000e+00  0.00000e+00
  300.00  0.99399  7.27362e+20  0.00000e+00  0.00000e+00  0.00000e+00  0.00000e+00  0.00000e+00
  300.00  1.01804  7.33159e+20  0.00000e+00  0.00000e+00  0.00000e+00  0.00000e+00  0.00000e+00
  300.00  1.04208  7.39109e+20  0.00000e+00  0.00000e+00  0.00000e+00  0.00000e+00  0.00000e+00
  300.00  1.06613  7.45179e+20  0.00000e+00  0.00000e+00  0.00000e+00  0.00000e+00  0.00000e+00
  300.00  1.09018  7.51331e+20  0.00000e+00  0.00000e+00  0.00000e+00  0.00000e+00  0.00000e+00
  300.00  1.11423  7.57526e+20  0.00000e+00  0.00000e+00  0.00000e+00  0.00000e+00  0.00000e+00
  300.00  1.13828  7.63723e+20  0.00000e+00  0.00000e+00  0.00000e+00  0.00000e+00  0.00000e+00
  300.00  1.16232  7.69881e+20  0.00000e+00  0.00000e+00  0.00000e+00  0.00000e+00  0.00000e+00
  300.00  1.18637  7.75963e+20  0.00000e+00  0.00000e+00  0.00000e+00  0.00000e+00  0.00000e+00
  300.00  1.21042  7.81936e+20  0.00000e+00  0.00000e+00  0.00000e+00  0.00000e+00  0.00000e+00
  300.00  1.23447  7.87771e+20  0.00000e+00  0.00000e+00  0.00000e+00  0.00000e+00  0.00000e+00
  300.00  1.25852  7.93445e+20  0.00000e+00  0.00000e+00  0.00000e+00  0.00000e+00  0.00000e+00
  300.00  1.28257  7.98942e+20  0.00000e+00  0.00000e+00  0.00000e+00  0.00000e+00  0.00000e+00
  300.00  1.30661  8.04254e+20  0.00000e+00  0.00000e+00  0.00000e+00  0.00000e+00  0.00000e+00
  300.00  1.33066  8.09376e+20  0.00000e+00  0.00000e+00  0.00000e+00  0.00000e+00  0.00000e+00
  300.00  1.35471  8.14312e+20  0.00000e+00  0.00000e+00  0.00000e+00  0.00000e+00  0.00000e+00
  300.00  1.37876  8.19072e+20  0.00000e+00  0.00000e+00  0.00000e+00  0.00000e+00  0.00000e+00
  300.00  1.40281  8.23667e+20  0.00000e+00  0.00000e+00  0.00000e+00  0.00000e+00  0.00000e+00
  300.00  1.42685  8.28116e+20  0.00000e+00  0.00000e+00  0.00000e+00  0.00000e+00  0.00000e+00
  300.00  1.45090  8.32438e+20  0.00000e+00  0.00000e+00  0.00000e+00  0.00000e+00  0.00000e+00
  300.00  1.47495  8.36653e+20  0.00000e+00  0.00000e+00  0.00000e+00  0.00000e+00  0.00000e+00
  300.00  1.49900  8.40782e+20  0.00000e+00  0.00000e+00  0.00000e+00  0.00000e+00  0.00000e+00
  300.00  1.52305  8.44846e+20  0.00000e+00  0.00000e+00  0.00000e+00  0.00000e+00  0.00000e+00
  300.00  1.54709  8.48863e+20  0.00000e+00  0.00000e+00  0.00000e+00  0.00000e+00  0.00000e+00
  300.00  1.57114  8.52849e+20  0.00000e+00  0.00000e+00  0.00000e+00  0.00000e+00  0.00000e+00
  300.00  1.59519  8.56817e+20  0.00000e+00  0.00000e+00  0.00000e+00  0.00000e+00  0.00000e+00
  300.00  1.61924  8.60777e+20  0.00000e+00  0.00000e+00  0.00000e+00  0.00000e+00  0.00000e+00
  300.00  1.64329  8.64736e+20  0.00000e+00  0.00000e+00  0.00000e+00  0.00000e+00  0.00000e+00
  300.00  1.66733  8.68696e+20  0.00000e+00  0.00000e+00  0.00000e+00  0.00000e+00  0.00000e+00
  300.00  1.69138  8.72658e+20  0.00000e+00  0.00000e+00  0.00000e+00  0.00000e+00  0.00000e+00
  300.00  1.71543  8.76619e+20  0.00000e+00  0.00000e+00  0.00000e+00  0.00000e+00  0.00000e+00
  300.00  1.73948  8.80576e+20  0.00000e+00  0.00000e+00  0.00000e+00  0.00000e+00  0.00000e+00
  300.00  1.76353  8.84521e+20  0.00000e+00  0.00000e+00  0.00000e+00  0.00000e+00  0.00000e+00
  300.00  1.78758  8.88448e+20  0.00000e+00  0.00000e+00  0.00000e+00  0.00000e+00  0.00000e+00
  300.00  1.81162  8.92350e+20  0.00000e+00  0.00000e+00  0.00000e+00  0.00000e+00  0.00000e+00
  300.00  1.83567  8.96222e+20  0.00000e+00  0.00000e+00  0.00000e+00  0.00000e+00  0.00000e+00
  300.00  1.85972  9.00056e+20  0.00000e+00  0.00000e+00  0.00000e+00  0.00000e+00  0.00000e+00
  300.00  1.88377  9.03850e+20  0.00000e+00  0.00000e+00  0.00000e+00  0.00000e+00  0.00000e+00
  300.00  1.90782  9.07601e+20  0.00000e+00  0.00000e+00  0.00000e+00  0.00000e+00  0.00000e+00
  300.00  1.93186  9.11308e+20  0.00000e+00  0.00000e+00  0.00000e+00  0.00000e+00  0.00000e+00
  300.00  1.95591  9.14973e+20  0.00000e+00  0.00000e+00  0.00000e+00  0.00000e+00  0.00000e+00
  300.00  1.97996  9.18599e+20  0.00000e+00  0.00000e+00  0.00000e+00  0.00000e+00  0.00000e+00
  300.00  2.00401  9.22191e+20  0.00000e+00  0.00000e+00  0.00000e+00  0.00000e+00  0.00000e+00
  300.00  2.02806  9.25754e+20  0.00000e+00  0.00000e+00  0.00000e+00  0.00000e+00  0.00000e+00
  300.00  2.05210  9.29295e+20  0.00000e+00  0.00000e+00  0.00000e+00  0.00000e+00  0.00000e+00
  300.00  2.07615  9.32822e+20  0.00000e+00  0.00000e+00  0.00000e+00  0.00000e+00  0.00000e+00
  300.00  2.10020  9.36340e+20  0.00000e+00  0.00000e+00  0.00000e+00  0.00000e+00  0.00000e+00
  300.00  2.12425  9.39856e+20  0.00000e+00  0.00000e+00  0.00000e+00  0.00000e+00  0.00000e+00
  300.00  2.14830  9.43374e+20  0.00000e+00  0.00000e+00  0.00000e+00  0.00000e+00  0.00000e+00
  300.00  2.17234  9.46898e+20  0.00000e+00  0.00000e+00  0.00000e+00  0.00000e+00  0.00000e+00
  300.00  2.19639  9.50430e+20  0.00000e+00  0.00000e+00  0.00000e+00  0.00000e+00  0.00000e+00
  300.00  2.22044  9.53967e+20  0.00000e+00  0.00000e+00  0.00000e+00  0.00000e+00  0.00000e+00
  300.00  2.24449  9.57507e+20  0.00000e+00  0.00000e+00  0.00000e+00  0.00000e+00  0.00000e+00
  300.00  2.26854  9.61045e+20  0.00000e+00  0.00000e+00  0.00000e+00  0.00000e+00  0.00000e+00
  300.00  2.29259  9.64573e+20  0.00000e+00  0.00000e+00  0.00000e+00  0.00000e+00  0.00000e+00
  300.00  2.31663  9.68082e+20  0.00000e+00  0.00000e+00  0.00000e+00  0.00000e+00  0.00000e+00
  300.00  2.34068  9.71561e+20  0.00000e+00  0.00000e+00  0.00000e+00  0.00000e+00  0.00000e+00
  300.00  2.36473  9.74997e+20  0.00000e+00  0.00000e+00  0.00000e+00  0.00000e+00  0.00000e+00
  300.00  2.38878  9.78378e+20  0.00000e+00  0.00000e+00  0.00000e+00  0.00000e+00  0.00000e+00
  300.00  2.41283  9.81690e+20  0.00000e+00  0.00000e+00  0.00000e+00  0.00000e+00  0.00000e+00
  300.00  2.43687  9.84921e+20  0.00000e+00  0.00000e+00  0.00000e+00  0.00000e+00  0.00000e+00
  300.00  2.46092  9.88057e+20  0.00000e+00  0.00000e+00  0.00000e+00  0.00000e+00  0.00000e+00
  300.00  2.48497  9.91089e+20  0.00000e+00  0.00000e+00  0.00000e+00  0.00000e+00  0.00000e+00
  300.00  2.50902  9.94006e+20  0.00000e+00  0.00000e+00  0.00000e+00  0.00000e+00  0.00000e+00
  300.00  2.53307  9.96799e+20  0.00000e+00  0.00000e+00  0.00000e+00  0.00000e+00  0.00000e+00
  300.00  2.55711  9.99463e+20  0.00000e+00  0.00000e+00  0.00000e+00  0.00000e+00  0.00000e+00
  300.00  2.58116  1.00199e+21  0.00000e+00  0.00000e+00  0.00000e+00  0.00000e+00  0.00000e+00
  300.00  2.60521  1.00439e+21  0.00000e+00  0.00000e+00  0.00000e+00  0.00000e+00  0.00000e+00
  300.00  2.62926  1.00665e+21  0.00000e+00  0.00000e+00  0.00000e+00  0.00000e+00  0.00000e+00
  300.00  2.65331  1.00877e+21  0.00000e+00  0.00000e+00  0.00000e+00  0.00000e+00  0.00000e+00
  300.00  2.67735  1.01077e+21  0.00000e+00  0.00000e+00  0.00000e+00  0.00000e+00  0.00000e+00
  300.00  2.70140  1.01264e+21  0.00000e+00  0.00000e+00  0.00000e+00  0.00000e+00  0.00000e+00
  300.00  2.72545  1.01438e+21  0.00000e+00  0.00000e+00  0.00000e+00  0.00000e+00  0.00000e+00
  300.00  2.74950  1.01602e+21  0.00000e+00  0.00000e+00  0.00000e+00  0.00000e+00  0.00000e+00
  300.00  2.77355  1.01754e+21  0.00000e+00  0.00000e+00  0.00000e+00  0.00000e+00  0.00000e+00
  300.00  2.79760  1.01897e+21  0.00000e+00  0.00000e+00  0.00000e+00  0.00000e+00  0.00000e+00
  300.00  2.82164  1.02029e+21  0.00000e+00  0.00000e+00  0.00000e+00  0.00000e+00  0.00000e+00
  300.00  2.84569  1.02153e+21  0.00000e+00  0.00000e+00  0.00000e+00  0.00000e+00  0.00000e+00
  300.00  2.86974  1.02269e+21  0.00000e+00  0.00000e+00  0.00000e+00  0.00000e+00  0.00000e+00
  300.00  2.89379  1.02376e+21  0.00000e+00  0.00000e+00  0.00000e+00  0.00000e+00  0.00000e+00
  300.00  2.91784  1.02475e+21  0.00000e+00  0.00000e+00  0.00000e+00  0.00000e+00  0.00000e+00
  300.00  2.94188  1.02566e+21  0.00000e+00  0.00000e+00  0.00000e+00  0.00000e+00  0.00000e+00
  300.00  2.96593  1.02650e+21  0.00000e+00  0.00000e+00  0.00000e+00  0.00000e+00  0.00000e+00
  300.00  2.98998  1.02726e+21  0.00000e+00  0.00000e+00  0.00000e+00  0.00000e+00  0.00000e+00
  300.00  3.01403  1.02793e+21  0.00000e+00  0.00000e+00  0.00000e+00  0.00000e+00  0.00000e+00
  300.00  3.03808  1.02852e+21  0.00000e+00  0.00000e+00  0.00000e+00  0.00000e+00  0.00000e+00
  300.00  3.06212  1.02903e+21  0.00000e+00  0.00000e+00  0.00000e+00  0.00000e+00  0.00000e+00
  300.00  3.08617  1.02944e+21  0.00000e+00  0.00000e+00  0.00000e+00  0.00000e+00  0.00000e+00
  300.00  3.11022  1.02976e+21  0.00000e+00  0.00000e+00  0.00000e+00  0.00000e+00  0.00000e+00
  300.00  3.13427  1.02997e+21  0.00000e+00  0.00000e+00  0.00000e+00  0.00000e+00  0.00000e+00
  300.00  3.15832  1.03009e+21  0.00000e+00  0.00000e+00  0.00000e+00  0.00000e+00  0.00000e+00
  300.00  3.18236  1.03010e+21  0.00000e+00  0.00000e+00  0.00000e+00  0.00000e+00  0.00000e+00
  300.00  3.20641  1.03000e+21  0.00000e+00  0.00000e+00  0.00000e+00  0.00000e+00  0.00000e+00
  300.00  3.23046  1.02980e+21  0.00000e+00  0.00000e+00  0.00000e+00  0.00000e+00  0.00000e+00
  300.00  3.25451  1.02948e+21  0.00000e+00  0.00000e+00  0.00000e+00  0.00000e+00  0.00000e+00
  300.00  3.27856  1.02904e+21  0.00000e+00  0.00000e+00  0.00000e+00  0.00000e+00  0.00000e+00
  300.00  3.30261  1.02850e+21  0.00000e+00  0.00000e+00  0.00000e+00  0.00000e+00  0.00000e+00
  300.00  3.32665  1.02785e+21  0.00000e+00  0.00000e+00  0.00000e+00  0.00000e+00  0.00000e+00
  300.00  3.35070  1.02708e+21  0.00000e+00  0.00000e+00  0.00000e+00  0.00000e+00  0.00000e+00
  300.00  3.37475  1.02620e+21  0.00000e+00  0.00000e+00  0.00000e+00  0.00000e+00  0.00000e+00
  300.00  3.39880  1.02522e+21  0.00000e+00  0.00000e+00  0.00000e+00  0.00000e+00  0.00000e+00
  300.00  3.42285  1.02413e+21  0.00000e+00  0.00000e+00  0.00000e+00  0.00000e+00  0.00000e+00
  300.00  3.44689  1.02293e+21  0.00000e+00  0.00000e+00  0.00000e+00  0.00000e+00  0.00000e+00
  300.00  3.47094  1.02163e+21  0.00000e+00  0.00000e+00  0.00000e+00  0.00000e+00  0.00000e+00
  300.00  3.49499  1.02023e+21  0.00000e+00  0.00000e+00  0.00000e+00  0.00000e+00  0.00000e+00
  300.00  3.51904  1.01872e+21  0.00000e+00  0.00000e+00  0.00000e+00  0.00000e+00  0.00000e+00
  300.00  3.54309  1.01710e+21  0.00000e+00  0.00000e+00  0.00000e+00  0.00000e+00  0.00000e+00
  300.00  3.56713  1.01539e+21  0.00000e+00  0.00000e+00  0.00000e+00  0.00000e+00  0.00000e+00
  300.00  3.59118  1.01356e+21  0.00000e+00  0.00000e+00  0.00000e+00  0.00000e+00  0.00000e+00
  300.00  3.61523  1.01163e+21  0.00000e+00  0.00000e+00  0.00000e+00  0.00000e+00  0.00000e+00
  300.00  3.63928  1.00958e+21  0.00000e+00  0.00000e+00  0.00000e+00  0.00000e+00  0.00000e+00
  300.00  3.66333  1.00742e+21  0.00000e+00  0.00000e+00  0.00000e+00  0.00000e+00  0.00000e+00
  300.00  3.68737  1.00515e+21  0.00000e+00  0.00000e+00  0.00000e+00  0.00000e+00  0.00000e+00
  300.00  3.71142  1.00275e+21  0.00000e+00  0.00000e+00  0.00000e+00  0.00000e+00  0.00000e+00
  300.00  3.73547  1.00022e+21  0.00000e+00  0.00000e+00  0.00000e+00  0.00000e+00  0.00000e+00
  300.00  3.75952  9.97559e+20  0.00000e+00  0.00000e+00  0.00000e+00  0.00000e+00  0.00000e+00
  300.00  3.78357  9.94767e+20  0.00000e+00  0.00000e+00  0.00000e+00  0.00000e+00  0.00000e+00
  300.00  3.80762  9.91836e+20  0.00000e+00  0.00000e+00  0.00000e+00  0.00000e+00  0.00000e+00
  300.00  3.83166  9.88763e+20  0.00000e+00  0.00000e+00  0.00000e+00  0.00000e+00  0.00000e+00
  300.00  3.85571  9.85546e+20  0.00000e+00  0.00000e+00  0.00000e+00  0.00000e+00  0.00000e+00
  300.00  3.87976  9.82182e+20  0.00000e+00  0.00000e+00  0.00000e+00  0.00000e+00  0.00000e+00
  300.00  3.90381  9.78670e+20  0.00000e+00  0.00000e+00  0.00000e+00  0.00000e+00  0.00000e+00
  300.00  3.92786  9.75008e+20  0.00000e+00  0.00000e+00  0.00000e+00  0.00000e+00  0.00000e+00
  300.00  3.95190  9.71196e+20  0.00000e+00  0.00000e+00  0.00000e+00  0.00000e+00  0.00000e+00
  300.00  3.97595  9.67234e+20  0.00000e+00  0.00000e+00  0.00000e+00  0.00000e+00  0.00000e+00
  300.00  4.00000  9.63123e+20  0.00000e+00  0.00000e+00  0.00000e+00  0.00000e+00  0.00000e+00
