-8.00000 1.675677750572032e-02
-7.98799 1.669489217697345e-02
-7.97598 1.662513119277737e-02
-7.96396 1.655142397777216e-02
-7.95195 1.647813796938108e-02
-7.93994 1.640996089433114e-02
-7.92793 1.635176208186396e-02
-7.91592 1.630843709015632e-02
-7.90390 1.628474063736365e-02
-7.89189 1.628511349555842e-02
-7.87988 1.631350965572663e-02
-7.86787 1.637323070569732e-02
-7.85586 1.646677493240035e-02
-7.84384 1.659570905405208e-02
-7.83183 1.676057052767225e-02
-7.81982 1.696080782657407e-02
-7.80781 1.719476468095201e-02
-7.79580 1.745971179773942e-02
-7.78378 1.775192591974045e-02
-7.77177 1.806681136781487e-02
-7.75976 1.839905387438540e-02
-7.74775 1.874279138836047e-02
-7.73574 1.909178281436880e-02
-7.72372 1.943955480267398e-02
-7.71171 1.977951018245634e-02
-7.69970 2.010499045813189e-02
-7.68769 2.040929902181196e-02
-7.67568 2.068570985732248e-02
-7.66366 2.092750494089460e-02
-7.65165 2.112809654056968e-02
-7.63964 2.128129098451592e-02
-7.62763 2.138173146283297e-02
-7.61562 2.142551599576643e-02
-7.60360 2.141092748724725e-02
-7.59159 2.133915123784370e-02
-7.57958 2.121481722172758e-02
-7.56757 2.104621906843358e-02
-7.55556 2.084514614693284e-02
-7.54354 2.062639990756649e-02
-7.53153 2.040717422056169e-02
-7.51952 2.020648094844136e-02
-7.50751 2.004480620219251e-02
-7.49550 1.994442791955528e-02
-7.48348 1.993034195041128e-02
-7.47147 2.002674167779358e-02
-7.45946 2.023692740135728e-02
-7.44745 2.052280096058981e-02
-7.43544 2.086921170953533e-02
-7.42342 2.139642372622451e-02
-7.41141 2.220047813768174e-02
-7.39940 2.303742338378333e-02
-7.38739 2.356870651058925e-02
-7.37538 2.396196566224430e-02
-7.36336 2.562487686842996e-02
-7.35135 2.500506605459220e-02
-7.33934 2.572211732132426e-02
-7.32733 2.629475021228047e-02
-7.31532 2.655693148557471e-02
-7.30330 2.651937614302459e-02
-7.29129 2.629987699127170e-02
-7.27928 2.606895366557840e-02
-7.26727 2.597336539817712e-02
-7.25526 2.607912265473388e-02
-7.24324 2.635525624510859e-02
-7.23123 2.670360630509185e-02
-7.21922 2.701062510544858e-02
-7.20721 2.719113449435858e-02
-7.19520 2.720809373542107e-02
-7.18318 2.706957707899059e-02
-7.17117 2.681340571476015e-02
-7.15916 2.648998169108293e-02
-7.14715 2.614923615426423e-02
-7.13514 2.583303093649462e-02
-7.12312 2.557188302669493e-02
-7.11111 2.538396831116331e-02
-7.09910 2.527542021582146e-02
-7.08709 2.524444794183913e-02
-7.07508 2.528826274900210e-02
-7.06306 2.539895644944077e-02
-7.05105 2.554810483068869e-02
-7.03904 2.569468614722670e-02
-7.02703 2.581961485898307e-02
-7.01502 2.593164030901434e-02
-7.00300 2.603619035925242e-02
-6.99099 2.612103125797459e-02
-6.97898 2.616932967714801e-02
-6.96697 2.617109505258950e-02
-6.95495 2.612867121285439e-02
-6.94294 2.606213558665814e-02
-6.93093 2.600625895610763e-02
-6.91892 2.599337307108280e-02
-6.90691 2.603447933486555e-02
-6.89489 2.612046140474705e-02
-6.88288 2.624907594939423e-02
-6.87087 2.644719158268280e-02
-6.85886 2.674598536272515e-02
-6.84685 2.712089287023714e-02
-6.83483 2.748172070288986e-02
-6.82282 2.777211811282181e-02
-6.81081 2.809027050287362e-02
-6.79880 2.865410433497106e-02
-6.78679 2.958006667611285e-02
-6.77477 3.069576212838965e-02
-6.76276 3.162530062387590e-02
-6.75075 3.209205386754037e-02
-6.73874 3.212647795654689e-02
-6.72673 3.197647721578233e-02
-6.71471 3.184996065520424e-02
-6.70270 3.176327575183143e-02
-6.69069 3.159852032339271e-02
-6.67868 3.124837404002650e-02
-6.66667 3.069662221555557e-02
-6.65465 3.000377431005458e-02
-6.64264 2.925867581272948e-02
-6.63063 2.854766427849418e-02
-6.61862 2.794488236501213e-02
-6.60661 2.750733462397370e-02
-6.59459 2.726787537554663e-02
-6.58258 2.722979564834616e-02
-6.57057 2.736667187199000e-02
-6.55856 2.762874565346404e-02
-6.54655 2.795685746036618e-02
-6.53453 2.830161692273284e-02
-6.52252 2.863798446364740e-02
-6.51051 2.896297080215565e-02
-6.49850 2.927396636731881e-02
-6.48649 2.954117979419568e-02
-6.47447 2.969539231415576e-02
-6.46246 2.964368472905483e-02
-6.45045 2.930809665005630e-02
-6.43844 2.867061947526676e-02
-6.42643 2.780716797483545e-02
-6.41441 2.689125882424483e-02
-6.40240 2.614229440725343e-02
-6.39039 2.571257484418847e-02
-6.37838 2.557104404650518e-02
-6.36637 2.549256521644836e-02
-6.35435 2.520374720042842e-02
-6.34234 2.458670361374213e-02
-6.33033 2.376362195309727e-02
-6.31832 2.298883167762764e-02
-6.30631 2.245376187013204e-02
-6.29429 2.217033654524869e-02
-6.28228 2.200305523024672e-02
-6.27027 2.179401585819544e-02
-6.25826 2.147448688735987e-02
-6.24625 2.108903919949853e-02
-6.23423 2.073355416362409e-02
-6.22222 2.047231680835646e-02
-6.21021 2.030163679149710e-02
-6.19820 2.017217562034742e-02
-6.18619 2.003211518505613e-02
-6.17417 1.985329804784643e-02
-6.16216 1.963302602632941e-02
-6.15015 1.938432215260428e-02
-6.13814 1.912608660570759e-02
-6.12613 1.887618400369160e-02
-6.11411 1.864669678091247e-02
-6.10210 1.844116641522699e-02
-6.09009 1.825451034960058e-02
-6.07808 1.807573863488051e-02
-6.06607 1.789235455804961e-02
-6.05405 1.769462409314286e-02
-6.04204 1.747820928400769e-02
-6.03003 1.724461813779636e-02
-6.01802 1.699986317464501e-02
-6.00601 1.675220703294936e-02
-5.99399 1.650987195700102e-02
-5.98198 1.627931265703682e-02
-5.96997 1.606432564815653e-02
-5.95796 1.586601054448730e-02
-5.94595 1.568342648783269e-02
-5.93393 1.551467890292024e-02
-5.92192 1.535811578385067e-02
-5.90991 1.521331179150540e-02
-5.89790 1.508157616059832e-02
-5.88589 1.496582954419451e-02
-5.87387 1.486983896759048e-02
-5.86186 1.479696041304304e-02
-5.84985 1.474869547279162e-02
-5.83784 1.472349226264185e-02
-5.82583 1.471626226121370e-02
-5.81381 1.471898274324133e-02
-5.80180 1.472247164119556e-02
-5.78979 1.471899802507166e-02
-5.77778 1.470497181645515e-02
-5.76577 1.468273439334894e-02
-5.75375 1.466055032288186e-02
-5.74174 1.465021346002826e-02
-5.72973 1.466218571636768e-02
-5.71772 1.469921322335490e-02
-5.70571 1.475135781620274e-02
-5.69369 1.479733160271247e-02
-5.68168 1.481517008491028e-02
-5.66967 1.480226318248344e-02
-5.65766 1.480076442168133e-02
-5.64565 1.482360828579867e-02
-5.63363 1.484676004500026e-02
-5.62162 1.528079027944638e-02
-5.60961 1.583375859817948e-02
-5.59760 1.535689614484888e-02
-5.58559 1.462285883775377e-02
-5.57357 1.425721158779542e-02
-5.56156 1.386371700468145e-02
-5.54955 1.342750956030938e-02
-5.53754 1.300271965341702e-02
-5.52553 1.257053194390657e-02
-5.51351 1.214197874148381e-02
-5.50150 1.175526992294535e-02
-5.48949 1.145264822574024e-02
-5.47748 1.126041044683022e-02
-5.46547 1.117954536345765e-02
-5.45345 1.118936620079398e-02
-5.44144 1.125794440293350e-02
-5.42943 1.135230038492398e-02
-5.41742 1.144486626991932e-02
-5.40541 1.151605993213750e-02
-5.39339 1.155428021051084e-02
-5.38138 1.155469908070192e-02
-5.36937 1.151774168880616e-02
-5.35736 1.144764590616268e-02
-5.34535 1.135119305043063e-02
-5.33333 1.123662426267699e-02
-5.32132 1.111282429832020e-02
-5.30931 1.098895344617016e-02
-5.29730 1.087473540961861e-02
-5.28529 1.078146711256843e-02
-5.27327 1.072341283045265e-02
-5.26126 1.071860327843639e-02
-5.24925 1.078757019199847e-02
-5.23724 1.094906663474988e-02
-5.22523 1.121407800525024e-02
-5.21321 1.158259748199698e-02
-5.20120 1.204846359996415e-02
-5.18919 1.261232414779891e-02
-5.17718 1.329245721830847e-02
-5.16517 1.411670284449790e-02
-5.15315 1.508752547784557e-02
-5.14114 1.613644774354560e-02
-5.12913 1.710527033068592e-02
-5.11712 1.778538673524369e-02
-5.10511 1.800916978265702e-02
-5.09309 1.774533140959935e-02
-5.08108 1.713813085157055e-02
-5.06907 1.645977099025097e-02
-5.05706 1.599783333080466e-02
-5.04505 1.594307877896772e-02
-5.03303 1.634408199765050e-02
-5.02102 1.713731609410883e-02
-5.00901 1.818700853341080e-02
-4.99700 1.927600638962983e-02
-4.98498 2.009928527572235e-02
-4.97297 2.037231786922012e-02
-4.96096 2.003259871964644e-02
-4.94895 1.932854987048421e-02
-4.93694 1.865033945412372e-02
-4.92492 1.824174850184950e-02
-4.91291 1.807225250851009e-02
-4.90090 1.795809623826369e-02
-4.88889 1.776218536040188e-02
-4.87688 1.748133055435636e-02
-4.86486 1.719937711147497e-02
-4.85285 1.700440037224672e-02
-4.84084 1.694526525280738e-02
-4.82883 1.702991829945612e-02
-4.81682 1.723687820469575e-02
-4.80480 1.752368539234347e-02
-4.79279 1.783346122431752e-02
-4.78078 1.810470562181779e-02
-4.76877 1.828486871751723e-02
-4.75676 1.837683673123643e-02
-4.74474 1.844595869892904e-02
-4.73273 1.822357124970139e-02
-4.72072 1.793725205510424e-02
-4.70871 1.777093754622674e-02
-4.69670 1.767562445281347e-02
-4.68468 1.766913548286537e-02
-4.67267 1.773489529722658e-02
-4.66066 1.783309402419673e-02
-4.64865 1.792277469897255e-02
-4.63664 1.798167314761986e-02
-4.62462 1.801182824638864e-02
-4.61261 1.802945078574728e-02
-4.60060 1.804838009688320e-02
-4.58859 1.806887060845535e-02
-4.57658 1.807610273792678e-02
-4.56456 1.805176703880821e-02
-4.55255 1.801427897703639e-02
-4.54054 1.784463102337778e-02
-4.52853 1.873728263684977e-02
-4.51652 1.941554257249276e-02
-4.50450 1.734488973395659e-02
-4.49249 1.726549433635041e-02
-4.48048 1.718362640756713e-02
-4.46847 1.723103416424679e-02
-4.45646 1.735933766113651e-02
-4.44444 1.754547198834632e-02
-4.43243 1.776636750264378e-02
-4.42042 1.799931000084565e-02
-4.40841 1.822734923096068e-02
-4.39640 1.844100969152299e-02
-4.38438 1.863879066958609e-02
-4.37237 1.882778593983253e-02
-4.36036 1.902426977887399e-02
-4.34835 1.925195450755876e-02
-4.33634 1.953508781406806e-02
-4.32432 1.988626329340763e-02
-4.31231 2.029378346792437e-02
-4.30030 2.071684011242701e-02
-4.28829 2.109475765770239e-02
-4.27628 2.136893687535511e-02
-4.26426 2.150757863758512e-02
-4.25225 2.152016884301902e-02
-4.24024 2.148244960054699e-02
-4.22823 2.181846409861866e-02
-4.21622 2.204088276228542e-02
-4.20420 2.145828569945845e-02
-4.19219 2.166480407945175e-02
-4.18018 2.188608050156349e-02
-4.16817 2.213764087222528e-02
-4.15616 2.234520196197226e-02
-4.14414 2.247898400196511e-02
-4.13213 2.253132313151400e-02
-4.12012 2.251333876821319e-02
-4.10811 2.244655237698207e-02
-4.09610 2.235738222000723e-02
-4.08408 2.227527272837376e-02
-4.07207 2.223118564950305e-02
-4.06006 2.225355177582174e-02
-4.04805 2.236226662019079e-02
-4.03604 2.256430846871513e-02
-4.02402 2.285441548948242e-02
-4.01201 2.322070194933146e-02
-4.00000 2.365043761213601e-02
-3.98799 2.412962310359749e-02
-3.97598 2.463457736472423e-02
-3.96396 2.512251173677197e-02
-3.95195 2.553334384509902e-02
-3.93994 2.580960626327111e-02
-3.92793 2.592683642918031e-02
-3.91592 2.591485962666446e-02
-3.90390 2.585276190958799e-02
-3.89189 2.583727194527398e-02
-3.87988 2.594266688355006e-02
-3.86787 2.619540908367040e-02
-3.85586 2.657502403416277e-02
-3.84384 2.703483542539937e-02
-3.83183 2.752715877821136e-02
-3.81982 2.801786770726085e-02
-3.80781 2.848682004879357e-02
-3.79580 2.892156589587714e-02
-3.78378 2.931105250775174e-02
-3.77177 2.964374023710773e-02
-3.75976 2.990974724545889e-02
-3.74775 3.010412250558628e-02
-3.73574 3.022814454087891e-02
-3.72372 3.028674572435029e-02
-3.71171 3.028322338889358e-02
-3.69970 3.021639166919156e-02
-3.68769 3.008680266187316e-02
-3.67568 2.991329918088909e-02
-3.66366 2.974897569768544e-02
-3.65165 2.967613200752448e-02
-3.63964 2.976742277896514e-02
-3.62763 3.002865049738979e-02
-3.61562 3.036847696095975e-02
-3.60360 3.063957623660051e-02
-3.59159 3.074618532520035e-02
-3.57958 3.073752935548867e-02
-3.56757 3.077766487782743e-02
-3.55556 3.097283231009594e-02
-3.54354 3.120379167874322e-02
-3.53153 3.115948850771065e-02
-3.51952 3.057933716338455e-02
-3.50751 2.947489997494092e-02
-3.49550 2.811969229470813e-02
-3.48348 2.684710907255252e-02
-3.47147 2.586350223047253e-02
-3.45946 2.520876254661448e-02
-3.44745 2.483727867072064e-02
-3.43544 2.470116491881455e-02
-3.42342 2.469099402022037e-02
-3.41141 2.461621737977275e-02
-3.39940 2.441445911602879e-02
-3.38739 2.375112089668439e-02
-3.37538 2.421609957888517e-02
-3.36336 2.323205249171528e-02
-3.35135 2.301100258672722e-02
-3.33934 2.269071553423686e-02
-3.32733 2.240926386985135e-02
-3.31532 2.231501454552820e-02
-3.30330 2.232156649550197e-02
-3.29129 2.228660041524816e-02
-3.27928 2.220191879792521e-02
-3.26727 2.210367265008984e-02
-3.25526 2.201421318606272e-02
-3.24324 2.195482960273560e-02
-3.23123 2.194553028685531e-02
-3.21922 2.199835538242678e-02
-3.20721 2.211575319239122e-02
-3.19520 2.229039007572696e-02
-3.18318 2.250497611487014e-02
-3.17117 2.273356304103078e-02
-3.15916 2.294531189915961e-02
-3.14715 2.311009902033869e-02
-3.13514 2.320411969531392e-02
-3.12312 2.321356695858579e-02
-3.11111 2.313536414215269e-02
-3.09910 2.297517248310555e-02
-3.08709 2.274384039080423e-02
-3.07508 2.245377425395167e-02
-3.06306 2.211641297725757e-02
-3.05105 2.174142251712394e-02
-3.03904 2.133384566249214e-02
-3.02703 2.095448503788495e-02
-3.01502 2.064183343943335e-02
-3.00300 2.121800439605659e-02
-2.99099 1.958119816867552e-02
-2.97898 1.922137345148750e-02
-2.96697 1.882378310061670e-02
-2.95495 1.850062491377128e-02
-2.94294 1.822725893289245e-02
-2.93093 1.800756221064630e-02
-2.91892 1.783961260269521e-02
-2.90691 1.771821884570841e-02
-2.89489 1.763576687462561e-02
-2.88288 1.758328443787919e-02
-2.87087 1.755146733908872e-02
-2.85886 1.753154032873430e-02
-2.84685 1.751588350788945e-02
-2.83483 1.749840583367501e-02
-2.82282 1.747468505573284e-02
-2.81081 1.744191675438808e-02
-2.79880 1.739872585273898e-02
-2.78679 1.734489506181132e-02
-2.77477 1.728105926737461e-02
-2.76276 1.720840549572171e-02
-2.75075 1.712840693899979e-02
-2.73874 1.704260843874466e-02
-2.72673 1.695247145574031e-02
-2.71471 1.685927959664020e-02
-2.70270 1.676409943721472e-02
-2.69069 1.666778158150364e-02
-2.67868 1.657097413676370e-02
-2.66667 1.647412111726940e-02
-2.65465 1.637744563665941e-02
-2.64264 1.628113971307697e-02
-2.63063 1.618506067476201e-02
-2.61862 1.609164326524208e-02
-2.60661 1.600041126168298e-02
-2.59459 1.590457338152022e-02
-2.58258 1.581420763093562e-02
-2.57057 1.572332797960261e-02
-2.55856 1.563027120441117e-02
-2.54655 1.553386698779998e-02
-2.53453 1.543468447122957e-02
-2.52252 1.533434863660378e-02
-2.51051 1.523445544541030e-02
-2.49850 1.513603726473261e-02
-2.48649 1.503990461216151e-02
-2.47447 1.494739934427408e-02
-2.46246 1.486102215414490e-02
-2.45045 1.478476628691693e-02
-2.43844 1.472398957519712e-02
-2.42643 1.468427514152962e-02
-2.41441 1.466902267417268e-02
-2.40240 1.467722038503082e-02
-2.39039 1.470436676412276e-02
-2.37838 1.474735544700002e-02
-2.36637 1.480819114446688e-02
-2.35435 1.488915324206814e-02
-2.34234 1.498087934808539e-02
-2.33033 1.505735019052718e-02
-2.31832 1.508901804488434e-02
-2.30631 1.506457674063452e-02
-2.29429 1.499836078702571e-02
-2.28228 1.491483817619334e-02
-2.27027 1.482734427213175e-02
-2.25826 1.473233102760200e-02
-2.24625 1.462035447527144e-02
-2.23423 1.448852461672925e-02
-2.22222 1.434321981915891e-02
-2.21021 1.419509498460898e-02
-2.19820 1.405380807697493e-02
-2.18619 1.392601662586993e-02
-2.17417 1.381554520541921e-02
-2.16216 1.372381129075039e-02
-2.15015 1.364994391618802e-02
-2.13814 1.359094474236812e-02
-2.12613 1.354220051460955e-02
-2.11411 1.349828738006480e-02
-2.10210 1.345376272574912e-02
-2.09009 1.340362613669203e-02
-2.07808 1.334339162759716e-02
-2.06607 1.326922230510251e-02
-2.05405 1.317904355080603e-02
-2.04204 1.307538598827389e-02
-2.03003 1.296880550308965e-02
-2.01802 1.287702799320952e-02
-2.00601 1.281767302369415e-02
-1.99399 1.280444663614767e-02
-1.98198 1.284329020455040e-02
-1.96997 1.291332918760092e-02
-1.95796 1.297061042224731e-02
-1.94595 1.305798311589661e-02
-1.93393 1.280700198132807e-02
-1.92192 1.267615184124455e-02
-1.90991 1.250955263936282e-02
-1.89790 1.230326711062070e-02
-1.88589 1.210021090186170e-02
-1.87387 1.193844539287568e-02
-1.86186 1.182448626554477e-02
-1.84985 1.174117190905847e-02
-1.83784 1.167074048305318e-02
-1.82583 1.160692382314683e-02
-1.81381 1.155145176239676e-02
-1.80180 1.150701944526387e-02
-1.78979 1.147474665240966e-02
-1.77778 1.145477746305387e-02
-1.76577 1.144680278294436e-02
-1.75375 1.144983817534733e-02
-1.74174 1.146195273461817e-02
-1.72973 1.148033539691393e-02
-1.71772 1.150160234569227e-02
-1.70571 1.152214355830604e-02
-1.69369 1.153840042498669e-02
-1.68168 1.154709901764231e-02
-1.66967 1.154542663797925e-02
-1.65766 1.153105429194378e-02
-1.64565 1.150216839781809e-02
-1.63363 1.145753987928477e-02
-1.62162 1.139599920777634e-02
-1.60961 1.131786105849586e-02
-1.59760 1.122356234243758e-02
-1.58559 1.111392108225671e-02
-1.57357 1.098986180024901e-02
-1.56156 1.085245616716069e-02
-1.54955 1.070299319819780e-02
-1.53754 1.054297636372683e-02
-1.52553 1.037409063197754e-02
-1.51351 1.019816444618690e-02
-1.50150 1.001712011183636e-02
-1.48949 9.832924257211325e-03
-1.47748 9.647560202338201e-03
-1.46547 9.463029031015483e-03
-1.45345 9.281366388203607e-03
-1.44144 9.104648836044196e-03
-1.42943 8.934965531551734e-03
-1.41742 8.774352071272282e-03
-1.40541 8.624707675496305e-03
-1.39339 8.487721519817686e-03
-1.38138 8.364817782187397e-03
-1.36937 8.257113101254304e-03
-1.35736 8.165380461277886e-03
-1.34535 8.090023757966948e-03
-1.33333 8.031071986100055e-03
-1.32132 7.988196262474148e-03
-1.30931 7.960744476550733e-03
-1.29730 7.947785367869864e-03
-1.28529 7.948156611056760e-03
-1.27327 7.960515263892021e-03
-1.26126 7.983390106524099e-03
-1.24925 8.015234050852518e-03
-1.23724 8.054473010369611e-03
-1.22523 8.099547090318349e-03
-1.21321 8.148941089203658e-03
-1.20120 8.201201134482515e-03
-1.18919 8.255049545244655e-03
-1.17718 8.309576557393361e-03
-1.16517 8.363389312751083e-03
-1.15315 8.412489267512485e-03
-1.14114 8.459615046262206e-03
-1.12913 8.502414537471760e-03
-1.11712 8.539714189707627e-03
-1.10511 8.570519771431492e-03
-1.09309 8.593872407275950e-03
-1.08108 8.608857888553307e-03
-1.06907 8.614614390434885e-03
-1.05706 8.610344761625345e-03
-1.04505 8.595333417108717e-03
-1.03303 8.568967497900065e-03
-1.02102 8.530761473555045e-03
-1.00901 8.480383943673016e-03
-0.99700 8.417685088998502e-03
-0.98498 8.342723034418209e-03
-0.97297 8.255787293801439e-03
-0.96096 8.157417447016752e-03
-0.94895 8.048415244783079e-03
-0.93694 7.929848460729779e-03
-0.92492 7.803045053680357e-03
-0.91291 7.669576548983616e-03
-0.90090 7.531228463406647e-03
-0.88889 7.389965378163244e-03
-0.87688 7.247916396318621e-03
-0.86486 7.107118428591196e-03
-0.85285 6.970043218825619e-03
-0.84084 6.839432131219953e-03
-0.82883 6.714816361650115e-03
-0.81682 6.598959085173562e-03
-0.80480 6.494721805789885e-03
-0.79279 6.402246119965597e-03
-0.78078 6.322358590870583e-03
-0.76877 6.255456313378362e-03
-0.75676 6.201499789927196e-03
-0.74474 6.160106945225041e-03
-0.73273 6.130560236466289e-03
-0.72072 6.111865335368649e-03
-0.70871 6.102824048204587e-03
-0.69670 6.102117265684289e-03
-0.68468 6.108392317526186e-03
-0.67267 6.120347532802578e-03
-0.66066 6.136806571904273e-03
-0.64865 6.156775602078028e-03
-0.63664 6.179477703007098e-03
-0.62462 6.204360893944597e-03
-0.61261 6.231078806203173e-03
-0.60060 6.259447203478780e-03
-0.58859 6.289384078753359e-03
-0.57658 6.320832283904528e-03
-0.56456 6.353652755413495e-03
-0.55255 6.387556245127953e-03
-0.54054 6.422180361907387e-03
-0.52853 6.457040662642761e-03
-0.51652 6.491102965696825e-03
-0.50450 6.522804276209200e-03
-0.49249 6.550854924126330e-03
-0.48048 6.574373010354172e-03
-0.46847 6.592237922323248e-03
-0.45646 6.603136285863805e-03
-0.44444 6.606115608080819e-03
-0.43243 6.600746981520645e-03
-0.42042 6.587080520443273e-03
-0.40841 6.565698363369780e-03
-0.39640 6.537773415205520e-03
-0.38438 6.505059180178015e-03
-0.37237 6.469826184404812e-03
-0.36036 6.434753595990912e-03
-0.34835 6.402773830839998e-03
-0.33634 6.376870990897305e-03
-0.32432 6.359837557968638e-03
-0.31231 6.354009235083645e-03
-0.30030 6.361045269864848e-03
-0.28829 6.381794739210609e-03
-0.27628 6.416002642674562e-03
-0.26426 6.461654590943740e-03
-0.25225 6.515414061685793e-03
-0.24024 6.576493924444555e-03
-0.22823 6.647567730391150e-03
-0.21622 6.722470988642086e-03
-0.20420 6.784086804142719e-03
-0.19219 6.828740080214946e-03
-0.18018 6.869197042130505e-03
-0.16817 6.910907070978426e-03
-0.15616 6.947506004044974e-03
-0.14414 6.972515607903498e-03
-0.13213 6.983966679725717e-03
-0.12012 6.981990520835494e-03
-0.10811 6.967579702990049e-03
-0.09610 6.943328467384939e-03
-0.08408 6.913328293230531e-03
-0.07207 6.881403583461280e-03
-0.06006 6.849223259510841e-03
-0.04805 6.814878963521099e-03
-0.03604 6.775023377915108e-03
-0.02402 6.728394660450016e-03
-0.01201 6.673549922530767e-03
0.00000 6.613385320006783e-03
0.01201 6.554979437381259e-03
0.02402 6.502524144724602e-03
0.03604 6.458505079349175e-03
0.04805 6.425701954286018e-03
0.06006 6.406138616930721e-03
0.07207 6.400669245149499e-03
0.08408 6.409553752260067e-03
0.09610 6.432440412412460e-03
0.10811 6.468596791849948e-03
0.12012 6.517409192146956e-03
0.13213 6.578635343151423e-03
0.14414 6.653176515875775e-03
0.15616 6.743048475313102e-03
0.16817 6.848593503041765e-03
0.18018 6.966170908744975e-03
0.19219 7.092126423113133e-03
0.20420 7.226922665741255e-03
0.21622 7.368905447534939e-03
0.22823 7.513624154819497e-03
0.24024 7.665178336326301e-03
0.25225 7.829623345073903e-03
0.26426 8.000994205411551e-03
0.27628 8.170455947729230e-03
0.28829 8.338399378417802e-03
0.30030 8.508568424106881e-03
0.31231 8.680132926247541e-03
0.32432 8.850298780751695e-03
0.33634 9.017972661201043e-03
0.34835 9.182695597513264e-03
0.36036 9.343074668774468e-03
0.37237 9.496517054819166e-03
0.38438 9.639504200982271e-03
0.39640 9.768439933657872e-03
0.40841 9.880944207939300e-03
0.42042 9.976778884685256e-03
0.43243 1.005773501395388e-02
0.44444 1.012654682989659e-02
0.45646 1.018557229996600e-02
0.46847 1.023566719782051e-02
0.48048 1.027662050891316e-02
0.49249 1.030724673689873e-02
0.50450 1.032635414668188e-02
0.51652 1.033321427145734e-02
0.52853 1.032775031163026e-02
0.54054 1.031048877479135e-02
0.55255 1.028240889587847e-02
0.56456 1.024478299220461e-02
0.57658 1.019904857272973e-02
0.58859 1.014672267466068e-02
0.60060 1.008935542859408e-02
0.61261 1.002851302891137e-02
0.62462 9.965777190928459e-03
0.63664 9.902749121315932e-03
0.64865 9.841049961747082e-03
0.66066 9.782314283103619e-03
0.67267 9.728176704885749e-03
0.68468 9.680253513599021e-03
0.69670 9.640121560764162e-03
0.70871 9.609296346026131e-03
0.72072 9.589210570315211e-03
0.73273 9.581193899618522e-03
0.74474 9.586454326066826e-03
0.75676 9.606061332728299e-03
0.76877 9.640930995611804e-03
0.78078 9.691813130122955e-03
0.79279 9.759280574193112e-03
0.80480 9.843720683731813e-03
0.81682 9.945329097132458e-03
0.82883 1.006410580659036e-02
0.84084 1.019985355617895e-02
0.85285 1.035217856947892e-02
0.86486 1.052049359179827e-02
0.87688 1.070402321260945e-02
0.88889 1.090181141240084e-02
0.90090 1.111273125502127e-02
0.91291 1.133549662253804e-02
0.92492 1.156867586552242e-02
0.93694 1.181070721835696e-02
0.94895 1.205991580729230e-02
0.96096 1.231453205907048e-02
0.97297 1.257271130032039e-02
0.98498 1.283255432286068e-02
0.99700 1.309212867768715e-02
1.00901 1.334949045088972e-02
1.02102 1.360270626813374e-02
1.03303 1.384987527070786e-02
1.04505 1.408915080551921e-02
1.05706 1.431876157381979e-02
1.06907 1.453703198884323e-02
1.08108 1.474240150087478e-02
1.09309 1.493344265947768e-02
1.10511 1.510887769654120e-02
1.11712 1.526759343035490e-02
1.12913 1.540865430986753e-02
1.14114 1.553131343945826e-02
1.15315 1.563502144769799e-02
1.16517 1.571943308845623e-02
1.17718 1.578441148904101e-02
1.18919 1.583002998754821e-02
1.20120 1.585657152993802e-02
1.21321 1.586452562622493e-02
1.22523 1.585458289423509e-02
1.23724 1.582762724831378e-02
1.24925 1.578472581881703e-02
1.26126 1.572711671585573e-02
1.27327 1.565619477724553e-02
1.28529 1.557349546562351e-02
1.29730 1.548067710291003e-02
1.30931 1.537950165142142e-02
1.32132 1.527181426969737e-02
1.33333 1.515952188723669e-02
1.34535 1.504457105560895e-02
1.35736 1.492892534362141e-02
1.36937 1.481454255120710e-02
1.38138 1.470335202032398e-02
1.39339 1.459723232132633e-02
1.40541 1.449798958993358e-02
1.41742 1.440733678306940e-02
1.42943 1.432687411151143e-02
1.44144 1.425807089355917e-02
1.45345 1.420224905692279e-02
1.46547 1.416056849593270e-02
1.47748 1.413401446818633e-02
1.48949 1.412338718914958e-02
1.50150 1.412929375531835e-02
1.51351 1.415214249666505e-02
1.52553 1.419213982762422e-02
1.53754 1.424928963321822e-02
1.54955 1.432339519352441e-02
1.56156 1.441406361599236e-02
1.57357 1.452071271160271e-02
1.58559 1.464258021799156e-02
1.59760 1.477873524092243e-02
1.60961 1.492809175533645e-02
1.62162 1.508942397910479e-02
1.63363 1.526138340697316e-02
1.64565 1.544251726942431e-02
1.65766 1.563128816165726e-02
1.66967 1.582609457190248e-02
1.68168 1.602529202613510e-02
1.69369 1.622721455812165e-02
1.70571 1.643019620979207e-02
1.71772 1.663259226726077e-02
1.72973 1.683279994244406e-02
1.74174 1.702927821909724e-02
1.75375 1.722056659510651e-02
1.76577 1.740530246983725e-02
1.77778 1.758223694602068e-02
1.78979 1.775024883974198e-02
1.80180 1.790835671921845e-02
1.81381 1.805572882280413e-02
1.82583 1.819169073857450e-02
1.83784 1.831573076143016e-02
1.84985 1.842750287838858e-02
1.86186 1.852682736806355e-02
1.87387 1.861368903570444e-02
1.88589 1.868823314002750e-02
1.89790 1.875075910187031e-02
1.90991 1.880171211690513e-02
1.92192 1.884167282475907e-02
1.93393 1.887134521443628e-02
1.94595 1.889154297049956e-02
1.95796 1.890317448567244e-02
1.96997 1.890722678305234e-02
1.98198 1.890474860472875e-02
1.99399 1.889683293309144e-02
2.00601 1.888459921637457e-02
2.01802 1.886917557096879e-02
2.03003 1.885168122976814e-02
2.04204 1.883320949839792e-02
2.05405 1.881481146975590e-02
2.06607 1.879748073211878e-02
2.07808 1.878213928740558e-02
2.09009 1.876962487438966e-02
2.10210 1.876067986709973e-02
2.11411 1.875594189177512e-02
2.12613 1.875593627700380e-02
2.13814 1.876107042155650e-02
2.15015 1.877163013343962e-02
2.16216 1.878777796232884e-02
2.17417 1.880955351632237e-02
2.18619 1.883687572336244e-02
2.19820 1.886954696819354e-02
2.21021 1.890725900780739e-02
2.22222 1.894960054238670e-02
2.23423 1.899606629518066e-02
2.24625 1.904606743385839e-02
2.25826 1.909894314797775e-02
2.27027 1.915397318250449e-02
2.28228 1.921039111599754e-02
2.29429 1.926739816425375e-02
2.30631 1.932417728594031e-02
2.31832 1.937990736603208e-02
2.33033 1.943377725565733e-02
2.34234 1.948499945312610e-02
2.35435 1.953282322030418e-02
2.36637 1.957654694089119e-02
2.37838 1.961552954230563e-02
2.39039 1.964920082047778e-02
2.40240 1.967707052657680e-02
2.41441 1.969873609619535e-02
2.42643 1.971388892441006e-02
2.43844 1.972231911404198e-02
2.45045 1.972391864896112e-02
2.46246 1.971868296902035e-02
2.47447 1.970671094777598e-02
2.48649 1.968820329817869e-02
2.49850 1.966345945454165e-02
2.51051 1.963287300097536e-02
2.52252 1.959692573681665e-02
2.53453 1.955618048809528e-02
2.54655 1.951127279053863e-02
2.55856 1.946290158381332e-02
2.57057 1.941181906848184e-02
2.58258 1.935881988639795e-02
2.59459 1.930472979190108e-02
2.60661 1.925039398516773e-02
2.61862 1.919666528044706e-02
2.63063 1.914439228070052e-02
2.64264 1.909440772647136e-02
2.65465 1.904751718075429e-02
2.66667 1.900448820337725e-02
2.67868 1.896604015813199e-02
2.69069 1.893283478381116e-02
2.70270 1.890546764665759e-02
2.71471 1.888446057675645e-02
2.72673 1.887025517486283e-02
2.73874 1.886320745932286e-02
2.75075 1.886358370538727e-02
2.76276 1.887155751159969e-02
2.77477 1.888720811033108e-02
2.78679 1.891051992217974e-02
2.79880 1.894138333710343e-02
2.81081 1.897959668901887e-02
2.82282 1.902486937540038e-02
2.83483 1.907682605931476e-02
2.84685 1.913501187850551e-02
2.85886 1.919889857471954e-02
2.87087 1.926789144656384e-02
2.88288 1.934133702087228e-02
2.89489 1.941853133090854e-02
2.90691 1.949872868476533e-02
2.91892 1.958115080404457e-02
2.93093 1.966499621130437e-02
2.94294 1.974944974479381e-02
2.95495 1.983369208060559e-02
2.96697 1.991690914548041e-02
2.97898 1.999830130799660e-02
2.99099 2.007709224166576e-02
3.00300 2.015253736040290e-02
3.01502 2.022393173481625e-02
3.02703 2.029061740662600e-02
3.03904 2.035199002812436e-02
3.05105 2.040750476378412e-02
3.06306 2.045668140175711e-02
3.07508 2.049910863392808e-02
3.08709 2.053444747425916e-02
3.09910 2.056243379623035e-02
3.11111 2.058287998112092e-02
3.12312 2.059567567955440e-02
3.13514 2.060078769902995e-02
3.14715 2.059825903997529e-02
3.15916 2.058820711208364e-02
3.17117 2.057082117125303e-02
3.18318 2.054635902525512e-02
3.19520 2.051514306326128e-02
3.20721 2.047755567049336e-02
3.21922 2.043403409450868e-02
3.23123 2.038506483394597e-02
3.24324 2.033117762393512e-02
3.25526 2.027293909480700e-02
3.26727 2.021094618223463e-02
3.27928 2.014581936751193e-02
3.29129 2.007819582635630e-02
3.30330 2.000872256344148e-02
3.31532 1.993804960786998e-02
3.32733 1.986682334202929e-02
3.33934 1.979568003279883e-02
3.35135 1.972523962994701e-02
3.36336 1.965609989184421e-02
3.37538 1.958883089338927e-02
3.38739 1.952396996537445e-02
3.39940 1.946201710847319e-02
3.41141 1.940343091870021e-02
3.42342 1.934862505464182e-02
3.43544 1.929796527006136e-02
3.44745 1.925176702872492e-02
3.45946 1.921029371154012e-02
3.47147 1.917375541942571e-02
3.48348 1.914230836880079e-02
3.49550 1.911605487026489e-02
3.50751 1.909504387499297e-02
3.51952 1.907927206765132e-02
3.53153 1.906868547930082e-02
3.54354 1.906318158884097e-02
3.55556 1.906261187710157e-02
3.56757 1.906678479374428e-02
3.57958 1.907546909372269e-02
3.59159 1.908839749719021e-02
3.60360 1.910527062445615e-02
3.61562 1.912576115588360e-02
3.62763 1.914951816550070e-02
3.63964 1.917617157655985e-02
3.65165 1.920533668731738e-02
3.66366 1.923661871590732e-02
3.67568 1.926961731432598e-02
3.68769 1.930393100320655e-02
3.69970 1.933916148121293e-02
3.71171 1.937491776548750e-02
3.72372 1.941082012260822e-02
3.73574 1.944650375290556e-02
3.74775 1.948162219471377e-02
3.75976 1.951585041913466e-02
3.77177 1.954888759012772e-02
3.78378 1.958045946915321e-02
3.79580 1.961032044813493e-02
3.80781 1.963825519912155e-02
3.81982 1.966407993365724e-02
3.83183 1.968764326947182e-02
3.84384 1.970882670661606e-02
3.85586 1.972754471954998e-02
3.86787 1.974374447589478e-02
3.87988 1.975740519653665e-02
3.89189 1.976853717548459e-02
3.90390 1.977718048129522e-02
3.91592 1.978340336495452e-02
3.92793 1.978730040181944e-02
3.93994 1.978899039754868e-02
3.95195 1.978861408987298e-02
3.96396 1.978633167955659e-02
3.97598 1.978232022497625e-02
3.98799 1.977677093538799e-02
4.00000 1.976988639816790e-02
