-8.00000 1.675672091661917e-02
-7.98799 1.669482979596761e-02
-7.97598 1.662506578493489e-02
-7.96396 1.655135858774373e-02
-7.95195 1.647807583666426e-02
-7.93994 1.640990535518419e-02
-7.92793 1.635171646115514e-02
-7.91592 1.630840458688218e-02
-7.90390 1.628472420793968e-02
-7.89189 1.628511573929409e-02
-7.87988 1.631353270714615e-02
-7.86787 1.637327613853692e-02
-7.85586 1.646684368014791e-02
-7.84384 1.659580135171155e-02
-7.83183 1.676068587892153e-02
-7.81982 1.696094499952385e-02
-7.80781 1.719492173420898e-02
-7.79580 1.745988613640241e-02
-7.78378 1.775211437839496e-02
-7.77177 1.806701031478057e-02
-7.75976 1.839925932882905e-02
-7.74775 1.874299913999305e-02
-7.73574 1.909198853497165e-02
-7.72372 1.943975414028015e-02
-7.71171 1.977969883305615e-02
-7.69970 2.010516421623066e-02
-7.68769 2.040945381931463e-02
-7.67568 2.068584180848642e-02
-7.66366 2.092761041707389e-02
-7.65165 2.112817229923016e-02
-7.63964 2.128133436978002e-02
-7.62763 2.138174067824436e-02
-7.61562 2.142549042552224e-02
-7.60360 2.141086801533078e-02
-7.59159 2.133906049482142e-02
-7.57958 2.121469968779871e-02
-7.56757 2.104608098691935e-02
-7.55556 2.084499525236405e-02
-7.54354 2.062624502515853e-02
-7.53153 2.040702481381855e-02
-7.51952 2.020634668995153e-02
-7.50751 2.004469673767102e-02
-7.49550 1.994435311636836e-02
-7.48348 1.993031201928816e-02
-7.47147 2.002676335388351e-02
-7.45946 2.023699392404857e-02
-7.44745 2.052289673705860e-02
-7.43544 2.086935371438166e-02
-7.42342 2.139665940562160e-02
-7.41141 2.220077650476212e-02
-7.39940 2.303766141349206e-02
-7.38739 2.356886062848814e-02
-7.37538 2.396223348244222e-02
-7.36336 2.562499358449614e-02
-7.35135 2.500524918582605e-02
-7.33934 2.572231614259946e-02
-7.32733 2.629489727166672e-02
-7.31532 2.655701071926237e-02
-7.30330 2.651940560289330e-02
-7.29129 2.629988877565870e-02
-7.27928 2.606897932475442e-02
-7.26727 2.597342243647732e-02
-7.25526 2.607920840495466e-02
-7.24324 2.635535210580543e-02
-7.23123 2.670368832423673e-02
-7.21922 2.701067415563322e-02
-7.20721 2.719114165904777e-02
-7.19520 2.720806040919443e-02
-7.18318 2.706951182131863e-02
-7.17117 2.681332032153450e-02
-7.15916 2.648988804466088e-02
-7.14715 2.614914430864438e-02
-7.13514 2.583294823365616e-02
-7.12312 2.557181386927367e-02
-7.11111 2.538391429329172e-02
-7.09910 2.527538049826239e-02
-7.08709 2.524441996017763e-02
-7.07508 2.528824306427205e-02
-7.06306 2.539894102777648e-02
-7.05105 2.554808909586246e-02
-7.03904 2.569466636418646e-02
-7.02703 2.581958994585123e-02
-7.01502 2.593161144508874e-02
-7.00300 2.603615931933636e-02
-6.99099 2.612099993344296e-02
-6.97898 2.616930029567031e-02
-6.96697 2.617107012856906e-02
-6.95495 2.612865371795667e-02
-6.94294 2.606212903535185e-02
-6.93093 2.600626585747799e-02
-6.91892 2.599339167511028e-02
-6.90691 2.603450250583390e-02
-6.89489 2.612048280890863e-02
-6.88288 2.624910123627298e-02
-6.87087 2.644724035581254e-02
-6.85886 2.674607276528258e-02
-6.84685 2.712100596881015e-02
-6.83483 2.748182410991927e-02
-6.82282 2.777219595540462e-02
-6.81081 2.809035850375694e-02
-6.79880 2.865426194976889e-02
-6.78679 2.958030847453665e-02
-6.77477 3.069602631420982e-02
-6.76276 3.162549622981903e-02
-6.75075 3.209213676819141e-02
-6.73874 3.212647522055190e-02
-6.72673 3.197644344530001e-02
-6.71471 3.184992249013171e-02
-6.70270 3.176321879747428e-02
-6.69069 3.159841645114853e-02
-6.67868 3.124821101722533e-02
-6.66667 3.069641088615547e-02
-6.65465 3.000353843256543e-02
-6.64264 2.925844076364805e-02
-6.63063 2.854745237959208e-02
-6.61862 2.794471234202851e-02
-6.60661 2.750722045639899e-02
-6.59459 2.726782324314792e-02
-6.58258 2.722980130916015e-02
-6.57057 2.736672147047840e-02
-6.55856 2.762882059964935e-02
-6.54655 2.795694089851274e-02
-6.53453 2.830169797547117e-02
-6.52252 2.863805771734151e-02
-6.51051 2.896303149545308e-02
-6.49850 2.927400482753753e-02
-6.48649 2.954117980503582e-02
-6.47447 2.969533580759651e-02
-6.46246 2.964356063176263e-02
-6.45045 2.930790867536667e-02
-6.43844 2.867038857496173e-02
-6.42643 2.780692800829676e-02
-6.41441 2.689104574858718e-02
-6.40240 2.614213145383176e-02
-6.39039 2.571246127227641e-02
-6.37838 2.557095771456426e-02
-6.36637 2.549248036473235e-02
-6.35435 2.520365346025675e-02
-6.34234 2.458660942066698e-02
-6.33033 2.376354174085568e-02
-6.31832 2.298877228269793e-02
-6.30631 2.245372057680394e-02
-6.29429 2.217030820311865e-02
-6.28228 2.200303828910986e-02
-6.27027 2.179401203470159e-02
-6.25826 2.147449693947833e-02
-6.24625 2.108906002450033e-02
-6.23423 2.073357985280472e-02
-6.22222 2.047234201700323e-02
-6.21021 2.030165894893900e-02
-6.19820 2.017219446449882e-02
-6.18619 2.003213098553810e-02
-6.17417 1.985331044967793e-02
-6.16216 1.963303402822552e-02
-6.15015 1.938432460696791e-02
-6.13814 1.912608265781868e-02
-6.12613 1.887617333995710e-02
-6.11411 1.864667975337378e-02
-6.10210 1.844114405682002e-02
-6.09009 1.825448423574788e-02
-6.07808 1.807571058601195e-02
-6.06607 1.789232626525668e-02
-6.05405 1.769459679873236e-02
-6.04204 1.747818362181399e-02
-6.03003 1.724459416111097e-02
-6.01802 1.699984052633328e-02
-6.00601 1.675218517849287e-02
-5.99399 1.650985040796301e-02
-5.98198 1.627929113951894e-02
-5.96997 1.606430419776698e-02
-5.95796 1.586598952705582e-02
-5.94595 1.568340655462041e-02
-5.93393 1.551466089475971e-02
-5.92192 1.535810060312038e-02
-5.90991 1.521330026402689e-02
-5.89790 1.508156891031919e-02
-5.88589 1.496582690121979e-02
-5.87387 1.486984092478884e-02
-5.86186 1.479696663835353e-02
-5.84985 1.474870537388258e-02
-5.83784 1.472350508894519e-02
-5.82583 1.471627721850765e-02
-5.81381 1.471899909230383e-02
-5.80180 1.472248875831341e-02
-5.78979 1.471901541795878e-02
-5.77778 1.470498910810832e-02
-5.76577 1.468275129964991e-02
-5.75375 1.466056665323903e-02
-5.74174 1.465022916659929e-02
-5.72973 1.466220100116862e-02
-5.71772 1.469922865358507e-02
-5.70571 1.475137428127277e-02
-5.69369 1.479734998707619e-02
-5.68168 1.481519067134418e-02
-5.66967 1.480228179926211e-02
-5.65766 1.480077386396320e-02
-5.64565 1.482362370005239e-02
-5.63363 1.484675037821771e-02
-5.62162 1.528074802320847e-02
-5.60961 1.583379675710514e-02
-5.59760 1.535690928555172e-02
-5.58559 1.462284447270317e-02
-5.57357 1.425721447518523e-02
-5.56156 1.386371068863049e-02
-5.54955 1.342750571931299e-02
-5.53754 1.300272275409428e-02
-5.52553 1.257054150541304e-02
-5.51351 1.214199443534088e-02
-5.50150 1.175528942628350e-02
-5.48949 1.145266877931009e-02
-5.47748 1.126043047973227e-02
-5.46547 1.117956490418472e-02
-5.45345 1.118938638719686e-02
-5.44144 1.125796670122069e-02
-5.42943 1.135232597595274e-02
-5.41742 1.144489575361383e-02
-5.40541 1.151609329263071e-02
-5.39339 1.155431692264439e-02
-5.38138 1.155473826105002e-02
-5.36937 1.151778224011429e-02
-5.35736 1.144768664031920e-02
-5.34535 1.135123279074946e-02
-5.33333 1.123666192417174e-02
-5.32132 1.111285893530040e-02
-5.30931 1.098898425122189e-02
-5.29730 1.087476165505175e-02
-5.28529 1.078148805037928e-02
-5.27327 1.072342761125194e-02
-5.26126 1.071861099755878e-02
-5.24925 1.078757016948294e-02
-5.23724 1.094905890859930e-02
-5.22523 1.121406375198735e-02
-5.21321 1.158257885307512e-02
-5.20120 1.204844263311422e-02
-5.18919 1.261230118484690e-02
-5.17718 1.329243021258200e-02
-5.16517 1.411666901326477e-02
-5.15315 1.508748518858936e-02
-5.14114 1.613640810122562e-02
-5.12913 1.710524493649306e-02
-5.11712 1.778539021842532e-02
-5.10511 1.800920978357928e-02
-5.09309 1.774540311681783e-02
-5.08108 1.713821763820832e-02
-5.06907 1.645985101267687e-02
-5.05706 1.599788978719183e-02
-5.04505 1.594311063719504e-02
-5.03303 1.634410883558124e-02
-5.02102 1.713736807974067e-02
-5.00901 1.818710160109460e-02
-4.99700 1.927612260377665e-02
-4.98498 2.009938317886751e-02
-4.97297 2.037236867085430e-02
-4.96096 2.003261141883033e-02
-4.94895 1.932855871856646e-02
-4.93694 1.865037100554845e-02
-4.92492 1.824180463824781e-02
-4.91291 1.807231966189805e-02
-4.90090 1.795816148923062e-02
-4.88889 1.776224216918278e-02
-4.87688 1.748137563887814e-02
-4.86486 1.719940747932539e-02
-4.85285 1.700441381629192e-02
-4.84084 1.694526211139707e-02
-4.82883 1.702990229158421e-02
-4.81682 1.723685600533792e-02
-4.80480 1.752366533197939e-02
-4.79279 1.783345144366174e-02
-4.78078 1.810471208842792e-02
-4.76877 1.828489352971603e-02
-4.75676 1.837691955537612e-02
-4.74474 1.844663556576718e-02
-4.73273 1.822482458186013e-02
-4.72072 1.793729724419490e-02
-4.70871 1.777096705651695e-02
-4.69670 1.767563542606082e-02
-4.68468 1.766913166505341e-02
-4.67267 1.773488605786780e-02
-4.66066 1.783309026295974e-02
-4.64865 1.792278375481288e-02
-4.63664 1.798169604473979e-02
-4.62462 1.801186101500669e-02
-4.61261 1.802948844136660e-02
-4.60060 1.804842011505687e-02
-4.58859 1.806891379087907e-02
-4.57658 1.807615154881911e-02
-4.56456 1.805182452168599e-02
-4.55255 1.801434227770736e-02
-4.54054 1.784470154765035e-02
-4.52853 1.873692948758054e-02
-4.51652 1.941564280390252e-02
-4.50450 1.734512785598597e-02
-4.49249 1.726558413114400e-02
-4.48048 1.718367368550482e-02
-4.46847 1.723105475412021e-02
-4.45646 1.735934540951079e-02
-4.44444 1.754547057351198e-02
-4.43243 1.776636351850103e-02
-4.42042 1.799931014629342e-02
-4.40841 1.822735923130105e-02
-4.39640 1.844103328675972e-02
-4.38438 1.863882851547347e-02
-4.37237 1.882783460400390e-02
-4.36036 1.902432155594362e-02
-4.34835 1.925199902537412e-02
-4.33634 1.953511577034444e-02
-4.32432 1.988627118996797e-02
-4.31231 2.029377685464662e-02
-4.30030 2.071683290996595e-02
-4.28829 2.109476705272479e-02
-4.27628 2.136897597272096e-02
-4.26426 2.150765092712828e-02
-4.25225 2.152026181153650e-02
-4.24024 2.148257942386212e-02
-4.22823 2.181821632532169e-02
-4.21622 2.204115673566712e-02
-4.20420 2.145837097018630e-02
-4.19219 2.166484333597342e-02
-4.18018 2.188609948308214e-02
-4.16817 2.213766827913573e-02
-4.15616 2.234524730553418e-02
-4.14414 2.247904982937172e-02
-4.13213 2.253140504290081e-02
-4.12012 2.251342886817934e-02
-4.10811 2.244664240148260e-02
-4.09610 2.235746471310993e-02
-4.08408 2.227534090180840e-02
-4.07207 2.223123351588932e-02
-4.06006 2.225357522546128e-02
-4.04805 2.236226460752180e-02
-4.03604 2.256428300377198e-02
-4.02402 2.285437020731033e-02
-4.01201 2.322064071997332e-02
-4.00000 2.365036519968447e-02
-3.98799 2.412954815750180e-02
-3.97598 2.463451503610026e-02
-3.96396 2.512248191833589e-02
-3.95195 2.553336366525330e-02
-3.93994 2.580968058000386e-02
-3.92793 2.592695306692978e-02
-3.91592 2.591499359486165e-02
-3.90390 2.585288646922184e-02
-3.89189 2.583736970668434e-02
-3.87988 2.594273445483080e-02
-3.86787 2.619545419940906e-02
-3.85586 2.657505831124010e-02
-3.84384 2.703486818126228e-02
-3.83183 2.752719398298750e-02
-3.81982 2.801790424337649e-02
-3.80781 2.848685625974434e-02
-3.79580 2.892160234581656e-02
-3.78378 2.931109124729728e-02
-3.77177 2.964378464117492e-02
-3.75976 2.990980349861625e-02
-3.74775 3.010419617004648e-02
-3.73574 3.022823815175865e-02
-3.72372 3.028685912044751e-02
-3.71171 3.028335410997095e-02
-3.69970 3.021653545002983e-02
-3.68769 3.008695209639731e-02
-3.67568 2.991343923179586e-02
-3.66366 2.974908064764879e-02
-3.65165 2.967617248719227e-02
-3.63964 2.976738542736548e-02
-3.62763 3.002855864104224e-02
-3.61562 3.036839187172469e-02
-3.60360 3.063956701613716e-02
-3.59159 3.074627987426921e-02
-3.57958 3.073768370155192e-02
-3.56757 3.077778850421598e-02
-3.55556 3.097286418511888e-02
-3.54354 3.120376068767697e-02
-3.53153 3.115948948547689e-02
-3.51952 3.057944097432916e-02
-3.50751 2.947509426940842e-02
-3.49550 2.811990884173776e-02
-3.48348 2.684728951678160e-02
-3.47147 2.586362805428095e-02
-3.45946 2.520883671051125e-02
-3.44745 2.483729405771587e-02
-3.43544 2.470111213925435e-02
-3.42342 2.469095290881271e-02
-3.41141 2.461619324358845e-02
-3.39940 2.441466899163708e-02
-3.38739 2.375129921828229e-02
-3.37538 2.421654157957169e-02
-3.36336 2.323219832983715e-02
-3.35135 2.301120688110038e-02
-3.33934 2.269096411744173e-02
-3.32733 2.240946818409351e-02
-3.31532 2.231514476979084e-02
-3.30330 2.232169828257822e-02
-3.29129 2.228676225170372e-02
-3.27928 2.220208707784294e-02
-3.26727 2.210383109232033e-02
-3.25526 2.201435450940472e-02
-3.24324 2.195494806285516e-02
-3.23123 2.194562247047459e-02
-3.21922 2.199841968023707e-02
-3.20721 2.211578905250747e-02
-3.19520 2.229039938339125e-02
-3.18318 2.250496566189435e-02
-3.17117 2.273354585442782e-02
-3.15916 2.294530591574432e-02
-3.14715 2.311012313711365e-02
-3.13514 2.320418861007726e-02
-3.12312 2.321368678481102e-02
-3.11111 2.313553041207371e-02
-3.09910 2.297537115573934e-02
-3.08709 2.274405136475871e-02
-3.07508 2.245397610511682e-02
-3.06306 2.211658744006981e-02
-3.05105 2.174155751507373e-02
-3.03904 2.133393674642278e-02
-3.02703 2.095453052632905e-02
-3.01502 2.064160067191581e-02
-3.00300 2.121817670446081e-02
-2.99099 1.958120576072320e-02
-2.97898 1.922138093668591e-02
-2.96697 1.882375467642140e-02
-2.95495 1.850061050338291e-02
-2.94294 1.822725968367494e-02
-2.93093 1.800758094691747e-02
-2.91892 1.783965027250410e-02
-2.90691 1.771827482941622e-02
-2.89489 1.763583918846739e-02
-2.88288 1.758336999196384e-02
-2.87087 1.755156226630614e-02
-2.85886 1.753164037195980e-02
-2.84685 1.751598442954766e-02
-2.83483 1.749850379946449e-02
-2.82282 1.747477694578121e-02
-2.81081 1.744200036787245e-02
-2.79880 1.739879999092816e-02
-2.78679 1.734495949408075e-02
-2.77477 1.728111460077595e-02
-2.76276 1.720845297881551e-02
-2.75075 1.712844823429373e-02
-2.73874 1.704264539583061e-02
-2.72673 1.695250591043678e-02
-2.71471 1.685931321236559e-02
-2.70270 1.676413359699123e-02
-2.69069 1.666781733564749e-02
-2.67868 1.657101220954195e-02
-2.66667 1.647416196414038e-02
-2.65465 1.637748951468994e-02
-2.64264 1.628118654621327e-02
-2.63063 1.618511074936888e-02
-2.61862 1.609169285871185e-02
-2.60661 1.600046697286314e-02
-2.59459 1.590462980386751e-02
-2.58258 1.581426504366033e-02
-2.57057 1.572338818570191e-02
-2.55856 1.563033474472872e-02
-2.54655 1.553393386349596e-02
-2.53453 1.543475391368213e-02
-2.52252 1.533441971775958e-02
-2.51051 1.523452755933271e-02
-2.49850 1.513611012973415e-02
-2.48649 1.503997787373539e-02
-2.47447 1.494747212616623e-02
-2.46246 1.486109274732137e-02
-2.45045 1.478483201166979e-02
-2.43844 1.472404701512704e-02
-2.42643 1.468432111059335e-02
-2.41441 1.466905575810185e-02
-2.40240 1.467724171997360e-02
-2.39039 1.470437845976584e-02
-2.37838 1.474735746949728e-02
-2.36637 1.480818083384950e-02
-2.35435 1.488913049033551e-02
-2.34234 1.498085314525111e-02
-2.33033 1.505733731439464e-02
-2.31832 1.508903169054546e-02
-2.30631 1.506461581951358e-02
-2.29429 1.499841193646925e-02
-2.28228 1.491488841263877e-02
-2.27027 1.482739056765546e-02
-2.25826 1.473237839836418e-02
-2.24625 1.462040767021806e-02
-2.23423 1.448858300464527e-02
-2.22222 1.434327847426297e-02
-2.21021 1.419514826174024e-02
-2.19820 1.405385183177259e-02
-2.18619 1.392604852304995e-02
-2.17417 1.381556435983286e-02
-2.16216 1.372381807704133e-02
-2.15015 1.364993992960398e-02
-2.13814 1.359093263986092e-02
-2.12613 1.354218364456711e-02
-2.11411 1.349826931515569e-02
-2.10210 1.345374689356517e-02
-2.09009 1.340361567741241e-02
-2.07808 1.334338938534020e-02
-2.06607 1.326923056212259e-02
-2.05405 1.317906298698260e-02
-2.04204 1.307541378782559e-02
-2.03003 1.296883415984969e-02
-2.01802 1.287704775737040e-02
-2.00601 1.281767613631084e-02
-1.99399 1.280442778498894e-02
-1.98198 1.284325364667402e-02
-1.96997 1.291328989014065e-02
-1.95796 1.297045928366602e-02
-1.94595 1.305832010074014e-02
-1.93393 1.280706958352000e-02
-1.92192 1.267624891346581e-02
-1.90991 1.250968171039154e-02
-1.89790 1.230341109597159e-02
-1.88589 1.210034443219310e-02
-1.87387 1.193855569392157e-02
-1.86186 1.182457775995865e-02
-1.84985 1.174125525247477e-02
-1.83784 1.167082168472005e-02
-1.82583 1.160700273614049e-02
-1.81381 1.155152609354089e-02
-1.80180 1.150708751057345e-02
-1.78979 1.147480754000576e-02
-1.77778 1.145483055316334e-02
-1.76577 1.144684775376065e-02
-1.75375 1.144987529543641e-02
-1.74174 1.146198296596630e-02
-1.72973 1.148036007363173e-02
-1.71772 1.150162264208851e-02
-1.70571 1.152216058652278e-02
-1.69369 1.153841637947993e-02
-1.68168 1.154711593283035e-02
-1.66967 1.154544382668119e-02
-1.65766 1.153107305131073e-02
-1.64565 1.150219103127324e-02
-1.63363 1.145756602822087e-02
-1.62162 1.139602781881508e-02
-1.60961 1.131789356114559e-02
-1.59760 1.122359835779252e-02
-1.58559 1.111395996071542e-02
-1.57357 1.098990338182195e-02
-1.56156 1.085250045919090e-02
-1.54955 1.070304003025823e-02
-1.53754 1.054302534542938e-02
-1.52553 1.037414124869783e-02
-1.51351 1.019821613088916e-02
-1.50150 1.001717227541774e-02
-1.48949 9.832976302207178e-03
-1.47748 9.647611527926207e-03
-1.46547 9.463079027947942e-03
-1.45345 9.281414429686149e-03
-1.44144 9.104694280097329e-03
-1.42943 8.935007746599621e-03
-1.41742 8.774390480040794e-03
-1.40541 8.624741800022727e-03
-1.39339 8.487751014754574e-03
-1.38138 8.364842456703138e-03
-1.36937 8.257132935659887e-03
-1.35736 8.165395619202240e-03
-1.34535 8.090034588260202e-03
-1.33333 8.031079009279355e-03
-1.32132 7.988200142671509e-03
-1.30931 7.960745984576231e-03
-1.29730 7.947785340837074e-03
-1.28529 7.948155911227084e-03
-1.27327 7.960514737506960e-03
-1.26126 7.983390543667861e-03
-1.24925 8.015236148770987e-03
-1.23724 8.054477343608542e-03
-1.22523 8.099554090757645e-03
-1.21321 8.148951031506577e-03
-1.20120 8.201214449101700e-03
-1.18919 8.255051458131588e-03
-1.17718 8.309491929892979e-03
-1.16517 8.363176670944803e-03
-1.15315 8.412496348972011e-03
-1.14114 8.459642291296374e-03
-1.12913 8.502442966279496e-03
-1.11712 8.539744257177439e-03
-1.10511 8.570551222867286e-03
-1.09309 8.593905059626671e-03
-1.08108 8.608891625893152e-03
-1.06907 8.614649167765312e-03
-1.05706 8.610380601666230e-03
-1.04505 8.595370400131428e-03
-1.03303 8.569005745194428e-03
-1.02102 8.530801125601188e-03
-1.00901 8.480425134460120e-03
-0.99700 8.417727918174451e-03
-0.98498 8.342767539076697e-03
-0.97297 8.255833421739640e-03
-0.96096 8.157465033248342e-03
-0.94895 8.048463992976230e-03
-0.93694 7.929897931051207e-03
-0.92492 7.803094658226817e-03
-0.91291 7.669625555842717e-03
-0.90090 7.531276011882404e-03
-0.88889 7.390010482053304e-03
-0.87688 7.247957985152423e-03
-0.86486 7.107155562801553e-03
-0.85285 6.970073993239314e-03
-0.84084 6.839456213374616e-03
-0.82883 6.714834260457823e-03
-0.81682 6.598967751670075e-03
-0.80480 6.494721118689219e-03
-0.79279 6.402235988102934e-03
-0.78078 6.322338728735449e-03
-0.76877 6.255426863919648e-03
-0.75676 6.201461126979592e-03
-0.74474 6.160059699836630e-03
-0.73273 6.130505276121408e-03
-0.72072 6.111803724921615e-03
-0.70871 6.102757000468389e-03
-0.69670 6.102046083225349e-03
-0.68468 6.108318329703403e-03
-0.67267 6.120272032826356e-03
-0.66066 6.136730759061089e-03
-0.64865 6.156700534278219e-03
-0.63664 6.179404263760072e-03
-0.62462 6.204289771183123e-03
-0.61261 6.231010470528192e-03
-0.60060 6.259381938494074e-03
-0.58859 6.289322287636084e-03
-0.57658 6.320774773662354e-03
-0.56456 6.353599351814148e-03
-0.55255 6.387504670356599e-03
-0.54054 6.422133608232857e-03
-0.52853 6.457013798774136e-03
-0.51652 6.491103363312105e-03
-0.50450 6.522810781733012e-03
-0.49249 6.550844135380567e-03
-0.48048 6.574349767530052e-03
-0.46847 6.592218160635512e-03
-0.45646 6.603124466838896e-03
-0.44444 6.606109544648651e-03
-0.43243 6.600746077071362e-03
-0.42042 6.587085071697295e-03
-0.40841 6.565707872517668e-03
-0.39640 6.537786728087726e-03
-0.38438 6.505074815361568e-03
-0.37237 6.469842414259718e-03
-0.36036 6.434768508389867e-03
-0.34835 6.402785439920044e-03
-0.33634 6.376877381357253e-03
-0.32432 6.359837050977401e-03
-0.31231 6.354000547155992e-03
-0.30030 6.361027600854986e-03
-0.28829 6.381767845767385e-03
-0.27628 6.415967215555622e-03
-0.26426 6.461612698035167e-03
-0.25225 6.515367564380085e-03
-0.24024 6.576440762290919e-03
-0.22823 6.647506471745408e-03
-0.21622 6.722412344455886e-03
-0.20420 6.784042055378557e-03
-0.19219 6.828702812981032e-03
-0.18018 6.869157445740394e-03
-0.16817 6.910867326014001e-03
-0.15616 6.947473336505965e-03
-0.14414 6.972493840189656e-03
-0.13213 6.983956313631527e-03
-0.12012 6.981990727670155e-03
-0.10811 6.967588194966861e-03
-0.09610 6.943341244739284e-03
-0.08408 6.913342050300537e-03
-0.07207 6.881413469748476e-03
-0.06006 6.849246927633281e-03
-0.04805 6.814918929002801e-03
-0.03604 6.775043743974258e-03
-0.02402 6.728423836099332e-03
-0.01201 6.673589075885504e-03
0.00000 6.613429862770431e-03
0.01201 6.555023199507000e-03
0.02402 6.502564768630576e-03
0.03604 6.458538852028810e-03
0.04805 6.425726757029899e-03
0.06006 6.406153224145451e-03
0.07207 6.400673574452044e-03
0.08408 6.409548117406368e-03
0.09610 6.432425569660962e-03
0.10811 6.468573370496593e-03
0.12012 6.517377502296599e-03
0.13213 6.578595042273995e-03
0.14414 6.653125959553334e-03
0.15616 6.742985898236524e-03
0.16817 6.848520164592474e-03
0.18018 6.966090777207044e-03
0.19219 7.092040548541670e-03
0.20420 7.226829993244184e-03
0.21622 7.368809755073184e-03
0.22823 7.513526433629344e-03
0.24024 7.665071089335108e-03
0.25225 7.829505660367423e-03
0.26426 8.000874830479869e-03
0.27628 8.170338572124973e-03
0.28829 8.338280059870244e-03
0.30030 8.508445176060822e-03
0.31231 8.680007801957738e-03
0.32432 8.850173227104128e-03
0.33634 9.017846663217491e-03
0.34835 9.182569509644630e-03
0.36036 9.342949929823721e-03
0.37237 9.496396126179732e-03
0.38438 9.639390121159138e-03
0.39640 9.768335294497277e-03
0.40841 9.880850041046262e-03
0.42042 9.976694251482779e-03
0.43243 1.005765760456114e-02
0.44444 1.012647417953691e-02
0.45646 1.018550251925184e-02
0.46847 1.023560086187042e-02
0.48048 1.027655816556536e-02
0.49249 1.030718972370004e-02
0.50450 1.032630362545984e-02
0.51652 1.033317091505420e-02
0.52853 1.032771425856306e-02
0.54054 1.031045973368852e-02
0.55255 1.028238629096666e-02
0.56456 1.024476609213185e-02
0.57658 1.019903658293628e-02
0.58859 1.014671479124340e-02
0.60060 1.008935085981285e-02
0.61261 1.002851099511911e-02
0.62462 9.965776914836754e-03
0.63664 9.902749818091007e-03
0.64865 9.841050834228720e-03
0.66066 9.782314523557911e-03
0.67267 9.728175502261280e-03
0.68468 9.680250064310423e-03
0.69670 9.640115081092712e-03
0.70871 9.609286084743741e-03
0.72072 9.589195820703281e-03
0.73273 9.581174010470886e-03
0.74474 9.586428711503416e-03
0.75676 9.606029480750462e-03
0.76877 9.640892475365497e-03
0.78078 9.691767597847480e-03
0.79279 9.759227777841797e-03
0.80480 9.843660466261693e-03
0.81682 9.945261398471066e-03
0.82883 1.006403066429707e-02
0.84084 1.019977110482600e-02
0.85285 1.035208903878410e-02
0.86486 1.052039730354878e-02
0.87688 1.070392057642532e-02
0.88889 1.090170292039677e-02
0.90090 1.111261747543751e-02
0.91291 1.133537819242271e-02
0.92492 1.156855348255970e-02
0.93694 1.181058163194633e-02
0.94895 1.205978780899393e-02
0.96096 1.231440247253973e-02
0.97297 1.257258097086090e-02
0.98498 1.283242410673026e-02
0.99700 1.309199943129322e-02
1.00901 1.334936302001243e-02
1.02102 1.360258147731389e-02
1.03303 1.384975391293422e-02
1.04505 1.408903363234588e-02
1.05706 1.431864928603810e-02
1.06907 1.453692522782557e-02
1.08108 1.474230084069878e-02
1.09309 1.493334859992912e-02
1.10511 1.510879065708257e-02
1.11712 1.526751374513429e-02
1.12913 1.540858222382901e-02
1.14114 1.553124910560105e-02
1.15315 1.563496492551695e-02
1.16517 1.571938434358141e-02
1.17718 1.578437039407841e-02
1.18919 1.582999632410912e-02
1.20120 1.585654499182882e-02
1.21321 1.586450582375476e-02
1.22523 1.585456935958446e-02
1.23724 1.582761944189383e-02
1.24925 1.578472313653617e-02
1.26126 1.572711849719922e-02
1.27327 1.565620031406267e-02
1.28529 1.557350401150827e-02
1.29730 1.548068788305287e-02
1.30931 1.537951387280424e-02
1.32132 1.527182713149846e-02
1.33333 1.515953459130994e-02
1.34535 1.504458281690029e-02
1.35736 1.492893540038582e-02
1.36937 1.481455017489212e-02
1.38138 1.470335652498951e-02
1.39339 1.459723307247636e-02
1.40541 1.449798601264295e-02
1.41742 1.440732836929774e-02
1.42943 1.432686042650690e-02
1.44144 1.425805158126654e-02
1.45345 1.420222384432348e-02
1.46547 1.416053719625859e-02
1.47748 1.413397698296423e-02
1.48949 1.412334350904889e-02
1.50150 1.412924395979077e-02
1.51351 1.415208675238171e-02
1.52553 1.419207838573194e-02
1.53754 1.424922282545324e-02
1.54955 1.432332342723759e-02
1.56156 1.441398736815529e-02
1.57357 1.452063252187856e-02
1.58559 1.464249668096751e-02
1.59760 1.477864899761293e-02
1.60961 1.492800348407672e-02
1.62162 1.508933438596299e-02
1.63363 1.526129321581650e-02
1.64565 1.544242721177963e-02
1.65766 1.563119896650957e-02
1.66967 1.582600695557593e-02
1.68168 1.602520668239968e-02
1.69369 1.622713214866563e-02
1.70571 1.643011735519486e-02
1.71772 1.663251753859349e-02
1.72973 1.683272985361556e-02
1.74174 1.702921322005273e-02
1.75375 1.722050706597255e-02
1.76577 1.740524871609327e-02
1.77778 1.758218919476156e-02
1.78979 1.775020723707988e-02
1.80180 1.790832132885507e-02
1.81381 1.805569962578707e-02
1.82583 1.819166763423356e-02
1.83784 1.831571356947207e-02
1.84985 1.842749134211128e-02
1.86186 1.852682115863462e-02
1.87387 1.861368775743268e-02
1.88589 1.868823633654246e-02
1.89790 1.875076626311105e-02
1.90991 1.880172268680864e-02
1.92192 1.884168620952880e-02
1.93393 1.887136079126362e-02
1.94595 1.889156009660544e-02
1.95796 1.890319250753295e-02
1.96997 1.890724504567039e-02
1.98198 1.890476646081527e-02
1.99399 1.889684975202186e-02
2.00601 1.888461439279206e-02
2.01802 1.886918853291206e-02
2.03003 1.885169144621097e-02
2.04204 1.883321648609762e-02
2.05405 1.881481479932022e-02
2.06607 1.879748003321371e-02
2.07808 1.878213425304094e-02
2.09009 1.876961526423425e-02
2.10210 1.876066550979339e-02
2.11411 1.875592268622092e-02
2.12613 1.875591219263915e-02
2.13814 1.876104149761795e-02
2.15015 1.877159647725050e-02
2.16216 1.878773974665377e-02
2.17417 1.880951097584565e-02
2.18619 1.883682915035957e-02
2.19820 1.886949670747587e-02
2.21021 1.890720545102929e-02
2.22222 1.894954412181242e-02
2.23423 1.899600747701380e-02
2.24625 1.904600671124141e-02
2.25826 1.909888103377141e-02
2.27027 1.915391020195758e-02
2.28228 1.921032779941640e-02
2.29429 1.926733503977818e-02
2.30631 1.932411487252825e-02
2.31832 1.937984616674941e-02
2.33033 1.943371775136202e-02
2.34234 1.948494209662756e-02
2.35435 1.953276843106904e-02
2.36637 1.957649510035672e-02
2.37838 1.961548098985075e-02
2.39039 1.964915585009046e-02
2.40240 1.967702938424478e-02
2.41441 1.969869897803547e-02
2.42643 1.971385597553994e-02
2.43844 1.972229042818637e-02
2.45045 1.972389426877456e-02
2.46246 1.971866288709755e-02
2.47447 1.970669510831202e-02
2.48649 1.968819159923274e-02
2.49850 1.966345175085027e-02
2.51051 1.963286910725556e-02
2.52252 1.959692543149323e-02
2.53453 1.955618351738338e-02
2.54655 1.951127887280972e-02
2.55856 1.946291041417109e-02
2.57057 1.941183032347454e-02
2.58258 1.935883322879432e-02
2.59459 1.930474487545921e-02
2.60661 1.925041045932911e-02
2.61862 1.919668279489188e-02
2.63063 1.914441048970543e-02
2.64264 1.909442629301598e-02
2.65465 1.904753578032915e-02
2.66667 1.900450652745219e-02
2.67868 1.896605791725121e-02
2.69069 1.893285171028800e-02
2.70270 1.890548349684947e-02
2.71471 1.888447513290766e-02
2.72673 1.887026824650975e-02
2.73874 1.886321888426312e-02
2.75075 1.886359335022089e-02
2.76276 1.887156527185602e-02
2.77477 1.888721391020114e-02
2.78679 1.891052371387831e-02
2.79880 1.894138509988965e-02
2.81081 1.897959642790773e-02
2.82282 1.902486711960032e-02
2.83483 1.907682186042905e-02
2.84685 1.913500580853648e-02
2.85886 1.919889072391554e-02
2.87087 1.926788192114916e-02
2.88288 1.934132594069966e-02
2.89489 1.941851882707288e-02
2.90691 1.949871489721566e-02
2.91892 1.958113587922921e-02
2.93093 1.966498029988158e-02
2.94294 1.974943299943766e-02
2.95495 1.983367465393326e-02
2.96697 1.991689118812372e-02
2.97898 1.999828296683736e-02
2.99099 2.007707365825034e-02
3.00300 2.015251866954804e-02
3.01502 2.022391306341431e-02
3.02703 2.029059887265425e-02
3.03904 2.035197173985950e-02
3.05105 2.040748681921981e-02
3.06306 2.045666388821932e-02
3.07508 2.049909162788031e-02
3.08709 2.053443104128696e-02
3.09910 2.056241799119240e-02
3.11111 2.058286484845220e-02
3.12312 2.059566125370524e-02
3.13514 2.060077400502379e-02
3.14715 2.059824609406699e-02
3.15916 2.058819492249978e-02
3.17117 2.057080973899543e-02
3.18318 2.054634834494899e-02
3.19520 2.051513312402983e-02
3.20721 2.047754645684133e-02
3.21922 2.043402558719848e-02
3.23123 2.038505701085076e-02
3.24324 2.033117046085511e-02
3.25526 2.027293256623631e-02
3.26727 2.021094026206780e-02
3.27928 2.014581402968100e-02
3.29129 2.007819104539095e-02
3.30330 2.000871831494662e-02
3.31532 1.993804586891701e-02
3.32733 1.986682009145890e-02
3.33934 1.979567725143503e-02
3.35135 1.972523730072369e-02
3.36336 1.965609799984688e-02
3.37538 1.958882942581641e-02
3.38739 1.952396891142380e-02
3.39940 1.946201645915970e-02
3.41141 1.940343066661316e-02
3.42342 1.934862519364957e-02
3.43544 1.929796579497269e-02
3.44745 1.925176793491656e-02
3.45946 1.921029499456010e-02
3.47147 1.917375707458251e-02
3.48348 1.914231039074818e-02
3.49550 1.911605725259194e-02
3.50751 1.909504660982874e-02
3.51952 1.907927514529285e-02
3.53153 1.906868888787279e-02
3.54354 1.906318531399442e-02
3.55556 1.906261590175848e-02
3.56757 1.906678909789372e-02
3.57958 1.907547365427363e-02
3.59159 1.908840228788471e-02
3.60360 1.910527561584615e-02
3.61562 1.912576631537300e-02
3.62763 1.914952345745407e-02
3.63964 1.917617696247755e-02
3.65165 1.920534212607660e-02
3.66366 1.923662416406716e-02
3.67568 1.926962272649451e-02
3.68769 1.930393633246669e-02
3.69970 1.933916667960387e-02
3.71171 1.937492278453751e-02
3.72372 1.941082491391486e-02
3.73574 1.944650826875876e-02
3.74775 1.948162638875736e-02
3.75976 1.951585424706190e-02
3.77177 1.954889101040635e-02
3.78378 1.958046244377613e-02
3.79580 1.961032294339244e-02
3.80781 1.963825718639157e-02
3.81982 1.966408139021023e-02
3.83183 1.968764417928723e-02
3.84384 1.970882706120727e-02
3.85586 1.972754451879480e-02
3.86787 1.974374372886799e-02
3.87988 1.975740392234098e-02
3.89189 1.976853540407508e-02
3.90390 1.977717825429109e-02
3.91592 1.978340073643028e-02
3.92793 1.978729743906486e-02
3.93994 1.978898718178370e-02
3.95195 1.978861071689992e-02
3.96396 1.978632826032698e-02
3.97598 1.978231688604390e-02
3.98799 1.977676781921324e-02
4.00000 1.976988366323024e-02
