-8.00000 2.466196948538193e-03
-7.98799 2.496903974732332e-03
-7.97598 2.525417575674406e-03
-7.96396 2.552521749778544e-03
-7.95195 2.579225229837925e-03
-7.93994 2.606746811350421e-03
-7.92793 2.636488843361288e-03
-7.91592 2.669998392062270e-03
-7.90390 2.708916200893726e-03
-7.89189 2.754914435931138e-03
-7.87988 2.809625337931440e-03
-7.86787 2.874564268892441e-03
-7.85586 2.951052134540322e-03
-7.84384 3.040143584009581e-03
-7.83183 3.142568428580635e-03
-7.81982 3.258693982460674e-03
-7.80781 3.388515058452748e-03
-7.79580 3.531675733460663e-03
-7.78378 3.687522486009145e-03
-7.77177 3.855181994238932e-03
-7.75976 4.033649384184854e-03
-7.74775 4.221865314757303e-03
-7.73574 4.418754959535341e-03
-7.72372 4.623201236970774e-03
-7.71171 4.833931251416897e-03
-7.69970 5.049310985392613e-03
-7.68769 5.267069372930146e-03
-7.67568 5.484006621482125e-03
-7.66366 5.695776492683401e-03
-7.65165 5.896856850411514e-03
-7.63964 6.080821988020309e-03
-7.62763 6.240988913928928e-03
-7.61562 6.371420143676305e-03
-7.60360 6.468137557412669e-03
-7.59159 6.530273443150025e-03
-7.57958 6.560825937296233e-03
-7.56757 6.566786997777685e-03
-7.55556 6.558739575175027e-03
-7.54354 6.550527000862861e-03
-7.53153 6.559991731051469e-03
-7.51952 6.611636798939923e-03
-7.50751 6.741487154247363e-03
-7.49550 7.003978396620680e-03
-7.48348 7.476994314251021e-03
-7.47147 8.241974950048052e-03
-7.45946 9.293654758492687e-03
-7.44745 1.044476328964869e-02
-7.43544 1.154875192636323e-02
-7.42342 1.293136729525224e-02
-7.41141 1.491083267054505e-02
-7.39940 1.681072939029180e-02
-7.38739 1.785880686289963e-02
-7.37538 1.997365324390890e-02
-7.36336 3.995949539224734e-02
-7.35135 2.869798408702211e-02
-7.33934 3.500302515606814e-02
-7.32733 4.181014601240135e-02
-7.31532 4.659403690303457e-02
-7.30330 4.808272340323115e-02
-7.29129 4.631780494297219e-02
-7.27928 4.252528103660384e-02
-7.26727 3.852909348766107e-02
-7.25526 3.597313814105969e-02
-7.24324 3.570446973223140e-02
-7.23123 3.759639975043499e-02
-7.21922 4.080217504086989e-02
-7.20721 4.422037544770158e-02
-7.19520 4.691998044375522e-02
-7.18318 4.837235899013076e-02
-7.17117 4.847308681154686e-02
-7.15916 4.742882135775404e-02
-7.14715 4.560595102289503e-02
-7.13514 4.340759427949257e-02
-7.12312 4.120081323614760e-02
-7.11111 3.928458089918178e-02
-7.09910 3.787926825657393e-02
-7.08709 3.712344358769920e-02
-7.07508 3.707289195657109e-02
-7.06306 3.770306361978135e-02
-7.05105 3.891789186172899e-02
-7.03904 4.056614617162329e-02
-7.02703 4.246321382646417e-02
-7.01502 4.441389919603281e-02
-7.00300 4.623226795659274e-02
-6.99099 4.775708147865211e-02
-6.97898 4.886346710676225e-02
-6.96697 4.947158916493229e-02
-6.95495 4.955196616024300e-02
-6.94294 4.912642878580558e-02
-6.93093 4.826421862892019e-02
-6.91892 4.707371264936702e-02
-6.90691 4.569088623481395e-02
-6.89489 4.426577889994338e-02
-6.88288 4.294822371420922e-02
-6.87087 4.187414665530504e-02
-6.85886 4.115381269990920e-02
-6.84685 4.086336063304961e-02
-6.83483 4.104058950440233e-02
-6.82282 4.168502100037023e-02
-6.81081 4.276108156431588e-02
-6.79880 4.420287180015346e-02
-6.78679 4.592009230687275e-02
-6.77477 4.780610799186342e-02
-6.76276 4.974874379494444e-02
-6.75075 5.164251773293250e-02
-6.73874 5.340111336529847e-02
-6.72673 5.497159252744683e-02
-6.71471 5.634816852698128e-02
-6.70270 5.756318679455705e-02
-6.69069 5.861479390596009e-02
-6.67868 5.933920228323401e-02
-6.66667 5.939517658744547e-02
-6.65465 5.864597168704660e-02
-6.64264 5.788119178911513e-02
-6.63063 5.894887711748217e-02
-6.61862 6.324904046745612e-02
-6.60661 6.959282357550145e-02
-6.59459 7.448385651404002e-02
-6.58258 7.556143858456228e-02
-6.57057 7.420527728507853e-02
-6.55856 7.385777593975974e-02
-6.54655 7.641607554076897e-02
-6.53453 8.109116356969354e-02
-6.52252 8.608363281849754e-02
-6.51051 9.032332141100159e-02
-6.49850 9.376741944827305e-02
-6.48649 9.684902602600068e-02
-6.47447 9.996789290765790e-02
-6.46246 1.032758619213635e-01
-6.45045 1.066597176019127e-01
-6.43844 1.098469655144872e-01
-6.42643 1.126159709250850e-01
-6.41441 1.150192211315780e-01
-6.40240 1.174104106741216e-01
-6.39039 1.201267070178685e-01
-6.37838 1.230139287501192e-01
-6.36637 1.252926741617535e-01
-6.35435 1.260742500000703e-01
-6.34234 1.251830327450917e-01
-6.33033 1.235285668721272e-01
-6.31832 1.226201528731435e-01
-6.30631 1.235685915201743e-01
-6.29429 1.263281024054992e-01
-6.28228 1.297329721951384e-01
-6.27027 1.323158010331668e-01
-6.25826 1.333068042056660e-01
-6.24625 1.330310837507113e-01
-6.23423 1.324291153718915e-01
-6.22222 1.322206061686149e-01
-6.21021 1.324672189455630e-01
-6.19820 1.327634857985897e-01
-6.18619 1.326931940968429e-01
-6.17417 1.321284765813862e-01
-6.16216 1.312597476655486e-01
-6.15015 1.304713131472466e-01
-6.13814 1.301819096224158e-01
-6.12613 1.306993844860500e-01
-6.11411 1.321117495898178e-01
-6.10210 1.342423129009588e-01
-6.09009 1.366888792186210e-01
-6.07808 1.389367555568096e-01
-6.06607 1.405040056341538e-01
-6.05405 1.410667422923589e-01
-6.04204 1.405264523152109e-01
-6.03003 1.390086640674057e-01
-6.01802 1.368068069433336e-01
-6.00601 1.342974669494514e-01
-5.99399 1.318532649372038e-01
-5.98198 1.297725187579921e-01
-5.96997 1.282361037600119e-01
-5.95796 1.272943636890652e-01
-5.94595 1.268811408822416e-01
-5.93393 1.268478055181274e-01
-5.92192 1.270076186815600e-01
-5.90991 1.271801816368233e-01
-5.89790 1.272272097802726e-01
-5.88589 1.270739716131409e-01
-5.87387 1.267145187085259e-01
-5.86186 1.262022757059361e-01
-5.84985 1.256299416000229e-01
-5.83784 1.251037616291428e-01
-5.82583 1.247172870249428e-01
-5.81381 1.245291621120201e-01
-5.80180 1.245485957020211e-01
-5.78979 1.247310775633368e-01
-5.77778 1.249854749470168e-01
-5.76577 1.251917566496301e-01
-5.75375 1.252263285547550e-01
-5.74174 1.249897671891810e-01
-5.72973 1.244303609553589e-01
-5.71772 1.235571434524910e-01
-5.70571 1.224385360358367e-01
-5.69369 1.211858085667774e-01
-5.68168 1.199189526804371e-01
-5.66967 1.187587361363110e-01
-5.65766 1.179489067982906e-01
-5.64565 1.172677659111998e-01
-5.63363 1.162767727019700e-01
-5.62162 1.190532289773186e-01
-5.60961 1.234001703022575e-01
-5.59760 1.189871154332518e-01
-5.58559 1.131907629239406e-01
-5.57357 1.115443169629505e-01
-5.56156 1.098053706545162e-01
-5.54955 1.075849992012492e-01
-5.53754 1.054698779629475e-01
-5.52553 1.034416668743670e-01
-5.51351 1.015880547090439e-01
-5.50150 1.000235833585866e-01
-5.48949 9.881818750178564e-02
-5.47748 9.799591623528307e-02
-5.46547 9.753779830722514e-02
-5.45345 9.738967623900477e-02
-5.44144 9.747394409345454e-02
-5.42943 9.770192690897524e-02
-5.41742 9.798464971625434e-02
-5.40541 9.824097374645710e-02
-5.39339 9.840298238063613e-02
-5.38138 9.841900939035249e-02
-5.36937 9.825489380015247e-02
-5.35736 9.789404315541876e-02
-5.34535 9.733681052946605e-02
-5.33333 9.659963099678988e-02
-5.32132 9.571436865338266e-02
-5.30931 9.472838276165528e-02
-5.29730 9.370579372717007e-02
-5.28529 9.272995947666586e-02
-5.27327 9.190576075717082e-02
-5.26126 9.135790749230885e-02
-5.24925 9.121969245185767e-02
-5.23724 9.160904180224851e-02
-5.22523 9.259838812855815e-02
-5.21321 9.419826897507902e-02
-5.20120 9.637772245560169e-02
-5.18919 9.912172693985426e-02
-5.17718 1.024812765318719e-01
-5.16517 1.065434622677716e-01
-5.15315 1.112858253851456e-01
-5.14114 1.163824208329073e-01
-5.12913 1.211199313754258e-01
-5.11712 1.245576455872418e-01
-5.10511 1.259084025753512e-01
-5.09309 1.249417851229942e-01
-5.08108 1.221629358231497e-01
-5.06907 1.186424754800031e-01
-5.05706 1.155769302624691e-01
-5.04505 1.138165183023677e-01
-5.03303 1.136113508763265e-01
-5.02102 1.146636407184953e-01
-5.00901 1.163394103655921e-01
-4.99700 1.178395491379757e-01
-4.98498 1.183507162303033e-01
-4.97297 1.173556874270536e-01
-4.96096 1.150243316466831e-01
-4.94895 1.122430218007731e-01
-4.93694 1.100424618997309e-01
-4.92492 1.088635722895110e-01
-4.91291 1.083559640779531e-01
-4.90090 1.078416348511534e-01
-4.88889 1.069191026136068e-01
-4.87688 1.056906310453900e-01
-4.86486 1.045848758385040e-01
-4.85285 1.040648082179715e-01
-4.84084 1.044364189578337e-01
-4.82883 1.057771237002831e-01
-4.81682 1.079290186713814e-01
-4.80480 1.105376451357526e-01
-4.79279 1.131466576577155e-01
-4.78078 1.153374914002377e-01
-4.76877 1.168670005985518e-01
-4.75676 1.185794182318530e-01
-4.74474 1.223724803617979e-01
-4.73273 1.211473992149623e-01
-4.72072 1.198579186566630e-01
-4.70871 1.220223347929912e-01
-4.69670 1.253754809125980e-01
-4.68468 1.295290844360567e-01
-4.67267 1.335794843025082e-01
-4.66066 1.364821481208029e-01
-4.64865 1.376363345191100e-01
-4.63664 1.372773240552778e-01
-4.62462 1.363511754144236e-01
-4.61261 1.359411220993380e-01
-4.60060 1.366619777704789e-01
-4.58859 1.384170506137914e-01
-4.57658 1.405745885305122e-01
-4.56456 1.423898988817481e-01
-4.55255 1.436085927460748e-01
-4.54054 1.429204969941391e-01
-4.52853 1.514349431538903e-01
-4.51652 1.571815549924652e-01
-4.50450 1.374619430715281e-01
-4.49249 1.359735148299250e-01
-4.48048 1.346079908903819e-01
-4.46847 1.347447658030183e-01
-4.45646 1.359914930794192e-01
-4.44444 1.380810493882961e-01
-4.43243 1.406553624065162e-01
-4.42042 1.433040173831663e-01
-4.40841 1.456595953770956e-01
-4.39640 1.474591800338474e-01
-4.38438 1.485874598576834e-01
-4.37237 1.491080370126970e-01
-4.36036 1.492766624967356e-01
-4.34835 1.495099299232981e-01
-4.33634 1.502791396570715e-01
-4.32432 1.519305886145698e-01
-4.31231 1.544918238016091e-01
-4.30030 1.575671949681574e-01
-4.28829 1.604096462895166e-01
-4.27628 1.621728399039108e-01
-4.26426 1.622455124058753e-01
-4.25225 1.605165948082020e-01
-4.24024 1.578354672857925e-01
-4.22823 1.601243749205869e-01
-4.21622 1.602591216879345e-01
-4.20420 1.504076883958030e-01
-4.19219 1.513600760067308e-01
-4.18018 1.528224658814120e-01
-4.16817 1.546696874663832e-01
-4.15616 1.556239104786790e-01
-4.14414 1.552416683458280e-01
-4.13213 1.536644356880613e-01
-4.12012 1.514273081351300e-01
-4.10811 1.491406800738942e-01
-4.09610 1.472887089777270e-01
-4.08408 1.461920974706613e-01
-4.07207 1.460423033593951e-01
-4.06006 1.469119682095647e-01
-4.04805 1.487264751471539e-01
-4.03604 1.512388023146258e-01
-4.02402 1.540493944744778e-01
-4.01201 1.566868428819480e-01
-4.00000 1.587430509968629e-01
-3.98799 1.600314502956046e-01
-3.97598 1.606948023682284e-01
-3.96396 1.611571062540464e-01
-3.95195 1.618641005544598e-01
-3.93994 1.629191605556793e-01
-3.92793 1.638664967121112e-01
-3.91592 1.638256823562375e-01
-3.90390 1.620522319725242e-01
-3.89189 1.587691348571578e-01
-3.87988 1.556279880048611e-01
-3.86787 1.562393208867986e-01
-3.85586 1.633633362537082e-01
-3.84384 1.665939466123838e-01
-3.83183 1.632423979070778e-01
-3.81982 1.640986744415405e-01
-3.80781 1.701136424090999e-01
-3.79580 1.788793252689132e-01
-3.78378 1.829961074976981e-01
-3.77177 1.802372274811180e-01
-3.75976 1.781422165195152e-01
-3.74775 1.802961254695376e-01
-3.73574 1.843336668143408e-01
-3.72372 1.884042724227038e-01
-3.71171 1.916791362716156e-01
-3.69970 1.932773007248745e-01
-3.68769 1.927574857873808e-01
-3.67568 1.908500227274490e-01
-3.66366 1.892005632333743e-01
-3.65165 1.893951336129931e-01
-3.63964 1.921071452211363e-01
-3.62763 1.967797255500357e-01
-3.61562 2.018731999752416e-01
-3.60360 2.056542451053510e-01
-3.59159 2.073443829092547e-01
-3.57958 2.079721806542252e-01
-3.56757 2.099974562648144e-01
-3.55556 2.154994807281570e-01
-3.54354 2.242477340493268e-01
-3.53153 2.335239486942357e-01
-3.51952 2.399350973915688e-01
-3.50751 2.414614024545747e-01
-3.49550 2.382317938044545e-01
-3.48348 2.321477051221336e-01
-3.47147 2.259782736840780e-01
-3.45946 2.239510985091629e-01
-3.44745 2.333346041146495e-01
-3.43544 2.557096076074906e-01
-3.42342 2.964219182300167e-01
-3.41141 2.996451593725202e-01
-3.39940 3.065845840477906e-01
-3.38739 2.718197432883845e-01
-3.37538 3.064252859416377e-01
-3.36336 2.559484531008940e-01
-3.35135 2.382583675017642e-01
-3.33934 2.159771041418997e-01
-3.32733 1.991062563332217e-01
-3.31532 1.942014122396806e-01
-3.30330 1.955001922119458e-01
-3.29129 1.940390983298057e-01
-3.27928 1.882782221927098e-01
-3.26727 1.801233264734881e-01
-3.25526 1.713586565825285e-01
-3.24324 1.634887519366393e-01
-3.23123 1.573508301249663e-01
-3.21922 1.529421998197301e-01
-3.20721 1.498069639282067e-01
-3.19520 1.474576244232323e-01
-3.18318 1.455558622186467e-01
-3.17117 1.439013409243959e-01
-3.15916 1.423636509649027e-01
-3.14715 1.408422072479258e-01
-3.13514 1.392644845155060e-01
-3.12312 1.375959363923055e-01
-3.11111 1.358387172996042e-01
-3.09910 1.340156184785861e-01
-3.08709 1.321491139887181e-01
-3.07508 1.302470661639695e-01
-3.06306 1.283007026513160e-01
-3.05105 1.262933021906522e-01
-3.03904 1.242136341028178e-01
-3.02703 1.220675853815112e-01
-3.01502 1.198835708276826e-01
-3.00300 1.177105176357763e-01
-2.99099 1.156099374573777e-01
-2.97898 1.136450464087692e-01
-2.96697 1.118700069739926e-01
-2.95495 1.103215684129754e-01
-2.94294 1.090142431494804e-01
-2.93093 1.079391338487308e-01
-2.91892 1.070658545245189e-01
-2.90691 1.063466948849542e-01
-2.89489 1.057221588234337e-01
-2.88288 1.051271281574860e-01
-2.87087 1.044970520598503e-01
-2.85886 1.037736851631169e-01
-2.84685 1.029099850766617e-01
-2.83483 1.018738521406489e-01
-2.82282 1.006504747245205e-01
-2.81081 9.924314646208626e-02
-2.79880 9.767254667437265e-02
-2.78679 9.597460855375692e-02
-2.77477 9.419722222453128e-02
-2.76276 9.239611337253463e-02
-2.75075 9.063029069750232e-02
-2.73874 8.895746325631772e-02
-2.72673 8.742979592665773e-02
-2.71471 8.609030732805978e-02
-2.70270 8.497013166481217e-02
-2.69069 8.408677588430245e-02
-2.67868 8.344341590730639e-02
-2.66667 8.302919722825551e-02
-2.65465 8.282043997228057e-02
-2.64264 8.278259865196647e-02
-2.63063 8.287279333587458e-02
-2.61862 8.304271200858097e-02
-2.60661 8.324168340711091e-02
-2.59459 8.341973490887265e-02
-2.58258 8.353047936356814e-02
-2.57057 8.353371320600196e-02
-2.55856 8.339764404143686e-02
-2.54655 8.310067868038937e-02
-2.53453 8.263267150851356e-02
-2.52252 8.199546341744333e-02
-2.51051 8.120249941647897e-02
-2.49850 8.027743040726071e-02
-2.48649 7.925200466518988e-02
-2.47447 7.816416770163259e-02
-2.46246 7.705758308854051e-02
-2.45045 7.598267418487428e-02
-2.43844 7.499606432288095e-02
-2.42643 7.415230976196857e-02
-2.41441 7.348596062793369e-02
-2.40240 7.299726548111023e-02
-2.39039 7.266676544307316e-02
-2.37838 7.250252262993172e-02
-2.36637 7.256949793812077e-02
-2.35435 7.293354879375188e-02
-2.34234 7.353981855741271e-02
-2.33033 7.416324991929607e-02
-2.31832 7.453806294450124e-02
-2.30631 7.457079933687452e-02
-2.29429 7.441230947868627e-02
-2.28228 7.430592728580016e-02
-2.27027 7.437848264414380e-02
-2.25826 7.458158281177821e-02
-2.24625 7.479722352497245e-02
-2.23423 7.496120643844505e-02
-2.22222 7.509495762574447e-02
-2.21021 7.526275153960274e-02
-2.19820 7.552409227189584e-02
-2.18619 7.591525554880792e-02
-2.17417 7.645024297357511e-02
-2.16216 7.712371123500736e-02
-2.15015 7.791105706168956e-02
-2.13814 7.876924936794850e-02
-2.12613 7.964137760735485e-02
-2.11411 8.046435906537022e-02
-2.10210 8.117711553136589e-02
-2.09009 8.172644016866235e-02
-2.07808 8.206948572374960e-02
-2.06607 8.217486671003778e-02
-2.05405 8.202704431723941e-02
-2.04204 8.163779647490867e-02
-2.03003 8.105975307174619e-02
-2.01802 8.038150021474157e-02
-2.00601 7.969432983423938e-02
-1.99399 7.906862701502347e-02
-1.98198 7.853228454669561e-02
-1.96997 7.800571809987093e-02
-1.95796 7.732914923190792e-02
-1.94595 7.670680819969294e-02
-1.93393 7.454507279092831e-02
-1.92192 7.289900181370790e-02
-1.90991 7.117173969379420e-02
-1.89790 6.938584633975670e-02
-1.88589 6.770790505839958e-02
-1.87387 6.627614293853207e-02
-1.86186 6.513164412559364e-02
-1.84985 6.424877727749535e-02
-1.83784 6.360105171558789e-02
-1.82583 6.319014140514821e-02
-1.81381 6.303041550673665e-02
-1.80180 6.312677459385373e-02
-1.78979 6.346874240394686e-02
-1.77778 6.403502919992116e-02
-1.76577 6.479777101292071e-02
-1.75375 6.572417956443589e-02
-1.74174 6.677810174223173e-02
-1.72973 6.792298229475867e-02
-1.71772 6.912480510641526e-02
-1.70571 7.035201138531294e-02
-1.69369 7.157380387173042e-02
-1.68168 7.276574770990787e-02
-1.66967 7.392111405552358e-02
-1.65766 7.504111758769715e-02
-1.64565 7.609585927675998e-02
-1.63363 7.702507931280281e-02
-1.62162 7.767163414914456e-02
-1.60961 7.813118576212766e-02
-1.59760 7.843212831938032e-02
-1.58559 7.859741440401240e-02
-1.57357 7.859996151109623e-02
-1.56156 7.840412512030406e-02
-1.54955 7.800146825612730e-02
-1.53754 7.741060178936739e-02
-1.52553 7.666511258654750e-02
-1.51351 7.580443261483162e-02
-1.50150 7.486348092835762e-02
-1.48949 7.386040704798505e-02
-1.47748 7.279116247572985e-02
-1.46547 7.163892027651855e-02
-1.45345 7.039550707947152e-02
-1.44144 6.908044996443949e-02
-1.42943 6.774304353843064e-02
-1.41742 6.644645881291646e-02
-1.40541 6.524758407186740e-02
-1.39339 6.418741100581934e-02
-1.38138 6.329479004906947e-02
-1.36937 6.259498648399296e-02
-1.35736 6.211387813099879e-02
-1.34535 6.187589515675145e-02
-1.33333 6.189962888355685e-02
-1.32132 6.219501164165270e-02
-1.30931 6.276280450630892e-02
-1.29730 6.359506058967296e-02
-1.28529 6.467545669468557e-02
-1.27327 6.597949639358118e-02
-1.26126 6.747513908801367e-02
-1.24925 6.912417524495318e-02
-1.23724 7.088417868794970e-02
-1.22523 7.271059525348970e-02
-1.21321 7.455859926085111e-02
-1.20120 7.638339436976969e-02
-1.18919 7.819780039303791e-02
-1.17718 8.017462936325684e-02
-1.16517 8.219937027333639e-02
-1.15315 8.275055581838525e-02
-1.14114 8.385323603496282e-02
-1.12913 8.481810604012471e-02
-1.11712 8.556513725008076e-02
-1.10511 8.609570737283440e-02
-1.09309 8.641592371963987e-02
-1.08108 8.653900359557942e-02
-1.06907 8.648440642517104e-02
-1.05706 8.627680392997340e-02
-1.04505 8.594490149024028e-02
-1.03303 8.552016334544740e-02
-1.02102 8.503548513674332e-02
-1.00901 8.452385880891987e-02
-0.99700 8.401708321029079e-02
-0.98498 8.354458093317943e-02
-0.97297 8.313238102049890e-02
-0.96096 8.280231554073109e-02
-0.94895 8.257145827363740e-02
-0.93694 8.245181233255318e-02
-0.92492 8.245024868808901e-02
-0.91291 8.256867968139711e-02
-0.90090 8.280322168792000e-02
-0.88889 8.314822816168653e-02
-0.87688 8.362462986049170e-02
-0.86486 8.412725448428446e-02
-0.85285 8.488723116420972e-02
-0.84084 8.639947885821311e-02
-0.82883 8.677340169085790e-02
-0.81682 8.679740537956013e-02
-0.80480 8.755165686399051e-02
-0.79279 8.825807117064181e-02
-0.78078 8.895889628133424e-02
-0.76877 8.966753776874420e-02
-0.75676 9.036537934984287e-02
-0.74474 9.106112865892355e-02
-0.73273 9.176647463790265e-02
-0.72072 9.249697160848047e-02
-0.70871 9.327164563513891e-02
-0.69670 9.411185260833929e-02
-0.68468 9.503991001536399e-02
-0.67267 9.607755185075223e-02
-0.66066 9.724432883561046e-02
-0.64865 9.855611651276555e-02
-0.63664 1.000239016458775e-01
-0.62462 1.016529166425311e-01
-0.61261 1.034420995653086e-01
-0.60060 1.053850936290632e-01
-0.58859 1.074756472868117e-01
-0.57658 1.097077680231142e-01
-0.56456 1.120470317309246e-01
-0.55255 1.144365016054328e-01
-0.54054 1.169441119275998e-01
-0.52853 1.197445700560834e-01
-0.51652 1.226522034869428e-01
-0.50450 1.251129540549494e-01
-0.49249 1.270235297984039e-01
-0.48048 1.287900332295256e-01
-0.46847 1.305098842581388e-01
-0.45646 1.319070444308093e-01
-0.44444 1.328269678876963e-01
-0.43243 1.333113995302301e-01
-0.42042 1.334615855252404e-01
-0.40841 1.334300117068050e-01
-0.39640 1.334437353602811e-01
-0.38438 1.337818181926068e-01
-0.37237 1.347303463389483e-01
-0.36036 1.365332046202454e-01
-0.34835 1.393459217389920e-01
-0.33634 1.432009947665212e-01
-0.32432 1.479899303277941e-01
-0.31231 1.534733094935629e-01
-0.30030 1.593642400154709e-01
-0.28829 1.654796377536968e-01
-0.27628 1.717019935190142e-01
-0.26426 1.773170774143380e-01
-0.25225 1.806385558542113e-01
-0.24024 1.845734299347952e-01
-0.22823 2.005695096926536e-01
-0.21622 2.237388396632481e-01
-0.20420 2.270175536746991e-01
-0.19219 2.120108494313514e-01
-0.18018 2.051906814391223e-01
-0.16817 2.119189021374623e-01
-0.15616 2.221921403576573e-01
-0.14414 2.301251901829390e-01
-0.13213 2.351758933160843e-01
-0.12012 2.372189157662381e-01
-0.10811 2.346778928001546e-01
-0.09610 2.276501776361535e-01
-0.08408 2.205084886957008e-01
-0.07207 2.188039687533071e-01
-0.06006 2.254353664855156e-01
-0.04805 2.345222319987840e-01
-0.03604 2.415506517904644e-01
-0.02402 2.528529524969260e-01
-0.01201 2.501876955088612e-01
0.00000 2.305124611748198e-01
0.01201 2.328964913095320e-01
0.02402 2.342932385687669e-01
0.03604 2.141907293535787e-01
0.04805 2.017010357866970e-01
0.06006 1.934647467116472e-01
0.07207 1.875652283860858e-01
0.08408 1.828926389329293e-01
0.09610 1.800488245762580e-01
0.10811 1.774215739372091e-01
0.12012 1.742133542658042e-01
0.13213 1.697860001235779e-01
0.14414 1.647418982746627e-01
0.15616 1.623624556428740e-01
0.16817 1.639249769570025e-01
0.18018 1.641901138179211e-01
0.19219 1.596781758684740e-01
0.20420 1.561187011416669e-01
0.21622 1.532541904315751e-01
0.22823 1.422571473108915e-01
0.24024 1.304502437605004e-01
0.25225 1.309080035378967e-01
0.26426 1.358274954991647e-01
0.27628 1.323752104176120e-01
0.28829 1.232874095182205e-01
0.30030 1.165588634625797e-01
0.31231 1.126983500941304e-01
0.32432 1.093878264424630e-01
0.33634 1.074320850878397e-01
0.34835 1.088019908463210e-01
0.36036 1.138254435032272e-01
0.37237 1.206094261810335e-01
0.38438 1.254954369141294e-01
0.39640 1.244734746288976e-01
0.40841 1.152211371369670e-01
0.42042 9.847199284325091e-02
0.43243 7.775376881347436e-02
0.44444 5.756410598691684e-02
0.45646 4.697043044076809e-01
0.46847 3.387592801306777e-02
0.48048 2.755576665420350e-02
0.49249 2.652463192565140e-02
0.50450 2.715986840502794e-02
0.51652 2.810155781668189e-02
0.52853 2.864049353244567e-02
0.54054 2.856238689934605e-02
0.55255 2.793606128349634e-02
0.56456 2.695037614917620e-02
0.57658 2.581204929624019e-02
0.58859 2.468837854681433e-02
0.60060 2.368306921992891e-02
0.61261 2.283721834769390e-02
0.62462 2.214572153715664e-02
0.63664 2.157840618083020e-02
0.64865 2.109796301142636e-02
0.66066 2.067126083385826e-02
0.67267 2.027425987160287e-02
0.68468 1.989249265846254e-02
0.69670 1.951930097522786e-02
0.70871 1.915345207633610e-02
0.72072 1.879701808595413e-02
0.73273 1.845382046862588e-02
0.74474 1.812841286328927e-02
0.75676 1.782545735514657e-02
0.76877 1.754935125731339e-02
0.78078 1.730400561882598e-02
0.79279 1.709271882985188e-02
0.80480 1.691811459716798e-02
0.81682 1.678212532118684e-02
0.82883 1.668600628031187e-02
0.84084 1.663036831723208e-02
0.85285 1.661521929554891e-02
0.86486 1.664000771439217e-02
0.87688 1.670366494209196e-02
0.88889 1.680464496888233e-02
0.90090 1.694096212457202e-02
0.91291 1.711022791651719e-02
0.92492 1.730968824332597e-02
0.93694 1.753626199082729e-02
0.94895 1.778658163072189e-02
0.96096 1.805703605533284e-02
0.97297 1.834381556195906e-02
0.98498 1.864295866780202e-02
0.99700 1.895040028503818e-02
1.00901 1.926202069832536e-02
1.02102 1.957369474554526e-02
1.03303 1.988134059166395e-02
1.04505 2.018096749432007e-02
1.05706 2.046872198109842e-02
1.06907 2.074093188826033e-02
1.08108 2.099414774671014e-02
1.09309 2.122518104196147e-02
1.10511 2.143113892013940e-02
1.11712 2.160945496113497e-02
1.12913 2.175791569245944e-02
1.14114 2.187468257264630e-02
1.15315 2.195830923066757e-02
1.16517 2.200775380716544e-02
1.17718 2.202238630371154e-02
1.18919 2.200199090711890e-02
1.20120 2.194676331637135e-02
1.21321 2.185730315931993e-02
1.22523 2.173460164426048e-02
1.23724 2.158002464720595e-02
1.24925 2.139529148848443e-02
1.26126 2.118244970164941e-02
1.27327 2.094384614304250e-02
1.28529 2.068209483121178e-02
1.29730 2.040004194131581e-02
1.30931 2.010072841025718e-02
1.32132 1.978735063325772e-02
1.33333 1.946321975165301e-02
1.34535 1.913172004464891e-02
1.35736 1.879626694451180e-02
1.36937 1.846026519510471e-02
1.38138 1.812706766783165e-02
1.39339 1.779993533699692e-02
1.40541 1.748199889847280e-02
1.41742 1.717622249160934e-02
1.42943 1.688536995480969e-02
1.44144 1.661197401047528e-02
1.45345 1.635830873551854e-02
1.46547 1.612636562982181e-02
1.47748 1.591783354741518e-02
1.48949 1.573408270434343e-02
1.50150 1.557615292381167e-02
1.51351 1.544474622391189e-02
1.52553 1.534022379673401e-02
1.53754 1.526260737067233e-02
1.54955 1.521158489099182e-02
1.56156 1.518652039795401e-02
1.57357 1.518646792775830e-02
1.58559 1.521018920995339e-02
1.59760 1.525617488651192e-02
1.60961 1.532266893310355e-02
1.62162 1.540769592286592e-02
1.63363 1.550909073772275e-02
1.64565 1.562453030253398e-02
1.65766 1.575156689351190e-02
1.66967 1.588766255474531e-02
1.68168 1.603022414560221e-02
1.69369 1.617663853739629e-02
1.70571 1.632430748007175e-02
1.71772 1.647068166875970e-02
1.72973 1.661329355575033e-02
1.74174 1.674978847548428e-02
1.75375 1.687795367826117e-02
1.76577 1.699574490207223e-02
1.77778 1.710131015077979e-02
1.78979 1.719301039019378e-02
1.80180 1.726943692077780e-02
1.81381 1.732942523602677e-02
1.82583 1.737206522822543e-02
1.83784 1.739670765750979e-02
1.84985 1.740296685507918e-02
1.86186 1.739071968620283e-02
1.87387 1.736010085249002e-02
1.88589 1.731149466492976e-02
1.89790 1.724552346866451e-02
1.90991 1.716303294660176e-02
1.92192 1.706507457110295e-02
1.93393 1.695288551050875e-02
1.94595 1.682786632962699e-02
1.95796 1.669155685008142e-02
1.96997 1.654561055724584e-02
1.98198 1.639176795511808e-02
1.99399 1.623182927878184e-02
2.00601 1.606762697601705e-02
2.01802 1.590099836522190e-02
2.03003 1.573375886626869e-02
2.04204 1.556767618449794e-02
2.05405 1.540444580612278e-02
2.06607 1.524566813630938e-02
2.07808 1.509282757964242e-02
2.09009 1.494727382716148e-02
2.10210 1.481020557530349e-02
2.11411 1.468265686059381e-02
2.12613 1.456548615050110e-02
2.13814 1.445936828624189e-02
2.15015 1.436478932822140e-02
2.16216 1.428204430994993e-02
2.17417 1.421123786238761e-02
2.18619 1.415228762841104e-02
2.19820 1.410493034709680e-02
2.21021 1.406873045035294e-02
2.22222 1.404309098061784e-02
2.23423 1.402726660833365e-02
2.24625 1.402037850206431e-02
2.25826 1.402143078276214e-02
2.27027 1.402932827700865e-02
2.28228 1.404289527219864e-02
2.29429 1.406089496965484e-02
2.30631 1.408204932952490e-02
2.31832 1.410505900391844e-02
2.33033 1.412862306191149e-02
2.34234 1.415145822153164e-02
2.35435 1.417231731933140e-02
2.36637 1.419000676729794e-02
2.37838 1.420340276922251e-02
2.39039 1.421146609381536e-02
2.40240 1.421325522932188e-02
2.41441 1.420793777367408e-02
2.42643 1.419479994478389e-02
2.43844 1.417325412693782e-02
2.45045 1.414284440087245e-02
2.46246 1.410325003650132e-02
2.47447 1.405428695794749e-02
2.48649 1.399590722006386e-02
2.49850 1.392819656357979e-02
2.51051 1.385137014202210e-02
2.52252 1.376576653728992e-02
2.53453 1.367184020193276e-02
2.54655 1.357015248455734e-02
2.55856 1.346136141019043e-02
2.57057 1.334621039972776e-02
2.58258 1.322551612172728e-02
2.59459 1.310015567574203e-02
2.60661 1.297105330916082e-02
2.61862 1.283916686921524e-02
2.63063 1.270547418854280e-02
2.64264 1.257095959663177e-02
2.65465 1.243660074081935e-02
2.66667 1.230335588950131e-02
2.67868 1.217215187710199e-02
2.69069 1.204387283543143e-02
2.70270 1.191934983961736e-02
2.71471 1.179935157915698e-02
2.72673 1.168457614609791e-02
2.73874 1.157564401324545e-02
2.75075 1.147309225591335e-02
2.76276 1.137737005138500e-02
2.77477 1.128883547121860e-02
2.78679 1.120775356307767e-02
2.79880 1.113429570114425e-02
2.81081 1.106854016759658e-02
2.82282 1.101047391229907e-02
2.83483 1.095999542392871e-02
2.84685 1.091691863338142e-02
2.85886 1.088097775957421e-02
2.87087 1.085183299875748e-02
2.88288 1.082907695122469e-02
2.89489 1.081224167387082e-02
2.90691 1.080080624339566e-02
2.91892 1.079420471303901e-02
2.93093 1.079183434551023e-02
2.94294 1.079306400615511e-02
2.95495 1.079724260328715e-02
2.96697 1.080370746688153e-02
2.97898 1.081179256235862e-02
2.99099 1.082083644282765e-02
3.00300 1.083018985077209e-02
3.01502 1.083922288858057e-02
3.02703 1.084733168640481e-02
3.03904 1.085394450540074e-02
3.05105 1.085852722432614e-02
3.06306 1.086058816757627e-02
3.07508 1.085968224289384e-02
3.08709 1.085541436705436e-02
3.09910 1.084744216767444e-02
3.11111 1.083547795880292e-02
3.12312 1.081928999702672e-02
3.13514 1.079870303336199e-02
3.14715 1.077359818412619e-02
3.15916 1.074391215123007e-02
3.17117 1.070963582883660e-02
3.18318 1.067081233906307e-02
3.19520 1.062753454432638e-02
3.20721 1.057994208802981e-02
3.21922 1.052821801855897e-02
3.23123 1.047258505399873e-02
3.24324 1.041330154661767e-02
3.25526 1.035065720701493e-02
3.26727 1.028496864791943e-02
3.27928 1.021657480701226e-02
3.29129 1.014583230685441e-02
3.30330 1.007311080809578e-02
3.31532 9.998788409672450e-03
3.32733 9.923247146724058e-03
3.33934 9.846868633545801e-03
3.35135 9.770029895089074e-03
3.36336 9.693099426406138e-03
3.37538 9.616433515060342e-03
3.38739 9.540372856955248e-03
3.39940 9.465239491336904e-03
3.41141 9.391334075950017e-03
3.42342 9.318933518539567e-03
3.43544 9.248288976137616e-03
3.44745 9.179624228910483e-03
3.45946 9.113134430813146e-03
3.47147 9.048985234946393e-03
3.48348 8.987312287379087e-03
3.49550 8.928221079317053e-03
3.50751 8.871787143901612e-03
3.51952 8.818056580632403e-03
3.53153 8.767046887451084e-03
3.54354 8.718748077913067e-03
3.55556 8.673124058626943e-03
3.56757 8.630114240263179e-03
3.57958 8.589635353931315e-03
3.59159 8.551583443597228e-03
3.60360 8.515836004456698e-03
3.61562 8.482254236791394e-03
3.62763 8.450685384797282e-03
3.63964 8.420965130180714e-03
3.65165 8.392920010946289e-03
3.66366 8.366369836734076e-03
3.67568 8.341130073280155e-03
3.68769 8.317014170048712e-03
3.69970 8.293835806791361e-03
3.71171 8.271411036701355e-03
3.72372 8.249560305918778e-03
3.73574 8.228110331377981e-03
3.74775 8.206895821339835e-03
3.75976 8.185761025388941e-03
3.77177 8.164561103168809e-03
3.78378 8.143163303646530e-03
3.79580 8.121447949213231e-03
3.80781 8.099309221409131e-03
3.81982 8.076655747485471e-03
3.83183 8.053410989354273e-03
3.84384 8.029513438707052e-03
3.85586 8.004916624183671e-03
3.86787 7.979588938422407e-03
3.87988 7.953513294605660e-03
3.89189 7.926686623716627e-03
3.90390 7.899119225129885e-03
3.91592 7.870833984362523e-03
3.92793 7.841865472806494e-03
3.93994 7.812258945042659e-03
3.95195 7.782069249901517e-03
3.96396 7.751359671786521e-03
3.97598 7.720200718916859e-03
3.98799 7.688668875084448e-03
4.00000 7.656845331263644e-03
