-8.00000 8.103054815755206e-04
-7.98799 8.283828131088693e-04
-7.97598 8.467676639783545e-04
-7.96396 8.654663373137910e-04
-7.95195 8.844876402166950e-04
-7.93994 9.038442446679555e-04
-7.92793 9.235541973636069e-04
-7.91592 9.436425014235747e-04
-7.90390 9.641426719190130e-04
-7.89189 9.850981488511042e-04
-7.87988 1.006563437069786e-03
-7.86787 1.028604834113555e-03
-7.85586 1.051300605497898e-03
-7.84384 1.074740473899139e-03
-7.83183 1.099024305127509e-03
-7.81982 1.124259900655083e-03
-7.80781 1.150559844276247e-03
-7.79580 1.178037399217084e-03
-7.78378 1.206801510988015e-03
-7.77177 1.236951039011275e-03
-7.75976 1.268568414229763e-03
-7.74775 1.301712997398464e-03
-7.73574 1.336414489806744e-03
-7.72372 1.372666820566299e-03
-7.71171 1.410422997786674e-03
-7.69970 1.449591459880097e-03
-7.68769 1.490034491457262e-03
-7.67568 1.531569266355294e-03
-7.66366 1.573972033727250e-03
-7.65165 1.616985850916554e-03
-7.63964 1.660332063949317e-03
-7.62763 1.703725422263510e-03
-7.61562 1.746892289275623e-03
-7.60360 1.789590917927414e-03
-7.59159 1.831632302870469e-03
-7.57958 1.872899853533190e-03
-7.56757 1.913366217029404e-03
-7.55556 1.953106096829542e-03
-7.54354 1.992304751041092e-03
-7.53153 2.031262635285055e-03
-7.51952 2.070396774532517e-03
-7.50751 2.110238308538501e-03
-7.49550 2.151423133363631e-03
-7.48348 2.194669607365177e-03
-7.47147 2.240736297924208e-03
-7.45946 2.290356997091774e-03
-7.44745 2.344161687915014e-03
-7.43544 2.402607778798273e-03
-7.42342 2.465955188777505e-03
-7.41141 2.534307063640190e-03
-7.39940 2.607698664670332e-03
-7.38739 2.686167866275050e-03
-7.37538 2.769724270093588e-03
-7.36336 2.858188413760660e-03
-7.35135 2.950984409539165e-03
-7.33934 3.047055684412520e-03
-7.32733 3.145036508935091e-03
-7.31532 3.243638739778570e-03
-7.30330 3.342021236834523e-03
-7.29129 3.439865151534407e-03
-7.27928 3.537045118369646e-03
-7.26727 3.633055328863371e-03
-7.25526 3.726531610445935e-03
-7.24324 3.815198070978993e-03
-7.23123 3.896418562854390e-03
-7.21922 3.968486723637745e-03
-7.20721 4.033239566579906e-03
-7.19520 4.101636686158364e-03
-7.18318 4.203828489196667e-03
-7.17117 4.398858067981208e-03
-7.15916 4.763931919672042e-03
-7.14715 5.338029114290909e-03
-7.13514 6.040325559592481e-03
-7.12312 6.654569446085120e-03
-7.11111 6.932694609185185e-03
-7.09910 6.838495466495824e-03
-7.08709 7.146465500269485e-03
-7.07508 9.923267837029837e-03
-7.06306 1.680406009006543e-02
-7.05105 2.563564026880070e-02
-7.03904 3.147604930615084e-02
-7.02703 3.252952333598168e-02
-7.01502 3.186130797520188e-02
-7.00300 3.275387481735878e-02
-6.99099 3.581785620383538e-02
-6.97898 4.011263731337213e-02
-6.96697 4.432790826720433e-02
-6.95495 4.727141669800567e-02
-6.94294 4.856651341048800e-02
-6.93093 4.891787836659187e-02
-6.91892 4.950971173125748e-02
-6.90691 5.118061754143165e-02
-6.89489 5.406237455936553e-02
-6.88288 5.778081007059733e-02
-6.87087 6.183070135541766e-02
-6.85886 6.569710110847780e-02
-6.84685 6.875635405067040e-02
-6.83483 7.044499752576365e-02
-6.82282 7.090452489766819e-02
-6.81081 7.143447224990014e-02
-6.79880 7.383538693428235e-02
-6.78679 7.883310405089450e-02
-6.77477 8.510520551302365e-02
-6.76276 9.013322277707482e-02
-6.75075 9.221074348519333e-02
-6.73874 9.165048742947791e-02
-6.72673 9.013899152150129e-02
-6.71471 8.914779136750417e-02
-6.70270 8.901698403203272e-02
-6.69069 8.926016247305617e-02
-6.67868 8.936317817119319e-02
-6.66667 8.921274809507811e-02
-6.65465 8.899695028263400e-02
-6.64264 8.893657445191858e-02
-6.63063 8.914714419633644e-02
-6.61862 8.964958748927464e-02
-6.60661 9.041708854340881e-02
-6.59459 9.139160655324312e-02
-6.58258 9.247872373834588e-02
-6.57057 9.355260518242786e-02
-6.55856 9.448774956264518e-02
-6.54655 9.521196667914635e-02
-6.53453 9.575592341893653e-02
-6.52252 9.626367856747781e-02
-6.51051 9.693842957069471e-02
-6.49850 9.793378140377537e-02
-6.48649 9.924389097991272e-02
-6.47447 1.006596722620821e-01
-6.46246 1.018246335501302e-01
-6.45045 1.023704113985230e-01
-6.43844 1.020868797804568e-01
-6.42643 1.010832243104653e-01
-6.41441 9.986318479141743e-02
-6.40240 9.917446899413591e-02
-6.39039 9.956023994586125e-02
-6.37838 1.008451734726656e-01
-6.36637 1.020560132366031e-01
-6.35435 1.020436627685448e-01
-6.34234 1.003930236167297e-01
-6.33033 9.781654875907646e-02
-6.31832 9.565644481390669e-02
-6.30631 9.492669336204880e-02
-6.29429 9.566530682008036e-02
-6.28228 9.702497770280775e-02
-6.27027 9.794783029982949e-02
-6.25826 9.788559578525689e-02
-6.24625 9.703812487884560e-02
-6.23423 9.599848565645651e-02
-6.22222 9.519542728242909e-02
-6.21021 9.462623154315640e-02
-6.19820 9.400364650681139e-02
-6.18619 9.306026449904560e-02
-6.17417 9.173233924754692e-02
-6.16216 9.016097880936456e-02
-6.15015 8.859921676093763e-02
-6.13814 8.731038433606310e-02
-6.12613 8.648807947001450e-02
-6.11411 8.620310905909234e-02
-6.10210 8.638479307077238e-02
-6.09009 8.684340730314519e-02
-6.07808 8.732808959723302e-02
-6.06607 8.759994773073071e-02
-6.05405 8.749475246457757e-02
-6.04204 8.695638843618295e-02
-6.03003 8.603579528099985e-02
-6.01802 8.486258665445347e-02
-6.00601 8.360296075404408e-02
-5.99399 8.241756857602568e-02
-5.98198 8.142919020110882e-02
-5.96997 8.070518867270485e-02
-5.95796 8.025544060690362e-02
-5.94595 8.004330180781007e-02
-5.93393 8.000512837591994e-02
-5.92192 8.007284819381792e-02
-5.90991 8.019402083186732e-02
-5.89790 8.034466220368677e-02
-5.88589 8.053170910425231e-02
-5.87387 8.078422867047280e-02
-5.86186 8.113524663550295e-02
-5.84985 8.159917423799976e-02
-5.83784 8.215263979665753e-02
-5.82583 8.272783406066088e-02
-5.81381 8.322565307722675e-02
-5.80180 8.354996072714761e-02
-5.78979 8.365512221559480e-02
-5.77778 8.359007587169048e-02
-5.76577 8.351824352028429e-02
-5.75375 8.369584567525470e-02
-5.74174 8.439972970203019e-02
-5.72973 8.580801521137170e-02
-5.71772 8.785986356304856e-02
-5.70571 9.016464087741140e-02
-5.69369 9.207463157659061e-02
-5.68168 9.300042000584553e-02
-5.66967 9.287276098031171e-02
-5.65766 9.242029639094075e-02
-5.64565 9.272938072379830e-02
-5.63363 9.444374725202825e-02
-5.62162 9.796482451212576e-02
-5.60961 1.014664238034157e-01
-5.59760 1.015430063007816e-01
-5.58559 9.931249416098192e-02
-5.57357 9.668276462696186e-02
-5.56156 9.391921489758666e-02
-5.54955 9.138628856199070e-02
-5.53754 8.883087551546796e-02
-5.52553 8.567979662816992e-02
-5.51351 8.185116034093706e-02
-5.50150 7.788579571015627e-02
-5.48949 7.456539159537480e-02
-5.47748 7.243927420039610e-02
-5.46547 7.159227376347019e-02
-5.45345 7.170854066312032e-02
-5.44144 7.228572949699394e-02
-5.42943 7.283937022005327e-02
-5.41742 7.302070069694407e-02
-5.40541 7.264816526148804e-02
-5.39339 7.168569118064443e-02
-5.38138 7.020081436400047e-02
-5.36937 6.832314383900899e-02
-5.35736 6.621115060325021e-02
-5.34535 6.402768511839224e-02
-5.33333 6.192233021464632e-02
-5.32132 6.001973410066614e-02
-5.30931 5.841488807156064e-02
-5.29730 5.717701103933453e-02
-5.28529 5.636223623109043e-02
-5.27327 5.603113696917120e-02
-5.26126 5.626090802667050e-02
-5.24925 5.713778547195734e-02
-5.23724 5.872153582298419e-02
-5.22523 6.099746275952276e-02
-5.21321 6.386324628063537e-02
-5.20120 6.720396062091885e-02
-5.18919 7.105074295174107e-02
-5.17718 7.570836892335675e-02
-5.16517 8.167012760967618e-02
-5.15315 8.923528138662258e-02
-5.14114 9.800517753810913e-02
-5.12913 1.066576615740829e-01
-5.11712 1.133234128098651e-01
-5.10511 1.164756804983562e-01
-5.09309 1.158053922623133e-01
-5.08108 1.124871512949066e-01
-5.06907 1.086399318606212e-01
-5.05706 1.063310157293781e-01
-5.04505 1.067402664724715e-01
-5.03303 1.099205295694040e-01
-5.02102 1.151194127084626e-01
-5.00901 1.212417957159469e-01
-4.99700 1.270849854272539e-01
-4.98498 1.314297986519165e-01
-4.97297 1.333468818389221e-01
-4.96096 1.327140171956553e-01
-4.94895 1.303917174885104e-01
-4.93694 1.276689774303309e-01
-4.92492 1.254090446439702e-01
-4.91291 1.237034177700633e-01
-4.90090 1.222526028656567e-01
-4.88889 1.209352114416857e-01
-4.87688 1.200025088393059e-01
-4.86486 1.198699190396919e-01
-4.85285 1.208299347556678e-01
-4.84084 1.229191473448979e-01
-4.82883 1.259352030507661e-01
-4.81682 1.295034528805005e-01
-4.80480 1.331368479864976e-01
-4.79279 1.362929871580914e-01
-4.78078 1.384478143203148e-01
-4.76877 1.391888911743643e-01
-4.75676 1.383101828933494e-01
-4.74474 1.358789050774236e-01
-4.73273 1.322464139458512e-01
-4.72072 1.279886445587141e-01
-4.70871 1.237835253888371e-01
-4.69670 1.202557637205064e-01
-4.68468 1.178340244960151e-01
-4.67267 1.166644557250610e-01
-4.66066 1.166064618849008e-01
-4.64865 1.173078834098494e-01
-4.63664 1.183289101697271e-01
-4.62462 1.192688634465070e-01
-4.61261 1.198536525662855e-01
-4.60060 1.199619196239888e-01
-4.58859 1.195951791191229e-01
-4.57658 1.188094356516421e-01
-4.56456 1.176882275717341e-01
-4.55255 1.165571019050605e-01
-4.54054 1.144866051502461e-01
-4.52853 1.212205569814193e-01
-4.51652 1.260614455897511e-01
-4.50450 1.081110211690754e-01
-4.49249 1.061107951963672e-01
-4.48048 1.036948840800986e-01
-4.46847 1.020492017334945e-01
-4.45646 1.009686200021712e-01
-4.44444 1.004899029176684e-01
-4.43243 1.006224715066535e-01
-4.42042 1.013032412075762e-01
-4.40841 1.024188048464889e-01
-4.39640 1.038211596663638e-01
-4.38438 1.053447763077689e-01
-4.37237 1.068233424618221e-01
-4.36036 1.081057524858628e-01
-4.34835 1.090709602471904e-01
-4.33634 1.096407892760459e-01
-4.32432 1.097892261159049e-01
-4.31231 1.095464948054130e-01
-4.30030 1.089964977774891e-01
-4.28829 1.082669862382489e-01
-4.27628 1.075129380935671e-01
-4.26426 1.068948626566835e-01
-4.25225 1.065548888364595e-01
-4.24024 1.065942927946373e-01
-4.22823 1.070563588899971e-01
-4.21622 1.079179731539236e-01
-4.20420 1.090920731999747e-01
-4.19219 1.104411739659207e-01
-4.18018 1.118000474224742e-01
-4.16817 1.130038396001661e-01
-4.15616 1.139170511335287e-01
-4.14414 1.144591828654509e-01
-4.13213 1.146241502103402e-01
-4.12012 1.144918405600983e-01
-4.10811 1.142302896166174e-01
-4.09610 1.140855491435981e-01
-4.08408 1.143546859633656e-01
-4.07207 1.153378501781445e-01
-4.06006 1.172692509343165e-01
-4.04805 1.202328637194140e-01
-4.03604 1.240757672031596e-01
-4.02402 1.283451287802987e-01
-4.01201 1.323008570004589e-01
-4.00000 1.350797704423661e-01
-3.98799 1.360524181382022e-01
-3.97598 1.352653855080838e-01
-3.96396 1.336594500772367e-01
-3.95195 1.327218783596181e-01
-3.93994 1.335733795812571e-01
-3.92793 1.360606600848118e-01
-3.91592 1.386971515325340e-01
-3.90390 1.397824612189119e-01
-3.89189 1.386396181305314e-01
-3.87988 1.358094803206460e-01
-3.86787 1.360177937902985e-01
-3.85586 1.467423008001096e-01
-3.84384 1.516019971339075e-01
-3.83183 1.471932074859589e-01
-3.81982 1.508308205182907e-01
-3.80781 1.553961819808948e-01
-3.79580 1.557987620920815e-01
-3.78378 1.519185277647824e-01
-3.77177 1.463599045749042e-01
-3.75976 1.426213868104355e-01
-3.74775 1.420852024343588e-01
-3.73574 1.439193124298238e-01
-3.72372 1.465479539037612e-01
-3.71171 1.484560004142612e-01
-3.69970 1.486412234899226e-01
-3.68769 1.470266463691214e-01
-3.67568 1.444816968800203e-01
-3.66366 1.423715006093825e-01
-3.65165 1.419428690789617e-01
-3.63964 1.437924833063892e-01
-3.62763 1.475119626429377e-01
-3.61562 1.517044931497629e-01
-3.60360 1.546253961522284e-01
-3.59159 1.553475787971689e-01
-3.57958 1.547135736979241e-01
-3.56757 1.550325433107649e-01
-3.55556 1.582704664333404e-01
-3.54354 1.641274198339233e-01
-3.53153 1.699877701647903e-01
-3.51952 1.729349004300009e-01
-3.50751 1.718298260520909e-01
-3.49550 1.677492871653053e-01
-3.48348 1.629701198135538e-01
-3.47147 1.594564094427195e-01
-3.45946 1.587151124623366e-01
-3.44745 1.634486228635927e-01
-3.43544 1.737980690082709e-01
-3.42342 1.886711862384142e-01
-3.41141 1.899533535643012e-01
-3.39940 1.916092194913603e-01
-3.38739 1.734329367190720e-01
-3.37538 1.864662431193200e-01
-3.36336 1.644135446207977e-01
-3.35135 1.558654078151298e-01
-3.33934 1.464848547058911e-01
-3.32733 1.403798414756770e-01
-3.31532 1.395918758253412e-01
-3.30330 1.410911289083757e-01
-3.29129 1.406984216499087e-01
-3.27928 1.377332043751185e-01
-3.26727 1.332357347554482e-01
-3.25526 1.282597848683440e-01
-3.24324 1.236806349217415e-01
-3.23123 1.199731014016079e-01
-3.21922 1.171584242373753e-01
-3.20721 1.150292589065046e-01
-3.19520 1.133727060984233e-01
-3.18318 1.120545463029791e-01
-3.17117 1.110014602159207e-01
-3.15916 1.101614551826494e-01
-3.14715 1.094882319134580e-01
-3.13514 1.089492271155367e-01
-3.12312 1.085363358856121e-01
-3.11111 1.082636340635681e-01
-3.09910 1.081511528414878e-01
-3.08709 1.082040111183283e-01
-3.07508 1.083977897104290e-01
-3.06306 1.086765281754400e-01
-3.05105 1.089644447765238e-01
-3.03904 1.091473380522046e-01
-3.02703 1.097375274758871e-01
-3.01502 1.110176929360518e-01
-3.00300 1.218644795208473e-01
-2.99099 1.082486533313069e-01
-2.97898 1.082381013079708e-01
-2.96697 1.073835877164008e-01
-2.95495 1.068594563495523e-01
-2.94294 1.063667491349434e-01
-2.93093 1.059439059406198e-01
-2.91892 1.055899886936980e-01
-2.90691 1.052895089166423e-01
-2.89489 1.050176622300805e-01
-2.88288 1.047475654750134e-01
-2.87087 1.044572661192906e-01
-2.85886 1.041354020853425e-01
-2.84685 1.037847235425665e-01
-2.83483 1.034230604133780e-01
-2.82282 1.030817104729393e-01
-2.81081 1.028016010958916e-01
-2.79880 1.026279009857693e-01
-2.78679 1.026039763372163e-01
-2.77477 1.027656480881349e-01
-2.76276 1.031365817407779e-01
-2.75075 1.037253749187494e-01
-2.73874 1.045247315031809e-01
-2.72673 1.055134257400741e-01
-2.71471 1.066625248101201e-01
-2.70270 1.079467596457765e-01
-2.69069 1.093565533581516e-01
-2.67868 1.108968665770601e-01
-2.66667 1.125590933822931e-01
-2.65465 1.142213255263899e-01
-2.64264 1.163996426193006e-01
-2.63063 1.175017343539131e-01
-2.61862 1.293894933415379e-01
-2.60661 1.458776684716826e-01
-2.59459 1.261900717620720e-01
-2.58258 1.308433833095505e-01
-2.57057 1.341461565092166e-01
-2.55856 1.368185915297222e-01
-2.54655 1.376126740356270e-01
-2.53453 1.372123384925126e-01
-2.52252 1.368216756971879e-01
-2.51051 1.370759674484557e-01
-2.49850 1.376500443913762e-01
-2.48649 1.377112906197258e-01
-2.47447 1.366916481493839e-01
-2.46246 1.347387069018528e-01
-2.45045 1.326769103318772e-01
-2.43844 1.316831211704916e-01
-2.42643 1.328706249783278e-01
-2.41441 1.368506394876975e-01
-2.40240 1.434168859384819e-01
-2.39039 1.516625171473794e-01
-2.37838 1.606411480659855e-01
-2.36637 1.700362106390029e-01
-2.35435 1.799809867611407e-01
-2.34234 1.900102032989066e-01
-2.33033 1.984423366174026e-01
-2.31832 2.033674514398634e-01
-2.30631 2.044636925639379e-01
-2.29429 2.035189653938496e-01
-2.28228 2.028749894412792e-01
-2.27027 2.034523161233783e-01
-2.25826 2.043697656637480e-01
-2.24625 2.041936343081956e-01
-2.23423 2.022645191385496e-01
-2.22222 1.989994937696136e-01
-2.21021 1.953943101477049e-01
-2.19820 1.924745539269631e-01
-2.18619 1.910477020066129e-01
-2.17417 1.916483524220142e-01
-2.16216 1.945007118211995e-01
-2.15015 1.994660876281445e-01
-2.13814 2.060330535164387e-01
-2.12613 2.133927583739367e-01
-2.11411 2.205887134582303e-01
-2.10210 2.266893166960702e-01
-2.09009 2.309193147272353e-01
-2.07808 2.327156679278541e-01
-2.06607 2.317459776426935e-01
-2.05405 2.280243627337354e-01
-2.04204 2.223233396554661e-01
-2.03003 2.167188328440716e-01
-2.01802 2.140484765360711e-01
-2.00601 2.164029156581790e-01
-1.99399 2.271096238960974e-01
-1.98198 2.522264771878279e-01
-1.96997 2.896636771920501e-01
-1.95796 3.243794574938362e-01
-1.94595 3.660478840112173e-01
-1.93393 3.212263073197767e-01
-1.92192 3.159049917649259e-01
-1.90991 3.054213436511021e-01
-1.89790 2.845541183316341e-01
-1.88589 2.610805174975900e-01
-1.87387 2.424744393119223e-01
-1.86186 2.306127929747840e-01
-1.84985 2.232485017134028e-01
-1.83784 2.174810063831990e-01
-1.82583 2.117260617379471e-01
-1.81381 2.056310889419420e-01
-1.80180 1.994201182113820e-01
-1.78979 1.936201632815417e-01
-1.77778 1.889074070452508e-01
-1.76577 1.857368145004540e-01
-1.75375 1.839501364329767e-01
-1.74174 1.827407483341642e-01
-1.72973 1.811146827343672e-01
-1.71772 1.786606228473716e-01
-1.70571 1.759397900601743e-01
-1.69369 1.737718689928305e-01
-1.68168 1.735661350906435e-01
-1.66967 1.774910095101074e-01
-1.65766 1.844010082684239e-01
-1.64565 1.957046541302207e-01
-1.63363 2.286040522674288e-01
-1.62162 2.162574766321635e-01
-1.60961 2.101971375886005e-01
-1.59760 2.020845293681634e-01
-1.58559 1.992245593076817e-01
-1.57357 1.982763640939904e-01
-1.56156 1.966151444830034e-01
-1.54955 1.941885797122203e-01
-1.53754 1.911196607281161e-01
-1.52553 1.879273828448401e-01
-1.51351 1.852993046767342e-01
-1.50150 1.834688354529976e-01
-1.48949 1.820812936211682e-01
-1.47748 1.806699592853656e-01
-1.46547 1.791133764991807e-01
-1.45345 1.775725498177972e-01
-1.44144 1.761200338172790e-01
-1.42943 1.745536696885175e-01
-1.41742 1.725586051129527e-01
-1.40541 1.699935508246729e-01
-1.39339 1.670211482135597e-01
-1.38138 1.640028350880687e-01
-1.36937 1.612785767223218e-01
-1.35736 1.590041547401482e-01
-1.34535 1.571380286666438e-01
-1.33333 1.555498645493630e-01
-1.32132 1.541511248827808e-01
-1.30931 1.529579973690229e-01
-1.29730 1.520618351449770e-01
-1.28529 1.515469444236640e-01
-1.27327 1.514191594060039e-01
-1.26126 1.515874812376292e-01
-1.24925 1.519001666557721e-01
-1.23724 1.522055163668867e-01
-1.22523 1.524011729018192e-01
-1.21321 1.524505815267345e-01
-1.20120 1.523648922290916e-01
-1.18919 1.522887675170086e-01
-1.17718 1.526812635321287e-01
-1.16517 1.533925615203995e-01
-1.15315 1.512786593062871e-01
-1.14114 1.506049966648510e-01
-1.12913 1.499637075375537e-01
-1.11712 1.492217582854970e-01
-1.10511 1.484137847279690e-01
-1.09309 1.475738753053107e-01
-1.08108 1.467325274277325e-01
-1.06907 1.459113421692485e-01
-1.05706 1.451229129442000e-01
-1.04505 1.443742589036429e-01
-1.03303 1.436709786738366e-01
-1.02102 1.430196932988525e-01
-1.00901 1.424278244247449e-01
-0.99700 1.419013482407795e-01
-0.98498 1.414420857493948e-01
-0.97297 1.410460481954005e-01
-0.96096 1.407035867222639e-01
-0.94895 1.404011222957036e-01
-0.93694 1.401235588452398e-01
-0.92492 1.398563767500119e-01
-0.91291 1.395867481089064e-01
-0.90090 1.393016400423395e-01
-0.88889 1.389925692135820e-01
-0.87688 1.386984057501452e-01
-0.86486 1.382621742605613e-01
-0.85285 1.380588281445156e-01
-0.84084 1.388837084786846e-01
-0.82883 1.377587242787223e-01
-0.81682 1.359346913538570e-01
-0.80480 1.351301958288108e-01
-0.79279 1.341212948157002e-01
-0.78078 1.329811718283223e-01
-0.76877 1.317403388049583e-01
-0.75676 1.303825046548752e-01
-0.74474 1.289402616887181e-01
-0.73273 1.274574450385263e-01
-0.72072 1.259905916530054e-01
-0.70871 1.246076278900520e-01
-0.69670 1.233847736584570e-01
-0.68468 1.224025943236645e-01
-0.67267 1.217412240225661e-01
-0.66066 1.214747635815672e-01
-0.64865 1.216649399220701e-01
-0.63664 1.223543640141696e-01
-0.62462 1.235599786616974e-01
-0.61261 1.252675355938681e-01
-0.60060 1.274297461710051e-01
-0.58859 1.299727905922590e-01
-0.57658 1.327988510999913e-01
-0.56456 1.357532353261945e-01
-0.55255 1.386397501759632e-01
-0.54054 1.414258207080943e-01
-0.52853 1.442297306645031e-01
-0.51652 1.467121577080624e-01
-0.50450 1.480765677358024e-01
-0.49249 1.481679578680652e-01
-0.48048 1.475596463892664e-01
-0.46847 1.464676731636325e-01
-0.45646 1.446550552198719e-01
-0.44444 1.420700738012191e-01
-0.43243 1.389186695679624e-01
-0.42042 1.354528984536613e-01
-0.40841 1.319360234231428e-01
-0.39640 1.286637790170481e-01
-0.38438 1.259430322133168e-01
-0.37237 1.240570533931617e-01
-0.36036 1.232333315496312e-01
-0.34835 1.236121384738855e-01
-0.33634 1.252179470932664e-01
-0.32432 1.279402130452238e-01
-0.31231 1.315377503545375e-01
-0.30030 1.356883224157928e-01
-0.28829 1.400542409068640e-01
-0.27628 1.443037630107442e-01
-0.26426 1.480419841855401e-01
-0.25225 1.505497071660885e-01
-0.24024 1.526222527033282e-01
-0.22823 1.588608062434627e-01
-0.21622 1.672965976328227e-01
-0.20420 1.664835274659922e-01
-0.19219 1.584190682899399e-01
-0.18018 1.552053896484762e-01
-0.16817 1.581419549012130e-01
-0.15616 1.625189726600250e-01
-0.14414 1.661554508331390e-01
-0.13213 1.689459673176299e-01
-0.12012 1.704640597681076e-01
-0.10811 1.691861192362183e-01
-0.09610 1.646256200473626e-01
-0.08408 1.593891399246846e-01
-0.07207 1.579538994498028e-01
-0.06006 1.641982126461584e-01
-0.04805 1.717774891685280e-01
-0.03604 1.731449912704482e-01
-0.02402 1.756034729589751e-01
-0.01201 1.663380800568150e-01
0.00000 1.446258568606339e-01
0.01201 1.479962666390167e-01
0.02402 1.510712365236182e-01
0.03604 1.320666330359347e-01
0.04805 1.203615058823236e-01
0.06006 1.118242067056352e-01
0.07207 1.044585984206383e-01
0.08408 9.755295250249328e-02
0.09610 9.246185039345153e-02
0.10811 8.822749440479435e-02
0.12012 8.439649680416304e-02
0.13213 8.011894505034241e-02
0.14414 7.483760326767906e-02
0.15616 7.008498831933624e-02
0.16817 6.680886641371034e-02
0.18018 6.225257597385313e-02
0.19219 5.520398226322943e-02
0.20420 5.046052925179034e-02
0.21622 4.828920348006566e-02
0.22823 4.212580478251784e-02
0.24024 3.465183135815816e-02
0.25225 3.319613466189972e-02
0.26426 3.454462043293278e-02
0.27628 3.282817387194037e-02
0.28829 2.941851114538161e-02
0.30030 2.770042499714724e-02
0.31231 2.746186670222775e-02
0.32432 2.711288206429794e-02
0.33634 2.635847183045241e-02
0.34835 2.560326505664148e-02
0.36036 2.510222598205987e-02
0.37237 2.494575065417973e-02
0.38438 2.510054184697962e-02
0.39640 2.540898290996316e-02
0.40841 2.568661579802514e-02
0.42042 2.583224880849625e-02
0.43243 2.585293829307618e-02
0.44444 2.581298825864433e-02
0.45646 2.577062486330116e-02
0.46847 2.574301643962753e-02
0.48048 2.571864683693532e-02
0.49249 2.567182064369770e-02
0.50450 2.558351404641691e-02
0.51652 2.544617891679128e-02
0.52853 2.526065543094173e-02
0.54054 2.503095037009330e-02
0.55255 2.476089528919069e-02
0.56456 2.445324610832560e-02
0.57658 2.411008699606510e-02
0.58859 2.373345628870836e-02
0.60060 2.332575054382694e-02
0.61261 2.288989076415027e-02
0.62462 2.242934672269644e-02
0.63664 2.194808944807836e-02
0.64865 2.145050734935732e-02
0.66066 2.094130575916621e-02
0.67267 2.042540265047395e-02
0.68468 1.990782790267978e-02
0.69670 1.939362943899985e-02
0.70871 1.888778734053340e-02
0.72072 1.839513612687035e-02
0.73273 1.792029503484407e-02
0.74474 1.746760596873518e-02
0.75676 1.704107876362575e-02
0.76877 1.664434347624931e-02
0.78078 1.628060954207316e-02
0.79279 1.595263175404744e-02
0.80480 1.566268309096742e-02
0.81682 1.541253444289369e-02
0.82883 1.520344125602376e-02
0.84084 1.503613706421001e-02
0.85285 1.491083380267926e-02
0.86486 1.482722872191897e-02
0.87688 1.478451764318383e-02
0.88889 1.478141422582512e-02
0.90090 1.481617485274131e-02
0.91291 1.488662868444658e-02
0.92492 1.499021238453784e-02
0.93694 1.512400897936854e-02
0.94895 1.528479028209681e-02
0.96096 1.546906228563190e-02
0.97297 1.567311291014147e-02
0.98498 1.589306147859664e-02
0.99700 1.612490928829273e-02
1.00901 1.636459064737907e-02
1.02102 1.660802375314739e-02
1.03303 1.685116080309089e-02
1.04505 1.709003675042304e-02
1.05706 1.732081614262172e-02
1.06907 1.753983751433674e-02
1.08108 1.774365484428876e-02
1.09309 1.792907562913192e-02
1.10511 1.809319517511902e-02
1.11712 1.823342676021089e-02
1.12913 1.834752737436169e-02
1.14114 1.843361880341747e-02
1.15315 1.849020388167155e-02
1.16517 1.851617779890627e-02
1.17718 1.851083440898393e-02
1.18919 1.847386754800191e-02
1.20120 1.840536742998552e-02
1.21321 1.830581224636230e-02
1.22523 1.817605515138405e-02
1.23724 1.801730686860901e-02
1.24925 1.783111420295003e-02
1.26126 1.761933478809899e-02
1.27327 1.738410843987972e-02
1.28529 1.712782552184263e-02
1.29730 1.685309275983454e-02
1.30931 1.656269696707243e-02
1.32132 1.625956716018782e-02
1.33333 1.594673555963793e-02
1.34535 1.562729797471395e-02
1.35736 1.530437407409073e-02
1.36937 1.498106803751599e-02
1.38138 1.466043007293862e-02
1.39339 1.434541926631454e-02
1.40541 1.403886820875171e-02
1.41742 1.374344981786647e-02
1.42943 1.346164673759728e-02
1.44144 1.319572366367029e-02
1.45345 1.294770290091219e-02
1.46547 1.271934341417508e-02
1.47748 1.251212358732816e-02
1.48949 1.232722785518208e-02
1.50150 1.216553732195575e-02
1.51351 1.202762442762002e-02
1.52553 1.191375167081337e-02
1.53754 1.182387434468348e-02
1.54955 1.175764719063294e-02
1.56156 1.171443482518771e-02
1.57357 1.169332574770474e-02
1.58559 1.169314969200043e-02
1.59760 1.171249804379442e-02
1.60961 1.174974700866032e-02
1.62162 1.180308318244301e-02
1.63363 1.187053114827272e-02
1.64565 1.194998270174299e-02
1.65766 1.203922728882155e-02
1.66967 1.213598322984706e-02
1.68168 1.223792929767390e-02
1.69369 1.234273621871673e-02
1.70571 1.244809767228896e-02
1.71772 1.255176037611106e-02
1.72973 1.265155286398524e-02
1.74174 1.274541258511067e-02
1.75375 1.283141098298542e-02
1.76577 1.290777624486879e-02
1.77778 1.297291344985719e-02
1.78979 1.302542188418642e-02
1.80180 1.306410933579668e-02
1.81381 1.308800322581746e-02
1.82583 1.309635848175308e-02
1.83784 1.308866210505881e-02
1.84985 1.306463443376457e-02
1.86186 1.302422714810473e-02
1.87387 1.296761811303846e-02
1.88589 1.289520319541092e-02
1.89790 1.280758523466650e-02
1.90991 1.270556038388321e-02
1.92192 1.259010207191167e-02
1.93393 1.246234286710341e-02
1.94595 1.232355454810006e-02
1.95796 1.217512670711331e-02
1.96997 1.201854422582314e-02
1.98198 1.185536397331437e-02
1.99399 1.168719107930895e-02
2.00601 1.151565513436813e-02
2.01802 1.134238666186024e-02
2.03003 1.116899419452815e-02
2.04204 1.099704227172938e-02
2.05405 1.082803065223042e-02
2.06607 1.066337501223711e-02
2.07808 1.050438936962367e-02
2.09009 1.035227044361711e-02
2.10210 1.020808412506828e-02
2.11411 1.007275419649774e-02
2.12613 9.947053403952268e-03
2.13814 9.831596944966789e-03
2.15015 9.726838399208978e-03
2.16216 9.633068091283134e-03
2.17417 9.550413839259898e-03
2.18619 9.478844008310368e-03
2.19820 9.418172756850772e-03
2.21021 9.368067333288536e-03
2.22222 9.328057255185172e-03
2.23423 9.297545179742172e-03
2.24625 9.275819255229432e-03
2.25826 9.262066727504166e-03
2.27027 9.255388564235007e-03
2.28228 9.254814851905459e-03
2.29429 9.259320717111875e-03
2.30631 9.267842524017586e-03
2.31832 9.279294103939864e-03
2.33033 9.292582780737151e-03
2.34234 9.306624966686480e-03
2.35435 9.320361117605761e-03
2.36637 9.332769852755184e-03
2.37838 9.342881064186615e-03
2.39039 9.349787861315514e-03
2.40240 9.352657219165270e-03
2.41441 9.350739222567574e-03
2.42643 9.343374823180496e-03
2.43844 9.330002051098161e-03
2.45045 9.310160647673564e-03
2.46246 9.283495110576056e-03
2.47447 9.249756165698071e-03
2.48649 9.208800702978789e-03
2.49850 9.160590234224827e-03
2.51051 9.105187950314248e-03
2.52252 9.042754472542424e-03
2.53453 8.973542408119758e-03
2.54655 8.897889832815644e-03
2.55856 8.816212834356900e-03
2.57057 8.728997258371082e-03
2.58258 8.636789804393480e-03
2.59459 8.540188622752199e-03
2.60661 8.439833564063052e-03
2.61862 8.336396231697478e-03
2.63063 8.230569984056073e-03
2.64264 8.123060027936783e-03
2.65465 8.014573736909881e-03
2.66667 7.905811319594733e-03
2.67868 7.797456952291257e-03
2.69069 7.690170478776890e-03
2.70270 7.584579767468982e-03
2.71471 7.481273802812658e-03
2.72673 7.380796573918779e-03
2.73874 7.283641809379988e-03
2.75075 7.190248593059695e-03
2.76276 7.100997881691122e-03
2.77477 7.016209931544394e-03
2.78679 6.936142628399746e-03
2.79880 6.860990702771608e-03
2.81081 6.790885800906821e-03
2.82282 6.725897371652839e-03
2.83483 6.666034319963325e-03
2.84685 6.611247369655056e-03
2.85886 6.561432071111793e-03
2.87087 6.516432383979591e-03
2.88288 6.476044760529464e-03
2.89489 6.440022652269449e-03
2.90691 6.408081360543006e-03
2.91892 6.379903151211818e-03
2.93093 6.355142554028240e-03
2.94294 6.333431768884340e-03
2.95495 6.314386103695397e-03
2.96697 6.297609372141948e-03
2.97898 6.282699183754677e-03
2.99099 6.269252063772857e-03
3.00300 6.256868345729661e-03
3.01502 6.245156785704198e-03
3.02703 6.233738853518756e-03
3.03904 6.222252662741146e-03
3.05105 6.210356508069842e-03
3.06306 6.197731985433030e-03
3.07508 6.184086676826519e-03
3.08709 6.169156388462127e-03
3.09910 6.152706937117726e-03
3.11111 6.134535485601385e-03
3.12312 6.114471433902625e-03
3.13514 6.092376877850946e-03
3.14715 6.068146651891438e-03
3.15916 6.041707976885563e-03
3.17117 6.013019737626297e-03
3.18318 5.982071418004514e-03
3.19520 5.948881724469588e-03
3.20721 5.913496930590748e-03
3.21922 5.875988977154306e-03
3.23123 5.836453363337931e-03
3.24324 5.795006865106406e-03
3.25526 5.751785117097990e-03
3.26727 5.706940093944842e-03
3.27928 5.660637526228157e-03
3.29129 5.613054285143203e-03
3.30330 5.564375768479490e-03
3.31532 5.514793318746179e-03
3.32733 5.464501702231971e-03
3.33934 5.413696675524104e-03
3.35135 5.362572663561825e-03
3.36336 5.311320570706628e-03
3.37538 5.260125743613718e-03
3.38739 5.209166101922799e-03
3.39940 5.158610449989105e-03
3.41141 5.108616980079491e-03
3.42342 5.059331974696041e-03
3.43544 5.010888712990157e-03
3.44745 4.963406583618996e-03
3.45946 4.916990403899030e-03
3.47147 4.871729942747986e-03
3.48348 4.827699642696058e-03
3.49550 4.784958534205771e-03
3.50751 4.743550333679440e-03
3.51952 4.703503714865664e-03
3.53153 4.664832741908127e-03
3.54354 4.627537451017614e-03
3.55556 4.591604566694225e-03
3.56757 4.557008337581540e-03
3.57958 4.523711476397689e-03
3.59159 4.491666187955100e-03
3.60360 4.460815269046966e-03
3.61562 4.431093263936691e-03
3.62763 4.402427659327877e-03
3.63964 4.374740103007513e-03
3.65165 4.347947630831781e-03
3.66366 4.321963887350370e-03
3.67568 4.296700326128031e-03
3.68769 4.272067376706575e-03
3.69970 4.247975566142466e-03
3.71171 4.224336584138626e-03
3.72372 4.201064281948670e-03
3.73574 4.178075596451699e-03
3.74775 4.155291392059702e-03
3.75976 4.132637214412321e-03
3.77177 4.110043951119154e-03
3.78378 4.087448396113095e-03
3.79580 4.064793715464919e-03
3.80781 4.042029813765026e-03
3.81982 4.019113601390662e-03
3.83183 3.996009164132810e-03
3.84384 3.972687837746174e-03
3.85586 3.949128190997234e-03
3.86787 3.925315921710941e-03
3.87988 3.901243671148524e-03
3.89189 3.876910762780397e-03
3.90390 3.852322872145035e-03
3.91592 3.827491635002727e-03
3.92793 3.802434201400573e-03
3.93994 3.777172743561353e-03
3.95195 3.751733925694120e-03
3.96396 3.726148343901518e-03
3.97598 3.700449944330386e-03
3.98799 3.674675427583557e-03
4.00000 3.648863647187659e-03
