  300.00 -8.00000  1.22193e+15  1.22193e+15  1.22193e+15 -3.84346e+13 -3.84347e+13  3.84347e+13
  300.00 -7.97595  1.22723e+15  1.22723e+15  1.22723e+15 -5.24255e+13 -5.24256e+13  5.24256e+13
  300.00 -7.95190  1.24066e+15  1.24066e+15  1.24066e+15 -5.59579e+13 -5.59580e+13  5.59579e+13
  300.00 -7.92786  1.14610e+15  1.14610e+15  1.14610e+15 -5.06220e+13 -5.06221e+13  5.06221e+13
  300.00 -7.90381  9.26163e+14  9.26163e+14  9.26163e+14 -3.50005e+13 -3.50005e+13  3.50006e+13
  300.00 -7.87976  7.68864e+14  7.68864e+14  7.68864e+14 -4.23010e+12 -4.23002e+12  4.23012e+12
  300.00 -7.85571  8.37556e+14  8.37556e+14  8.37556e+14  3.19599e+13  3.19599e+13 -3.19599e+13
  300.00 -7.83166  1.10184e+15  1.10184e+15  1.10184e+15  4.79719e+13  4.79719e+13 -4.79720e+13
  300.00 -7.80762  1.31120e+15  1.31120e+15  1.31120e+15  3.06758e+13  3.06758e+13 -3.06758e+13
  300.00 -7.78357  1.43910e+15  1.43910e+15  1.43910e+15 -9.36993e+12 -9.36995e+12  9.36994e+12
  300.00 -7.75952  1.56680e+15  1.56680e+15  1.56680e+15 -4.45766e+13 -4.45766e+13  4.45766e+13
  300.00 -7.73547  1.54595e+15  1.54595e+15  1.54595e+15 -4.14931e+13 -4.14931e+13  4.14931e+13
  300.00 -7.71142  1.36977e+15  1.36977e+15  1.36977e+15  2.26558e+12  2.26571e+12 -2.26570e+12
  300.00 -7.68737  1.25087e+15  1.25087e+15  1.25087e+15  4.67664e+13  4.67665e+13 -4.67665e+13
  300.00 -7.66333  1.42108e+15  1.42108e+15  1.42108e+15  4.31175e+13  4.31175e+13 -4.31175e+13
  300.00 -7.63928  1.74175e+15  1.74175e+15  1.74175e+15 -5.18131e+12 -5.18135e+12  5.18131e+12
  300.00 -7.61523  1.75978e+15  1.75978e+15  1.75978e+15 -5.97346e+13 -5.97345e+13  5.97345e+13
  300.00 -7.59118  1.44907e+15  1.44907e+15  1.44907e+15 -6.37877e+13 -6.37875e+13  6.37875e+13
  300.00 -7.56713  1.24143e+15  1.24143e+15  1.24143e+15 -1.32657e+13 -1.32657e+13  1.32657e+13
  300.00 -7.54309  1.35853e+15  1.35853e+15  1.35853e+15  3.16195e+13  3.16196e+13 -3.16196e+13
  300.00 -7.51904  1.54784e+15  1.54784e+15  1.54784e+15  1.86791e+13  1.86792e+13 -1.86792e+13
  300.00 -7.49499  1.56042e+15  1.56042e+15  1.56042e+15 -2.40696e+13 -2.40696e+13  2.40696e+13
  300.00 -7.47094  1.37303e+15  1.37303e+15  1.37303e+15 -6.07044e+13 -6.07044e+13  6.07043e+13
  300.00 -7.44689  1.14947e+15  1.14947e+15  1.14947e+15 -6.42110e+13 -6.42110e+13  6.42109e+13
  300.00 -7.42285  1.03241e+15  1.03241e+15  1.03241e+15 -1.89878e+13 -1.89878e+13  1.89878e+13
  300.00 -7.39880  1.07195e+15  1.07195e+15  1.07195e+15  2.88723e+13  2.88723e+13 -2.88723e+13
  300.00 -7.37475  1.27497e+15  1.27497e+15  1.27497e+15  3.71544e+13  3.71543e+13 -3.71543e+13
  300.00 -7.35070  1.56722e+15  1.56722e+15  1.56722e+15  2.62944e+13  2.62944e+13 -2.62944e+13
  300.00 -7.32665  1.78371e+15  1.78371e+15  1.78371e+15  2.27335e+13  2.27335e+13 -2.27335e+13
  300.00 -7.30261  1.89032e+15  1.89032e+15  1.89032e+15  7.66018e+12  7.66018e+12 -7.66018e+12
  300.00 -7.27856  1.92099e+15  1.92099e+15  1.92099e+15 -2.19326e+13 -2.19326e+13  2.19325e+13
  300.00 -7.25451  1.78158e+15  1.78158e+15  1.78158e+15 -2.96794e+13 -2.96794e+13  2.96793e+13
  300.00 -7.23046  1.54418e+15  1.54418e+15  1.54418e+15  4.73914e+12  4.73913e+12 -4.73911e+12
  300.00 -7.20641  1.60179e+15  1.60179e+15  1.60179e+15  4.36289e+13  4.36289e+13 -4.36288e+13
  300.00 -7.18236  1.94415e+15  1.94415e+15  1.94415e+15  4.28993e+13  4.28994e+13 -4.28993e+13
  300.00 -7.15832  2.15396e+15  2.15396e+15  2.15396e+15  1.73466e+13  1.73467e+13 -1.73467e+13
  300.00 -7.13427  2.16343e+15  2.16343e+15  2.16343e+15 -2.12778e+12 -2.12779e+12  2.12771e+12
  300.00 -7.11022  2.06569e+15  2.06569e+15  2.06569e+15 -1.17996e+13 -1.17996e+13  1.17996e+13
  300.00 -7.08617  1.98502e+15  1.98502e+15  1.98502e+15 -1.16828e+13 -1.16828e+13  1.16829e+13
  300.00 -7.06212  2.08908e+15  2.08908e+15  2.08908e+15 -3.64322e+12 -3.64325e+12  3.64331e+12
  300.00 -7.03808  2.16147e+15  2.16147e+15  2.16147e+15  2.76467e+12  2.76471e+12 -2.76473e+12
  300.00 -7.01403  1.93914e+15  1.93914e+15  1.93914e+15  1.03221e+13  1.03221e+13 -1.03222e+13
  300.00 -6.98998  1.57408e+15  1.57408e+15  1.57408e+15  6.19388e+12  6.19392e+12 -6.19398e+12
  300.00 -6.96593  1.61231e+15  1.61231e+15  1.61231e+15 -6.03009e+12 -6.03011e+12  6.03009e+12
  300.00 -6.94188  2.13248e+15  2.13248e+15  2.13248e+15 -6.81566e+12 -6.81573e+12  6.81575e+12
  300.00 -6.91784  2.45800e+15  2.45800e+15  2.45800e+15  5.10560e+12  5.10555e+12 -5.10554e+12
  300.00 -6.89379  2.25652e+15  2.25652e+15  2.25652e+15  1.91015e+13  1.91015e+13 -1.91015e+13
  300.00 -6.86974  1.89373e+15  1.89373e+15  1.89373e+15  1.78886e+13  1.78887e+13 -1.78887e+13
  300.00 -6.84569  1.83022e+15  1.83022e+15  1.83022e+15  3.93783e+12  3.93787e+12 -3.93786e+12
  300.00 -6.82164  2.13679e+15  2.13679e+15  2.13679e+15  7.34987e+12  7.34987e+12 -7.34982e+12
  300.00 -6.79760  2.64419e+15  2.64419e+15  2.64419e+15  1.29290e+13  1.29290e+13 -1.29289e+13
  300.00 -6.77355  3.00966e+15  3.00966e+15  3.00966e+15  5.73121e+12  5.73118e+12 -5.73115e+12
  300.00 -6.74950  2.93426e+15  2.93426e+15  2.93426e+15 -7.80021e+12 -7.80025e+12  7.80025e+12
  300.00 -6.72545  2.52702e+15  2.52702e+15  2.52702e+15 -2.17318e+13 -2.17319e+13  2.17318e+13
  300.00 -6.70140  2.14072e+15  2.14072e+15  2.14072e+15 -2.44570e+12 -2.44569e+12  2.44567e+12
  300.00 -6.67735  2.06076e+15  2.06076e+15  2.06076e+15  3.02974e+13  3.02975e+13 -3.02975e+13
  300.00 -6.65331  2.42372e+15  2.42372e+15  2.42372e+15  1.77839e+13  1.77839e+13 -1.77838e+13
  300.00 -6.62926  2.91108e+15  2.91108e+15  2.91108e+15 -1.39107e+13 -1.39108e+13  1.39108e+13
  300.00 -6.60521  3.08591e+15  3.08591e+15  3.08591e+15 -3.42424e+13 -3.42425e+13  3.42425e+13
  300.00 -6.58116  2.95479e+15  2.95479e+15  2.95479e+15 -3.34384e+13 -3.34384e+13  3.34384e+13
  300.00 -6.55711  2.88693e+15  2.88693e+15  2.88693e+15 -1.38026e+13 -1.38026e+13  1.38026e+13
  300.00 -6.53307  2.88812e+15  2.88812e+15  2.88812e+15  8.82905e+12  8.82908e+12 -8.82906e+12
  300.00 -6.50902  2.75171e+15  2.75171e+15  2.75171e+15  1.05667e+13  1.05668e+13 -1.05667e+13
  300.00 -6.48497  2.63357e+15  2.63357e+15  2.63357e+15 -7.62090e+12 -7.62089e+12  7.62090e+12
  300.00 -6.46092  2.72420e+15  2.72420e+15  2.72420e+15 -9.64833e+12 -9.64837e+12  9.64838e+12
  300.00 -6.43687  2.85411e+15  2.85411e+15  2.85411e+15  1.28548e+13  1.28547e+13 -1.28547e+13
  300.00 -6.41283  2.88730e+15  2.88730e+15  2.88730e+15  1.28461e+13  1.28461e+13 -1.28461e+13
  300.00 -6.38878  2.84391e+15  2.84391e+15  2.84391e+15 -1.28033e+13 -1.28033e+13  1.28033e+13
  300.00 -6.36473  2.95428e+15  2.95428e+15  2.95428e+15 -8.63890e+12 -8.63886e+12  8.63883e+12
  300.00 -6.34068  3.24789e+15  3.24789e+15  3.24789e+15  1.67461e+13  1.67461e+13 -1.67461e+13
  300.00 -6.31663  3.33964e+15  3.33964e+15  3.33964e+15  2.12418e+13  2.12417e+13 -2.12417e+13
  300.00 -6.29259  3.05929e+15  3.05929e+15  3.05929e+15  1.30465e+13  1.30465e+13 -1.30465e+13
  300.00 -6.26854  2.78596e+15  2.78596e+15  2.78596e+15  8.28727e+12  8.28727e+12 -8.28728e+12
  300.00 -6.24449  2.81234e+15  2.81234e+15  2.81234e+15  3.58410e+12  3.58411e+12 -3.58412e+12
  300.00 -6.22044  2.99021e+15  2.99021e+15  2.99021e+15 -7.99858e+11 -7.99826e+11  7.99827e+11
  300.00 -6.19639  3.15847e+15  3.15847e+15  3.15847e+15 -3.71605e+12 -3.71602e+12  3.71603e+12
  300.00 -6.17234  3.36756e+15  3.36756e+15  3.36756e+15 -4.84742e+12 -4.84742e+12  4.84742e+12
  300.00 -6.14830  3.61633e+15  3.61633e+15  3.61633e+15  1.00149e+12  1.00148e+12 -1.00150e+12
  300.00 -6.12425  3.61649e+15  3.61649e+15  3.61649e+15  1.42366e+13  1.42366e+13 -1.42366e+13
  300.00 -6.10020  3.18204e+15  3.18204e+15  3.18204e+15  1.40200e+13  1.40201e+13 -1.40200e+13
  300.00 -6.07615  2.98976e+15  2.98976e+15  2.98976e+15 -1.42964e+13 -1.42964e+13  1.42964e+13
  300.00 -6.05210  3.43179e+15  3.43179e+15  3.43179e+15 -2.84851e+13 -2.84851e+13  2.84851e+13
  300.00 -6.02806  3.71893e+15  3.71893e+15  3.71893e+15 -1.35044e+13 -1.35044e+13  1.35044e+13
  300.00 -6.00401  3.51259e+15  3.51259e+15  3.51259e+15  4.29211e+12  4.29211e+12 -4.29211e+12
  300.00 -5.97996  3.41068e+15  3.41068e+15  3.41068e+15  1.06993e+13  1.06993e+13 -1.06993e+13
  300.00 -5.95591  3.58293e+15  3.58293e+15  3.58293e+15 -4.16844e+11 -4.16858e+11  4.16864e+11
  300.00 -5.93186  3.58162e+15  3.58162e+15  3.58162e+15 -7.98605e+12 -7.98605e+12  7.98606e+12
  300.00 -5.90782  3.29782e+15  3.29782e+15  3.29782e+15 -1.19266e+12 -1.19266e+12  1.19266e+12
  300.00 -5.88377  3.08072e+15  3.08072e+15  3.08072e+15 -1.01244e+11 -1.01248e+11  1.01249e+11
  300.00 -5.85972  3.07817e+15  3.07817e+15  3.07817e+15 -3.26906e+12 -3.26906e+12  3.26908e+12
  300.00 -5.83567  3.23010e+15  3.23010e+15  3.23010e+15 -4.02007e+12 -4.02008e+12  4.02008e+12
  300.00 -5.81162  3.57286e+15  3.57286e+15  3.57286e+15 -4.42280e+12 -4.42282e+12  4.42281e+12
  300.00 -5.78758  3.80672e+15  3.80672e+15  3.80672e+15 -1.27813e+12 -1.27813e+12  1.27812e+12
  300.00 -5.76353  3.64414e+15  3.64414e+15  3.64414e+15  6.05328e+12  6.05329e+12 -6.05328e+12
  300.00 -5.73948  3.28086e+15  3.28086e+15  3.28086e+15  7.51896e+12  7.51899e+12 -7.51896e+12
  300.00 -5.71543  3.04410e+15  3.04410e+15  3.04410e+15 -1.03275e+12 -1.03273e+12  1.03274e+12
  300.00 -5.69138  3.13506e+15  3.13506e+15  3.13506e+15 -2.03682e+12 -2.03685e+12  2.03682e+12
  300.00 -5.66733  3.41110e+15  3.41110e+15  3.41110e+15 -4.41970e+12 -4.41973e+12  4.41970e+12
  300.00 -5.64329  3.55247e+15  3.55247e+15  3.55247e+15 -1.04738e+13 -1.04738e+13  1.04738e+13
  300.00 -5.61924  3.47036e+15  3.47036e+15  3.47036e+15 -5.41362e+12 -5.41360e+12  5.41361e+12
  300.00 -5.59519  3.34459e+15  3.34459e+15  3.34459e+15  4.83342e+12  4.83343e+12 -4.83343e+12
  300.00 -5.57114  3.37565e+15  3.37565e+15  3.37565e+15  9.15218e+12  9.15218e+12 -9.15218e+12
  300.00 -5.54709  3.29729e+15  3.29729e+15  3.29729e+15  1.69676e+12  1.69676e+12 -1.69676e+12
  300.00 -5.52305  2.97610e+15  2.97610e+15  2.97610e+15 -7.58301e+12 -7.58301e+12  7.58300e+12
  300.00 -5.49900  2.77440e+15  2.77440e+15  2.77440e+15 -7.63645e+12 -7.63646e+12  7.63645e+12
  300.00 -5.47495  2.87486e+15  2.87486e+15  2.87486e+15  1.03326e+12  1.03325e+12 -1.03325e+12
  300.00 -5.45090  3.02714e+15  3.02714e+15  3.02714e+15  6.50854e+12  6.50854e+12 -6.50852e+12
  300.00 -5.42685  3.12868e+15  3.12868e+15  3.12868e+15  1.91833e+12  1.91833e+12 -1.91834e+12
  300.00 -5.40281  3.11038e+15  3.11038e+15  3.11038e+15 -1.94746e+12 -1.94747e+12  1.94743e+12
  300.00 -5.37876  2.92757e+15  2.92757e+15  2.92757e+15  6.85657e+11  6.85659e+11 -6.85661e+11
  300.00 -5.35471  2.69544e+15  2.69544e+15  2.69544e+15  3.32489e+12  3.32491e+12 -3.32488e+12
  300.00 -5.33066  2.52429e+15  2.52429e+15  2.52429e+15  4.25262e+12  4.25264e+12 -4.25260e+12
  300.00 -5.30661  2.58560e+15  2.58560e+15  2.58560e+15  7.02214e+12  7.02213e+12 -7.02211e+12
  300.00 -5.28257  2.81181e+15  2.81181e+15  2.81181e+15  4.20132e+12  4.20130e+12 -4.20130e+12
  300.00 -5.25852  2.98272e+15  2.98272e+15  2.98272e+15 -9.35526e+12 -9.35528e+12  9.35526e+12
  300.00 -5.23447  3.10422e+15  3.10422e+15  3.10422e+15 -1.15238e+13 -1.15238e+13  1.15238e+13
  300.00 -5.21042  3.16141e+15  3.16141e+15  3.16141e+15 -1.36306e+12 -1.36303e+12  1.36304e+12
  300.00 -5.18637  2.90668e+15  2.90668e+15  2.90668e+15  4.72019e+12  4.72021e+12 -4.72019e+12
  300.00 -5.16232  2.52322e+15  2.52322e+15  2.52322e+15  2.25372e+12  2.25373e+12 -2.25372e+12
  300.00 -5.13828  2.41756e+15  2.41756e+15  2.41756e+15 -2.32763e+12 -2.32763e+12  2.32764e+12
  300.00 -5.11423  2.59955e+15  2.59955e+15  2.59955e+15 -7.80662e+12 -7.80662e+12  7.80663e+12
  300.00 -5.09018  3.08310e+15  3.08310e+15  3.08310e+15 -1.55234e+13 -1.55234e+13  1.55234e+13
  300.00 -5.06613  3.49196e+15  3.49196e+15  3.49196e+15 -1.32983e+13 -1.32983e+13  1.32983e+13
  300.00 -5.04208  3.36643e+15  3.36643e+15  3.36643e+15 -4.93234e+12 -4.93232e+12  4.93232e+12
  300.00 -5.01804  3.00181e+15  3.00181e+15  3.00181e+15 -1.72839e+12 -1.72836e+12  1.72837e+12
  300.00 -4.99399  2.83335e+15  2.83335e+15  2.83335e+15 -8.61124e+12 -8.61120e+12  8.61120e+12
  300.00 -4.96994  2.89241e+15  2.89241e+15  2.89241e+15 -1.45719e+13 -1.45719e+13  1.45719e+13
  300.00 -4.94589  3.07957e+15  3.07957e+15  3.07957e+15 -1.31309e+13 -1.31309e+13  1.31309e+13
  300.00 -4.92184  3.08223e+15  3.08223e+15  3.08223e+15 -1.16667e+13 -1.16668e+13  1.16668e+13
  300.00 -4.89780  2.87796e+15  2.87796e+15  2.87796e+15 -5.58381e+12 -5.58384e+12  5.58386e+12
  300.00 -4.87375  3.00187e+15  3.00187e+15  3.00187e+15 -4.42725e+11 -4.42696e+11  4.42691e+11
  300.00 -4.84970  3.30504e+15  3.30504e+15  3.30504e+15 -1.15662e+13 -1.15662e+13  1.15662e+13
  300.00 -4.82565  3.20358e+15  3.20358e+15  3.20358e+15 -2.58981e+13 -2.58981e+13  2.58981e+13
  300.00 -4.80160  2.69662e+15  2.69662e+15  2.69662e+15 -2.18953e+13 -2.18954e+13  2.18954e+13
  300.00 -4.77756  2.45439e+15  2.45439e+15  2.45439e+15 -2.79043e+12 -2.79050e+12  2.79049e+12
  300.00 -4.75351  2.75302e+15  2.75302e+15  2.75302e+15  7.30935e+12  7.30930e+12 -7.30930e+12
  300.00 -4.72946  3.27606e+15  3.27606e+15  3.27606e+15  4.75207e+12  4.75205e+12 -4.75203e+12
  300.00 -4.70541  3.63783e+15  3.63783e+15  3.63783e+15 -2.77227e+12 -2.77226e+12  2.77227e+12
  300.00 -4.68136  3.61259e+15  3.61259e+15  3.61259e+15 -1.09252e+13 -1.09252e+13  1.09252e+13
  300.00 -4.65731  3.31947e+15  3.31947e+15  3.31947e+15 -1.73833e+13 -1.73833e+13  1.73833e+13
  300.00 -4.63327  3.07994e+15  3.07994e+15  3.07994e+15 -9.45128e+12 -9.45133e+12  9.45134e+12
  300.00 -4.60922  3.21364e+15  3.21364e+15  3.21364e+15  6.82374e+12  6.82372e+12 -6.82369e+12
  300.00 -4.58517  3.51430e+15  3.51430e+15  3.51430e+15  1.00416e+13  1.00417e+13 -1.00416e+13
  300.00 -4.56112  3.62473e+15  3.62473e+15  3.62473e+15  6.47701e+12  6.47702e+12 -6.47705e+12
  300.00 -4.53707  3.69120e+15  3.69120e+15  3.69120e+15  4.99841e+12  4.99841e+12 -4.99845e+12
  300.00 -4.51303  3.80749e+15  3.80749e+15  3.80749e+15  7.31839e+11  7.31848e+11 -7.31860e+11
  300.00 -4.48898  3.77781e+15  3.77781e+15  3.77781e+15 -8.11143e+12 -8.11141e+12  8.11142e+12
  300.00 -4.46493  3.66690e+15  3.66690e+15  3.66690e+15 -6.61737e+12 -6.61734e+12  6.61736e+12
  300.00 -4.44088  3.69464e+15  3.69464e+15  3.69464e+15  5.03080e+12  5.03082e+12 -5.03082e+12
  300.00 -4.41683  3.68879e+15  3.68879e+15  3.68879e+15  7.38047e+12  7.38045e+12 -7.38047e+12
  300.00 -4.39279  3.69673e+15  3.69673e+15  3.69673e+15 -9.13988e+11 -9.13998e+11  9.13980e+11
  300.00 -4.36874  3.97043e+15  3.97043e+15  3.97043e+15 -5.69828e+12 -5.69826e+12  5.69826e+12
  300.00 -4.34469  4.29215e+15  4.29215e+15  4.29215e+15 -1.82641e+12 -1.82641e+12  1.82645e+12
  300.00 -4.32064  4.49626e+15  4.49626e+15  4.49626e+15  2.30475e+12  2.30470e+12 -2.30465e+12
  300.00 -4.29659  4.57991e+15  4.57991e+15  4.57991e+15  2.09722e+12  2.09717e+12 -2.09717e+12
  300.00 -4.27255  4.49382e+15  4.49382e+15  4.49382e+15  2.89611e+12  2.89609e+12 -2.89610e+12
  300.00 -4.24850  4.33884e+15  4.33884e+15  4.33884e+15  5.74846e+12  5.74843e+12 -5.74842e+12
  300.00 -4.22445  4.42127e+15  4.42127e+15  4.42127e+15  6.72406e+12  6.72400e+12 -6.72397e+12
  300.00 -4.20040  4.74606e+15  4.74606e+15  4.74606e+15  7.51326e+12  7.51318e+12 -7.51313e+12
  300.00 -4.17635  4.87044e+15  4.87044e+15  4.87044e+15  6.34727e+12  6.34720e+12 -6.34708e+12
  300.00 -4.15230  4.70783e+15  4.70783e+15  4.70783e+15  6.38514e+11  6.38465e+11 -6.38183e+11
  300.00 -4.12826  4.69115e+15  4.69115e+15  4.69115e+15 -6.93641e+12 -6.93643e+12  6.93703e+12
  300.00 -4.10421  4.84648e+15  4.84648e+15  4.84648e+15 -1.02583e+13 -1.02583e+13  1.02595e+13
  300.00 -4.08016  4.95474e+15  4.95474e+15  4.95474e+15  1.71935e+12  1.71931e+12 -1.71671e+12
  300.00 -4.05611  5.09513e+15  5.09513e+15  5.09513e+15  1.77946e+13  1.77946e+13 -1.77891e+13
  300.00 -4.03206  5.04147e+15  5.04147e+15  5.04147e+15  1.40196e+13  1.40196e+13 -1.40085e+13
  300.00 -4.00802  4.56816e+15  4.56816e+15  4.56816e+15 -7.32962e+12 -7.32964e+12  7.35178e+12
  300.00 -3.98397  4.28589e+15  4.28589e+15  4.28589e+15 -2.17992e+13 -2.17992e+13  2.18419e+13
  300.00 -3.95992  4.67232e+15  4.67232e+15  4.67232e+15 -1.38315e+13 -1.38315e+13  1.39103e+13
  300.00 -3.93587  5.08083e+15  5.08083e+15  5.08083e+15 -3.44331e+12 -3.44330e+12  3.58008e+12
  300.00 -3.91182  5.23330e+15  5.23330e+15  5.23330e+15 -4.46243e+11 -4.46210e+11  6.64128e+11
  300.00 -3.88778  5.52813e+15  5.52813e+15  5.52813e+15  6.79614e+12  6.79618e+12 -6.48406e+12
  300.00 -3.86373  5.75417e+15  5.75417e+15  5.75417e+15  1.64472e+13  1.64473e+13 -1.60418e+13
  300.00 -3.83968  5.69325e+15  5.69325e+15  5.69325e+15  8.47163e+12  8.47167e+12 -7.98710e+12
  300.00 -3.81563  5.34635e+15  5.34635e+15  5.34635e+15 -1.79464e+13 -1.79463e+13  1.84619e+13
  300.00 -3.79158  4.97229e+15  4.97229e+15  4.97229e+15 -2.88606e+13 -2.88605e+13  2.94581e+13
  300.00 -3.76754  5.10811e+15  5.10811e+15  5.10811e+15 -4.41814e+12 -4.41808e+12  5.23549e+12
  300.00 -3.74349  5.78806e+15  5.78806e+15  5.78806e+15  2.17480e+13  2.17481e+13 -2.08998e+13
  300.00 -3.71944  6.26362e+15  6.26362e+15  6.26362e+15  2.06263e+13  2.06263e+13 -2.00009e+13
  300.00 -3.69539  6.14695e+15  6.14695e+15  6.14695e+15  4.34279e+12  4.34281e+12 -3.63836e+12
  300.00 -3.67134  6.08009e+15  6.08009e+15  6.08009e+15 -1.03714e+13 -1.03714e+13  1.14660e+13
  300.00 -3.64729  6.30501e+15  6.30501e+15  6.30501e+15 -1.14442e+13 -1.14442e+13  1.26311e+13
  300.00 -3.62325  6.20223e+15  6.20223e+15  6.20223e+15 -1.15177e+13 -1.15177e+13  1.23605e+13
  300.00 -3.59920  5.78511e+15  5.78511e+15  5.78511e+15 -2.38293e+13 -2.38293e+13  2.43669e+13
  300.00 -3.57515  5.59552e+15  5.59552e+15  5.59552e+15 -1.12102e+13 -1.12102e+13  1.18678e+13
  300.00 -3.55110  6.09397e+15  6.09397e+15  6.09397e+15  1.27005e+13  1.27006e+13 -1.18580e+13
  300.00 -3.52705  6.78853e+15  6.78853e+15  6.78853e+15 -1.69926e+12 -1.69922e+12  2.44175e+12
  300.00 -3.50301  6.80014e+15  6.80014e+15  6.80014e+15 -2.41866e+13 -2.41865e+13  2.46835e+13
  300.00 -3.47896  6.11537e+15  6.11537e+15  6.11537e+15 -2.14099e+13 -2.14099e+13  2.17759e+13
  300.00 -3.45491  5.65189e+15  5.65189e+15  5.65189e+15  1.84045e+11  1.84013e+11  1.60125e+11
  300.00 -3.43086  6.03096e+15  6.03096e+15  6.03096e+15  3.03375e+12  3.03373e+12 -2.72946e+12
  300.00 -3.40681  6.36435e+15  6.36435e+15  6.36435e+15 -1.52605e+13 -1.52605e+13  1.55072e+13
  300.00 -3.38277  6.00723e+15  6.00723e+15  6.00723e+15 -9.74287e+12 -9.74286e+12  9.93408e+12
  300.00 -3.35872  5.43232e+15  5.43232e+15  5.43232e+15  1.97425e+13  1.97425e+13 -1.96083e+13
  300.00 -3.33467  5.40878e+15  5.40878e+15  5.40878e+15  3.06769e+13  3.06769e+13 -3.05926e+13
  300.00 -3.31062  6.06483e+15  6.06483e+15  6.06483e+15  1.55737e+13  1.55736e+13 -1.55251e+13
  300.00 -3.28657  6.63938e+15  6.63938e+15  6.63938e+15 -1.00733e+13 -1.00732e+13  1.00995e+13
  300.00 -3.26253  6.33287e+15  6.33287e+15  6.33287e+15 -3.66388e+13 -3.66387e+13  3.66524e+13
  300.00 -3.23848  5.41747e+15  5.41747e+15  5.41747e+15 -6.83121e+12 -6.83122e+12  6.83825e+12
  300.00 -3.21443  5.22162e+15  5.22162e+15  5.22162e+15  5.50814e+13  5.50813e+13 -5.50775e+13
  300.00 -3.19038  5.79460e+15  5.79460e+15  5.79460e+15  4.03832e+13  4.03831e+13 -4.03806e+13
  300.00 -3.16633  6.21535e+15  6.21534e+15  6.21535e+15 -1.58539e+13 -1.58539e+13  1.58562e+13
  300.00 -3.14228  6.19198e+15  6.19198e+15  6.19198e+15 -3.44500e+13 -3.44499e+13  3.44526e+13
  300.00 -3.11824  6.03832e+15  6.03832e+15  6.03832e+15 -1.20846e+13 -1.20846e+13  1.20877e+13
  300.00 -3.09419  6.18939e+15  6.18939e+15  6.18939e+15 -8.17235e+12 -8.17237e+12  8.17510e+12
  300.00 -3.07014  6.70721e+15  6.70721e+15  6.70721e+15 -2.54561e+13 -2.54561e+13  2.54571e+13
  300.00 -3.04609  7.01902e+15  7.01902e+15  7.01902e+15 -3.10304e+13 -3.10304e+13  3.10304e+13
  300.00 -3.02204  6.79666e+15  6.79666e+15  6.79666e+15 -1.40560e+13 -1.40559e+13  1.40574e+13
  300.00 -2.99800  6.03789e+15  6.03789e+15  6.03789e+15 -1.48902e+11 -1.48814e+11  1.51783e+11
  300.00 -2.97395  5.54807e+15  5.54807e+15  5.54807e+15  7.42343e+12  7.42342e+12 -7.42048e+12
  300.00 -2.94990  6.14794e+15  6.14794e+15  6.14794e+15  4.02272e+11  4.02197e+11 -4.00076e+11
  300.00 -2.92585  7.08261e+15  7.08261e+15  7.08261e+15 -4.20413e+12 -4.20416e+12  4.20545e+12
  300.00 -2.90180  7.42815e+15  7.42815e+15  7.42815e+15  1.00991e+13  1.00991e+13 -1.00984e+13
  300.00 -2.87776  7.21539e+15  7.21539e+15  7.21539e+15  2.80347e+12  2.80354e+12 -2.80309e+12
  300.00 -2.85371  6.69394e+15  6.69394e+15  6.69394e+15 -2.11272e+13 -2.11271e+13  2.11273e+13
  300.00 -2.82966  6.16551e+15  6.16551e+15  6.16551e+15  3.22612e+12  3.22618e+12 -3.22606e+12
  300.00 -2.80561  5.91263e+15  5.91263e+15  5.91263e+15  4.74482e+13  4.74481e+13 -4.74481e+13
  300.00 -2.78156  5.98500e+15  5.98500e+15  5.98500e+15  5.04608e+13  5.04608e+13 -5.04607e+13
  300.00 -2.75752  6.58922e+15  6.58922e+15  6.58922e+15  1.75430e+13  1.75430e+13 -1.75429e+13
  300.00 -2.73347  7.50956e+15  7.50956e+15  7.50956e+15 -5.31861e+12 -5.31854e+12  5.31857e+12
  300.00 -2.70942  7.80439e+15  7.80439e+15  7.80439e+15  2.10252e+13  2.10253e+13 -2.10253e+13
  300.00 -2.68537  7.01217e+15  7.01217e+15  7.01217e+15  5.03826e+13  5.03826e+13 -5.03826e+13
  300.00 -2.66132  5.94690e+15  5.94690e+15  5.94690e+15  1.90187e+13  1.90187e+13 -1.90187e+13
  300.00 -2.63727  6.10816e+15  6.10816e+15  6.10816e+15 -2.20943e+13 -2.20943e+13  2.20943e+13
  300.00 -2.61323  7.33392e+15  7.33392e+15  7.33392e+15 -1.09567e+13 -1.09566e+13  1.09566e+13
  300.00 -2.58918  8.05526e+15  8.05526e+15  8.05526e+15  2.39454e+13  2.39454e+13 -2.39453e+13
  300.00 -2.56513  7.63864e+15  7.63864e+15  7.63864e+15  3.48519e+13  3.48519e+13 -3.48518e+13
  300.00 -2.54108  6.69410e+15  6.69410e+15  6.69410e+15  1.86170e+13  1.86170e+13 -1.86169e+13
  300.00 -2.51703  6.38937e+15  6.38937e+15  6.38937e+15  1.45895e+13  1.45895e+13 -1.45895e+13
  300.00 -2.49299  6.70047e+15  6.70047e+15  6.70047e+15  1.00767e+13  1.00766e+13 -1.00767e+13
  300.00 -2.46894  6.97633e+15  6.97633e+15  6.97633e+15 -1.95484e+12 -1.95490e+12  1.95492e+12
  300.00 -2.44489  7.07947e+15  7.07947e+15  7.07947e+15  6.76530e+12  6.76527e+12 -6.76520e+12
  300.00 -2.42084  6.85285e+15  6.85285e+15  6.85285e+15  2.30950e+13  2.30949e+13 -2.30948e+13
  300.00 -2.39679  6.47029e+15  6.47029e+15  6.47029e+15  1.76342e+13  1.76341e+13 -1.76341e+13
  300.00 -2.37275  6.54103e+15  6.54103e+15  6.54103e+15  1.26369e+11  1.26336e+11 -1.26250e+11
  300.00 -2.34870  6.64590e+15  6.64590e+15  6.64590e+15 -4.63543e+12 -4.63543e+12  4.63555e+12
  300.00 -2.32465  6.46722e+15  6.46722e+15  6.46722e+15 -6.93281e+12 -6.93285e+12  6.93303e+12
  300.00 -2.30060  6.15448e+15  6.15448e+15  6.15448e+15 -1.33419e+13 -1.33419e+13  1.33423e+13
  300.00 -2.27655  6.14622e+15  6.14622e+15  6.14622e+15  4.50893e+10  4.51040e+10 -4.44952e+10
  300.00 -2.25251  6.99436e+15  6.99436e+15  6.99436e+15  1.72854e+13  1.72854e+13 -1.72844e+13
  300.00 -2.22846  7.60577e+15  7.60577e+15  7.60577e+15  6.00833e+12  6.00827e+12 -6.00669e+12
  300.00 -2.20441  7.13082e+15  7.13082e+15  7.13082e+15 -2.57227e+13 -2.57228e+13  2.57249e+13
  300.00 -2.18036  6.53918e+15  6.53918e+15  6.53918e+15 -5.39665e+13 -5.39666e+13  5.39693e+13
  300.00 -2.15631  6.86828e+15  6.86828e+15  6.86828e+15 -4.18025e+13 -4.18024e+13  4.18069e+13
  300.00 -2.13226  7.40216e+15  7.40216e+15  7.40216e+15 -9.62688e+12 -9.62679e+12  9.63722e+12
  300.00 -2.10822  7.42840e+15  7.42840e+15  7.42840e+15 -1.66430e+13 -1.66430e+13  1.66667e+13
  300.00 -2.08417  7.60846e+15  7.60846e+15  7.60846e+15 -2.91115e+13 -2.91116e+13  2.91630e+13
  300.00 -2.06012  7.86512e+15  7.86512e+15  7.86512e+15 -4.29441e+12 -4.29447e+12  4.40571e+12
  300.00 -2.03607  7.36263e+15  7.36263e+15  7.36263e+15  9.27024e+12  9.27024e+12 -9.03023e+12
  300.00 -2.01202  6.71454e+15  6.71454e+15  6.71454e+15 -4.08474e+13 -4.08474e+13  4.13607e+13
  300.00 -1.98798  6.67371e+15  6.67371e+15  6.67371e+15 -6.79090e+13 -6.79090e+13  6.89919e+13
  300.00 -1.96393  6.92117e+15  6.92117e+15  6.92117e+15 -4.62169e+13 -4.62169e+13  4.84609e+13
  300.00 -1.93988  6.96513e+15  6.96513e+15  6.96513e+15 -8.74223e+12 -8.74218e+12  1.32879e+13
  300.00 -1.91583  6.64059e+15  6.64059e+15  6.64059e+15  3.59297e+13  3.59298e+13 -2.69827e+13
  300.00 -1.89178  6.47915e+15  6.47915e+15  6.47915e+15  4.27871e+13  4.27872e+13 -2.58321e+13
  300.00 -1.86774  6.79536e+15  6.79536e+15  6.79536e+15  3.95178e+12  3.95185e+12  2.65312e+13
  300.00 -1.84369  7.01293e+15  7.01293e+15  7.01293e+15  8.19834e+12  8.19833e+12  4.24825e+13
  300.00 -1.81964  6.78336e+15  6.78336e+15  6.78336e+15  4.65069e+13  4.65069e+13  2.78325e+13
  300.00 -1.79559  6.59861e+15  6.59861e+15  6.59861e+15  2.61497e+13  2.61498e+13  6.21701e+13
  300.00 -1.77154  6.53272e+15  6.53272e+15  6.53272e+15 -7.67253e+12 -7.67245e+12  8.38180e+13
  300.00 -1.74749  6.44202e+15  6.44202e+15  6.44202e+15  3.47314e+13  3.47315e+13  2.35376e+13
  300.00 -1.72345  6.95025e+15  6.95025e+15  6.95025e+15  1.29647e+14  1.29647e+14 -5.00726e+13
  300.00 -1.69940  7.71303e+15  7.71303e+15  7.71303e+15  1.29626e+14  1.29626e+14 -2.55926e+13
  300.00 -1.67535  8.12581e+15  8.12581e+15  8.12581e+15  8.96781e+12  8.96771e+12  7.67319e+13
  300.00 -1.65130  8.32891e+15  8.32892e+15  8.32892e+15 -3.26372e+13 -3.26372e+13  9.97470e+13
  300.00 -1.62725  8.45637e+15  8.45637e+15  8.45637e+15  5.20876e+13  5.20877e+13  3.28875e+13
  300.00 -1.60321  8.46296e+15  8.46296e+15  8.46296e+15  1.21433e+14  1.21433e+14 -2.02374e+13
  300.00 -1.57916  7.90770e+15  7.90770e+15  7.90770e+15  1.09704e+14  1.09704e+14 -1.05800e+13
  300.00 -1.55511  6.77014e+15  6.77014e+15  6.77014e+15  8.16950e+13  8.16949e+13  1.17515e+13
  300.00 -1.53106  6.16204e+15  6.16204e+15  6.16204e+15  6.04269e+13  6.04268e+13  2.92853e+13
  300.00 -1.50701  6.84379e+15  6.84379e+15  6.84379e+15  1.90783e+13  1.90782e+13  5.51159e+13
  300.00 -1.48297  7.38288e+15  7.38288e+15  7.38288e+15 -1.69250e+13 -1.69251e+13  5.08486e+13
  300.00 -1.45892  6.90872e+15  6.90872e+15  6.90872e+15  1.97008e+13  1.97009e+13 -1.52659e+13
  300.00 -1.43487  6.11638e+15  6.11638e+15  6.11638e+15  7.49643e+13  7.49644e+13 -4.71020e+13
  300.00 -1.41082  5.17479e+15  5.17479e+15  5.17479e+15  6.27417e+13  6.27417e+13 -2.34169e+12
  300.00 -1.38677  4.43831e+15  4.43831e+15  4.43831e+15  3.34079e+13  3.34078e+13  3.07338e+13
  300.00 -1.36273  4.48264e+15  4.48264e+15  4.48264e+15  1.77281e+13  1.77280e+13  3.32296e+13
  300.00 -1.33868  4.79534e+15  4.79534e+15  4.79534e+15  3.64305e+12  3.64302e+12  3.44118e+13
  300.00 -1.31463  5.14392e+15  5.14392e+15  5.14392e+15 -2.04246e+12 -2.04249e+12  3.48537e+13
  300.00 -1.29058  5.60114e+15  5.60114e+15  5.60114e+15  6.05601e+12  6.05599e+12  3.07171e+13
  300.00 -1.26653  6.07049e+15  6.07049e+15  6.07049e+15  1.67747e+13  1.67747e+13  3.15595e+13
  300.00 -1.24248  6.53437e+15  6.53437e+15  6.53437e+15  2.21491e+13  2.21491e+13  3.82588e+13
  300.00 -1.21844  6.70177e+15  6.70177e+15  6.70177e+15  2.52505e+13  2.52505e+13  3.13364e+13
  300.00 -1.19439  6.57428e+15  6.57428e+15  6.57428e+15  9.15464e+12  9.15468e+12  1.58454e+13
  300.00 -1.17034  7.00565e+15  7.00565e+15  7.00565e+15 -1.85238e+13 -1.85238e+13  1.88432e+13
  300.00 -1.14629  8.02084e+15  8.02084e+15  8.02084e+15 -1.80702e+13 -1.80702e+13  4.19874e+13
  300.00 -1.12224  8.87809e+15  8.87809e+15  8.87809e+15 -4.30840e+12 -4.30836e+12  5.96946e+13
  300.00 -1.09820  9.16712e+15  9.16712e+15  9.16712e+15 -6.00775e+11 -6.00707e+11  5.93529e+13
  300.00 -1.07415  8.71251e+15  8.71251e+15  8.71251e+15 -1.68211e+13 -1.68210e+13  6.17875e+13
  300.00 -1.05010  8.03013e+15  8.03013e+15  8.03013e+15 -1.22451e+13 -1.22451e+13  4.21904e+13
  300.00 -1.02605  8.00418e+15  8.00418e+15  8.00418e+15  1.38386e+11  1.38387e+11  1.99572e+13
  300.00 -1.00200  8.35483e+15  8.35483e+15  8.35483e+15  1.44368e+13  1.44368e+13  2.02680e+12
  300.00 -0.97796  7.91667e+15  7.91667e+15  7.91667e+15  7.63927e+13  7.63928e+13 -5.75817e+13
  300.00 -0.95391  6.77375e+15  6.77375e+15  6.77375e+15  9.30576e+13  9.30577e+13 -6.61840e+13
  300.00 -0.92986  6.21833e+15  6.21833e+15  6.21833e+15 -1.97100e+13 -1.97100e+13  5.88804e+13
  300.00 -0.90581  6.57445e+15  6.57445e+15  6.57445e+15 -5.92978e+13 -5.92978e+13  1.08629e+14
  300.00 -0.88176  6.95067e+15  6.95067e+15  6.95067e+15  5.40329e+12  5.40327e+12  3.79500e+13
  300.00 -0.85772  6.80968e+15  6.80968e+15  6.80968e+15  4.51406e+13  4.51406e+13 -2.97207e+13
  300.00 -0.83367  6.04531e+15  6.04531e+15  6.04531e+15  6.24665e+13  6.24665e+13 -6.18556e+13
  300.00 -0.80962  4.93402e+15  4.93402e+15  4.93402e+15  7.91564e+13  7.91564e+13 -5.46292e+13
  300.00 -0.78557  4.53186e+15  4.53186e+15  4.53186e+15  6.91040e+13  6.91039e+13 -2.15550e+13
  300.00 -0.76152  5.24368e+15  5.24368e+15  5.24368e+15  3.38002e+13  3.38002e+13  1.32941e+13
  300.00 -0.73747  5.83729e+15  5.83729e+15  5.83729e+15  6.42538e+11  6.42557e+11  3.43035e+13
  300.00 -0.71343  5.83503e+15  5.83503e+15  5.83503e+15 -3.59149e+12 -3.59150e+12  2.66610e+13
  300.00 -0.68938  5.97211e+15  5.97211e+15  5.97211e+15  9.15954e+12  9.15950e+12  6.55904e+12
  300.00 -0.66533  6.23087e+15  6.23087e+15  6.23087e+15  1.90055e+13  1.90054e+13 -5.60624e+12
  300.00 -0.64128  6.31131e+15  6.31131e+15  6.31131e+15  8.22364e+12  8.22359e+12  7.57390e+12
  300.00 -0.61723  6.64308e+15  6.64308e+15  6.64308e+15 -5.20781e+12 -5.20785e+12  2.75795e+13
  300.00 -0.59319  7.06269e+15  7.06269e+15  7.06269e+15 -4.02654e+12 -4.02657e+12  3.49930e+13
  300.00 -0.56914  7.04100e+15  7.04100e+15  7.04100e+15 -1.37362e+13 -1.37363e+13  4.85954e+13
  300.00 -0.54509  6.89253e+15  6.89253e+15  6.89253e+15 -4.50886e+13 -4.50886e+13  6.89324e+13
  300.00 -0.52104  6.96751e+15  6.96751e+15  6.96751e+15 -6.86030e+13 -6.86031e+13  7.22144e+13
  300.00 -0.49699  7.29181e+15  7.29181e+15  7.29181e+15 -4.47634e+13 -4.47634e+13  4.96308e+13
  300.00 -0.47295  7.75580e+15  7.75580e+15  7.75580e+15 -5.92582e+12 -5.92580e+12  3.14214e+13
  300.00 -0.44890  7.53814e+15  7.53814e+15  7.53814e+15 -3.08571e+13 -3.08571e+13  6.61565e+13
  300.00 -0.42485  6.93787e+15  6.93787e+15  6.93787e+15 -8.10885e+13 -8.10885e+13  1.12030e+14
  300.00 -0.40080  6.89390e+15  6.89390e+15  6.89390e+15 -7.14429e+13 -7.14429e+13  9.42526e+13
  300.00 -0.37675  7.34979e+15  7.34979e+15  7.34979e+15 -2.19059e+13 -2.19059e+13  3.90655e+13
  300.00 -0.35271  7.47758e+15  7.47758e+15  7.47758e+15 -7.64331e+12 -7.64331e+12  2.32596e+13
  300.00 -0.32866  6.88889e+15  6.88889e+15  6.88889e+15 -1.98922e+13 -1.98922e+13  3.73809e+13
  300.00 -0.30461  6.37770e+15  6.37770e+15  6.37770e+15  7.54370e+12  7.54365e+12  1.23965e+13
  300.00 -0.28056  6.42024e+15  6.42024e+15  6.42024e+15 -1.50795e+13 -1.50796e+13  3.24359e+13
  300.00 -0.25651  6.51556e+15  6.51556e+15  6.51556e+15 -4.76235e+13 -4.76236e+13  5.44867e+13
  300.00 -0.23246  6.46919e+15  6.46919e+15  6.46919e+15  1.71228e+12  1.71219e+12 -9.06686e+11
  300.00 -0.20842  6.52514e+15  6.52514e+15  6.52514e+15  4.76374e+13  4.76373e+13 -3.79658e+13
  300.00 -0.18437  6.45407e+15  6.45407e+15  6.45407e+15  3.23158e+13  3.23158e+13 -1.30310e+13
  300.00 -0.16032  6.22828e+15  6.22828e+15  6.22828e+15  1.56362e+13  1.56361e+13  4.88405e+12
  300.00 -0.13627  6.38411e+15  6.38411e+15  6.38411e+15  4.63406e+13  4.63404e+13 -2.90409e+13
  300.00 -0.11222  6.94260e+15  6.94260e+15  6.94260e+15  7.45218e+13  7.45216e+13 -6.12548e+13
  300.00 -0.08818  6.84603e+15  6.84603e+15  6.84603e+15  4.59132e+13  4.59130e+13 -3.74633e+13
  300.00 -0.06413  5.88797e+15  5.88797e+15  5.88797e+15  5.50788e+12  5.50782e+12 -2.24972e+12
  300.00 -0.04008  5.17868e+15  5.17868e+15  5.17868e+15 -4.39877e+12 -4.39877e+12  6.15103e+12
  300.00 -0.01603  4.95422e+15  4.95422e+15  4.95422e+15  7.30107e+12  7.30105e+12 -3.21286e+12
  300.00  0.00802  4.92351e+15  4.92351e+15  4.92351e+15  2.45889e+13  2.45889e+13 -1.91401e+13
  300.00  0.03206  4.83727e+15  4.83727e+15  4.83727e+15  3.02080e+13  3.02080e+13 -2.55099e+13
  300.00  0.05611  4.38945e+15  4.38945e+15  4.38945e+15  2.52506e+13  2.52506e+13 -2.20312e+13
  300.00  0.08016  3.98531e+15  3.98531e+15  3.98531e+15  1.69261e+13  1.69261e+13 -1.49865e+13
  300.00  0.10421  3.89994e+15  3.89994e+15  3.89994e+15  9.75665e+12  9.75655e+12 -8.67695e+12
  300.00  0.12826  3.72297e+15  3.72297e+15  3.72297e+15  9.53584e+12  9.53575e+12 -8.96583e+12
  300.00  0.15230  3.32295e+15  3.32295e+15  3.32295e+15  9.91035e+12  9.91037e+12 -9.62077e+12
  300.00  0.17635  3.04854e+15  3.04854e+15  3.04854e+15  7.94056e+12  7.94073e+12 -7.79781e+12
  300.00  0.20040  2.99373e+15  2.99373e+15  2.99373e+15  1.04072e+13  1.04074e+13 -1.03385e+13
  300.00  0.22445  3.31438e+15  3.31438e+15  3.31438e+15  2.29018e+13  2.29018e+13 -2.28691e+13
  300.00  0.24850  3.95072e+15  3.95072e+15  3.95072e+15  2.37569e+13  2.37567e+13 -2.37414e+13
  300.00  0.27255  4.27621e+15  4.27621e+15  4.27621e+15 -1.85827e+13 -1.85828e+13  1.85898e+13
  300.00  0.29659  4.22862e+15  4.22862e+15  4.22862e+15 -6.06793e+13 -6.06792e+13  6.06823e+13
  300.00  0.32064  4.24674e+15  4.24674e+15  4.24674e+15 -3.55317e+13 -3.55316e+13  3.55330e+13
  300.00  0.34469  5.11021e+15  5.11021e+15  5.11021e+15 -4.38302e+11 -4.38332e+11  4.39169e+11
  300.00  0.36874  6.39978e+15  6.39978e+15  6.39978e+15  6.68373e+11  6.68262e+11 -6.67815e+11
  300.00  0.39279  6.94880e+15  6.94880e+15  6.94880e+15  5.76932e+12  5.76932e+12 -5.76927e+12
  300.00  0.41683  6.70454e+15  6.70454e+15  6.70454e+15 -4.06488e+12 -4.06468e+12  4.06454e+12
  300.00  0.44088  6.69119e+15  6.69119e+15  6.69119e+15 -4.01621e+13 -4.01619e+13  4.01619e+13
  300.00  0.46493  7.08723e+15  7.08723e+15  7.08723e+15 -2.12436e+13 -2.12437e+13  2.12438e+13
  300.00  0.48898  6.95681e+15  6.95681e+15  6.95681e+15  3.97956e+13  3.97954e+13 -3.97952e+13
  300.00  0.51303  6.66612e+15  6.66612e+15  6.66612e+15  8.87243e+13  8.87242e+13 -8.87242e+13
  300.00  0.53707  6.67812e+15  6.67812e+15  6.67812e+15  1.01987e+14  1.01987e+14 -1.01988e+14
  300.00  0.56112  6.41265e+15  6.41265e+15  6.41265e+15 -2.21799e+13 -2.21798e+13  2.21797e+13
  300.00  0.58517  5.97448e+15  5.97448e+15  5.97448e+15 -1.17497e+14 -1.17497e+14  1.17497e+14
  300.00  0.60922  5.56789e+15  5.56789e+15  5.56789e+15 -1.77047e+13 -1.77047e+13  1.77048e+13
  300.00  0.63327  4.97771e+15  4.97771e+15  4.97771e+15  1.14738e+14  1.14738e+14 -1.14738e+14
  300.00  0.65731  4.36322e+15  4.36322e+15  4.36322e+15  1.10405e+14  1.10405e+14 -1.10405e+14
  300.00  0.68136  3.93958e+15  3.93958e+15  3.93958e+15  2.55516e+13  2.55516e+13 -2.55516e+13
  300.00  0.70541  3.57933e+15  3.57933e+15  3.57933e+15 -3.19043e+13 -3.19044e+13  3.19044e+13
  300.00  0.72946  3.17211e+15  3.17211e+15  3.17211e+15 -2.29937e+13 -2.29937e+13  2.29937e+13
  300.00  0.75351  2.59765e+15  2.59765e+15  2.59765e+15  2.01230e+13  2.01230e+13 -2.01230e+13
  300.00  0.77756  1.74201e+15  1.74201e+15  1.74201e+15  1.80116e+13  1.80116e+13 -1.80116e+13
  300.00  0.80160  1.17378e+15  1.17378e+15  1.17378e+15 -3.19258e+13 -3.19259e+13  3.19259e+13
  300.00  0.82565  1.48027e+15  1.48027e+15  1.48027e+15 -4.29054e+13 -4.29055e+13  4.29056e+13
  300.00  0.84970  2.19816e+15  2.19816e+15  2.19816e+15 -1.50386e+13 -1.50387e+13  1.50387e+13
  300.00  0.87375  2.68151e+15  2.68151e+15  2.68151e+15  1.13123e+13  1.13123e+13 -1.13123e+13
  300.00  0.89780  2.90115e+15  2.90115e+15  2.90115e+15  2.05098e+13  2.05099e+13 -2.05098e+13
  300.00  0.92184  3.01465e+15  3.01465e+15  3.01465e+15 -5.90063e+12 -5.90059e+12  5.90060e+12
  300.00  0.94589  3.07075e+15  3.07075e+15  3.07075e+15 -5.56972e+13 -5.56972e+13  5.56972e+13
  300.00  0.96994  3.11817e+15  3.11817e+15  3.11817e+15 -6.52274e+13 -6.52274e+13  6.52274e+13
  300.00  0.99399  3.60022e+15  3.60022e+15  3.60022e+15 -2.78106e+13 -2.78105e+13  2.78105e+13
  300.00  1.01804  4.74592e+15  4.74592e+15  4.74592e+15 -2.80953e+13 -2.80952e+13  2.80952e+13
  300.00  1.04208  6.16657e+15  6.16657e+15  6.16657e+15 -8.17281e+13 -8.17281e+13  8.17281e+13
  300.00  1.06613  7.66441e+15  7.66441e+15  7.66441e+15 -1.21592e+14 -1.21592e+14  1.21592e+14
  300.00  1.09018  8.92182e+15  8.92182e+15  8.92182e+15 -1.35135e+14 -1.35135e+14  1.35135e+14
  300.00  1.11423  9.61935e+15  9.61935e+15  9.61935e+15 -1.34961e+14 -1.34961e+14  1.34961e+14
  300.00  1.13828  9.77134e+15  9.77134e+15  9.77134e+15 -1.22935e+14 -1.22935e+14  1.22935e+14
  300.00  1.16232  9.22425e+15  9.22425e+15  9.22425e+15 -9.68924e+13 -9.68926e+13  9.68926e+13
  300.00  1.18637  8.43143e+15  8.43143e+15  8.43143e+15 -5.80398e+13 -5.80397e+13  5.80396e+13
  300.00  1.21042  8.17825e+15  8.17825e+15  8.17825e+15 -1.70812e+14 -1.70812e+14  1.70812e+14
  300.00  1.23447  8.83138e+15  8.83138e+15  8.83138e+15 -3.09726e+14 -3.09726e+14  3.09726e+14
  300.00  1.25852  9.86510e+15  9.86510e+15  9.86510e+15 -1.96796e+14 -1.96796e+14  1.96796e+14
  300.00  1.28257  9.96730e+15  9.96730e+15  9.96730e+15  1.82332e+12  1.82305e+12 -1.82302e+12
  300.00  1.30661  8.95513e+15  8.95513e+15  8.95513e+15  6.00042e+13  6.00041e+13 -6.00042e+13
  300.00  1.33066  7.34819e+15  7.34819e+15  7.34819e+15 -6.29006e+12 -6.29008e+12  6.28999e+12
  300.00  1.35471  5.88397e+15  5.88397e+15  5.88397e+15 -5.80911e+13 -5.80911e+13  5.80911e+13
  300.00  1.37876  5.33145e+15  5.33145e+15  5.33145e+15 -7.54763e+13 -7.54761e+13  7.54761e+13
  300.00  1.40281  5.24394e+15  5.24394e+15  5.24394e+15 -1.56074e+14 -1.56074e+14  1.56074e+14
  300.00  1.42685  4.61620e+15  4.61620e+15  4.61620e+15 -2.13336e+14 -2.13336e+14  2.13336e+14
  300.00  1.45090  3.34031e+15  3.34031e+15  3.34031e+15 -9.76046e+13 -9.76048e+13  9.76048e+13
  300.00  1.47495  2.72521e+15  2.72521e+15  2.72521e+15  1.47960e+14  1.47960e+14 -1.47960e+14
  300.00  1.49900  3.34613e+15  3.34613e+15  3.34613e+15  2.49249e+14  2.49249e+14 -2.49249e+14
  300.00  1.52305  4.26240e+15  4.26240e+15  4.26240e+15  1.59546e+14  1.59547e+14 -1.59546e+14
  300.00  1.54709  4.70524e+15  4.70524e+15  4.70524e+15  6.25802e+13  6.25803e+13 -6.25802e+13
  300.00  1.57114  4.51311e+15  4.51311e+15  4.51311e+15 -4.94685e+12 -4.94680e+12  4.94689e+12
  300.00  1.59519  3.83781e+15  3.83781e+15  3.83781e+15 -4.35775e+13 -4.35775e+13  4.35775e+13
  300.00  1.61924  3.26840e+15  3.26840e+15  3.26840e+15  3.59287e+13  3.59286e+13 -3.59287e+13
  300.00  1.64329  3.44179e+15  3.44179e+15  3.44179e+15  2.06806e+14  2.06806e+14 -2.06806e+14
  300.00  1.66733  4.11002e+15  4.11002e+15  4.11002e+15  2.73361e+14  2.73361e+14 -2.73361e+14
  300.00  1.69138  4.72928e+15  4.72928e+15  4.72928e+15  7.58193e+13  7.58194e+13 -7.58194e+13
  300.00  1.71543  5.48691e+15  5.48691e+15  5.48691e+15 -1.60220e+14 -1.60220e+14  1.60220e+14
  300.00  1.73948  6.19131e+15  6.19131e+15  6.19131e+15 -1.93261e+13 -1.93261e+13  1.93260e+13
  300.00  1.76353  6.45973e+15  6.45973e+15  6.45973e+15  3.44669e+14  3.44669e+14 -3.44669e+14
  300.00  1.78758  6.71721e+15  6.71721e+15  6.71721e+15  3.78183e+14  3.78183e+14 -3.78183e+14
  300.00  1.81162  7.10546e+15  7.10546e+15  7.10546e+15  5.78895e+13  5.78895e+13 -5.78895e+13
  300.00  1.83567  7.17554e+15  7.17554e+15  7.17554e+15 -1.54419e+14 -1.54419e+14  1.54419e+14
  300.00  1.85972  6.54083e+15  6.54082e+15  6.54083e+15 -9.11476e+13 -9.11476e+13  9.11476e+13
  300.00  1.88377  6.25773e+15  6.25773e+15  6.25773e+15  4.67655e+13  4.67654e+13 -4.67654e+13
  300.00  1.90782  7.27628e+15  7.27629e+15  7.27628e+15  6.75027e+13  6.75026e+13 -6.75026e+13
  300.00  1.93186  8.28386e+15  8.28386e+15  8.28386e+15  1.53661e+13  1.53661e+13 -1.53660e+13
  300.00  1.95591  8.52411e+15  8.52411e+15  8.52411e+15 -2.79093e+13 -2.79092e+13  2.79093e+13
  300.00  1.97996  8.20934e+15  8.20934e+15  8.20934e+15 -1.69095e+12 -1.69086e+12  1.69080e+12
  300.00  2.00401  7.32674e+15  7.32674e+15  7.32674e+15  5.63201e+13  5.63201e+13 -5.63201e+13
  300.00  2.02806  6.91121e+15  6.91121e+15  6.91121e+15 -7.25607e+12 -7.25625e+12  7.25625e+12
  300.00  2.05210  7.79456e+15  7.79456e+15  7.79456e+15 -1.83976e+14 -1.83977e+14  1.83977e+14
  300.00  2.07615  9.03938e+15  9.03938e+15  9.03938e+15 -2.91293e+14 -2.91293e+14  2.91293e+14
  300.00  2.10020  9.00816e+15  9.00816e+15  9.00816e+15 -1.69637e+14 -1.69637e+14  1.69637e+14
  300.00  2.12425  7.21446e+15  7.21446e+15  7.21446e+15 -4.44404e+13 -4.44403e+13  4.44403e+13
  300.00  2.14830  5.48413e+15  5.48413e+15  5.48413e+15 -1.65898e+14 -1.65898e+14  1.65898e+14
  300.00  2.17234  5.16574e+15  5.16573e+15  5.16573e+15 -2.45348e+14 -2.45348e+14  2.45348e+14
  300.00  2.19639  6.10691e+15  6.10691e+15  6.10691e+15 -5.05348e+13 -5.05349e+13  5.05348e+13
  300.00  2.22044  7.63227e+15  7.63227e+15  7.63227e+15  1.58958e+13  1.58958e+13 -1.58959e+13
  300.00  2.24449  8.38326e+15  8.38326e+15  8.38326e+15 -7.92497e+13 -7.92496e+13  7.92495e+13
  300.00  2.26854  8.14744e+15  8.14744e+15  8.14744e+15 -1.24143e+14 -1.24143e+14  1.24143e+14
  300.00  2.29259  8.07144e+15  8.07144e+15  8.07144e+15 -1.24163e+14 -1.24163e+14  1.24163e+14
  300.00  2.31663  8.37465e+15  8.37465e+15  8.37465e+15 -1.78727e+14 -1.78727e+14  1.78727e+14
  300.00  2.34068  8.26964e+15  8.26964e+15  8.26964e+15 -1.63282e+14 -1.63282e+14  1.63282e+14
  300.00  2.36473  7.92557e+15  7.92557e+15  7.92557e+15  9.61926e+13  9.61929e+13 -9.61927e+13
  300.00  2.38878  8.51826e+15  8.51826e+15  8.51826e+15  2.42617e+14  2.42617e+14 -2.42617e+14
  300.00  2.41283  1.00717e+16  1.00717e+16  1.00717e+16  1.53171e+14  1.53171e+14 -1.53171e+14
  300.00  2.43687  1.03229e+16  1.03229e+16  1.03229e+16  1.22844e+14  1.22844e+14 -1.22844e+14
  300.00  2.46092  8.39108e+15  8.39107e+15  8.39108e+15  9.87011e+13  9.87011e+13 -9.87011e+13
  300.00  2.48497  6.93113e+15  6.93113e+15  6.93113e+15 -5.72787e+13 -5.72785e+13  5.72786e+13
  300.00  2.50902  7.78288e+15  7.78288e+15  7.78288e+15 -7.93483e+13 -7.93481e+13  7.93482e+13
  300.00  2.53307  8.80273e+15  8.80273e+15  8.80273e+15  1.02557e+14  1.02557e+14 -1.02556e+14
  300.00  2.55711  8.52166e+15  8.52166e+15  8.52166e+15  2.16243e+14  2.16243e+14 -2.16243e+14
  300.00  2.58116  7.62522e+15  7.62522e+15  7.62522e+15  2.23034e+14  2.23034e+14 -2.23034e+14
  300.00  2.60521  6.72421e+15  6.72421e+15  6.72421e+15  1.71054e+14  1.71054e+14 -1.71054e+14
  300.00  2.62926  5.70964e+15  5.70964e+15  5.70964e+15  4.57175e+13  4.57175e+13 -4.57175e+13
  300.00  2.65331  4.50109e+15  4.50109e+15  4.50109e+15 -8.27606e+13 -8.27606e+13  8.27606e+13
  300.00  2.67735  4.17317e+15  4.17317e+15  4.17317e+15 -7.06641e+13 -7.06641e+13  7.06640e+13
  300.00  2.70140  5.19178e+15  5.19178e+15  5.19178e+15  1.98216e+13  1.98215e+13 -1.98216e+13
  300.00  2.72545  6.44288e+15  6.44288e+15  6.44288e+15  7.31598e+13  7.31597e+13 -7.31599e+13
  300.00  2.74950  6.98411e+15  6.98411e+15  6.98411e+15  9.60626e+13  9.60626e+13 -9.60625e+13
  300.00  2.77355  6.08448e+15  6.08448e+15  6.08448e+15  1.06202e+14  1.06202e+14 -1.06201e+14
  300.00  2.79760  4.55049e+15  4.55049e+15  4.55049e+15  8.40432e+13  8.40433e+13 -8.40431e+13
  300.00  2.82164  4.57302e+15  4.57302e+15  4.57302e+15  4.14125e+13  4.14124e+13 -4.14126e+13
  300.00  2.84569  6.14651e+15  6.14651e+15  6.14651e+15 -4.63345e+12 -4.63362e+12  4.63349e+12
  300.00  2.86974  7.43780e+15  7.43780e+15  7.43780e+15 -4.31533e+13 -4.31534e+13  4.31535e+13
  300.00  2.89379  7.97827e+15  7.97827e+15  7.97827e+15  1.22517e+13  1.22517e+13 -1.22516e+13
  300.00  2.91784  8.40104e+15  8.40104e+15  8.40104e+15  9.11847e+13  9.11849e+13 -9.11848e+13
  300.00  2.94188  8.55030e+15  8.55030e+15  8.55030e+15  1.09043e+14  1.09043e+14 -1.09043e+14
  300.00  2.96593  7.47546e+15  7.47546e+15  7.47546e+15  1.13469e+14  1.13469e+14 -1.13468e+14
  300.00  2.98998  5.77427e+15  5.77427e+15  5.77427e+15  8.91251e+13  8.91251e+13 -8.91250e+13
  300.00  3.01403  6.30309e+15  6.30309e+15  6.30309e+15  8.86151e+13  8.86150e+13 -8.86152e+13
  300.00  3.03808  8.43507e+15  8.43507e+15  8.43507e+15  2.09478e+14  2.09478e+14 -2.09478e+14
  300.00  3.06212  9.67059e+15  9.67059e+15  9.67059e+15  1.99552e+14  1.99552e+14 -1.99552e+14
  300.00  3.08617  1.03084e+16  1.03084e+16  1.03084e+16 -6.02481e+13 -6.02481e+13  6.02482e+13
  300.00  3.11022  1.05621e+16  1.05621e+16  1.05621e+16 -1.74539e+14 -1.74539e+14  1.74539e+14
  300.00  3.13427  9.61562e+15  9.61562e+15  9.61562e+15 -6.01546e+13 -6.01547e+13  6.01545e+13
  300.00  3.15832  8.19720e+15  8.19720e+15  8.19720e+15 -5.89183e+13 -5.89185e+13  5.89184e+13
  300.00  3.18236  8.18320e+15  8.18320e+15  8.18320e+15 -3.17728e+14 -3.17728e+14  3.17728e+14
  300.00  3.20641  9.65802e+15  9.65802e+15  9.65802e+15 -2.91178e+14 -2.91178e+14  2.91178e+14
  300.00  3.23046  1.08643e+16  1.08643e+16  1.08643e+16  2.74250e+14  2.74250e+14 -2.74251e+14
  300.00  3.25451  1.05556e+16  1.05556e+16  1.05556e+16  5.70900e+14  5.70900e+14 -5.70900e+14
  300.00  3.27856  9.14714e+15  9.14714e+15  9.14714e+15  2.14450e+14  2.14451e+14 -2.14451e+14
  300.00  3.30261  8.37827e+15  8.37827e+15  8.37827e+15 -1.35272e+14 -1.35272e+14  1.35272e+14
  300.00  3.32665  8.64287e+15  8.64287e+15  8.64287e+15  4.52792e+13  4.52790e+13 -4.52790e+13
  300.00  3.35070  8.70875e+15  8.70875e+15  8.70875e+15  3.13244e+14  3.13244e+14 -3.13244e+14
  300.00  3.37475  7.81460e+15  7.81460e+15  7.81460e+15  1.31734e+14  1.31734e+14 -1.31734e+14
  300.00  3.39880  6.78390e+15  6.78390e+15  6.78390e+15 -5.19444e+13 -5.19443e+13  5.19443e+13
  300.00  3.42285  7.23509e+15  7.23509e+15  7.23509e+15  2.41112e+14  2.41112e+14 -2.41112e+14
  300.00  3.44689  8.04605e+15  8.04605e+15  8.04605e+15  5.73907e+14  5.73907e+14 -5.73907e+14
  300.00  3.47094  7.84324e+15  7.84323e+15  7.84323e+15  5.87003e+14  5.87003e+14 -5.87003e+14
  300.00  3.49499  7.19263e+15  7.19263e+15  7.19263e+15  2.72527e+14  2.72527e+14 -2.72527e+14
  300.00  3.51904  6.49986e+15  6.49986e+15  6.49986e+15 -9.09811e+13 -9.09809e+13  9.09809e+13
  300.00  3.54309  5.94140e+15  5.94140e+15  5.94140e+15 -1.95583e+14 -1.95583e+14  1.95583e+14
  300.00  3.56713  5.88521e+15  5.88521e+15  5.88521e+15 -7.59989e+13 -7.59990e+13  7.59991e+13
  300.00  3.59118  6.09317e+15  6.09317e+15  6.09317e+15 -1.53608e+12 -1.53617e+12  1.53626e+12
  300.00  3.61523  6.50665e+15  6.50665e+15  6.50665e+15 -3.84940e+13 -3.84940e+13  3.84940e+13
  300.00  3.63928  7.57112e+15  7.57112e+15  7.57112e+15 -8.50799e+13 -8.50797e+13  8.50797e+13
  300.00  3.66333  8.23110e+15  8.23110e+15  8.23110e+15 -9.34848e+13 -9.34846e+13  9.34847e+13
  300.00  3.68737  8.69843e+15  8.69843e+15  8.69843e+15 -2.20428e+14 -2.20428e+14  2.20428e+14
  300.00  3.71142  8.81808e+15  8.81808e+15  8.81808e+15 -4.87911e+14 -4.87911e+14  4.87911e+14
  300.00  3.73547  7.51158e+15  7.51158e+15  7.51158e+15 -6.07740e+14 -6.07740e+14  6.07740e+14
  300.00  3.75952  6.12976e+15  6.12976e+15  6.12976e+15 -2.82167e+14 -2.82167e+14  2.82167e+14
  300.00  3.78357  6.30512e+15  6.30512e+15  6.30512e+15  1.87142e+14  1.87142e+14 -1.87142e+14
  300.00  3.80762  7.38205e+15  7.38205e+15  7.38205e+15  2.95338e+14  2.95338e+14 -2.95338e+14
  300.00  3.83166  8.26727e+15  8.26727e+15  8.26727e+15  3.44605e+13  3.44605e+13 -3.44605e+13
  300.00  3.85571  9.14733e+15  9.14733e+15  9.14733e+15 -2.03273e+14 -2.03272e+14  2.03272e+14
  300.00  3.87976  1.01997e+16  1.01997e+16  1.01997e+16 -4.98886e+13 -4.98885e+13  4.98884e+13
  300.00  3.90381  1.00415e+16  1.00415e+16  1.00415e+16  2.32042e+14  2.32042e+14 -2.32043e+14
  300.00  3.92786  7.73907e+15  7.73907e+15  7.73907e+15  2.30118e+14  2.30118e+14 -2.30118e+14
  300.00  3.95190  5.07431e+15  5.07431e+15  5.07431e+15  9.64102e+12  9.64070e+12 -9.64072e+12
  300.00  3.97595  4.87466e+15  4.87466e+15  4.87466e+15 -7.23124e+13 -7.23125e+13  7.23125e+13
  300.00  4.00000  7.23656e+15  7.23656e+15  7.23656e+15  1.16846e+13  1.16848e+13 -1.16847e+13
