  300.00 -8.00000  5.25315e+11  5.25315e+11  5.25315e+11 -1.18818e+11 -1.18819e+11  1.18818e+11
  300.00 -7.97595  3.49941e+11  3.49941e+11  3.49941e+11 -1.21053e+11 -1.21053e+11  1.21053e+11
  300.00 -7.95190  5.45842e+10  5.45842e+10  5.45841e+10 -3.46259e+10 -3.46258e+10  3.46259e+10
  300.00 -7.92786  7.77183e+10  7.77184e+10  7.77184e+10  3.93971e+09  3.93961e+09 -3.93968e+09
  300.00 -7.90381  1.90006e+11  1.90006e+11  1.90005e+11 -3.81282e+10 -3.81283e+10  3.81282e+10
  300.00 -7.87976  4.76331e+10  4.76332e+10  4.76330e+10 -2.46649e+10 -2.46648e+10  2.46649e+10
  300.00 -7.85571  1.65477e+10  1.65476e+10  1.65477e+10  5.38630e+09  5.38629e+09 -5.38632e+09
  300.00 -7.83166  4.55814e+10  4.55813e+10  4.55813e+10 -2.23205e+10 -2.23206e+10  2.23205e+10
  300.00 -7.80762  3.84100e+10  3.84100e+10  3.84100e+10  6.91849e+09  6.91854e+09 -6.91853e+09
  300.00 -7.78357  2.24191e+11  2.24190e+11  2.24191e+11  8.77269e+10  8.77269e+10 -8.77270e+10
  300.00 -7.75952  6.09116e+11  6.09116e+11  6.09116e+11  1.39576e+10  1.39575e+10 -1.39577e+10
  300.00 -7.73547  9.24846e+11  9.24847e+11  9.24846e+11 -1.74462e+11 -1.74462e+11  1.74462e+11
  300.00 -7.71142  6.06541e+11  6.06541e+11  6.06541e+11 -1.75482e+11 -1.75482e+11  1.75482e+11
  300.00 -7.68737  9.66281e+10  9.66282e+10  9.66282e+10 -4.44759e+10 -4.44758e+10  4.44758e+10
  300.00 -7.66333  4.41730e+10  4.41730e+10  4.41729e+10  3.93529e+09  3.93523e+09 -3.93526e+09
  300.00 -7.63928  1.57676e+11  1.57676e+11  1.57676e+11 -2.53876e+10 -2.53877e+10  2.53876e+10
  300.00 -7.61523  6.75441e+10  6.75442e+10  6.75442e+10 -7.13165e+09 -7.13162e+09  7.13159e+09
  300.00 -7.59118  7.05544e+10  7.05545e+10  7.05545e+10  2.23570e+10  2.23570e+10 -2.23570e+10
  300.00 -7.56713  3.42963e+11  3.42963e+11  3.42963e+11  8.36586e+10  8.36586e+10 -8.36586e+10
  300.00 -7.54309  7.29474e+11  7.29474e+11  7.29474e+11  6.13276e+10  6.13276e+10 -6.13276e+10
  300.00 -7.51904  4.78069e+11  4.78069e+11  4.78068e+11 -9.14443e+10 -9.14442e+10  9.14443e+10
  300.00 -7.49499  3.56429e+10  3.56429e+10  3.56428e+10 -3.09961e+10 -3.09961e+10  3.09961e+10
  300.00 -7.47094  2.23904e+11  2.23904e+11  2.23904e+11  5.86521e+10  5.86521e+10 -5.86521e+10
  300.00 -7.44689  2.87121e+11  2.87120e+11  2.87121e+11 -3.39563e+10 -3.39564e+10  3.39563e+10
  300.00 -7.42285  1.12089e+11  1.12089e+11  1.12089e+11 -5.38657e+10 -5.38657e+10  5.38657e+10
  300.00 -7.39880  5.24377e+09  5.24379e+09  5.24378e+09 -4.60379e+09 -4.60378e+09  4.60379e+09
  300.00 -7.37475  3.06589e+10  3.06589e+10  3.06589e+10 -3.31015e+09 -3.31017e+09  3.31014e+09
  300.00 -7.35070  1.35059e+10  1.35060e+10  1.35060e+10 -1.25124e+10 -1.25124e+10  1.25124e+10
  300.00 -7.32665  9.33496e+10  9.33493e+10  9.33494e+10  3.92318e+10  3.92318e+10 -3.92317e+10
  300.00 -7.30261  4.45850e+11  4.45849e+11  4.45850e+11  9.50831e+10  9.50831e+10 -9.50831e+10
  300.00 -7.27856  7.63203e+11  7.63203e+11  7.63203e+11  4.29596e+10  4.29596e+10 -4.29597e+10
  300.00 -7.25451  7.20493e+11  7.20493e+11  7.20493e+11 -7.24939e+10 -7.24939e+10  7.24938e+10
  300.00 -7.23046  2.16460e+11  2.16460e+11  2.16460e+11 -6.95386e+10 -6.95386e+10  6.95385e+10
  300.00 -7.20641  2.00324e+10  2.00322e+10  2.00324e+10  9.97856e+09  9.97859e+09 -9.97855e+09
  300.00 -7.18236  2.18567e+11  2.18567e+11  2.18567e+11  1.64755e+10  1.64755e+10 -1.64755e+10
  300.00 -7.15832  2.17119e+11  2.17119e+11  2.17119e+11 -7.92114e+09 -7.92119e+09  7.92117e+09
  300.00 -7.13427  9.67537e+10  9.67538e+10  9.67537e+10 -9.21509e+09 -9.21515e+09  9.21515e+09
  300.00 -7.11022  1.73622e+10  1.73623e+10  1.73622e+10 -2.01961e+09 -2.01962e+09  2.01964e+09
  300.00 -7.08617  4.06227e+09  4.06228e+09  4.06228e+09  6.83874e+08  6.83882e+08 -6.83872e+08
  300.00 -7.06212  1.60624e+09  1.60623e+09  1.60623e+09 -9.28406e+08 -9.28415e+08  9.28416e+08
  300.00 -7.03808  1.03448e+11  1.03447e+11  1.03447e+11 -4.58960e+09 -4.58968e+09  4.58975e+09
  300.00 -7.01403  2.41581e+11  2.41581e+11  2.41581e+11  4.26487e+09  4.26485e+09 -4.26479e+09
  300.00 -6.98998  4.70922e+10  4.70923e+10  4.70923e+10  6.94476e+09  6.94478e+09 -6.94478e+09
  300.00 -6.96593  1.16278e+11  1.16278e+11  1.16278e+11 -1.10738e+10 -1.10738e+10  1.10738e+10
  300.00 -6.94188  3.14582e+11  3.14582e+11  3.14582e+11 -4.96446e+09 -4.96452e+09  4.96455e+09
  300.00 -6.91784  1.14247e+10  1.14247e+10  1.14248e+10  1.24762e+09  1.24763e+09 -1.24763e+09
  300.00 -6.89379  1.69919e+11  1.69919e+11  1.69919e+11  6.93594e+08  6.93563e+08 -6.93555e+08
  300.00 -6.86974  1.61292e+11  1.61292e+11  1.61292e+11  1.21955e+10  1.21955e+10 -1.21955e+10
  300.00 -6.84569  6.58495e+09  6.58497e+09  6.58498e+09  1.93297e+09  1.93298e+09 -1.93299e+09
  300.00 -6.82164  2.47692e+10  2.47692e+10  2.47691e+10 -6.02073e+08 -6.02093e+08  6.02087e+08
  300.00 -6.79760  3.35653e+08  3.35658e+08  3.35654e+08 -3.02677e+07 -3.02687e+07  3.02668e+07
  300.00 -6.77355  2.99886e+11  2.99885e+11  2.99885e+11 -3.50460e+09 -3.50463e+09  3.50470e+09
  300.00 -6.74950  1.05238e+12  1.05238e+12  1.05238e+12 -2.71610e+10 -2.71612e+10  2.71612e+10
  300.00 -6.72545  9.26476e+11  9.26476e+11  9.26476e+11 -5.74323e+10 -5.74325e+10  5.74325e+10
  300.00 -6.70140  2.09457e+11  2.09457e+11  2.09457e+11 -3.89627e+10 -3.89628e+10  3.89628e+10
  300.00 -6.67735  6.99942e+10  6.99941e+10  6.99940e+10  1.05814e+10  1.05814e+10 -1.05814e+10
  300.00 -6.65331  7.74915e+11  7.74915e+11  7.74915e+11 -2.14670e+10 -2.14671e+10  2.14671e+10
  300.00 -6.62926  1.10553e+12  1.10553e+12  1.10553e+12 -6.19358e+10 -6.19360e+10  6.19359e+10
  300.00 -6.60521  4.58639e+11  4.58639e+11  4.58639e+11 -2.63817e+10 -2.63818e+10  2.63817e+10
  300.00 -6.58116  1.90269e+10  1.90269e+10  1.90269e+10  2.59910e+09  2.59911e+09 -2.59911e+09
  300.00 -6.55711  8.40930e+10  8.40930e+10  8.40929e+10 -1.56530e+10 -1.56530e+10  1.56530e+10
  300.00 -6.53307  4.36379e+11  4.36379e+11  4.36379e+11 -1.43936e+10 -1.43936e+10  1.43936e+10
  300.00 -6.50902  6.56673e+11  6.56673e+11  6.56673e+11  2.42655e+10  2.42655e+10 -2.42656e+10
  300.00 -6.48497  3.93156e+11  3.93156e+11  3.93156e+11  2.54853e+10  2.54854e+10 -2.54854e+10
  300.00 -6.46092  1.19708e+11  1.19708e+11  1.19708e+11  5.96567e+09  5.96568e+09 -5.96568e+09
  300.00 -6.43687  1.51044e+10  1.51044e+10  1.51044e+10  2.13037e+09  2.13037e+09 -2.13036e+09
  300.00 -6.41283  5.37926e+09  5.37926e+09  5.37926e+09 -3.74329e+09 -3.74328e+09  3.74328e+09
  300.00 -6.38878  8.51719e+10  8.51719e+10  8.51719e+10 -1.09276e+10 -1.09276e+10  1.09276e+10
  300.00 -6.36473  2.67335e+11  2.67335e+11  2.67335e+11  8.40436e+09  8.40434e+09 -8.40430e+09
  300.00 -6.34068  2.31339e+11  2.31339e+11  2.31339e+11  1.52941e+10  1.52940e+10 -1.52940e+10
  300.00 -6.31663  5.86440e+09  5.86440e+09  5.86440e+09  8.46077e+08  8.46077e+08 -8.46074e+08
  300.00 -6.29259  6.41718e+10  6.41718e+10  6.41718e+10 -1.62396e+08 -1.62400e+08  1.62408e+08
  300.00 -6.26854  4.95654e+10  4.95654e+10  4.95654e+10 -5.68262e+07 -5.68279e+07  5.68373e+07
  300.00 -6.24449  4.03049e+09  4.03049e+09  4.03049e+09 -1.03863e+08 -1.03864e+08  1.03866e+08
  300.00 -6.22044  3.07577e+08  3.07578e+08  3.07576e+08 -1.70595e+08 -1.70595e+08  1.70596e+08
  300.00 -6.19639  4.14797e+09  4.14797e+09  4.14797e+09 -1.22494e+09 -1.22494e+09  1.22494e+09
  300.00 -6.17234  3.01432e+10  3.01432e+10  3.01433e+10 -4.83267e+09 -4.83266e+09  4.83267e+09
  300.00 -6.14830  1.56204e+11  1.56204e+11  1.56204e+11 -1.15145e+10 -1.15145e+10  1.15145e+10
  300.00 -6.12425  4.51062e+11  4.51062e+11  4.51062e+11 -4.23646e+09 -4.23648e+09  4.23646e+09
  300.00 -6.10020  3.48546e+11  3.48546e+11  3.48546e+11  1.90025e+10  1.90025e+10 -1.90025e+10
  300.00 -6.07615  4.98659e+09  4.98658e+09  4.98659e+09  2.20592e+09  2.20592e+09 -2.20592e+09
  300.00 -6.05210  1.12468e+11  1.12468e+11  1.12468e+11 -9.84453e+08 -9.84442e+08  9.84447e+08
  300.00 -6.02806  8.54701e+10  8.54702e+10  8.54702e+10  8.81272e+09  8.81273e+09 -8.81273e+09
  300.00 -6.00401  5.05888e+10  5.05888e+10  5.05889e+10  6.62232e+09  6.62233e+09 -6.62232e+09
  300.00 -5.97996  1.16017e+11  1.16017e+11  1.16017e+11  1.82875e+09  1.82875e+09 -1.82875e+09
  300.00 -5.95591  9.02998e+10  9.02998e+10  9.02998e+10 -5.19436e+09 -5.19436e+09  5.19436e+09
  300.00 -5.93186  5.58328e+08  5.58328e+08  5.58328e+08 -2.99379e+08 -2.99380e+08  2.99379e+08
  300.00 -5.90782  2.00831e+10  2.00831e+10  2.00831e+10  1.13187e+09  1.13188e+09 -1.13187e+09
  300.00 -5.88377  2.34439e+09  2.34439e+09  2.34439e+09  6.39068e+08  6.39070e+08 -6.39070e+08
  300.00 -5.85972  1.10017e+10  1.10017e+10  1.10017e+10 -1.23176e+09 -1.23176e+09  1.23176e+09
  300.00 -5.83567  4.23089e+10  4.23089e+10  4.23089e+10 -8.91957e+08 -8.91964e+08  8.91959e+08
  300.00 -5.81162  1.12612e+10  1.12612e+10  1.12612e+10  6.62755e+08  6.62755e+08 -6.62755e+08
  300.00 -5.78758  8.83821e+10  8.83821e+10  8.83821e+10 -4.80075e+09 -4.80076e+09  4.80075e+09
  300.00 -5.76353  4.01342e+11  4.01342e+11  4.01342e+11 -7.86579e+09 -7.86582e+09  7.86579e+09
  300.00 -5.73948  3.33360e+11  3.33360e+11  3.33360e+11  2.43313e+09  2.43313e+09 -2.43313e+09
  300.00 -5.71543  4.25640e+10  4.25640e+10  4.25640e+10  1.73891e+09  1.73891e+09 -1.73890e+09
  300.00 -5.69138  5.51003e+10  5.51003e+10  5.51003e+10 -9.15079e+08 -9.15086e+08  9.15077e+08
  300.00 -5.66733  2.29167e+11  2.29167e+11  2.29167e+11 -2.11766e+09 -2.11764e+09  2.11765e+09
  300.00 -5.64329  2.16495e+11  2.16495e+11  2.16495e+11  3.29277e+09  3.29280e+09 -3.29277e+09
  300.00 -5.61924  1.15848e+11  1.15848e+11  1.15848e+11  7.45847e+09  7.45848e+09 -7.45846e+09
  300.00 -5.59519  6.74971e+10  6.74971e+10  6.74971e+10  4.68176e+09  4.68176e+09 -4.68175e+09
  300.00 -5.57114  1.70842e+10  1.70842e+10  1.70842e+10 -6.14396e+08 -6.14398e+08  6.14398e+08
  300.00 -5.54709  1.65761e+10  1.65761e+10  1.65761e+10  2.99579e+09  2.99580e+09 -2.99579e+09
  300.00 -5.52305  4.08027e+10  4.08027e+10  4.08027e+10  3.88550e+09  3.88551e+09 -3.88550e+09
  300.00 -5.49900  1.00569e+08  1.00570e+08  1.00570e+08 -3.57717e+07 -3.57720e+07  3.57717e+07
  300.00 -5.47495  4.73479e+10  4.73479e+10  4.73479e+10  1.06127e+09  1.06126e+09 -1.06127e+09
  300.00 -5.45090  6.07858e+10  6.07858e+10  6.07858e+10 -6.68108e+08 -6.68108e+08  6.68094e+08
  300.00 -5.42685  1.85229e+10  1.85229e+10  1.85229e+10 -1.23955e+09 -1.23955e+09  1.23954e+09
  300.00 -5.40281  4.82286e+09  4.82286e+09  4.82286e+09  2.16836e+07  2.16818e+07 -2.16828e+07
  300.00 -5.37876  3.36162e+10  3.36162e+10  3.36163e+10 -1.39750e+09 -1.39751e+09  1.39749e+09
  300.00 -5.35471  1.31885e+10  1.31885e+10  1.31885e+10 -8.09645e+08 -8.09648e+08  8.09640e+08
  300.00 -5.33066  1.61127e+10  1.61127e+10  1.61127e+10  5.72581e+08  5.72579e+08 -5.72577e+08
  300.00 -5.30661  1.63443e+11  1.63443e+11  1.63443e+11 -3.49967e+08 -3.49985e+08  3.49969e+08
  300.00 -5.28257  2.26844e+11  2.26844e+11  2.26844e+11 -7.10915e+09 -7.10916e+09  7.10914e+09
  300.00 -5.25852  7.96964e+10  7.96964e+10  7.96964e+10 -2.88156e+09 -2.88155e+09  2.88155e+09
  300.00 -5.23447  4.16916e+09  4.16916e+09  4.16916e+09 -1.44503e+09 -1.44503e+09  1.44503e+09
  300.00 -5.21042  2.51059e+11  2.51059e+11  2.51059e+11 -1.56888e+10 -1.56888e+10  1.56888e+10
  300.00 -5.18637  5.64917e+11  5.64917e+11  5.64917e+11 -1.04445e+10 -1.04445e+10  1.04445e+10
  300.00 -5.16232  2.76466e+11  2.76466e+11  2.76466e+11  1.36263e+09  1.36266e+09 -1.36266e+09
  300.00 -5.13828  2.94012e+09  2.94012e+09  2.94012e+09  4.60796e+08  4.60797e+08 -4.60797e+08
  300.00 -5.11423  1.63353e+11  1.63353e+11  1.63353e+11 -4.97186e+09 -4.97187e+09  4.97186e+09
  300.00 -5.09018  3.79845e+11  3.79845e+11  3.79845e+11 -1.74878e+09 -1.74878e+09  1.74877e+09
  300.00 -5.06613  7.26481e+10  7.26481e+10  7.26481e+10  4.36871e+09  4.36871e+09 -4.36871e+09
  300.00 -5.04208  8.08669e+10  8.08669e+10  8.08669e+10 -5.06607e+09 -5.06608e+09  5.06607e+09
  300.00 -5.01804  1.95504e+11  1.95504e+11  1.95504e+11 -8.62163e+08 -8.62172e+08  8.62165e+08
  300.00 -4.99399  8.31745e+10  8.31744e+10  8.31744e+10  2.18246e+09  2.18247e+09 -2.18247e+09
  300.00 -4.96994  6.45745e+09  6.45744e+09  6.45745e+09  8.31156e+07  8.31205e+07 -8.31208e+07
  300.00 -4.94589  3.01788e+08  3.01788e+08  3.01786e+08  8.25151e+07  8.25143e+07 -8.25143e+07
  300.00 -4.92184  6.18297e+08  6.18297e+08  6.18297e+08 -1.91305e+08 -1.91306e+08  1.91306e+08
  300.00 -4.89780  1.03243e+10  1.03243e+10  1.03243e+10  6.47582e+08  6.47596e+08 -6.47600e+08
  300.00 -4.87375  1.06173e+11  1.06173e+11  1.06173e+11 -3.34379e+09 -3.34374e+09  3.34373e+09
  300.00 -4.84970  4.61445e+10  4.61445e+10  4.61445e+10 -5.86220e+09 -5.86220e+09  5.86220e+09
  300.00 -4.82565  1.91908e+10  1.91908e+10  1.91908e+10  1.04580e+09  1.04580e+09 -1.04580e+09
  300.00 -4.80160  2.56067e+10  2.56067e+10  2.56068e+10 -4.26273e+09 -4.26272e+09  4.26272e+09
  300.00 -4.77756  5.53557e+10  5.53557e+10  5.53557e+10  7.13090e+09  7.13091e+09 -7.13090e+09
  300.00 -4.75351  3.18149e+11  3.18149e+11  3.18149e+11  4.29305e+09  4.29310e+09 -4.29308e+09
  300.00 -4.72946  1.98439e+11  1.98439e+11  1.98439e+11 -1.15757e+10 -1.15757e+10  1.15757e+10
  300.00 -4.70541  3.97572e+10  3.97572e+10  3.97571e+10  8.63809e+09  8.63809e+09 -8.63809e+09
  300.00 -4.68136  7.56094e+11  7.56094e+11  7.56094e+11  3.13802e+10  3.13803e+10 -3.13803e+10
  300.00 -4.65731  1.11834e+12  1.11834e+12  1.11834e+12  5.83635e+09  5.83652e+09 -5.83657e+09
  300.00 -4.63327  6.05053e+11  6.05053e+11  6.05053e+11 -1.67450e+10 -1.67450e+10  1.67449e+10
  300.00 -4.60922  1.19147e+11  1.19147e+11  1.19147e+11 -6.94215e+09 -6.94215e+09  6.94215e+09
  300.00 -4.58517  5.36406e+09  5.36406e+09  5.36406e+09 -3.11442e+08 -3.11440e+08  3.11445e+08
  300.00 -4.56112  1.01544e+10  1.01544e+10  1.01544e+10 -5.84847e+08 -5.84849e+08  5.84844e+08
  300.00 -4.53707  7.55956e+10  7.55956e+10  7.55955e+10 -3.16782e+09 -3.16782e+09  3.16782e+09
  300.00 -4.51303  1.13831e+11  1.13831e+11  1.13831e+11 -5.61788e+09 -5.61787e+09  5.61788e+09
  300.00 -4.48898  7.26687e+10  7.26688e+10  7.26688e+10 -1.94080e+09 -1.94079e+09  1.94080e+09
  300.00 -4.46493  5.61854e+10  5.61854e+10  5.61855e+10  3.47136e+09  3.47137e+09 -3.47137e+09
  300.00 -4.44088  3.27203e+10  3.27203e+10  3.27203e+10  3.51228e+09  3.51228e+09 -3.51228e+09
  300.00 -4.41683  7.63836e+08  7.63836e+08  7.63837e+08  1.27888e+08  1.27888e+08 -1.27889e+08
  300.00 -4.39279  2.47975e+09  2.47975e+09  2.47974e+09  1.47442e+08  1.47439e+08 -1.47440e+08
  300.00 -4.36874  3.03479e+10  3.03479e+10  3.03479e+10 -6.26623e+08 -6.26627e+08  6.26620e+08
  300.00 -4.34469  2.20214e+11  2.20214e+11  2.20214e+11 -3.55884e+09 -3.55882e+09  3.55883e+09
  300.00 -4.32064  5.80356e+11  5.80356e+11  5.80356e+11 -2.71759e+08 -2.71762e+08  2.71830e+08
  300.00 -4.29659  8.32119e+11  8.32119e+11  8.32119e+11  5.92331e+09  5.92325e+09 -5.92317e+09
  300.00 -4.27255  7.12741e+11  7.12741e+11  7.12741e+11  7.28329e+09  7.28325e+09 -7.28323e+09
  300.00 -4.24850  2.62030e+11  2.62030e+11  2.62030e+11  5.82889e+09  5.82888e+09 -5.82889e+09
  300.00 -4.22445  1.65991e+09  1.65992e+09  1.65992e+09  5.18622e+08  5.18622e+08 -5.18623e+08
  300.00 -4.20040  8.97254e+10  8.97254e+10  8.97254e+10 -4.68169e+09 -4.68168e+09  4.68169e+09
  300.00 -4.17635  1.73665e+11  1.73665e+11  1.73665e+11 -6.36394e+09 -6.36392e+09  6.36394e+09
  300.00 -4.15230  2.65868e+11  2.65868e+11  2.65868e+11 -4.66462e+09 -4.66460e+09  4.66461e+09
  300.00 -4.12826  4.04731e+11  4.04731e+11  4.04731e+11  4.40814e+09  4.40815e+09 -4.40823e+09
  300.00 -4.10421  2.91156e+11  2.91156e+11  2.91156e+11  1.82126e+10  1.82125e+10 -1.82128e+10
  300.00 -4.08016  5.35529e+10  5.35529e+10  5.35529e+10  1.16634e+10  1.16634e+10 -1.16636e+10
  300.00 -4.05611  4.87211e+10  4.87211e+10  4.87211e+10 -7.03992e+09 -7.03990e+09  7.04034e+09
  300.00 -4.03206  5.02877e+11  5.02877e+11  5.02877e+11  9.29046e+09  9.29048e+09 -9.28740e+09
  300.00 -4.00802  6.78384e+11  6.78384e+11  6.78384e+11  2.32867e+10  2.32867e+10 -2.32794e+10
  300.00 -3.98397  1.86818e+11  1.86818e+11  1.86818e+11  4.24155e+09  4.24156e+09 -4.23344e+09
  300.00 -3.95992  1.56232e+09  1.56247e+09  1.56247e+09 -3.09604e+08 -3.09603e+08  3.11103e+08
  300.00 -3.93587  2.66217e+09  2.66247e+09  2.66248e+09  3.43137e+08  3.43136e+08 -3.47558e+08
  300.00 -3.91182  6.12088e+09  6.12097e+09  6.12099e+09  6.56404e+07  6.56389e+07 -7.81258e+07
  300.00 -3.88778  1.84411e+09  1.84350e+09  1.84351e+09 -2.07615e+08 -2.07617e+08  1.96320e+08
  300.00 -3.86373  3.33410e+10  3.33365e+10  3.33365e+10  4.17529e+09  4.17530e+09 -4.10280e+09
  300.00 -3.83968  1.65809e+11  1.65800e+11  1.65800e+11  1.69604e+10  1.69604e+10 -1.67672e+10
  300.00 -3.81563  1.82307e+11  1.82302e+11  1.82302e+11  1.22899e+10  1.22899e+10 -1.20917e+10
  300.00 -3.79158  1.46052e+10  1.46082e+10  1.46082e+10 -2.15582e+09 -2.15582e+09  2.19667e+09
  300.00 -3.76754  1.15285e+11  1.15296e+11  1.15296e+11  1.64837e+10  1.64837e+10 -1.66170e+10
  300.00 -3.74349  2.52410e+11  2.52424e+11  2.52424e+11  1.98623e+10  1.98623e+10 -2.01495e+10
  300.00 -3.71944  2.40080e+10  2.40089e+10  2.40089e+10  6.66636e+08  6.66631e+08 -7.14651e+08
  300.00 -3.69539  7.01618e+10  7.01658e+10  7.01658e+10  4.90363e+09  4.90361e+09 -4.99444e+09
  300.00 -3.67134  1.65724e+11  1.65728e+11  1.65728e+11  6.56180e+09  6.56178e+09 -6.73836e+09
  300.00 -3.64729  3.14583e+11  3.14583e+11  3.14583e+11  2.31403e+09  2.31403e+09 -2.34372e+09
  300.00 -3.62325  4.69211e+11  4.69211e+11  4.69212e+11  7.05419e+08  7.05416e+08 -6.37097e+08
  300.00 -3.59920  2.39107e+11  2.39105e+11  2.39105e+11 -5.79461e+09 -5.79463e+09  5.69381e+09
  300.00 -3.57515  8.16320e+08  8.08648e+08  8.08646e+08  2.99465e+08  2.99465e+08 -2.87400e+08
  300.00 -3.55110  2.30894e+11  2.30891e+11  2.30891e+11  7.17794e+09  7.17797e+09 -6.98985e+09
  300.00 -3.52705  2.21786e+11  2.21787e+11  2.21787e+11 -7.66726e+09 -7.66726e+09  7.74594e+09
  300.00 -3.50301  8.53118e+09  8.53210e+09  8.53212e+09 -1.24886e+09 -1.24886e+09  1.26190e+09
  300.00 -3.47896  5.49966e+09  5.49866e+09  5.49865e+09 -5.82263e+08 -5.82261e+08  5.63205e+08
  300.00 -3.45491  4.20641e+10  4.20629e+10  4.20629e+10  1.54592e+09  1.54592e+09 -1.48493e+09
  300.00 -3.43086  1.80808e+11  1.80810e+11  1.80810e+11 -7.23428e+09 -7.23427e+09  7.34477e+09
  300.00 -3.40681  3.08192e+10  3.08213e+10  3.08213e+10 -3.52938e+09 -3.52938e+09  3.56761e+09
  300.00 -3.38277  1.75056e+10  1.75054e+10  1.75054e+10 -3.70504e+08 -3.70499e+08  3.49409e+08
  300.00 -3.35872  3.74124e+09  3.74133e+09  3.74132e+09  9.60580e+07  9.60611e+07 -1.01752e+08
  300.00 -3.33467  7.06192e+10  7.06201e+10  7.06201e+10 -9.67637e+09 -9.67636e+09  9.68865e+09
  300.00 -3.31062  1.14961e+11  1.14961e+11  1.14961e+11 -2.03329e+10 -2.03329e+10  2.03407e+10
  300.00 -3.28657  1.88334e+10  1.88336e+10  1.88337e+10  5.43687e+09  5.43686e+09 -5.43856e+09
  300.00 -3.26253  5.00279e+11  5.00279e+11  5.00279e+11 -1.56218e+10 -1.56218e+10  1.56181e+10
  300.00 -3.23848  3.83739e+11  3.83739e+11  3.83739e+11 -5.36944e+10 -5.36943e+10  5.36930e+10
  300.00 -3.21443  2.71519e+09  2.71516e+09  2.71516e+09 -2.65641e+09 -2.65640e+09  2.65638e+09
  300.00 -3.19038  1.12578e+11  1.12578e+11  1.12578e+11 -5.89769e+09 -5.89768e+09  5.89767e+09
  300.00 -3.16633  9.88171e+10  9.88171e+10  9.88171e+10 -9.75679e+09 -9.75678e+09  9.75654e+09
  300.00 -3.14228  2.53205e+10  2.53205e+10  2.53205e+10  2.23314e+09  2.23314e+09 -2.23343e+09
  300.00 -3.11824  1.18538e+10  1.18538e+10  1.18538e+10  3.55228e+09  3.55228e+09 -3.55264e+09
  300.00 -3.09419  1.25720e+10  1.25720e+10  1.25720e+10  2.32935e+09  2.32934e+09 -2.32985e+09
  300.00 -3.07014  1.07187e+10  1.07187e+10  1.07187e+10 -1.85482e+09 -1.85481e+09  1.85514e+09
  300.00 -3.04609  3.30566e+11  3.30566e+11  3.30565e+11 -1.61384e+10 -1.61384e+10  1.61377e+10
  300.00 -3.02204  8.45622e+11  8.45622e+11  8.45622e+11 -1.82386e+10 -1.82386e+10  1.82345e+10
  300.00 -2.99800  6.23225e+11  6.23225e+11  6.23225e+11  5.20930e+09  5.20938e+09 -5.21245e+09
  300.00 -2.97395  1.24077e+10  1.24077e+10  1.24077e+10  3.32570e+09  3.32571e+09 -3.32599e+09
  300.00 -2.94990  3.30531e+11  3.30531e+11  3.30531e+11 -3.37187e+10 -3.37187e+10  3.37194e+10
  300.00 -2.92585  4.91540e+11  4.91541e+11  4.91541e+11 -4.27622e+10 -4.27622e+10  4.27626e+10
  300.00 -2.90180  1.15883e+11  1.15883e+11  1.15883e+11 -2.01167e+10 -2.01167e+10  2.01168e+10
  300.00 -2.87776  1.12176e+10  1.12176e+10  1.12176e+10  4.54287e+09  4.54286e+09 -4.54288e+09
  300.00 -2.85371  1.02255e+11  1.02255e+11  1.02255e+11  8.28634e+08  8.28635e+08 -8.28651e+08
  300.00 -2.82966  4.44477e+10  4.44477e+10  4.44477e+10 -1.23410e+10 -1.23409e+10  1.23409e+10
  300.00 -2.80561  1.16488e+10  1.16488e+10  1.16488e+10  4.45320e+09  4.45319e+09 -4.45319e+09
  300.00 -2.78156  2.07558e+11  2.07558e+11  2.07558e+11  3.46106e+09  3.46103e+09 -3.46101e+09
  300.00 -2.75752  4.10764e+11  4.10765e+11  4.10765e+11 -1.04330e+10 -1.04330e+10  1.04330e+10
  300.00 -2.73347  6.45424e+10  6.45425e+10  6.45424e+10  2.45022e+09  2.45022e+09 -2.45022e+09
  300.00 -2.70942  4.31866e+11  4.31866e+11  4.31866e+11 -2.22694e+10 -2.22694e+10  2.22694e+10
  300.00 -2.68537  1.40109e+12  1.40109e+12  1.40109e+12  1.15730e+10  1.15730e+10 -1.15730e+10
  300.00 -2.66132  6.48619e+11  6.48619e+11  6.48619e+11  3.49935e+10  3.49935e+10 -3.49935e+10
  300.00 -2.63727  1.75107e+08  1.75107e+08  1.75107e+08  6.37332e+06  6.37356e+06 -6.37362e+06
  300.00 -2.61323  1.14413e+11  1.14413e+11  1.14413e+11  9.31345e+09  9.31349e+09 -9.31347e+09
  300.00 -2.58918  1.89500e+09  1.89500e+09  1.89501e+09  9.45025e+08  9.45029e+08 -9.45029e+08
  300.00 -2.56513  1.08435e+11  1.08435e+11  1.08435e+11 -2.25489e+09 -2.25489e+09  2.25492e+09
  300.00 -2.54108  2.83676e+10  2.83676e+10  2.83676e+10  1.81137e+09  1.81137e+09 -1.81134e+09
  300.00 -2.51703  1.28542e+11  1.28542e+11  1.28542e+11 -4.43109e+09 -4.43109e+09  4.43103e+09
  300.00 -2.49299  5.20627e+11  5.20627e+11  5.20627e+11 -1.38904e+10 -1.38904e+10  1.38903e+10
  300.00 -2.46894  5.79820e+11  5.79820e+11  5.79820e+11 -6.61255e+09 -6.61249e+09  6.61254e+09
  300.00 -2.44489  2.81002e+11  2.81002e+11  2.81002e+11  6.83361e+09  6.83362e+09 -6.83358e+09
  300.00 -2.42084  2.12713e+10  2.12713e+10  2.12713e+10  1.39283e+09  1.39283e+09 -1.39282e+09
  300.00 -2.39679  1.84454e+09  1.84454e+09  1.84455e+09  3.00318e+08  3.00319e+08 -3.00321e+08
  300.00 -2.37275  1.69334e+10  1.69334e+10  1.69334e+10  3.72149e+08  3.72151e+08 -3.72153e+08
  300.00 -2.34870  1.26123e+11  1.26123e+11  1.26123e+11 -5.06396e+09 -5.06393e+09  5.06394e+09
  300.00 -2.32465  2.22927e+11  2.22927e+11  2.22927e+11 -1.05364e+10 -1.05364e+10  1.05364e+10
  300.00 -2.30060  1.21498e+11  1.21498e+11  1.21498e+11 -1.15336e+10 -1.15336e+10  1.15336e+10
  300.00 -2.27655  2.75980e+09  2.75980e+09  2.75981e+09  1.36299e+09  1.36299e+09 -1.36300e+09
  300.00 -2.25251  5.90231e+10  5.90231e+10  5.90231e+10  3.13012e+09  3.13011e+09 -3.13025e+09
  300.00 -2.22846  2.47864e+10  2.47863e+10  2.47863e+10  4.10544e+09  4.10544e+09 -4.10527e+09
  300.00 -2.20441  2.52669e+11  2.52669e+11  2.52669e+11  1.78934e+10  1.78934e+10 -1.78926e+10
  300.00 -2.18036  7.22781e+10  7.22781e+10  7.22781e+10  8.90343e+08  8.90293e+08 -8.89822e+08
  300.00 -2.15631  9.70489e+09  9.70492e+09  9.70491e+09  3.45177e+09  3.45178e+09 -3.45190e+09
  300.00 -2.13226  7.60959e+09  7.60961e+09  7.60960e+09  2.85747e+09  2.85746e+09 -2.85751e+09
  300.00 -2.10822  7.15874e+08  7.15886e+08  7.15885e+08 -3.48128e+08 -3.48125e+08  3.48175e+08
  300.00 -2.08417  2.30627e+09  2.30632e+09  2.30632e+09 -6.28811e+08 -6.28808e+08  6.29158e+08
  300.00 -2.06012  7.80887e+10  7.80887e+10  7.80888e+10 -1.19115e+09 -1.19115e+09  1.19697e+09
  300.00 -2.03607  1.95028e+11  1.95027e+11  1.95027e+11  1.98910e+10  1.98909e+10 -1.98689e+10
  300.00 -2.01202  1.86133e+10  1.86098e+10  1.86098e+10  7.09873e+09  7.09874e+09 -7.08259e+09
  300.00 -1.98798  1.14048e+11  1.14046e+11  1.14046e+11 -4.16929e+09 -4.16931e+09  4.08182e+09
  300.00 -1.96393  3.78437e+11  3.78449e+11  3.78449e+11  2.16278e+10  2.16278e+10 -2.20170e+10
  300.00 -1.93988  4.09011e+11  4.09054e+11  4.09054e+11  3.43747e+10  3.43747e+10 -3.53390e+10
  300.00 -1.91583  3.63164e+11  3.63217e+11  3.63217e+11  1.40646e+10  1.40646e+10 -1.61480e+10
  300.00 -1.89178  4.23342e+11  4.23162e+11  4.23162e+11 -3.55927e+10 -3.55927e+10  3.06229e+10
  300.00 -1.86774  2.38385e+11  2.37646e+11  2.37646e+11 -4.66833e+10 -4.66834e+10  3.87305e+10
  300.00 -1.84369  7.55973e+09  6.81259e+09  6.81260e+09  4.20329e+09  4.20330e+09 -1.05947e+09
  300.00 -1.81964  3.37733e+11  3.36884e+11  3.36884e+11  3.60574e+10  3.60573e+10 -1.98682e+08
  300.00 -1.79559  5.44631e+11  5.43901e+11  5.43901e+11  5.03140e+10  5.03139e+10  1.61315e+10
  300.00 -1.77154  5.26140e+11  5.28377e+11  5.28376e+11 -4.92668e+08 -4.92725e+08  6.83284e+10
  300.00 -1.74749  2.21182e+11  2.23489e+11  2.23489e+11 -3.66155e+10 -3.66155e+10  6.10097e+10
  300.00 -1.72345  1.81884e+10  1.82859e+10  1.82859e+10 -6.31092e+09 -6.31091e+09  7.12972e+09
  300.00 -1.69940  1.64437e+10  1.68546e+10  1.68546e+10  6.93271e+09  6.93270e+09 -8.20653e+09
  300.00 -1.67535  8.88281e+10  9.01817e+10  9.01817e+10  2.14801e+10  2.14801e+10 -2.92546e+10
  300.00 -1.65130  2.02481e+11  2.01777e+11  2.01777e+11 -2.19824e+10 -2.19824e+10 -8.12328e+09
  300.00 -1.62725  2.89242e+11  2.85857e+11  2.85857e+11 -6.11364e+10 -6.11365e+10  1.45577e+10
  300.00 -1.60321  3.21181e+11  3.20466e+11  3.20466e+11 -3.13452e+10 -3.13451e+10 -7.49262e+09
  300.00 -1.57916  2.19277e+11  2.19918e+11  2.19918e+11  9.68893e+09  9.68902e+09 -2.50384e+10
  300.00 -1.55511  4.62160e+09  4.54133e+09  4.54133e+09 -3.82743e+09 -3.82744e+09  3.70776e+09
  300.00 -1.53106  1.08303e+12  1.08169e+12  1.08169e+12 -8.22445e+10 -8.22446e+10  4.31028e+10
  300.00 -1.50701  3.50043e+12  3.49743e+12  3.49743e+12 -1.59183e+11 -1.59183e+11  1.05681e+10
  300.00 -1.48297  3.59159e+12  3.59195e+12  3.59195e+12 -3.24354e+10 -3.24349e+10 -1.54106e+11
  300.00 -1.45892  1.90673e+12  1.91020e+12  1.91020e+12  1.42068e+11  1.42069e+11 -1.85660e+11
  300.00 -1.43487  6.08726e+11  6.06381e+11  6.06381e+11  9.04361e+10  9.04361e+10 -3.38822e+10
  300.00 -1.41082  8.67320e+10  8.62721e+10  8.62721e+10  1.71896e+10  1.71895e+10  1.27782e+10
  300.00 -1.38677  6.90120e+10  6.92629e+10  6.92628e+10  7.14145e+09  7.14144e+09  1.14706e+10
  300.00 -1.36273  1.05997e+11  1.06163e+11  1.06163e+11  3.20330e+09  3.20329e+09  9.53130e+09
  300.00 -1.33868  5.15129e+09  5.22067e+09  5.22066e+09  2.24316e+07  2.24277e+07  1.21007e+09
  300.00 -1.31463  1.16519e+11  1.16517e+11  1.16517e+11 -1.52532e+09 -1.52530e+09  1.19287e+09
  300.00 -1.29058  6.93987e+11  6.94039e+11  6.94039e+11 -2.77935e+09 -2.77931e+09  1.43860e+10
  300.00 -1.26653  1.58458e+12  1.58455e+12  1.58455e+12  1.70725e+10  1.70726e+10  2.21774e+10
  300.00 -1.24248  2.33094e+12  2.33076e+12  2.33076e+12  4.40580e+10  4.40580e+10  3.34545e+10
  300.00 -1.21844  2.46924e+12  2.46894e+12  2.46894e+12  6.20073e+10  6.20074e+10  3.69850e+10
  300.00 -1.19439  1.40459e+12  1.40426e+12  1.40426e+12  4.86273e+10  4.86273e+10  7.29818e+09
  300.00 -1.17034  3.03168e+11  3.03272e+11  3.03272e+11  7.00451e+09  7.00452e+09 -1.04440e+10
  300.00 -1.14629  2.27913e+10  2.27839e+10  2.27839e+10 -4.13914e+09 -4.13914e+09 -4.08721e+09
  300.00 -1.12224  1.05254e+10  9.86336e+09  9.86334e+09 -4.87724e+09 -4.87724e+09 -5.62623e+08
  300.00 -1.09820  6.05806e+10  5.99126e+10  5.99126e+10 -1.26993e+10 -1.26993e+10  1.98924e+09
  300.00 -1.07415  7.60433e+10  7.55885e+10  7.55886e+10 -1.35989e+10 -1.35989e+10  6.92382e+09
  300.00 -1.05010  5.44707e+09  5.18042e+09  5.18040e+09  2.75438e+09  2.75438e+09 -1.81137e+09
  300.00 -1.02605  3.33645e+11  3.33570e+11  3.33570e+11  1.67368e+10  1.67368e+10 -1.38492e+10
  300.00 -1.00200  5.73214e+11  5.73214e+11  5.73214e+11  4.69950e+09  4.69953e+09 -4.56958e+09
  300.00 -0.97796  4.02352e+11  4.02252e+11  4.02252e+11 -3.10460e+10 -3.10460e+10  2.80117e+10
  300.00 -0.95391  6.04660e+11  6.03550e+11  6.03550e+11 -1.43273e+11 -1.43273e+11  1.33992e+11
  300.00 -0.92986  1.62317e+12  1.61968e+12  1.61969e+12 -3.06263e+11 -3.06263e+11  2.72516e+11
  300.00 -0.90581  2.27198e+12  2.26790e+12  2.26790e+12 -1.79556e+11 -1.79557e+11  9.70456e+10
  300.00 -0.88176  1.07237e+12  1.07425e+12  1.07425e+12  2.69748e+10  2.69747e+10 -1.16366e+11
  300.00 -0.85772  6.92438e+09  1.12071e+10  1.12071e+10 -1.63398e+09 -1.63398e+09 -2.02523e+09
  300.00 -0.83367  6.29519e+11  6.26860e+11  6.26860e+11 -1.08918e+11 -1.08918e+11  8.79687e+10
  300.00 -0.80962  6.44089e+11  6.41950e+11  6.41950e+11 -7.19390e+10 -7.19390e+10  1.38030e+10
  300.00 -0.78557  2.96175e+10  2.96945e+10  2.96946e+10 -4.98217e+09 -4.98218e+09 -5.63746e+09
  300.00 -0.76152  7.90726e+10  7.96310e+10  7.96310e+10 -1.55597e+09 -1.55596e+09  1.35681e+10
  300.00 -0.73747  2.91702e+10  2.93210e+10  2.93210e+10  1.60153e+07  1.60179e+07  4.16322e+09
  300.00 -0.71343  6.64522e+08  5.63674e+08  5.63672e+08 -5.21035e+08 -5.21034e+08  3.49545e+08
  300.00 -0.68938  1.01194e+10  1.00639e+10  1.00639e+10 -2.79497e+09 -2.79497e+09  2.37906e+09
  300.00 -0.66533  9.31065e+10  9.31073e+10  9.31073e+10 -1.49502e+09 -1.49502e+09  1.63491e+09
  300.00 -0.64128  2.10654e+11  2.10612e+11  2.10612e+11  8.24691e+09  8.24689e+09 -5.74542e+09
  300.00 -0.61723  2.59888e+11  2.59837e+11  2.59837e+11  7.45989e+09  7.45987e+09 -1.06252e+09
  300.00 -0.59319  4.69359e+11  4.69396e+11  4.69396e+11  5.55741e+09  5.55740e+09  1.02347e+10
  300.00 -0.56914  6.06088e+11  6.06238e+11  6.06238e+11  6.25175e+09  6.25175e+09  2.07814e+10
  300.00 -0.54509  3.24609e+11  3.25114e+11  3.25114e+11 -6.01062e+09 -6.01063e+09  2.74657e+10
  300.00 -0.52104  5.15511e+10  5.20399e+10  5.20399e+10 -1.38998e+10 -1.38998e+10  1.73831e+10
  300.00 -0.49699  1.69150e+10  1.60273e+10  1.60273e+10  8.89122e+09  8.89122e+09 -6.12222e+09
  300.00 -0.47295  4.00997e+10  3.90549e+10  3.90549e+10  1.31145e+10  1.31145e+10 -4.56494e+09
  300.00 -0.44890  1.06574e+10  1.08118e+10  1.08118e+10  7.42357e+08  7.42346e+08  2.85293e+09
  300.00 -0.42485  8.85698e+10  8.86105e+10  8.86105e+10  9.03982e+08  9.03958e+08  5.20426e+09
  300.00 -0.40080  4.16616e+11  4.16454e+11  4.16454e+11  1.93775e+10  1.93775e+10 -1.27415e+10
  300.00 -0.37675  4.85065e+11  4.85038e+11  4.85038e+11  5.66412e+09  5.66414e+09 -3.34365e+09
  300.00 -0.35271  8.76184e+10  8.75339e+10  8.75339e+10 -2.18120e+10 -2.18120e+10  2.11294e+10
  300.00 -0.32866  9.64936e+09  9.21415e+09  9.21413e+09  4.44748e+09  4.44747e+09 -3.63065e+09
  300.00 -0.30461  7.21530e+09  6.31228e+09  6.31228e+09  1.13681e+08  1.13677e+08  7.94358e+08
  300.00 -0.28056  1.47688e+10  1.32793e+10  1.32793e+10 -1.38649e+10 -1.38649e+10  1.28034e+10
  300.00 -0.25651  2.06990e+09  1.65841e+09  1.65840e+09 -1.81385e+09 -1.81385e+09  1.53420e+09
  300.00 -0.23246  9.15963e+08  8.67904e+08  8.67911e+08 -8.89908e+08 -8.89911e+08  8.67616e+08
  300.00 -0.20842  3.01458e+09  2.71610e+09  2.71611e+09 -1.96244e+09 -1.96245e+09  1.12563e+09
  300.00 -0.18437  1.56262e+10  1.54597e+10  1.54597e+10 -3.11998e+09 -3.11997e+09  4.65726e+08
  300.00 -0.16032  3.28068e+09  2.98531e+09  2.98530e+09 -2.66788e+09 -2.66787e+09  2.20575e+09
  300.00 -0.13627  2.30745e+10  2.29281e+10  2.29281e+10  7.85047e+09  7.85044e+09 -7.00458e+09
  300.00 -0.11222  2.04918e+09  2.05205e+09  2.05205e+09  1.62285e+08  1.62279e+08 -2.20282e+08
  300.00 -0.08818  1.28985e+11  1.28879e+11  1.28879e+11  1.86961e+10  1.86961e+10 -1.70639e+10
  300.00 -0.06413  1.19553e+11  1.19513e+11  1.19513e+11  1.57095e+10  1.57095e+10 -1.49103e+10
  300.00 -0.04008  3.36323e+10  3.36530e+10  3.36530e+10 -2.35835e+09 -2.35834e+09  2.89032e+09
  300.00 -0.01603  6.17760e+11  6.17740e+11  6.17740e+11  1.20272e+10  1.20272e+10 -7.29648e+09
  300.00  0.00802  1.64024e+12  1.64020e+12  1.64020e+12  3.42687e+10  3.42687e+10 -2.71253e+10
  300.00  0.03206  2.24194e+12  2.24192e+12  2.24191e+12  3.03375e+10  3.03376e+10 -2.45077e+10
  300.00  0.05611  2.27712e+12  2.27711e+12  2.27711e+12  1.54925e+10  1.54925e+10 -1.19411e+10
  300.00  0.08016  2.27675e+12  2.27675e+12  2.27675e+12  1.90408e+09  1.90393e+09  8.74259e+07
  300.00  0.10421  1.46370e+12  1.46370e+12  1.46370e+12  3.97173e+09  3.97165e+09 -3.08803e+09
  300.00  0.12826  1.30569e+11  1.30567e+11  1.30567e+11  3.79645e+09  3.79651e+09 -3.65730e+09
  300.00  0.15230  1.78769e+11  1.78769e+11  1.78769e+11 -3.16462e+09 -3.16471e+09  3.09184e+09
  300.00  0.17635  5.36833e+11  5.36833e+11  5.36833e+11 -2.67225e+09 -2.67223e+09  2.62009e+09
  300.00  0.20040  5.43478e+11  5.43478e+11  5.43478e+11 -3.37483e+09 -3.37449e+09  3.35332e+09
  300.00  0.22445  3.69156e+11  3.69157e+11  3.69156e+11  4.82099e+09  4.82130e+09 -4.82852e+09
  300.00  0.24850  5.34945e+11  5.34945e+11  5.34945e+11  3.12614e+10  3.12614e+10 -3.12650e+10
  300.00  0.27255  9.86420e+11  9.86421e+11  9.86421e+11  4.14275e+10  4.14272e+10 -4.14290e+10
  300.00  0.29659  9.54719e+11  9.54719e+11  9.54719e+11 -4.10438e+10 -4.10441e+10  4.10434e+10
  300.00  0.32064  3.41202e+11  3.41202e+11  3.41202e+11 -6.50149e+10 -6.50149e+10  6.50147e+10
  300.00  0.34469  3.41553e+10  3.41553e+10  3.41553e+10 -1.86948e+10 -1.86948e+10  1.86948e+10
  300.00  0.36874  1.59373e+11  1.59373e+11  1.59373e+11 -2.15848e+10 -2.15849e+10  2.15850e+10
  300.00  0.39279  1.01374e+12  1.01374e+12  1.01374e+12  1.94802e+09  1.94781e+09 -1.94756e+09
  300.00  0.41683  1.45370e+12  1.45370e+12  1.45370e+12  6.83150e+10  6.83150e+10 -6.83151e+10
  300.00  0.44088  8.27511e+11  8.27511e+11  8.27511e+11  4.93578e+10  4.93581e+10 -4.93584e+10
  300.00  0.46493  4.18450e+11  4.18450e+11  4.18450e+11  1.38484e+10  1.38486e+10 -1.38488e+10
  300.00  0.48898  1.51962e+11  1.51962e+11  1.51962e+11  1.29106e+10  1.29106e+10 -1.29107e+10
  300.00  0.51303  2.11291e+10  2.11291e+10  2.11292e+10 -1.22690e+10 -1.22690e+10  1.22690e+10
  300.00  0.53707  4.20950e+11  4.20950e+11  4.20950e+11 -1.12533e+11 -1.12533e+11  1.12533e+11
  300.00  0.56112  1.03270e+12  1.03270e+12  1.03270e+12 -2.12273e+11 -2.12273e+11  2.12274e+11
  300.00  0.58517  1.88157e+12  1.88157e+12  1.88157e+12 -3.36742e+10 -3.36743e+10  3.36744e+10
  300.00  0.60922  2.65089e+12  2.65089e+12  2.65089e+12  3.23319e+11  3.23319e+11 -3.23319e+11
  300.00  0.63327  2.96096e+12  2.96096e+12  2.96096e+12  4.03821e+11  4.03821e+11 -4.03822e+11
  300.00  0.65731  3.04222e+12  3.04222e+12  3.04222e+12  2.02518e+11  2.02518e+11 -2.02519e+11
  300.00  0.68136  2.57434e+12  2.57434e+12  2.57434e+12  3.30148e+10  3.30151e+10 -3.30151e+10
  300.00  0.70541  1.21273e+12  1.21273e+12  1.21273e+12  3.60799e+10  3.60801e+10 -3.60801e+10
  300.00  0.72946  1.01016e+11  1.01016e+11  1.01016e+11  2.37305e+10  2.37306e+10 -2.37305e+10
  300.00  0.75351  1.55836e+11  1.55836e+11  1.55836e+11 -1.75377e+09 -1.75375e+09  1.75369e+09
  300.00  0.77756  1.96044e+11  1.96044e+11  1.96044e+11  4.65742e+10  4.65743e+10 -4.65744e+10
  300.00  0.80160  7.89683e+10  7.89683e+10  7.89682e+10 -3.68456e+10 -3.68457e+10  3.68457e+10
  300.00  0.82565  1.18309e+12  1.18309e+12  1.18309e+12 -6.45378e+10 -6.45379e+10  6.45379e+10
  300.00  0.84970  1.61146e+12  1.61146e+12  1.61146e+12  1.35640e+09  1.35642e+09 -1.35645e+09
  300.00  0.87375  1.34490e+11  1.34490e+11  1.34490e+11  6.61800e+09  6.61806e+09 -6.61809e+09
  300.00  0.89780  1.10020e+12  1.10020e+12  1.10020e+12  3.10830e+10  3.10830e+10 -3.10828e+10
  300.00  0.92184  3.35841e+12  3.35841e+12  3.35841e+12  7.16593e+10  7.16596e+10 -7.16593e+10
  300.00  0.94589  3.79899e+12  3.79899e+12  3.79899e+12 -7.84776e+10 -7.84773e+10  7.84773e+10
  300.00  0.96994  2.60147e+12  2.60147e+12  2.60147e+12 -2.01267e+11 -2.01267e+11  2.01267e+11
  300.00  0.99399  1.14737e+12  1.14737e+12  1.14737e+12 -1.37300e+11 -1.37300e+11  1.37300e+11
  300.00  1.01804  5.86172e+11  5.86172e+11  5.86172e+11 -5.05230e+10 -5.05228e+10  5.05228e+10
  300.00  1.04208  7.81609e+11  7.81609e+11  7.81609e+11 -3.09493e+10 -3.09491e+10  3.09491e+10
  300.00  1.06613  1.82291e+12  1.82291e+12  1.82291e+12 -6.39005e+10 -6.39006e+10  6.39004e+10
  300.00  1.09018  3.81352e+12  3.81352e+12  3.81352e+12 -9.30958e+10 -9.30959e+10  9.30956e+10
  300.00  1.11423  5.22629e+12  5.22629e+12  5.22629e+12 -7.96314e+10 -7.96315e+10  7.96314e+10
  300.00  1.13828  4.77344e+12  4.77344e+12  4.77344e+12 -2.51223e+10 -2.51228e+10  2.51230e+10
  300.00  1.16232  2.63066e+12  2.63066e+12  2.63066e+12  2.03275e+10  2.03268e+10 -2.03267e+10
  300.00  1.18637  3.36309e+11  3.36309e+11  3.36309e+11  3.88816e+10  3.88814e+10 -3.88814e+10
  300.00  1.21042  5.20422e+11  5.20422e+11  5.20422e+11 -9.22796e+10 -9.22795e+10  9.22796e+10
  300.00  1.23447  3.72483e+12  3.72483e+12  3.72483e+12 -3.63298e+10 -3.63303e+10  3.63304e+10
  300.00  1.25852  6.64781e+12  6.64781e+12  6.64781e+12  4.10378e+11  4.10378e+11 -4.10378e+11
  300.00  1.28257  5.72181e+12  5.72181e+12  5.72181e+12  4.03181e+11  4.03181e+11 -4.03181e+11
  300.00  1.30661  2.73295e+12  2.73295e+12  2.73295e+12 -7.33956e+10 -7.33954e+10  7.33953e+10
  300.00  1.33066  8.45270e+11  8.45270e+11  8.45270e+11 -2.40064e+11 -2.40064e+11  2.40064e+11
  300.00  1.35471  4.73506e+11  4.73506e+11  4.73506e+11 -2.05707e+11 -2.05707e+11  2.05708e+11
  300.00  1.37876  5.07907e+11  5.07907e+11  5.07907e+11 -1.93224e+11 -1.93224e+11  1.93224e+11
  300.00  1.40281  1.79377e+11  1.79377e+11  1.79376e+11 -5.77257e+10 -5.77258e+10  5.77258e+10
  300.00  1.42685  2.70764e+10  2.70764e+10  2.70764e+10 -2.57661e+10 -2.57661e+10  2.57661e+10
  300.00  1.45090  1.15650e+11  1.15650e+11  1.15650e+11 -3.14337e+10 -3.14337e+10  3.14336e+10
  300.00  1.47495  9.12869e+11  9.12869e+11  9.12869e+11  3.48186e+11  3.48186e+11 -3.48186e+11
  300.00  1.49900  2.70742e+12  2.70742e+12  2.70742e+12  1.77356e+11  1.77356e+11 -1.77356e+11
  300.00  1.52305  2.19660e+12  2.19660e+12  2.19660e+12 -6.16824e+11 -6.16824e+11  6.16825e+11
  300.00  1.54709  3.17480e+11  3.17480e+11  3.17480e+11 -1.98952e+11 -1.98952e+11  1.98952e+11
  300.00  1.57114  2.28077e+12  2.28077e+12  2.28077e+12  7.28993e+11  7.28993e+11 -7.28993e+11
  300.00  1.59519  3.44685e+12  3.44685e+12  3.44685e+12  1.70299e+11  1.70300e+11 -1.70300e+11
  300.00  1.61924  1.81902e+12  1.81902e+12  1.81902e+12 -2.25508e+11 -2.25508e+11  2.25508e+11
  300.00  1.64329  3.66952e+11  3.66952e+11  3.66952e+11 -1.15604e+11 -1.15604e+11  1.15604e+11
  300.00  1.66733  9.17947e+09  9.17947e+09  9.17948e+09 -1.35301e+09 -1.35301e+09  1.35301e+09
  300.00  1.69138  2.28396e+10  2.28396e+10  2.28396e+10 -1.37582e+10 -1.37582e+10  1.37582e+10
  300.00  1.71543  4.12230e+10  4.12229e+10  4.12229e+10  1.35553e+10  1.35553e+10 -1.35553e+10
  300.00  1.73948  3.14360e+11  3.14360e+11  3.14360e+11 -3.14331e+11 -3.14331e+11  3.14331e+11
  300.00  1.76353  7.32655e+11  7.32655e+11  7.32655e+11 -3.61555e+11 -3.61555e+11  3.61555e+11
  300.00  1.78758  1.15816e+12  1.15816e+12  1.15816e+12  2.11490e+11  2.11489e+11 -2.11489e+11
  300.00  1.81162  1.53689e+12  1.53689e+12  1.53689e+12  4.75855e+11  4.75855e+11 -4.75855e+11
  300.00  1.83567  1.53504e+12  1.53504e+12  1.53504e+12  2.56573e+11  2.56573e+11 -2.56573e+11
  300.00  1.85972  7.60035e+11  7.60035e+11  7.60035e+11 -1.39275e+10 -1.39275e+10  1.39277e+10
  300.00  1.88377  2.25225e+09  2.25226e+09  2.25226e+09 -3.38445e+07 -3.38462e+07  3.38351e+07
  300.00  1.90782  5.55971e+11  5.55972e+11  5.55972e+11  2.53676e+10  2.53676e+10 -2.53677e+10
  300.00  1.93186  6.36147e+11  6.36147e+11  6.36147e+11  3.71273e+10  3.71274e+10 -3.71275e+10
  300.00  1.95591  1.89928e+11  1.89927e+11  1.89928e+11  4.57442e+10  4.57441e+10 -4.57442e+10
  300.00  1.97996  1.57795e+10  1.57795e+10  1.57794e+10 -1.31256e+10 -1.31256e+10  1.31256e+10
  300.00  2.00401  4.33190e+10  4.33189e+10  4.33189e+10 -2.14093e+10 -2.14093e+10  2.14092e+10
  300.00  2.02806  2.66931e+10  2.66932e+10  2.66932e+10 -4.15227e+09 -4.15228e+09  4.15233e+09
  300.00  2.05210  1.58795e+11  1.58795e+11  1.58795e+11 -1.10519e+10 -1.10518e+10  1.10519e+10
  300.00  2.07615  3.03999e+10  3.03999e+10  3.03999e+10 -2.81592e+10 -2.81592e+10  2.81592e+10
  300.00  2.10020  1.27879e+12  1.27879e+12  1.27879e+12 -3.14652e+11 -3.14652e+11  3.14652e+11
  300.00  2.12425  1.60355e+12  1.60355e+12  1.60355e+12 -1.15984e+11 -1.15984e+11  1.15984e+11
  300.00  2.14830  1.03287e+11  1.03287e+11  1.03287e+11  1.05360e+10  1.05361e+10 -1.05360e+10
  300.00  2.17234  1.01427e+12  1.01427e+12  1.01427e+12  5.58581e+10  5.58579e+10 -5.58581e+10
  300.00  2.19639  4.62839e+12  4.62839e+12  4.62839e+12  1.74095e+11  1.74095e+11 -1.74095e+11
  300.00  2.22044  6.29251e+12  6.29251e+12  6.29251e+12 -4.21189e+11 -4.21189e+11  4.21189e+11
  300.00  2.24449  2.22877e+12  2.22877e+12  2.22877e+12 -7.27375e+11 -7.27375e+11  7.27375e+11
  300.00  2.26854  1.85312e+11  1.85312e+11  1.85312e+11  8.12709e+10  8.12709e+10 -8.12709e+10
  300.00  2.29259  2.41917e+12  2.41917e+12  2.41917e+12  3.13460e+11  3.13460e+11 -3.13460e+11
  300.00  2.31663  5.38607e+12  5.38607e+12  5.38607e+12 -1.42984e+11 -1.42984e+11  1.42984e+11
  300.00  2.34068  6.22174e+12  6.22174e+12  6.22174e+12 -7.94704e+11 -7.94704e+11  7.94704e+11
  300.00  2.36473  3.74537e+12  3.74537e+12  3.74537e+12 -6.07045e+11 -6.07045e+11  6.07046e+11
  300.00  2.38878  1.06674e+12  1.06674e+12  1.06674e+12 -7.03502e+10 -7.03500e+10  7.03502e+10
  300.00  2.41283  2.85968e+11  2.85968e+11  2.85968e+11  5.03004e+10  5.03004e+10 -5.03004e+10
  300.00  2.43687  2.51726e+11  2.51726e+11  2.51726e+11  7.36976e+10  7.36974e+10 -7.36975e+10
  300.00  2.46092  2.71855e+10  2.71855e+10  2.71855e+10 -1.77574e+10 -1.77574e+10  1.77574e+10
  300.00  2.48497  2.01681e+12  2.01681e+12  2.01681e+12 -3.23050e+11 -3.23050e+11  3.23050e+11
  300.00  2.50902  7.84868e+12  7.84868e+12  7.84868e+12 -1.65742e+11 -1.65742e+11  1.65743e+11
  300.00  2.53307  1.07365e+13  1.07365e+13  1.07365e+13  3.04899e+11  3.04899e+11 -3.04899e+11
  300.00  2.55711  7.68334e+12  7.68334e+12  7.68334e+12  2.52796e+11  2.52796e+11 -2.52796e+11
  300.00  2.58116  2.51665e+12  2.51665e+12  2.51665e+12 -2.60544e+10 -2.60545e+10  2.60544e+10
  300.00  2.60521  1.16661e+10  1.16661e+10  1.16661e+10 -1.16223e+10 -1.16223e+10  1.16223e+10
  300.00  2.62926  1.21133e+12  1.21133e+12  1.21133e+12  8.98268e+10  8.98268e+10 -8.98268e+10
  300.00  2.65331  1.43913e+12  1.43913e+12  1.43913e+12 -1.50474e+11 -1.50474e+11  1.50474e+11
  300.00  2.67735  3.27053e+11  3.27053e+11  3.27053e+11 -1.86216e+11 -1.86216e+11  1.86216e+11
  300.00  2.70140  6.70505e+10  6.70505e+10  6.70505e+10 -5.71726e+10 -5.71726e+10  5.71726e+10
  300.00  2.72545  1.40576e+11  1.40576e+11  1.40576e+11 -9.73046e+10 -9.73046e+10  9.73046e+10
  300.00  2.74950  1.08931e+12  1.08931e+12  1.08931e+12 -4.53138e+10 -4.53139e+10  4.53137e+10
  300.00  2.77355  1.85750e+12  1.85750e+12  1.85750e+12  1.87298e+11  1.87298e+11 -1.87298e+11
  300.00  2.79760  3.91049e+11  3.91049e+11  3.91049e+11  1.32748e+11  1.32748e+11 -1.32748e+11
  300.00  2.82164  5.52557e+11  5.52557e+11  5.52557e+11 -2.37256e+11 -2.37257e+11  2.37256e+11
  300.00  2.84569  2.30471e+12  2.30471e+12  2.30471e+12 -5.28735e+11 -5.28735e+11  5.28735e+11
  300.00  2.86974  1.58018e+12  1.58018e+12  1.58018e+12 -2.90169e+11 -2.90169e+11  2.90169e+11
  300.00  2.89379  7.27763e+10  7.27763e+10  7.27763e+10  1.39369e+10  1.39370e+10 -1.39370e+10
  300.00  2.91784  8.70185e+11  8.70185e+11  8.70185e+11 -2.05212e+11 -2.05213e+11  2.05212e+11
  300.00  2.94188  3.94957e+12  3.94957e+12  3.94957e+12 -4.49510e+11 -4.49509e+11  4.49509e+11
  300.00  2.96593  5.10324e+12  5.10324e+12  5.10324e+12 -3.59672e+11 -3.59672e+11  3.59672e+11
  300.00  2.98998  1.65412e+12  1.65412e+12  1.65412e+12 -1.19895e+11 -1.19895e+11  1.19895e+11
  300.00  3.01403  3.50024e+10  3.50024e+10  3.50024e+10  1.31479e+10  1.31478e+10 -1.31478e+10
  300.00  3.03808  7.18595e+11  7.18595e+11  7.18595e+11  1.12669e+10  1.12669e+10 -1.12667e+10
  300.00  3.06212  4.92234e+11  4.92234e+11  4.92234e+11 -1.66992e+11 -1.66992e+11  1.66992e+11
  300.00  3.08617  6.89523e+10  6.89523e+10  6.89523e+10 -6.75925e+10 -6.75925e+10  6.75925e+10
  300.00  3.11022  3.87001e+11  3.87001e+11  3.87001e+11 -1.39446e+10 -1.39445e+10  1.39446e+10
  300.00  3.13427  1.32629e+12  1.32629e+12  1.32629e+12 -2.43937e+11 -2.43937e+11  2.43937e+11
  300.00  3.15832  5.61508e+11  5.61508e+11  5.61508e+11 -1.26752e+11 -1.26752e+11  1.26752e+11
  300.00  3.18236  5.46628e+10  5.46628e+10  5.46628e+10  2.32492e+10  2.32492e+10 -2.32492e+10
  300.00  3.20641  6.03815e+11  6.03815e+11  6.03815e+11  2.98783e+11  2.98783e+11 -2.98783e+11
  300.00  3.23046  2.41815e+11  2.41815e+11  2.41816e+11  1.07357e+11  1.07357e+11 -1.07357e+11
  300.00  3.25451  1.49177e+11  1.49177e+11  1.49177e+11  7.26623e+10  7.26623e+10 -7.26622e+10
  300.00  3.27856  5.13991e+11  5.13991e+11  5.13991e+11  1.74290e+11  1.74290e+11 -1.74290e+11
  300.00  3.30261  3.00724e+11  3.00724e+11  3.00724e+11 -2.51163e+11 -2.51163e+11  2.51163e+11
  300.00  3.32665  4.98307e+11  4.98307e+11  4.98307e+11 -3.59687e+11 -3.59687e+11  3.59687e+11
  300.00  3.35070  6.15236e+11  6.15236e+11  6.15236e+11 -4.00075e+11 -4.00075e+11  4.00075e+11
  300.00  3.37475  6.29915e+11  6.29915e+11  6.29915e+11 -3.70425e+11 -3.70425e+11  3.70425e+11
  300.00  3.39880  1.41420e+12  1.41420e+12  1.41420e+12  6.72002e+10  6.72001e+10 -6.72000e+10
  300.00  3.42285  2.99321e+12  2.99321e+12  2.99321e+12  9.20253e+11  9.20253e+11 -9.20253e+11
  300.00  3.44689  1.74659e+12  1.74659e+12  1.74659e+12  7.36372e+11  7.36372e+11 -7.36372e+11
  300.00  3.47094  4.60839e+10  4.60839e+10  4.60839e+10  3.52801e+09  3.52803e+09 -3.52804e+09
  300.00  3.49499  6.02915e+11  6.02915e+11  6.02914e+11  5.37267e+10  5.37266e+10 -5.37266e+10
  300.00  3.51904  1.14507e+12  1.14507e+12  1.14507e+12 -5.68966e+10 -5.68966e+10  5.68965e+10
  300.00  3.54309  7.57422e+11  7.57422e+11  7.57421e+11 -3.14472e+11 -3.14472e+11  3.14472e+11
  300.00  3.56713  2.08923e+11  2.08923e+11  2.08922e+11 -1.94850e+11 -1.94850e+11  1.94850e+11
  300.00  3.59118  6.18982e+10  6.18982e+10  6.18982e+10  5.50997e+09  5.50999e+09 -5.50998e+09
  300.00  3.61523  2.90067e+11  2.90067e+11  2.90067e+11  8.01945e+10  8.01946e+10 -8.01946e+10
  300.00  3.63928  2.98748e+11  2.98748e+11  2.98748e+11  1.17703e+10  1.17703e+10 -1.17704e+10
  300.00  3.66333  1.72082e+10  1.72082e+10  1.72082e+10 -4.62549e+09 -4.62547e+09  4.62548e+09
  300.00  3.68737  5.20370e+11  5.20370e+11  5.20371e+11  2.07802e+11  2.07802e+11 -2.07802e+11
  300.00  3.71142  2.01716e+12  2.01716e+12  2.01716e+12  2.76778e+11  2.76778e+11 -2.76778e+11
  300.00  3.73547  2.32202e+12  2.32202e+12  2.32202e+12 -3.46871e+11 -3.46871e+11  3.46871e+11
  300.00  3.75952  4.61814e+11  4.61814e+11  4.61814e+11 -3.31762e+11 -3.31762e+11  3.31762e+11
  300.00  3.78357  3.98952e+11  3.98952e+11  3.98952e+11  1.51937e+11  1.51937e+11 -1.51937e+11
  300.00  3.80762  1.86692e+12  1.86692e+12  1.86692e+12 -2.81545e+11 -2.81545e+11  2.81545e+11
  300.00  3.83166  2.61720e+12  2.61720e+12  2.61720e+12 -1.14926e+12 -1.14925e+12  1.14925e+12
  300.00  3.85571  1.74012e+12  1.74012e+12  1.74012e+12 -1.01562e+12 -1.01562e+12  1.01562e+12
  300.00  3.87976  8.20647e+10  8.20647e+10  8.20647e+10 -1.35188e+10 -1.35188e+10  1.35187e+10
  300.00  3.90381  3.41999e+12  3.41999e+12  3.41999e+12  3.72874e+11  3.72874e+11 -3.72874e+11
  300.00  3.92786  5.22334e+12  5.22334e+12  5.22334e+12  4.29046e+11  4.29046e+11 -4.29046e+11
  300.00  3.95190  1.15027e+12  1.15027e+12  1.15027e+12  4.97090e+10  4.97089e+10 -4.97089e+10
  300.00  3.97595  6.32678e+11  6.32678e+11  6.32678e+11  1.49413e+11  1.49413e+11 -1.49413e+11
  300.00  4.00000  4.63892e+12  4.63892e+12  4.63892e+12  9.38825e+11  9.38826e+11 -9.38825e+11
