  300.00 -8.00000  5.25277e+11  5.25277e+11  5.25277e+11 -1.18835e+11 -1.18835e+11  1.18835e+11
  300.00 -7.97595  3.49843e+11  3.49843e+11  3.49843e+11 -1.21036e+11 -1.21036e+11  1.21036e+11
  300.00 -7.95190  5.45037e+10  5.45036e+10  5.45035e+10 -3.45913e+10 -3.45912e+10  3.45912e+10
  300.00 -7.92786  7.77949e+10  7.77950e+10  7.77950e+10  3.92999e+09  3.92989e+09 -3.92996e+09
  300.00 -7.90381  1.89986e+11  1.89986e+11  1.89986e+11 -3.81353e+10 -3.81354e+10  3.81354e+10
  300.00 -7.87976  4.75845e+10  4.75846e+10  4.75844e+10 -2.46509e+10 -2.46508e+10  2.46509e+10
  300.00 -7.85571  1.65697e+10  1.65696e+10  1.65697e+10  5.38745e+09  5.38744e+09 -5.38747e+09
  300.00 -7.83166  4.55692e+10  4.55692e+10  4.55692e+10 -2.23307e+10 -2.23307e+10  2.23307e+10
  300.00 -7.80762  3.84392e+10  3.84392e+10  3.84393e+10  6.94858e+09  6.94863e+09 -6.94862e+09
  300.00 -7.78357  2.24282e+11  2.24282e+11  2.24282e+11  8.77374e+10  8.77374e+10 -8.77376e+10
  300.00 -7.75952  6.09275e+11  6.09275e+11  6.09275e+11  1.38953e+10  1.38953e+10 -1.38955e+10
  300.00 -7.73547  9.24851e+11  9.24851e+11  9.24851e+11 -1.74503e+11 -1.74503e+11  1.74503e+11
  300.00 -7.71142  6.06353e+11  6.06353e+11  6.06353e+11 -1.75444e+11 -1.75444e+11  1.75444e+11
  300.00 -7.68737  9.65143e+10  9.65144e+10  9.65144e+10 -4.44359e+10 -4.44359e+10  4.44359e+10
  300.00 -7.66333  4.42267e+10  4.42267e+10  4.42266e+10  3.92993e+09  3.92987e+09 -3.92991e+09
  300.00 -7.63928  1.57663e+11  1.57663e+11  1.57663e+11 -2.53904e+10 -2.53905e+10  2.53904e+10
  300.00 -7.61523  6.75159e+10  6.75160e+10  6.75160e+10 -7.11989e+09 -7.11985e+09  7.11982e+09
  300.00 -7.59118  7.05908e+10  7.05909e+10  7.05910e+10  2.23705e+10  2.23705e+10 -2.23705e+10
  300.00 -7.56713  3.43108e+11  3.43108e+11  3.43108e+11  8.36767e+10  8.36767e+10 -8.36767e+10
  300.00 -7.54309  7.29520e+11  7.29520e+11  7.29520e+11  6.12884e+10  6.12884e+10 -6.12883e+10
  300.00 -7.51904  4.77871e+11  4.77871e+11  4.77871e+11 -9.14749e+10 -9.14748e+10  9.14749e+10
  300.00 -7.49499  3.56162e+10  3.56162e+10  3.56161e+10 -3.09384e+10 -3.09384e+10  3.09384e+10
  300.00 -7.47094  2.23982e+11  2.23982e+11  2.23982e+11  5.86388e+10  5.86387e+10 -5.86387e+10
  300.00 -7.44689  2.87072e+11  2.87072e+11  2.87072e+11 -3.39832e+10 -3.39833e+10  3.39833e+10
  300.00 -7.42285  1.12019e+11  1.12019e+11  1.12019e+11 -5.38496e+10 -5.38496e+10  5.38496e+10
  300.00 -7.39880  5.23575e+09  5.23577e+09  5.23576e+09 -4.59141e+09 -4.59140e+09  4.59141e+09
  300.00 -7.37475  3.06696e+10  3.06696e+10  3.06696e+10 -3.31738e+09 -3.31740e+09  3.31737e+09
  300.00 -7.35070  1.34922e+10  1.34922e+10  1.34922e+10 -1.25053e+10 -1.25053e+10  1.25053e+10
  300.00 -7.32665  9.34360e+10  9.34357e+10  9.34358e+10  3.92578e+10  3.92578e+10 -3.92577e+10
  300.00 -7.30261  4.45988e+11  4.45988e+11  4.45988e+11  9.50895e+10  9.50896e+10 -9.50895e+10
  300.00 -7.27856  7.63255e+11  7.63255e+11  7.63255e+11  4.29252e+10  4.29252e+10 -4.29253e+10
  300.00 -7.25451  7.20363e+11  7.20363e+11  7.20363e+11 -7.25181e+10 -7.25181e+10  7.25180e+10
  300.00 -7.23046  2.16305e+11  2.16305e+11  2.16305e+11 -6.95162e+10 -6.95161e+10  6.95161e+10
  300.00 -7.20641  2.00656e+10  2.00655e+10  2.00656e+10  9.99367e+09  9.99370e+09 -9.99366e+09
  300.00 -7.18236  2.18599e+11  2.18599e+11  2.18600e+11  1.64662e+10  1.64662e+10 -1.64662e+10
  300.00 -7.15832  2.17075e+11  2.17075e+11  2.17075e+11 -7.92473e+09 -7.92479e+09  7.92476e+09
  300.00 -7.13427  9.67158e+10  9.67159e+10  9.67157e+10 -9.21303e+09 -9.21308e+09  9.21309e+09
  300.00 -7.11022  1.73595e+10  1.73596e+10  1.73596e+10 -2.01851e+09 -2.01852e+09  2.01854e+09
  300.00 -7.08617  4.06689e+09  4.06690e+09  4.06690e+09  6.84670e+08  6.84678e+08 -6.84668e+08
  300.00 -7.06212  1.60821e+09  1.60820e+09  1.60821e+09 -9.28926e+08 -9.28936e+08  9.28937e+08
  300.00 -7.03808  1.03499e+11  1.03499e+11  1.03499e+11 -4.58939e+09 -4.58947e+09  4.58954e+09
  300.00 -7.01403  2.41606e+11  2.41606e+11  2.41606e+11  4.26686e+09  4.26683e+09 -4.26678e+09
  300.00 -6.98998  4.70606e+10  4.70607e+10  4.70608e+10  6.94217e+09  6.94219e+09 -6.94219e+09
  300.00 -6.96593  1.16349e+11  1.16349e+11  1.16349e+11 -1.10759e+10 -1.10760e+10  1.10760e+10
  300.00 -6.94188  3.14577e+11  3.14577e+11  3.14577e+11 -4.96305e+09 -4.96311e+09  4.96314e+09
  300.00 -6.91784  1.13958e+10  1.13958e+10  1.13958e+10  1.24581e+09  1.24581e+09 -1.24581e+09
  300.00 -6.89379  1.69995e+11  1.69995e+11  1.69995e+11  6.96480e+08  6.96450e+08 -6.96442e+08
  300.00 -6.86974  1.61272e+11  1.61272e+11  1.61272e+11  1.21952e+10  1.21952e+10 -1.21952e+10
  300.00 -6.84569  6.57088e+09  6.57090e+09  6.57091e+09  1.93006e+09  1.93007e+09 -1.93007e+09
  300.00 -6.82164  2.47910e+10  2.47910e+10  2.47910e+10 -6.01620e+08 -6.01640e+08  6.01634e+08
  300.00 -6.79760  3.34606e+08  3.34611e+08  3.34607e+08 -3.02589e+07 -3.02599e+07  3.02579e+07
  300.00 -6.77355  3.00013e+11  3.00013e+11  3.00013e+11 -3.50578e+09 -3.50580e+09  3.50588e+09
  300.00 -6.74950  1.05255e+12  1.05255e+12  1.05255e+12 -2.71671e+10 -2.71672e+10  2.71673e+10
  300.00 -6.72545  9.26453e+11  9.26453e+11  9.26453e+11 -5.74376e+10 -5.74377e+10  5.74377e+10
  300.00 -6.70140  2.09360e+11  2.09360e+11  2.09360e+11 -3.89534e+10 -3.89535e+10  3.89535e+10
  300.00 -6.67735  7.00687e+10  7.00685e+10  7.00685e+10  1.05847e+10  1.05847e+10 -1.05846e+10
  300.00 -6.65331  7.75056e+11  7.75056e+11  7.75056e+11 -2.14765e+10 -2.14767e+10  2.14767e+10
  300.00 -6.62926  1.10547e+12  1.10547e+12  1.10547e+12 -6.19349e+10 -6.19351e+10  6.19351e+10
  300.00 -6.60521  4.58518e+11  4.58518e+11  4.58518e+11 -2.63733e+10 -2.63734e+10  2.63733e+10
  300.00 -6.58116  1.90103e+10  1.90103e+10  1.90104e+10  2.59898e+09  2.59899e+09 -2.59899e+09
  300.00 -6.55711  8.41227e+10  8.41226e+10  8.41226e+10 -1.56561e+10 -1.56561e+10  1.56561e+10
  300.00 -6.53307  4.36439e+11  4.36439e+11  4.36439e+11 -1.43884e+10 -1.43884e+10  1.43884e+10
  300.00 -6.50902  6.56626e+11  6.56626e+11  6.56626e+11  2.42715e+10  2.42716e+10 -2.42716e+10
  300.00 -6.48497  3.93062e+11  3.93062e+11  3.93061e+11  2.54803e+10  2.54804e+10 -2.54804e+10
  300.00 -6.46092  1.19678e+11  1.19678e+11  1.19678e+11  5.96291e+09  5.96293e+09 -5.96293e+09
  300.00 -6.43687  1.51033e+10  1.51033e+10  1.51033e+10  2.13096e+09  2.13096e+09 -2.13095e+09
  300.00 -6.41283  5.37840e+09  5.37840e+09  5.37840e+09 -3.74332e+09 -3.74332e+09  3.74331e+09
  300.00 -6.38878  8.51759e+10  8.51759e+10  8.51759e+10 -1.09249e+10 -1.09249e+10  1.09249e+10
  300.00 -6.36473  2.67350e+11  2.67350e+11  2.67350e+11  8.40862e+09  8.40860e+09 -8.40856e+09
  300.00 -6.34068  2.31319e+11  2.31319e+11  2.31319e+11  1.52919e+10  1.52919e+10 -1.52918e+10
  300.00 -6.31663  5.85723e+09  5.85723e+09  5.85723e+09  8.45333e+08  8.45333e+08 -8.45330e+08
  300.00 -6.29259  6.41823e+10  6.41823e+10  6.41823e+10 -1.62962e+08 -1.62966e+08  1.62973e+08
  300.00 -6.26854  4.95650e+10  4.95650e+10  4.95650e+10 -5.68444e+07 -5.68462e+07  5.68555e+07
  300.00 -6.24449  4.03258e+09  4.03258e+09  4.03258e+09 -1.03732e+08 -1.03733e+08  1.03735e+08
  300.00 -6.22044  3.07987e+08  3.07988e+08  3.07987e+08 -1.70704e+08 -1.70703e+08  1.70704e+08
  300.00 -6.19639  4.14476e+09  4.14477e+09  4.14476e+09 -1.22464e+09 -1.22464e+09  1.22464e+09
  300.00 -6.17234  3.01291e+10  3.01291e+10  3.01291e+10 -4.83202e+09 -4.83201e+09  4.83202e+09
  300.00 -6.14830  1.56183e+11  1.56183e+11  1.56183e+11 -1.15139e+10 -1.15139e+10  1.15139e+10
  300.00 -6.12425  4.51065e+11  4.51065e+11  4.51065e+11 -4.23421e+09 -4.23424e+09  4.23422e+09
  300.00 -6.10020  3.48550e+11  3.48550e+11  3.48551e+11  1.90050e+10  1.90050e+10 -1.90050e+10
  300.00 -6.07615  4.98692e+09  4.98692e+09  4.98692e+09  2.20601e+09  2.20601e+09 -2.20601e+09
  300.00 -6.05210  1.12458e+11  1.12458e+11  1.12458e+11 -9.83465e+08 -9.83454e+08  9.83458e+08
  300.00 -6.02806  8.54617e+10  8.54617e+10  8.54617e+10  8.81250e+09  8.81251e+09 -8.81251e+09
  300.00 -6.00401  5.05876e+10  5.05876e+10  5.05877e+10  6.62219e+09  6.62220e+09 -6.62220e+09
  300.00 -5.97996  1.16025e+11  1.16025e+11  1.16025e+11  1.82879e+09  1.82880e+09 -1.82879e+09
  300.00 -5.95591  9.03097e+10  9.03097e+10  9.03097e+10 -5.19451e+09 -5.19451e+09  5.19451e+09
  300.00 -5.93186  5.58736e+08  5.58735e+08  5.58735e+08 -2.99505e+08 -2.99505e+08  2.99505e+08
  300.00 -5.90782  2.00822e+10  2.00822e+10  2.00822e+10  1.13219e+09  1.13220e+09 -1.13219e+09
  300.00 -5.88377  2.34475e+09  2.34475e+09  2.34475e+09  6.39140e+08  6.39142e+08 -6.39143e+08
  300.00 -5.85972  1.09985e+10  1.09985e+10  1.09985e+10 -1.23144e+09 -1.23145e+09  1.23144e+09
  300.00 -5.83567  4.22999e+10  4.23000e+10  4.22999e+10 -8.91535e+08 -8.91542e+08  8.91537e+08
  300.00 -5.81162  1.12585e+10  1.12585e+10  1.12585e+10  6.62847e+08  6.62847e+08 -6.62847e+08
  300.00 -5.78758  8.83813e+10  8.83813e+10  8.83813e+10 -4.80061e+09 -4.80062e+09  4.80061e+09
  300.00 -5.76353  4.01322e+11  4.01322e+11  4.01322e+11 -7.86404e+09 -7.86407e+09  7.86404e+09
  300.00 -5.73948  3.33334e+11  3.33334e+11  3.33334e+11  2.43398e+09  2.43398e+09 -2.43398e+09
  300.00 -5.71543  4.25639e+10  4.25638e+10  4.25638e+10  1.73864e+09  1.73864e+09 -1.73864e+09
  300.00 -5.69138  5.50949e+10  5.50949e+10  5.50949e+10 -9.14593e+08 -9.14600e+08  9.14591e+08
  300.00 -5.66733  2.29168e+11  2.29168e+11  2.29167e+11 -2.11757e+09 -2.11756e+09  2.11757e+09
  300.00 -5.64329  2.16489e+11  2.16489e+11  2.16489e+11  3.29270e+09  3.29273e+09 -3.29270e+09
  300.00 -5.61924  1.15837e+11  1.15837e+11  1.15837e+11  7.45806e+09  7.45807e+09 -7.45806e+09
  300.00 -5.59519  6.74985e+10  6.74985e+10  6.74985e+10  4.68181e+09  4.68181e+09 -4.68181e+09
  300.00 -5.57114  1.70924e+10  1.70924e+10  1.70924e+10 -6.14458e+08 -6.14460e+08  6.14460e+08
  300.00 -5.54709  1.65680e+10  1.65680e+10  1.65680e+10  2.99506e+09  2.99507e+09 -2.99506e+09
  300.00 -5.52305  4.08037e+10  4.08037e+10  4.08037e+10  3.88576e+09  3.88576e+09 -3.88575e+09
  300.00 -5.49900  9.99943e+07  9.99946e+07  9.99950e+07 -3.56810e+07 -3.56813e+07  3.56810e+07
  300.00 -5.47495  4.73359e+10  4.73359e+10  4.73360e+10  1.06122e+09  1.06121e+09 -1.06122e+09
  300.00 -5.45090  6.07821e+10  6.07821e+10  6.07821e+10 -6.67819e+08 -6.67819e+08  6.67805e+08
  300.00 -5.42685  1.85259e+10  1.85259e+10  1.85259e+10 -1.23965e+09 -1.23965e+09  1.23964e+09
  300.00 -5.40281  4.82097e+09  4.82097e+09  4.82097e+09  2.17506e+07  2.17487e+07 -2.17497e+07
  300.00 -5.37876  3.36137e+10  3.36137e+10  3.36137e+10 -1.39735e+09 -1.39736e+09  1.39734e+09
  300.00 -5.35471  1.31887e+10  1.31887e+10  1.31887e+10 -8.09670e+08 -8.09673e+08  8.09664e+08
  300.00 -5.33066  1.61078e+10  1.61078e+10  1.61078e+10  5.72515e+08  5.72513e+08 -5.72512e+08
  300.00 -5.30661  1.63422e+11  1.63422e+11  1.63422e+11 -3.49665e+08 -3.49684e+08  3.49668e+08
  300.00 -5.28257  2.26841e+11  2.26841e+11  2.26841e+11 -7.10848e+09 -7.10849e+09  7.10847e+09
  300.00 -5.25852  7.97094e+10  7.97094e+10  7.97094e+10 -2.88189e+09 -2.88188e+09  2.88188e+09
  300.00 -5.23447  4.16393e+09  4.16393e+09  4.16393e+09 -1.44403e+09 -1.44403e+09  1.44403e+09
  300.00 -5.21042  2.51027e+11  2.51027e+11  2.51027e+11 -1.56876e+10 -1.56877e+10  1.56876e+10
  300.00 -5.18637  5.64928e+11  5.64928e+11  5.64928e+11 -1.04450e+10 -1.04450e+10  1.04450e+10
  300.00 -5.16232  2.76497e+11  2.76497e+11  2.76497e+11  1.36248e+09  1.36250e+09 -1.36250e+09
  300.00 -5.13828  2.94378e+09  2.94378e+09  2.94378e+09  4.61075e+08  4.61076e+08 -4.61076e+08
  300.00 -5.11423  1.63331e+11  1.63331e+11  1.63331e+11 -4.97151e+09 -4.97152e+09  4.97152e+09
  300.00 -5.09018  3.79853e+11  3.79853e+11  3.79853e+11 -1.74967e+09 -1.74968e+09  1.74967e+09
  300.00 -5.06613  7.26717e+10  7.26717e+10  7.26717e+10  4.36918e+09  4.36919e+09 -4.36918e+09
  300.00 -5.04208  8.08521e+10  8.08521e+10  8.08521e+10 -5.06583e+09 -5.06584e+09  5.06583e+09
  300.00 -5.01804  1.95512e+11  1.95512e+11  1.95512e+11 -8.62637e+08 -8.62646e+08  8.62639e+08
  300.00 -4.99399  8.31867e+10  8.31867e+10  8.31867e+10  2.18262e+09  2.18263e+09 -2.18263e+09
  300.00 -4.96994  6.46013e+09  6.46012e+09  6.46013e+09  8.31844e+07  8.31893e+07 -8.31896e+07
  300.00 -4.94589  3.01825e+08  3.01825e+08  3.01824e+08  8.25232e+07  8.25224e+07 -8.25224e+07
  300.00 -4.92184  6.17899e+08  6.17899e+08  6.17899e+08 -1.91255e+08 -1.91256e+08  1.91256e+08
  300.00 -4.89780  1.03227e+10  1.03227e+10  1.03227e+10  6.47587e+08  6.47601e+08 -6.47605e+08
  300.00 -4.87375  1.06168e+11  1.06168e+11  1.06168e+11 -3.34336e+09 -3.34332e+09  3.34330e+09
  300.00 -4.84970  4.61498e+10  4.61498e+10  4.61499e+10 -5.86259e+09 -5.86259e+09  5.86259e+09
  300.00 -4.82565  1.91870e+10  1.91870e+10  1.91870e+10  1.04596e+09  1.04597e+09 -1.04597e+09
  300.00 -4.80160  2.56116e+10  2.56116e+10  2.56116e+10 -4.26292e+09 -4.26292e+09  4.26292e+09
  300.00 -4.77756  5.53411e+10  5.53411e+10  5.53411e+10  7.13005e+09  7.13005e+09 -7.13005e+09
  300.00 -4.75351  3.18132e+11  3.18132e+11  3.18132e+11  4.29379e+09  4.29384e+09 -4.29382e+09
  300.00 -4.72946  1.98458e+11  1.98458e+11  1.98458e+11 -1.15753e+10 -1.15753e+10  1.15753e+10
  300.00 -4.70541  3.97354e+10  3.97353e+10  3.97353e+10  8.63542e+09  8.63541e+09 -8.63541e+09
  300.00 -4.68136  7.56012e+11  7.56012e+11  7.56012e+11  3.13798e+10  3.13799e+10 -3.13799e+10
  300.00 -4.65731  1.11832e+12  1.11832e+12  1.11832e+12  5.83853e+09  5.83869e+09 -5.83874e+09
  300.00 -4.63327  6.05098e+11  6.05099e+11  6.05099e+11 -1.67455e+10 -1.67455e+10  1.67454e+10
  300.00 -4.60922  1.19171e+11  1.19171e+11  1.19171e+11 -6.94347e+09 -6.94346e+09  6.94347e+09
  300.00 -4.58517  5.36767e+09  5.36767e+09  5.36768e+09 -3.11621e+08 -3.11620e+08  3.11624e+08
  300.00 -4.56112  1.01492e+10  1.01492e+10  1.01492e+10 -5.84711e+08 -5.84714e+08  5.84708e+08
  300.00 -4.53707  7.55855e+10  7.55855e+10  7.55854e+10 -3.16775e+09 -3.16774e+09  3.16775e+09
  300.00 -4.51303  1.13832e+11  1.13832e+11  1.13832e+11 -5.61818e+09 -5.61817e+09  5.61818e+09
  300.00 -4.48898  7.26698e+10  7.26698e+10  7.26698e+10 -1.94111e+09 -1.94109e+09  1.94111e+09
  300.00 -4.46493  5.61835e+10  5.61835e+10  5.61835e+10  3.47122e+09  3.47122e+09 -3.47123e+09
  300.00 -4.44088  3.27259e+10  3.27259e+10  3.27259e+10  3.51267e+09  3.51267e+09 -3.51268e+09
  300.00 -4.41683  7.65591e+08  7.65592e+08  7.65593e+08  1.28065e+08  1.28065e+08 -1.28065e+08
  300.00 -4.39279  2.47748e+09  2.47748e+09  2.47747e+09  1.47369e+08  1.47365e+08 -1.47366e+08
  300.00 -4.36874  3.03452e+10  3.03452e+10  3.03452e+10 -6.26523e+08 -6.26527e+08  6.26521e+08
  300.00 -4.34469  2.20216e+11  2.20216e+11  2.20216e+11 -3.55887e+09 -3.55885e+09  3.55886e+09
  300.00 -4.32064  5.80341e+11  5.80341e+11  5.80341e+11 -2.71943e+08 -2.71945e+08  2.72013e+08
  300.00 -4.29659  8.32079e+11  8.32079e+11  8.32079e+11  5.92289e+09  5.92284e+09 -5.92275e+09
  300.00 -4.27255  7.12744e+11  7.12745e+11  7.12745e+11  7.28302e+09  7.28298e+09 -7.28296e+09
  300.00 -4.24850  2.62074e+11  2.62075e+11  2.62075e+11  5.82937e+09  5.82936e+09 -5.82937e+09
  300.00 -4.22445  1.66404e+09  1.66405e+09  1.66405e+09  5.19396e+08  5.19395e+08 -5.19397e+08
  300.00 -4.20040  8.97157e+10  8.97157e+10  8.97157e+10 -4.68149e+09 -4.68148e+09  4.68149e+09
  300.00 -4.17635  1.73678e+11  1.73678e+11  1.73678e+11 -6.36385e+09 -6.36383e+09  6.36385e+09
  300.00 -4.15230  2.65879e+11  2.65879e+11  2.65879e+11 -4.66460e+09 -4.66457e+09  4.66458e+09
  300.00 -4.12826  4.04734e+11  4.04734e+11  4.04734e+11  4.40755e+09  4.40756e+09 -4.40764e+09
  300.00 -4.10421  2.91172e+11  2.91172e+11  2.91172e+11  1.82127e+10  1.82127e+10 -1.82129e+10
  300.00 -4.08016  5.35636e+10  5.35636e+10  5.35636e+10  1.16649e+10  1.16648e+10 -1.16650e+10
  300.00 -4.05611  4.87102e+10  4.87102e+10  4.87102e+10 -7.03939e+09 -7.03937e+09  7.03980e+09
  300.00 -4.03206  5.02846e+11  5.02846e+11  5.02846e+11  9.29105e+09  9.29107e+09 -9.28798e+09
  300.00 -4.00802  6.78395e+11  6.78394e+11  6.78394e+11  2.32883e+10  2.32883e+10 -2.32809e+10
  300.00 -3.98397  1.86850e+11  1.86850e+11  1.86850e+11  4.24186e+09  4.24187e+09 -4.23375e+09
  300.00 -3.95992  1.56467e+09  1.56483e+09  1.56483e+09 -3.09872e+08 -3.09871e+08  3.11372e+08
  300.00 -3.93587  2.66147e+09  2.66177e+09  2.66178e+09  3.43131e+08  3.43130e+08 -3.47551e+08
  300.00 -3.91182  6.12082e+09  6.12091e+09  6.12093e+09  6.57163e+07  6.57148e+07 -7.81999e+07
  300.00 -3.88778  1.84478e+09  1.84417e+09  1.84417e+09 -2.07620e+08 -2.07621e+08  1.96324e+08
  300.00 -3.86373  3.33334e+10  3.33289e+10  3.33289e+10  4.17480e+09  4.17481e+09 -4.10233e+09
  300.00 -3.83968  1.65786e+11  1.65777e+11  1.65777e+11  1.69594e+10  1.69594e+10 -1.67662e+10
  300.00 -3.81563  1.82301e+11  1.82295e+11  1.82295e+11  1.22900e+10  1.22900e+10 -1.20918e+10
  300.00 -3.79158  1.46113e+10  1.46143e+10  1.46143e+10 -2.15610e+09 -2.15610e+09  2.19696e+09
  300.00 -3.76754  1.15261e+11  1.15272e+11  1.15272e+11  1.64817e+10  1.64817e+10 -1.66150e+10
  300.00 -3.74349  2.52395e+11  2.52408e+11  2.52409e+11  1.98617e+10  1.98617e+10 -2.01489e+10
  300.00 -3.71944  2.40112e+10  2.40120e+10  2.40121e+10  6.66704e+08  6.66700e+08 -7.14742e+08
  300.00 -3.69539  7.01539e+10  7.01578e+10  7.01578e+10  4.90348e+09  4.90346e+09 -4.99426e+09
  300.00 -3.67134  1.65710e+11  1.65715e+11  1.65715e+11  6.56172e+09  6.56170e+09 -6.73830e+09
  300.00 -3.64729  3.14543e+11  3.14543e+11  3.14543e+11  2.31386e+09  2.31387e+09 -2.34360e+09
  300.00 -3.62325  4.69162e+11  4.69162e+11  4.69162e+11  7.05496e+08  7.05493e+08 -6.37154e+08
  300.00 -3.59920  2.39093e+11  2.39092e+11  2.39092e+11 -5.79427e+09 -5.79429e+09  5.69354e+09
  300.00 -3.57515  8.16064e+08  8.08393e+08  8.08390e+08  2.99194e+08  2.99194e+08 -2.87134e+08
  300.00 -3.55110  2.30872e+11  2.30869e+11  2.30869e+11  7.17863e+09  7.17866e+09 -6.99052e+09
  300.00 -3.52705  2.21755e+11  2.21756e+11  2.21756e+11 -7.66651e+09 -7.66650e+09  7.74520e+09
  300.00 -3.50301  8.52564e+09  8.52656e+09  8.52657e+09 -1.24858e+09 -1.24858e+09  1.26161e+09
  300.00 -3.47896  5.50293e+09  5.50193e+09  5.50192e+09 -5.82348e+08 -5.82346e+08  5.63286e+08
  300.00 -3.45491  4.20558e+10  4.20547e+10  4.20547e+10  1.54582e+09  1.54582e+09 -1.48483e+09
  300.00 -3.43086  1.80807e+11  1.80809e+11  1.80809e+11 -7.23368e+09 -7.23367e+09  7.34418e+09
  300.00 -3.40681  3.08279e+10  3.08300e+10  3.08300e+10 -3.52975e+09 -3.52974e+09  3.56798e+09
  300.00 -3.38277  1.74985e+10  1.74983e+10  1.74983e+10 -3.70435e+08 -3.70430e+08  3.49342e+08
  300.00 -3.35872  3.74080e+09  3.74088e+09  3.74088e+09  9.60037e+07  9.60068e+07 -1.01699e+08
  300.00 -3.33467  7.06108e+10  7.06116e+10  7.06117e+10 -9.67548e+09 -9.67548e+09  9.68777e+09
  300.00 -3.31062  1.14952e+11  1.14952e+11  1.14952e+11 -2.03324e+10 -2.03323e+10  2.03401e+10
  300.00 -3.28657  1.88324e+10  1.88327e+10  1.88327e+10  5.43697e+09  5.43696e+09 -5.43866e+09
  300.00 -3.26253  5.00271e+11  5.00271e+11  5.00271e+11 -1.56187e+10 -1.56187e+10  1.56150e+10
  300.00 -3.23848  3.83761e+11  3.83761e+11  3.83761e+11 -5.36949e+10 -5.36949e+10  5.36936e+10
  300.00 -3.21443  2.71638e+09  2.71635e+09  2.71635e+09 -2.65740e+09 -2.65740e+09  2.65738e+09
  300.00 -3.19038  1.12595e+11  1.12595e+11  1.12595e+11 -5.89711e+09 -5.89710e+09  5.89710e+09
  300.00 -3.16633  9.88461e+10  9.88461e+10  9.88461e+10 -9.75854e+09 -9.75853e+09  9.75829e+09
  300.00 -3.14228  2.53240e+10  2.53241e+10  2.53240e+10  2.23309e+09  2.23309e+09 -2.23338e+09
  300.00 -3.11824  1.18501e+10  1.18501e+10  1.18501e+10  3.55177e+09  3.55176e+09 -3.55212e+09
  300.00 -3.09419  1.25713e+10  1.25713e+10  1.25713e+10  2.32936e+09  2.32935e+09 -2.32986e+09
  300.00 -3.07014  1.07174e+10  1.07174e+10  1.07174e+10 -1.85479e+09 -1.85479e+09  1.85511e+09
  300.00 -3.04609  3.30585e+11  3.30585e+11  3.30585e+11 -1.61404e+10 -1.61404e+10  1.61397e+10
  300.00 -3.02204  8.45690e+11  8.45690e+11  8.45690e+11 -1.82397e+10 -1.82397e+10  1.82357e+10
  300.00 -2.99800  6.23263e+11  6.23263e+11  6.23263e+11  5.21222e+09  5.21230e+09 -5.21538e+09
  300.00 -2.97395  1.24011e+10  1.24012e+10  1.24012e+10  3.32520e+09  3.32522e+09 -3.32549e+09
  300.00 -2.94990  3.30624e+11  3.30624e+11  3.30624e+11 -3.37234e+10 -3.37234e+10  3.37241e+10
  300.00 -2.92585  4.91617e+11  4.91617e+11  4.91617e+11 -4.27625e+10 -4.27624e+10  4.27629e+10
  300.00 -2.90180  1.15882e+11  1.15882e+11  1.15882e+11 -2.01157e+10 -2.01157e+10  2.01158e+10
  300.00 -2.87776  1.12252e+10  1.12252e+10  1.12252e+10  4.54488e+09  4.54487e+09 -4.54489e+09
  300.00 -2.85371  1.02284e+11  1.02284e+11  1.02284e+11  8.29487e+08  8.29488e+08 -8.29504e+08
  300.00 -2.82966  4.44630e+10  4.44631e+10  4.44631e+10 -1.23427e+10 -1.23427e+10  1.23427e+10
  300.00 -2.80561  1.16439e+10  1.16439e+10  1.16439e+10  4.45209e+09  4.45208e+09 -4.45208e+09
  300.00 -2.78156  2.07541e+11  2.07541e+11  2.07541e+11  3.46149e+09  3.46146e+09 -3.46143e+09
  300.00 -2.75752  4.10771e+11  4.10771e+11  4.10771e+11 -1.04328e+10 -1.04328e+10  1.04328e+10
  300.00 -2.73347  6.45885e+10  6.45885e+10  6.45885e+10  2.45112e+09  2.45112e+09 -2.45112e+09
  300.00 -2.70942  4.31709e+11  4.31708e+11  4.31709e+11 -2.22662e+10 -2.22662e+10  2.22662e+10
  300.00 -2.68537  1.40105e+12  1.40105e+12  1.40106e+12  1.15718e+10  1.15719e+10 -1.15719e+10
  300.00 -2.66132  6.48775e+11  6.48775e+11  6.48775e+11  3.49987e+10  3.49987e+10 -3.49987e+10
  300.00 -2.63727  1.76255e+08  1.76255e+08  1.76255e+08  8.39904e+06  8.39927e+06 -8.39932e+06
  300.00 -2.61323  1.14378e+11  1.14378e+11  1.14378e+11  9.31156e+09  9.31159e+09 -9.31158e+09
  300.00 -2.58918  1.89549e+09  1.89549e+09  1.89550e+09  9.45291e+08  9.45295e+08 -9.45294e+08
  300.00 -2.56513  1.08415e+11  1.08415e+11  1.08415e+11 -2.25417e+09 -2.25417e+09  2.25420e+09
  300.00 -2.54108  2.83632e+10  2.83632e+10  2.83632e+10  1.81113e+09  1.81113e+09 -1.81110e+09
  300.00 -2.51703  1.28538e+11  1.28538e+11  1.28538e+11 -4.43058e+09 -4.43057e+09  4.43052e+09
  300.00 -2.49299  5.20615e+11  5.20615e+11  5.20615e+11 -1.38867e+10 -1.38866e+10  1.38866e+10
  300.00 -2.46894  5.79823e+11  5.79823e+11  5.79823e+11 -6.60786e+09 -6.60780e+09  6.60786e+09
  300.00 -2.44489  2.81022e+11  2.81022e+11  2.81022e+11  6.83272e+09  6.83274e+09 -6.83269e+09
  300.00 -2.42084  2.12892e+10  2.12892e+10  2.12891e+10  1.39223e+09  1.39222e+09 -1.39221e+09
  300.00 -2.39679  1.83867e+09  1.83867e+09  1.83868e+09  2.99917e+08  2.99918e+08 -2.99920e+08
  300.00 -2.37275  1.69238e+10  1.69238e+10  1.69239e+10  3.71317e+08  3.71319e+08 -3.71321e+08
  300.00 -2.34870  1.26164e+11  1.26164e+11  1.26164e+11 -5.06701e+09 -5.06698e+09  5.06699e+09
  300.00 -2.32465  2.23037e+11  2.23037e+11  2.23037e+11 -1.05403e+10 -1.05402e+10  1.05402e+10
  300.00 -2.30060  1.21538e+11  1.21538e+11  1.21538e+11 -1.15341e+10 -1.15340e+10  1.15341e+10
  300.00 -2.27655  2.76273e+09  2.76273e+09  2.76274e+09  1.36421e+09  1.36421e+09 -1.36422e+09
  300.00 -2.25251  5.90634e+10  5.90633e+10  5.90634e+10  3.13041e+09  3.13039e+09 -3.13054e+09
  300.00 -2.22846  2.47720e+10  2.47720e+10  2.47720e+10  4.10373e+09  4.10374e+09 -4.10356e+09
  300.00 -2.20441  2.52664e+11  2.52664e+11  2.52664e+11  1.78898e+10  1.78898e+10 -1.78890e+10
  300.00 -2.18036  7.22661e+10  7.22661e+10  7.22661e+10  8.88950e+08  8.88900e+08 -8.88430e+08
  300.00 -2.15631  9.71614e+09  9.71617e+09  9.71616e+09  3.45388e+09  3.45389e+09 -3.45401e+09
  300.00 -2.13226  7.61805e+09  7.61807e+09  7.61806e+09  2.85899e+09  2.85898e+09 -2.85903e+09
  300.00 -2.10822  7.18362e+08  7.18374e+08  7.18373e+08 -3.48612e+08 -3.48609e+08  3.48659e+08
  300.00 -2.08417  2.31577e+09  2.31582e+09  2.31582e+09 -6.30035e+08 -6.30031e+08  6.30382e+08
  300.00 -2.06012  7.81205e+10  7.81206e+10  7.81206e+10 -1.19261e+09 -1.19261e+09  1.19843e+09
  300.00 -2.03607  1.95093e+11  1.95092e+11  1.95092e+11  1.98924e+10  1.98923e+10 -1.98703e+10
  300.00 -2.01202  1.86277e+10  1.86242e+10  1.86243e+10  7.10229e+09  7.10229e+09 -7.08615e+09
  300.00 -1.98798  1.14058e+11  1.14057e+11  1.14057e+11 -4.16970e+09 -4.16971e+09  4.08224e+09
  300.00 -1.96393  3.78459e+11  3.78470e+11  3.78470e+11  2.16286e+10  2.16286e+10 -2.20177e+10
  300.00 -1.93988  4.08964e+11  4.09007e+11  4.09008e+11  3.43723e+10  3.43723e+10 -3.53363e+10
  300.00 -1.91583  3.63090e+11  3.63142e+11  3.63142e+11  1.40612e+10  1.40611e+10 -1.61438e+10
  300.00 -1.89178  4.23321e+11  4.23140e+11  4.23140e+11 -3.55931e+10 -3.55932e+10  3.06249e+10
  300.00 -1.86774  2.38460e+11  2.37722e+11  2.37722e+11 -4.66873e+10 -4.66874e+10  3.87351e+10
  300.00 -1.84369  7.53588e+09  6.78901e+09  6.78902e+09  4.19321e+09  4.19322e+09 -1.05548e+09
  300.00 -1.81964  3.37619e+11  3.36770e+11  3.36771e+11  3.60463e+10  3.60463e+10 -1.99572e+08
  300.00 -1.79559  5.44608e+11  5.43878e+11  5.43878e+11  5.03117e+10  5.03116e+10  1.61265e+10
  300.00 -1.77154  5.26176e+11  5.28413e+11  5.28413e+11 -4.88281e+08 -4.88338e+08  6.83305e+10
  300.00 -1.74749  2.21187e+11  2.23495e+11  2.23495e+11 -3.66107e+10 -3.66107e+10  6.10145e+10
  300.00 -1.72345  1.81776e+10  1.82753e+10  1.82754e+10 -6.30851e+09 -6.30851e+09  7.12865e+09
  300.00 -1.69940  1.64377e+10  1.68485e+10  1.68485e+10  6.93106e+09  6.93106e+09 -8.20443e+09
  300.00 -1.67535  8.88353e+10  9.01886e+10  9.01886e+10  2.14844e+10  2.14843e+10 -2.92563e+10
  300.00 -1.65130  2.02476e+11  2.01772e+11  2.01772e+11 -2.19765e+10 -2.19766e+10 -8.12285e+09
  300.00 -1.62725  2.89213e+11  2.85828e+11  2.85828e+11 -6.11358e+10 -6.11358e+10  1.45592e+10
  300.00 -1.60321  3.21195e+11  3.20480e+11  3.20480e+11 -3.13546e+10 -3.13545e+10 -7.49056e+09
  300.00 -1.57916  2.19371e+11  2.20011e+11  2.20011e+11  9.68538e+09  9.68547e+09 -2.50440e+10
  300.00 -1.55511  4.59784e+09  4.51789e+09  4.51789e+09 -3.81519e+09 -3.81520e+09  3.69658e+09
  300.00 -1.53106  1.08248e+12  1.08114e+12  1.08114e+12 -8.22190e+10 -8.22191e+10  4.31003e+10
  300.00 -1.50701  3.49995e+12  3.49695e+12  3.49695e+12 -1.59156e+11 -1.59156e+11  1.05744e+10
  300.00 -1.48297  3.59198e+12  3.59235e+12  3.59235e+12 -3.24307e+10 -3.24301e+10 -1.54135e+11
  300.00 -1.45892  1.90726e+12  1.91073e+12  1.91073e+12  1.42056e+11  1.42056e+11 -1.85706e+11
  300.00 -1.43487  6.08979e+11  6.06636e+11  6.06636e+11  9.04350e+10  9.04350e+10 -3.38890e+10
  300.00 -1.41082  8.67556e+10  8.62961e+10  8.62961e+10  1.71901e+10  1.71901e+10  1.27832e+10
  300.00 -1.38677  6.89797e+10  6.92306e+10  6.92306e+10  7.14180e+09  7.14179e+09  1.14693e+10
  300.00 -1.36273  1.06006e+11  1.06172e+11  1.06172e+11  3.20737e+09  3.20736e+09  9.53083e+09
  300.00 -1.33868  5.16457e+09  5.23394e+09  5.23394e+09  2.29526e+07  2.29487e+07  1.21162e+09
  300.00 -1.31463  1.16450e+11  1.16448e+11  1.16448e+11 -1.52545e+09 -1.52543e+09  1.19134e+09
  300.00 -1.29058  6.93802e+11  6.93854e+11  6.93854e+11 -2.78156e+09 -2.78152e+09  1.43819e+10
  300.00 -1.26653  1.58427e+12  1.58424e+12  1.58424e+12  1.70648e+10  1.70648e+10  2.21726e+10
  300.00 -1.24248  2.33069e+12  2.33052e+12  2.33052e+12  4.40482e+10  4.40482e+10  3.34498e+10
  300.00 -1.21844  2.46943e+12  2.46913e+12  2.46913e+12  6.20044e+10  6.20044e+10  3.69903e+10
  300.00 -1.19439  1.40502e+12  1.40469e+12  1.40469e+12  4.86409e+10  4.86409e+10  7.30860e+09
  300.00 -1.17034  3.03331e+11  3.03435e+11  3.03435e+11  7.01432e+09  7.01434e+09 -1.04421e+10
  300.00 -1.14629  2.28023e+10  2.27951e+10  2.27951e+10 -4.13888e+09 -4.13888e+09 -4.08817e+09
  300.00 -1.12224  1.05160e+10  9.85406e+09  9.85404e+09 -4.87444e+09 -4.87444e+09 -5.62572e+08
  300.00 -1.09820  6.05500e+10  5.98819e+10  5.98820e+10 -1.26969e+10 -1.26969e+10  1.98784e+09
  300.00 -1.07415  7.60705e+10  7.56156e+10  7.56156e+10 -1.36016e+10 -1.36016e+10  6.92372e+09
  300.00 -1.05010  5.41983e+09  5.15309e+09  5.15307e+09  2.74418e+09  2.74417e+09 -1.80347e+09
  300.00 -1.02605  3.33446e+11  3.33371e+11  3.33371e+11  1.67351e+10  1.67351e+10 -1.38472e+10
  300.00 -1.00200  5.73291e+11  5.73291e+11  5.73291e+11  4.70210e+09  4.70213e+09 -4.57094e+09
  300.00 -0.97796  4.02491e+11  4.02392e+11  4.02392e+11 -3.10373e+10 -3.10373e+10  2.80037e+10
  300.00 -0.95391  6.04585e+11  6.03476e+11  6.03476e+11 -1.43240e+11 -1.43240e+11  1.33961e+11
  300.00 -0.92986  1.62288e+12  1.61939e+12  1.61939e+12 -3.06256e+11 -3.06256e+11  2.72521e+11
  300.00 -0.90581  2.27197e+12  2.26789e+12  2.26789e+12 -1.79623e+11 -1.79623e+11  9.71298e+10
  300.00 -0.88176  1.07275e+12  1.07463e+12  1.07463e+12  2.69560e+10  2.69560e+10 -1.16357e+11
  300.00 -0.85772  6.94005e+09  1.12250e+10  1.12250e+10 -1.60441e+09 -1.60442e+09 -2.07268e+09
  300.00 -0.83367  6.29319e+11  6.26661e+11  6.26661e+11 -1.08912e+11 -1.08912e+11  8.79885e+10
  300.00 -0.80962  6.44269e+11  6.42130e+11  6.42130e+11 -7.19547e+10 -7.19547e+10  1.38141e+10
  300.00 -0.78557  2.96809e+10  2.97579e+10  2.97580e+10 -4.98832e+09 -4.98833e+09 -5.64455e+09
  300.00 -0.76152  7.90577e+10  7.96163e+10  7.96163e+10 -1.55552e+09 -1.55551e+09  1.35687e+10
  300.00 -0.73747  2.92052e+10  2.93562e+10  2.93562e+10  1.48398e+07  1.48424e+07  4.16788e+09
  300.00 -0.71343  6.63092e+08  5.62243e+08  5.62241e+08 -5.20152e+08 -5.20151e+08  3.49004e+08
  300.00 -0.68938  1.01160e+10  1.00604e+10  1.00604e+10 -2.79505e+09 -2.79505e+09  2.37903e+09
  300.00 -0.66533  9.30767e+10  9.30776e+10  9.30776e+10 -1.49822e+09 -1.49822e+09  1.63755e+09
  300.00 -0.64128  2.10655e+11  2.10612e+11  2.10612e+11  8.24534e+09  8.24532e+09 -5.74487e+09
  300.00 -0.61723  2.59862e+11  2.59811e+11  2.59811e+11  7.46130e+09  7.46128e+09 -1.06599e+09
  300.00 -0.59319  4.69262e+11  4.69299e+11  4.69299e+11  5.55649e+09  5.55648e+09  1.02308e+10
  300.00 -0.56914  6.06106e+11  6.06256e+11  6.06256e+11  6.25224e+09  6.25225e+09  2.07783e+10
  300.00 -0.54509  3.24723e+11  3.25228e+11  3.25228e+11 -6.00541e+09 -6.00542e+09  2.74660e+10
  300.00 -0.52104  5.16137e+10  5.21027e+10  5.21027e+10 -1.39034e+10 -1.39034e+10  1.73919e+10
  300.00 -0.49699  1.68861e+10  1.59990e+10  1.59990e+10  8.87802e+09  8.87802e+09 -6.11343e+09
  300.00 -0.47295  4.01025e+10  3.90574e+10  3.90574e+10  1.31179e+10  1.31178e+10 -4.56831e+09
  300.00 -0.44890  1.06598e+10  1.08141e+10  1.08141e+10  7.44143e+08  7.44132e+08  2.85219e+09
  300.00 -0.42485  8.85151e+10  8.85559e+10  8.85559e+10  9.02991e+08  9.02967e+08  5.20482e+09
  300.00 -0.40080  4.16488e+11  4.16326e+11  4.16326e+11  1.93728e+10  1.93728e+10 -1.27357e+10
  300.00 -0.37675  4.85121e+11  4.85094e+11  4.85094e+11  5.67304e+09  5.67307e+09 -3.35078e+09
  300.00 -0.35271  8.77189e+10  8.76344e+10  8.76345e+10 -2.18193e+10 -2.18193e+10  2.11369e+10
  300.00 -0.32866  9.63525e+09  9.20017e+09  9.20015e+09  4.43673e+09  4.43673e+09 -3.62110e+09
  300.00 -0.30461  7.21281e+09  6.31004e+09  6.31003e+09  1.10548e+08  1.10544e+08  7.96787e+08
  300.00 -0.28056  1.47783e+10  1.32888e+10  1.32888e+10 -1.38734e+10 -1.38734e+10  1.28106e+10
  300.00 -0.25651  2.07282e+09  1.66095e+09  1.66094e+09 -1.81651e+09 -1.81650e+09  1.53637e+09
  300.00 -0.23246  9.17058e+08  8.69174e+08  8.69180e+08 -8.91272e+08 -8.91275e+08  8.68931e+08
  300.00 -0.20842  3.01592e+09  2.71740e+09  2.71741e+09 -1.96332e+09 -1.96333e+09  1.12644e+09
  300.00 -0.18437  1.56258e+10  1.54595e+10  1.54595e+10 -3.11928e+09 -3.11928e+09  4.64710e+08
  300.00 -0.16032  3.28614e+09  2.99078e+09  2.99077e+09 -2.67028e+09 -2.67027e+09  2.20706e+09
  300.00 -0.13627  2.30613e+10  2.29149e+10  2.29149e+10  7.84854e+09  7.84851e+09 -7.00238e+09
  300.00 -0.11222  2.05999e+09  2.06287e+09  2.06287e+09  1.63840e+08  1.63835e+08 -2.21894e+08
  300.00 -0.08818  1.28910e+11  1.28804e+11  1.28804e+11  1.86876e+10  1.86876e+10 -1.70560e+10
  300.00 -0.06413  1.19646e+11  1.19605e+11  1.19605e+11  1.57192e+10  1.57192e+10 -1.49190e+10
  300.00 -0.04008  3.35418e+10  3.35625e+10  3.35625e+10 -2.35732e+09 -2.35732e+09  2.88819e+09
  300.00 -0.01603  6.17383e+11  6.17364e+11  6.17364e+11  1.20183e+10  1.20182e+10 -7.28931e+09
  300.00  0.00802  1.63982e+12  1.63978e+12  1.63978e+12  3.42642e+10  3.42642e+10 -2.71210e+10
  300.00  0.03206  2.24189e+12  2.24187e+12  2.24187e+12  3.03421e+10  3.03421e+10 -2.45113e+10
  300.00  0.05611  2.27725e+12  2.27725e+12  2.27725e+12  1.54973e+10  1.54974e+10 -1.19450e+10
  300.00  0.08016  2.27693e+12  2.27694e+12  2.27694e+12  1.90605e+09  1.90590e+09  8.60444e+07
  300.00  0.10421  1.46418e+12  1.46418e+12  1.46418e+12  3.96880e+09  3.96873e+09 -3.08472e+09
  300.00  0.12826  1.30792e+11  1.30791e+11  1.30791e+11  3.79936e+09  3.79942e+09 -3.66004e+09
  300.00  0.15230  1.78606e+11  1.78606e+11  1.78606e+11 -3.16389e+09 -3.16398e+09  3.09111e+09
  300.00  0.17635  5.36760e+11  5.36760e+11  5.36760e+11 -2.67172e+09 -2.67170e+09  2.61955e+09
  300.00  0.20040  5.43587e+11  5.43587e+11  5.43587e+11 -3.37482e+09 -3.37448e+09  3.35330e+09
  300.00  0.22445  3.69237e+11  3.69237e+11  3.69236e+11  4.81754e+09  4.81786e+09 -4.82508e+09
  300.00  0.24850  5.34834e+11  5.34834e+11  5.34833e+11  3.12506e+10  3.12506e+10 -3.12542e+10
  300.00  0.27255  9.86239e+11  9.86240e+11  9.86240e+11  4.14312e+10  4.14308e+10 -4.14326e+10
  300.00  0.29659  9.54726e+11  9.54726e+11  9.54726e+11 -4.10241e+10 -4.10243e+10  4.10236e+10
  300.00  0.32064  3.41321e+11  3.41321e+11  3.41321e+11 -6.50209e+10 -6.50210e+10  6.50208e+10
  300.00  0.34469  3.41639e+10  3.41638e+10  3.41638e+10 -1.86973e+10 -1.86973e+10  1.86973e+10
  300.00  0.36874  1.59256e+11  1.59256e+11  1.59256e+11 -2.15799e+10 -2.15799e+10  2.15800e+10
  300.00  0.39279  1.01351e+12  1.01351e+12  1.01351e+12  1.93182e+09  1.93161e+09 -1.93136e+09
  300.00  0.41683  1.45385e+12  1.45385e+12  1.45385e+12  6.83075e+10  6.83075e+10 -6.83076e+10
  300.00  0.44088  8.27720e+11  8.27720e+11  8.27720e+11  4.93704e+10  4.93707e+10 -4.93710e+10
  300.00  0.46493  4.18536e+11  4.18536e+11  4.18536e+11  1.38506e+10  1.38508e+10 -1.38510e+10
  300.00  0.48898  1.52051e+11  1.52051e+11  1.52051e+11  1.29104e+10  1.29105e+10 -1.29105e+10
  300.00  0.51303  2.10905e+10  2.10905e+10  2.10905e+10 -1.22550e+10 -1.22549e+10  1.22549e+10
  300.00  0.53707  4.20817e+11  4.20817e+11  4.20817e+11 -1.12493e+11 -1.12493e+11  1.12493e+11
  300.00  0.56112  1.03246e+12  1.03246e+12  1.03246e+12 -2.12259e+11 -2.12258e+11  2.12259e+11
  300.00  0.58517  1.88126e+12  1.88126e+12  1.88126e+12 -3.37511e+10 -3.37512e+10  3.37513e+10
  300.00  0.60922  2.65074e+12  2.65074e+12  2.65074e+12  3.23238e+11  3.23238e+11 -3.23238e+11
  300.00  0.63327  2.96101e+12  2.96101e+12  2.96101e+12  4.03822e+11  4.03822e+11 -4.03823e+11
  300.00  0.65731  3.04238e+12  3.04238e+12  3.04238e+12  2.02558e+11  2.02559e+11 -2.02559e+11
  300.00  0.68136  2.57468e+12  2.57468e+12  2.57468e+12  3.30374e+10  3.30377e+10 -3.30377e+10
  300.00  0.70541  1.21315e+12  1.21315e+12  1.21315e+12  3.60825e+10  3.60827e+10 -3.60827e+10
  300.00  0.72946  1.01152e+11  1.01152e+11  1.01152e+11  2.37495e+10  2.37495e+10 -2.37495e+10
  300.00  0.75351  1.55745e+11  1.55744e+11  1.55744e+11 -1.76401e+09 -1.76400e+09  1.76393e+09
  300.00  0.77756  1.96118e+11  1.96118e+11  1.96118e+11  4.65785e+10  4.65786e+10 -4.65787e+10
  300.00  0.80160  7.88535e+10  7.88535e+10  7.88535e+10 -3.68212e+10 -3.68212e+10  3.68213e+10
  300.00  0.82565  1.18273e+12  1.18273e+12  1.18273e+12 -6.45421e+10 -6.45422e+10  6.45422e+10
  300.00  0.84970  1.61159e+12  1.61159e+12  1.61159e+12  1.34409e+09  1.34411e+09 -1.34414e+09
  300.00  0.87375  1.34708e+11  1.34708e+11  1.34708e+11  6.62472e+09  6.62478e+09 -6.62480e+09
  300.00  0.89780  1.09970e+12  1.09970e+12  1.09970e+12  3.10621e+10  3.10621e+10 -3.10619e+10
  300.00  0.92184  3.35824e+12  3.35824e+12  3.35824e+12  7.16705e+10  7.16707e+10 -7.16704e+10
  300.00  0.94589  3.79920e+12  3.79920e+12  3.79920e+12 -7.84391e+10 -7.84389e+10  7.84389e+10
  300.00  0.96994  2.60175e+12  2.60175e+12  2.60175e+12 -2.01263e+11 -2.01263e+11  2.01263e+11
  300.00  0.99399  1.14750e+12  1.14750e+12  1.14750e+12 -1.37317e+11 -1.37317e+11  1.37317e+11
  300.00  1.01804  5.86180e+11  5.86180e+11  5.86180e+11 -5.05308e+10 -5.05306e+10  5.05306e+10
  300.00  1.04208  7.81482e+11  7.81482e+11  7.81482e+11 -3.09452e+10 -3.09451e+10  3.09451e+10
  300.00  1.06613  1.82245e+12  1.82245e+12  1.82245e+12 -6.38894e+10 -6.38894e+10  6.38892e+10
  300.00  1.09018  3.81300e+12  3.81300e+12  3.81301e+12 -9.30953e+10 -9.30953e+10  9.30951e+10
  300.00  1.11423  5.22626e+12  5.22626e+12  5.22626e+12 -7.96288e+10 -7.96289e+10  7.96288e+10
  300.00  1.13828  4.77380e+12  4.77380e+12  4.77380e+12 -2.51032e+10 -2.51036e+10  2.51039e+10
  300.00  1.16232  2.63133e+12  2.63133e+12  2.63133e+12  2.03334e+10  2.03327e+10 -2.03325e+10
  300.00  1.18637  3.36690e+11  3.36690e+11  3.36690e+11  3.88883e+10  3.88880e+10 -3.88880e+10
  300.00  1.21042  5.19914e+11  5.19915e+11  5.19915e+11 -9.22142e+10 -9.22142e+10  9.22143e+10
  300.00  1.23447  3.72412e+12  3.72412e+12  3.72412e+12 -3.63578e+10 -3.63583e+10  3.63585e+10
  300.00  1.25852  6.64824e+12  6.64824e+12  6.64824e+12  4.10304e+11  4.10304e+11 -4.10304e+11
  300.00  1.28257  5.72290e+12  5.72290e+12  5.72290e+12  4.03222e+11  4.03222e+11 -4.03222e+11
  300.00  1.30661  2.73360e+12  2.73360e+12  2.73360e+12 -7.33529e+10 -7.33528e+10  7.33527e+10
  300.00  1.33066  8.45389e+11  8.45389e+11  8.45389e+11 -2.40069e+11 -2.40068e+11  2.40069e+11
  300.00  1.35471  4.73439e+11  4.73438e+11  4.73438e+11 -2.05696e+11 -2.05696e+11  2.05696e+11
  300.00  1.37876  5.07843e+11  5.07843e+11  5.07842e+11 -1.93212e+11 -1.93212e+11  1.93212e+11
  300.00  1.40281  1.79408e+11  1.79408e+11  1.79408e+11 -5.77412e+10 -5.77413e+10  5.77413e+10
  300.00  1.42685  2.70592e+10  2.70593e+10  2.70592e+10 -2.57463e+10 -2.57463e+10  2.57463e+10
  300.00  1.45090  1.15644e+11  1.15644e+11  1.15644e+11 -3.14384e+10 -3.14383e+10  3.14383e+10
  300.00  1.47495  9.12793e+11  9.12793e+11  9.12793e+11  3.48186e+11  3.48186e+11 -3.48186e+11
  300.00  1.49900  2.70746e+12  2.70746e+12  2.70746e+12  1.77438e+11  1.77438e+11 -1.77438e+11
  300.00  1.52305  2.19697e+12  2.19697e+12  2.19697e+12 -6.16794e+11 -6.16794e+11  6.16794e+11
  300.00  1.54709  3.17507e+11  3.17508e+11  3.17508e+11 -1.99123e+11 -1.99123e+11  1.99123e+11
  300.00  1.57114  2.28051e+12  2.28051e+12  2.28051e+12  7.29018e+11  7.29019e+11 -7.29019e+11
  300.00  1.59519  3.44703e+12  3.44703e+12  3.44703e+12  1.70368e+11  1.70368e+11 -1.70368e+11
  300.00  1.61924  1.81933e+12  1.81933e+12  1.81933e+12 -2.25546e+11 -2.25545e+11  2.25546e+11
  300.00  1.64329  3.67070e+11  3.67070e+11  3.67070e+11 -1.15645e+11 -1.15645e+11  1.15645e+11
  300.00  1.66733  9.18555e+09  9.18555e+09  9.18555e+09 -1.35611e+09 -1.35611e+09  1.35611e+09
  300.00  1.69138  2.28460e+10  2.28460e+10  2.28460e+10 -1.37649e+10 -1.37649e+10  1.37649e+10
  300.00  1.71543  4.12141e+10  4.12140e+10  4.12140e+10  1.35698e+10  1.35698e+10 -1.35698e+10
  300.00  1.73948  3.14297e+11  3.14297e+11  3.14297e+11 -3.14268e+11 -3.14268e+11  3.14268e+11
  300.00  1.76353  7.32655e+11  7.32655e+11  7.32655e+11 -3.61641e+11 -3.61642e+11  3.61641e+11
  300.00  1.78758  1.15818e+12  1.15818e+12  1.15818e+12  2.11417e+11  2.11417e+11 -2.11417e+11
  300.00  1.81162  1.53703e+12  1.53703e+12  1.53703e+12  4.75893e+11  4.75893e+11 -4.75893e+11
  300.00  1.83567  1.53525e+12  1.53525e+12  1.53525e+12  2.56640e+11  2.56640e+11 -2.56639e+11
  300.00  1.85972  7.60244e+11  7.60243e+11  7.60243e+11 -1.39206e+10 -1.39206e+10  1.39208e+10
  300.00  1.88377  2.24842e+09  2.24843e+09  2.24842e+09 -4.23037e+07 -4.23054e+07  4.22943e+07
  300.00  1.90782  5.55908e+11  5.55908e+11  5.55908e+11  2.53517e+10  2.53517e+10 -2.53518e+10
  300.00  1.93186  6.36200e+11  6.36200e+11  6.36200e+11  3.71157e+10  3.71157e+10 -3.71158e+10
  300.00  1.95591  1.89983e+11  1.89983e+11  1.89983e+11  4.57555e+10  4.57554e+10 -4.57555e+10
  300.00  1.97996  1.57783e+10  1.57783e+10  1.57782e+10 -1.31150e+10 -1.31150e+10  1.31150e+10
  300.00  2.00401  4.33096e+10  4.33095e+10  4.33095e+10 -2.14116e+10 -2.14116e+10  2.14116e+10
  300.00  2.02806  2.66870e+10  2.66870e+10  2.66870e+10 -4.15297e+09 -4.15298e+09  4.15302e+09
  300.00  2.05210  1.58831e+11  1.58831e+11  1.58831e+11 -1.10663e+10 -1.10662e+10  1.10663e+10
  300.00  2.07615  3.03610e+10  3.03610e+10  3.03610e+10 -2.81309e+10 -2.81309e+10  2.81309e+10
  300.00  2.10020  1.27869e+12  1.27869e+12  1.27869e+12 -3.14654e+11 -3.14654e+11  3.14654e+11
  300.00  2.12425  1.60381e+12  1.60381e+12  1.60381e+12 -1.16041e+11 -1.16041e+11  1.16041e+11
  300.00  2.14830  1.03385e+11  1.03385e+11  1.03385e+11  1.05333e+10  1.05333e+10 -1.05333e+10
  300.00  2.17234  1.01407e+12  1.01407e+12  1.01407e+12  5.58581e+10  5.58579e+10 -5.58581e+10
  300.00  2.19639  4.62841e+12  4.62841e+12  4.62841e+12  1.74095e+11  1.74095e+11 -1.74095e+11
  300.00  2.22044  6.29301e+12  6.29301e+12  6.29301e+12 -4.21192e+11 -4.21192e+11  4.21192e+11
  300.00  2.24449  2.22917e+12  2.22917e+12  2.22917e+12 -7.27446e+11 -7.27446e+11  7.27446e+11
  300.00  2.26854  1.85279e+11  1.85279e+11  1.85279e+11  8.12401e+10  8.12401e+10 -8.12402e+10
  300.00  2.29259  2.41905e+12  2.41905e+12  2.41905e+12  3.13480e+11  3.13480e+11 -3.13480e+11
  300.00  2.31663  5.38578e+12  5.38578e+12  5.38578e+12 -1.42955e+11 -1.42955e+11  1.42955e+11
  300.00  2.34068  6.22153e+12  6.22153e+12  6.22153e+12 -7.94712e+11 -7.94712e+11  7.94713e+11
  300.00  2.36473  3.74552e+12  3.74552e+12  3.74552e+12 -6.07099e+11 -6.07099e+11  6.07099e+11
  300.00  2.38878  1.06692e+12  1.06692e+12  1.06692e+12 -7.03678e+10 -7.03677e+10  7.03678e+10
  300.00  2.41283  2.86034e+11  2.86034e+11  2.86034e+11  5.03055e+10  5.03055e+10 -5.03055e+10
  300.00  2.43687  2.51780e+11  2.51780e+11  2.51780e+11  7.37045e+10  7.37044e+10 -7.37045e+10
  300.00  2.46092  2.71809e+10  2.71809e+10  2.71809e+10 -1.77351e+10 -1.77351e+10  1.77351e+10
  300.00  2.48497  2.01657e+12  2.01657e+12  2.01657e+12 -3.23054e+11 -3.23054e+11  3.23054e+11
  300.00  2.50902  7.84851e+12  7.84851e+12  7.84851e+12 -1.65810e+11 -1.65810e+11  1.65810e+11
  300.00  2.53307  1.07365e+13  1.07365e+13  1.07365e+13  3.04884e+11  3.04883e+11 -3.04883e+11
  300.00  2.55711  7.68348e+12  7.68348e+12  7.68348e+12  2.52824e+11  2.52824e+11 -2.52824e+11
  300.00  2.58116  2.51686e+12  2.51686e+12  2.51686e+12 -2.60393e+10 -2.60394e+10  2.60393e+10
  300.00  2.60521  1.16777e+10  1.16777e+10  1.16777e+10 -1.16354e+10 -1.16354e+10  1.16354e+10
  300.00  2.62926  1.21116e+12  1.21116e+12  1.21116e+12  8.98266e+10  8.98265e+10 -8.98265e+10
  300.00  2.65331  1.43922e+12  1.43922e+12  1.43922e+12 -1.50468e+11 -1.50468e+11  1.50468e+11
  300.00  2.67735  3.27171e+11  3.27171e+11  3.27171e+11 -1.86250e+11 -1.86250e+11  1.86250e+11
  300.00  2.70140  6.70592e+10  6.70592e+10  6.70592e+10 -5.71909e+10 -5.71910e+10  5.71910e+10
  300.00  2.72545  1.40534e+11  1.40534e+11  1.40534e+11 -9.72899e+10 -9.72899e+10  9.72898e+10
  300.00  2.74950  1.08911e+12  1.08911e+12  1.08911e+12 -4.53176e+10 -4.53177e+10  4.53175e+10
  300.00  2.77355  1.85746e+12  1.85746e+12  1.85746e+12  1.87292e+11  1.87293e+11 -1.87292e+11
  300.00  2.79760  3.91148e+11  3.91148e+11  3.91148e+11  1.32772e+11  1.32772e+11 -1.32772e+11
  300.00  2.82164  5.52454e+11  5.52454e+11  5.52454e+11 -2.37243e+11 -2.37244e+11  2.37243e+11
  300.00  2.84569  2.30477e+12  2.30477e+12  2.30477e+12 -5.28739e+11 -5.28740e+11  5.28739e+11
  300.00  2.86974  1.58034e+12  1.58034e+12  1.58035e+12 -2.90169e+11 -2.90169e+11  2.90169e+11
  300.00  2.89379  7.27874e+10  7.27874e+10  7.27875e+10  1.39410e+10  1.39411e+10 -1.39411e+10
  300.00  2.91784  8.70215e+11  8.70215e+11  8.70215e+11 -2.05204e+11 -2.05204e+11  2.05204e+11
  300.00  2.94188  3.94958e+12  3.94958e+12  3.94959e+12 -4.49445e+11 -4.49445e+11  4.49445e+11
  300.00  2.96593  5.10324e+12  5.10324e+12  5.10324e+12 -3.59659e+11 -3.59659e+11  3.59659e+11
  300.00  2.98998  1.65411e+12  1.65411e+12  1.65411e+12 -1.19916e+11 -1.19916e+11  1.19916e+11
  300.00  3.01403  3.50170e+10  3.50171e+10  3.50170e+10  1.31529e+10  1.31529e+10 -1.31529e+10
  300.00  3.03808  7.18664e+11  7.18664e+11  7.18664e+11  1.12832e+10  1.12832e+10 -1.12830e+10
  300.00  3.06212  4.92201e+11  4.92201e+11  4.92201e+11 -1.66975e+11 -1.66975e+11  1.66975e+11
  300.00  3.08617  6.89398e+10  6.89398e+10  6.89398e+10 -6.75838e+10 -6.75838e+10  6.75838e+10
  300.00  3.11022  3.86991e+11  3.86991e+11  3.86991e+11 -1.39302e+10 -1.39302e+10  1.39302e+10
  300.00  3.13427  1.32622e+12  1.32622e+12  1.32622e+12 -2.43932e+11 -2.43932e+11  2.43932e+11
  300.00  3.15832  5.61543e+11  5.61543e+11  5.61543e+11 -1.26764e+11 -1.26764e+11  1.26764e+11
  300.00  3.18236  5.46431e+10  5.46432e+10  5.46432e+10  2.32356e+10  2.32356e+10 -2.32356e+10
  300.00  3.20641  6.03788e+11  6.03788e+11  6.03788e+11  2.98768e+11  2.98768e+11 -2.98768e+11
  300.00  3.23046  2.41843e+11  2.41843e+11  2.41843e+11  1.07376e+11  1.07376e+11 -1.07377e+11
  300.00  3.25451  1.49155e+11  1.49155e+11  1.49155e+11  7.26507e+10  7.26507e+10 -7.26507e+10
  300.00  3.27856  5.13973e+11  5.13973e+11  5.13973e+11  1.74288e+11  1.74288e+11 -1.74288e+11
  300.00  3.30261  3.00718e+11  3.00718e+11  3.00718e+11 -2.51163e+11 -2.51163e+11  2.51163e+11
  300.00  3.32665  4.98285e+11  4.98286e+11  4.98286e+11 -3.59673e+11 -3.59673e+11  3.59673e+11
  300.00  3.35070  6.15168e+11  6.15168e+11  6.15168e+11 -4.00046e+11 -4.00046e+11  4.00046e+11
  300.00  3.37475  6.29853e+11  6.29853e+11  6.29853e+11 -3.70418e+11 -3.70418e+11  3.70418e+11
  300.00  3.39880  1.41418e+12  1.41418e+12  1.41418e+12  6.71459e+10  6.71458e+10 -6.71457e+10
  300.00  3.42285  2.99333e+12  2.99333e+12  2.99332e+12  9.20212e+11  9.20211e+11 -9.20211e+11
  300.00  3.44689  1.74665e+12  1.74665e+12  1.74665e+12  7.36380e+11  7.36380e+11 -7.36380e+11
  300.00  3.47094  4.60884e+10  4.60884e+10  4.60884e+10  3.52144e+09  3.52146e+09 -3.52147e+09
  300.00  3.49499  6.02894e+11  6.02894e+11  6.02894e+11  5.36950e+10  5.36949e+10 -5.36949e+10
  300.00  3.51904  1.14500e+12  1.14500e+12  1.14500e+12 -5.69237e+10 -5.69236e+10  5.69235e+10
  300.00  3.54309  7.57392e+11  7.57392e+11  7.57392e+11 -3.14469e+11 -3.14469e+11  3.14468e+11
  300.00  3.56713  2.08920e+11  2.08920e+11  2.08920e+11 -1.94849e+11 -1.94849e+11  1.94849e+11
  300.00  3.59118  6.18950e+10  6.18950e+10  6.18950e+10  5.50090e+09  5.50092e+09 -5.50091e+09
  300.00  3.61523  2.90006e+11  2.90006e+11  2.90006e+11  8.01857e+10  8.01858e+10 -8.01859e+10
  300.00  3.63928  2.98721e+11  2.98721e+11  2.98721e+11  1.17622e+10  1.17622e+10 -1.17623e+10
  300.00  3.66333  1.72124e+10  1.72124e+10  1.72124e+10 -4.63602e+09 -4.63599e+09  4.63600e+09
  300.00  3.68737  5.20299e+11  5.20299e+11  5.20299e+11  2.07795e+11  2.07795e+11 -2.07795e+11
  300.00  3.71142  2.01708e+12  2.01708e+12  2.01708e+12  2.76771e+11  2.76771e+11 -2.76771e+11
  300.00  3.73547  2.32205e+12  2.32205e+12  2.32205e+12 -3.46911e+11 -3.46911e+11  3.46911e+11
  300.00  3.75952  4.61869e+11  4.61869e+11  4.61869e+11 -3.31796e+11 -3.31796e+11  3.31796e+11
  300.00  3.78357  3.98912e+11  3.98912e+11  3.98912e+11  1.51928e+11  1.51928e+11 -1.51928e+11
  300.00  3.80762  1.86688e+12  1.86688e+12  1.86688e+12 -2.81543e+11 -2.81543e+11  2.81543e+11
  300.00  3.83166  2.61716e+12  2.61716e+12  2.61716e+12 -1.14922e+12 -1.14922e+12  1.14922e+12
  300.00  3.85571  1.74013e+12  1.74013e+12  1.74013e+12 -1.01560e+12 -1.01560e+12  1.01560e+12
  300.00  3.87976  8.20586e+10  8.20586e+10  8.20586e+10 -1.35214e+10 -1.35214e+10  1.35214e+10
  300.00  3.90381  3.41998e+12  3.41998e+12  3.41998e+12  3.72874e+11  3.72874e+11 -3.72874e+11
  300.00  3.92786  5.22323e+12  5.22323e+12  5.22323e+12  4.29064e+11  4.29065e+11 -4.29065e+11
  300.00  3.95190  1.15018e+12  1.15018e+12  1.15018e+12  4.97295e+10  4.97294e+10 -4.97294e+10
  300.00  3.97595  6.32690e+11  6.32691e+11  6.32690e+11  1.49399e+11  1.49399e+11 -1.49399e+11
  300.00  4.00000  4.63872e+12  4.63872e+12  4.63872e+12  9.38781e+11  9.38782e+11 -9.38781e+11
