  300.00 -8.00000  5.95058e-05  5.95058e-05  5.95058e-05 -4.74992e-06 -4.74995e-06  4.74993e-06
  300.00 -7.97595  5.33947e-05  5.33947e-05  5.33947e-05 -8.20379e-06 -8.20381e-06  8.20380e-06
  300.00 -7.95190  2.14132e-05  2.14132e-05  2.14132e-05 -7.17182e-06 -7.17182e-06  7.17182e-06
  300.00 -7.92786 -2.76109e-05 -2.76109e-05 -2.76109e-05 -4.51442e-07 -4.51424e-07  4.51435e-07
  300.00 -7.90381 -3.87994e-05 -3.87994e-05 -3.87993e-05  3.92983e-06  3.92984e-06 -3.92984e-06
  300.00 -7.87976 -1.70177e-05 -1.70177e-05 -1.70177e-05  4.28110e-06  4.28110e-06 -4.28111e-06
  300.00 -7.85571  1.04321e-05  1.04321e-05  1.04321e-05  2.15432e-06  2.15431e-06 -2.15433e-06
  300.00 -7.83166  1.77354e-05  1.77354e-05  1.77354e-05 -3.94279e-06 -3.94279e-06  3.94279e-06
  300.00 -7.80762 -8.29275e-06 -8.29271e-06 -8.29275e-06 -1.12945e-05 -1.12945e-05  1.12945e-05
  300.00 -7.78357 -3.90445e-05 -3.90445e-05 -3.90445e-05 -9.27109e-06 -9.27109e-06  9.27111e-06
  300.00 -7.75952 -6.35098e-05 -6.35098e-05 -6.35098e-05  1.59690e-06  1.59691e-06 -1.59690e-06
  300.00 -7.73547 -6.83730e-05 -6.83730e-05 -6.83730e-05  8.15396e-06  8.15397e-06 -8.15397e-06
  300.00 -7.71142 -4.81012e-05 -4.81012e-05 -4.81012e-05  7.11965e-06  7.11965e-06 -7.11965e-06
  300.00 -7.68737 -1.72759e-05 -1.72759e-05 -1.72759e-05  3.81990e-06  3.81990e-06 -3.81990e-06
  300.00 -7.66333  1.23585e-05  1.23585e-05  1.23585e-05  6.87311e-07  6.87302e-07 -6.87307e-07
  300.00 -7.63928  2.45815e-05  2.45815e-05  2.45815e-05 -1.74518e-06 -1.74518e-06  1.74517e-06
  300.00 -7.61523  1.68519e-05  1.68520e-05  1.68520e-05 -8.64128e-07 -8.64124e-07  8.64120e-07
  300.00 -7.59118  1.68366e-05  1.68366e-05  1.68366e-05  3.17753e-06  3.17753e-06 -3.17753e-06
  300.00 -7.56713  3.92630e-05  3.92630e-05  3.92630e-05  5.79333e-06  5.79333e-06 -5.79333e-06
  300.00 -7.54309  6.50827e-05  6.50827e-05  6.50827e-05  4.58368e-06  4.58368e-06 -4.58367e-06
  300.00 -7.51904  6.01743e-05  6.01743e-05  6.01743e-05 -3.60768e-06 -3.60767e-06  3.60768e-06
  300.00 -7.49499  5.32081e-06  5.32081e-06  5.32079e-06 -1.18291e-05 -1.18291e-05  1.18291e-05
  300.00 -7.47094 -4.09374e-05 -4.09374e-05 -4.09374e-05 -5.59860e-06 -5.59859e-06  5.59859e-06
  300.00 -7.44689 -4.26348e-05 -4.26348e-05 -4.26348e-05  3.13119e-06  3.13119e-06 -3.13119e-06
  300.00 -7.42285 -2.34781e-05 -2.34780e-05 -2.34780e-05  5.64856e-06  5.64856e-06 -5.64856e-06
  300.00 -7.39880 -1.60030e-06 -1.60031e-06 -1.60030e-06  3.45414e-06  3.45414e-06 -3.45414e-06
  300.00 -7.37475  1.29771e-05  1.29771e-05  1.29771e-05 -4.81784e-07 -4.81787e-07  4.81780e-07
  300.00 -7.35070  6.64908e-06  6.64910e-06  6.64910e-06 -4.16904e-06 -4.16904e-06  4.16903e-06
  300.00 -7.32665 -2.21526e-05 -2.21526e-05 -2.21526e-05 -6.30577e-06 -6.30577e-06  6.30577e-06
  300.00 -7.30261 -4.82500e-05 -4.82500e-05 -4.82500e-05 -5.07543e-06 -5.07543e-06  5.07543e-06
  300.00 -7.27856 -5.79038e-05 -5.79038e-05 -5.79038e-05 -4.75818e-07 -4.75819e-07  4.75820e-07
  300.00 -7.25451 -5.02698e-05 -5.02698e-05 -5.02698e-05  3.42302e-06  3.42301e-06 -3.42301e-06
  300.00 -7.23046 -2.47536e-05 -2.47536e-05 -2.47536e-05  4.09346e-06  4.09346e-06 -4.09346e-06
  300.00 -7.20641  6.33890e-06  6.33887e-06  6.33890e-06  2.93756e-06  2.93756e-06 -2.93755e-06
  300.00 -7.18236  2.62618e-05  2.62618e-05  2.62619e-05  1.11852e-06  1.11852e-06 -1.11852e-06
  300.00 -7.15832  2.79042e-05  2.79042e-05  2.79042e-05 -4.04649e-07 -4.04653e-07  4.04651e-07
  300.00 -7.13427  1.94537e-05  1.94537e-05  1.94537e-05 -8.85283e-07 -8.85289e-07  8.85290e-07
  300.00 -7.11022  8.39549e-06  8.39550e-06  8.39550e-06 -4.84028e-07 -4.84030e-07  4.84035e-07
  300.00 -7.08617  4.06197e-06  4.06198e-06  4.06198e-06  3.60948e-07  3.60951e-07 -3.60946e-07
  300.00 -7.06212 -2.40121e-06 -2.40119e-06 -2.40120e-06  7.07862e-07  7.07871e-07 -7.07875e-07
  300.00 -7.03808 -2.05927e-05 -2.05927e-05 -2.05927e-05  4.01783e-07  4.01790e-07 -4.01797e-07
  300.00 -7.01403 -2.95478e-05 -2.95478e-05 -2.95478e-05 -3.47004e-07 -3.47004e-07  3.47000e-07
  300.00 -6.98998 -1.21723e-05 -1.21723e-05 -1.21723e-05 -9.59110e-07 -9.59113e-07  9.59113e-07
  300.00 -6.96593  1.93448e-05  1.93448e-05  1.93448e-05 -9.29565e-07 -9.29570e-07  9.29571e-07
  300.00 -6.94188  3.47266e-05  3.47266e-05  3.47266e-05 -3.69901e-07 -3.69905e-07  3.69906e-07
  300.00 -6.91784  7.04503e-06  7.04504e-06  7.04505e-06  3.84923e-07  3.84924e-07 -3.84924e-07
  300.00 -6.89379 -2.62562e-05 -2.62562e-05 -2.62561e-05 -3.93702e-08 -3.93680e-08  3.93673e-08
  300.00 -6.86974 -2.37042e-05 -2.37042e-05 -2.37042e-05 -8.81158e-07 -8.81159e-07  8.81160e-07
  300.00 -6.84569 -4.51427e-06 -4.51427e-06 -4.51428e-06 -7.51323e-07 -7.51326e-07  7.51327e-07
  300.00 -6.82164  9.20211e-06  9.20211e-06  9.20210e-06 -1.55718e-07 -1.55722e-07  1.55721e-07
  300.00 -6.79760  1.11327e-06  1.11328e-06  1.11327e-06 -5.48387e-08 -5.48406e-08  5.48371e-08
  300.00 -6.77355 -3.30403e-05 -3.30403e-05 -3.30403e-05  3.63889e-07  3.63891e-07 -3.63894e-07
  300.00 -6.74950 -5.63344e-05 -5.63344e-05 -5.63344e-05  9.77367e-07  9.77371e-07 -9.77372e-07
  300.00 -6.72545 -4.69152e-05 -4.69152e-05 -4.69152e-05  1.56096e-06  1.56097e-06 -1.56096e-06
  300.00 -6.70140 -2.04777e-05 -2.04777e-05 -2.04777e-05  1.82138e-06  1.82138e-06 -1.82138e-06
  300.00 -6.67735  1.17381e-05  1.17381e-05  1.17381e-05  9.92126e-07  9.92127e-07 -9.92124e-07
  300.00 -6.65331  4.18270e-05  4.18270e-05  4.18270e-05 -3.38087e-07 -3.38090e-07  3.38091e-07
  300.00 -6.62926  5.60025e-05  5.60025e-05  5.60025e-05 -1.38544e-06 -1.38545e-06  1.38544e-06
  300.00 -6.60521  3.99647e-05  3.99647e-05  3.99647e-05 -1.16539e-06 -1.16540e-06  1.16539e-06
  300.00 -6.58116  8.40387e-06  8.40388e-06  8.40388e-06  5.91632e-07  5.91635e-07 -5.91634e-07
  300.00 -6.55711 -1.73833e-05 -1.73833e-05 -1.73833e-05  1.53303e-06  1.53303e-06 -1.53303e-06
  300.00 -6.53307 -3.78860e-05 -3.78860e-05 -3.78860e-05  4.10865e-07  4.10866e-07 -4.10865e-07
  300.00 -6.50902 -4.26569e-05 -4.26569e-05 -4.26569e-05 -9.93047e-07 -9.93049e-07  9.93049e-07
  300.00 -6.48497 -3.05597e-05 -3.05597e-05 -3.05597e-05 -1.05992e-06 -1.05992e-06  1.05992e-06
  300.00 -6.46092 -1.61973e-05 -1.61973e-05 -1.61973e-05 -4.12631e-07 -4.12632e-07  4.12632e-07
  300.00 -6.43687 -5.63474e-06 -5.63474e-06 -5.63474e-06 -4.19394e-07 -4.19393e-07  4.19392e-07
  300.00 -6.41283  2.98234e-06  2.98234e-06  2.98234e-06 -1.12345e-06 -1.12345e-06  1.12345e-06
  300.00 -6.38878  1.35518e-05  1.35518e-05  1.35518e-05 -9.08994e-07 -9.08993e-07  9.08993e-07
  300.00 -6.36473  2.50707e-05  2.50707e-05  2.50707e-05  2.82550e-07  2.82550e-07 -2.82548e-07
  300.00 -6.34068  2.47931e-05  2.47931e-05  2.47931e-05  7.76085e-07  7.76083e-07 -7.76081e-07
  300.00 -6.31663  4.06454e-06  4.06454e-06  4.06454e-06  3.03453e-07  3.03453e-07 -3.03452e-07
  300.00 -6.29259 -1.32048e-05 -1.32048e-05 -1.32048e-05  3.54256e-08  3.54260e-08 -3.54269e-08
  300.00 -6.26854 -1.11888e-05 -1.11888e-05 -1.11888e-05  2.29703e-08  2.29706e-08 -2.29717e-08
  300.00 -6.24449 -3.15267e-06 -3.15267e-06 -3.15267e-06  4.54116e-08  4.54123e-08 -4.54128e-08
  300.00 -6.22044 -8.12776e-07 -8.12778e-07 -8.12776e-07  2.30280e-07  2.30280e-07 -2.30280e-07
  300.00 -6.19639 -3.15156e-06 -3.15156e-06 -3.15156e-06  4.55343e-07  4.55341e-07 -4.55342e-07
  300.00 -6.17234 -8.57842e-06 -8.57842e-06 -8.57842e-06  6.69267e-07  6.69266e-07 -6.69267e-07
  300.00 -6.14830 -1.92994e-05 -1.92994e-05 -1.92994e-05  6.68275e-07  6.68275e-07 -6.68275e-07
  300.00 -6.12425 -3.12814e-05 -3.12814e-05 -3.12814e-05  5.52867e-08  5.52877e-08 -5.52869e-08
  300.00 -6.10020 -2.55697e-05 -2.55697e-05 -2.55697e-05 -7.61674e-07 -7.61673e-07  7.61674e-07
  300.00 -6.07615 -2.70247e-06 -2.70247e-06 -2.70247e-06 -8.48789e-07 -8.48788e-07  8.48788e-07
  300.00 -6.05210  1.44317e-05  1.44317e-05  1.44317e-05 -8.82648e-08 -8.82641e-08  8.82644e-08
  300.00 -6.02806  1.30136e-05  1.30136e-05  1.30136e-05  6.85484e-07  6.85485e-07 -6.85485e-07
  300.00 -6.00401  1.01222e-05  1.01222e-05  1.01222e-05  7.04927e-07  7.04928e-07 -7.04928e-07
  300.00 -5.97996  1.57183e-05  1.57183e-05  1.57183e-05  1.61716e-07  1.61716e-07 -1.61716e-07
  300.00 -5.95591  1.43926e-05  1.43926e-05  1.43926e-05 -3.83374e-07 -3.83373e-07  3.83373e-07
  300.00 -5.93186  1.07484e-06  1.07484e-06  1.07484e-06 -2.90152e-07 -2.90152e-07  2.90151e-07
  300.00 -5.90782 -6.77943e-06 -6.77943e-06 -6.77943e-06 -1.98118e-07 -1.98119e-07  1.98119e-07
  300.00 -5.88377 -2.22665e-06 -2.22665e-06 -2.22665e-06 -3.44909e-07 -3.44910e-07  3.44910e-07
  300.00 -5.85972  4.93711e-06  4.93711e-06  4.93711e-06 -2.73919e-07 -2.73920e-07  2.73920e-07
  300.00 -5.83567  9.89598e-06  9.89599e-06  9.89598e-06 -1.14196e-07 -1.14197e-07  1.14196e-07
  300.00 -5.81162  5.25059e-06  5.25059e-06  5.25059e-06  1.51620e-07  1.51621e-07 -1.51621e-07
  300.00 -5.78758 -1.47333e-05 -1.47333e-05 -1.47333e-05  4.02102e-07  4.02103e-07 -4.02102e-07
  300.00 -5.76353 -2.98527e-05 -2.98527e-05 -2.98527e-05  2.74783e-07  2.74784e-07 -2.74783e-07
  300.00 -5.73948 -2.54562e-05 -2.54562e-05 -2.54562e-05 -1.11604e-07 -1.11604e-07  1.11604e-07
  300.00 -5.71543 -8.73489e-06 -8.73489e-06 -8.73489e-06 -1.81449e-07 -1.81450e-07  1.81449e-07
  300.00 -5.69138  9.98630e-06  9.98630e-06  9.98630e-06 -8.37168e-08 -8.37174e-08  8.37166e-08
  300.00 -5.66733  2.11849e-05  2.11849e-05  2.11849e-05 -1.05044e-07 -1.05044e-07  1.05044e-07
  300.00 -5.64329  2.15645e-05  2.15645e-05  2.15645e-05  1.51969e-07  1.51971e-07 -1.51969e-07
  300.00 -5.61924  1.62863e-05  1.62863e-05  1.62863e-05  5.38472e-07  5.38472e-07 -5.38471e-07
  300.00 -5.59519  1.27148e-05  1.27148e-05  1.27148e-05  4.70593e-07  4.70593e-07 -4.70592e-07
  300.00 -5.57114  6.54639e-06  6.54639e-06  6.54639e-06 -1.01655e-07 -1.01655e-07  1.01655e-07
  300.00 -5.54709 -6.38478e-06 -6.38478e-06 -6.38478e-06 -6.24355e-07 -6.24356e-07  6.24355e-07
  300.00 -5.52305 -9.79024e-06 -9.79024e-06 -9.79024e-06 -4.77307e-07 -4.77307e-07  4.77306e-07
  300.00 -5.49900  4.65434e-07  4.65434e-07  4.65435e-07 -8.11823e-08 -8.11830e-08  8.11821e-08
  300.00 -5.47495  1.05607e-05  1.05607e-05  1.05607e-05  1.14630e-07  1.14630e-07 -1.14630e-07
  300.00 -5.45090  1.23138e-05  1.23138e-05  1.23138e-05 -6.91611e-08 -6.91611e-08  6.91597e-08
  300.00 -5.42685  6.95085e-06  6.95085e-06  6.95085e-06 -2.34276e-07 -2.34276e-07  2.34274e-07
  300.00 -5.40281 -3.56176e-06 -3.56176e-06 -3.56176e-06 -3.98833e-09 -3.98765e-09  3.98805e-09
  300.00 -5.37876 -9.21319e-06 -9.21320e-06 -9.21320e-06  1.97031e-07  1.97032e-07 -1.97030e-07
  300.00 -5.35471 -5.63466e-06 -5.63466e-06 -5.63466e-06  1.72445e-07  1.72446e-07 -1.72444e-07
  300.00 -5.33066  6.19121e-06  6.19121e-06  6.19121e-06  1.10972e-07  1.10972e-07 -1.10972e-07
  300.00 -5.30661  2.02852e-05  2.02852e-05  2.02852e-05 -1.69099e-08 -1.69111e-08  1.69101e-08
  300.00 -5.28257  2.52264e-05  2.52264e-05  2.52264e-05 -3.97801e-07 -3.97802e-07  3.97800e-07
  300.00 -5.25852  1.56758e-05  1.56758e-05  1.56758e-05 -3.08352e-07 -3.08351e-07  3.08351e-07
  300.00 -5.23447 -3.55265e-06 -3.55265e-06 -3.55265e-06  6.06281e-07  6.06283e-07 -6.06282e-07
  300.00 -5.21042 -2.75821e-05 -2.75821e-05 -2.75821e-05  8.35664e-07  8.35664e-07 -8.35663e-07
  300.00 -5.18637 -3.83506e-05 -3.83506e-05 -3.83506e-05  2.81564e-07  2.81562e-07 -2.81562e-07
  300.00 -5.16232 -2.48451e-05 -2.48451e-05 -2.48451e-05 -1.05871e-07 -1.05872e-07  1.05872e-07
  300.00 -5.13828 -2.47128e-06 -2.47128e-06 -2.47128e-06 -2.07795e-07 -2.07795e-07  2.07795e-07
  300.00 -5.11423  1.89316e-05  1.89316e-05  1.89316e-05 -2.71850e-07 -2.71851e-07  2.71850e-07
  300.00 -5.09018  3.08686e-05  3.08686e-05  3.08686e-05 -6.87337e-08 -6.87341e-08  6.87334e-08
  300.00 -5.06613  1.43852e-05  1.43852e-05  1.43852e-05  4.47782e-07  4.47783e-07 -4.47783e-07
  300.00 -5.04208 -1.50393e-05 -1.50393e-05 -1.50393e-05  4.35716e-07  4.35717e-07 -4.35716e-07
  300.00 -5.01804 -2.21682e-05 -2.21682e-05 -2.21681e-05 -3.78938e-09 -3.78884e-09  3.78920e-09
  300.00 -4.99399 -1.38792e-05 -1.38792e-05 -1.38792e-05 -2.08151e-07 -2.08151e-07  2.08152e-07
  300.00 -4.96994 -3.81373e-06 -3.81373e-06 -3.81373e-06 -2.97414e-08 -2.97428e-08  2.97429e-08
  300.00 -4.94589  8.10187e-07  8.10187e-07  8.10185e-07  1.26898e-07  1.26897e-07 -1.26897e-07
  300.00 -4.92184 -1.15985e-06 -1.15985e-06 -1.15985e-06  1.72026e-07  1.72027e-07 -1.72027e-07
  300.00 -4.89780  4.81015e-06  4.81015e-06  4.81015e-06  1.64767e-07  1.64770e-07 -1.64771e-07
  300.00 -4.87375  1.58257e-05  1.58257e-05  1.58257e-05 -2.04380e-07 -2.04376e-07  2.04375e-07
  300.00 -4.84970  1.08374e-05  1.08375e-05  1.08375e-05 -6.56603e-07 -6.56602e-07  6.56602e-07
  300.00 -4.82565 -7.01264e-06 -7.01264e-06 -7.01264e-06 -1.93009e-07 -1.93011e-07  1.93011e-07
  300.00 -4.80160 -7.75379e-06 -7.75379e-06 -7.75379e-06  6.24663e-07  6.24661e-07 -6.24662e-07
  300.00 -4.77756  1.13477e-05  1.13477e-05  1.13477e-05  7.90209e-07  7.90209e-07 -7.90209e-07
  300.00 -4.75351  2.87469e-05  2.87469e-05  2.87469e-05  3.12111e-07  3.12113e-07 -3.12112e-07
  300.00 -4.72946  2.44837e-05  2.44837e-05  2.44837e-05 -6.06590e-07 -6.06587e-07  6.06588e-07
  300.00 -4.70541 -1.11781e-05 -1.11781e-05 -1.11781e-05 -1.34350e-06 -1.34350e-06  1.34350e-06
  300.00 -4.68136 -4.64667e-05 -4.64667e-05 -4.64667e-05 -9.30541e-07 -9.30545e-07  9.30545e-07
  300.00 -4.65731 -5.06959e-05 -5.06959e-05 -5.06959e-05 -2.45497e-08 -2.45537e-08  2.45547e-08
  300.00 -4.63327 -3.40552e-05 -3.40552e-05 -3.40552e-05  5.13288e-07  5.13286e-07 -5.13285e-07
  300.00 -4.60922 -1.44856e-05 -1.44856e-05 -1.44856e-05  4.15019e-07  4.15019e-07 -4.15019e-07
  300.00 -4.58517 -3.05059e-06 -3.05059e-06 -3.05060e-06  8.54432e-08  8.54428e-08 -8.54441e-08
  300.00 -4.56112  4.20953e-06  4.20953e-06  4.20953e-06 -1.17682e-07 -1.17683e-07  1.17682e-07
  300.00 -4.53707  1.16781e-05  1.16781e-05  1.16781e-05 -2.41006e-07 -2.41006e-07  2.41006e-07
  300.00 -4.51303  1.47587e-05  1.47587e-05  1.47587e-05 -3.68952e-07 -3.68951e-07  3.68952e-07
  300.00 -4.48898  1.20930e-05  1.20930e-05  1.20930e-05 -1.78314e-07 -1.78313e-07  1.78314e-07
  300.00 -4.46493  1.08111e-05  1.08111e-05  1.08111e-05  3.26842e-07  3.26843e-07 -3.26843e-07
  300.00 -4.44088  8.40400e-06  8.40401e-06  8.40401e-06  4.66852e-07  4.66851e-07 -4.66852e-07
  300.00 -4.41683  1.28917e-06  1.28917e-06  1.28917e-06  1.15503e-07  1.15503e-07 -1.15503e-07
  300.00 -4.39279 -2.33195e-06 -2.33194e-06 -2.33194e-06 -7.12781e-08 -7.12765e-08  7.12770e-08
  300.00 -4.36874 -8.15984e-06 -8.15984e-06 -8.15984e-06  8.25234e-08  8.25239e-08 -8.25231e-08
  300.00 -4.34469 -2.15802e-05 -2.15802e-05 -2.15802e-05  1.60926e-07  1.60926e-07 -1.60926e-07
  300.00 -4.32064 -3.33829e-05 -3.33829e-05 -3.33829e-05 -2.14124e-08 -2.14123e-08  2.14103e-08
  300.00 -4.29659 -3.73840e-05 -3.73840e-05 -3.73840e-05 -1.57713e-07 -1.57711e-07  1.57710e-07
  300.00 -4.27255 -3.22551e-05 -3.22551e-05 -3.22551e-05 -1.76014e-07 -1.76014e-07  1.76013e-07
  300.00 -4.24850 -1.85407e-05 -1.85407e-05 -1.85407e-05 -2.08059e-07 -2.08059e-07  2.08059e-07
  300.00 -4.22445 -1.40332e-06 -1.40332e-06 -1.40332e-06 -2.57241e-07 -2.57240e-07  2.57241e-07
  300.00 -4.20040  1.08343e-05  1.08343e-05  1.08343e-05 -2.89522e-07 -2.89521e-07  2.89522e-07
  300.00 -4.17635  1.55077e-05  1.55077e-05  1.55077e-05 -3.05422e-07 -3.05420e-07  3.05421e-07
  300.00 -4.15230  1.97492e-05  1.97492e-05  1.97492e-05 -2.14628e-07 -2.14627e-07  2.14627e-07
  300.00 -4.12826  2.54340e-05  2.54340e-05  2.54340e-05  7.67012e-08  7.67019e-08 -7.67044e-08
  300.00 -4.10421  2.26918e-05  2.26918e-05  2.26918e-05  6.80764e-07  6.80763e-07 -6.80771e-07
  300.00 -4.08016  9.94733e-06  9.94732e-06  9.94733e-06  1.18702e-06  1.18702e-06 -1.18704e-06
  300.00 -4.05611 -9.62598e-06 -9.62598e-06 -9.62597e-06  6.50438e-07  6.50436e-07 -6.50481e-07
  300.00 -4.03206 -2.98916e-05 -2.98916e-05 -2.98916e-05 -3.62562e-07 -3.62563e-07  3.62473e-07
  300.00 -4.00802 -3.21996e-05 -3.21996e-05 -3.21996e-05 -5.96609e-07 -5.96609e-07  5.96440e-07
  300.00 -3.98397 -1.60087e-05 -1.60087e-05 -1.60087e-05 -1.84752e-07 -1.84752e-07  1.84411e-07
  300.00 -3.95992 -1.44105e-06 -1.44106e-06 -1.44106e-06  1.38214e-07  1.38213e-07 -1.38953e-07
  300.00 -3.93587  1.90817e-06  1.90818e-06  1.90818e-06  1.29948e-07  1.29948e-07 -1.31500e-07
  300.00 -3.91182  2.92252e-06  2.92253e-06  2.92253e-06  1.86069e-08  1.86065e-08 -2.15958e-08
  300.00 -3.88778  1.61676e-06  1.61677e-06  1.61677e-06 -8.73859e-08 -8.73866e-08  8.22426e-08
  300.00 -3.86373 -6.87063e-06 -6.87063e-06 -6.87063e-06 -4.53801e-07 -4.53802e-07  4.46656e-07
  300.00 -3.83968 -1.49975e-05 -1.49975e-05 -1.49975e-05 -7.84834e-07 -7.84834e-07  7.76809e-07
  300.00 -3.81563 -1.51745e-05 -1.51746e-05 -1.51746e-05 -4.86939e-07 -4.86939e-07  4.79574e-07
  300.00 -3.79158 -4.16452e-06 -4.16451e-06 -4.16451e-06  3.11645e-07  3.11645e-07 -3.17504e-07
  300.00 -3.76754  1.17982e-05  1.17983e-05  1.17983e-05  8.75061e-07  8.75062e-07 -8.82530e-07
  300.00 -3.74349  1.83273e-05  1.83275e-05  1.83275e-05  7.58146e-07  7.58146e-07 -7.70055e-07
  300.00 -3.71944  5.86012e-06  5.86017e-06  5.86017e-06  9.31799e-08  9.31793e-08 -9.96933e-08
  300.00 -3.69539 -9.91058e-06 -9.91068e-06 -9.91068e-06 -3.65312e-07 -3.65311e-07  3.72763e-07
  300.00 -3.67134 -1.48409e-05 -1.48410e-05 -1.48410e-05 -3.00571e-07 -3.00570e-07  3.09679e-07
  300.00 -3.64729 -1.99074e-05 -1.99074e-05 -1.99074e-05 -7.18832e-08 -7.18834e-08  7.42697e-08
  300.00 -3.62325 -2.32690e-05 -2.32690e-05 -2.32690e-05 -1.50215e-08 -1.50213e-08  1.51415e-08
  300.00 -3.59920 -1.58560e-05 -1.58560e-05 -1.58560e-05  1.94876e-07  1.94877e-07 -1.90285e-07
  300.00 -3.57515  5.48894e-07  5.48948e-07  5.48945e-07  5.12848e-07  5.12849e-07 -5.05256e-07
  300.00 -3.55110  1.56661e-05  1.56661e-05  1.56661e-05  2.75831e-07  2.75832e-07 -2.70233e-07
  300.00 -3.52705  1.60606e-05  1.60606e-05  1.60606e-05 -2.47048e-07 -2.47047e-07  2.49249e-07
  300.00 -3.50301  3.19523e-06  3.19521e-06  3.19522e-06 -2.25483e-07 -2.25483e-07  2.27911e-07
  300.00 -3.47896 -2.53371e-06 -2.53371e-06 -2.53371e-06  1.29666e-07  1.29665e-07 -1.25042e-07
  300.00 -3.45491  6.98478e-06  6.98477e-06  6.98477e-06  1.39515e-07  1.39515e-07 -1.34680e-07
  300.00 -3.43086  1.49396e-05  1.49396e-05  1.49396e-05 -2.74654e-07 -2.74654e-07  2.78989e-07
  300.00 -3.40681  6.33881e-06  6.33880e-06  6.33880e-06 -3.53318e-07 -3.53318e-07  3.57314e-07
  300.00 -3.38277 -4.75773e-06 -4.75773e-06 -4.75773e-06  4.97615e-08  4.97607e-08 -4.68494e-08
  300.00 -3.35872 -2.15472e-06 -2.15473e-06 -2.15473e-06 -2.95342e-08 -2.95351e-08  3.11705e-08
  300.00 -3.33467  9.37630e-06  9.37629e-06  9.37629e-06 -6.23173e-07 -6.23173e-07  6.24015e-07
  300.00 -3.31062  1.23797e-05  1.23797e-05  1.23797e-05 -1.08650e-06 -1.08650e-06  1.08694e-06
  300.00 -3.28657 -5.01869e-06 -5.01869e-06 -5.01869e-06 -8.17247e-07 -8.17245e-07  8.17466e-07
  300.00 -3.26253 -2.56180e-05 -2.56180e-05 -2.56180e-05  5.30987e-07  5.30986e-07 -5.30890e-07
  300.00 -3.23848 -2.09041e-05 -2.09041e-05 -2.09041e-05  1.47893e-06  1.47893e-06 -1.47890e-06
  300.00 -3.21443 -1.15456e-06 -1.15456e-06 -1.15456e-06  9.00660e-07  9.00659e-07 -9.00646e-07
  300.00 -3.19038  1.13389e-05  1.13389e-05  1.13389e-05 -2.74903e-07 -2.74902e-07  2.74902e-07
  300.00 -3.16633  1.09289e-05  1.09289e-05  1.09289e-05 -5.33964e-07 -5.33963e-07  5.33950e-07
  300.00 -3.14228  5.61154e-06  5.61154e-06  5.61153e-06  2.48673e-07  2.48673e-07 -2.48705e-07
  300.00 -3.11824  3.75198e-06  3.75198e-06  3.75197e-06  6.54556e-07  6.54555e-07 -6.54612e-07
  300.00 -3.09419  3.97965e-06  3.97964e-06  3.97964e-06  4.01360e-07  4.01359e-07 -4.01439e-07
  300.00 -3.07014 -3.72837e-06 -3.72837e-06 -3.72837e-06  3.06330e-07  3.06330e-07 -3.06388e-07
  300.00 -3.04609 -2.05038e-05 -2.05038e-05 -2.05038e-05  4.42327e-07  4.42327e-07 -4.42295e-07
  300.00 -3.02204 -3.10679e-05 -3.10679e-05 -3.10679e-05  2.22759e-07  2.22759e-07 -2.22674e-07
  300.00 -2.99800 -2.49074e-05 -2.49074e-05 -2.49074e-05 -1.94549e-07 -1.94551e-07  1.94616e-07
  300.00 -2.97395 -3.31747e-06 -3.31747e-06 -3.31747e-06 -5.11247e-07 -5.11249e-07  5.11285e-07
  300.00 -2.94990  1.78740e-05  1.78740e-05  1.78740e-05 -8.63752e-07 -8.63752e-07  8.63771e-07
  300.00 -2.92585  2.30813e-05  2.30813e-05  2.30813e-05 -9.93071e-07 -9.93070e-07  9.93080e-07
  300.00 -2.90180  1.16026e-05  1.16026e-05  1.16026e-05 -1.00324e-06 -1.00324e-06  1.00324e-06
  300.00 -2.87776 -3.40442e-06 -3.40442e-06 -3.40442e-06 -9.01180e-07 -9.01178e-07  9.01181e-07
  300.00 -2.85371 -1.07515e-05 -1.07515e-05 -1.07515e-05  1.31415e-08  1.31414e-08 -1.31406e-08
  300.00 -2.82966 -6.79002e-06 -6.79003e-06 -6.79003e-06  9.43380e-07  9.43378e-07 -9.43378e-07
  300.00 -2.80561  3.31588e-06  3.31588e-06  3.31588e-06  8.04640e-07  8.04639e-07 -8.04639e-07
  300.00 -2.78156  1.50786e-05  1.50786e-05  1.50786e-05  1.22260e-07  1.22259e-07 -1.22259e-07
  300.00 -2.75752  2.22238e-05  2.22238e-05  2.22238e-05 -3.06924e-07 -3.06924e-07  3.06925e-07
  300.00 -2.73347  9.27573e-06  9.27573e-06  9.27573e-06  1.59759e-07  1.59759e-07 -1.59759e-07
  300.00 -2.70942 -2.38250e-05 -2.38250e-05 -2.38250e-05  6.19142e-07  6.19141e-07 -6.19141e-07
  300.00 -2.68537 -3.96232e-05 -3.96232e-05 -3.96232e-05 -1.90031e-07 -1.90031e-07  1.90032e-07
  300.00 -2.66132 -2.48036e-05 -2.48036e-05 -2.48036e-05 -6.59764e-07 -6.59763e-07  6.59763e-07
  300.00 -2.63727 -1.41578e-07 -1.41578e-07 -1.41581e-07 -2.63993e-07 -2.63991e-07  2.63992e-07
  300.00 -2.61323  1.05119e-05  1.05119e-05  1.05119e-05  4.16813e-07  4.16815e-07 -4.16814e-07
  300.00 -2.58918  1.10881e-06  1.10881e-06  1.10881e-06  5.89923e-07  5.89924e-07 -5.89924e-07
  300.00 -2.56513 -1.03215e-05 -1.03215e-05 -1.03215e-05  1.03613e-07  1.03614e-07 -1.03615e-07
  300.00 -2.54108 -5.11064e-06 -5.11064e-06 -5.11064e-06 -1.65676e-07 -1.65676e-07  1.65673e-07
  300.00 -2.51703  1.09055e-05  1.09055e-05  1.09055e-05 -1.91690e-07 -1.91690e-07  1.91688e-07
  300.00 -2.49299  2.28199e-05  2.28199e-05  2.28199e-05 -3.25961e-07 -3.25960e-07  3.25960e-07
  300.00 -2.46894  2.53628e-05  2.53628e-05  2.53628e-05 -1.90341e-07 -1.90339e-07  1.90340e-07
  300.00 -2.44489  1.84703e-05  1.84703e-05  1.84703e-05  1.96384e-07  1.96384e-07 -1.96383e-07
  300.00 -2.42084  5.17105e-06  5.17105e-06  5.17105e-06  1.68393e-07  1.68393e-07 -1.68391e-07
  300.00 -2.39679 -1.50446e-06 -1.50446e-06 -1.50447e-06 -1.28675e-07 -1.28675e-07  1.28676e-07
  300.00 -2.37275 -4.57944e-06 -4.57944e-06 -4.57945e-06 -4.38296e-08 -4.38299e-08  4.38302e-08
  300.00 -2.34870 -1.23321e-05 -1.23321e-05 -1.23321e-05  2.62086e-07  2.62084e-07 -2.62085e-07
  300.00 -2.32465 -1.58905e-05 -1.58905e-05 -1.58905e-05  3.83062e-07  3.83060e-07 -3.83061e-07
  300.00 -2.30060 -1.13308e-05 -1.13308e-05 -1.13308e-05  5.27772e-07  5.27771e-07 -5.27773e-07
  300.00 -2.27655  1.44269e-06  1.44269e-06  1.44270e-06  6.27961e-07  6.27961e-07 -6.27965e-07
  300.00 -2.25251  8.02315e-06  8.02314e-06  8.02315e-06  2.36698e-07  2.36697e-07 -2.36707e-07
  300.00 -2.22846 -5.24521e-06 -5.24521e-06 -5.24521e-06 -4.72247e-07 -4.72248e-07  4.72230e-07
  300.00 -2.20441 -1.63104e-05 -1.63104e-05 -1.63104e-05 -5.99585e-07 -5.99584e-07  5.99559e-07
  300.00 -2.18036 -8.42448e-06 -8.42448e-06 -8.42448e-06 -4.78623e-08 -4.78594e-08  4.78331e-08
  300.00 -2.15631  2.95365e-06  2.95365e-06  2.95365e-06  6.46907e-07  6.46909e-07 -6.46928e-07
  300.00 -2.13226  2.63840e-06  2.63840e-06  2.63840e-06  6.28816e-07  6.28815e-07 -6.28824e-07
  300.00 -2.10822 -8.05429e-07 -8.05427e-07 -8.05427e-07  1.92645e-07  1.92642e-07 -1.92678e-07
  300.00 -2.08417 -1.50394e-06 -1.50394e-06 -1.50394e-06  1.94281e-07  1.94280e-07 -1.94407e-07
  300.00 -2.06012 -8.87648e-06 -8.87648e-06 -8.87648e-06  3.47007e-08  3.47008e-08 -3.50316e-08
  300.00 -2.03607 -1.35713e-05 -1.35713e-05 -1.35713e-05 -7.56013e-07 -7.56012e-07  7.55264e-07
  300.00 -2.01202 -3.86939e-06 -3.86939e-06 -3.86939e-06 -9.39727e-07 -9.39728e-07  9.38058e-07
  300.00 -1.98798  1.01864e-05  1.01864e-05  1.01864e-05 -1.93744e-07 -1.93744e-07  1.89777e-07
  300.00 -1.96393  1.91745e-05  1.91745e-05  1.91745e-05  5.53697e-07  5.53696e-07 -5.63554e-07
  300.00 -1.93988  2.07302e-05  2.07303e-05  2.07303e-05  9.30145e-07  9.30144e-07 -9.54546e-07
  300.00 -1.91583  2.02151e-05  2.02156e-05  2.02156e-05  4.75134e-07  4.75133e-07 -5.33682e-07
  300.00 -1.89178  2.26218e-05  2.26227e-05  2.26227e-05 -8.49479e-07 -8.49481e-07  7.10292e-07
  300.00 -1.86774  1.76753e-05  1.76745e-05  1.76745e-05 -1.69091e-06 -1.69091e-06  1.36958e-06
  300.00 -1.84369 -2.81075e-06 -2.81478e-06 -2.81478e-06 -1.13163e-06 -1.13163e-06  4.89699e-07
  300.00 -1.81964 -2.09663e-05 -2.09734e-05 -2.09734e-05 -1.05642e-06 -1.05642e-06  1.25309e-08
  300.00 -1.79559 -2.53667e-05 -2.53804e-05 -2.53804e-05 -1.01738e-06 -1.01738e-06 -3.89255e-07
  300.00 -1.77154 -2.38150e-05 -2.38140e-05 -2.38140e-05  1.98111e-07  1.98112e-07 -1.55818e-06
  300.00 -1.74749 -1.47470e-05 -1.47180e-05 -1.47180e-05  1.23887e-06  1.23887e-06 -1.96193e-06
  300.00 -1.72345 -4.09809e-06 -4.08314e-06 -4.08314e-06  6.89545e-07  6.89545e-07 -7.61129e-07
  300.00 -1.69940 -3.70230e-06 -3.72603e-06 -3.72603e-06 -1.09090e-06 -1.09090e-06  1.27218e-06
  300.00 -1.67535 -9.08437e-06 -9.10900e-06 -9.10900e-06 -1.19578e-06 -1.19577e-06  1.66848e-06
  300.00 -1.65130 -1.36882e-05 -1.36747e-05 -1.36747e-05  8.61910e-07  8.61913e-07  2.96100e-07
  300.00 -1.62725 -1.57937e-05 -1.57794e-05 -1.57794e-05  1.74892e-06  1.74892e-06 -2.97612e-07
  300.00 -1.60321 -1.62889e-05 -1.62896e-05 -1.62896e-05  8.08293e-07  8.08291e-07  2.50363e-07
  300.00 -1.57916 -1.30270e-05 -1.30289e-05 -1.30289e-05 -2.94299e-07 -2.94301e-07  7.63436e-07
  300.00 -1.55511  1.50481e-06  1.50326e-06  1.50326e-06 -7.59641e-07 -7.59643e-07  7.20423e-07
  300.00 -1.53106  2.87934e-05  2.87876e-05  2.87876e-05 -1.18779e-06 -1.18779e-06  6.13684e-07
  300.00 -1.50701  5.68922e-05  5.68707e-05  5.68707e-05 -1.68632e-06 -1.68632e-06  2.68363e-07
  300.00 -1.48297  6.56761e-05  6.56478e-05  6.56478e-05 -9.85036e-07 -9.85032e-07 -1.22767e-06
  300.00 -1.45892  5.30745e-05  5.31175e-05  5.31175e-05  1.56330e-06  1.56330e-06 -2.79952e-06
  300.00 -1.43487  3.18877e-05  3.19221e-05  3.19221e-05  2.32146e-06  2.32146e-06 -1.24574e-06
  300.00 -1.41082  1.22249e-05  1.22158e-05  1.22158e-05  1.18465e-06  1.18465e-06  7.83049e-07
  300.00 -1.38677  1.09998e-05  1.09932e-05  1.09932e-05  5.53308e-07  5.53307e-07  8.66357e-07
  300.00 -1.36273  1.40633e-05  1.40602e-05  1.40602e-05  2.19976e-07  2.19975e-07  5.99027e-07
  300.00 -1.33868  3.18620e-06  3.18516e-06  3.18516e-06  8.87823e-09  8.87694e-09  3.69881e-07
  300.00 -1.31463 -1.51104e-05 -1.51104e-05 -1.51104e-05  8.91453e-08  8.91440e-08 -6.05419e-08
  300.00 -1.29058 -3.55034e-05 -3.55025e-05 -3.55025e-05  3.27413e-08  3.27404e-08 -3.08541e-07
  300.00 -1.26653 -4.98506e-05 -4.98489e-05 -4.98489e-05 -3.21824e-07 -3.21825e-07 -2.37535e-07
  300.00 -1.24248 -5.51070e-05 -5.51053e-05 -5.51053e-05 -5.37710e-07 -5.37711e-07 -2.54052e-07
  300.00 -1.21844 -5.12487e-05 -5.12481e-05 -5.12481e-05 -6.06765e-07 -6.06765e-07 -2.18855e-07
  300.00 -1.19439 -3.53836e-05 -3.53860e-05 -3.53860e-05 -5.41098e-07 -5.41098e-07  4.02001e-08
  300.00 -1.17034 -1.57298e-05 -1.57327e-05 -1.57327e-05 -1.35418e-07 -1.35419e-07  3.22842e-07
  300.00 -1.14629 -4.25026e-06 -4.24974e-06 -4.24973e-06  4.23747e-07  4.23747e-07  4.16520e-07
  300.00 -1.12224 -2.72682e-06 -2.72513e-06 -2.72513e-06  7.57340e-07  7.57341e-07  1.90829e-07
  300.00 -1.09820 -6.89989e-06 -6.89975e-06 -6.89976e-06  7.34785e-07  7.34785e-07 -6.71860e-08
  300.00 -1.07415 -7.59549e-06 -7.59593e-06 -7.59593e-06  6.66689e-07  6.66688e-07 -3.08108e-07
  300.00 -1.05010  1.78083e-06  1.78027e-06  1.78026e-06  6.79483e-07  6.79483e-07 -5.12786e-07
  300.00 -1.02605  1.60763e-05  1.60759e-05  1.60759e-05  4.65082e-07  4.65082e-07 -3.97906e-07
  300.00 -1.00200  2.20397e-05  2.20398e-05  2.20398e-05  1.87037e-07  1.87038e-07 -1.86257e-07
  300.00 -0.97796  1.90830e-05  1.90836e-05  1.90836e-05 -6.27581e-07 -6.27579e-07  5.51647e-07
  300.00 -0.95391  2.36459e-05  2.36455e-05  2.36455e-05 -2.67372e-06 -2.67372e-06  2.47001e-06
  300.00 -0.92986  4.11285e-05  4.11173e-05  4.11173e-05 -4.07411e-06 -4.07411e-06  3.59302e-06
  300.00 -0.90581  5.42442e-05  5.42044e-05  5.42044e-05 -2.92943e-06 -2.92943e-06  1.82481e-06
  300.00 -0.88176  4.14219e-05  4.13760e-05  4.13760e-05 -1.10750e-07 -1.10751e-07 -1.80266e-06
  300.00 -0.85772  1.13127e-06  1.16270e-06  1.16270e-06  2.33543e-06  2.33543e-06 -3.61495e-06
  300.00 -0.83367 -3.12742e-05 -3.12234e-05 -3.12234e-05  2.87341e-06  2.87341e-06 -2.03541e-06
  300.00 -0.80962 -2.91094e-05 -2.91015e-05 -2.91015e-05  1.68243e-06  1.68243e-06 -1.44644e-07
  300.00 -0.78557 -5.95664e-06 -5.96042e-06 -5.96043e-06  5.35760e-07  5.35761e-07  6.18450e-07
  300.00 -0.76152  1.00229e-05  1.00208e-05  1.00208e-05 -9.86806e-08 -9.86797e-08  8.48165e-07
  300.00 -0.73747  6.26753e-06  6.26802e-06  6.26802e-06 -6.44493e-09 -6.44462e-09  4.50724e-07
  300.00 -0.71343 -7.39413e-07 -7.38927e-07 -7.38925e-07  4.20547e-07  4.20547e-07 -2.01282e-07
  300.00 -0.68938 -3.62346e-06 -3.62342e-06 -3.62342e-06  4.89489e-07  4.89489e-07 -4.06226e-07
  300.00 -0.66533 -1.10935e-05 -1.10934e-05 -1.10934e-05  7.48352e-08  7.48354e-08 -8.20979e-08
  300.00 -0.64128 -1.62323e-05 -1.62322e-05 -1.62322e-05 -3.31511e-07 -3.31511e-07  2.38463e-07
  300.00 -0.61723 -1.75567e-05 -1.75567e-05 -1.75567e-05 -2.49939e-07 -2.49938e-07  4.10945e-08
  300.00 -0.59319 -2.28803e-05 -2.28803e-05 -2.28803e-05 -1.26204e-07 -1.26203e-07 -2.40771e-07
  300.00 -0.56914 -2.47807e-05 -2.47802e-05 -2.47802e-05 -1.09367e-07 -1.09367e-07 -4.04549e-07
  300.00 -0.54509 -1.73522e-05 -1.73496e-05 -1.73496e-05  1.77244e-07  1.77244e-07 -7.07154e-07
  300.00 -0.52104 -6.65459e-06 -6.64673e-06 -6.64673e-06  8.58112e-07  8.58112e-07 -1.08419e-06
  300.00 -0.49699  3.29884e-06  3.30623e-06  3.30623e-06  1.45356e-06  1.45356e-06 -1.15778e-06
  300.00 -0.47295  5.89801e-06  5.89429e-06  5.89429e-06  1.09271e-06  1.09271e-06 -4.92904e-07
  300.00 -0.44890  3.14566e-06  3.13845e-06  3.13844e-06  1.22611e-07  1.22609e-07  3.98303e-07
  300.00 -0.42485  9.08287e-06  9.07947e-06  9.07947e-06  9.33173e-08  9.33160e-08  2.14691e-07
  300.00 -0.40080  2.02494e-05  2.02478e-05  2.02478e-05  5.94128e-07  5.94128e-07 -4.39519e-07
  300.00 -0.37675  2.30198e-05  2.30190e-05  2.30190e-05  3.17680e-07  3.17681e-07 -2.66129e-07
  300.00 -0.35271  9.98088e-06  9.98118e-06  9.98118e-06 -1.12628e-06 -1.12628e-06  1.08203e-06
  300.00 -0.32866 -2.29611e-06 -2.29583e-06 -2.29583e-06 -1.73579e-06 -1.73579e-06  1.58465e-06
  300.00 -0.30461 -8.59946e-07 -8.61349e-07 -8.61348e-07 -1.92730e-06 -1.92730e-06  1.64268e-06
  300.00 -0.28056  2.60297e-06  2.59527e-06  2.59527e-06 -2.26968e-06 -2.26968e-06  1.85951e-06
  300.00 -0.25651  9.40299e-07  9.32892e-07  9.32888e-07 -8.86239e-07 -8.86236e-07  5.55888e-07
  300.00 -0.23246 -5.60436e-07 -5.56803e-07 -5.56807e-07  6.20105e-07  6.20109e-07 -5.75069e-07
  300.00 -0.20842 -1.63385e-06 -1.62951e-06 -1.62952e-06  6.49498e-07  6.49501e-07 -2.78520e-07
  300.00 -0.18437 -4.17514e-06 -4.17216e-06 -4.17216e-06  4.39022e-07  4.39022e-07 -5.39209e-08
  300.00 -0.16032 -1.52368e-06 -1.52166e-06 -1.52166e-06  8.24747e-07  8.24744e-07 -5.92844e-07
  300.00 -0.13627  4.89653e-06  4.89720e-06  4.89720e-06  9.91392e-07  9.91389e-07 -9.04840e-07
  300.00 -0.11222  1.54627e-06  1.54639e-06  1.54639e-06  6.49897e-08  6.49876e-08 -8.70413e-08
  300.00 -0.08818 -1.20851e-05 -1.20860e-05 -1.20860e-05 -9.15172e-07 -9.15172e-07  8.46874e-07
  300.00 -0.06413 -1.11742e-05 -1.11753e-05 -1.11753e-05 -7.39237e-07 -7.39236e-07  7.10401e-07
  300.00 -0.04008  5.85730e-06  5.85726e-06  5.85726e-06 -2.22935e-07 -2.22934e-07  2.66359e-07
  300.00 -0.01603  2.58487e-05  2.58493e-05  2.58493e-05  1.66613e-07  1.66613e-07 -8.05569e-08
  300.00  0.00802  4.51278e-05  4.51283e-05  4.51283e-05  3.61733e-07  3.61733e-07 -2.76873e-07
  300.00  0.03206  5.83003e-05  5.83007e-05  5.83006e-05  2.94066e-07  2.94067e-07 -2.27566e-07
  300.00  0.05611  6.54268e-05  6.54270e-05  6.54270e-05  1.28577e-07  1.28577e-07 -8.28632e-08
  300.00  0.08016  7.38862e-05  7.38863e-05  7.38863e-05 -8.94993e-08 -8.95014e-08  1.18778e-07
  300.00  0.10421  6.82202e-05  6.82202e-05  6.82202e-05 -5.13440e-08 -5.13460e-08  7.04402e-08
  300.00  0.12826  2.22001e-05  2.22001e-05  2.22001e-05  2.85803e-07  2.85808e-07 -2.74290e-07
  300.00  0.15230 -2.52540e-05 -2.52540e-05 -2.52540e-05  2.51071e-07  2.51077e-07 -2.45814e-07
  300.00  0.17635 -4.04378e-05 -4.04378e-05 -4.04378e-05  1.36279e-07  1.36277e-07 -1.34260e-07
  300.00  0.20040 -3.75783e-05 -3.75783e-05 -3.75783e-05  1.36717e-07  1.36704e-07 -1.35955e-07
  300.00  0.22445 -2.93689e-05 -2.93689e-05 -2.93689e-05 -1.93631e-07 -1.93643e-07  1.93933e-07
  300.00  0.24850 -3.40305e-05 -3.40305e-05 -3.40305e-05 -9.82076e-07 -9.82075e-07  9.82189e-07
  300.00  0.27255 -4.32350e-05 -4.32350e-05 -4.32350e-05 -7.42744e-07 -7.42736e-07  7.42776e-07
  300.00  0.29659 -3.90871e-05 -3.90871e-05 -3.90871e-05  1.03591e-06  1.03591e-06 -1.03590e-06
  300.00  0.32064 -2.17679e-05 -2.17679e-05 -2.17679e-05  2.04510e-06  2.04510e-06 -2.04510e-06
  300.00  0.34469 -6.39564e-06 -6.39564e-06 -6.39564e-06  1.74974e-06  1.74974e-06 -1.74973e-06
  300.00  0.36874 -1.49344e-05 -1.49344e-05 -1.49344e-05  8.91973e-07  8.91976e-07 -8.91981e-07
  300.00  0.39279 -3.63517e-05 -3.63517e-05 -3.63517e-05 -2.85171e-07 -2.85168e-07  2.85164e-07
  300.00  0.41683 -4.00281e-05 -4.00281e-05 -4.00281e-05 -1.15423e-06 -1.15423e-06  1.15424e-06
  300.00  0.44088 -2.82360e-05 -2.82360e-05 -2.82360e-05 -9.21329e-07 -9.21334e-07  9.21339e-07
  300.00  0.46493 -1.93415e-05 -1.93415e-05 -1.93415e-05 -3.50634e-07 -3.50639e-07  3.50643e-07
  300.00  0.48898 -1.12717e-05 -1.12717e-05 -1.12717e-05 -5.07732e-07 -5.07733e-07  5.07735e-07
  300.00  0.51303  3.83507e-06  3.83507e-06  3.83508e-06 -1.13825e-06 -1.13825e-06  1.13825e-06
  300.00  0.53707  1.87181e-05  1.87181e-05  1.87181e-05 -2.47832e-06 -2.47831e-06  2.47831e-06
  300.00  0.56112  3.09038e-05  3.09038e-05  3.09038e-05 -3.42433e-06 -3.42433e-06  3.42433e-06
  300.00  0.58517  4.49589e-05  4.49589e-05  4.49589e-05 -1.15338e-06 -1.15338e-06  1.15338e-06
  300.00  0.60922  5.82667e-05  5.82667e-05  5.82667e-05  3.01715e-06  3.01715e-06 -3.01715e-06
  300.00  0.63327  6.88077e-05  6.88077e-05  6.88077e-05  4.83592e-06  4.83591e-06 -4.83592e-06
  300.00  0.65731  7.96071e-05  7.96071e-05  7.96071e-05  3.17977e-06  3.17978e-06 -3.17979e-06
  300.00  0.68136  8.50210e-05  8.50210e-05  8.50210e-05  1.12006e-06  1.12006e-06 -1.12006e-06
  300.00  0.70541  6.70230e-05  6.70230e-05  6.70230e-05  1.39938e-06  1.39938e-06 -1.39938e-06
  300.00  0.72946  2.04755e-05  2.04755e-05  2.04755e-05  2.84588e-06  2.84588e-06 -2.84588e-06
  300.00  0.75351 -2.48901e-05 -2.48901e-05 -2.48901e-05 -2.69292e-07 -2.69295e-07  2.69300e-07
  300.00  0.77756 -2.49628e-05 -2.49628e-05 -2.49628e-05 -3.51328e-06 -3.51329e-06  3.51330e-06
  300.00  0.80160  1.46712e-05  1.46712e-05  1.46712e-05 -3.37458e-06 -3.37458e-06  3.37459e-06
  300.00  0.82565  6.56044e-05  6.56044e-05  6.56044e-05 -2.06874e-06 -2.06874e-06  2.06875e-06
  300.00  0.84970  9.41385e-05  9.41385e-05  9.41385e-05 -4.70661e-07 -4.70661e-07  4.70662e-07
  300.00  0.87375  3.25002e-05  3.25002e-05  3.25002e-05  7.30386e-07  7.30392e-07 -7.30395e-07
  300.00  0.89780 -8.90073e-05 -8.90073e-05 -8.90073e-05 -1.14013e-06 -1.14013e-06  1.14013e-06
  300.00  0.92184 -1.25566e-04 -1.25566e-04 -1.25566e-04 -6.18507e-07 -6.18513e-07  6.18508e-07
  300.00  0.94589 -1.06640e-04 -1.06640e-04 -1.06640e-04  1.90614e-06  1.90614e-06 -1.90614e-06
  300.00  0.96994 -7.39252e-05 -7.39252e-05 -7.39252e-05  3.02890e-06  3.02890e-06 -3.02889e-06
  300.00  0.99399 -4.41857e-05 -4.41857e-05 -4.41857e-05  2.40526e-06  2.40526e-06 -2.40526e-06
  300.00  1.01804 -3.02323e-05 -3.02323e-05 -3.02323e-05  1.04337e-06  1.04336e-06 -1.04336e-06
  300.00  1.04208 -3.38377e-05 -3.38377e-05 -3.38377e-05  3.90365e-07  3.90362e-07 -3.90362e-07
  300.00  1.06613 -4.90509e-05 -4.90509e-05 -4.90509e-05  4.34314e-07  4.34315e-07 -4.34313e-07
  300.00  1.09018 -6.47969e-05 -6.47969e-05 -6.47969e-05  1.83666e-07  1.83667e-07 -1.83665e-07
  300.00  1.11423 -6.72711e-05 -6.72711e-05 -6.72711e-05 -1.26128e-07 -1.26126e-07  1.26127e-07
  300.00  1.13828 -5.71126e-05 -5.71126e-05 -5.71126e-05 -3.68597e-07 -3.68594e-07  3.68592e-07
  300.00  1.16232 -3.84710e-05 -3.84710e-05 -3.84710e-05 -4.70989e-07 -4.70984e-07  4.70983e-07
  300.00  1.18637 -1.29689e-05 -1.29689e-05 -1.29689e-05 -8.69753e-07 -8.69749e-07  8.69749e-07
  300.00  1.21042  1.60521e-05  1.60521e-05  1.60521e-05 -1.30726e-06 -1.30726e-06  1.30726e-06
  300.00  1.23447  4.61867e-05  4.61867e-05  4.61867e-05 -1.51889e-07 -1.51891e-07  1.51892e-07
  300.00  1.25852  6.97277e-05  6.97277e-05  6.97277e-05  2.52489e-06  2.52489e-06 -2.52489e-06
  300.00  1.28257  7.46636e-05  7.46636e-05  7.46636e-05  3.67929e-06  3.67929e-06 -3.67929e-06
  300.00  1.30661  5.78314e-05  5.78314e-05  5.78314e-05  3.07757e-07  3.07758e-07 -3.07760e-07
  300.00  1.33066  3.33541e-05  3.33541e-05  3.33541e-05 -4.15358e-06 -4.15358e-06  4.15358e-06
  300.00  1.35471  2.50386e-05  2.50386e-05  2.50386e-05 -5.32498e-06 -5.32498e-06  5.32498e-06
  300.00  1.37876  2.74807e-05  2.74807e-05  2.74807e-05 -5.38591e-06 -5.38591e-06  5.38591e-06
  300.00  1.40281  1.73945e-05  1.73945e-05  1.73945e-05 -3.11078e-06 -3.11079e-06  3.11079e-06
  300.00  1.42685 -3.08362e-06 -3.08362e-06 -3.08362e-06  4.56630e-06  4.56629e-06 -4.56630e-06
  300.00  1.45090  2.06499e-06  2.06498e-06  2.06499e-06  9.58187e-06  9.58187e-06 -9.58187e-06
  300.00  1.47495  3.75389e-05  3.75389e-05  3.75389e-05  9.61824e-06  9.61824e-06 -9.61825e-06
  300.00  1.49900  7.73150e-05  7.73150e-05  7.73150e-05  5.54337e-06  5.54338e-06 -5.54337e-06
  300.00  1.52305  8.23071e-05  8.23071e-05  8.23071e-05 -7.66689e-06 -7.66689e-06  7.66689e-06
  300.00  1.54709  3.23425e-06  3.23425e-06  3.23425e-06 -2.53604e-05 -2.53604e-05  2.53604e-05
  300.00  1.57114 -8.35688e-05 -8.35688e-05 -8.35688e-05 -1.31453e-05 -1.31453e-05  1.31453e-05
  300.00  1.59519 -8.81070e-05 -8.81070e-05 -8.81070e-05  2.11768e-06  2.11768e-06 -2.11768e-06
  300.00  1.61924 -5.49442e-05 -5.49441e-05 -5.49441e-05  5.49385e-06  5.49385e-06 -5.49385e-06
  300.00  1.64329 -2.26306e-05 -2.26306e-05 -2.26306e-05  4.05107e-06  4.05107e-06 -4.05107e-06
  300.00  1.66733 -3.59030e-06 -3.59030e-06 -3.59030e-06  3.25700e-07  3.25700e-07 -3.25699e-07
  300.00  1.69138  5.34954e-06  5.34954e-06  5.34954e-06 -1.81273e-06 -1.81273e-06  1.81273e-06
  300.00  1.71543  4.26365e-06  4.26365e-06  4.26365e-06  4.59953e-06  4.59953e-06 -4.59953e-06
  300.00  1.73948 -1.28460e-05 -1.28460e-05 -1.28460e-05  1.30559e-05  1.30559e-05 -1.30559e-05
  300.00  1.76353 -3.02791e-05 -3.02791e-05 -3.02791e-05  6.77688e-06  6.77688e-06 -6.77688e-06
  300.00  1.78758 -3.80322e-05 -3.80322e-05 -3.80322e-05 -4.46550e-06 -4.46550e-06  4.46550e-06
  300.00  1.81162 -3.98731e-05 -3.98731e-05 -3.98731e-05 -7.35562e-06 -7.35562e-06  7.35562e-06
  300.00  1.83567 -3.78159e-05 -3.78159e-05 -3.78159e-05 -3.03289e-06 -3.03289e-06  3.03289e-06
  300.00  1.85972 -2.50082e-05 -2.50082e-05 -2.50082e-05  4.84779e-07  4.84779e-07 -4.84782e-07
  300.00  1.88377  4.15762e-07  4.15767e-07  4.15765e-07  8.87555e-07  8.87555e-07 -8.87558e-07
  300.00  1.90782  2.15015e-05  2.15015e-05  2.15015e-05  3.83704e-07  3.83705e-07 -3.83706e-07
  300.00  1.93186  2.43957e-05  2.43957e-05  2.43957e-05  5.92513e-07  5.92514e-07 -5.92516e-07
  300.00  1.95591  1.36338e-05  1.36338e-05  1.36338e-05  1.77558e-06  1.77558e-06 -1.77558e-06
  300.00  1.97996 -1.08621e-06 -1.08621e-06 -1.08621e-06  2.74153e-06  2.74152e-06 -2.74152e-06
  300.00  2.00401 -6.14222e-06 -6.14221e-06 -6.14221e-06  1.47216e-06  1.47216e-06 -1.47215e-06
  300.00  2.02806  5.04020e-06  5.04021e-06  5.04021e-06 -3.47794e-07 -3.47795e-07  3.47800e-07
  300.00  2.05210  1.27730e-05  1.27730e-05  1.27730e-05 -4.01579e-07 -4.01576e-07  4.01581e-07
  300.00  2.07615 -4.29239e-06 -4.29239e-06 -4.29239e-06  2.71559e-06  2.71559e-06 -2.71559e-06
  300.00  2.10020 -3.55526e-05 -3.55526e-05 -3.55526e-05  3.77135e-06  3.77135e-06 -3.77135e-06
  300.00  2.12425 -3.65819e-05 -3.65819e-05 -3.65819e-05  6.38191e-07  6.38191e-07 -6.38193e-07
  300.00  2.14830 -8.70775e-06 -8.70775e-06 -8.70775e-06 -5.80512e-07 -5.80513e-07  5.80512e-07
  300.00  2.17234  2.77287e-05  2.77287e-05  2.77287e-05  1.15127e-06  1.15127e-06 -1.15127e-06
  300.00  2.19639  6.55537e-05  6.55537e-05  6.55537e-05  2.58606e-06  2.58606e-06 -2.58606e-06
  300.00  2.22044  9.10672e-05  9.10672e-05  9.10672e-05 -5.91089e-07 -5.91089e-07  5.91089e-07
  300.00  2.24449  6.26409e-05  6.26409e-05  6.26409e-05 -8.88535e-06 -8.88535e-06  8.88535e-06
  300.00  2.26854 -1.30421e-05 -1.30421e-05 -1.30421e-05 -9.93926e-06 -9.93926e-06  9.93926e-06
  300.00  2.29259 -6.36712e-05 -6.36712e-05 -6.36712e-05 -3.22214e-06 -3.22214e-06  3.22214e-06
  300.00  2.31663 -8.35066e-05 -8.35066e-05 -8.35066e-05  2.82855e-06  2.82855e-06 -2.82855e-06
  300.00  2.34068 -7.63858e-05 -7.63858e-05 -7.63858e-05  5.70998e-06  5.70998e-06 -5.70998e-06
  300.00  2.36473 -5.18421e-05 -5.18421e-05 -5.18421e-05  4.00820e-06  4.00820e-06 -4.00820e-06
  300.00  2.38878 -2.59729e-05 -2.59729e-05 -2.59729e-05  6.47932e-07  6.47930e-07 -6.47932e-07
  300.00  2.41283 -1.31117e-05 -1.31117e-05 -1.31117e-05 -1.29621e-06 -1.29621e-06  1.29621e-06
  300.00  2.43687 -1.18230e-05 -1.18230e-05 -1.18230e-05 -2.01875e-06 -2.01875e-06  2.01875e-06
  300.00  2.46092  4.52158e-07  4.52160e-07  4.52161e-07 -2.72515e-06 -2.72514e-06  2.72515e-06
  300.00  2.48497  3.37613e-05  3.37613e-05  3.37613e-05 -2.96560e-06 -2.96560e-06  2.96560e-06
  300.00  2.50902  7.50144e-05  7.50144e-05  7.50144e-05 -1.89743e-06 -1.89743e-06  1.89743e-06
  300.00  2.53307  1.05939e-04  1.05939e-04  1.05939e-04  2.58674e-08  2.58660e-08 -2.58659e-08
  300.00  2.55711  1.09952e-04  1.09952e-04  1.09952e-04  6.23444e-07  6.23442e-07 -6.23444e-07
  300.00  2.58116  7.38528e-05  7.38528e-05  7.38528e-05 -1.18871e-06 -1.18871e-06  1.18871e-06
  300.00  2.60521  2.94057e-06  2.94057e-06  2.94057e-06 -3.25961e-06 -3.25961e-06  3.25961e-06
  300.00  2.62926 -4.96936e-05 -4.96936e-05 -4.96936e-05 -7.30039e-07 -7.30038e-07  7.30038e-07
  300.00  2.65331 -4.76665e-05 -4.76665e-05 -4.76665e-05  3.60169e-06  3.60170e-06 -3.60169e-06
  300.00  2.67735 -1.96950e-05 -1.96950e-05 -1.96950e-05  6.00533e-06  6.00533e-06 -6.00533e-06
  300.00  2.70140 -2.79227e-06 -2.79227e-06 -2.79227e-06  6.48080e-06  6.48080e-06 -6.48080e-06
  300.00  2.72545 -1.23648e-05 -1.23648e-05 -1.23648e-05  4.42943e-06  4.42943e-06 -4.42943e-06
  300.00  2.74950 -3.78763e-05 -3.78763e-05 -3.78763e-05  7.72105e-08  7.72118e-08 -7.72092e-08
  300.00  2.77355 -4.47341e-05 -4.47341e-05 -4.47341e-05 -2.94816e-06 -2.94816e-06  2.94816e-06
  300.00  2.79760 -1.81225e-05 -1.81225e-05 -1.81225e-05 -3.81009e-06 -3.81009e-06  3.81009e-06
  300.00  2.82164  2.14966e-05  2.14966e-05  2.14966e-05 -4.57128e-06 -4.57128e-06  4.57127e-06
  300.00  2.84569  4.98965e-05  4.98965e-05  4.98965e-05 -6.21741e-06 -6.21741e-06  6.21741e-06
  300.00  2.86974  4.68556e-05  4.68556e-05  4.68556e-05 -5.49218e-06 -5.49218e-06  5.49217e-06
  300.00  2.89379  1.05959e-05  1.05959e-05  1.05959e-05  8.10486e-07  8.10491e-07 -8.10490e-07
  300.00  2.91784 -3.63575e-05 -3.63575e-05 -3.63575e-05  5.03102e-06  5.03102e-06 -5.03102e-06
  300.00  2.94188 -7.04655e-05 -7.04655e-05 -7.04655e-05  4.81690e-06  4.81690e-06 -4.81689e-06
  300.00  2.96593 -6.86510e-05 -6.86510e-05 -6.86511e-05  2.70408e-06  2.70408e-06 -2.70408e-06
  300.00  2.98998 -3.45091e-05 -3.45091e-05 -3.45091e-05  1.27452e-06  1.27451e-06 -1.27452e-06
  300.00  3.01403  4.66480e-06  4.66480e-06  4.66480e-06  1.10809e-06  1.10809e-06 -1.10809e-06
  300.00  3.03808  2.35238e-05  2.35238e-05  2.35238e-05  2.83150e-07  2.83151e-07 -2.83147e-07
  300.00  3.06212  2.00359e-05  2.00359e-05  2.00359e-05 -3.27072e-06 -3.27071e-06  3.27072e-06
  300.00  3.08617  5.39547e-06  5.39547e-06  5.39547e-06 -4.28923e-06 -4.28922e-06  4.28923e-06
  300.00  3.11022 -1.87158e-05 -1.87158e-05 -1.87158e-05  6.34809e-07  6.34807e-07 -6.34809e-07
  300.00  3.13427 -3.22671e-05 -3.22671e-05 -3.22671e-05  3.19328e-06  3.19328e-06 -3.19328e-06
  300.00  3.15832 -1.94947e-05 -1.94947e-05 -1.94947e-05  2.20308e-06  2.20308e-06 -2.20308e-06
  300.00  3.18236  4.03071e-06  4.03072e-06  4.03072e-06  3.19039e-06  3.19039e-06 -3.19039e-06
  300.00  3.20641  1.79236e-05  1.79236e-05  1.79236e-05  7.91401e-06  7.91401e-06 -7.91401e-06
  300.00  3.23046  1.00160e-05  1.00160e-05  1.00160e-05  7.18573e-06  7.18574e-06 -7.18574e-06
  300.00  3.25451 -9.70731e-06 -9.70731e-06 -9.70730e-06 -4.04661e-06 -4.04661e-06  4.04661e-06
  300.00  3.27856 -1.16410e-05 -1.16410e-05 -1.16410e-05 -1.11146e-05 -1.11146e-05  1.11146e-05
  300.00  3.30261  4.14071e-06  4.14070e-06  4.14071e-06 -1.00040e-05 -1.00040e-05  1.00040e-05
  300.00  3.32665  1.70831e-05  1.70831e-05  1.70831e-05 -7.15175e-06 -7.15175e-06  7.15175e-06
  300.00  3.35070  2.04587e-05  2.04587e-05  2.04587e-05 -7.72007e-06 -7.72007e-06  7.72007e-06
  300.00  3.37475  2.19954e-05  2.19954e-05  2.19954e-05 -7.84593e-06 -7.84593e-06  7.84593e-06
  300.00  3.39880  3.60897e-05  3.60897e-05  3.60897e-05 -1.32732e-06 -1.32732e-06  1.32732e-06
  300.00  3.42285  5.51227e-05  5.51227e-05  5.51227e-05  7.73787e-06  7.73787e-06 -7.73787e-06
  300.00  3.44689  4.54747e-05  4.54747e-05  4.54747e-05  1.24116e-05  1.24116e-05 -1.24116e-05
  300.00  3.47094  3.19258e-06  3.19258e-06  3.19258e-06  5.51446e-06  5.51446e-06 -5.51446e-06
  300.00  3.49499 -2.91709e-05 -2.91709e-05 -2.91709e-05 -1.08917e-06 -1.08917e-06  1.08917e-06
  300.00  3.51904 -3.72952e-05 -3.72952e-05 -3.72952e-05  1.54075e-06  1.54075e-06 -1.54075e-06
  300.00  3.54309 -2.72204e-05 -2.72204e-05 -2.72204e-05  5.85847e-06  5.85847e-06 -5.85847e-06
  300.00  3.56713 -1.04701e-05 -1.04701e-05 -1.04701e-05  6.74259e-06  6.74259e-06 -6.74259e-06
  300.00  3.59118  3.22454e-06  3.22454e-06  3.22454e-06  5.00359e-06  5.00360e-06 -5.00360e-06
  300.00  3.61523  1.68942e-05  1.68942e-05  1.68942e-05  2.98373e-06  2.98373e-06 -2.98373e-06
  300.00  3.63928  1.84058e-05  1.84058e-05  1.84058e-05  8.75601e-07  8.75602e-07 -8.75604e-07
  300.00  3.66333 -8.84273e-07 -8.84272e-07 -8.84278e-07 -3.10132e-06 -3.10132e-06  3.10132e-06
  300.00  3.68737 -2.32369e-05 -2.32369e-05 -2.32369e-05 -6.29318e-06 -6.29318e-06  6.29318e-06
  300.00  3.71142 -4.51854e-05 -4.51854e-05 -4.51854e-05 -3.33912e-06 -3.33912e-06  3.33913e-06
  300.00  3.73547 -4.35236e-05 -4.35236e-05 -4.35236e-05  3.16515e-06  3.16515e-06 -3.16515e-06
  300.00  3.75952 -1.56718e-05 -1.56718e-05 -1.56718e-05  5.93806e-06  5.93806e-06 -5.93806e-06
  300.00  3.78357  1.62154e-05  1.62154e-05  1.62154e-05  4.20810e-06  4.20810e-06 -4.20810e-06
  300.00  3.80762  3.87151e-05  3.87151e-05  3.87151e-05 -1.51071e-06 -1.51071e-06  1.51071e-06
  300.00  3.83166  4.81797e-05  4.81797e-05  4.81797e-05 -9.40432e-06 -9.40431e-06  9.40431e-06
  300.00  3.85571  4.24064e-05  4.24064e-05  4.24064e-05 -1.30504e-05 -1.30504e-05  1.30504e-05
  300.00  3.87976 -2.01844e-06 -2.01845e-06 -2.01844e-06 -7.47242e-06 -7.47243e-06  7.47242e-06
  300.00  3.90381 -6.39368e-05 -6.39368e-05 -6.39368e-05 -1.96071e-06 -1.96072e-06  1.96071e-06
  300.00  3.92786 -6.69352e-05 -6.69352e-05 -6.69352e-05 -1.01029e-06 -1.01029e-06  1.01029e-06
  300.00  3.95190 -2.78264e-05 -2.78264e-05 -2.78264e-05  2.14744e-07  2.14745e-07 -2.14745e-07
  300.00  3.97595  1.99917e-05  1.99917e-05  1.99917e-05  2.12823e-06  2.12823e-06 -2.12823e-06
  300.00  4.00000  6.05919e-05  6.05919e-05  6.05919e-05  5.49230e-06  5.49231e-06 -5.49231e-06
