  300.00 -8.00000  1.57214e+20  1.57214e+20  1.57214e+20 -4.59457e+18 -4.59457e+18  4.59457e+18
  300.00 -7.97595  1.55959e+20  1.55959e+20  1.55959e+20 -4.05396e+18 -4.05397e+18  4.05397e+18
  300.00 -7.95190  1.54813e+20  1.54813e+20  1.54813e+20 -3.53680e+18 -3.53680e+18  3.53680e+18
  300.00 -7.92786  1.54107e+20  1.54107e+20  1.54107e+20 -3.05277e+18 -3.05277e+18  3.05277e+18
  300.00 -7.90381  1.54160e+20  1.54160e+20  1.54160e+20 -2.59975e+18 -2.59975e+18  2.59975e+18
  300.00 -7.87976  1.55232e+20  1.55232e+20  1.55232e+20 -2.17033e+18 -2.17033e+18  2.17033e+18
  300.00 -7.85571  1.57490e+20  1.57490e+20  1.57490e+20 -1.75959e+18 -1.75959e+18  1.75959e+18
  300.00 -7.83166  1.60978e+20  1.60978e+20  1.60978e+20 -1.37161e+18 -1.37161e+18  1.37161e+18
  300.00 -7.80762  1.65595e+20  1.65595e+20  1.65595e+20 -1.02244e+18 -1.02244e+18  1.02244e+18
  300.00 -7.78357  1.71101e+20  1.71101e+20  1.71101e+20 -7.38447e+17 -7.38446e+17  7.38446e+17
  300.00 -7.75952  1.77130e+20  1.77130e+20  1.77130e+20 -5.50353e+17 -5.50351e+17  5.50351e+17
  300.00 -7.73547  1.83232e+20  1.83232e+20  1.83232e+20 -4.85037e+17 -4.85035e+17  4.85034e+17
  300.00 -7.71142  1.88921e+20  1.88921e+20  1.88921e+20 -5.57542e+17 -5.57540e+17  5.57538e+17
  300.00 -7.68737  1.93724e+20  1.93724e+20  1.93724e+20 -7.65425e+17 -7.65422e+17  7.65421e+17
  300.00 -7.66333  1.97222e+20  1.97222e+20  1.97222e+20 -1.08616e+18 -1.08616e+18  1.08616e+18
  300.00 -7.63928  1.99094e+20  1.99094e+20  1.99094e+20 -1.47704e+18 -1.47703e+18  1.47703e+18
  300.00 -7.61523  1.99163e+20  1.99163e+20  1.99163e+20 -1.87678e+18 -1.87678e+18  1.87678e+18
  300.00 -7.59118  1.97467e+20  1.97467e+20  1.97467e+20 -2.20999e+18 -2.20998e+18  2.20998e+18
  300.00 -7.56713  1.94328e+20  1.94328e+20  1.94328e+20 -2.39831e+18 -2.39831e+18  2.39831e+18
  300.00 -7.54309  1.90376e+20  1.90376e+20  1.90376e+20 -2.38267e+18 -2.38266e+18  2.38266e+18
  300.00 -7.51904  1.86485e+20  1.86485e+20  1.86485e+20 -2.15262e+18 -2.15261e+18  2.15261e+18
  300.00 -7.49499  1.83649e+20  1.83649e+20  1.83649e+20 -1.76517e+18 -1.76517e+18  1.76517e+18
  300.00 -7.47094  1.82801e+20  1.82801e+20  1.82801e+20 -1.33019e+18 -1.33018e+18  1.33018e+18
  300.00 -7.44689  1.84409e+20  1.84409e+20  1.84409e+20 -9.66274e+17 -9.66271e+17  9.66270e+17
  300.00 -7.42285  1.88056e+20  1.88056e+20  1.88056e+20 -7.30598e+17 -7.30597e+17  7.30595e+17
  300.00 -7.39880  1.93015e+20  1.93015e+20  1.93015e+20 -5.78239e+17 -5.78239e+17  5.78237e+17
  300.00 -7.37475  1.98864e+20  1.98864e+20  1.98865e+20 -3.40015e+17 -3.40015e+17  3.40014e+17
  300.00 -7.35070  2.07154e+20  2.07154e+20  2.07154e+20 -2.81944e+15 -2.82006e+15  2.81882e+15
  300.00 -7.32665  2.17160e+20  2.17160e+20  2.17160e+20  4.54162e+17  4.54161e+17 -4.54162e+17
  300.00 -7.30261  2.25156e+20  2.25156e+20  2.25156e+20  7.53702e+17  7.53701e+17 -7.53702e+17
  300.00 -7.27856  2.30513e+20  2.30513e+20  2.30513e+20  7.66894e+17  7.66894e+17 -7.66895e+17
  300.00 -7.25451  2.36742e+20  2.36742e+20  2.36742e+20  7.28913e+17  7.28912e+17 -7.28913e+17
  300.00 -7.23046  2.45581e+20  2.45581e+20  2.45581e+20  9.04051e+17  9.04050e+17 -9.04051e+17
  300.00 -7.20641  2.54093e+20  2.54093e+20  2.54093e+20  1.17572e+18  1.17572e+18 -1.17572e+18
  300.00 -7.18236  2.58591e+20  2.58591e+20  2.58591e+20  1.26628e+18  1.26628e+18 -1.26628e+18
  300.00 -7.15832  2.58502e+20  2.58502e+20  2.58502e+20  1.06798e+18  1.06798e+18 -1.06798e+18
  300.00 -7.13427  2.56121e+20  2.56121e+20  2.56121e+20  6.42598e+17  6.42601e+17 -6.42603e+17
  300.00 -7.11022  2.54342e+20  2.54342e+20  2.54342e+20  1.37065e+17  1.37067e+17 -1.37069e+17
  300.00 -7.08617  2.55350e+20  2.55350e+20  2.55350e+20 -2.76362e+17 -2.76361e+17  2.76359e+17
  300.00 -7.06212  2.60682e+20  2.60682e+20  2.60682e+20 -4.70703e+17 -4.70703e+17  4.70702e+17
  300.00 -7.03808  2.69191e+20  2.69191e+20  2.69191e+20 -4.27107e+17 -4.27108e+17  4.27107e+17
  300.00 -7.01403  2.77710e+20  2.77710e+20  2.77710e+20 -2.92045e+17 -2.92046e+17  2.92045e+17
  300.00 -6.98998  2.85237e+20  2.85237e+20  2.85237e+20 -1.71930e+17 -1.71931e+17  1.71931e+17
  300.00 -6.96593  2.90156e+20  2.90156e+20  2.90156e+20 -8.00068e+15 -8.00247e+15  8.00216e+15
  300.00 -6.94188  2.91180e+20  2.91180e+20  2.91180e+20  2.30512e+17  2.30511e+17 -2.30511e+17
  300.00 -6.91784  2.89991e+20  2.89991e+20  2.89991e+20  4.89178e+17  4.89177e+17 -4.89177e+17
  300.00 -6.89379  2.89600e+20  2.89600e+20  2.89600e+20  7.39512e+17  7.39511e+17 -7.39512e+17
  300.00 -6.86974  2.91676e+20  2.91676e+20  2.91676e+20  9.54491e+17  9.54491e+17 -9.54491e+17
  300.00 -6.84569  2.96993e+20  2.96993e+20  2.96993e+20  1.11964e+18  1.11964e+18 -1.11964e+18
  300.00 -6.82164  3.06090e+20  3.06090e+20  3.06090e+20  1.25057e+18  1.25057e+18 -1.25057e+18
  300.00 -6.79760  3.19711e+20  3.19711e+20  3.19711e+20  1.31942e+18  1.31942e+18 -1.31942e+18
  300.00 -6.77355  3.36814e+20  3.36814e+20  3.36814e+20  1.22102e+18  1.22102e+18 -1.22102e+18
  300.00 -6.74950  3.52403e+20  3.52403e+20  3.52403e+20  9.34684e+17  9.34684e+17 -9.34683e+17
  300.00 -6.72545  3.62886e+20  3.62886e+20  3.62886e+20  5.32384e+17  5.32383e+17 -5.32382e+17
  300.00 -6.70140  3.68004e+20  3.68004e+20  3.68004e+20  1.62991e+17  1.62989e+17 -1.62988e+17
  300.00 -6.67735  3.67743e+20  3.67743e+20  3.67743e+20 -3.80442e+16 -3.80460e+16  3.80475e+16
  300.00 -6.65331  3.62803e+20  3.62803e+20  3.62803e+20 -1.12300e+17 -1.12303e+17  1.12304e+17
  300.00 -6.62926  3.56000e+20  3.56000e+20  3.56000e+20 -2.03122e+17 -2.03124e+17  2.03126e+17
  300.00 -6.60521  3.51447e+20  3.51447e+20  3.51447e+20 -3.84208e+17 -3.84209e+17  3.84211e+17
  300.00 -6.58116  3.50496e+20  3.50496e+20  3.50496e+20 -6.48725e+17 -6.48726e+17  6.48728e+17
  300.00 -6.55711  3.54555e+20  3.54555e+20  3.54555e+20 -9.54893e+17 -9.54893e+17  9.54895e+17
  300.00 -6.53307  3.64648e+20  3.64648e+20  3.64648e+20 -1.13203e+18 -1.13203e+18  1.13203e+18
  300.00 -6.50902  3.77989e+20  3.77989e+20  3.77989e+20 -1.10553e+18 -1.10553e+18  1.10553e+18
  300.00 -6.48497  3.91997e+20  3.91997e+20  3.91997e+20 -9.22544e+17 -9.22543e+17  9.22544e+17
  300.00 -6.46092  4.04787e+20  4.04787e+20  4.04787e+20 -6.77478e+17 -6.77478e+17  6.77478e+17
  300.00 -6.43687  4.14215e+20  4.14215e+20  4.14215e+20 -4.70510e+17 -4.70510e+17  4.70510e+17
  300.00 -6.41283  4.19218e+20  4.19218e+20  4.19218e+20 -1.89532e+17 -1.89533e+17  1.89532e+17
  300.00 -6.38878  4.20779e+20  4.20779e+20  4.20779e+20  3.16112e+17  3.16111e+17 -3.16113e+17
  300.00 -6.36473  4.19520e+20  4.19520e+20  4.19520e+20  8.42493e+17  8.42492e+17 -8.42494e+17
  300.00 -6.34068  4.15033e+20  4.15033e+20  4.15033e+20  1.17268e+18  1.17268e+18 -1.17268e+18
  300.00 -6.31663  4.10481e+20  4.10481e+20  4.10481e+20  1.39276e+18  1.39276e+18 -1.39276e+18
  300.00 -6.29259  4.10364e+20  4.10364e+20  4.10364e+20  1.34792e+18  1.34792e+18 -1.34792e+18
  300.00 -6.26854  4.14147e+20  4.14147e+20  4.14147e+20  1.04661e+18  1.04662e+18 -1.04661e+18
  300.00 -6.24449  4.19104e+20  4.19104e+20  4.19104e+20  7.82432e+17  7.82433e+17 -7.82433e+17
  300.00 -6.22044  4.24780e+20  4.24780e+20  4.24780e+20  4.41273e+17  4.41274e+17 -4.41274e+17
  300.00 -6.19639  4.30963e+20  4.30963e+20  4.30963e+20  7.91392e+16  7.91406e+16 -7.91403e+16
  300.00 -6.17234  4.37310e+20  4.37310e+20  4.37310e+20 -1.71957e+17 -1.71955e+17  1.71956e+17
  300.00 -6.14830  4.44950e+20  4.44950e+20  4.44950e+20 -3.34937e+17 -3.34936e+17  3.34936e+17
  300.00 -6.12425  4.55277e+20  4.55277e+20  4.55277e+20 -4.11059e+17 -4.11058e+17  4.11058e+17
  300.00 -6.10020  4.67533e+20  4.67533e+20  4.67533e+20 -4.22691e+17 -4.22690e+17  4.22690e+17
  300.00 -6.07615  4.78252e+20  4.78252e+20  4.78252e+20 -4.22276e+17 -4.22276e+17  4.22275e+17
  300.00 -6.05210  4.83570e+20  4.83570e+20  4.83570e+20 -4.41041e+17 -4.41041e+17  4.41041e+17
  300.00 -6.02806  4.82159e+20  4.82159e+20  4.82159e+20 -4.69761e+17 -4.69762e+17  4.69761e+17
  300.00 -6.00401  4.75916e+20  4.75916e+20  4.75916e+20 -4.82739e+17 -4.82741e+17  4.82741e+17
  300.00 -5.97996  4.68263e+20  4.68263e+20  4.68263e+20 -4.64878e+17 -4.64879e+17  4.64879e+17
  300.00 -5.95591  4.61935e+20  4.61935e+20  4.61935e+20 -4.17392e+17 -4.17394e+17  4.17394e+17
  300.00 -5.93186  4.57949e+20  4.57949e+20  4.57949e+20 -3.51186e+17 -3.51188e+17  3.51188e+17
  300.00 -5.90782  4.56032e+20  4.56032e+20  4.56032e+20 -2.78421e+17 -2.78422e+17  2.78422e+17
  300.00 -5.88377  4.55677e+20  4.55677e+20  4.55677e+20 -2.06621e+17 -2.06621e+17  2.06622e+17
  300.00 -5.85972  4.56776e+20  4.56776e+20  4.56776e+20 -1.37358e+17 -1.37358e+17  1.37358e+17
  300.00 -5.83567  4.59404e+20  4.59404e+20  4.59404e+20 -6.81114e+16 -6.81115e+16  6.81118e+16
  300.00 -5.81162  4.63189e+20  4.63189e+20  4.63189e+20  4.72794e+15  4.72806e+15 -4.72800e+15
  300.00 -5.78758  4.67038e+20  4.67038e+20  4.67038e+20  8.07867e+16  8.07870e+16 -8.07871e+16
  300.00 -5.76353  4.69645e+20  4.69645e+20  4.69645e+20  1.48560e+17  1.48561e+17 -1.48561e+17
  300.00 -5.73948  4.70304e+20  4.70304e+20  4.70304e+20  1.82767e+17  1.82767e+17 -1.82767e+17
  300.00 -5.71543  4.69133e+20  4.69133e+20  4.69133e+20  1.54352e+17  1.54352e+17 -1.54352e+17
  300.00 -5.69138  4.66468e+20  4.66468e+20  4.66468e+20  4.99007e+16  4.99006e+16 -4.99006e+16
  300.00 -5.66733  4.62598e+20  4.62598e+20  4.62598e+20 -1.14245e+17 -1.14245e+17  1.14245e+17
  300.00 -5.64329  4.58479e+20  4.58479e+20  4.58479e+20 -2.92966e+17 -2.92967e+17  2.92966e+17
  300.00 -5.61924  4.54997e+20  4.54997e+20  4.54997e+20 -4.31911e+17 -4.31912e+17  4.31911e+17
  300.00 -5.59519  4.50343e+20  4.50343e+20  4.50343e+20 -5.27846e+17 -5.27847e+17  5.27845e+17
  300.00 -5.57114  4.42957e+20  4.42957e+20  4.42957e+20 -5.03544e+17 -5.03545e+17  5.03543e+17
  300.00 -5.54709  4.33170e+20  4.33170e+20  4.33170e+20 -4.35434e+17 -4.35434e+17  4.35433e+17
  300.00 -5.52305  4.21937e+20  4.21937e+20  4.21937e+20 -3.20950e+17 -3.20950e+17  3.20949e+17
  300.00 -5.49900  4.11569e+20  4.11569e+20  4.11569e+20 -1.81984e+17 -1.81985e+17  1.81984e+17
  300.00 -5.47495  4.04686e+20  4.04686e+20  4.04686e+20 -3.89255e+16 -3.89254e+16  3.89257e+16
  300.00 -5.45090  4.01763e+20  4.01763e+20  4.01763e+20  8.25750e+16  8.25753e+16 -8.25744e+16
  300.00 -5.42685  4.01058e+20  4.01058e+20  4.01058e+20  1.61471e+17  1.61472e+17 -1.61470e+17
  300.00 -5.40281  4.00313e+20  4.00313e+20  4.00313e+20  1.88109e+17  1.88109e+17 -1.88108e+17
  300.00 -5.37876  3.97970e+20  3.97970e+20  3.97970e+20  1.63080e+17  1.63080e+17 -1.63078e+17
  300.00 -5.35471  3.93470e+20  3.93470e+20  3.93470e+20  9.74982e+16  9.74986e+16 -9.74972e+16
  300.00 -5.33066  3.87111e+20  3.87111e+20  3.87111e+20  1.25922e+16  1.25926e+16 -1.25913e+16
  300.00 -5.30661  3.79793e+20  3.79793e+20  3.79793e+20 -6.77478e+16 -6.77475e+16  6.77485e+16
  300.00 -5.28257  3.72838e+20  3.72838e+20  3.72838e+20 -1.28583e+17 -1.28583e+17  1.28584e+17
  300.00 -5.25852  3.67913e+20  3.67913e+20  3.67913e+20 -1.70950e+17 -1.70950e+17  1.70951e+17
  300.00 -5.23447  3.66824e+20  3.66824e+20  3.66824e+20 -2.08672e+17 -2.08672e+17  2.08672e+17
  300.00 -5.21042  3.70819e+20  3.70819e+20  3.70819e+20 -2.60280e+17 -2.60279e+17  2.60280e+17
  300.00 -5.18637  3.79888e+20  3.79888e+20  3.79888e+20 -3.44666e+17 -3.44666e+17  3.44666e+17
  300.00 -5.16232  3.92961e+20  3.92961e+20  3.92961e+20 -4.71179e+17 -4.71178e+17  4.71179e+17
  300.00 -5.13828  4.07603e+20  4.07603e+20  4.07603e+20 -6.15623e+17 -6.15622e+17  6.15623e+17
  300.00 -5.11423  4.18784e+20  4.18784e+20  4.18784e+20 -7.32156e+17 -7.32155e+17  7.32156e+17
  300.00 -5.09018  4.21958e+20  4.21958e+20  4.21958e+20 -8.19837e+17 -8.19835e+17  8.19836e+17
  300.00 -5.06613  4.18831e+20  4.18831e+20  4.18831e+20 -9.12161e+17 -9.12159e+17  9.12160e+17
  300.00 -5.04208  4.15616e+20  4.15616e+20  4.15616e+20 -9.94388e+17 -9.94386e+17  9.94386e+17
  300.00 -5.01804  4.15876e+20  4.15876e+20  4.15876e+20 -9.99949e+17 -9.99947e+17  9.99947e+17
  300.00 -4.99399  4.18317e+20  4.18317e+20  4.18317e+20 -9.37633e+17 -9.37632e+17  9.37632e+17
  300.00 -4.96994  4.19632e+20  4.19632e+20  4.19632e+20 -9.13223e+17 -9.13222e+17  9.13222e+17
  300.00 -4.94589  4.18497e+20  4.18497e+20  4.18497e+20 -9.63770e+17 -9.63769e+17  9.63769e+17
  300.00 -4.92184  4.16247e+20  4.16247e+20  4.16247e+20 -1.03744e+18 -1.03744e+18  1.03744e+18
  300.00 -4.89780  4.13276e+20  4.13276e+20  4.13276e+20 -1.04087e+18 -1.04087e+18  1.04087e+18
  300.00 -4.87375  4.10185e+20  4.10185e+20  4.10185e+20 -9.85179e+17 -9.85180e+17  9.85180e+17
  300.00 -4.84970  4.09113e+20  4.09113e+20  4.09113e+20 -9.23261e+17 -9.23263e+17  9.23263e+17
  300.00 -4.82565  4.11264e+20  4.11264e+20  4.11264e+20 -8.70773e+17 -8.70775e+17  8.70776e+17
  300.00 -4.80160  4.15529e+20  4.15529e+20  4.15529e+20 -8.34080e+17 -8.34084e+17  8.34084e+17
  300.00 -4.77756  4.19403e+20  4.19403e+20  4.19403e+20 -7.96567e+17 -7.96571e+17  7.96572e+17
  300.00 -4.75351  4.21473e+20  4.21473e+20  4.21473e+20 -7.22248e+17 -7.22252e+17  7.22252e+17
  300.00 -4.72946  4.23280e+20  4.23280e+20  4.23280e+20 -6.02059e+17 -6.02062e+17  6.02062e+17
  300.00 -4.70541  4.28330e+20  4.28330e+20  4.28330e+20 -5.01577e+17 -5.01580e+17  5.01579e+17
  300.00 -4.68136  4.38923e+20  4.38923e+20  4.38923e+20 -5.06182e+17 -5.06184e+17  5.06183e+17
  300.00 -4.65731  4.53947e+20  4.53947e+20  4.53947e+20 -5.92500e+17 -5.92501e+17  5.92501e+17
  300.00 -4.63327  4.70693e+20  4.70693e+20  4.70693e+20 -6.25477e+17 -6.25478e+17  6.25478e+17
  300.00 -4.60922  4.87540e+20  4.87540e+20  4.87540e+20 -5.17630e+17 -5.17631e+17  5.17631e+17
  300.00 -4.58517  5.02724e+20  5.02724e+20  5.02724e+20 -3.17083e+17 -3.17083e+17  3.17084e+17
  300.00 -4.56112  5.13141e+20  5.13141e+20  5.13141e+20 -1.29240e+17 -1.29240e+17  1.29240e+17
  300.00 -4.53707  5.16602e+20  5.16602e+20  5.16602e+20 -1.86465e+16 -1.86457e+16  1.86465e+16
  300.00 -4.51303  5.14351e+20  5.14351e+20  5.14351e+20 -7.15924e+15 -7.15857e+15  7.15910e+15
  300.00 -4.48898  5.10034e+20  5.10034e+20  5.10034e+20 -5.06034e+16 -5.06030e+16  5.06033e+16
  300.00 -4.46493  5.09006e+20  5.09006e+20  5.09006e+20 -1.37717e+17 -1.37717e+17  1.37717e+17
  300.00 -4.44088  5.13876e+20  5.13876e+20  5.13876e+20 -2.62143e+17 -2.62143e+17  2.62143e+17
  300.00 -4.41683  5.24622e+20  5.24622e+20  5.24622e+20 -3.91107e+17 -3.91107e+17  3.91107e+17
  300.00 -4.39279  5.39430e+20  5.39430e+20  5.39430e+20 -4.34235e+17 -4.34236e+17  4.34236e+17
  300.00 -4.36874  5.56092e+20  5.56092e+20  5.56092e+20 -3.37754e+17 -3.37755e+17  3.37755e+17
  300.00 -4.34469  5.72993e+20  5.72993e+20  5.72993e+20 -1.72293e+17 -1.72295e+17  1.72296e+17
  300.00 -4.32064  5.89241e+20  5.89241e+20  5.89241e+20 -6.37205e+16 -6.37229e+16  6.37242e+16
  300.00 -4.29659  6.03815e+20  6.03815e+20  6.03815e+20 -2.93355e+16 -2.93387e+16  2.93405e+16
  300.00 -4.27255  6.15207e+20  6.15207e+20  6.15207e+20  3.63091e+16  3.63050e+16 -3.63030e+16
  300.00 -4.24850  6.23002e+20  6.23002e+20  6.23002e+20  1.87935e+17  1.87929e+17 -1.87927e+17
  300.00 -4.22445  6.29244e+20  6.29244e+20  6.29244e+20  2.95324e+17  2.95319e+17 -2.95317e+17
  300.00 -4.20040  6.36244e+20  6.36244e+20  6.36244e+20  4.95616e+17  4.95611e+17 -4.95609e+17
  300.00 -4.17635  6.44105e+20  6.44105e+20  6.44105e+20  5.48881e+17  5.48876e+17 -5.48876e+17
  300.00 -4.15230  6.49904e+20  6.49904e+20  6.49904e+20  5.36415e+17  5.36411e+17 -5.36411e+17
  300.00 -4.12826  6.51846e+20  6.51846e+20  6.51846e+20  4.06871e+17  4.06868e+17 -4.06869e+17
  300.00 -4.10421  6.51343e+20  6.51343e+20  6.51343e+20  1.41724e+17  1.41721e+17 -1.41722e+17
  300.00 -4.08016  6.51471e+20  6.51471e+20  6.51471e+20 -1.39677e+17 -1.39680e+17  1.39679e+17
  300.00 -4.05611  6.54802e+20  6.54802e+20  6.54802e+20 -3.40222e+17 -3.40225e+17  3.40226e+17
  300.00 -4.03206  6.61915e+20  6.61915e+20  6.61915e+20 -4.79971e+17 -4.79973e+17  4.79983e+17
  300.00 -4.00802  6.70854e+20  6.70854e+20  6.70854e+20 -6.04297e+17 -6.04298e+17  6.04341e+17
  300.00 -3.98397  6.78634e+20  6.78634e+20  6.78634e+20 -6.53109e+17 -6.53109e+17  6.53197e+17
  300.00 -3.95992  6.84516e+20  6.84516e+20  6.84516e+20 -5.61789e+17 -5.61789e+17  5.61600e+17
  300.00 -3.93587  6.90975e+20  6.90975e+20  6.90975e+20 -4.82718e+17 -4.82717e+17  4.81599e+17
  300.00 -3.91182  6.99718e+20  6.99718e+20  6.99718e+20 -5.47309e+17 -5.47307e+17  5.50773e+17
  300.00 -3.88778  7.10490e+20  7.10489e+20  7.10489e+20 -5.72369e+17 -5.72366e+17  5.74658e+17
  300.00 -3.86373  7.25116e+20  7.25114e+20  7.25114e+20 -3.80334e+17 -3.80329e+17  4.12454e+17
  300.00 -3.83968  7.43335e+20  7.43338e+20  7.43338e+20 -3.54508e+16 -3.54453e+16  9.42849e+16
  300.00 -3.81563  7.60255e+20  7.60252e+20  7.60252e+20  2.27339e+17  2.27344e+17 -1.71291e+17
  300.00 -3.79158  7.73574e+20  7.73574e+20  7.73574e+20  4.32976e+17  4.32982e+17 -3.15427e+17
  300.00 -3.76754  7.81525e+20  7.81528e+20  7.81528e+20  5.27135e+17  5.27140e+17 -3.65382e+17
  300.00 -3.74349  7.88052e+20  7.88049e+20  7.88049e+20  4.45989e+17  4.45995e+17 -3.16590e+17
  300.00 -3.71944  7.93894e+20  7.93894e+20  7.93894e+20  3.30750e+17  3.30755e+17 -2.08925e+17
  300.00 -3.69539  7.97157e+20  7.97156e+20  7.97156e+20  1.93715e+17  1.93719e+17 -4.71202e+16
  300.00 -3.67134  7.98656e+20  7.98655e+20  7.98655e+20  1.00408e+17  1.00411e+17  5.21239e+16
  300.00 -3.64729  8.03302e+20  8.03303e+20  8.03303e+20  6.63311e+16  6.63331e+16  8.51337e+16
  300.00 -3.62325  8.13362e+20  8.13361e+20  8.13361e+20 -1.09373e+17 -1.09372e+17  2.08912e+17
  300.00 -3.59920  8.24624e+20  8.24623e+20  8.24623e+20 -3.69020e+17 -3.69019e+17  4.81498e+17
  300.00 -3.57515  8.33386e+20  8.33390e+20  8.33390e+20 -4.89890e+17 -4.89890e+17  6.04906e+17
  300.00 -3.55110  8.42111e+20  8.42112e+20  8.42112e+20 -5.16006e+17 -5.16006e+17  6.30456e+17
  300.00 -3.52705  8.49604e+20  8.49601e+20  8.49601e+20 -6.37190e+17 -6.37191e+17  7.25552e+17
  300.00 -3.50301  8.48211e+20  8.48212e+20  8.48212e+20 -7.45196e+17 -7.45196e+17  8.05260e+17
  300.00 -3.47896  8.37096e+20  8.37095e+20  8.37095e+20 -7.33086e+17 -7.33086e+17  7.75036e+17
  300.00 -3.45491  8.25475e+20  8.25475e+20  8.25475e+20 -5.76784e+17 -5.76784e+17  6.34363e+17
  300.00 -3.43086  8.23507e+20  8.23507e+20  8.23507e+20 -3.76927e+17 -3.76927e+17  4.37862e+17
  300.00 -3.40681  8.25520e+20  8.25516e+20  8.25516e+20 -1.83968e+17 -1.83969e+17  2.01254e+17
  300.00 -3.38277  8.21923e+20  8.21922e+20  8.21922e+20 -1.92138e+17 -1.92138e+17  1.91175e+17
  300.00 -3.35872  8.18465e+20  8.18466e+20  8.18466e+20 -1.72288e+17 -1.72287e+17  1.79893e+17
  300.00 -3.33467  8.18387e+20  8.18387e+20  8.18387e+20  3.51117e+15  3.51153e+15 -1.76584e+15
  300.00 -3.31062  8.23606e+20  8.23606e+20  8.23606e+20  2.60775e+17  2.60775e+17 -2.61492e+17
  300.00 -3.28657  8.26733e+20  8.26733e+20  8.26733e+20  5.00639e+17  5.00639e+17 -5.01008e+17
  300.00 -3.26253  8.24122e+20  8.24122e+20  8.24122e+20  5.78254e+17  5.78254e+17 -5.78206e+17
  300.00 -3.23848  8.20847e+20  8.20847e+20  8.20847e+20  4.38457e+17  4.38457e+17 -4.38317e+17
  300.00 -3.21443  8.21002e+20  8.21002e+20  8.21002e+20  1.42418e+17  1.42418e+17 -1.42231e+17
  300.00 -3.19038  8.24933e+20  8.24933e+20  8.24933e+20 -2.09493e+17 -2.09494e+17  2.09734e+17
  300.00 -3.16633  8.31378e+20  8.31378e+20  8.31378e+20 -5.06159e+17 -5.06161e+17  5.06433e+17
  300.00 -3.14228  8.38780e+20  8.38780e+20  8.38780e+20 -6.82244e+17 -6.82246e+17  6.82516e+17
  300.00 -3.11824  8.45941e+20  8.45941e+20  8.45941e+20 -7.55077e+17 -7.55078e+17  7.55315e+17
  300.00 -3.09419  8.52316e+20  8.52316e+20  8.52316e+20 -7.88828e+17 -7.88830e+17  7.89022e+17
  300.00 -3.07014  8.57737e+20  8.57737e+20  8.57737e+20 -8.25175e+17 -8.25175e+17  8.25333e+17
  300.00 -3.04609  8.62161e+20  8.62161e+20  8.62161e+20 -8.50092e+17 -8.50093e+17  8.50243e+17
  300.00 -3.02204  8.65839e+20  8.65839e+20  8.65839e+20 -8.13139e+17 -8.13139e+17  8.13318e+17
  300.00 -2.99800  8.69496e+20  8.69496e+20  8.69496e+20 -6.67198e+17 -6.67197e+17  6.67429e+17
  300.00 -2.97395  8.73884e+20  8.73884e+20  8.73884e+20 -3.96995e+17 -3.96994e+17  3.97287e+17
  300.00 -2.94990  8.79624e+20  8.79624e+20  8.79624e+20 -2.66544e+16 -2.66532e+16  2.69912e+16
  300.00 -2.92585  8.86461e+20  8.86461e+20  8.86461e+20  3.90355e+17  3.90356e+17 -3.90001e+17
  300.00 -2.90180  8.93477e+20  8.93477e+20  8.93477e+20  7.91779e+17  7.91781e+17 -7.91441e+17
  300.00 -2.87776  8.99452e+20  8.99452e+20  8.99452e+20  1.12845e+18  1.12846e+18 -1.12815e+18
  300.00 -2.85371  9.03391e+20  9.03391e+20  9.03391e+20  1.37802e+18  1.37802e+18 -1.37775e+18
  300.00 -2.82966  9.04954e+20  9.04954e+20  9.04954e+20  1.54537e+18  1.54537e+18 -1.54512e+18
  300.00 -2.80561  9.04615e+20  9.04615e+20  9.04615e+20  1.65171e+18  1.65171e+18 -1.65144e+18
  300.00 -2.78156  9.03501e+20  9.03501e+20  9.03501e+20  1.71948e+18  1.71948e+18 -1.71917e+18
  300.00 -2.75752  9.03008e+20  9.03008e+20  9.03008e+20  1.76162e+18  1.76162e+18 -1.76123e+18
  300.00 -2.73347  9.04345e+20  9.04345e+20  9.04345e+20  1.78010e+18  1.78010e+18 -1.77964e+18
  300.00 -2.70942  9.08171e+20  9.08171e+20  9.08171e+20  1.77279e+18  1.77279e+18 -1.77226e+18
  300.00 -2.68537  9.14440e+20  9.14440e+20  9.14440e+20  1.74044e+18  1.74044e+18 -1.73989e+18
  300.00 -2.66132  9.22432e+20  9.22432e+20  9.22432e+20  1.68404e+18  1.68404e+18 -1.68354e+18
  300.00 -2.63727  9.30872e+20  9.30872e+20  9.30872e+20  1.59025e+18  1.59025e+18 -1.58988e+18
  300.00 -2.61323  9.38430e+20  9.38430e+20  9.38430e+20  1.41292e+18  1.41292e+18 -1.41281e+18
  300.00 -2.58918  9.43274e+20  9.43274e+20  9.43274e+20  1.11810e+18  1.11810e+18 -1.11838e+18
  300.00 -2.56513  9.44474e+20  9.44474e+20  9.44474e+20  6.63814e+17  6.63814e+17 -6.64677e+17
  300.00 -2.54108  9.40510e+20  9.40510e+20  9.40510e+20  1.10105e+17  1.10105e+17 -1.11752e+17
  300.00 -2.51703  9.31971e+20  9.31971e+20  9.31971e+20 -4.06032e+17 -4.06033e+17  4.03379e+17
  300.00 -2.49299  9.20415e+20  9.20415e+20  9.20415e+20 -7.31364e+17 -7.31364e+17  7.27484e+17
  300.00 -2.46894  9.07596e+20  9.07596e+20  9.07596e+20 -7.89887e+17 -7.89888e+17  7.84600e+17
  300.00 -2.44489  8.96616e+20  8.96616e+20  8.96616e+20 -6.26443e+17 -6.26445e+17  6.19658e+17
  300.00 -2.42084  8.91236e+20  8.91236e+20  8.91236e+20 -3.65435e+17 -3.65437e+17  3.57225e+17
  300.00 -2.39679  8.93415e+20  8.93415e+20  8.93415e+20 -1.34876e+17 -1.34879e+17  1.25566e+17
  300.00 -2.37275  9.01873e+20  9.01873e+20  9.01873e+20 -1.22313e+16 -1.22348e+16  2.50261e+15
  300.00 -2.34870  9.13825e+20  9.13825e+20  9.13825e+20 -3.22561e+15 -3.22920e+15 -5.77563e+15
  300.00 -2.32465  9.26139e+20  9.26139e+20  9.26139e+20 -5.89873e+16 -5.89905e+16  5.24407e+16
  300.00 -2.30060  9.35806e+20  9.35806e+20  9.35806e+20 -1.27978e+17 -1.27981e+17  1.26315e+17
  300.00 -2.27655  9.42377e+20  9.42376e+20  9.42376e+20 -2.00098e+17 -2.00100e+17  2.06603e+17
  300.00 -2.25251  9.45972e+20  9.45972e+20  9.45972e+20 -2.97016e+17 -2.97018e+17  3.16053e+17
  300.00 -2.22846  9.46826e+20  9.46826e+20  9.46826e+20 -4.29239e+17 -4.29240e+17  4.66589e+17
  300.00 -2.20441  9.47544e+20  9.47543e+20  9.47543e+20 -5.81716e+17 -5.81716e+17  6.45015e+17
  300.00 -2.18036  9.51594e+20  9.51594e+20  9.51594e+20 -7.34364e+17 -7.34365e+17  8.33494e+17
  300.00 -2.15631  9.60782e+20  9.60782e+20  9.60782e+20 -8.78351e+17 -8.78351e+17  1.02543e+18
  300.00 -2.13226  9.73866e+20  9.73866e+20  9.73866e+20 -1.01323e+18 -1.01323e+18  1.22169e+18
  300.00 -2.10822  9.86844e+20  9.86845e+20  9.86845e+20 -1.13845e+18 -1.13845e+18  1.42049e+18
  300.00 -2.08417  9.94996e+20  9.94997e+20  9.94997e+20 -1.24961e+18 -1.24961e+18  1.61184e+18
  300.00 -2.06012  9.95282e+20  9.95282e+20  9.95282e+20 -1.33868e+18 -1.33868e+18  1.77604e+18
  300.00 -2.03607  9.87968e+20  9.87969e+20  9.87969e+20 -1.40439e+18 -1.40439e+18  1.89353e+18
  300.00 -2.01202  9.77505e+20  9.77505e+20  9.77505e+20 -1.46181e+18 -1.46181e+18  1.95690e+18
  300.00 -1.98798  9.70108e+20  9.70108e+20  9.70108e+20 -1.50372e+18 -1.50372e+18  1.94024e+18
  300.00 -1.96393  9.67408e+20  9.67408e+20  9.67408e+20 -1.48463e+18 -1.48463e+18  1.80091e+18
  300.00 -1.93988  9.61513e+20  9.61512e+20  9.61512e+20 -1.42895e+18 -1.42895e+18  1.61732e+18
  300.00 -1.91583  9.49666e+20  9.49665e+20  9.49665e+20 -1.23495e+18 -1.23495e+18  1.42682e+18
  300.00 -1.89178  9.32985e+20  9.32983e+20  9.32983e+20 -7.45140e+17 -7.45137e+17  1.30875e+18
  300.00 -1.86774  9.18453e+20  9.18450e+20  9.18450e+20  1.51095e+17  1.51097e+17  1.43961e+18
  300.00 -1.84369  9.10522e+20  9.10517e+20  9.10517e+20  1.50669e+18  1.50669e+18  1.98222e+18
  300.00 -1.81964  9.08972e+20  9.08967e+20  9.08967e+20  3.30359e+18  3.30359e+18  2.96346e+18
  300.00 -1.79559  9.13268e+20  9.13263e+20  9.13263e+20  5.39558e+18  5.39558e+18  4.27946e+18
  300.00 -1.77154  9.23248e+20  9.23244e+20  9.23244e+20  7.51751e+18  7.51751e+18  5.74119e+18
  300.00 -1.74749  9.37989e+20  9.37986e+20  9.37986e+20  9.34413e+18  9.34413e+18  7.06603e+18
  300.00 -1.72345  9.54734e+20  9.54735e+20  9.54735e+20  1.04691e+19  1.04691e+19  7.84014e+18
  300.00 -1.69940  9.70726e+20  9.70731e+20  9.70731e+20  1.06167e+19  1.06167e+19  7.76527e+18
  300.00 -1.67535  9.84811e+20  9.84819e+20  9.84819e+20  1.00017e+19  1.00017e+19  7.03571e+18
  300.00 -1.65130  9.96396e+20  9.96407e+20  9.96407e+20  8.54791e+18  8.54791e+18  5.54795e+18
  300.00 -1.62725  1.00397e+21  1.00398e+21  1.00398e+21  6.76711e+18  6.76711e+18  3.80664e+18
  300.00 -1.60321  1.00406e+21  1.00407e+21  1.00407e+21  5.76382e+18  5.76382e+18  2.88962e+18
  300.00 -1.57916  9.97104e+20  9.97108e+20  9.97108e+20  5.32200e+18  5.32200e+18  2.53814e+18
  300.00 -1.55511  9.83990e+20  9.83990e+20  9.83990e+20  5.07468e+18  5.07468e+18  2.39612e+18
  300.00 -1.53106  9.65690e+20  9.65685e+20  9.65685e+20  4.89200e+18  4.89200e+18  2.33207e+18
  300.00 -1.50701  9.43759e+20  9.43751e+20  9.43751e+20  4.74465e+18  4.74465e+18  2.32350e+18
  300.00 -1.48297  9.19614e+20  9.19611e+20  9.19611e+20  4.64474e+18  4.64474e+18  2.38788e+18
  300.00 -1.45892  8.94746e+20  8.94747e+20  8.94747e+20  4.50987e+18  4.50987e+18  2.43998e+18
  300.00 -1.43487  8.70921e+20  8.70917e+20  8.70917e+20  4.25319e+18  4.25319e+18  2.39257e+18
  300.00 -1.41082  8.49722e+20  8.49710e+20  8.49710e+20  3.95454e+18  3.95454e+18  2.34202e+18
  300.00 -1.38677  8.33172e+20  8.33161e+20  8.33161e+20  3.68101e+18  3.68101e+18  2.37831e+18
  300.00 -1.36273  8.23492e+20  8.23484e+20  8.23484e+20  3.38599e+18  3.38599e+18  2.47148e+18
  300.00 -1.33868  8.21858e+20  8.21854e+20  8.21854e+20  3.04251e+18  3.04251e+18  2.60264e+18
  300.00 -1.31463  8.28328e+20  8.28326e+20  8.28326e+20  2.66751e+18  2.66751e+18  2.78237e+18
  300.00 -1.29058  8.42369e+20  8.42371e+20  8.42371e+20  2.28012e+18  2.28012e+18  3.00619e+18
  300.00 -1.26653  8.62722e+20  8.62727e+20  8.62727e+20  1.89840e+18  1.89840e+18  3.25695e+18
  300.00 -1.24248  8.87250e+20  8.87258e+20  8.87258e+20  1.54094e+18  1.54094e+18  3.51414e+18
  300.00 -1.21844  9.13451e+20  9.13461e+20  9.13461e+20  1.22320e+18  1.22320e+18  3.75605e+18
  300.00 -1.19439  9.39012e+20  9.39022e+20  9.39022e+20  9.56493e+17  9.56494e+17  3.96189e+18
  300.00 -1.17034  9.61936e+20  9.61959e+20  9.61959e+20  7.68797e+17  7.68798e+17  4.14136e+18
  300.00 -1.14629  9.80465e+20  9.80473e+20  9.80473e+20  6.07444e+17  6.07445e+17  4.19684e+18
  300.00 -1.12224  9.93388e+20  9.93394e+20  9.93394e+20  5.38149e+17  5.38150e+17  4.20068e+18
  300.00 -1.09820  1.00007e+21  1.00008e+21  1.00008e+21  5.47731e+17  5.47733e+17  4.11773e+18
  300.00 -1.07415  1.00052e+21  1.00052e+21  1.00052e+21  6.41830e+17  6.41832e+17  3.94375e+18
  300.00 -1.05010  9.95229e+20  9.95227e+20  9.95227e+20  8.22869e+17  8.22871e+17  3.67892e+18
  300.00 -1.02605  9.85087e+20  9.85082e+20  9.85082e+20  1.08683e+18  1.08683e+18  3.32962e+18
  300.00 -1.00200  9.71264e+20  9.71259e+20  9.71259e+20  1.42027e+18  1.42027e+18  2.91052e+18
  300.00 -0.97796  9.55065e+20  9.55060e+20  9.55060e+20  1.79897e+18  1.79897e+18  2.44574e+18
  300.00 -0.95391  9.37772e+20  9.37768e+20  9.37768e+20  2.18913e+18  2.18913e+18  1.96795e+18
  300.00 -0.92986  9.20550e+20  9.20547e+20  9.20547e+20  2.55138e+18  2.55138e+18  1.51525e+18
  300.00 -0.90581  9.04395e+20  9.04395e+20  9.04395e+20  2.84670e+18  2.84670e+18  1.12609e+18
  300.00 -0.88176  8.90108e+20  8.90110e+20  8.90110e+20  3.04333e+18  3.04333e+18  8.34303e+17
  300.00 -0.85772  8.78260e+20  8.78262e+20  8.78262e+20  3.11891e+18  3.11891e+18  6.61811e+17
  300.00 -0.83367  8.69249e+20  8.69240e+20  8.69240e+20  3.11462e+18  3.11462e+18  6.61669e+17
  300.00 -0.80962  8.63074e+20  8.63073e+20  8.63073e+20  2.89977e+18  2.89977e+18  7.08702e+17
  300.00 -0.78557  8.59910e+20  8.59906e+20  8.59906e+20  2.63016e+18  2.63016e+18  9.11784e+17
  300.00 -0.76152  8.59670e+20  8.59663e+20  8.59663e+20  2.28419e+18  2.28419e+18  1.20921e+18
  300.00 -0.73747  8.62334e+20  8.62324e+20  8.62324e+20  1.88614e+18  1.88614e+18  1.57623e+18
  300.00 -0.71343  8.67926e+20  8.67917e+20  8.67917e+20  1.45675e+18  1.45674e+18  1.98857e+18
  300.00 -0.68938  8.76483e+20  8.76478e+20  8.76478e+20  1.01086e+18  1.01086e+18  2.42436e+18
  300.00 -0.66533  8.87954e+20  8.87953e+20  8.87953e+20  5.58075e+17  5.58073e+17  2.86477e+18
  300.00 -0.64128  9.02050e+20  9.02055e+20  9.02055e+20  1.04868e+17  1.04865e+17  3.29348e+18
  300.00 -0.61723  9.18109e+20  9.18118e+20  9.18118e+20 -3.43057e+17 -3.43061e+17  3.69630e+18
  300.00 -0.59319  9.35004e+20  9.35016e+20  9.35016e+20 -7.79376e+17 -7.79380e+17  4.06140e+18
  300.00 -0.56914  9.51194e+20  9.51205e+20  9.51205e+20 -1.19352e+18 -1.19352e+18  4.38275e+18
  300.00 -0.54509  9.64894e+20  9.64905e+20  9.64905e+20 -1.58509e+18 -1.58510e+18  4.64658e+18
  300.00 -0.52104  9.74442e+20  9.74439e+20  9.74439e+20 -1.87203e+18 -1.87203e+18  4.90983e+18
  300.00 -0.49699  9.78237e+20  9.78235e+20  9.78235e+20 -2.16419e+18 -2.16419e+18  5.05409e+18
  300.00 -0.47295  9.75352e+20  9.75365e+20  9.75365e+20 -2.41918e+18 -2.41918e+18  5.09193e+18
  300.00 -0.44890  9.65770e+20  9.65783e+20  9.65783e+20 -2.51745e+18 -2.51746e+18  5.10704e+18
  300.00 -0.42485  9.50496e+20  9.50508e+20  9.50508e+20 -2.51046e+18 -2.51047e+18  5.04143e+18
  300.00 -0.40080  9.32074e+20  9.32081e+20  9.32081e+20 -2.38911e+18 -2.38912e+18  4.90111e+18
  300.00 -0.37675  9.14169e+20  9.14167e+20  9.14167e+20 -2.16385e+18 -2.16386e+18  4.67865e+18
  300.00 -0.35271  9.00490e+20  9.00479e+20  9.00480e+20 -1.84607e+18 -1.84608e+18  4.36642e+18
  300.00 -0.32866  8.93265e+20  8.93249e+20  8.93249e+20 -1.45071e+18 -1.45072e+18  3.95961e+18
  300.00 -0.30461  8.92191e+20  8.92177e+20  8.92177e+20 -9.96263e+17 -9.96273e+17  3.46385e+18
  300.00 -0.28056  8.94743e+20  8.94736e+20  8.94736e+20 -5.04055e+17 -5.04064e+17  2.89624e+18
  300.00 -0.25651  8.97452e+20  8.97451e+20  8.97451e+20  1.06630e+16  1.06570e+16  2.28841e+18
  300.00 -0.23246  8.98228e+20  8.98213e+20  8.98213e+20  5.35942e+17  5.35939e+17  1.71705e+18
  300.00 -0.20842  8.97964e+20  8.97981e+20  8.97981e+20  9.41266e+17  9.41265e+17  1.00536e+18
  300.00 -0.18437  8.93616e+20  8.93621e+20  8.93621e+20  1.22151e+18  1.22151e+18  5.40510e+17
  300.00 -0.16032  8.92458e+20  8.92442e+20  8.92442e+20  1.48561e+18  1.48560e+18  1.41198e+17
  300.00 -0.13627  8.89269e+20  8.89246e+20  8.89246e+20  1.61894e+18  1.61893e+18 -3.66935e+16
  300.00 -0.11222  8.79611e+20  8.79611e+20  8.79611e+20  1.67579e+18  1.67578e+18 -8.94398e+16
  300.00 -0.08818  8.64058e+20  8.64090e+20  8.64090e+20  1.69272e+18  1.69271e+18 -1.38022e+17
  300.00 -0.06413  8.49021e+20  8.49055e+20  8.49055e+20  1.66630e+18  1.66629e+18 -2.16456e+17
  300.00 -0.04008  8.33313e+20  8.33323e+20  8.33323e+20  1.61044e+18  1.61043e+18 -3.41399e+17
  300.00 -0.01603  8.07460e+20  8.07457e+20  8.07457e+20  1.49104e+18  1.49103e+18 -4.91334e+17
  300.00  0.00802  7.68672e+20  7.68663e+20  7.68663e+20  1.38221e+18  1.38220e+18 -6.93496e+17
  300.00  0.03206  7.26699e+20  7.26691e+20  7.26691e+20  1.33772e+18  1.33771e+18 -9.61876e+17
  300.00  0.05611  6.86102e+20  6.86094e+20  6.86094e+20  1.31668e+18  1.31668e+18 -1.16071e+18
  300.00  0.08016  6.52660e+20  6.52654e+20  6.52654e+20  1.26929e+18  1.26929e+18 -1.19568e+18
  300.00  0.10421  6.29011e+20  6.29009e+20  6.29009e+20  1.11397e+18  1.11397e+18 -1.02699e+18
  300.00  0.12826  6.15130e+20  6.15130e+20  6.15130e+20  8.28691e+17  8.28690e+17 -7.04234e+17
  300.00  0.15230  6.09918e+20  6.09918e+20  6.09918e+20  5.78209e+17  5.78209e+17 -4.35603e+17
  300.00  0.17635  6.12333e+20  6.12333e+20  6.12333e+20  3.94896e+17  3.94896e+17 -2.60508e+17
  300.00  0.20040  6.16180e+20  6.16180e+20  6.16180e+20  2.47746e+17  2.47746e+17 -1.37790e+17
  300.00  0.22445  6.19134e+20  6.19134e+20  6.19134e+20  1.15502e+17  1.15502e+17 -3.47376e+16
  300.00  0.24850  6.23195e+20  6.23195e+20  6.23195e+20 -1.18548e+17 -1.18547e+17  1.72540e+17
  300.00  0.27255  6.31449e+20  6.31449e+20  6.31449e+20 -2.52610e+17 -2.52609e+17  2.85256e+17
  300.00  0.29659  6.40153e+20  6.40153e+20  6.40153e+20 -4.19389e+17 -4.19389e+17  4.36515e+17
  300.00  0.32064  6.51740e+20  6.51740e+20  6.51740e+20 -5.74639e+17 -5.74639e+17  5.81259e+17
  300.00  0.34469  6.67297e+20  6.67297e+20  6.67297e+20 -6.13756e+17 -6.13756e+17  6.13735e+17
  300.00  0.36874  6.85703e+20  6.85703e+20  6.85703e+20 -5.55449e+17 -5.55449e+17  5.51602e+17
  300.00  0.39279  6.99609e+20  6.99609e+20  6.99609e+20 -4.71232e+17 -4.71232e+17  4.65540e+17
  300.00  0.41683  7.02305e+20  7.02305e+20  7.02305e+20 -3.57231e+17 -3.57232e+17  3.51051e+17
  300.00  0.44088  6.97404e+20  6.97404e+20  6.97404e+20 -1.85165e+17 -1.85165e+17  1.79370e+17
  300.00  0.46493  6.93728e+20  6.93728e+20  6.93728e+20  3.94718e+16  3.94709e+16 -4.43840e+16
  300.00  0.48898  6.93749e+20  6.93749e+20  6.93749e+20  2.87643e+17  2.87642e+17 -2.91466e+17
  300.00  0.51303  6.93571e+20  6.93571e+20  6.93571e+20  5.29379e+17  5.29378e+17 -5.32108e+17
  300.00  0.53707  6.89674e+20  6.89674e+20  6.89674e+20  7.37045e+17  7.37044e+17 -7.38803e+17
  300.00  0.56112  6.81484e+20  6.81484e+20  6.81484e+20  9.00708e+17  9.00707e+17 -9.01680e+17
  300.00  0.58517  6.70123e+20  6.70123e+20  6.70123e+20  1.01434e+18  1.01433e+18 -1.01472e+18
  300.00  0.60922  6.56916e+20  6.56916e+20  6.56916e+20  1.06408e+18  1.06407e+18 -1.06406e+18
  300.00  0.63327  6.42855e+20  6.42855e+20  6.42855e+20  1.03201e+18  1.03201e+18 -1.03174e+18
  300.00  0.65731  6.28712e+20  6.28712e+20  6.28712e+20  9.04854e+17  9.04853e+17 -9.04458e+17
  300.00  0.68136  6.15249e+20  6.15249e+20  6.15249e+20  6.77074e+17  6.77072e+17 -6.76631e+17
  300.00  0.70541  6.03278e+20  6.03278e+20  6.03278e+20  3.49590e+17  3.49589e+17 -3.49156e+17
  300.00  0.72946  5.93618e+20  5.93618e+20  5.93618e+20 -7.16889e+16 -7.16906e+16  7.20833e+16
  300.00  0.75351  5.87021e+20  5.87021e+20  5.87021e+20 -5.76429e+17 -5.76431e+17  5.76768e+17
  300.00  0.77756  5.84111e+20  5.84111e+20  5.84111e+20 -1.15028e+18 -1.15028e+18  1.15056e+18
  300.00  0.80160  5.85342e+20  5.85342e+20  5.85342e+20 -1.77565e+18 -1.77565e+18  1.77587e+18
  300.00  0.82565  5.90972e+20  5.90972e+20  5.90972e+20 -2.43274e+18 -2.43274e+18  2.43291e+18
  300.00  0.84970  6.01052e+20  6.01052e+20  6.01052e+20 -3.10078e+18 -3.10078e+18  3.10091e+18
  300.00  0.87375  6.15423e+20  6.15423e+20  6.15423e+20 -3.75918e+18 -3.75918e+18  3.75928e+18
  300.00  0.89780  6.33726e+20  6.33726e+20  6.33726e+20 -4.38863e+18 -4.38863e+18  4.38870e+18
  300.00  0.92184  6.55420e+20  6.55420e+20  6.55420e+20 -4.97201e+18 -4.97201e+18  4.97206e+18
  300.00  0.94589  6.79809e+20  6.79809e+20  6.79809e+20 -5.49508e+18 -5.49508e+18  5.49511e+18
  300.00  0.96994  7.06075e+20  7.06075e+20  7.06075e+20 -5.94687e+18 -5.94687e+18  5.94690e+18
  300.00  0.99399  7.33315e+20  7.33315e+20  7.33315e+20 -6.31989e+18 -6.31989e+18  6.31991e+18
  300.00  1.01804  7.60584e+20  7.60584e+20  7.60584e+20 -6.60995e+18 -6.60995e+18  6.60996e+18
  300.00  1.04208  7.86940e+20  7.86940e+20  7.86940e+20 -6.81586e+18 -6.81586e+18  6.81586e+18
  300.00  1.06613  8.11483e+20  8.11483e+20  8.11483e+20 -6.93889e+18 -6.93889e+18  6.93889e+18
  300.00  1.09018  8.33397e+20  8.33397e+20  8.33397e+20 -6.98216e+18 -6.98216e+18  6.98216e+18
  300.00  1.11423  8.51988e+20  8.51988e+20  8.51988e+20 -6.94993e+18 -6.94993e+18  6.94994e+18
  300.00  1.13828  8.66711e+20  8.66711e+20  8.66711e+20 -6.84698e+18 -6.84698e+18  6.84698e+18
  300.00  1.16232  8.77195e+20  8.77195e+20  8.77195e+20 -6.67798e+18 -6.67798e+18  6.67798e+18
  300.00  1.18637  8.83256e+20  8.83256e+20  8.83256e+20 -6.44711e+18 -6.44711e+18  6.44711e+18
  300.00  1.21042  8.84903e+20  8.84903e+20  8.84903e+20 -6.15776e+18 -6.15776e+18  6.15776e+18
  300.00  1.23447  8.82334e+20  8.82334e+20  8.82334e+20 -5.81244e+18 -5.81244e+18  5.81244e+18
  300.00  1.25852  8.75925e+20  8.75925e+20  8.75925e+20 -5.41293e+18 -5.41293e+18  5.41293e+18
  300.00  1.28257  8.66211e+20  8.66211e+20  8.66211e+20 -4.96051e+18 -4.96051e+18  4.96051e+18
  300.00  1.30661  8.53855e+20  8.53855e+20  8.53855e+20 -4.45637e+18 -4.45637e+18  4.45637e+18
  300.00  1.33066  8.39622e+20  8.39622e+20  8.39622e+20 -3.90211e+18 -3.90211e+18  3.90211e+18
  300.00  1.35471  8.24336e+20  8.24336e+20  8.24336e+20 -3.30026e+18 -3.30027e+18  3.30027e+18
  300.00  1.37876  8.08846e+20  8.08846e+20  8.08846e+20 -2.65474e+18 -2.65474e+18  2.65474e+18
  300.00  1.40281  7.93985e+20  7.93985e+20  7.93985e+20 -1.97124e+18 -1.97124e+18  1.97124e+18
  300.00  1.42685  7.80534e+20  7.80534e+20  7.80534e+20 -1.25756e+18 -1.25756e+18  1.25756e+18
  300.00  1.45090  7.69187e+20  7.69187e+20  7.69187e+20 -5.23658e+17 -5.23660e+17  5.23659e+17
  300.00  1.47495  7.60523e+20  7.60523e+20  7.60523e+20  2.18396e+17  2.18395e+17 -2.18395e+17
  300.00  1.49900  7.54982e+20  7.54982e+20  7.54982e+20  9.54663e+17  9.54662e+17 -9.54662e+17
  300.00  1.52305  7.52850e+20  7.52850e+20  7.52850e+20  1.66975e+18  1.66975e+18 -1.66975e+18
  300.00  1.54709  7.54252e+20  7.54252e+20  7.54252e+20  2.34737e+18  2.34737e+18 -2.34737e+18
  300.00  1.57114  7.59149e+20  7.59149e+20  7.59149e+20  2.97099e+18  2.97099e+18 -2.97099e+18
  300.00  1.59519  7.67351e+20  7.67351e+20  7.67351e+20  3.52455e+18  3.52455e+18 -3.52455e+18
  300.00  1.61924  7.78526e+20  7.78526e+20  7.78526e+20  3.99314e+18  3.99314e+18 -3.99314e+18
  300.00  1.64329  7.92230e+20  7.92230e+20  7.92230e+20  4.36373e+18  4.36374e+18 -4.36374e+18
  300.00  1.66733  8.07925e+20  8.07925e+20  8.07925e+20  4.62575e+18  4.62575e+18 -4.62575e+18
  300.00  1.69138  8.25015e+20  8.25015e+20  8.25015e+20  4.77152e+18  4.77153e+18 -4.77152e+18
  300.00  1.71543  8.42875e+20  8.42875e+20  8.42875e+20  4.79667e+18  4.79667e+18 -4.79667e+18
  300.00  1.73948  8.60886e+20  8.60886e+20  8.60886e+20  4.70026e+18  4.70026e+18 -4.70026e+18
  300.00  1.76353  8.78463e+20  8.78463e+20  8.78463e+20  4.48486e+18  4.48487e+18 -4.48487e+18
  300.00  1.78758  8.95084e+20  8.95084e+20  8.95084e+20  4.15646e+18  4.15646e+18 -4.15646e+18
  300.00  1.81162  9.10313e+20  9.10313e+20  9.10313e+20  3.72417e+18  3.72417e+18 -3.72417e+18
  300.00  1.83567  9.23816e+20  9.23816e+20  9.23816e+20  3.19997e+18  3.19997e+18 -3.19997e+18
  300.00  1.85972  9.35373e+20  9.35373e+20  9.35373e+20  2.59820e+18  2.59821e+18 -2.59821e+18
  300.00  1.88377  9.44883e+20  9.44883e+20  9.44883e+20  1.93518e+18  1.93518e+18 -1.93518e+18
  300.00  1.90782  9.52358e+20  9.52358e+20  9.52358e+20  1.22861e+18  1.22861e+18 -1.22861e+18
  300.00  1.93186  9.57919e+20  9.57919e+20  9.57919e+20  4.97077e+17  4.97077e+17 -4.97077e+17
  300.00  1.95591  9.61777e+20  9.61777e+20  9.61777e+20 -2.40459e+17 -2.40458e+17  2.40458e+17
  300.00  1.97996  9.64216e+20  9.64216e+20  9.64216e+20 -9.65189e+17 -9.65189e+17  9.65189e+17
  300.00  2.00401  9.65573e+20  9.65573e+20  9.65573e+20 -1.65894e+18 -1.65894e+18  1.65894e+18
  300.00  2.02806  9.66209e+20  9.66209e+20  9.66209e+20 -2.30462e+18 -2.30462e+18  2.30462e+18
  300.00  2.05210  9.66489e+20  9.66489e+20  9.66489e+20 -2.88663e+18 -2.88663e+18  2.88663e+18
  300.00  2.07615  9.66756e+20  9.66756e+20  9.66756e+20 -3.39125e+18 -3.39125e+18  3.39125e+18
  300.00  2.10020  9.67312e+20  9.67312e+20  9.67312e+20 -3.80692e+18 -3.80692e+18  3.80692e+18
  300.00  2.12425  9.68401e+20  9.68401e+20  9.68401e+20 -4.12451e+18 -4.12451e+18  4.12451e+18
  300.00  2.14830  9.70197e+20  9.70197e+20  9.70197e+20 -4.33755e+18 -4.33755e+18  4.33755e+18
  300.00  2.17234  9.72792e+20  9.72792e+20  9.72792e+20 -4.44227e+18 -4.44227e+18  4.44227e+18
  300.00  2.19639  9.76201e+20  9.76201e+20  9.76201e+20 -4.43772e+18 -4.43772e+18  4.43772e+18
  300.00  2.22044  9.80360e+20  9.80360e+20  9.80360e+20 -4.32567e+18 -4.32567e+18  4.32567e+18
  300.00  2.24449  9.85133e+20  9.85133e+20  9.85133e+20 -4.11052e+18 -4.11052e+18  4.11051e+18
  300.00  2.26854  9.90329e+20  9.90329e+20  9.90329e+20 -3.79906e+18 -3.79906e+18  3.79906e+18
  300.00  2.29259  9.95712e+20  9.95712e+20  9.95712e+20 -3.40022e+18 -3.40022e+18  3.40022e+18
  300.00  2.31663  1.00102e+21  1.00102e+21  1.00102e+21 -2.92470e+18 -2.92470e+18  2.92470e+18
  300.00  2.34068  1.00599e+21  1.00599e+21  1.00599e+21 -2.38459e+18 -2.38459e+18  2.38459e+18
  300.00  2.36473  1.01037e+21  1.01037e+21  1.01037e+21 -1.79294e+18 -1.79294e+18  1.79293e+18
  300.00  2.38878  1.01393e+21  1.01393e+21  1.01393e+21 -1.16333e+18 -1.16333e+18  1.16333e+18
  300.00  2.41283  1.01648e+21  1.01648e+21  1.01648e+21 -5.09473e+17 -5.09471e+17  5.09469e+17
  300.00  2.43687  1.01789e+21  1.01789e+21  1.01789e+21  1.55191e+17  1.55193e+17 -1.55195e+17
  300.00  2.46092  1.01812e+21  1.01812e+21  1.01812e+21  8.17825e+17  8.17827e+17 -8.17828e+17
  300.00  2.48497  1.01715e+21  1.01715e+21  1.01715e+21  1.46647e+18  1.46647e+18 -1.46647e+18
  300.00  2.50902  1.01506e+21  1.01506e+21  1.01506e+21  2.09026e+18  2.09026e+18 -2.09026e+18
  300.00  2.53307  1.01200e+21  1.01200e+21  1.01200e+21  2.67957e+18  2.67957e+18 -2.67957e+18
  300.00  2.55711  1.00816e+21  1.00816e+21  1.00816e+21  3.22608e+18  3.22608e+18 -3.22608e+18
  300.00  2.58116  1.00378e+21  1.00378e+21  1.00378e+21  3.72286e+18  3.72286e+18 -3.72286e+18
  300.00  2.60521  9.99128e+20  9.99128e+20  9.99128e+20  4.16429e+18  4.16429e+18 -4.16429e+18
  300.00  2.62926  9.94511e+20  9.94511e+20  9.94511e+20  4.54609e+18  4.54609e+18 -4.54609e+18
  300.00  2.65331  9.90224e+20  9.90224e+20  9.90224e+20  4.86522e+18  4.86522e+18 -4.86522e+18
  300.00  2.67735  9.86553e+20  9.86553e+20  9.86553e+20  5.11990e+18  5.11990e+18 -5.11990e+18
  300.00  2.70140  9.83760e+20  9.83760e+20  9.83760e+20  5.30950e+18  5.30950e+18 -5.30950e+18
  300.00  2.72545  9.82065e+20  9.82065e+20  9.82065e+20  5.43459e+18  5.43459e+18 -5.43459e+18
  300.00  2.74950  9.81641e+20  9.81641e+20  9.81641e+20  5.49687e+18  5.49687e+18 -5.49687e+18
  300.00  2.77355  9.82604e+20  9.82604e+20  9.82604e+20  5.49921e+18  5.49921e+18 -5.49921e+18
  300.00  2.79760  9.85007e+20  9.85007e+20  9.85007e+20  5.44566e+18  5.44566e+18 -5.44566e+18
  300.00  2.82164  9.88840e+20  9.88840e+20  9.88840e+20  5.34140e+18  5.34139e+18 -5.34139e+18
  300.00  2.84569  9.94031e+20  9.94031e+20  9.94031e+20  5.19273e+18  5.19273e+18 -5.19273e+18
  300.00  2.86974  1.00045e+21  1.00045e+21  1.00045e+21  5.00703e+18  5.00703e+18 -5.00703e+18
  300.00  2.89379  1.00791e+21  1.00791e+21  1.00791e+21  4.79257e+18  4.79257e+18 -4.79257e+18
  300.00  2.91784  1.01620e+21  1.01620e+21  1.01620e+21  4.55840e+18  4.55839e+18 -4.55839e+18
  300.00  2.94188  1.02506e+21  1.02506e+21  1.02506e+21  4.31405e+18  4.31404e+18 -4.31404e+18
  300.00  2.96593  1.03422e+21  1.03422e+21  1.03422e+21  4.06928e+18  4.06927e+18 -4.06927e+18
  300.00  2.98998  1.04339e+21  1.04339e+21  1.04339e+21  3.83370e+18  3.83370e+18 -3.83370e+18
  300.00  3.01403  1.05229e+21  1.05229e+21  1.05229e+21  3.61641e+18  3.61641e+18 -3.61641e+18
  300.00  3.03808  1.06067e+21  1.06067e+21  1.06067e+21  3.42557e+18  3.42557e+18 -3.42557e+18
  300.00  3.06212  1.06829e+21  1.06829e+21  1.06829e+21  3.26800e+18  3.26800e+18 -3.26800e+18
  300.00  3.08617  1.07495e+21  1.07495e+21  1.07495e+21  3.14883e+18  3.14883e+18 -3.14883e+18
  300.00  3.11022  1.08047e+21  1.08047e+21  1.08047e+21  3.07119e+18  3.07119e+18 -3.07119e+18
  300.00  3.13427  1.08476e+21  1.08476e+21  1.08476e+21  3.03594e+18  3.03594e+18 -3.03594e+18
  300.00  3.15832  1.08772e+21  1.08772e+21  1.08772e+21  3.04157e+18  3.04156e+18 -3.04157e+18
  300.00  3.18236  1.08935e+21  1.08935e+21  1.08935e+21  3.08413e+18  3.08413e+18 -3.08413e+18
  300.00  3.20641  1.08967e+21  1.08967e+21  1.08967e+21  3.15740e+18  3.15740e+18 -3.15740e+18
  300.00  3.23046  1.08874e+21  1.08874e+21  1.08874e+21  3.25301e+18  3.25301e+18 -3.25301e+18
  300.00  3.25451  1.08666e+21  1.08666e+21  1.08666e+21  3.36087e+18  3.36087e+18 -3.36087e+18
  300.00  3.27856  1.08358e+21  1.08358e+21  1.08358e+21  3.46951e+18  3.46951e+18 -3.46951e+18
  300.00  3.30261  1.07964e+21  1.07964e+21  1.07964e+21  3.56666e+18  3.56666e+18 -3.56666e+18
  300.00  3.32665  1.07503e+21  1.07503e+21  1.07503e+21  3.63974e+18  3.63974e+18 -3.63974e+18
  300.00  3.35070  1.06992e+21  1.06992e+21  1.06992e+21  3.67649e+18  3.67649e+18 -3.67649e+18
  300.00  3.37475  1.06451e+21  1.06451e+21  1.06451e+21  3.66550e+18  3.66550e+18 -3.66550e+18
  300.00  3.39880  1.05895e+21  1.05895e+21  1.05895e+21  3.59670e+18  3.59670e+18 -3.59670e+18
  300.00  3.42285  1.05343e+21  1.05343e+21  1.05343e+21  3.46184e+18  3.46184e+18 -3.46184e+18
  300.00  3.44689  1.04808e+21  1.04808e+21  1.04808e+21  3.25477e+18  3.25477e+18 -3.25477e+18
  300.00  3.47094  1.04302e+21  1.04302e+21  1.04302e+21  2.97169e+18  2.97169e+18 -2.97169e+18
  300.00  3.49499  1.03835e+21  1.03835e+21  1.03835e+21  2.61120e+18  2.61121e+18 -2.61121e+18
  300.00  3.51904  1.03413e+21  1.03413e+21  1.03413e+21  2.17427e+18  2.17427e+18 -2.17427e+18
  300.00  3.54309  1.03041e+21  1.03041e+21  1.03041e+21  1.66401e+18  1.66401e+18 -1.66401e+18
  300.00  3.56713  1.02719e+21  1.02719e+21  1.02719e+21  1.08541e+18  1.08542e+18 -1.08542e+18
  300.00  3.59118  1.02445e+21  1.02445e+21  1.02445e+21  4.44956e+17  4.44958e+17 -4.44958e+17
  300.00  3.61523  1.02217e+21  1.02217e+21  1.02217e+21 -2.49870e+17 -2.49868e+17  2.49868e+17
  300.00  3.63928  1.02027e+21  1.02027e+21  1.02027e+21 -9.91029e+17 -9.91027e+17  9.91027e+17
  300.00  3.66333  1.01870e+21  1.01870e+21  1.01870e+21 -1.77043e+18 -1.77043e+18  1.77043e+18
  300.00  3.68737  1.01736e+21  1.01736e+21  1.01736e+21 -2.58037e+18 -2.58037e+18  2.58037e+18
  300.00  3.71142  1.01618e+21  1.01618e+21  1.01618e+21 -3.41392e+18 -3.41392e+18  3.41392e+18
  300.00  3.73547  1.01505e+21  1.01505e+21  1.01505e+21 -4.26522e+18 -4.26522e+18  4.26522e+18
  300.00  3.75952  1.01390e+21  1.01390e+21  1.01390e+21 -5.12964e+18 -5.12964e+18  5.12964e+18
  300.00  3.78357  1.01264e+21  1.01264e+21  1.01264e+21 -6.00387e+18 -6.00387e+18  6.00387e+18
  300.00  3.80762  1.01121e+21  1.01121e+21  1.01121e+21 -6.88582e+18 -6.88582e+18  6.88582e+18
  300.00  3.83166  1.00955e+21  1.00955e+21  1.00955e+21 -7.77443e+18 -7.77443e+18  7.77443e+18
  300.00  3.85571  1.00760e+21  1.00760e+21  1.00760e+21 -8.66942e+18 -8.66943e+18  8.66943e+18
  300.00  3.87976  1.00535e+21  1.00535e+21  1.00535e+21 -9.57089e+18 -9.57089e+18  9.57089e+18
  300.00  3.90381  1.00278e+21  1.00278e+21  1.00278e+21 -1.04789e+19 -1.04789e+19  1.04789e+19
  300.00  3.92786  9.99879e+20  9.99879e+20  9.99879e+20 -1.13930e+19 -1.13930e+19  1.13930e+19
  300.00  3.95190  9.96665e+20  9.96665e+20  9.96665e+20 -1.23118e+19 -1.23118e+19  1.23118e+19
  300.00  3.97595  9.93158e+20  9.93158e+20  9.93158e+20 -1.32327e+19 -1.32327e+19  1.32327e+19
  300.00  4.00000  9.89386e+20  9.89386e+20  9.89386e+20 -1.41515e+19 -1.41515e+19  1.41515e+19
