0.00000 0.00000e+00
0.00258 6.40473e-04
0.00517 2.60719e-03
0.00775 6.04076e-03
0.01033 1.11911e-02
0.01292 1.84399e-02
0.01550 2.83272e-02
0.01809 4.15673e-02
0.02067 5.90019e-02
0.02325 8.13711e-02
0.02584 1.08693e-01
0.02842 1.39093e-01
0.03100 1.67677e-01
0.03359 1.87436e-01
0.03617 1.93412e-01
0.03875 1.86309e-01
0.04134 1.71071e-01
0.04392 1.52929e-01
0.04651 1.35300e-01
0.04909 1.19822e-01
0.05167 1.07045e-01
0.05426 9.69678e-02
0.05684 8.93372e-02
0.05942 8.38028e-02
0.06201 8.00026e-02
0.06459 7.76096e-02
0.06717 7.63486e-02
0.06976 7.58327e-02
0.07234 7.64518e-02
0.07493 7.75380e-02
0.07751 7.91666e-02
0.08009 8.12685e-02
0.08268 8.37803e-02
0.08526 8.66442e-02
0.08784 8.98048e-02
0.09043 9.32085e-02
0.09301 9.68036e-02
0.09559 1.00541e-01
0.09818 1.04377e-01
0.10076 1.08271e-01
0.10335 1.12191e-01
0.10593 1.16113e-01
0.10851 1.20019e-01
0.11110 1.23898e-01
0.11368 1.27747e-01
0.11626 1.31567e-01
0.11885 1.35362e-01
0.12143 1.39141e-01
0.12401 1.42912e-01
0.12660 1.46684e-01
0.12918 1.50465e-01
0.13176 1.54262e-01
0.13435 1.58081e-01
0.13693 1.61927e-01
0.13952 1.65803e-01
0.14210 1.69712e-01
0.14468 1.73654e-01
0.14727 1.77630e-01
0.14985 1.81640e-01
0.15243 1.85685e-01
0.15502 1.89762e-01
0.15760 1.93872e-01
0.16018 1.98013e-01
0.16277 2.02185e-01
0.16535 2.06387e-01
0.16794 2.10617e-01
0.17052 2.14876e-01
0.17310 2.19160e-01
0.17569 2.23471e-01
0.17827 2.27807e-01
0.18085 2.32166e-01
0.18344 2.36548e-01
0.18602 2.40952e-01
0.18860 2.45376e-01
0.19119 2.49819e-01
0.19377 2.54279e-01
0.19636 2.58756e-01
0.19894 2.63248e-01
0.20152 2.67752e-01
0.20411 2.72268e-01
0.20669 2.76793e-01
0.20927 2.81326e-01
0.21186 2.85865e-01
0.21444 2.90409e-01
0.21702 2.94954e-01
0.21961 2.99500e-01
0.22219 3.04045e-01
0.22478 3.08586e-01
0.22736 3.13123e-01
0.22994 3.17653e-01
0.23253 3.22175e-01
0.23511 3.26687e-01
0.23769 3.31189e-01
0.24028 3.35680e-01
0.24286 3.40158e-01
0.24544 3.44622e-01
0.24803 3.49073e-01
0.25061 3.53509e-01
0.25320 3.57931e-01
0.25578 3.62339e-01
0.25836 3.66733e-01
0.26095 3.71114e-01
0.26353 3.75482e-01
0.26611 3.79839e-01
0.26870 3.84184e-01
0.27128 3.88520e-01
0.27386 3.92847e-01
0.27645 3.97166e-01
0.27903 4.01480e-01
0.28162 4.05789e-01
0.28420 4.10096e-01
0.28678 4.14400e-01
0.28937 4.18705e-01
0.29195 4.23012e-01
0.29453 4.27321e-01
0.29712 4.31635e-01
0.29970 4.35955e-01
0.30228 4.40282e-01
0.30487 4.44616e-01
0.30745 4.48958e-01
0.31004 4.53308e-01
0.31262 4.57667e-01
0.31520 4.62035e-01
0.31779 4.66409e-01
0.32037 4.70789e-01
0.32295 4.75174e-01
0.32554 4.79561e-01
0.32812 4.83948e-01
0.33070 4.88332e-01
0.33329 4.92709e-01
0.33587 4.97076e-01
0.33845 5.01430e-01
0.34104 5.05765e-01
0.34362 5.10077e-01
0.34621 5.14362e-01
0.34879 5.18615e-01
0.35137 5.22830e-01
0.35396 5.27004e-01
0.35654 5.31132e-01
0.35912 5.35209e-01
0.36171 5.39230e-01
0.36429 5.43192e-01
0.36687 5.47090e-01
0.36946 5.50922e-01
0.37204 5.54683e-01
0.37463 5.58371e-01
0.37721 5.61984e-01
0.37979 5.65518e-01
0.38238 5.68971e-01
0.38496 5.72342e-01
0.38754 5.75630e-01
0.39013 5.78831e-01
0.39271 5.81947e-01
0.39529 5.84974e-01
0.39788 5.87913e-01
0.40046 5.90763e-01
0.40305 5.93522e-01
0.40563 5.96191e-01
0.40821 5.98770e-01
0.41080 6.01258e-01
0.41338 6.03656e-01
0.41596 6.05966e-01
0.41855 6.08187e-01
0.42113 6.10322e-01
0.42371 6.12374e-01
0.42630 6.14347e-01
0.42888 6.16245e-01
0.43147 6.18075e-01
0.43405 6.19843e-01
0.43663 6.21558e-01
0.43922 6.23232e-01
0.44180 6.24877e-01
0.44438 6.26507e-01
0.44697 6.28141e-01
0.44955 6.29796e-01
0.45213 6.31497e-01
0.45472 6.33265e-01
0.45730 6.35129e-01
0.45989 6.37117e-01
0.46247 6.39260e-01
0.46505 6.41590e-01
0.46764 6.44140e-01
0.47022 6.46944e-01
0.47280 6.50036e-01
0.47539 6.53448e-01
0.47797 6.57211e-01
0.48055 6.61355e-01
0.48314 6.65904e-01
0.48572 6.70881e-01
0.48831 6.76303e-01
0.49089 6.82181e-01
0.49347 6.88525e-01
0.49606 6.95335e-01
0.49864 7.02610e-01
0.50122 7.10341e-01
0.50381 7.18517e-01
0.50639 7.27121e-01
0.50897 7.36134e-01
0.51156 7.45535e-01
0.51414 7.55298e-01
0.51673 7.65400e-01
0.51931 7.75814e-01
0.52189 7.86515e-01
0.52448 7.97478e-01
0.52706 8.08677e-01
0.52964 8.20089e-01
0.53223 8.31693e-01
0.53481 8.43465e-01
0.53739 8.55387e-01
0.53998 8.67438e-01
0.54256 8.79601e-01
0.54515 8.91855e-01
0.54773 9.04184e-01
0.55031 9.16568e-01
0.55290 9.28988e-01
0.55548 9.41422e-01
0.55806 9.53851e-01
0.56065 9.66251e-01
0.56323 9.78600e-01
0.56581 9.90875e-01
0.56840 1.00305e+00
0.57098 1.01512e+00
0.57356 1.02705e+00
0.57615 1.03884e+00
0.57873 1.05048e+00
0.58132 1.06195e+00
0.58390 1.07327e+00
0.58648 1.08444e+00
0.58907 1.09546e+00
0.59165 1.10634e+00
0.59423 1.11710e+00
0.59682 1.12775e+00
0.59940 1.13828e+00
0.60198 1.14871e+00
0.60457 1.15905e+00
0.60715 1.16929e+00
0.60974 1.17943e+00
0.61232 1.18947e+00
0.61490 1.19940e+00
0.61749 1.20922e+00
0.62007 1.21891e+00
0.62265 1.22847e+00
0.62524 1.23789e+00
0.62782 1.24716e+00
0.63040 1.25626e+00
0.63299 1.26519e+00
0.63557 1.27394e+00
0.63816 1.28250e+00
0.64074 1.29088e+00
0.64332 1.29907e+00
0.64591 1.30707e+00
0.64849 1.31489e+00
0.65107 1.32252e+00
0.65366 1.32998e+00
0.65624 1.33727e+00
0.65882 1.34440e+00
0.66141 1.35140e+00
0.66399 1.35827e+00
0.66658 1.36503e+00
0.66916 1.37169e+00
0.67174 1.37829e+00
0.67433 1.38482e+00
0.67691 1.39133e+00
0.67949 1.39782e+00
0.68208 1.40432e+00
0.68466 1.41085e+00
0.68724 1.41743e+00
0.68983 1.42409e+00
0.69241 1.43084e+00
0.69500 1.43772e+00
0.69758 1.44473e+00
0.70016 1.45190e+00
0.70275 1.45925e+00
0.70533 1.46679e+00
0.70791 1.47455e+00
0.71050 1.48252e+00
0.71308 1.49072e+00
0.71566 1.49916e+00
0.71825 1.50784e+00
0.72083 1.51675e+00
0.72342 1.52590e+00
0.72600 1.53526e+00
0.72858 1.54483e+00
0.73117 1.55458e+00
0.73375 1.56448e+00
0.73633 1.57449e+00
0.73892 1.58458e+00
0.74150 1.59471e+00
0.74408 1.60482e+00
0.74667 1.61486e+00
0.74925 1.62478e+00
0.75184 1.63452e+00
0.75442 1.64404e+00
0.75700 1.65330e+00
0.75959 1.66225e+00
0.76217 1.67087e+00
0.76475 1.67916e+00
0.76734 1.68711e+00
0.76992 1.69472e+00
0.77250 1.70202e+00
0.77509 1.70901e+00
0.77767 1.71571e+00
0.78025 1.72213e+00
0.78284 1.72826e+00
0.78542 1.73411e+00
0.78801 1.73966e+00
0.79059 1.74488e+00
0.79317 1.74973e+00
0.79576 1.75420e+00
0.79834 1.75824e+00
0.80092 1.76180e+00
0.80351 1.76485e+00
0.80609 1.76734e+00
0.80867 1.76922e+00
0.81126 1.77042e+00
0.81384 1.77089e+00
0.81643 1.77055e+00
0.81901 1.76937e+00
0.82159 1.76732e+00
0.82418 1.76446e+00
0.82676 1.76092e+00
0.82934 1.75695e+00
0.83193 1.75299e+00
0.83451 1.74965e+00
0.83709 1.74773e+00
0.83968 1.74813e+00
0.84226 1.75173e+00
0.84485 1.75923e+00
0.84743 1.77097e+00
0.85001 1.78687e+00
0.85260 1.80646e+00
0.85518 1.82898e+00
0.85776 1.85358e+00
0.86035 1.87945e+00
0.86293 1.90591e+00
0.86551 1.93250e+00
0.86810 1.95891e+00
0.87068 1.98500e+00
0.87327 2.01075e+00
0.87585 2.03619e+00
0.87843 2.06143e+00
0.88102 2.08658e+00
0.88360 2.11175e+00
0.88618 2.13712e+00
0.88877 2.16294e+00
0.89135 2.18959e+00
0.89393 2.21765e+00
0.89652 2.24785e+00
0.89910 2.28118e+00
0.90169 2.31890e+00
0.90427 2.36278e+00
0.90685 2.41529e+00
0.90944 2.47995e+00
0.91202 2.56178e+00
0.91460 2.66741e+00
0.91719 2.80406e+00
0.91977 2.97450e+00
0.92235 3.16360e+00
0.92494 3.32016e+00
0.92752 3.36972e+00
0.93011 3.28587e+00
0.93269 3.12346e+00
0.93527 2.95311e+00
0.93786 2.81024e+00
0.94044 2.70093e+00
0.94302 2.61998e+00
0.94561 2.56042e+00
0.94819 2.51634e+00
0.95077 2.48327e+00
0.95336 2.45789e+00
0.95594 2.43771e+00
0.95853 2.42085e+00
0.96111 2.40589e+00
0.96369 2.39176e+00
0.96628 2.37768e+00
0.96886 2.36315e+00
0.97144 2.34811e+00
0.97403 2.33309e+00
0.97661 2.31953e+00
0.97919 2.30985e+00
0.98178 2.30696e+00
0.98436 2.31297e+00
0.98695 2.32788e+00
0.98953 2.34973e+00
0.99211 2.37575e+00
0.99470 2.40358e+00
0.99728 2.43163e+00
0.99986 2.45883e+00
1.00245 2.48437e+00
1.00503 2.50740e+00
1.00761 2.52695e+00
1.01020 2.54201e+00
1.01278 2.55217e+00
1.01536 2.55926e+00
1.01795 2.56915e+00
1.02053 2.58865e+00
1.02312 2.61734e+00
1.02570 2.64792e+00
1.02828 2.67484e+00
1.03087 2.69770e+00
1.03345 2.71970e+00
1.03603 2.74464e+00
1.03862 2.77372e+00
1.04120 2.80497e+00
1.04378 2.83564e+00
1.04637 2.86404e+00
1.04895 2.88971e+00
1.05154 2.91284e+00
1.05412 2.93383e+00
1.05670 2.95309e+00
1.05929 2.97095e+00
1.06187 2.98768e+00
1.06445 3.00346e+00
1.06704 3.01846e+00
1.06962 3.03277e+00
1.07220 3.04650e+00
1.07479 3.05971e+00
1.07737 3.07246e+00
1.07996 3.08479e+00
1.08254 3.09675e+00
1.08512 3.10839e+00
1.08771 3.11973e+00
1.09029 3.13080e+00
1.09287 3.14165e+00
1.09546 3.15227e+00
1.09804 3.16267e+00
1.10062 3.17280e+00
1.10321 3.18263e+00
1.10579 3.19212e+00
1.10838 3.20128e+00
1.11096 3.21020e+00
1.11354 3.21896e+00
1.11613 3.22762e+00
1.11871 3.23623e+00
1.12129 3.24479e+00
1.12388 3.25332e+00
1.12646 3.26183e+00
1.12904 3.27031e+00
1.13163 3.27878e+00
1.13421 3.28723e+00
1.13680 3.29566e+00
1.13938 3.30410e+00
1.14196 3.31253e+00
1.14455 3.32098e+00
1.14713 3.32944e+00
1.14971 3.33793e+00
1.15230 3.34647e+00
1.15488 3.35508e+00
1.15746 3.36376e+00
1.16005 3.37252e+00
1.16263 3.38138e+00
1.16522 3.39035e+00
1.16780 3.39942e+00
1.17038 3.40859e+00
1.17297 3.41786e+00
1.17555 3.42721e+00
1.17813 3.43664e+00
1.18072 3.44614e+00
1.18330 3.45571e+00
1.18588 3.46533e+00
1.18847 3.47501e+00
1.19105 3.48476e+00
1.19364 3.49456e+00
1.19622 3.50443e+00
1.19880 3.51437e+00
1.20139 3.52438e+00
1.20397 3.53447e+00
1.20655 3.54463e+00
1.20914 3.55488e+00
1.21172 3.56521e+00
1.21430 3.57563e+00
1.21689 3.58613e+00
1.21947 3.59672e+00
1.22206 3.60740e+00
1.22464 3.61817e+00
1.22722 3.62903e+00
1.22981 3.63997e+00
1.23239 3.65099e+00
1.23497 3.66210e+00
1.23756 3.67328e+00
1.24014 3.68453e+00
1.24272 3.69584e+00
1.24531 3.70723e+00
1.24789 3.71867e+00
1.25047 3.73018e+00
1.25306 3.74174e+00
1.25564 3.75336e+00
1.25823 3.76504e+00
1.26081 3.77679e+00
1.26339 3.78860e+00
1.26598 3.80048e+00
1.26856 3.81244e+00
1.27114 3.82448e+00
1.27373 3.83660e+00
1.27631 3.84882e+00
1.27889 3.86114e+00
1.28148 3.87354e+00
1.28406 3.88603e+00
1.28665 3.89859e+00
1.28923 3.91122e+00
1.29181 3.92389e+00
