0.00000 8.52266e+02 
0.01388 8.59565e+02 
0.02777 7.57775e+02 
0.04165 3.73117e+02 
0.05554 3.69100e+02 
0.06942 4.23380e+02 
0.08331 4.52012e+02 
0.09719 4.62160e+02 
0.11108 4.62090e+02 
0.12496 4.58486e+02 
0.13885 4.53916e+02 
0.15273 4.48712e+02 
0.16661 4.42952e+02 
0.18050 4.36793e+02 
0.19438 4.30386e+02 
0.20827 4.23844e+02 
0.22215 4.17262e+02 
0.23604 4.10735e+02 
0.24992 4.04363e+02 
0.26381 3.98240e+02 
0.27769 3.92441e+02 
0.29157 3.87011e+02 
0.30546 3.81946e+02 
0.31934 3.77185e+02 
0.33323 3.72617e+02 
0.34711 3.68130e+02 
0.36100 3.63680e+02 
0.37488 3.59339e+02 
0.38877 3.55295e+02 
0.40265 3.51778e+02 
0.41654 3.49024e+02 
0.43042 3.47328e+02 
0.44430 3.47016e+02 
0.45819 3.48370e+02 
0.47207 3.51433e+02 
0.48596 3.55769e+02 
0.49984 3.60441e+02 
0.51373 3.64379e+02 
0.52761 3.66856e+02 
0.54150 3.67631e+02 
0.55538 3.66786e+02 
0.56927 3.64551e+02 
0.58315 3.61258e+02 
0.59703 3.57264e+02 
0.61092 3.52802e+02 
0.62480 3.48009e+02 
0.63869 3.43089e+02 
0.65257 3.38396e+02 
0.66646 3.34362e+02 
0.68034 3.31366e+02 
0.69423 3.29591e+02 
0.70811 3.28752e+02 
0.72199 3.27619e+02 
0.73588 3.24042e+02 
0.74976 3.17236e+02 
0.76365 3.09818e+02 
0.77753 3.04408e+02 
0.79142 3.01258e+02 
0.80530 2.99629e+02 
0.81919 2.99750e+02 
0.83307 3.03515e+02 
0.84696 3.12514e+02 
0.86084 3.21876e+02 
0.87472 3.28518e+02 
0.88861 3.35168e+02 
0.90249 3.30070e+02 
0.91638 2.91360e+02 
0.93026 2.59556e+02 
0.94415 2.42176e+02 
0.95803 2.44745e+02 
0.97192 2.48169e+02 
0.98580 2.52535e+02 
0.99969 2.67435e+02 
1.01357 2.75240e+02 
1.02745 2.80464e+02 
1.04134 2.67935e+02 
1.05522 2.58160e+02 
1.06911 2.49507e+02 
1.08299 2.41811e+02 
1.09688 2.35106e+02 
1.11076 2.28614e+02 
1.12465 2.23519e+02 
1.13853 2.19001e+02 
1.15241 2.15028e+02 
1.16630 2.11624e+02 
1.18018 2.08616e+02 
1.19407 2.05720e+02 
1.20795 2.02969e+02 
1.22184 2.00397e+02 
1.23572 1.97982e+02 
1.24961 1.95685e+02 
1.26349 1.93464e+02 
1.27738 1.91279e+02 
1.29126 1.89100e+02 
1.30514 1.86912e+02 
1.31903 1.84722e+02 
1.33291 1.82541e+02 
1.34680 1.80363e+02 
1.36068 1.78149e+02 
1.37457 1.75828e+02 
1.38845 1.73314e+02 
1.40234 1.70567e+02 
1.41622 1.67657e+02 
1.43011 1.64763e+02 
1.44399 1.62042e+02 
1.45787 1.59534e+02 
1.47176 1.57188e+02 
1.48564 1.54944e+02 
1.49953 1.52768e+02 
1.51341 1.50663e+02 
1.52730 1.48653e+02 
1.54118 1.46782e+02 
1.55507 1.45103e+02 
1.56895 1.43667e+02 
1.58284 1.42515e+02 
1.59672 1.41693e+02 
1.61060 1.41141e+02 
1.62449 1.37070e+02 
1.63837 1.28648e+02 
1.65226 1.25888e+02 
1.66614 1.23325e+02 
1.68003 1.20449e+02 
1.69391 1.17568e+02 
1.70780 1.14971e+02 
1.72168 1.12625e+02 
1.73556 1.10179e+02 
1.74945 1.07545e+02 
1.76333 1.05177e+02 
1.77722 1.03286e+02 
1.79110 1.01197e+02 
1.80499 9.82000e+01 
1.81887 9.51698e+01 
1.83276 9.23601e+01 
1.84664 8.96600e+01 
1.86053 8.63830e+01 
1.87441 8.41772e+01 
1.88829 8.16095e+01 
1.90218 7.96198e+01 
1.91606 7.80494e+01 
1.92995 7.67354e+01 
1.94383 7.51830e+01 
1.95772 7.25522e+01 
1.97160 6.91708e+01 
1.98549 6.31805e+01 
1.99937 5.78498e+01 
2.01326 5.13285e+01 
2.02714 4.35243e+01 
2.04102 3.55575e+01 
2.05491 2.59937e+01 
2.06879 1.71064e+01 
2.08268 9.53024e+00 
2.09656 2.32496e+00 
2.11045 -4.64264e+00 
2.12433 -1.09444e+01 
2.13822 -1.70243e+01 
2.15210 -2.31567e+01 
2.16598 -2.95354e+01 
2.17987 -3.67030e+01 
2.19375 -4.39261e+01 
2.20764 -5.06023e+01 
2.22152 -5.63171e+01 
2.23541 -5.99632e+01 
2.24929 -6.09057e+01 
2.26318 -5.88385e+01 
2.27706 -5.45604e+01 
2.29095 -4.86236e+01 
2.30483 -4.33045e+01 
2.31871 -4.22827e+01 
2.33260 -4.39275e+01 
2.34648 -4.43570e+01 
2.36037 -5.08711e+01 
2.37425 -4.93897e+01 
2.38814 -4.91563e+01 
2.40202 -4.35356e+01 
2.41591 -3.73922e+01 
2.42979 -3.32262e+01 
2.44368 -2.92317e+01 
2.45756 -2.48275e+01 
2.47144 -2.19167e+01 
2.48533 -2.89381e+01 
2.49921 -3.27432e+01 
2.51310 -3.51261e+01 
2.52698 -3.90702e+01 
2.54087 -4.28880e+01 
2.55475 -4.58364e+01 
2.56864 -5.00751e+01 
2.58252 -5.32089e+01 
2.59640 -5.76424e+01 
2.61029 -6.13964e+01 
2.62417 -6.59929e+01 
2.63806 -6.90904e+01 
2.65194 -7.18407e+01 
2.66583 -7.46646e+01 
2.67971 -7.76498e+01 
2.69360 -8.11207e+01 
2.70748 -8.65200e+01 
2.72137 -9.26950e+01 
2.73525 -9.64955e+01 
2.74913 -9.85117e+01 
2.76302 -9.98813e+01 
2.77690 -1.01123e+02 
2.79079 -1.02483e+02 
2.80467 -1.03816e+02 
2.81856 -1.04775e+02 
2.83244 -1.05530e+02 
2.84633 -1.06634e+02 
2.86021 -1.08106e+02 
2.87410 -1.09401e+02 
2.88798 -1.08046e+02 
2.90186 -1.02447e+02 
2.91575 -1.00703e+02 
2.92963 -1.01912e+02 
2.94352 -1.03397e+02 
2.95740 -1.04708e+02 
2.97129 -1.06940e+02 
2.98517 -1.09321e+02 
2.99906 -1.08815e+02 
3.01294 -1.10311e+02 
3.02682 -1.11276e+02 
3.04071 -1.14553e+02 
3.05459 -1.15649e+02 
3.06848 -1.16679e+02 
3.08236 -1.17945e+02 
3.09625 -1.19843e+02 
3.11013 -1.23155e+02 
3.12402 -1.27837e+02 
3.13790 -1.32417e+02 
3.15179 -1.37409e+02 
3.16567 -1.42509e+02 
3.17955 -1.46899e+02 
3.19344 -1.51394e+02 
3.20732 -1.56009e+02 
3.22121 -1.60929e+02 
3.23509 -1.66444e+02 
3.24898 -1.72734e+02 
3.26286 -1.79660e+02 
3.27675 -1.86299e+02 
3.29063 -1.91000e+02 
3.30452 -1.92892e+02 
3.31840 -1.90701e+02 
3.33228 -1.83572e+02 
3.34617 -1.70948e+02 
3.36005 -1.48842e+02 
3.37394 -2.69556e+01 
3.38782 -7.88495e+01 
3.40171 -1.04234e+02 
3.41559 -1.04575e+02 
3.42948 -1.22247e+02 
3.44336 -1.22820e+02 
3.45724 -9.24740e+01 
3.47113 -5.99750e+01 
3.48501 -4.85066e+01 
3.49890 -5.01013e+01 
3.51278 -5.30918e+01 
3.52667 -5.58035e+01 
3.54055 -5.83007e+01 
3.55444 -6.06866e+01 
3.56832 -6.28113e+01 
3.58221 -6.42900e+01 
3.59609 -6.47788e+01 
3.60997 -6.48182e+01 
3.62386 -6.48529e+01 
3.63774 -6.53099e+01 
3.65163 -6.65966e+01 
3.66551 -6.57508e+01 
3.67940 -5.82017e+01 
3.69328 -1.17495e+02 
3.70717 -1.09622e+02 
3.72105 -1.00253e+02 
3.73494 -9.39921e+01 
3.74882 -8.84449e+01 
3.76270 -8.35171e+01 
3.77659 -7.96794e+01 
3.79047 -7.68984e+01 
3.80436 -7.48212e+01 
3.81824 -7.31444e+01 
3.83213 -7.16952e+01 
3.84601 -7.03886e+01 
3.85990 -6.91877e+01 
3.87378 -6.80830e+01 
3.88766 -6.70756e+01 
3.90155 -6.61629e+01 
3.91543 -6.53292e+01 
3.92932 -6.45570e+01 
3.94320 -6.38336e+01 
3.95709 -6.31456e+01 
3.97097 -6.24798e+01 
3.98486 -6.18234e+01 
3.99874 -6.11624e+01 
4.01263 -6.04785e+01 
4.02651 -5.97475e+01 
4.04039 -5.89487e+01 
4.05428 -5.80945e+01 
4.06816 -5.72594e+01 
4.08205 -5.65557e+01 
4.09593 -5.60655e+01 
4.10982 -5.57996e+01 
4.12370 -5.56602e+01 
4.13759 -5.55163e+01 
4.15147 -5.53047e+01 
4.16536 -5.50087e+01 
4.17924 -5.46380e+01 
4.19312 -5.42189e+01 
4.20701 -5.37819e+01 
4.22089 -5.33491e+01 
4.23478 -5.29236e+01 
4.24866 -5.24977e+01 
4.26255 -5.20580e+01 
4.27643 -5.15806e+01 
4.29032 -5.10804e+01 
4.30420 -5.05708e+01 
4.31808 -5.00631e+01 
4.33197 -4.95694e+01 
4.34585 -4.90786e+01 
4.35974 -4.85620e+01 
4.37362 -4.79908e+01 
4.38751 -4.73968e+01 
4.40139 -4.75997e+01 
4.41528 -4.97163e+01 
4.42916 -4.98952e+01 
4.44305 -4.95890e+01 
4.45693 -4.93963e+01 
4.47081 -4.92941e+01 
4.48470 -4.92203e+01 
4.49858 -4.91462e+01 
4.51247 -4.89357e+01 
4.52635 -4.80622e+01 
4.54024 -4.77796e+01 
4.55412 -4.75316e+01 
4.56801 -4.72117e+01 
4.58189 -4.69400e+01 
4.59578 -4.66496e+01 
4.60966 -4.61407e+01 
4.62354 -4.55973e+01 
4.63743 -4.50977e+01 
4.65131 -4.46219e+01 
4.66520 -4.41439e+01 
4.67908 -4.36437e+01 
4.69297 -4.31368e+01 
4.70685 -4.27241e+01 
4.72074 -4.26094e+01 
4.73462 -4.30907e+01 
4.74851 -4.46413e+01 
4.76239 -4.87660e+01 
4.77627 -5.64959e+01 
4.79016 -6.23653e+01 
4.80404 -6.57120e+01 
4.81793 -6.85384e+01 
4.83181 -7.11252e+01 
4.84570 -7.32980e+01 
4.85958 -7.49982e+01 
4.87347 -7.63694e+01 
4.88735 -7.74976e+01 
4.90123 -7.84460e+01 
4.91512 -7.92756e+01 
4.92900 -8.00402e+01 
4.94289 -8.07713e+01 
4.95677 -8.14878e+01 
4.97066 -8.21986e+01 
4.98454 -8.29046e+01 
4.99843 -8.36054e+01 
5.01231 -8.42953e+01 
5.02620 -8.49724e+01 
5.04008 -8.56287e+01 
5.05396 -8.62787e+01 
5.06785 -8.69839e+01 
5.08173 -8.78504e+01 
5.09562 -8.89850e+01 
5.10950 -9.04245e+01 
5.12339 -9.21085e+01 
5.13727 -9.39687e+01 
5.15116 -9.60897e+01 
5.16504 -9.87630e+01 
5.17893 -1.02258e+02 
5.19281 -1.06366e+02 
5.20669 -1.10074e+02 
5.22058 -1.12677e+02 
5.23446 -1.14332e+02 
5.24835 -1.15368e+02 
5.26223 -1.16024e+02 
5.27612 -1.16455e+02 
5.29000 -1.16763e+02 
5.30389 -1.17009e+02 
5.31777 -1.17232e+02 
5.33165 -1.17463e+02 
5.34554 -1.17722e+02 
5.35942 -1.18024e+02 
5.37331 -1.18373e+02 
5.38719 -1.18775e+02 
5.40108 -1.19232e+02 
5.41496 -1.19744e+02 
5.42885 -1.20311e+02 
5.44273 -1.20931e+02 
5.45662 -1.21600e+02 
5.47050 -1.22314e+02 
5.48438 -1.23071e+02 
5.49827 -1.23869e+02 
5.51215 -1.24706e+02 
5.52604 -1.25584e+02 
5.53992 -1.26504e+02 
5.55381 -1.27472e+02 
5.56769 -1.28501e+02 
5.58158 -1.29610e+02 
5.59546 -1.30836e+02 
5.60935 -1.32233e+02 
5.62323 -1.33859e+02 
5.63711 -1.35730e+02 
5.65100 -1.37824e+02 
5.66488 -1.40123e+02 
5.67877 -1.42591e+02 
5.69265 -1.45168e+02 
5.70654 -1.47754e+02 
5.72042 -1.50197e+02 
5.73431 -1.52316e+02 
5.74819 -1.54029e+02 
5.76207 -1.55393e+02 
5.77596 -1.56545e+02 
5.78984 -1.57623e+02 
5.80373 -1.58751e+02 
5.81761 -1.60015e+02 
5.83150 -1.61438e+02 
5.84538 -1.62982e+02 
5.85927 -1.64575e+02 
5.87315 -1.66141e+02 
5.88704 -1.67614e+02 
5.90092 -1.68938e+02 
5.91480 -1.70043e+02 
5.92869 -1.70791e+02 
5.94257 -1.70929e+02 
5.95646 -1.70090e+02 
5.97034 -1.67881e+02 
5.98423 -1.63876e+02 
5.99811 -1.57318e+02 
6.01200 -1.47320e+02 
6.02588 -1.34840e+02 
6.03977 -1.26772e+02 
6.05365 -1.20344e+02 
6.06753 -1.14710e+02 
6.08142 -1.10214e+02 
6.09530 -1.06800e+02 
6.10919 -1.04056e+02 
6.12307 -1.01590e+02 
6.13696 -9.91718e+01 
6.15084 -9.66987e+01 
6.16473 -9.41450e+01 
6.17861 -9.15130e+01 
6.19249 -8.88160e+01 
6.20638 -8.60914e+01 
6.22026 -8.34073e+01 
6.23415 -8.08317e+01 
6.24803 -7.83987e+01 
6.26192 -7.60999e+01 
6.27580 -7.39053e+01 
6.28969 -7.18131e+01 
6.30357 -6.98502e+01 
6.31746 -6.80159e+01 
6.33134 -6.62434e+01 
6.34522 -6.44161e+01 
6.35911 -6.24384e+01 
6.37299 -6.02595e+01 
6.38688 -5.78620e+01 
6.40076 -5.52108e+01 
6.41465 -5.21914e+01 
6.42853 -4.86277e+01 
6.44242 -4.42960e+01 
6.45630 -3.86294e+01 
6.47019 -3.09476e+01 
6.48407 -2.45202e+01 
6.49795 -2.13256e+01 
6.51184 -1.96217e+01 
6.52572 -1.85436e+01 
6.53961 -1.77914e+01 
6.55349 -1.72134e+01 
6.56738 -1.67144e+01 
6.58126 -1.62351e+01 
6.59515 -1.57434e+01 
6.60903 -1.52254e+01 
6.62291 -1.46755e+01 
6.63680 -1.40885e+01 
6.65068 -1.34537e+01 
6.66457 -1.27559e+01 
6.67845 -1.19792e+01 
6.69234 -1.11149e+01 
6.70622 -1.01680e+01 
6.72011 -9.16049e+00 
6.73399 -8.12920e+00 
6.74788 -7.12085e+00 
6.76176 -6.18936e+00 
6.77564 -5.39328e+00 
6.78953 -4.78652e+00 
6.80341 -4.40763e+00 
6.81730 -4.27501e+00 
6.83118 -4.37212e+00 
6.84507 -4.68764e+00 
6.85895 -5.22528e+00 
6.87284 -5.96600e+00 
6.88672 -6.84147e+00 
6.90061 -7.74087e+00 
6.91449 -8.55054e+00 
6.92837 -9.24853e+00 
