0.00000 -5.00546e+00
1.00000 6.62384e-01
2.00000 5.51724e-01
3.00000 4.40616e-01
4.00000 3.29798e-01
5.00000 2.18771e-01
6.00000 1.09059e-01
7.00000 1.37086e-03
8.00000 -1.04330e-01
9.00000 -2.07960e-01
10.00000 -3.08335e-01
11.00000 -4.07160e-01
12.00000 -5.06471e-01
13.00000 -6.09338e-01
14.00000 -7.18900e-01
15.00000 -8.40947e-01
16.00000 -9.79156e-01
17.00000 -1.13748e+00
18.00000 -1.32165e+00
19.00000 -1.52913e+00
20.00000 -1.76327e+00
21.00000 -2.02411e+00
22.00000 -2.31062e+00
23.00000 -2.62082e+00
24.00000 -2.95179e+00
25.00000 -3.29981e+00
26.00000 -3.66045e+00
27.00000 -4.02381e+00
28.00000 -4.39417e+00
29.00000 -4.76096e+00
30.00000 -5.11829e+00
31.00000 -5.46035e+00
32.00000 -5.78157e+00
33.00000 -6.07687e+00
34.00000 -6.34182e+00
35.00000 -6.57278e+00
36.00000 -6.77171e+00
37.00000 -6.92682e+00
38.00000 -7.04333e+00
39.00000 -7.12210e+00
40.00000 -7.16524e+00
41.00000 -7.17613e+00
42.00000 -7.15949e+00
43.00000 -7.12146e+00
44.00000 -7.06982e+00
45.00000 -7.01430e+00
46.00000 -6.96725e+00
47.00000 -6.94464e+00
48.00000 -6.96772e+00
49.00000 -7.06533e+00
50.00000 -7.27646e+00
51.00000 -7.65003e+00
52.00000 -8.23052e+00
53.00000 -9.00347e+00
54.00000 -9.78037e+00
55.00000 -1.03058e+01
56.00000 -1.03904e+01
57.00000 -1.01342e+01
58.00000 -9.71300e+00
59.00000 -9.24121e+00
60.00000 -8.77154e+00
61.00000 -8.32408e+00
62.00000 -7.90477e+00
63.00000 -7.51191e+00
64.00000 -1.32796e+00
65.00000 -1.52299e+00
66.00000 -1.87905e+00
67.00000 -2.33685e+00
68.00000 -2.86973e+00
69.00000 -3.41682e+00
70.00000 -3.89972e+00
71.00000 -4.26052e+00
72.00000 3.77676e+00
73.00000 3.47339e+00
74.00000 3.17663e+00
75.00000 2.88614e+00
76.00000 2.60140e+00
77.00000 2.32177e+00
78.00000 2.04648e+00
79.00000 1.77477e+00
80.00000 1.50599e+00
81.00000 1.23992e+00
82.00000 9.77050e-01
83.00000 7.18950e-01
84.00000 4.68508e-01
85.00000 2.29838e-01
86.00000 7.74558e-03
87.00000 -1.93159e-01
88.00000 -3.69406e-01
89.00000 -5.19266e-01
90.00000 -6.42843e-01
91.00000 -7.41720e-01
92.00000 -8.18413e-01
93.00000 -8.75841e-01
94.00000 -9.16939e-01
95.00000 -9.44426e-01
96.00000 -9.60695e-01
97.00000 -9.67785e-01
98.00000 -9.67401e-01
99.00000 -9.60948e-01
100.00000 -9.49578e-01
101.00000 -9.34231e-01
102.00000 -9.15670e-01
103.00000 -8.94510e-01
104.00000 -8.71245e-01
105.00000 -8.46265e-01
106.00000 -8.19871e-01
107.00000 -7.92286e-01
108.00000 -7.65194e-01
109.00000 -7.34095e-01
110.00000 -7.05237e-01
111.00000 -6.72186e-01
112.00000 -6.41481e-01
113.00000 -6.06168e-01
114.00000 -1.14538e+00
115.00000 -1.08274e+00
116.00000 -1.02628e+00
117.00000 -9.63045e-01
118.00000 -9.05302e-01
119.00000 -8.39777e-01
120.00000 -7.79210e-01
121.00000 -7.09791e-01
122.00000 -6.45189e-01
123.00000 -5.70952e-01
124.00000 -5.02005e-01
125.00000 -4.23329e-01
126.00000 -3.51107e-01
127.00000 -2.69982e-01
128.00000 -1.96893e-01
129.00000 -1.16456e-01
130.00000 -4.54640e-02
131.00000 3.11772e-02
132.00000 9.77053e-02
133.00000 1.68615e-01
134.00000 2.29655e-01
135.00000 2.94496e-01
136.00000 3.50401e-01
137.00000 4.10191e-01
138.00000 4.62362e-01
139.00000 5.19155e-01
140.00000 5.69895e-01
141.00000 6.26789e-01
142.00000 6.79346e-01
143.00000 7.40109e-01
144.00000 -6.49396e-01
145.00000 -6.03238e-01
146.00000 -5.45855e-01
147.00000 -4.89215e-01
148.00000 -4.21181e-01
149.00000 -3.55591e-01
150.00000 -2.77915e-01
151.00000 -2.03527e-01
152.00000 -1.15470e-01
153.00000 -3.07674e-02
154.00000 7.03552e-02
155.00000 1.68766e-01
156.00000 2.87934e-01
157.00000 4.05746e-01
158.00000 5.50756e-01
159.00000 6.96342e-01
160.00000 -3.29124e-01
161.00000 -3.09114e-01
162.00000 -2.88081e-01
163.00000 -2.70242e-01
164.00000 -2.51615e-01
165.00000 -2.35886e-01
166.00000 -2.19489e-01
167.00000 -2.05614e-01
168.00000 -1.91053e-01
169.00000 -1.78597e-01
170.00000 -1.65345e-01
171.00000 -1.53855e-01
172.00000 -1.41530e-01
173.00000 -1.30867e-01
174.00000 -1.19604e-01
175.00000 -1.10131e-01
176.00000 -1.00494e-01
177.00000 -9.27134e-02
178.00000 -8.50927e-02
179.00000 -7.91154e-02
180.00000 -7.33391e-02
181.00000 -6.87764e-02
182.00000 -6.42185e-02
183.00000 -6.03945e-02
184.00000 -5.62413e-02
185.00000 -5.24086e-02
186.00000 -4.78475e-02
187.00000 -4.33118e-02
188.00000 -3.76290e-02
189.00000 -3.18095e-02
190.00000 -2.44356e-02
191.00000 -1.68934e-02
192.00000 -7.42725e-03
193.00000 2.11741e-03
194.00000 1.38907e-02
195.00000 2.55381e-02
196.00000 3.96153e-02
197.00000 5.32444e-02
198.00000 6.93351e-02
199.00000 8.45168e-02
200.00000 1.01921e-01
201.00000 1.17790e-01
202.00000 1.35257e-01
203.00000 1.50423e-01
204.00000 1.66138e-01
205.00000 4.28996e-01
206.00000 8.87792e-01
207.00000 1.12468e+00
208.00000 1.24326e+00
209.00000 1.25999e+00
210.00000 1.21534e+00
211.00000 1.14152e+00
212.00000 1.04037e+00
213.00000 9.42406e-01
214.00000 8.33188e-01
215.00000 7.38289e-01
216.00000 -6.95634e-02
217.00000 2.34437e+00
218.00000 -6.70312e-01
219.00000 -6.54804e-01
220.00000 -6.32670e-01
221.00000 -5.92934e-01
222.00000 -5.42207e-01
223.00000 -4.85356e-01
224.00000 -4.39510e-01
225.00000 -3.86380e-01
226.00000 -3.41381e-01
227.00000 -3.06104e-01
228.00000 -2.84771e-01
229.00000 -2.65700e-01
230.00000 -2.53569e-01
231.00000 -2.46788e-01
232.00000 -2.44281e-01
233.00000 -2.43852e-01
234.00000 -2.45616e-01
235.00000 -2.48915e-01
236.00000 -2.52330e-01
237.00000 -2.57266e-01
238.00000 -2.62697e-01
239.00000 -2.68433e-01
240.00000 -2.73149e-01
241.00000 -2.79125e-01
242.00000 -2.85139e-01
243.00000 -2.91163e-01
244.00000 -2.95992e-01
245.00000 -3.02066e-01
246.00000 -3.08245e-01
247.00000 -3.14638e-01
248.00000 -3.20016e-01
249.00000 -3.27266e-01
250.00000 -3.35425e-01
251.00000 -3.45002e-01
252.00000 -3.54194e-01
253.00000 -3.68575e-01
254.00000 -3.87881e-01
255.00000 -4.15016e-01
256.00000 -4.45046e-01
257.00000 -4.92613e-01
258.00000 -4.98970e-01
259.00000 -3.17967e-01
260.00000 -2.22079e-01
261.00000 -2.84775e-01
262.00000 -3.62999e-01
263.00000 -3.75391e-01
264.00000 -3.40474e-01
265.00000 -2.57756e-01
266.00000 -1.57446e-01
267.00000 -6.33806e-02
268.00000 -5.71725e-04
269.00000 6.06729e-02
270.00000 1.05076e-01
271.00000 1.36492e-01
272.00000 1.54852e-01
273.00000 1.72075e-01
274.00000 1.85283e-01
275.00000 1.96257e-01
276.00000 2.04187e-01
277.00000 2.13550e-01
278.00000 2.22520e-01
279.00000 2.31083e-01
280.00000 2.37533e-01
281.00000 2.44915e-01
282.00000 2.51338e-01
283.00000 2.56618e-01
284.00000 2.59934e-01
285.00000 2.62882e-01
286.00000 2.64489e-01
287.00000 2.64791e-01
288.00000 -5.56284e-01
289.00000 -5.48893e-01
290.00000 -5.36503e-01
291.00000 -5.20265e-01
292.00000 -5.00400e-01
293.00000 -4.82570e-01
294.00000 -4.59187e-01
295.00000 -4.36116e-01
296.00000 -4.14588e-01
297.00000 -3.98918e-01
298.00000 -3.81414e-01
299.00000 -3.66100e-01
300.00000 -3.52704e-01
301.00000 -3.43161e-01
302.00000 -3.32460e-01
303.00000 -3.22896e-01
304.00000 -3.14275e-01
305.00000 -3.07958e-01
306.00000 -3.00691e-01
307.00000 -2.94048e-01
308.00000 -2.87974e-01
309.00000 -2.83497e-01
310.00000 -2.78358e-01
311.00000 -2.73713e-01
312.00000 -2.69554e-01
313.00000 -2.66574e-01
314.00000 -2.63283e-01
315.00000 -2.60476e-01
316.00000 -2.58157e-01
317.00000 -2.56658e-01
318.00000 -2.55237e-01
319.00000 -2.54333e-01
320.00000 -2.53967e-01
321.00000 -2.54084e-01
322.00000 -2.54787e-01
323.00000 -2.56178e-01
324.00000 -2.58367e-01
325.00000 -2.60797e-01
326.00000 -2.64866e-01
327.00000 -2.70354e-01
328.00000 -2.77639e-01
329.00000 -2.85057e-01
330.00000 -2.96655e-01
331.00000 -3.10833e-01
332.00000 -3.26220e-01
333.00000 -3.36339e-01
334.00000 -3.38511e-01
335.00000 -3.20237e-01
336.00000 -2.82158e-01
337.00000 -2.44787e-01
338.00000 -1.98533e-01
339.00000 -1.58230e-01
340.00000 -1.26055e-01
341.00000 -1.06526e-01
342.00000 -9.01598e-02
343.00000 -8.38154e-02
344.00000 -8.99331e-02
345.00000 -1.04572e-01
346.00000 -1.24742e-01
347.00000 -1.26157e-01
348.00000 -1.13259e-01
349.00000 -1.01317e-01
350.00000 -8.68381e-02
351.00000 -7.22658e-02
352.00000 -5.68307e-02
353.00000 -4.36145e-02
354.00000 -2.59853e-02
355.00000 -7.29865e-03
356.00000 1.21366e-02
357.00000 2.79789e-02
358.00000 4.78421e-02
359.00000 6.74714e-02
360.00000 -3.96043e-01
361.00000 -4.07850e-01
362.00000 -4.19097e-01
363.00000 -4.26291e-01
364.00000 -4.29232e-01
365.00000 -4.28349e-01
366.00000 -4.22977e-01
367.00000 -4.12736e-01
368.00000 -3.97933e-01
369.00000 -3.83598e-01
370.00000 -3.64568e-01
371.00000 -3.47411e-01
372.00000 -3.35434e-01
373.00000 -3.31125e-01
374.00000 1.23092e+00
375.00000 1.51891e+00
376.00000 1.83661e+00
377.00000 2.11463e+00
378.00000 2.49511e+00
379.00000 2.91525e+00
380.00000 3.37735e+00
381.00000 3.77794e+00
382.00000 4.31699e+00
383.00000 4.89690e+00
384.00000 5.51448e+00
385.00000 6.03261e+00
386.00000 6.70532e+00
387.00000 7.39889e+00
388.00000 8.10412e+00
389.00000 8.66916e+00
390.00000 9.36504e+00
391.00000 1.00338e+01
392.00000 1.06553e+01
393.00000 1.11033e+01
394.00000 1.15818e+01
395.00000 1.19500e+01
396.00000 1.21907e+01
397.00000 1.22825e+01
398.00000 1.22622e+01
399.00000 -5.38053e+01
400.00000 -5.17278e+01
401.00000 -4.97431e+01
402.00000 -6.05000e-02
403.00000 -4.63608e-02
404.00000 -3.11033e-02
405.00000 -1.82551e-02
406.00000 -1.64588e-03
407.00000 1.52519e-02
408.00000 3.20670e-02
409.00000 4.52049e-02
410.00000 6.09304e-02
411.00000 7.55840e-02
412.00000 8.89131e-02
413.00000 9.85072e-02
414.00000 1.09090e-01
415.00000 1.18096e-01
416.00000 1.25580e-01
417.00000 1.30540e-01
418.00000 1.35567e-01
419.00000 1.39432e-01
420.00000 1.42289e-01
421.00000 1.43954e-01
422.00000 1.45388e-01
423.00000 1.46234e-01
424.00000 1.46630e-01
425.00000 1.46706e-01
426.00000 1.46601e-01
427.00000 1.46375e-01
428.00000 1.46128e-01
429.00000 1.45973e-01
430.00000 1.45895e-01
431.00000 6.36963e-02
432.00000 -2.24310e-03
433.00000 -2.01503e-03
434.00000 -1.67353e-03
435.00000 -1.26378e-03
436.00000 -8.13941e-04
437.00000 -4.18899e-04
438.00000 3.12986e-05
439.00000 4.53685e-04
440.00000 7.86089e-04
441.00000 1.13603e-03
442.00000 1.44572e-03
443.00000 1.71823e-03
444.00000 1.92537e-03
445.00000 2.14015e-03
446.00000 2.33012e-03
447.00000 2.47648e-03
448.00000 2.63273e-03
449.00000 2.78586e-03
450.00000 3.21234e-03
451.00000 9.65085e-04
452.00000 8.19149e-04
453.00000 7.25589e-04
454.00000 6.65455e-04
455.00000 6.15539e-04
456.00000 5.86378e-04
457.00000 -2.61055e+00
458.00000 -2.62786e+00
459.00000 -2.63024e+00
460.00000 -2.61472e+00
461.00000 -2.58840e+00
462.00000 -2.54408e+00
463.00000 -2.48692e+00
464.00000 -5.65678e-01
465.00000 -5.25575e-01
466.00000 -4.81447e-01
467.00000 -4.40275e-01
468.00000 -4.07345e-01
469.00000 -3.71628e-01
470.00000 -3.38721e-01
471.00000 -3.08489e-01
472.00000 -2.84586e-01
473.00000 -2.58897e-01
474.00000 -2.35414e-01
475.00000 -2.16913e-01
476.00000 -1.97084e-01
477.00000 -1.78995e-01
478.00000 -1.62500e-01
479.00000 -1.49526e-01
480.00000 -1.35641e-01
481.00000 -1.24921e-01
482.00000 -1.13946e-01
483.00000 -1.03459e-01
484.00000 -9.39127e-02
485.00000 -8.52206e-02
486.00000 -7.83912e-02
487.00000 -7.10854e-02
488.00000 -6.44307e-02
489.00000 -5.92001e-02
490.00000 -5.36027e-02
491.00000 -4.85024e-02
492.00000 -4.38548e-02
493.00000 -4.02008e-02
494.00000 -3.62899e-02
495.00000 -3.27263e-02
496.00000 -2.99252e-02
497.00000 -2.69283e-02
498.00000 -2.41995e-02
499.00000 -2.17162e-02
500.00000 -1.97676e-02
501.00000 -1.76879e-02
502.00000 -1.58015e-02
503.00000 -1.43276e-02
504.00000 -1.27640e-02
505.00000 -1.13584e-02
506.00000 -1.01023e-02
507.00000 -9.13952e-03
508.00000 -8.14430e-03
509.00000 -7.28252e-03
510.00000 -6.64601e-03
511.00000 -6.01521e-03
512.00000 -5.49024e-03
513.00000 -5.04360e-03
514.00000 -4.68965e-03
515.00000 -4.25952e-03
516.00000 -3.76203e-03
517.00000 -3.26834e-03
518.00000 -2.63639e-03
519.00000 -1.98791e-03
520.00000 -1.36154e-03
521.00000 -8.58488e-04
522.00000 -3.17740e-04
523.00000 1.73415e-04
524.00000 5.57418e-04
525.00000 9.66046e-04
526.00000 1.33625e-03
527.00000 1.67176e-03
528.00000 1.93413e-03
529.00000 2.21317e-03
530.00000 2.46517e-03
531.00000 2.66109e-03
532.00000 2.86761e-03
533.00000 -2.02389e-05
534.00000 -1.94771e-04
535.00000 -3.44006e-04
536.00000 -5.15774e-04
537.00000 -6.83051e-04
538.00000 -8.21352e-04
539.00000 -9.75090e-04
540.00000 -1.11889e-03
541.00000 -1.25098e-03
542.00000 -1.35360e-03
543.00000 -1.45950e-03
544.00000 -1.54901e-03
545.00000 -1.61152e-03
546.00000 -1.66655e-03
547.00000 -1.70092e-03
548.00000 -1.71324e-03
549.00000 -1.70521e-03
550.00000 -1.67299e-03
551.00000 -1.61495e-03
552.00000 -1.54370e-03
553.00000 -1.43445e-03
554.00000 -1.29597e-03
555.00000 -1.12716e-03
556.00000 -9.57552e-04
557.00000 -7.29756e-04
558.00000 -4.68893e-04
559.00000 -2.18369e-04
560.00000 1.05948e-04
561.00000 4.65332e-04
562.00000 8.60246e-04
563.00000 1.22727e-03
564.00000 1.68887e-03
565.00000 2.18645e-03
566.00000 2.64141e-03
567.00000 3.20502e-03
568.00000 3.80334e-03
569.00000 4.43545e-03
570.00000 5.00323e-03
571.00000 5.69460e-03
572.00000 6.41545e-03
573.00000 7.05514e-03
574.00000 7.82474e-03
575.00000 8.61671e-03
576.00000 9.42789e-03
577.00000 1.01358e-02
578.00000 1.09729e-02
579.00000 1.18181e-02
580.00000 1.25455e-02
581.00000 1.16179e-01
582.00000 9.62087e-02
583.00000 7.82615e-02
584.00000 5.73249e-02
585.00000 4.35491e-02
586.00000 3.03155e-02
587.00000 1.94192e-02
588.00000 9.77569e-03
589.00000 6.96718e-04
590.00000 -6.60621e-03
591.00000 -1.33486e-02
592.00000 -1.86487e-02
593.00000 -2.34090e-02
594.00000 -2.70265e-02
595.00000 -2.99425e-02
596.00000 -3.23754e-02
597.00000 -3.40463e-02
598.00000 -3.52847e-02
599.00000 -3.59758e-02
600.00000 -3.62909e-02
601.00000 -3.62403e-02
602.00000 -3.59090e-02
603.00000 -3.52901e-02
604.00000 -3.45166e-02
605.00000 -3.35146e-02
606.00000 -3.24646e-02
607.00000 -3.12427e-02
608.00000 -3.00539e-02
609.00000 -2.88393e-02
610.00000 -2.75285e-02
611.00000 -2.63301e-02
612.00000 -2.50801e-02
613.00000 -2.39729e-02
614.00000 -2.28527e-02
615.00000 -2.18905e-02
616.00000 -2.10117e-02
617.00000 -2.01658e-02
618.00000 -1.94785e-02
619.00000 -1.88473e-02
620.00000 -1.83639e-02
621.00000 -1.79538e-02
622.00000 -1.76744e-02
623.00000 -1.74902e-02
624.00000 -1.73943e-02
625.00000 -1.73960e-02
626.00000 -1.74897e-02
627.00000 -1.76557e-02
628.00000 -1.79124e-02
629.00000 -1.82156e-02
630.00000 -1.85739e-02
631.00000 -1.90124e-02
632.00000 -1.94602e-02
633.00000 -1.99763e-02
634.00000 -2.04780e-02
635.00000 -1.74451e-02
636.00000 -1.81235e-02
637.00000 -1.87969e-02
638.00000 -1.95063e-02
639.00000 -2.01406e-02
640.00000 -2.07867e-02
641.00000 -2.13426e-02
642.00000 -2.18830e-02
643.00000 -2.23211e-02
644.00000 -2.26883e-02
645.00000 -2.29942e-02
646.00000 -2.31853e-02
647.00000 -2.32802e-02
648.00000 -2.32556e-02
649.00000 -2.30968e-02
650.00000 -2.28166e-02
651.00000 -2.23987e-02
652.00000 -2.17836e-02
653.00000 -2.10487e-02
654.00000 -2.00687e-02
655.00000 -1.89723e-02
656.00000 -1.75776e-02
657.00000 -1.60712e-02
658.00000 -1.43481e-02
659.00000 -1.22343e-02
660.00000 -9.92533e-03
661.00000 -7.33171e-03
662.00000 -4.54566e-03
663.00000 -1.33011e-03
664.00000 2.24026e-03
665.00000 6.19613e-03
666.00000 1.05731e-02
667.00000 1.54130e-02
668.00000 2.07648e-02
669.00000 2.64570e-02
670.00000 3.29952e-02
671.00000 4.02556e-02
672.00000 4.83406e-02
673.00000 5.73760e-02
674.00000 6.75170e-02
675.00000 7.89571e-02
676.00000 9.14275e-02
677.00000 1.06185e-01
678.00000 1.23169e-01
679.00000 1.42886e-01
680.00000 1.65995e-01
681.00000 1.93366e-01
682.00000 2.26170e-01
683.00000 2.64371e-01
684.00000 3.13024e-01
685.00000 3.73851e-01
686.00000 4.54154e-01
687.00000 3.51730e-02
688.00000 3.67311e-02
689.00000 3.83084e-02
690.00000 3.98413e-02
691.00000 4.14429e-02
692.00000 4.30492e-02
693.00000 4.46539e-02
694.00000 4.62506e-02
695.00000 4.78318e-02
696.00000 4.93896e-02
697.00000 5.08595e-02
698.00000 5.23722e-02
699.00000 5.37791e-02
700.00000 5.51501e-02
701.00000 5.64461e-02
702.00000 5.76538e-02
703.00000 5.87396e-02
704.00000 5.97295e-02
705.00000 6.05859e-02
706.00000 6.12799e-02
707.00000 6.18197e-02
708.00000 6.21717e-02
709.00000 6.23159e-02
710.00000 6.22356e-02
711.00000 6.19074e-02
712.00000 6.13097e-02
713.00000 6.04416e-02
714.00000 5.92511e-02
715.00000 5.77343e-02
716.00000 5.58763e-02
717.00000 5.36874e-02
718.00000 5.11454e-02
719.00000 4.82204e-02
720.00000 4.49724e-02
721.00000 4.13902e-02
722.00000 3.74597e-02
723.00000 3.32885e-02
724.00000 2.88460e-02
725.00000 2.42735e-02
726.00000 1.95582e-02
727.00000 1.48707e-02
728.00000 1.02395e-02
729.00000 5.78828e-03
730.00000 1.62319e-03
731.00000 -2.15002e-03
732.00000 -5.42312e-03
733.00000 -8.11681e-03
734.00000 -1.01267e-02
735.00000 -1.13441e-02
736.00000 -2.51150e-02
737.00000 -2.09273e-02
738.00000 -1.42894e-02
739.00000 -4.64199e-03
740.00000 5.68463e-03
741.00000 3.60258e-03
742.00000 -2.27810e-02
743.00000 -5.38400e-03
744.00000 1.10026e-02
745.00000 2.09478e-02
746.00000 3.06282e-02
747.00000 3.93747e-02
748.00000 4.75940e-02
749.00000 5.42961e-02
750.00000 6.16933e-02
751.00000 6.85616e-02
752.00000 7.39531e-02
753.00000 7.95735e-02
754.00000 8.43795e-02
755.00000 8.82853e-02
756.00000 9.08639e-02
757.00000 9.29308e-02
758.00000 9.39585e-02
759.00000 9.40106e-02
760.00000 9.31275e-02
761.00000 9.12820e-02
762.00000 8.85648e-02
763.00000 8.56386e-02
764.00000 8.16767e-02
765.00000 7.73281e-02
766.00000 7.34918e-02
767.00000 6.91718e-02
768.00000 6.53865e-02
769.00000 6.25974e-02
770.00000 6.14166e-02
771.00000 6.20295e-02
772.00000 6.55273e-02
773.00000 7.15193e-02
774.00000 8.29708e-02
775.00000 1.00464e-01
776.00000 1.25533e-01
777.00000 1.04267e+02
778.00000 7.24505e+01
779.00000 5.06324e+01
780.00000 3.72611e+01
781.00000 2.59542e+01
782.00000 1.78651e+01
783.00000 1.20181e+01
784.00000 8.29551e+00
785.00000 5.05248e+00
786.00000 2.68508e+00
787.00000 1.11768e+00
788.00000 -2.42733e-01
789.00000 -1.16789e+00
790.00000 -1.83276e+00
791.00000 -2.22754e+00
792.00000 -2.53944e+00
793.00000 -2.73414e+00
794.00000 -2.83131e+00
795.00000 -2.88322e+00
796.00000 -2.88527e+00
797.00000 -2.36765e+00
798.00000 -2.23222e+00
799.00000 -2.08813e+00
800.00000 -1.96014e+00
801.00000 -1.86261e+00
802.00000 -1.76143e+00
803.00000 -1.67183e+00
804.00000 -1.59194e+00
805.00000 -9.09908e-02
806.00000 -9.97245e-02
807.00000 -1.08082e-01
808.00000 -1.15329e-01
809.00000 -1.24279e-01
810.00000 -1.34145e-01
811.00000 -1.45287e-01
812.00000 -1.56102e-01
813.00000 -1.70464e-01
814.00000 -1.86979e-01
815.00000 -2.03065e-01
816.00000 -2.24352e-01
817.00000 -2.48677e-01
818.00000 -2.76447e-01
819.00000 -3.03379e-01
820.00000 -3.39047e-01
821.00000 -3.80153e-01
822.00000 -4.20652e-01
823.00000 -4.75583e-01
824.00000 -5.41160e-01
825.00000 -6.21032e-01
826.00000 -7.04996e-01
827.00000 -8.28387e-01
828.00000 -9.91422e-01
829.00000 -1.17724e+00
830.00000 -1.46934e+00
831.00000 -1.84503e+00
832.00000 -2.16574e+00
833.00000 -2.13927e+00
834.00000 -1.76814e+00
835.00000 -1.35888e+00
836.00000 -1.07684e+00
837.00000 -8.23175e-01
838.00000 8.25585e-01
839.00000 6.51914e-01
840.00000 1.36877e+00
841.00000 1.19261e+00
842.00000 1.05825e+00
843.00000 9.74708e-01
844.00000 9.04724e-01
845.00000 8.56857e-01
846.00000 8.26159e-01
847.00000 8.11347e-01
848.00000 8.06304e-01
849.00000 8.14382e-01
850.00000 8.32657e-01
851.00000 8.69722e-01
852.00000 9.28763e-01
853.00000 1.01916e+00
854.00000 1.13425e+00
855.00000 1.33896e+00
856.00000 1.66569e+00
857.00000 2.05466e+00
858.00000 2.29679e+00
859.00000 1.82303e+00
860.00000 1.26632e+00
861.00000 9.52647e-01
862.00000 7.20389e-01
863.00000 5.71249e-01
864.00000 4.82311e-01
865.00000 4.06873e-01
866.00000 3.51573e-01
867.00000 3.09907e-01
868.00000 2.81965e-01
869.00000 2.56087e-01
870.00000 2.35726e-01
871.00000 2.21695e-01
872.00000 2.08494e-01
873.00000 1.98051e-01
874.00000 1.89834e-01
875.00000 1.84241e-01
876.00000 1.79098e-01
877.00000 1.75147e-01
878.00000 1.72486e-01
879.00000 1.69962e-01
880.00000 1.67734e-01
881.00000 1.65364e-01
882.00000 1.62751e-01
883.00000 1.58155e-01
884.00000 1.50219e-01
885.00000 1.38080e-01
886.00000 1.09512e-01
887.00000 -2.41879e-01
888.00000 -4.81254e-01
889.00000 5.69987e-01
890.00000 5.34078e-01
891.00000 4.84221e-01
892.00000 4.53892e-01
893.00000 4.35688e-01
894.00000 4.24961e-01
895.00000 4.20429e-01
896.00000 4.19513e-01
897.00000 4.21325e-01
898.00000 4.25501e-01
899.00000 4.31124e-01
900.00000 4.38232e-01
901.00000 4.47354e-01
902.00000 4.57002e-01
903.00000 4.68462e-01
904.00000 4.79940e-01
905.00000 4.93051e-01
906.00000 5.05817e-01
907.00000 5.19071e-01
908.00000 5.33819e-01
909.00000 5.47905e-01
910.00000 5.63458e-01
911.00000 5.78230e-01
912.00000 5.94478e-01
913.00000 6.09873e-01
914.00000 6.25563e-01
915.00000 6.42793e-01
916.00000 6.59107e-01
917.00000 6.77023e-01
918.00000 6.93988e-01
919.00000 7.12610e-01
920.00000 7.30222e-01
921.00000 7.48119e-01
922.00000 7.67662e-01
923.00000 7.85979e-01
924.00000 8.05748e-01
925.00000 8.23945e-01
926.00000 8.43036e-01
927.00000 8.59838e-01
928.00000 8.75103e-01
929.00000 8.88747e-01
930.00000 8.97333e-01
931.00000 8.99714e-01
932.00000 8.92177e-01
933.00000 8.67948e-01
934.00000 8.22974e-01
935.00000 7.46268e-01
936.00000 6.14353e-01
937.00000 4.35243e-01
938.00000 1.83446e-01
939.00000 -7.86640e-02
940.00000 -1.20668e+00
941.00000 -1.26567e+00
942.00000 -1.34670e+00
943.00000 -1.50208e+00
944.00000 -1.27286e+00
945.00000 1.28267e+00
946.00000 1.41050e+00
947.00000 1.52163e+00
948.00000 1.60467e+00
949.00000 1.67458e+00
950.00000 1.73963e+00
951.00000 1.79302e+00
952.00000 1.84463e+00
953.00000 1.88801e+00
954.00000 1.93046e+00
955.00000 1.96626e+00
956.00000 1.99881e+00
957.00000 2.03046e+00
958.00000 2.05690e+00
959.00000 2.08272e+00
960.00000 2.10596e+00
961.00000 2.15233e+00
962.00000 4.05767e+00
963.00000 4.35692e+00
964.00000 4.38975e+00
965.00000 4.40776e+00
966.00000 4.41894e+00
967.00000 4.42456e+00
968.00000 4.42538e+00
969.00000 4.42061e+00
970.00000 4.40846e+00
971.00000 4.38307e+00
972.00000 4.16299e+00
973.00000 2.45152e+00
974.00000 2.47677e+00
975.00000 2.50914e+00
976.00000 2.52722e+00
977.00000 2.51220e+00
978.00000 2.43659e+00
979.00000 2.26952e+00
980.00000 1.99819e+00
981.00000 1.66614e+00
982.00000 1.30856e+00
983.00000 9.87818e-01
984.00000 5.02682e-01
985.00000 3.20630e-02
986.00000 2.56213e-02
987.00000 2.45272e-02
988.00000 2.40388e-02
989.00000 2.35442e-02
990.00000 2.26444e-02
991.00000 -8.95563e+00
992.00000 -9.60859e+00
993.00000 -1.03222e+01
994.00000 -1.10974e+01
995.00000 -1.19020e+01
996.00000 -1.27962e+01
997.00000 -1.37469e+01
998.00000 -1.47485e+01
999.00000 -1.57929e+01
1000.00000 -1.68689e+01
1001.00000 -1.79615e+01
1002.00000 -1.90117e+01
1003.00000 -2.00965e+01
1004.00000 -2.10883e+01
1005.00000 -2.20099e+01
1006.00000 -2.28010e+01
1007.00000 -2.34152e+01
1008.00000 -2.37987e+01
1009.00000 -2.39194e+01
1010.00000 -2.37293e+01
1011.00000 -2.32199e+01
1012.00000 -2.23753e+01
1013.00000 -2.12329e+01
1014.00000 -1.98489e+01
1015.00000 -1.83257e+01
1016.00000 -1.66817e+01
1017.00000 -1.50164e+01
1018.00000 -1.34187e+01
1019.00000 -1.18724e+01
1020.00000 -1.04384e+01
1021.00000 -9.13414e+00
1022.00000 -7.97756e+00
1023.00000 -6.95643e+00
1024.00000 -6.05874e+00
1025.00000 -5.29372e+00
1026.00000 -4.64338e+00
1027.00000 -4.09325e+00
1028.00000 -3.64343e+00
1029.00000 -3.27557e+00
1030.00000 -2.98709e+00
1031.00000 -2.76351e+00
1032.00000 -2.60040e+00
1033.00000 -2.48665e+00
1034.00000 -2.41487e+00
1035.00000 -2.37689e+00
1036.00000 -2.36480e+00
1037.00000 -2.37119e+00
1038.00000 -2.38963e+00
1039.00000 -2.41481e+00
1040.00000 -2.44286e+00
1041.00000 -5.00546e+00
1042.00000 -2.38559e+00
1043.00000 -2.35438e+00
1044.00000 -2.32450e+00
1045.00000 -2.29231e+00
1046.00000 -2.26260e+00
1047.00000 -2.23437e+00
1048.00000 -2.20837e+00
1049.00000 -2.18790e+00
1050.00000 -2.17485e+00
1051.00000 -2.16951e+00
1052.00000 -2.17456e+00
1053.00000 -2.19157e+00
1054.00000 -2.22172e+00
1055.00000 -2.26778e+00
1056.00000 -2.33046e+00
1057.00000 -2.41201e+00
1058.00000 -2.51424e+00
1059.00000 -2.63896e+00
1060.00000 -2.78704e+00
1061.00000 -2.95662e+00
1062.00000 -3.15204e+00
1063.00000 -3.36956e+00
1064.00000 -3.60256e+00
1065.00000 -3.85006e+00
1066.00000 -4.10236e+00
1067.00000 -4.34216e+00
1068.00000 -4.55174e+00
1069.00000 -4.69852e+00
1070.00000 -4.73814e+00
1071.00000 -4.62387e+00
1072.00000 -4.28820e+00
1073.00000 -3.69566e+00
1074.00000 -2.82535e+00
1075.00000 -1.75482e+00
1076.00000 -6.23045e-01
1077.00000 3.93972e-01
1078.00000 1.14825e+00
1079.00000 1.56382e+00
1080.00000 1.64881e+00
1081.00000 1.47801e+00
1082.00000 1.13712e+00
1083.00000 7.14131e-01
1084.00000 2.74844e-01
1085.00000 -1.39313e-01
1086.00000 -5.00358e-01
1087.00000 -8.11220e-01
1088.00000 -1.06118e+00
1089.00000 -1.26387e+00
1090.00000 -1.41845e+00
1091.00000 -1.53114e+00
1092.00000 -1.60846e+00
1093.00000 -1.66527e+00
1094.00000 -1.69238e+00
1095.00000 -1.70380e+00
1096.00000 -1.70644e+00
1097.00000 -1.70746e+00
1098.00000 -1.71420e+00
1099.00000 -1.71735e+00
1100.00000 -1.76637e+00
1101.00000 -1.83067e+00
1102.00000 -1.92436e+00
1103.00000 -2.04856e+00
1104.00000 -2.20075e+00
1105.00000 -2.38258e+00
1106.00000 -2.55938e+00
1107.00000 -2.75028e+00
1108.00000 -2.90852e+00
1109.00000 -3.03455e+00
1110.00000 -3.12094e+00
1111.00000 -3.17550e+00
1112.00000 -3.17736e+00
1113.00000 -3.10501e+00
1114.00000 -1.58812e+00
1115.00000 -1.47970e+00
1116.00000 -1.34431e+00
1117.00000 -1.14172e+00
1118.00000 -9.19075e-01
1119.00000 -6.48826e-01
1120.00000 -3.16089e-01
1121.00000 2.94074e-02
1122.00000 4.24273e-01
1123.00000 7.52687e-01
1124.00000 9.26161e-01
1125.00000 7.46133e-01
1126.00000 1.66958e-01
1127.00000 -7.58259e-01
1128.00000 -1.69845e+00
1129.00000 -2.56760e+00
1130.00000 -3.17670e+00
1131.00000 -3.60593e+00
1132.00000 -3.83615e+00
1133.00000 -3.94511e+00
1134.00000 -3.97110e+00
1135.00000 -3.92529e+00
1136.00000 -3.82202e+00
1137.00000 -3.67277e+00
1138.00000 -3.48769e+00
1139.00000 -3.26909e+00
1140.00000 -3.02905e+00
1141.00000 -2.76658e+00
1142.00000 -2.49829e+00
1143.00000 -2.22118e+00
1144.00000 -1.95241e+00
1145.00000 -1.69058e+00
1146.00000 -1.43096e+00
1147.00000 -1.17080e+00
1148.00000 -7.08450e-01
1149.00000 1.55968e+00
1150.00000 2.18416e+00
1151.00000 2.44283e+00
1152.00000 2.61350e+00
1153.00000 2.72529e+00
1154.00000 2.78240e+00
1155.00000 2.79058e+00
1156.00000 2.75435e+00
1157.00000 2.66404e+00
1158.00000 2.51750e+00
1159.00000 2.31178e+00
1160.00000 2.04843e+00
1161.00000 1.73395e+00
1162.00000 1.38822e+00
1163.00000 1.03158e+00
1164.00000 6.94390e-01
1165.00000 3.87502e-01
1166.00000 -1.22575e+00
1167.00000 -1.25707e+00
1168.00000 -1.28666e+00
1169.00000 -1.68357e+00
1170.00000 -1.71417e+00
1171.00000 -1.74238e+00
1172.00000 -1.76537e+00
1173.00000 -1.78319e+00
1174.00000 -1.79595e+00
1175.00000 -1.80009e+00
1176.00000 -1.80299e+00
1177.00000 -1.79873e+00
1178.00000 -1.79279e+00
1179.00000 -1.77837e+00
1180.00000 -1.76384e+00
1181.00000 -1.74540e+00
1182.00000 -1.72327e+00
1183.00000 -1.69770e+00
1184.00000 -1.66431e+00
1185.00000 -1.63258e+00
1186.00000 -1.59825e+00
1187.00000 -1.56159e+00
1188.00000 -1.52292e+00
1189.00000 -1.47772e+00
1190.00000 -1.43594e+00
1191.00000 -1.39307e+00
1192.00000 -1.34942e+00
1193.00000 -1.30066e+00
1194.00000 -1.25642e+00
1195.00000 -1.21228e+00
1196.00000 -1.16852e+00
1197.00000 -1.12633e+00
1198.00000 -1.08035e+00
1199.00000 -1.03979e+00
1200.00000 -1.00113e+00
1201.00000 -9.65404e-01
1202.00000 -9.35393e-01
1203.00000 -9.24505e-01
1204.00000 -1.15076e+00
1205.00000 -1.53804e+00
1206.00000 -1.38980e+00
1207.00000 -2.53931e-01
1208.00000 -4.90601e-01
1209.00000 -5.43357e-01
1210.00000 -8.97201e-01
1211.00000 -1.40263e+00
1212.00000 -1.32446e+00
1213.00000 -1.25815e+00
1214.00000 -1.20264e+00
1215.00000 -1.15246e+00
1216.00000 -1.10501e+00
1217.00000 -1.06412e+00
1218.00000 -1.02323e+00
1219.00000 -9.64783e-01
1220.00000 -8.52257e-01
1221.00000 -9.72384e-02
1222.00000 4.32564e-02
1223.00000 5.10775e-02
1224.00000 5.34952e-02
1225.00000 9.60435e-02
1226.00000 8.89641e-02
1227.00000 8.34874e-02
1228.00000 7.73652e-02
1229.00000 6.96885e-02
1230.00000 6.30794e-02
1231.00000 5.20150e-02
1232.00000 4.38705e-02
1233.00000 3.35855e-02
1234.00000 2.39206e-02
1235.00000 1.22466e-02
1236.00000 -1.34237e-03
1237.00000 -1.47106e-02
1238.00000 -2.80638e-02
1239.00000 -4.37870e-02
1240.00000 -6.32685e-02
1241.00000 -8.37490e-02
1242.00000 -1.07687e-01
1243.00000 -1.39755e-01
1244.00000 -1.84838e-01
1245.00000 -2.70231e-01
1246.00000 -4.11416e-01
1247.00000 -5.04600e-01
1248.00000 -3.18878e-01
1249.00000 -1.52363e-01
1250.00000 -2.13297e-01
1251.00000 -2.42335e-01
1252.00000 -2.28722e-01
1253.00000 -2.00687e-01
1254.00000 -1.70537e-01
1255.00000 -1.42561e-01
1256.00000 -1.18671e-01
1257.00000 -9.49542e-02
1258.00000 -7.52218e-02
1259.00000 -5.44100e-02
1260.00000 -3.82983e-02
1261.00000 -2.17371e-02
1262.00000 -8.53726e-03
1263.00000 5.05185e-03
1264.00000 1.57291e-02
1265.00000 2.61528e-02
1266.00000 3.36183e-02
1267.00000 4.04514e-02
1268.00000 4.45529e-02
1269.00000 4.68054e-02
1270.00000 4.64309e-02
1271.00000 4.36206e-02
1272.00000 3.64037e-02
1273.00000 2.71202e-02
1274.00000 1.08420e-02
1275.00000 -6.91002e-03
1276.00000 -3.41767e-02
1277.00000 -6.13972e-02
1278.00000 -9.96652e-02
1279.00000 -1.35362e-01
1280.00000 -1.82116e-01
1281.00000 -2.22135e-01
1282.00000 -2.69984e-01
1283.00000 -3.07696e-01
1284.00000 -3.49088e-01
1285.00000 -3.78191e-01
1286.00000 -4.06401e-01
1287.00000 -4.22397e-01
1288.00000 -4.33544e-01
1289.00000 -4.35042e-01
1290.00000 -4.18787e-01
1291.00000 7.46467e-01
1292.00000 7.36307e-01
1293.00000 7.23453e-01
1294.00000 7.04518e-01
1295.00000 6.78878e-01
1296.00000 6.46625e-01
1297.00000 6.00440e-01
1298.00000 5.45389e-01
1299.00000 4.59957e-01
1300.00000 3.75896e-01
1301.00000 2.70810e-01
1302.00000 1.75818e-01
1303.00000 7.40256e-02
1304.00000 -8.19688e-03
1305.00000 -8.87178e-02
1306.00000 -1.51719e-01
1307.00000 -2.11761e-01
1308.00000 -2.64500e-01
1309.00000 -3.08567e-01
1310.00000 -3.43290e-01
1311.00000 -3.76244e-01
1312.00000 -4.02608e-01
1313.00000 -4.26119e-01
1314.00000 -4.49262e-01
1315.00000 -4.68911e-01
1316.00000 -4.89022e-01
1317.00000 -5.07891e-01
1318.00000 -5.23907e-01
1319.00000 -5.34557e-01
1320.00000 -5.40848e-01
1321.00000 -5.38994e-01
1322.00000 -5.29194e-01
1323.00000 -5.14170e-01
1324.00000 -4.95246e-01
1325.00000 -4.84179e-01
1326.00000 -4.81868e-01
1327.00000 -5.11009e-01
1328.00000 -5.40108e-01
1329.00000 -5.51149e-01
1330.00000 -4.46720e-01
1331.00000 -3.93092e-01
1332.00000 -4.57028e-01
1333.00000 -5.21970e-01
1334.00000 -5.42020e-01
1335.00000 -5.58097e-01
1336.00000 -5.72841e-01
1337.00000 -5.69125e-01
1338.00000 -5.61400e-01
1339.00000 -5.47629e-01
1340.00000 -5.34647e-01
1341.00000 -5.19649e-01
1342.00000 -5.07560e-01
1343.00000 -4.94978e-01
1344.00000 -4.85597e-01
1345.00000 -4.76144e-01
1346.00000 -4.69704e-01
1347.00000 -4.63194e-01
1348.00000 -4.59089e-01
1349.00000 -4.54904e-01
1350.00000 -4.52730e-01
1351.00000 -4.50494e-01
1352.00000 -4.49989e-01
1353.00000 -4.50261e-01
1354.00000 -4.50657e-01
1355.00000 -4.54165e-01
1356.00000 -4.56912e-01
1357.00000 -4.61698e-01
1358.00000 -4.67766e-01
1359.00000 -4.76857e-01
1360.00000 -4.88884e-01
1361.00000 -5.06427e-01
1362.00000 -5.30962e-01
1363.00000 -5.67918e-01
1364.00000 -6.43316e-01
1365.00000 -7.43093e-01
1366.00000 -8.81202e-01
1367.00000 -9.51942e-01
1368.00000 -8.36392e-01
1369.00000 -6.82071e-01
1370.00000 -5.72942e-01
1371.00000 -5.16900e-01
1372.00000 -5.01191e-01
1373.00000 -1.91585e-01
1374.00000 -1.09801e-02
1375.00000 1.50768e-01
1376.00000 2.88941e-01
1377.00000 3.80196e-01
1378.00000 4.28083e-01
1379.00000 4.45537e-01
1380.00000 4.50116e-01
1381.00000 4.47823e-01
1382.00000 4.43797e-01
1383.00000 4.37370e-01
1384.00000 4.31686e-01
1385.00000 4.25801e-01
1386.00000 4.20284e-01
1387.00000 4.15172e-01
1388.00000 4.10564e-01
1389.00000 4.07134e-01
1390.00000 4.04590e-01
1391.00000 4.04413e-01
1392.00000 4.05261e-01
1393.00000 4.11412e-01
1394.00000 4.20256e-01
1395.00000 4.33608e-01
1396.00000 4.54820e-01
1397.00000 4.78477e-01
1398.00000 5.09615e-01
1399.00000 5.39186e-01
1400.00000 5.72021e-01
1401.00000 6.01750e-01
1402.00000 6.27931e-01
1403.00000 6.47344e-01
1404.00000 6.64199e-01
1405.00000 6.75059e-01
1406.00000 6.82164e-01
1407.00000 6.83940e-01
1408.00000 6.80256e-01
1409.00000 6.71502e-01
1410.00000 6.54613e-01
1411.00000 6.31148e-01
1412.00000 5.97933e-01
1413.00000 5.62299e-01
1414.00000 5.10182e-01
1415.00000 3.34222e-01
1416.00000 -2.68491e-01
1417.00000 -2.28003e-01
1418.00000 -2.76028e-01
1419.00000 -3.12981e-01
1420.00000 -3.35257e-01
1421.00000 -3.60681e-01
1422.00000 -3.96456e-01
1423.00000 -4.40700e-01
1424.00000 -4.73816e-01
1425.00000 -4.84337e-01
1426.00000 -4.92520e-01
1427.00000 -4.84779e-01
1428.00000 -4.57085e-01
1429.00000 -4.34579e-01
1430.00000 -3.90159e-01
1431.00000 -3.53855e-01
1432.00000 -3.18705e-01
1433.00000 -2.79113e-01
1434.00000 -2.47544e-01
1435.00000 -2.18897e-01
1436.00000 -1.84395e-01
1437.00000 -1.60340e-01
1438.00000 -1.38561e-01
1439.00000 -1.07098e-01
1440.00000 -9.12408e-02
1441.00000 -6.35721e-02
1442.00000 -4.82686e-02
1443.00000 -3.40196e-02
1444.00000 -1.19330e-02
1445.00000 4.99481e-04
1446.00000 1.22253e-02
1447.00000 3.21434e-02
1448.00000 4.19010e-02
1449.00000 5.99617e-02
1450.00000 6.90596e-02
1451.00000 7.77106e-02
1452.00000 9.31721e-02
1453.00000 1.00819e-01
1454.00000 1.08088e-01
1455.00000 1.21662e-01
1456.00000 1.28094e-01
1457.00000 1.34174e-01
1458.00000 1.45984e-01
1459.00000 1.51514e-01
1460.00000 1.62256e-01
1461.00000 1.66965e-01
1462.00000 1.71478e-01
1463.00000 1.81276e-01
1464.00000 1.85332e-01
1465.00000 1.89261e-01
1466.00000 1.97815e-01
1467.00000 2.01781e-01
1468.00000 2.09826e-01
1469.00000 2.13213e-01
1470.00000 2.16557e-01
1471.00000 2.24405e-01
1472.00000 2.27594e-01
1473.00000 2.30764e-01
1474.00000 2.37886e-01
1475.00000 2.41236e-01
1476.00000 2.48095e-01
1477.00000 2.51060e-01
1478.00000 2.54260e-01
1479.00000 2.60786e-01
1480.00000 2.63620e-01
1481.00000 2.66425e-01
1482.00000 2.72823e-01
1483.00000 2.75481e-01
1484.00000 2.78090e-01
1485.00000 2.83826e-01
1486.00000 2.86486e-01
1487.00000 2.91864e-01
1488.00000 2.94050e-01
1489.00000 2.96138e-01
1490.00000 3.01214e-01
1491.00000 3.03010e-01
1492.00000 3.04675e-01
1493.00000 3.08727e-01
1494.00000 3.10414e-01
1495.00000 3.13885e-01
1496.00000 3.14743e-01
1497.00000 3.15402e-01
1498.00000 3.18425e-01
1499.00000 3.18574e-01
1500.00000 3.18476e-01
1501.00000 3.20482e-01
1502.00000 3.19767e-01
1503.00000 3.18752e-01
1504.00000 3.18601e-01
1505.00000 3.17766e-01
1506.00000 3.16460e-01
1507.00000 3.13750e-01
1508.00000 3.10612e-01
1509.00000 3.08543e-01
1510.00000 3.04313e-01
1511.00000 2.99552e-01
1512.00000 2.93529e-01
1513.00000 2.89109e-01
1514.00000 2.80889e-01
1515.00000 2.73015e-01
1516.00000 2.64402e-01
1517.00000 2.54531e-01
1518.00000 2.43999e-01
1519.00000 2.32755e-01
1520.00000 2.18797e-01
1521.00000 2.05881e-01
1522.00000 1.92834e-01
1523.00000 1.73420e-01
1524.00000 1.62697e-01
1525.00000 1.43716e-01
1526.00000 1.34377e-01
1527.00000 1.27959e-01
1528.00000 1.14974e-01
1529.00000 1.14074e-01
1530.00000 1.16607e-01
1531.00000 1.13595e-01
1532.00000 1.15459e-01
1533.00000 1.14048e-01
1534.00000 1.23971e-01
1535.00000 1.38474e-01
1536.00000 1.20374e-01
1537.00000 1.35192e-01
1538.00000 1.75086e-01
1539.00000 1.39331e-01
1540.00000 -1.89300e-01
1541.00000 -1.59233e-01
1542.00000 -1.82322e-01
1543.00000 -1.80508e-01
1544.00000 -1.93121e-01
1545.00000 -1.75697e-01
1546.00000 -1.62146e-01
1547.00000 -1.82549e-01
1548.00000 -1.68134e-01
1549.00000 -1.55348e-01
1550.00000 -1.60575e-01
1551.00000 -1.57831e-01
1552.00000 -1.61982e-01
1553.00000 -1.49726e-01
1554.00000 -1.38819e-01
1555.00000 -1.51433e-01
1556.00000 -1.41407e-01
1557.00000 -1.32793e-01
1558.00000 -1.38483e-01
1559.00000 -1.38201e-01
1560.00000 -1.44823e-01
1561.00000 -1.39086e-01
1562.00000 -1.39901e-01
1563.00000 -1.47446e-01
1564.00000 -1.49511e-01
1565.00000 -1.68345e-01
1566.00000 -2.03548e-01
1567.00000 -2.41937e-01
1568.00000 -2.72508e-01
1569.00000 -2.99190e-01
1570.00000 -3.11385e-01
1571.00000 -3.26331e-01
1572.00000 -3.36664e-01
1573.00000 -3.45331e-01
1574.00000 -3.48842e-01
1575.00000 -3.54747e-01
1576.00000 -3.59910e-01
1577.00000 -3.61736e-01
1578.00000 -3.63284e-01
1579.00000 -3.63409e-01
1580.00000 -3.66438e-01
1581.00000 -3.69383e-01
1582.00000 -3.66080e-01
1583.00000 -3.68805e-01
1584.00000 -3.71593e-01
1585.00000 -3.67932e-01
1586.00000 -3.70781e-01
1587.00000 -3.73740e-01
1588.00000 -3.72618e-01
1589.00000 -3.73340e-01
1590.00000 -3.72520e-01
1591.00000 -3.75873e-01
1592.00000 -3.79309e-01
1593.00000 -3.76518e-01
1594.00000 -3.80131e-01
1595.00000 -3.83797e-01
1596.00000 -3.83960e-01
1597.00000 -3.85350e-01
1598.00000 -3.85901e-01
1599.00000 -3.89845e-01
1600.00000 -3.93804e-01
1601.00000 -3.92457e-01
1602.00000 -3.96528e-01
1603.00000 -4.00598e-01
1604.00000 -3.99711e-01
1605.00000 -4.03853e-01
1606.00000 -4.07976e-01
1607.00000 -4.09620e-01
1608.00000 -4.11566e-01
1609.00000 -4.13331e-01
1610.00000 -4.17382e-01
1611.00000 -4.21358e-01
1612.00000 -4.20974e-01
1613.00000 -4.24793e-01
1614.00000 -4.28492e-01
1615.00000 -4.29793e-01
1616.00000 -4.31306e-01
1617.00000 -4.32232e-01
1618.00000 -4.35257e-01
1619.00000 -4.38080e-01
1620.00000 -4.36475e-01
1621.00000 -4.38818e-01
1622.00000 -4.40912e-01
1623.00000 -4.38411e-01
1624.00000 -4.39906e-01
1625.00000 -4.41099e-01
1626.00000 -4.38739e-01
1627.00000 -4.37918e-01
1628.00000 -4.34455e-01
1629.00000 -4.34004e-01
1630.00000 -4.33136e-01
1631.00000 -4.26809e-01
1632.00000 -4.24925e-01
1633.00000 -4.22542e-01
1634.00000 -4.14745e-01
1635.00000 -4.10640e-01
1636.00000 -4.01019e-01
1637.00000 -3.96045e-01
1638.00000 -3.90491e-01
1639.00000 -3.77998e-01
1640.00000 -3.71188e-01
1641.00000 -3.63898e-01
1642.00000 -3.48886e-01
1643.00000 -3.40901e-01
1644.00000 -3.32501e-01
1645.00000 -3.15894e-01
1646.00000 -3.07374e-01
1647.00000 -2.90175e-01
1648.00000 -2.81960e-01
1649.00000 -2.74250e-01
1650.00000 -2.56797e-01
1651.00000 -2.50372e-01
1652.00000 -2.46017e-01
1653.00000 -2.42621e-01
1654.00000 -2.56067e-01
1655.00000 -2.87933e-01
1656.00000 -3.04450e-01
1657.00000 -3.18218e-01
1658.00000 -3.15296e-01
1659.00000 -3.26742e-01
1660.00000 -3.41804e-01
1661.00000 -3.37946e-01
1662.00000 -3.41849e-01
1663.00000 -3.04396e-01
1664.00000 -3.55055e-01
1665.00000 2.94382e-01
1666.00000 -3.84982e+00
1667.00000 -2.77528e+00
1668.00000 -2.03367e+00
1669.00000 -1.49236e+00
1670.00000 -1.12680e+00
1671.00000 -8.61425e-01
1672.00000 -6.12584e-01
1673.00000 -5.03248e-01
1674.00000 -3.57146e-01
1675.00000 -2.74653e-01
1676.00000 -2.05561e-01
1677.00000 -1.34388e-01
1678.00000 -8.04168e-02
1679.00000 -3.08587e-02
1680.00000 3.20933e-02
1681.00000 6.39718e-02
1682.00000 1.13811e-01
1683.00000 1.41786e-01
1684.00000 1.65346e-01
1685.00000 1.94444e-01
1686.00000 2.10723e-01
1687.00000 2.24403e-01
1688.00000 2.44261e-01
1689.00000 2.53683e-01
1690.00000 2.61623e-01
1691.00000 2.75397e-01
1692.00000 2.81195e-01
1693.00000 2.91911e-01
1694.00000 2.95179e-01
1695.00000 2.97723e-01
1696.00000 3.06224e-01
1697.00000 3.07320e-01
1698.00000 3.07803e-01
1699.00000 3.12276e-01
1700.00000 3.13170e-01
1701.00000 3.15859e-01
1702.00000 3.13478e-01
1703.00000 3.10366e-01
1704.00000 3.12430e-01
1705.00000 3.07540e-01
1706.00000 3.01666e-01
1707.00000 3.00348e-01
1708.00000 2.91964e-01
1709.00000 2.82190e-01
1710.00000 2.71417e-01
1711.00000 2.62434e-01
1712.00000 2.46020e-01
1713.00000 2.28085e-01
1714.00000 2.08436e-01
1715.00000 1.88801e-01
1716.00000 1.66155e-01
1717.00000 1.43480e-01
1718.00000 1.15836e-01
1719.00000 1.00494e-01
1720.00000 7.77044e-02
1721.00000 -1.50646e+03
1722.00000 -1.47324e+03
1723.00000 -1.41564e+03
1724.00000 -1.38492e+03
1725.00000 -1.35201e+03
1726.00000 -1.29702e+03
1727.00000 -1.26834e+03
1728.00000 -1.23584e+03
1729.00000 -1.18410e+03
1730.00000 -1.15663e+03
1731.00000 -1.10629e+03
1732.00000 -1.32590e-01
1733.00000 -1.70448e-01
1734.00000 -1.95885e-01
1735.00000 -2.56987e-01
1736.00000 -3.53687e-01
1737.00000 -4.43706e-01
1738.00000 -4.75276e-01
1739.00000 -5.00659e-01
1740.00000 -5.39693e-01
1741.00000 -5.84420e-01
1742.00000 -5.85927e-01
1743.00000 -6.41343e-01
1744.00000 -7.06839e-01
1745.00000 -7.51272e-01
1746.00000 -7.96763e-01
1747.00000 -8.54824e-01
1748.00000 -9.68285e-01
1749.00000 -1.03977e+00
1750.00000 -1.13666e+00
1751.00000 -1.31176e+00
1752.00000 -1.52140e+00
1753.00000 -1.58981e+00
1754.00000 -1.86601e+00
1755.00000 -2.19857e+00
1756.00000 -2.50459e+00
1757.00000 -2.77716e+00
1758.00000 -3.19822e+00
1759.00000 -3.83718e+00
1760.00000 -4.60709e+00
1761.00000 -5.00794e+00
1762.00000 -6.03611e+00
1763.00000 -7.25867e+00
1764.00000 -8.50640e+00
1765.00000 -9.51583e+00
1766.00000 -1.05453e-01
1767.00000 -1.03624e-01
1768.00000 -1.02097e-01
1769.00000 -9.55587e-02
1770.00000 -9.46752e-02
1771.00000 -9.40931e-02
1772.00000 -8.74777e-02
1773.00000 -8.74846e-02
1774.00000 -8.77401e-02
1775.00000 -8.29097e-02
1776.00000 -8.14814e-02
1777.00000 -7.60499e-02
1778.00000 -7.72998e-02
1779.00000 -7.86222e-02
1780.00000 -6.95010e-02
1781.00000 -7.13105e-02
1782.00000 -7.30973e-02
1783.00000 -6.55892e-02
1784.00000 -6.32263e-02
1785.00000 -4.87845e-02
1786.00000 -5.41516e-02
1787.00000 -6.45233e-02
1788.00000 1.29975e-02
1789.00000 6.36963e-02
1790.00000 3.34222e-01
1791.00000 -9.90123e-01
1792.00000 -4.31160e-01
1793.00000 -4.50483e-01
1794.00000 -3.81050e-01
1795.00000 -2.41087e-01
1796.00000 -1.22930e-01
1797.00000 -6.36265e-02
1798.00000 -5.50194e-02
1799.00000 -3.64471e-02
1800.00000 5.62655e-02
1801.00000 1.09865e-01
1802.00000 1.76703e-01
1803.00000 2.31834e-01
1804.00000 2.95553e-01
1805.00000 3.30350e-01
1806.00000 3.65623e-01
1807.00000 3.84999e-01
1808.00000 4.12688e-01
1809.00000 4.18918e-01
1810.00000 4.28085e-01
1811.00000 4.15614e-01
1812.00000 4.25864e-01
1813.00000 4.02488e-01
1814.00000 3.94386e-01
1815.00000 3.76963e-01
1816.00000 3.60653e-01
1817.00000 3.39363e-01
1818.00000 3.17294e-01
1819.00000 2.95106e-01
1820.00000 2.71941e-01
1821.00000 2.55491e-01
1822.00000 2.16508e-01
1823.00000 2.09791e-01
1824.00000 1.72226e-01
1825.00000 1.59203e-01
1826.00000 1.41857e-01
1827.00000 1.22210e-01
1828.00000 1.08501e-01
1829.00000 1.03298e-01
1830.00000 7.65268e-02
1831.00000 8.22035e-02
1832.00000 5.93979e-02
1833.00000 6.23013e-02
1834.00000 5.76039e-02
1835.00000 4.64898e-02
1836.00000 2.79362e-02
1837.00000 -6.54378e-03
1838.00000 -1.01856e-01
1839.00000 -2.02290e-01
1840.00000 -3.70008e-01
1841.00000 -5.15865e-01
1842.00000 -6.40824e-01
1843.00000 -7.61452e-01
1844.00000 -8.39715e-01
1845.00000 -8.98358e-01
1846.00000 -9.52088e-01
1847.00000 -9.75879e-01
1848.00000 -9.88264e-01
1849.00000 -9.78434e-01
1850.00000 -9.68204e-01
1851.00000 -9.21910e-01
1852.00000 -8.67494e-01
1853.00000 -7.96161e-01
1854.00000 -7.44038e-01
1855.00000 -6.82527e-01
1856.00000 -6.49464e-01
1857.00000 -6.12798e-01
1858.00000 -6.46533e-01
1859.00000 -6.05282e-01
1860.00000 -6.11104e-01
1861.00000 -5.61161e-01
1862.00000 -2.48390e-01
1863.00000 -4.55360e-02
1864.00000 -9.02384e-02
1865.00000 -5.39665e-02
1866.00000 -8.55195e-02
1867.00000 -2.22475e-02
1868.00000 3.61953e-02
1869.00000 1.31992e-01
1870.00000 2.41825e-01
1871.00000 2.80959e-01
1872.00000 3.00720e-01
1873.00000 3.17881e-01
1874.00000 3.05970e-01
1875.00000 2.69394e-01
1876.00000 2.07088e-01
1877.00000 1.30376e-01
1878.00000 2.77531e-02
1879.00000 -5.83749e-02
1880.00000 -1.20601e-01
1881.00000 -1.51786e-01
1882.00000 -1.69545e-01
1883.00000 -1.73262e-01
1884.00000 -1.62883e-01
1885.00000 -1.51211e-01
1886.00000 -1.34458e-01
1887.00000 -1.21895e-01
1888.00000 -1.10903e-01
1889.00000 -9.52327e-02
1890.00000 -8.75616e-02
1891.00000 -8.06742e-02
1892.00000 -7.52524e-02
1893.00000 -7.05991e-02
1894.00000 -7.07817e-02
1895.00000 -7.25139e-02
1896.00000 -7.72103e-02
1897.00000 -8.10621e-02
1898.00000 -8.95150e-02
1899.00000 -9.89056e-02
1900.00000 -1.09320e-01
1901.00000 -1.21615e-01
1902.00000 -1.34953e-01
1903.00000 -1.53750e-01
1904.00000 -1.64179e-01
1905.00000 -1.84130e-01
1906.00000 -1.98311e-01
1907.00000 -2.11110e-01
1908.00000 -2.21660e-01
1909.00000 -2.28331e-01
1910.00000 -2.30478e-01
1911.00000 -2.28377e-01
1912.00000 -2.15810e-01
1913.00000 -1.96652e-01
1914.00000 -1.71633e-01
1915.00000 -1.41600e-01
1916.00000 -1.02318e-01
1917.00000 -6.68572e-02
1918.00000 -3.14605e-02
1919.00000 8.81837e-03
1920.00000 3.94243e-02
1921.00000 7.27375e-02
1922.00000 9.74201e-02
1923.00000 1.19456e-01
1924.00000 1.38562e-01
1925.00000 1.55578e-01
1926.00000 1.73193e-01
1927.00000 1.79265e-01
1928.00000 1.97449e-01
1929.00000 2.16141e-01
1930.00000 2.07742e-01
1931.00000 1.86744e-01
1932.00000 1.46800e-01
1933.00000 -2.08487e-03
1934.00000 -5.60023e-01
1935.00000 -6.12115e-02
1936.00000 6.58918e-02
1937.00000 1.61007e-01
1938.00000 2.59929e-01
1939.00000 3.21967e-01
1940.00000 1.78018e-01
1941.00000 1.86102e-01
1942.00000 1.91809e-01
1943.00000 1.95310e-01
1944.00000 1.97437e-01
1945.00000 1.97670e-01
1946.00000 1.97087e-01
1947.00000 1.95007e-01
1948.00000 1.92456e-01
1949.00000 1.88299e-01
1950.00000 1.83370e-01
1951.00000 1.78628e-01
1952.00000 1.70238e-01
1953.00000 1.63834e-01
1954.00000 1.61631e-01
1955.00000 1.61190e-01
1956.00000 1.59363e-01
1957.00000 1.56123e-01
1958.00000 1.49811e-01
1959.00000 1.44251e-01
1960.00000 1.36688e-01
1961.00000 1.28707e-01
1962.00000 1.21856e-01
1963.00000 1.14733e-01
1964.00000 1.08558e-01
1965.00000 1.07144e-01
1966.00000 1.03528e-01
1967.00000 1.08979e-01
1968.00000 1.14274e-01
1969.00000 1.24863e-01
1970.00000 1.46899e-01
1971.00000 1.67371e-01
1972.00000 1.68322e-01
1973.00000 5.02445e-02
1974.00000 -7.59031e-02
1975.00000 -1.07184e-01
1976.00000 -9.90870e-02
1977.00000 -9.12619e-02
1978.00000 -8.76439e-02
1979.00000 -8.47558e-02
1980.00000 -8.34307e-02
1981.00000 -8.45299e-02
1982.00000 -8.49014e-02
1983.00000 -8.56797e-02
1984.00000 -8.75733e-02
1985.00000 -8.88210e-02
1986.00000 -9.05343e-02
1987.00000 -9.14532e-02
1988.00000 -9.23082e-02
1989.00000 3.65056e-01
1990.00000 3.17087e-01
1991.00000 2.76784e-01
1992.00000 2.12622e-01
1993.00000 1.90978e-01
1994.00000 1.46835e-01
1995.00000 1.33280e-01
1996.00000 1.24501e-01
1997.00000 1.01581e-01
1998.00000 1.00987e-01
1999.00000 1.03255e-01
2000.00000 9.38941e-02
2001.00000 9.14579e-02
2002.00000 8.46408e-02
2003.00000 9.99858e-02
2004.00000 1.23166e-01
2005.00000 8.67006e-02
2006.00000 -2.51150e-02
