-8.00000 1.664133276782691e-01
-7.98799 1.676595274186663e-01
-7.97598 1.689273276136350e-01
-7.96396 1.702182481211329e-01
-7.95195 1.715339658941605e-01
-7.93994 1.728763036409565e-01
-7.92793 1.742472110972722e-01
-7.91592 1.756487394364130e-01
-7.90390 1.770830094834373e-01
-7.89189 1.785521744500874e-01
-7.87988 1.800583778882829e-01
-7.86787 1.816037075214510e-01
-7.85586 1.831901456334460e-01
-7.84384 1.848195168801694e-01
-7.83183 1.864934348616243e-01
-7.81982 1.882132496713422e-01
-7.80781 1.899800000124417e-01
-7.79580 1.917943753514198e-01
-7.78378 1.936566958789760e-01
-7.77177 1.955669205279938e-01
-7.75976 1.975246955798400e-01
-7.74775 1.995294579714262e-01
-7.73574 2.015806077632677e-01
-7.72372 2.036777629143167e-01
-7.71171 2.058211063840702e-01
-7.69970 2.080118309427056e-01
-7.68769 2.102526817375937e-01
-7.67568 2.125485919071524e-01
-7.66366 2.149074038062461e-01
-7.65165 2.173406690549450e-01
-7.63964 2.198645259349180e-01
-7.62763 2.225006649734978e-01
-7.61562 2.252774191259203e-01
-7.60360 2.282310685673150e-01
-7.59159 2.314075592112093e-01
-7.57958 2.348650368873243e-01
-7.56757 2.386779308405657e-01
-7.55556 2.429438113026577e-01
-7.54354 2.477950890003973e-01
-7.53153 2.534199148100357e-01
-7.51952 2.601036742881552e-01
-7.50751 2.683173203706545e-01
-7.49550 2.788788448930382e-01
-7.48348 2.930846498077586e-01
-7.47147 3.123434179468097e-01
-7.45946 3.368818847168221e-01
-7.44745 3.648578857747194e-01
-7.43544 3.971610555246923e-01
-7.42342 4.733461676120246e-01
-7.41141 5.734066610122800e-01
-7.39940 4.888205707261178e-01
-7.38739 5.002031983911119e-01
-7.37538 5.228527813063475e-01
-7.36336 5.408510954493660e-01
-7.35135 5.523415413267985e-01
-7.33934 5.573746245884478e-01
-7.32733 5.571574368649511e-01
-7.31532 5.535695724004479e-01
-7.30330 5.486388405089700e-01
-7.29129 5.440934172960719e-01
-7.27928 5.410820423085058e-01
-7.26727 5.400945058932458e-01
-7.25526 5.410544239636805e-01
-7.24324 5.435178781030967e-01
-7.23123 5.469048966271404e-01
-7.21922 5.507088588570853e-01
-7.20721 5.546560222279661e-01
-7.19520 5.588093367011637e-01
-7.18318 5.636203642585604e-01
-7.17117 5.699243222526121e-01
-7.15916 5.788285687576330e-01
-7.14715 5.913703954299034e-01
-7.13514 6.078579624890673e-01
-7.12312 6.271776180307745e-01
-7.11111 6.468266228187541e-01
-7.09910 6.641411804676290e-01
-7.08709 6.779215803462016e-01
-7.07508 6.889466393480980e-01
-7.06306 6.989813322303069e-01
-7.05105 7.094323782976784e-01
-7.03904 7.207923710771543e-01
-7.02703 7.328772697123690e-01
-7.01502 7.452686325838531e-01
-7.00300 7.576140672919027e-01
-6.99099 7.697667900529662e-01
-6.97898 7.818160408439990e-01
-6.96697 7.940357661963284e-01
-6.95495 8.067858421923761e-01
-6.94294 8.204136490873886e-01
-6.93093 8.351873959970950e-01
-6.91892 8.512564185033983e-01
-6.90691 8.686131908331379e-01
-6.89489 8.870512169757149e-01
-6.88288 9.061520039499831e-01
-6.87087 9.253358225762733e-01
-6.85886 9.439548809490821e-01
-6.84685 9.613644397696821e-01
-6.83483 9.769552692495377e-01
-6.82282 9.902192380866457e-01
-6.81081 1.000909961524777e+00
-6.79880 1.009230932016301e+00
-6.78679 1.015893824197281e+00
-6.77477 1.021974070501907e+00
-6.76276 1.028670475126139e+00
-6.75075 1.037150815131741e+00
-6.73874 1.048546954052894e+00
-6.72673 1.063956057831718e+00
-6.71471 1.084206539259885e+00
-6.70270 1.109306591111276e+00
-6.69069 1.137878140757075e+00
-6.67868 1.167176471789328e+00
-6.66667 1.194063359434433e+00
-6.65465 1.216510380379122e+00
-6.64264 1.234574617709280e+00
-6.63063 1.250100994431588e+00
-6.61862 1.265453722339256e+00
-6.60661 1.282279207559504e+00
-6.59459 1.301027180228721e+00
-6.58258 1.321198173351037e+00
-6.57057 1.341853911577873e+00
-6.55856 1.362026921043729e+00
-6.54655 1.380956087067158e+00
-6.53453 1.398231618645290e+00
-6.52252 1.413901562322583e+00
-6.51051 1.428482819782602e+00
-6.49850 1.442762572344476e+00
-6.48649 1.457356655187559e+00
-6.47447 1.472200145621142e+00
-6.46246 1.486329702477178e+00
-6.45045 1.498248679589505e+00
-6.43844 1.506772609310042e+00
-6.42643 1.511803725544937e+00
-6.41441 1.514421071461231e+00
-6.40240 1.516152889763934e+00
-6.39039 1.517948437406040e+00
-6.37838 1.519610681208123e+00
-6.36637 1.520073739273241e+00
-6.35435 1.518250877731904e+00
-6.34234 1.513795377367298e+00
-6.33033 1.507276793481209e+00
-6.31832 1.499771485105821e+00
-6.30631 1.492257575368516e+00
-6.29429 1.485224542249233e+00
-6.28228 1.478647348832956e+00
-6.27027 1.472210338216706e+00
-6.25826 1.465575662860048e+00
-6.24625 1.458555986419706e+00
-6.23423 1.451158372350405e+00
-6.22222 1.443535520086241e+00
-6.21021 1.435899086320389e+00
-6.19820 1.428438952740649e+00
-6.18619 1.421272797247831e+00
-6.17417 1.414432470043650e+00
-6.16216 1.407880822700021e+00
-6.15015 1.401545615441971e+00
-6.13814 1.395355748010135e+00
-6.12613 1.389268165540728e+00
-6.11411 1.383279395422914e+00
-6.10210 1.377421557396110e+00
-6.09009 1.371747127006181e+00
-6.07808 1.366308899240134e+00
-6.06607 1.361141567320305e+00
-6.05405 1.356249752770367e+00
-6.04204 1.351605033360881e+00
-6.03003 1.347152234323602e+00
-6.01802 1.342823424716950e+00
-6.00601 1.338556852714889e+00
-5.99399 1.334317389905687e+00
-5.98198 1.330114749679033e+00
-5.96997 1.326015639010867e+00
-5.95796 1.322146101336002e+00
-5.94595 1.318680865415716e+00
-5.93393 1.315818010344478e+00
-5.92192 1.313740224155383e+00
-5.90991 1.312568656577793e+00
-5.89790 1.312321434307479e+00
-5.88589 1.312894524296051e+00
-5.87387 1.314083666765433e+00
-5.86186 1.315655855336806e+00
-5.84985 1.317451454341265e+00
-5.83784 1.319458348788013e+00
-5.82583 1.321774466315669e+00
-5.81381 1.324408108892583e+00
-5.80180 1.326977084694363e+00
-5.78979 1.328504352229483e+00
-5.77778 1.327577451770092e+00
-5.76577 1.323236765979826e+00
-5.75375 1.317065640619946e+00
-5.74174 1.314013332474028e+00
-5.72973 1.313747072114125e+00
-5.71772 1.301975424469368e+00
-5.70571 1.270349744875911e+00
-5.69369 1.233226233093261e+00
-5.68168 1.204646680449325e+00
-5.66967 1.183992798209120e+00
-5.65766 1.166400272405263e+00
-5.64565 1.149248937484281e+00
-5.63363 1.131343907291666e+00
-5.62162 1.111873805415041e+00
-5.60961 1.090300376362839e+00
-5.59760 1.066489835950574e+00
-5.58559 1.040780785494469e+00
-5.57357 1.013924057387725e+00
-5.56156 9.869144505404055e-01
-5.54955 9.607759421504882e-01
-5.53754 9.363711921032175e-01
-5.52553 9.142863992259148e-01
-5.51351 8.948076774136950e-01
-5.50150 8.779723595280708e-01
-5.48949 8.636601820006412e-01
-5.47748 8.516881085216073e-01
-5.46547 8.418836771747910e-01
-5.45345 8.341270187083342e-01
-5.44144 8.283643107683284e-01
-5.42943 8.246023478198354e-01
-5.41742 8.228955070434909e-01
-5.40541 8.233347823993548e-01
-5.39339 8.260458544228133e-01
-5.38138 8.312007153549402e-01
-5.36937 8.390461850277122e-01
-5.35736 8.499544716065017e-01
-5.34535 8.645080561883643e-01
-5.33333 8.836413820672635e-01
-5.32132 9.088649185613585e-01
-5.30931 9.427021033955553e-01
-5.29730 9.904485131569561e-01
-5.28529 1.064603905890079e+00
-5.27327 1.177654972635314e+00
-5.26126 1.305224672952896e+00
-5.24925 1.397568425469255e+00
-5.23724 1.460598643039948e+00
-5.22523 1.530625108164671e+00
-5.21321 1.606792876125551e+00
-5.20120 1.670419552529723e+00
-5.18919 1.708498568364427e+00
-5.17718 1.713808435486548e+00
-5.16517 1.687170648037259e+00
-5.15315 1.639626214739355e+00
-5.14114 1.587222953178840e+00
-5.12913 1.542241916927580e+00
-5.11712 1.508936147714373e+00
-5.10511 1.485739050730519e+00
-5.09309 1.469583777704739e+00
-5.08108 1.458326076599613e+00
-5.06907 1.450924842851304e+00
-5.05706 1.446924737151983e+00
-5.04505 1.446268388807036e+00
-5.03303 1.449263031717121e+00
-5.02102 1.455982819984178e+00
-5.00901 1.465108732676334e+00
-4.99700 1.473358508936758e+00
-4.98498 1.476197904536251e+00
-4.97297 1.469231578893420e+00
-4.96096 1.450341294768960e+00
-4.94895 1.422206229642107e+00
-4.93694 1.391694345950470e+00
-4.92492 1.365718407657455e+00
-4.91291 1.356242229486540e+00
-4.90090 1.381891627107356e+00
-4.88889 1.422450036604098e+00
-4.87688 1.367559673416920e+00
-4.86486 1.300105051369969e+00
-4.85285 1.288231136505734e+00
-4.84084 1.281898205105618e+00
-4.82883 1.275761207647993e+00
-4.81682 1.268782242870139e+00
-4.80480 1.260276739548958e+00
-4.79279 1.250222229865098e+00
-4.78078 1.239306874910606e+00
-4.76877 1.228644988252316e+00
-4.75676 1.219329006482531e+00
-4.74474 1.212070133874763e+00
-4.73273 1.207082811879076e+00
-4.72072 1.204194705380120e+00
-4.70871 1.203053968426127e+00
-4.69670 1.203310080910883e+00
-4.68468 1.204717062157425e+00
-4.67267 1.207182397528570e+00
-4.66066 1.210832990156249e+00
-4.64865 1.216176972538398e+00
-4.63664 1.224340937653380e+00
-4.62462 1.237078112352346e+00
-4.61261 1.255993505240074e+00
-4.60060 1.280917326213903e+00
-4.58859 1.308784500340938e+00
-4.57658 1.334990656894114e+00
-4.56456 1.356913022145490e+00
-4.55255 1.376102185854875e+00
-4.54054 1.396453676874780e+00
-4.52853 1.420361936867901e+00
-4.51652 1.447440202116544e+00
-4.50450 1.477757428835376e+00
-4.49249 1.516707954419441e+00
-4.48048 1.578404725227764e+00
-4.46847 1.683688247503232e+00
-4.45646 1.821762421174113e+00
-4.44444 2.104942778775155e+00
-4.43243 2.101780473157993e+00
-4.42042 1.875839807901144e+00
-4.40841 1.776323834807108e+00
-4.39640 1.703665351283283e+00
-4.38438 1.637691541605887e+00
-4.37237 1.580340485220090e+00
-4.36036 1.533633414489727e+00
-4.34835 1.497373798497189e+00
-4.33634 1.466431577921749e+00
-4.32432 1.439963246673154e+00
-4.31231 1.426613220624217e+00
-4.30030 1.424944661396380e+00
-4.28829 1.404222187152705e+00
-4.27628 1.433480531102158e+00
-4.26426 1.390743685892851e+00
-4.25225 1.394018594303289e+00
-4.24024 1.367579211674906e+00
-4.22823 1.309927955504587e+00
-4.21622 1.280326040235866e+00
-4.20420 1.276693056921378e+00
-4.19219 1.278785124511578e+00
-4.18018 1.283170984268138e+00
-4.16817 1.439192923388419e+00
-4.15616 1.333582915097833e+00
-4.14414 1.366468635800817e+00
-4.13213 1.423718642953426e+00
-4.12012 1.496417002869352e+00
-4.10811 1.587350839659708e+00
-4.09610 1.690264197670710e+00
-4.08408 1.791136089647773e+00
-4.07207 1.918278519971981e+00
-4.06006 1.987242999270193e+00
-4.04805 2.095243071704891e+00
-4.03604 2.203518329262000e+00
-4.02402 2.306191233758473e+00
-4.01201 2.401090743873205e+00
-4.00000 2.479524681419994e+00
-3.98799 2.564534147902465e+00
-3.97598 2.700068437814465e+00
-3.96396 2.539210502026804e+00
-3.95195 2.431248140551392e+00
-3.93994 2.378489887306303e+00
-3.92793 2.340234340865858e+00
-3.91592 2.282102115556255e+00
-3.90390 2.142604250754381e+00
-3.89189 1.965785408687819e+00
-3.87988 1.817692327302637e+00
-3.86787 1.699933271776418e+00
-3.85586 1.607459618846974e+00
-3.84384 1.539565842496192e+00
-3.83183 1.488640276026438e+00
-3.81982 1.446086884441140e+00
-3.80781 1.407653694137867e+00
-3.79580 1.372459186398152e+00
-3.78378 1.340725947583916e+00
-3.77177 1.312587529339057e+00
-3.75976 1.287778072492789e+00
-3.74775 1.265728112420942e+00
-3.73574 1.245778739358033e+00
-3.72372 1.227357694050739e+00
-3.71171 1.210059142100013e+00
-3.69970 1.193637988860177e+00
-3.68769 1.177958820928675e+00
-3.67568 1.162937511600340e+00
-3.66366 1.148498255207224e+00
-3.65165 1.134553340121267e+00
-3.63964 1.121002191817343e+00
-3.62763 1.107740576658399e+00
-3.61562 1.094670274394026e+00
-3.60360 1.081705722985478e+00
-3.59159 1.068793514318998e+00
-3.57958 1.056001490036992e+00
-3.56757 1.043764867076544e+00
-3.55556 1.033236239030520e+00
-3.54354 1.026194961778613e+00
-3.53153 1.023614061052311e+00
-3.51952 1.023168080974491e+00
-3.50751 1.018547604396719e+00
-3.49550 1.003284292698505e+00
-3.48348 9.764300129921141e-01
-3.47147 9.436972883401972e-01
-3.45946 9.126489609069787e-01
-3.44745 8.876408282418170e-01
-3.43544 8.692980593626036e-01
-3.42342 8.576885892905776e-01
-3.41141 8.576327047173872e-01
-3.39940 8.933780284526257e-01
-3.38739 1.076652853253884e+00
-3.37538 1.557509382631924e+00
-3.36336 1.507530146939760e+00
-3.35135 1.470938311656442e+00
-3.33934 1.472995333598870e+00
-3.32733 1.492217291018342e+00
-3.31532 1.522486066727182e+00
-3.30330 1.561032691618113e+00
-3.29129 1.613842898831151e+00
-3.27928 1.698809505005244e+00
-3.26727 1.789622910104486e+00
-3.25526 1.794531429638028e+00
-3.24324 1.626519454907484e+00
-3.23123 1.390334846589987e+00
-3.21922 1.192352869894175e+00
-3.20721 1.158328969925942e+00
-3.19520 8.919779211789426e-01
-3.18318 7.936045173997597e-01
-3.17117 7.278524677668898e-01
-3.15916 6.891696875137507e-01
-3.14715 6.716882094149966e-01
-3.13514 6.709635170885888e-01
-3.12312 6.842393931763142e-01
-3.11111 7.098612905676294e-01
-3.09910 7.463676742870472e-01
-3.08709 7.915752774480588e-01
-3.07508 8.415581822640857e-01
-3.06306 8.901260680586593e-01
-3.05105 9.306256466480409e-01
-3.03904 9.599111697910712e-01
-3.02703 9.803274025032935e-01
-3.01502 9.970621037829984e-01
-3.00300 1.014214845642655e+00
-2.99099 1.033616513993333e+00
-2.97898 1.055906391154036e+00
-2.96697 1.081528518724349e+00
-2.95495 1.110920980748999e+00
-2.94294 1.144340553260839e+00
-2.93093 1.181839312202220e+00
-2.91892 1.224123495436851e+00
-2.90691 1.274184841458554e+00
-2.89489 1.335461846487396e+00
-2.88288 1.404171281874334e+00
-2.87087 1.467589815386158e+00
-2.85886 1.512035743104145e+00
-2.84685 1.528388795190123e+00
-2.83483 1.519340782309101e+00
-2.82282 1.501390303859024e+00
-2.81081 1.489788411486750e+00
-2.79880 1.486937744973020e+00
-2.78679 1.487572158138405e+00
-2.77477 1.487603297967101e+00
-2.76276 1.486519280817335e+00
-2.75075 1.485686500736802e+00
-2.73874 1.486626503201227e+00
-2.72673 1.490339020937491e+00
-2.71471 1.497320766527456e+00
-2.70270 1.507840873855046e+00
-2.69069 1.522115028332831e+00
-2.67868 1.540034249070300e+00
-2.66667 1.560274334804769e+00
-2.65465 1.579195244505780e+00
-2.64264 1.590696931912184e+00
-2.63063 1.588152030329045e+00
-2.61862 1.568005394790759e+00
-2.60661 1.532763333702650e+00
-2.59459 1.490987162617956e+00
-2.58258 1.453418742362399e+00
-2.57057 1.426139044667473e+00
-2.55856 1.405537485236558e+00
-2.54655 1.382623136290976e+00
-2.53453 1.353855022721595e+00
-2.52252 1.323848444703183e+00
-2.51051 1.297679378598457e+00
-2.49850 1.275970856333414e+00
-2.48649 1.257079790089326e+00
-2.47447 1.239833818383545e+00
-2.46246 1.223801588612368e+00
-2.45045 1.208741488406688e+00
-2.43844 1.194400037075367e+00
-2.42643 1.180582054098639e+00
-2.41441 1.167233685742234e+00
-2.40240 1.154459632469394e+00
-2.39039 1.142505698597292e+00
-2.37838 1.131760864019552e+00
-2.36637 1.122798715231951e+00
-2.35435 1.116385268389185e+00
-2.34234 1.113277928081880e+00
-2.33033 1.113711233253778e+00
-2.31832 1.116855833383422e+00
-2.30631 1.120935193260836e+00
-2.29429 1.124382863181480e+00
-2.28228 1.127348106236478e+00
-2.27027 1.132160448695139e+00
-2.25826 1.142075457869911e+00
-2.24625 1.159129402644994e+00
-2.23423 1.182754823006163e+00
-2.22222 1.210256811356573e+00
-2.21021 1.238704910856632e+00
-2.19820 1.266553098502962e+00
-2.18619 1.293768940977649e+00
-2.17417 1.320920893260500e+00
-2.16216 1.348383895938612e+00
-2.15015 1.376042655250010e+00
-2.13814 1.403185271288865e+00
-2.12613 1.428483443569765e+00
-2.11411 1.450258816631321e+00
-2.10210 1.467058986907577e+00
-2.09009 1.478242547227905e+00
-2.07808 1.484227446634402e+00
-2.06607 1.486290981971325e+00
-2.05405 1.486079295756390e+00
-2.04204 1.485100276931195e+00
-2.03003 1.484410134747014e+00
-2.01802 1.484553052038306e+00
-2.00601 1.485687551220605e+00
-1.99399 1.487789367720235e+00
-1.98198 1.490846283370789e+00
-1.96997 1.495008660128305e+00
-1.95796 1.500690804701645e+00
-1.94595 1.508619794276021e+00
-1.93393 1.519810934400127e+00
-1.92192 1.535441647013392e+00
-1.90991 1.556651815185975e+00
-1.89790 1.584474075378043e+00
-1.88589 1.620188105759980e+00
-1.87387 1.665533510271724e+00
-1.86186 1.720401510716422e+00
-1.84985 1.777594244098542e+00
-1.83784 1.852953133541630e+00
-1.82583 2.042429049218200e+00
-1.81381 1.874476304166267e+00
-1.80180 1.793551908379067e+00
-1.78979 1.753107978599494e+00
-1.77778 1.707452251839310e+00
-1.76577 1.659419492418272e+00
-1.75375 1.613306918665277e+00
-1.74174 1.571233752270900e+00
-1.72973 1.531183417202600e+00
-1.71772 1.490039817485999e+00
-1.70571 1.447956925718450e+00
-1.69369 1.408232611143077e+00
-1.68168 1.373578448475876e+00
-1.66967 1.344081015051592e+00
-1.65766 1.318236209984551e+00
-1.64565 1.294585801196780e+00
-1.63363 1.272389560406600e+00
-1.62162 1.251535830201128e+00
-1.60961 1.232182656656461e+00
-1.59760 1.214377677708921e+00
-1.58559 1.197819542001223e+00
-1.57357 1.181889822887369e+00
-1.56156 1.165998399132177e+00
-1.54955 1.150193709570990e+00
-1.53754 1.135800117393297e+00
-1.52553 1.125317732182805e+00
-1.51351 1.120929896038976e+00
-1.50150 1.124358443944457e+00
-1.48949 1.142362515027143e+00
-1.47748 1.289430977484766e+00
-1.46547 1.276943258590739e+00
-1.45345 1.306731399769308e+00
-1.44144 1.271489129514649e+00
-1.42943 1.269294304580279e+00
-1.41742 1.268238753546847e+00
-1.40541 1.262744010295900e+00
-1.39339 1.256417965437544e+00
-1.38138 1.250357558201920e+00
-1.36937 1.244165844349123e+00
-1.35736 1.237281685050688e+00
-1.34535 1.229708492428233e+00
-1.33333 1.221896698049385e+00
-1.32132 1.214323960464756e+00
-1.30931 1.207266377007603e+00
-1.29730 1.200812476121095e+00
-1.28529 1.194958185760270e+00
-1.27327 1.189661653146088e+00
-1.26126 1.184846442920934e+00
-1.24925 1.180396126998148e+00
-1.23724 1.176170839537199e+00
-1.22523 1.172042505979567e+00
-1.21321 1.167927814163090e+00
-1.20120 1.163802773277616e+00
-1.18919 1.159696842779922e+00
-1.17718 1.155674898154087e+00
-1.16517 1.151817198812113e+00
-1.15315 1.148203679235950e+00
-1.14114 1.144903993739077e+00
-1.12913 1.141971849203858e+00
-1.11712 1.139441740497716e+00
-1.10511 1.137327149426238e+00
-1.09309 1.135620253542531e+00
-1.08108 1.134293512743962e+00
-1.06907 1.133303185218312e+00
-1.05706 1.132594283740790e+00
-1.04505 1.132106119969655e+00
-1.03303 1.131777566850901e+00
-1.02102 1.131551429653721e+00
-1.00901 1.131377672085435e+00
-0.99700 1.131215530844411e+00
-0.98498 1.131034695298667e+00
-0.97297 1.130815744622395e+00
-0.96096 1.130549986292233e+00
-0.94895 1.130238790234693e+00
-0.93694 1.129892495286353e+00
-0.92492 1.129528978760391e+00
-0.91291 1.129172005749568e+00
-0.90090 1.128849490272203e+00
-0.88889 1.128591793653826e+00
-0.87688 1.128430158108740e+00
-0.86486 1.128395335897904e+00
-0.85285 1.128516439237493e+00
-0.84084 1.128820012003637e+00
-0.82883 1.129329313580738e+00
-0.81682 1.130063804834812e+00
-0.80480 1.131038830403848e+00
-0.79279 1.132265494854714e+00
-0.78078 1.133750729579619e+00
-0.76877 1.135497542109139e+00
-0.75676 1.137505431293212e+00
-0.74474 1.139770942792181e+00
-0.73273 1.142288331457544e+00
-0.72072 1.145050291532262e+00
-0.70871 1.148048712378005e+00
-0.69670 1.151275416377701e+00
-0.68468 1.154722836469468e+00
-0.67267 1.158384593403054e+00
-0.66066 1.162255937533996e+00
-0.64865 1.166334027186108e+00
-0.63664 1.170618025617405e+00
-0.62462 1.175109011410209e+00
-0.61261 1.179809712279278e+00
-0.60060 1.184724089124796e+00
-0.58859 1.189856814721702e+00
-0.57658 1.195212708742431e+00
-0.56456 1.200796206873989e+00
-0.55255 1.206610955599063e+00
-0.54054 1.212659634569198e+00
-0.52853 1.218944113801403e+00
-0.51652 1.225466050924714e+00
-0.50450 1.232228021328097e+00
-0.49249 1.239235247468115e+00
-0.48048 1.246497948483029e+00
-0.46847 1.254034263640148e+00
-0.45646 1.261873610639599e+00
-0.44444 1.270060223521559e+00
-0.43243 1.278656481824007e+00
-0.42042 1.287745508056931e+00
-0.40841 1.297432400507338e+00
-0.39640 1.307843420720658e+00
-0.38438 1.319122517897506e+00
-0.37237 1.331424796833084e+00
-0.36036 1.344906955861008e+00
-0.34835 1.359715314832030e+00
-0.33634 1.375972688706833e+00
-0.32432 1.393765763142292e+00
-0.31231 1.413134441286866e+00
-0.30030 1.434063694022335e+00
-0.28829 1.456477218743639e+00
-0.27628 1.480232006639301e+00
-0.26426 1.505115380579652e+00
-0.25225 1.530852263922589e+00
-0.24024 1.557142553248129e+00
-0.22823 1.583777201550945e+00
-0.21622 1.610950248071413e+00
-0.20420 1.640001390346987e+00
-0.19219 1.674805205630076e+00
-0.18018 1.722759453524623e+00
-0.16817 1.790483395707237e+00
-0.15616 1.870444633242225e+00
-0.14414 1.934330066543804e+00
-0.13213 1.956444179182892e+00
-0.12012 1.942886097360762e+00
-0.10811 1.921705129610267e+00
-0.09610 1.912753500414700e+00
-0.08408 1.918749727941622e+00
-0.07207 1.933651940495546e+00
-0.06006 1.949731924078405e+00
-0.04805 1.960620753157161e+00
-0.03604 1.963223099193525e+00
-0.02402 1.958556151886865e+00
-0.01201 1.950233995138416e+00
0.00000 1.941146281229128e+00
0.01201 1.935368472478899e+00
0.02402 1.984669842971636e+00
0.03604 2.048310077942078e+00
0.04805 1.921398902990768e+00
0.06006 1.864830492300122e+00
0.07207 1.873823361203153e+00
0.08408 1.859816216505158e+00
0.09610 1.805944511462279e+00
0.10811 1.751911553033647e+00
0.12012 1.707002707077387e+00
0.13213 1.662721022901186e+00
0.14414 1.619567278275878e+00
0.15616 1.578352139503243e+00
0.16817 1.537778252974187e+00
0.18018 1.496888407393490e+00
0.19219 1.455077008407266e+00
0.20420 1.412197750346225e+00
0.21622 1.369276559407928e+00
0.22823 1.327743455361187e+00
0.24024 1.287479740538400e+00
0.25225 1.246924629207337e+00
0.26426 1.205924152341763e+00
0.27628 1.167018080513872e+00
0.28829 1.132528859046681e+00
0.30030 1.101369643037599e+00
0.31231 1.070170297873704e+00
0.32432 1.037202088891743e+00
0.33634 1.004220251128727e+00
0.34835 9.746359479372272e-01
0.36036 9.506558485566803e-01
0.37237 9.321460807153330e-01
0.38438 9.174043253402022e-01
0.39640 9.044325108363607e-01
0.40841 8.916719438167071e-01
0.42042 8.781121245976532e-01
0.43243 8.631120448380682e-01
0.44444 8.462065185926068e-01
0.45646 8.270017013105946e-01
0.46847 8.051666047471912e-01
0.48048 7.804886135734865e-01
0.49249 7.529480896234799e-01
0.50450 7.227937247518601e-01
0.51652 7.025293978546147e-01
0.52853 7.579870060513688e-01
0.54054 7.170483361923840e-01
0.55255 6.591827447908745e-01
0.56456 6.211987486455036e-01
0.57658 5.590773313443985e-01
0.58859 5.238641557008722e-01
0.60060 4.978559063288647e-01
0.61261 4.678517636941114e-01
0.62462 4.373344889641229e-01
0.63664 4.116475697743019e-01
0.64865 3.924677240017346e-01
0.66066 3.784144345311043e-01
0.67267 3.676162805403025e-01
0.68468 3.588810108883971e-01
0.69670 3.515836933857089e-01
0.70871 3.453541823583405e-01
0.72072 3.399336803691118e-01
0.73273 3.351363851853863e-01
0.74474 3.308356472176983e-01
0.75676 3.269497116367084e-01
0.76877 3.234258813810001e-01
0.78078 3.202264266621751e-01
0.79279 3.173187668443923e-01
0.80480 3.146706703543000e-01
0.81682 3.122496590718869e-01
0.82883 3.100249245555894e-01
0.84084 3.079699433474991e-01
0.85285 3.060644244166992e-01
0.86486 3.042949168708458e-01
0.87688 3.026540574037250e-01
0.88889 3.011388660399482e-01
0.90090 2.997486600710043e-01
0.91291 2.984831022929851e-01
0.92492 2.973407265680729e-01
0.93694 2.963180831875444e-01
0.94895 2.954094805099857e-01
0.96096 2.946071949818356e-01
0.97297 2.939019790498826e-01
0.98498 2.932837009610899e-01
0.99700 2.927419829786903e-01
1.00901 2.922667482286603e-01
1.02102 2.918486292013867e-01
1.03303 2.914792259573857e-01
1.04505 2.911512265637664e-01
1.05706 2.908584163118743e-01
1.06907 2.905956075768206e-01
1.08108 2.903585212188488e-01
1.09309 2.901436456748702e-01
1.10511 2.899480934572339e-01
1.11712 2.897694682167684e-01
1.12913 2.896057498007721e-01
1.14114 2.894552002973272e-01
1.15315 2.893162909825142e-01
1.16517 2.891876482212954e-01
1.17718 2.890680154509225e-01
1.18919 2.889562281125557e-01
1.20120 2.888511985408806e-01
1.21321 2.887519081788486e-01
1.22523 2.886574049218087e-01
1.23724 2.885668038307655e-01
1.24925 2.884792898457494e-01
1.26126 2.883941214606935e-01
1.27327 2.883106345894099e-01
1.28529 2.882282460645755e-01
1.29730 2.881464563772640e-01
1.30931 2.880648513928716e-01
1.32132 2.879831028785693e-01
1.33333 2.879009677544779e-01
1.34535 2.878182860408979e-01
1.35736 2.877349775211741e-01
1.36937 2.876510371770897e-01
1.38138 2.875665294832800e-01
1.39339 2.874815816705507e-01
1.40541 2.873963760863416e-01
1.41742 2.873111417946369e-01
1.42943 2.872261455679623e-01
1.44144 2.871416824311072e-01
1.45345 2.870580659201482e-01
1.46547 2.869756182214444e-01
1.47748 2.868946603537041e-01
1.48949 2.868155025521562e-01
1.50150 2.867384350074534e-01
1.51351 2.866637191033671e-01
1.52553 2.865915792867849e-01
1.53754 2.865221956912005e-01
1.54955 2.864556976210033e-01
1.56156 2.863921579886587e-01
1.57357 2.863315887805895e-01
1.58559 2.862739376104403e-01
1.59760 2.862190854007411e-01
1.60961 2.861668452159997e-01
1.62162 2.861169622522618e-01
1.63363 2.860691149704004e-01
1.64565 2.860229173431193e-01
1.65766 2.859779221691099e-01
1.66967 2.859336253922177e-01
1.68168 2.858894713490663e-01
1.69369 2.858448588555552e-01
1.70571 2.857991480311427e-01
1.71772 2.857516677500188e-01
1.72973 2.857017236002534e-01
1.74174 2.856486062258936e-01
1.75375 2.855915999228092e-01
1.76577 2.855299913569151e-01
1.77778 2.854630782731954e-01
1.78979 2.853901780657297e-01
1.80180 2.853106360825860e-01
1.81381 2.852238335449407e-01
1.82583 2.851291949669877e-01
1.83784 2.850261949719828e-01
1.84985 2.849143644099789e-01
1.86186 2.847932956942683e-01
1.87387 2.846626472860722e-01
1.88589 2.845221472704055e-01
1.89790 2.843715959800783e-01
1.90991 2.842108676392626e-01
1.92192 2.840399110127292e-01
1.93393 2.838587490615214e-01
1.94595 2.836674776202707e-01
1.95796 2.834662631253511e-01
1.96997 2.832553394364248e-01
1.98198 2.830350038064557e-01
1.99399 2.828056120667944e-01
2.00601 2.825675731043011e-01
2.01802 2.823213427165581e-01
2.03003 2.820674169388905e-01
2.04204 2.818063249431007e-01
2.05405 2.815386216124398e-01
2.06607 2.812648799003632e-01
2.07808 2.809856830820179e-01
2.09009 2.807016170072072e-01
2.10210 2.804132624617932e-01
2.11411 2.801211877411952e-01
2.12613 2.798259415348943e-01
2.13814 2.795280462147562e-01
2.15015 2.792279916126602e-01
2.16216 2.789262293644961e-01
2.17417 2.786231678882115e-01
2.18619 2.783191680534152e-01
2.19820 2.780145395892402e-01
2.21021 2.777095382659056e-01
2.22222 2.774043638738717e-01
2.23423 2.770991590128283e-01
2.24625 2.767940086911752e-01
2.25826 2.764889407252975e-01
2.27027 2.761839269169894e-01
2.28228 2.758788849769722e-01
2.29429 2.755736811527357e-01
2.30631 2.752681335100304e-01
2.31832 2.749620158093585e-01
2.33033 2.746550619118622e-01
2.34234 2.743469706431396e-01
2.35435 2.740374110388288e-01
2.36637 2.737260278922838e-01
2.37838 2.734124475223869e-01
2.39039 2.730962836784712e-01
2.40240 2.727771434994646e-01
2.41441 2.724546334456745e-01
2.42643 2.721283651240652e-01
2.43844 2.717979609313612e-01
2.45045 2.714630594437778e-01
2.46246 2.711233204875276e-01
2.47447 2.707784298303851e-01
2.48649 2.704281034414006e-01
2.49850 2.700720912732130e-01
2.51051 2.697101805292186e-01
2.52252 2.693421983859451e-01
2.53453 2.689680141492825e-01
2.54655 2.685875408315633e-01
2.55856 2.682007361447686e-01
2.57057 2.678076029132439e-01
2.58258 2.674081889171171e-01
2.59459 2.670025861850299e-01
2.60661 2.665909297617217e-01
2.61862 2.661733959823614e-01
2.63063 2.657502002912330e-01
2.64264 2.653215946473826e-01
2.65465 2.648878645640864e-01
2.66667 2.644493258324534e-01
2.67868 2.640063209821200e-01
2.69069 2.635592155338124e-01
2.70270 2.631083940995428e-01
2.71471 2.626542563863941e-01
2.72673 2.621972131592403e-01
2.73874 2.617376822164030e-01
2.75075 2.612760844301872e-01
2.76276 2.608128399015284e-01
2.77477 2.603483642746918e-01
2.78679 2.598830652541396e-01
2.79880 2.594173393614108e-01
2.81081 2.589515689652201e-01
2.82282 2.584861196130342e-01
2.83483 2.580213376872388e-01
2.84685 2.575575484037120e-01
2.85886 2.570950541652877e-01
2.87087 2.566341332772611e-01
2.88288 2.561750390268699e-01
2.89489 2.557179991236255e-01
2.90691 2.552632154925378e-01
2.91892 2.548108644077428e-01
2.93093 2.543610969498447e-01
2.94294 2.539140397664768e-01
2.95495 2.534697961122085e-01
2.96697 2.530284471410021e-01
2.97898 2.525900534219837e-01
2.99099 2.521546566473529e-01
3.00300 2.517222814998165e-01
3.01502 2.512929376460067e-01
3.02703 2.508666218219100e-01
3.03904 2.504433199763992e-01
3.05105 2.500230094394820e-01
3.06306 2.496056610828542e-01
3.07508 2.491912414417297e-01
3.08709 2.487797147686802e-01
3.09910 2.483710449923248e-01
3.11111 2.479651975561075e-01
3.12312 2.475621411150592e-01
3.13514 2.471618490713077e-01
3.14715 2.467643009321198e-01
3.15916 2.463694834774089e-01
3.17117 2.459773917268429e-01
3.18318 2.455880296999205e-01
3.19520 2.452014109655917e-01
3.20721 2.448175589811337e-01
3.21922 2.444365072230346e-01
3.23123 2.440582991155247e-01
3.24324 2.436829877651099e-01
3.25526 2.433106355119748e-01
3.26727 2.429413133113910e-01
3.27928 2.425750999602911e-01
3.29129 2.422120811859160e-01
3.30330 2.418523486148959e-01
3.31532 2.414959986422990e-01
3.32733 2.411431312210361e-01
3.33934 2.407938485925705e-01
3.35135 2.404482539801469e-01
3.36336 2.401064502657113e-01
3.37538 2.397685386713871e-01
3.38739 2.394346174657797e-01
3.39940 2.391047807145492e-01
3.41141 2.387791170936141e-01
3.42342 2.384577087820681e-01
3.43544 2.381406304504163e-01
3.44745 2.378279483580985e-01
3.45946 2.375197195724948e-01
3.47147 2.372159913197152e-01
3.48348 2.369168004755083e-01
3.49550 2.366221732025967e-01
3.50751 2.363321247386840e-01
3.51952 2.360466593373264e-01
3.53153 2.357657703618188e-01
3.54354 2.354894405302635e-01
3.55556 2.352176423080662e-01
3.56757 2.349503384422859e-01
3.57958 2.346874826305496e-01
3.59159 2.344290203156635e-01
3.60360 2.341748895956178e-01
3.61562 2.339250222374040e-01
3.62763 2.336793447819615e-01
3.63964 2.334377797266400e-01
3.65165 2.332002467708251e-01
3.66366 2.329666641098193e-01
3.67568 2.327369497617100e-01
3.68769 2.325110229117776e-01
3.69970 2.322888052590146e-01
3.71171 2.320702223495140e-01
3.72372 2.318552048818534e-01
3.73574 2.316436899701314e-01
3.74775 2.314356223509963e-01
3.75976 2.312309555218319e-01
3.77177 2.310296527982197e-01
3.78378 2.308316882798615e-01
3.79580 2.306370477153132e-01
3.80781 2.304457292571253e-01
3.81982 2.302577441002981e-01
3.83183 2.300731169983224e-01
3.84384 2.298918866524653e-01
3.85586 2.297141059713735e-01
3.86787 2.295398421994690e-01
3.87988 2.293691769140072e-01
3.89189 2.292022058920236e-01
3.90390 2.290390388497102e-01
3.91592 2.288797990580164e-01
3.92793 2.287246228394548e-01
3.93994 2.285736589521924e-01
3.95195 2.284270678685208e-01
3.96396 2.282850209557097e-01
3.97598 2.281476995680549e-01
3.98799 2.280152940596248e-01
4.00000 2.278880027277913e-01
