0.05000 1.51673e-05
0.06192 2.04886e-05
0.07385 3.76367e-05
0.08577 2.78010e-05
0.09770 2.99765e-05
0.10962 3.36058e-05
0.12154 3.76298e-05
0.13347 4.19209e-05
0.14539 4.64774e-05
0.15731 5.13338e-05
0.16924 5.65450e-05
0.18116 6.21857e-05
0.19309 6.83542e-05
0.20501 7.51815e-05
0.21693 8.28447e-05
0.22886 9.15893e-05
0.24078 1.01766e-04
0.25271 1.13906e-04
0.26463 1.28951e-04
0.27655 1.47790e-04
0.28848 1.73574e-04
0.30040 2.14210e-04
0.31232 3.37266e-04
0.32425 3.58542e-04
0.33617 4.59504e-04
0.34810 7.24572e-04
0.36002 1.47048e-03
0.37194 5.36909e-03
0.38387 2.17302e-02
0.39579 6.09726e-03
0.40772 3.15822e-03
0.41964 2.22227e-03
0.43156 8.47508e-04
0.44349 6.49340e-04
0.45541 7.82072e-04
0.46733 6.80381e-04
0.47926 8.42521e-04
0.49118 1.58283e-03
0.50311 5.68890e-03
0.51503 2.03804e-02
0.52695 3.64602e-03
0.53888 1.72308e-03
0.55080 1.78923e-03
0.56273 4.44636e-03
0.57465 2.25147e-02
0.58657 3.87954e-03
0.59850 2.78652e-03
0.61042 2.22658e-03
0.62234 4.18599e-03
0.63427 2.12213e-02
0.64619 1.67653e-02
0.65812 4.06225e-03
0.67004 3.52788e-03
0.68196 1.50910e-02
0.69389 4.53713e-03
0.70581 1.93534e-03
0.71774 1.76021e-03
0.72966 2.17179e-03
0.74158 4.50776e-03
0.75351 2.30197e-02
0.76543 1.90420e-02
0.77735 1.34284e-02
0.78928 9.80038e-03
0.80120 7.72415e-03
0.81313 4.31534e-03
0.82505 1.84223e-02
0.83697 6.31853e-03
0.84890 3.33547e-03
0.86082 3.81328e-03
0.87275 3.97911e-03
0.88467 2.66404e-03
0.89659 2.54353e-03
0.90852 4.91007e-03
0.92044 1.05669e-02
0.93236 2.32313e-02
0.94429 5.39893e-03
0.95621 4.96567e-03
0.96814 1.78892e-02
0.98006 2.23595e-02
0.99198 7.00514e-03
1.00391 3.51867e-03
1.01583 4.64354e-03
1.02776 1.55806e-02
1.03968 8.71130e-03
1.05160 7.41538e-03
1.06353 1.67912e-02
1.07545 3.23865e-02
1.08737 2.12901e-02
1.09930 6.21422e-03
1.11122 5.31860e-03
1.12315 9.48365e-03
1.13507 1.11630e-02
1.14699 2.34532e-02
1.15892 1.33239e-02
1.17084 1.60738e-02
1.18277 4.99121e-02
1.19469 1.86363e-02
1.20661 1.35599e-02
1.21854 2.98436e-02
1.23046 1.37841e-01
1.24238 6.10634e-02
1.25431 1.61675e-01
1.26623 3.38337e-02
1.27816 2.41040e-02
1.29008 5.59723e-02
1.30200 6.01924e-02
1.31393 5.59769e-02
1.32585 5.92719e-02
1.33778 4.10699e-02
1.34970 2.06907e-02
1.36162 1.22270e-02
1.37355 2.39894e-02
1.38547 3.18462e-02
1.39739 1.16115e-02
1.40932 7.98595e-03
1.42124 9.44339e-03
1.43317 5.32759e-03
1.44509 5.82435e-03
1.45701 1.35021e-02
1.46894 1.60731e-02
1.48086 2.60009e-02
1.49279 2.22889e-02
1.50471 1.21769e-02
1.51663 2.42576e-02
1.52856 7.87174e-02
1.54048 1.32289e-02
1.55240 6.05335e-03
1.56433 7.37002e-03
1.57625 6.69140e-03
1.58818 1.73978e-02
1.60010 7.79434e-02
1.61202 1.30410e-02
1.62395 8.17165e-03
1.63587 1.72582e-02
1.64780 2.00875e-02
1.65972 2.51276e-02
1.67164 1.37266e-02
1.68357 8.76084e-03
1.69549 6.74103e-03
1.70741 1.97287e-02
1.71934 8.54481e-03
1.73126 9.41827e-03
1.74319 3.65375e-03
1.75511 3.69602e-03
1.76703 4.99228e-03
1.77896 3.04561e-03
1.79088 2.05936e-03
1.80281 2.77306e-03
1.81473 6.98862e-03
1.82665 1.01905e-02
1.83858 7.43525e-03
1.85050 2.36381e-02
1.86242 2.67323e-02
1.87435 2.05307e-02
1.88627 1.23725e-02
1.89820 1.76738e-02
1.91012 8.35941e-03
1.92204 1.30487e-02
1.93397 3.32621e-02
1.94589 1.23247e-01
1.95782 1.03843e-01
1.96974 2.67350e-02
1.98166 2.20474e-02
1.99359 1.35349e-02
2.00551 1.57754e-02
2.01743 9.70257e-03
2.02936 1.87353e-02
2.04128 1.22987e-02
2.05321 9.70241e-03
2.06513 1.09016e-02
2.07705 1.78333e-02
2.08898 1.04259e-02
2.10090 3.34511e-02
2.11283 1.66026e-02
2.12475 5.11411e-02
2.13667 1.31373e-02
2.14860 9.86652e-03
2.16052 1.82811e-02
2.17244 1.36154e-02
2.18437 2.73127e-02
2.19629 1.47571e-02
2.20822 3.61800e-02
2.22014 1.87882e-02
2.23206 9.86066e-03
2.24399 3.29489e-02
2.25591 2.47940e-02
2.26784 5.33397e-02
2.27976 2.08612e-02
2.29168 9.27842e-03
2.30361 7.44816e-03
2.31553 5.42680e-03
2.32745 4.25585e-03
2.33938 4.63578e-03
2.35130 3.33039e-03
2.36323 9.51496e-03
2.37515 6.30552e-03
2.38707 6.45702e-03
2.39900 2.02102e-02
2.41092 5.00930e-03
2.42285 6.92528e-03
2.43477 7.50838e-03
2.44669 1.01164e-02
2.45862 3.24868e-03
2.47054 3.77043e-03
2.48246 3.63595e-03
2.49439 3.39713e-03
2.50631 5.81571e-03
2.51824 1.14058e-02
2.53016 3.95207e-03
2.54208 4.69289e-03
2.55401 7.73463e-03
2.56593 5.94308e-03
2.57786 4.90638e-03
2.58978 3.41800e-03
2.60170 1.24165e-02
2.61363 4.87098e-03
2.62555 3.37344e-03
2.63747 9.77558e-03
2.64940 4.99641e-03
2.66132 6.34162e-03
2.67325 7.83792e-03
2.68517 1.27985e-02
2.69709 4.33178e-02
2.70902 1.61614e-02
2.72094 1.53510e-02
2.73287 1.25593e-02
2.74479 1.20400e-02
2.75671 4.21541e-02
2.76864 3.71904e-02
2.78056 4.12285e-02
2.79248 2.94313e-02
2.80441 1.38797e-02
2.81633 2.42099e-02
2.82826 1.41116e-02
2.84018 1.15905e-02
2.85210 1.53731e-02
2.86403 2.02265e-02
2.87595 4.20876e-02
2.88788 1.70337e-02
2.89980 1.31174e-02
2.91172 1.12388e-02
2.92365 6.97223e-03
2.93557 7.92571e-03
2.94749 2.68100e-02
2.95942 1.33163e-02
2.97134 2.31561e-02
2.98327 2.49349e-02
2.99519 9.03753e-03
3.00711 8.45662e-03
3.01904 1.92285e-02
3.03096 8.84015e-03
3.04289 2.22658e-02
3.05481 3.12800e-02
3.06673 2.19425e-02
3.07866 3.04852e-02
3.09058 2.91705e-02
3.10251 3.56289e-02
3.11443 3.70797e-02
3.12635 3.46131e-02
3.13828 5.08540e-02
3.15020 4.25700e-02
3.16212 3.85425e-02
3.17405 5.74734e-02
3.18597 5.36072e-02
3.19790 6.39947e-02
3.20982 5.98390e-02
3.22174 3.00216e-02
3.23367 3.36317e-02
3.24559 9.76950e-02
3.25752 7.53653e-02
3.26944 5.30723e-02
3.28136 6.59000e-02
3.29329 7.99312e-02
3.30521 3.99042e-02
3.31713 4.55372e-02
3.32906 6.57075e-02
3.34098 7.20557e-02
3.35291 4.37323e-02
3.36483 1.98807e-02
3.37675 3.45059e-02
3.38868 5.53480e-02
3.40060 5.88396e-02
3.41253 1.03271e-01
3.42445 5.77810e-02
3.43637 4.80522e-02
3.44830 3.76281e-02
3.46022 2.36278e-02
3.47214 3.73710e-02
3.48407 3.03918e-02
3.49599 4.03154e-02
3.50792 1.53524e-02
3.51984 1.84310e-02
3.53176 3.91510e-02
3.54369 5.88004e-02
3.55561 2.32575e-02
3.56754 1.81584e-02
3.57946 3.03868e-02
3.59138 3.09928e-02
3.60331 3.62728e-02
3.61523 2.90299e-02
3.62715 1.71883e-02
3.63908 2.35552e-02
3.65100 2.10228e-02
3.66293 4.19245e-02
3.67485 5.03408e-02
3.68677 3.71688e-02
3.69870 2.85328e-02
3.71062 2.42807e-02
3.72255 1.71672e-02
3.73447 5.32798e-02
3.74639 6.07651e-02
3.75832 2.00210e-02
3.77024 4.51829e-02
3.78216 3.95985e-02
3.79409 1.92900e-02
3.80601 1.88502e-02
3.81794 2.45873e-02
3.82986 1.16158e-02
3.84178 1.09228e-02
3.85371 2.53208e-02
3.86563 3.98243e-02
3.87756 1.11356e-01
3.88948 6.70692e-02
3.90140 3.15824e-02
3.91333 6.64948e-02
3.92525 7.82164e-02
3.93717 9.01992e-02
3.94910 6.54901e-02
3.96102 1.05531e-01
3.97295 1.26979e-01
3.98487 8.49458e-02
3.99679 3.51685e-02
4.00872 5.61044e-02
4.02064 3.30613e-02
4.03257 2.36063e-02
4.04449 5.99878e-02
4.05641 7.42300e-02
4.06834 3.00437e-02
4.08026 8.33115e-02
4.09218 7.10867e-02
4.10411 3.83561e-02
4.11603 9.27656e-02
4.12796 3.16826e-02
4.13988 3.59520e-02
4.15180 9.97850e-02
4.16373 5.83654e-02
4.17565 3.65856e-02
4.18758 6.84566e-02
4.19950 1.55709e-01
4.21142 6.95428e-02
4.22335 1.15757e-01
4.23527 1.42709e-01
4.24719 1.13691e-01
4.25912 8.04301e-02
4.27104 2.17629e-01
4.28297 9.46076e-02
4.29489 1.82147e-01
4.30681 1.89511e-01
4.31874 1.51553e-01
4.33066 1.33777e-01
4.34259 3.63128e-01
4.35451 1.80013e-01
4.36643 1.32263e-01
4.37836 3.44727e-01
4.39028 1.73505e-01
4.40220 1.75069e-01
4.41413 1.26610e-01
4.42605 2.02136e-01
4.43798 2.91387e-01
4.44990 7.30188e-02
4.46182 8.91760e-02
4.47375 1.47089e-01
4.48567 2.33806e-01
4.49760 1.39980e-01
4.50952 1.56387e-01
4.52144 8.04161e-02
4.53337 1.12480e-01
4.54529 2.68629e-01
4.55721 2.82397e-01
4.56914 3.49045e-01
4.58106 2.77183e-01
4.59299 1.01057e-01
4.60491 8.21245e-02
4.61683 6.35888e-02
4.62876 1.25915e-01
4.64068 1.98249e-01
4.65261 7.87514e-02
4.66453 1.20076e-01
4.67645 1.68406e-01
4.68838 2.26600e-01
4.70030 2.99326e-01
4.71222 2.04159e-01
4.72415 1.56941e-01
4.73607 1.13361e-01
4.74800 1.52472e-01
4.75992 1.51288e-01
4.77184 9.92673e-02
4.78377 1.47301e-01
4.79569 4.81290e-02
4.80762 8.09317e-02
4.81954 1.07924e-01
4.83146 4.14899e-02
4.84339 2.27569e-02
4.85531 2.14635e-02
4.86723 3.48588e-02
4.87916 7.35011e-02
4.89108 6.41085e-02
4.90301 1.55679e-01
4.91493 1.84844e-01
4.92685 6.05561e-01
4.93878 5.37312e-01
4.95070 2.79837e-01
4.96263 3.02056e-01
4.97455 1.84803e-01
4.98647 3.86914e-01
4.99840 2.70757e-01
5.01032 1.15804e-01
5.02224 9.52395e-02
5.03417 1.97545e-01
5.04609 3.83978e-01
5.05802 1.59362e-01
5.06994 1.36386e-01
5.08186 1.01541e-01
5.09379 7.93823e-02
5.10571 2.00555e-01
5.11764 9.61526e-01
5.12956 3.51695e-01
5.14148 1.89672e-01
5.15341 4.08637e-01
5.16533 1.37242e-01
5.17725 2.08457e-01
5.18918 3.37744e-01
5.20110 1.07318e-01
5.21303 1.33653e-01
5.22495 1.55984e-01
5.23687 1.84344e-01
5.24880 7.62104e-02
5.26072 8.84296e-02
5.27265 2.68786e-01
5.28457 9.18726e-01
5.29649 3.40833e-01
5.30842 3.87347e-01
5.32034 2.28474e-01
5.33226 1.21902e-01
5.34419 1.14085e-01
5.35611 2.13190e-01
5.36804 5.20799e-01
5.37996 3.33620e-01
5.39188 3.15383e-01
5.40381 2.21572e-01
5.41573 5.31194e-01
5.42766 8.37844e-01
5.43958 5.39455e-01
5.45150 4.94506e-01
5.46343 4.23179e-01
5.47535 3.32203e-01
5.48727 3.09988e-01
5.49920 3.50088e-01
5.51112 2.73912e-01
5.52305 1.44779e-01
5.53497 2.11924e-01
5.54689 9.00343e-01
5.55882 6.35801e-01
5.57074 3.04311e-01
5.58267 2.68310e-01
5.59459 8.66768e-01
5.60651 4.79715e-01
5.61844 3.12609e-01
5.63036 1.86972e-01
5.64228 4.80312e-01
5.65421 2.27397e-01
5.66613 2.22609e-01
5.67806 2.03351e-01
5.68998 4.39755e-01
5.70190 6.33673e-01
5.71383 2.44214e-01
5.72575 1.40585e-01
5.73768 1.70727e-01
5.74960 6.51559e-01
5.76152 3.59926e-01
5.77345 3.98843e-01
5.78537 3.07342e-01
5.79729 1.88715e-01
5.80922 2.84873e-01
5.82114 7.73020e-01
5.83307 1.30719e+00
5.84499 4.71975e-01
5.85691 6.48755e-01
5.86884 6.92127e-01
5.88076 4.96353e-01
5.89269 5.24549e-01
5.90461 7.18550e-01
5.91653 3.69359e-01
5.92846 1.99530e-01
5.94038 4.26164e-01
5.95230 4.99147e-01
5.96423 2.57430e-01
5.97615 5.37097e-01
5.98808 3.34206e-01
6.00000 3.30635e-01
