0.05000 1.23104e+04 
0.06190 9.99460e+03 
0.07380 8.41077e+03 
0.08570 7.25502e+03 
0.09760 6.37199e+03 
0.10950 5.67391e+03 
0.12140 5.10729e+03 
0.13330 4.63765e+03 
0.14520 4.24166e+03 
0.15710 3.90297e+03 
0.16900 3.60974e+03 
0.18090 3.35319e+03 
0.19280 3.12669e+03 
0.20470 2.92508e+03 
0.21660 2.74435e+03 
0.22850 2.58128e+03 
0.24040 2.43331e+03 
0.25230 2.29833e+03 
0.26420 2.17463e+03 
0.27610 2.06076e+03 
0.28800 1.95554e+03 
0.29990 1.85797e+03 
0.31180 1.76718e+03 
0.32370 1.68246e+03 
0.33560 1.60319e+03 
0.34750 1.52882e+03 
0.35940 1.45889e+03 
0.37130 1.39301e+03 
0.38320 1.33082e+03 
0.39510 1.27202e+03 
0.40700 1.21632e+03 
0.41890 1.16349e+03 
0.43080 1.11333e+03 
0.44270 1.06563e+03 
0.45460 1.02023e+03 
0.46650 9.76987e+02 
0.47840 9.35752e+02 
0.49030 8.96407e+02 
0.50220 8.58841e+02 
0.51410 8.22950e+02 
0.52600 7.88643e+02 
0.53790 7.55834e+02 
0.54980 7.24445e+02 
0.56170 6.94403e+02 
0.57360 6.65642e+02 
0.58550 6.38099e+02 
0.59740 6.11715e+02 
0.60930 5.86438e+02 
0.62120 5.62214e+02 
0.63310 5.38998e+02 
0.64500 5.16743e+02 
0.65690 4.95408e+02 
0.66880 4.74952e+02 
0.68070 4.55338e+02 
0.69260 4.36530e+02 
0.70450 4.18496e+02 
0.71640 4.01203e+02 
0.72830 3.84622e+02 
0.74020 3.68724e+02 
0.75210 3.53483e+02 
0.76400 3.38875e+02 
0.77590 3.24875e+02 
0.78780 3.11460e+02 
0.79970 2.98610e+02 
0.81160 2.86301e+02 
0.82350 2.74514e+02 
0.83540 2.63229e+02 
0.84730 2.52424e+02 
0.85920 2.42079e+02 
0.87110 2.32173e+02 
0.88300 2.22685e+02 
0.89490 2.13595e+02 
0.90680 2.04880e+02 
0.91870 1.96522e+02 
0.93060 1.88500e+02 
0.94250 1.80795e+02 
0.95440 1.73391e+02 
0.96630 1.66273e+02 
0.97820 1.59427e+02 
0.99010 1.52844e+02 
1.00200 1.46515e+02 
1.01390 1.40433e+02 
1.02580 1.34592e+02 
1.03770 1.28989e+02 
1.04960 1.23619e+02 
1.06150 1.18481e+02 
1.07340 1.13569e+02 
1.08530 1.08881e+02 
1.09720 1.04411e+02 
1.10910 1.00156e+02 
1.12100 9.61098e+01 
1.13290 9.22654e+01 
1.14480 8.86162e+01 
1.15670 8.51552e+01 
1.16860 8.18751e+01 
1.18050 7.87688e+01 
1.19240 7.58290e+01 
1.20430 7.30492e+01 
1.21620 7.04228e+01 
1.22810 6.79430e+01 
1.24000 6.56031e+01 
1.25190 6.33956e+01 
1.26380 6.13118e+01 
1.27570 5.93420e+01 
1.28760 5.74750e+01 
1.29950 5.56984e+01 
1.31140 5.39996e+01 
1.32330 5.23662e+01 
1.33520 5.07884e+01 
1.34710 4.92600e+01 
1.35900 4.77813e+01 
1.37090 4.63612e+01 
1.38280 4.50208e+01 
1.39470 4.37972e+01 
1.40660 4.27482e+01 
1.41850 4.19527e+01 
1.43040 4.15037e+01 
1.44230 4.15015e+01 
1.45420 4.20557e+01 
1.46610 4.32716e+01 
1.47800 4.52008e+01 
1.48990 4.77989e+01 
1.50180 5.09343e+01 
1.51370 5.44366e+01 
1.52560 5.81451e+01 
1.53750 6.19392e+01 
1.54940 6.57793e+01 
1.56130 6.98475e+01 
1.57320 7.48753e+01 
1.58510 8.28044e+01 
1.59700 9.81647e+01 
1.60890 1.45148e+02 
1.62080 1.80397e+02 
1.63270 1.30816e+02 
1.64460 1.15335e+02 
1.65650 9.43270e+01 
1.66840 7.32020e+01 
1.68030 5.77418e+01 
1.69220 4.80719e+01 
1.70410 4.09219e+01 
1.71600 3.44087e+01 
1.72790 2.92068e+01 
1.73980 2.58048e+01 
1.75170 2.36507e+01 
1.76360 2.21606e+01 
1.77550 2.10711e+01 
1.78740 2.03730e+01 
1.79930 2.01151e+01 
1.81120 1.94118e+01 
1.82310 1.87769e+01 
1.83500 1.84266e+01 
1.84690 1.81363e+01 
1.85880 1.78732e+01 
1.87070 1.76257e+01 
1.88260 1.73833e+01 
1.89450 1.71367e+01 
1.90640 1.68796e+01 
1.91830 1.66089e+01 
1.93020 1.63250e+01 
1.94210 1.60311e+01 
1.95400 1.57317e+01 
1.96590 1.54321e+01 
1.97780 1.51374e+01 
1.98970 1.48519e+01 
2.00160 1.45787e+01 
2.01350 1.43200e+01 
2.02540 1.40767e+01 
2.03730 1.38488e+01 
2.04920 1.36357e+01 
2.06110 1.34362e+01 
2.07300 1.32490e+01 
2.08490 1.30728e+01 
2.09680 1.29063e+01 
2.10870 1.27484e+01 
2.12060 1.25981e+01 
2.13250 1.24548e+01 
2.14440 1.23176e+01 
2.15630 1.21860e+01 
2.16820 1.20593e+01 
2.18010 1.19369e+01 
2.19200 1.18178e+01 
2.20390 1.17014e+01 
2.21580 1.15866e+01 
2.22770 1.14724e+01 
2.23960 1.13579e+01 
2.25150 1.12422e+01 
2.26340 1.11244e+01 
2.27530 1.10038e+01 
2.28720 1.08801e+01 
2.29910 1.07529e+01 
2.31100 1.06222e+01 
2.32290 1.04884e+01 
2.33480 1.03518e+01 
2.34670 1.02130e+01 
2.35860 1.00728e+01 
2.37050 9.93208e+00 
2.38240 9.79156e+00 
2.39430 9.65208e+00 
2.40620 9.51433e+00 
2.41810 9.37895e+00 
2.43000 9.24639e+00 
2.44190 9.11699e+00 
2.45380 8.99095e+00 
2.46570 8.86834e+00 
2.47760 8.74912e+00 
2.48950 8.63316e+00 
2.50140 8.52028e+00 
2.51330 8.41024e+00 
2.52520 8.30279e+00 
2.53710 8.19769e+00 
2.54900 8.09468e+00 
2.56090 7.99354e+00 
2.57280 7.89408e+00 
2.58470 7.79612e+00 
2.59660 7.69952e+00 
2.60850 7.60417e+00 
2.62040 7.50996e+00 
2.63230 7.41683e+00 
2.64420 7.32472e+00 
2.65610 7.23360e+00 
2.66800 7.14342e+00 
2.67990 7.05417e+00 
2.69180 6.96583e+00 
2.70370 6.87839e+00 
2.71560 6.79183e+00 
2.72750 6.70615e+00 
2.73940 6.62134e+00 
2.75130 6.53740e+00 
2.76320 6.45433e+00 
2.77510 6.37211e+00 
2.78700 6.29074e+00 
2.79890 6.21022e+00 
2.81080 6.13055e+00 
2.82270 6.05173e+00 
2.83460 5.97374e+00 
2.84650 5.89658e+00 
2.85840 5.82026e+00 
2.87030 5.74478e+00 
2.88220 5.67012e+00 
2.89410 5.59628e+00 
2.90600 5.52328e+00 
2.91790 5.45109e+00 
2.92980 5.37973e+00 
2.94170 5.30919e+00 
2.95360 5.23947e+00 
2.96550 5.17057e+00 
2.97740 5.10248e+00 
2.98930 5.03521e+00 
3.00120 4.96876e+00 
3.01310 4.90312e+00 
3.02500 4.83828e+00 
3.03690 4.77426e+00 
3.04880 4.71105e+00 
3.06070 4.64864e+00 
3.07260 4.58703e+00 
3.08450 4.52623e+00 
3.09640 4.46622e+00 
3.10830 4.40701e+00 
3.12020 4.34859e+00 
3.13210 4.29096e+00 
3.14400 4.23411e+00 
3.15590 4.17804e+00 
3.16780 4.12275e+00 
3.17970 4.06823e+00 
3.19160 4.01448e+00 
3.20350 3.96149e+00 
3.21540 3.90926e+00 
3.22730 3.85778e+00 
3.23920 3.80704e+00 
3.25110 3.75705e+00 
3.26300 3.70779e+00 
3.27490 3.65925e+00 
3.28680 3.61144e+00 
3.29870 3.56433e+00 
3.31060 3.51794e+00 
3.32250 3.47225e+00 
3.33440 3.42724e+00 
3.34630 3.38293e+00 
3.35820 3.33929e+00 
3.37010 3.29632e+00 
3.38200 3.25402e+00 
3.39390 3.21237e+00 
3.40580 3.17136e+00 
3.41770 3.13100e+00 
3.42960 3.09126e+00 
3.44150 3.05215e+00 
3.45340 3.01365e+00 
3.46530 2.97576e+00 
3.47720 2.93847e+00 
3.48910 2.90177e+00 
3.50100 2.86564e+00 
3.51290 2.83009e+00 
3.52480 2.79511e+00 
3.53670 2.76068e+00 
3.54860 2.72680e+00 
3.56050 2.69346e+00 
3.57240 2.66065e+00 
3.58430 2.62837e+00 
3.59620 2.59659e+00 
3.60810 2.56533e+00 
3.62000 2.53456e+00 
3.63190 2.50429e+00 
3.64380 2.47450e+00 
3.65570 2.44518e+00 
3.66760 2.41633e+00 
3.67950 2.38793e+00 
3.69140 2.35999e+00 
3.70330 2.33249e+00 
3.71520 2.30543e+00 
3.72710 2.27879e+00 
3.73900 2.25258e+00 
3.75090 2.22677e+00 
3.76280 2.20138e+00 
3.77470 2.17638e+00 
3.78660 2.15177e+00 
3.79850 2.12755e+00 
3.81040 2.10371e+00 
3.82230 2.08024e+00 
3.83420 2.05713e+00 
3.84610 2.03437e+00 
3.85800 2.01197e+00 
3.86990 1.98992e+00 
3.88180 1.96820e+00 
3.89370 1.94682e+00 
3.90560 1.92576e+00 
3.91750 1.90502e+00 
3.92940 1.88459e+00 
3.94130 1.86448e+00 
3.95320 1.84467e+00 
3.96510 1.82515e+00 
3.97700 1.80593e+00 
3.98890 1.78699e+00 
4.00080 1.76833e+00 
4.01270 1.74995e+00 
4.02460 1.73185e+00 
4.03650 1.71400e+00 
4.04840 1.69642e+00 
4.06030 1.67910e+00 
4.07220 1.66203e+00 
4.08410 1.64520e+00 
4.09600 1.62862e+00 
4.10790 1.61228e+00 
4.11980 1.59618e+00 
4.13170 1.58030e+00 
4.14360 1.56465e+00 
4.15550 1.54922e+00 
4.16740 1.53402e+00 
4.17930 1.51902e+00 
4.19120 1.50424e+00 
4.20310 1.48967e+00 
4.21500 1.47530e+00 
4.22690 1.46113e+00 
4.23880 1.44716e+00 
4.25070 1.43338e+00 
4.26260 1.41979e+00 
4.27450 1.40640e+00 
4.28640 1.39318e+00 
4.29830 1.38015e+00 
4.31020 1.36730e+00 
4.32210 1.35463e+00 
4.33400 1.34212e+00 
4.34590 1.32979e+00 
4.35780 1.31763e+00 
4.36970 1.30563e+00 
4.38160 1.29380e+00 
4.39350 1.28213e+00 
4.40540 1.27061e+00 
4.41730 1.25926e+00 
4.42920 1.24805e+00 
4.44110 1.23700e+00 
4.45300 1.22610e+00 
4.46490 1.21534e+00 
4.47680 1.20473e+00 
4.48870 1.19427e+00 
4.50060 1.18394e+00 
4.51250 1.17376e+00 
4.52440 1.16371e+00 
4.53630 1.15380e+00 
4.54820 1.14402e+00 
4.56010 1.13438e+00 
4.57200 1.12486e+00 
4.58390 1.11548e+00 
4.59580 1.10622e+00 
4.60770 1.09709e+00 
4.61960 1.08808e+00 
4.63150 1.07920e+00 
4.64340 1.07044e+00 
4.65530 1.06179e+00 
4.66720 1.05327e+00 
4.67910 1.04486e+00 
4.69100 1.03657e+00 
4.70290 1.02840e+00 
4.71480 1.02033e+00 
4.72670 1.01238e+00 
4.73860 1.00454e+00 
4.75050 9.96810e-01 
4.76240 9.89187e-01 
4.77430 9.81671e-01 
4.78620 9.74261e-01 
4.79810 9.66956e-01 
4.81000 9.59755e-01 
4.82190 9.52656e-01 
4.83380 9.45659e-01 
4.84570 9.38762e-01 
4.85760 9.31965e-01 
4.86950 9.25266e-01 
4.88140 9.18665e-01 
4.89330 9.12159e-01 
4.90520 9.05750e-01 
4.91710 8.99435e-01 
4.92900 8.93213e-01 
4.94090 8.87084e-01 
4.95280 8.81046e-01 
4.96470 8.75099e-01 
4.97660 8.69243e-01 
4.98850 8.63475e-01 
5.00040 8.57795e-01 
5.01230 8.52202e-01 
5.02420 8.46696e-01 
5.03610 8.41275e-01 
5.04800 8.35939e-01 
5.05990 8.30687e-01 
5.07180 8.25518e-01 
5.08370 8.20431e-01 
5.09560 8.15426e-01 
5.10750 8.10501e-01 
5.11940 8.05656e-01 
5.13130 8.00889e-01 
5.14320 7.96201e-01 
5.15510 7.91590e-01 
5.16700 7.87056e-01 
5.17890 7.82597e-01 
5.19080 7.78213e-01 
5.20270 7.73902e-01 
5.21460 7.69665e-01 
5.22650 7.65499e-01 
5.23840 7.61405e-01 
5.25030 7.57380e-01 
5.26220 7.53425e-01 
5.27410 7.49537e-01 
5.28600 7.45716e-01 
5.29790 7.41961e-01 
5.30980 7.38270e-01 
5.32170 7.34643e-01 
5.33360 7.31077e-01 
5.34550 7.27572e-01 
5.35740 7.24126e-01 
5.36930 7.20738e-01 
5.38120 7.17406e-01 
5.39310 7.14129e-01 
5.40500 7.10904e-01 
5.41690 7.07731e-01 
5.42880 7.04607e-01 
5.44070 7.01532e-01 
5.45260 6.98502e-01 
5.46450 6.95517e-01 
5.47640 6.92575e-01 
5.48830 6.89673e-01 
5.50020 6.86811e-01 
5.51210 6.83985e-01 
5.52400 6.81196e-01 
5.53590 6.78440e-01 
5.54780 6.75717e-01 
5.55970 6.73025e-01 
5.57160 6.70362e-01 
5.58350 6.67728e-01 
5.59540 6.65121e-01 
5.60730 6.62541e-01 
5.61920 6.59987e-01 
5.63110 6.57458e-01 
5.64300 6.54954e-01 
5.65490 6.52476e-01 
5.66680 6.50023e-01 
5.67870 6.47597e-01 
5.69060 6.45199e-01 
5.70250 6.42831e-01 
5.71440 6.40494e-01 
5.72630 6.38190e-01 
5.73820 6.35922e-01 
5.75010 6.33693e-01 
5.76200 6.31506e-01 
5.77390 6.29364e-01 
5.78580 6.27270e-01 
5.79770 6.25227e-01 
5.80960 6.23237e-01 
5.82150 6.21303e-01 
5.83340 6.19425e-01 
5.84530 6.17606e-01 
5.85720 6.15846e-01 
5.86910 6.14145e-01 
5.88100 6.12504e-01 
5.89290 6.10924e-01 
5.90480 6.09409e-01 
5.91670 6.07964e-01 
5.92860 6.06598e-01 
5.94050 6.05325e-01 
5.95240 6.04165e-01 
5.96430 6.03142e-01 
5.97620 6.02282e-01 
5.98810 6.01617e-01 
