0.05000 -6.90903e+02
0.06192 -5.97241e+02
0.07385 -5.14677e+02
0.08577 -4.43946e+02
0.09770 -3.84154e+02
0.10962 -3.33838e+02
0.12154 -2.91483e+02
0.13347 -2.55719e+02
0.14539 -2.25382e+02
0.15731 -1.99513e+02
0.16924 -1.77329e+02
0.18116 -1.58199e+02
0.19309 -1.41612e+02
0.20501 -1.27153e+02
0.21693 -1.14485e+02
0.22886 -1.03334e+02
0.24078 -9.34725e+01
0.25271 -8.47154e+01
0.26463 -7.69075e+01
0.27655 -6.99198e+01
0.28848 -6.36440e+01
0.30040 -5.79890e+01
0.31232 -5.28775e+01
0.32425 -4.82437e+01
0.33617 -4.40315e+01
0.34810 -4.01927e+01
0.36002 -3.66855e+01
0.37194 -3.34741e+01
0.38387 -3.05271e+01
0.39579 -2.78174e+01
0.40772 -2.53210e+01
0.41964 -2.30169e+01
0.43156 -2.08868e+01
0.44349 -1.89144e+01
0.45541 -1.70852e+01
0.46733 -1.53864e+01
0.47926 -1.38065e+01
0.49118 -1.23354e+01
0.50311 -1.09640e+01
0.51503 -9.68399e+00
0.52695 -8.48807e+00
0.53888 -7.36958e+00
0.55080 -6.32252e+00
0.56273 -5.34146e+00
0.57465 -4.42146e+00
0.58657 -3.55806e+00
0.59850 -2.74717e+00
0.61042 -1.98509e+00
0.62234 -1.26841e+00
0.63427 -5.94028e-01
0.64619 4.08994e-02
0.65812 6.38987e-01
0.67004 1.20264e+00
0.68196 1.73406e+00
0.69389 2.23530e+00
0.70581 2.70823e+00
0.71774 3.15459e+00
0.72966 3.57600e+00
0.74158 3.97394e+00
0.75351 4.34980e+00
0.76543 4.70487e+00
0.77735 5.04033e+00
0.78928 5.35731e+00
0.80120 5.65684e+00
0.81313 5.93989e+00
0.82505 6.20736e+00
0.83697 6.46010e+00
0.84890 6.69889e+00
0.86082 6.92448e+00
0.87275 7.13756e+00
0.88467 7.33878e+00
0.89659 7.52876e+00
0.90852 7.70806e+00
0.92044 7.87723e+00
0.93236 8.03677e+00
0.94429 8.18717e+00
0.95621 8.32888e+00
0.96814 8.46231e+00
0.98006 8.58788e+00
0.99198 8.70596e+00
1.00391 8.81692e+00
1.01583 8.92108e+00
1.02776 9.01878e+00
1.03968 9.11031e+00
1.05160 9.19597e+00
1.06353 9.27602e+00
1.07545 9.35073e+00
1.08737 9.42034e+00
1.09930 9.48509e+00
1.11122 9.54520e+00
1.12315 9.60087e+00
1.13507 9.65231e+00
1.14699 9.69972e+00
1.15892 9.74326e+00
1.17084 9.78311e+00
1.18277 9.81945e+00
1.19469 9.85242e+00
1.20661 9.88217e+00
1.21854 9.90885e+00
1.23046 9.93259e+00
1.24238 9.95353e+00
1.25431 9.97178e+00
1.26623 9.98747e+00
1.27816 1.00007e+01
1.29008 1.00116e+01
1.30200 1.00202e+01
1.31393 1.00268e+01
1.32585 1.00312e+01
1.33778 1.00337e+01
1.34970 1.00343e+01
1.36162 1.00332e+01
1.37355 1.00303e+01
1.38547 1.00258e+01
1.39739 1.00198e+01
1.40932 1.00122e+01
1.42124 1.00032e+01
1.43317 9.99290e+00
1.44509 9.98127e+00
1.45701 9.96839e+00
1.46894 9.95433e+00
1.48086 9.93914e+00
1.49279 9.92288e+00
1.50471 9.90558e+00
1.51663 9.88730e+00
1.52856 9.86809e+00
1.54048 9.84798e+00
1.55240 9.82703e+00
1.56433 9.80527e+00
1.57625 9.78274e+00
1.58818 9.75948e+00
1.60010 9.73552e+00
1.61202 9.71090e+00
1.62395 9.68564e+00
1.63587 9.65980e+00
1.64780 9.63338e+00
1.65972 9.60643e+00
1.67164 9.57897e+00
1.68357 9.55103e+00
1.69549 9.52263e+00
1.70741 9.49380e+00
1.71934 9.46457e+00
1.73126 9.43495e+00
1.74319 9.40497e+00
1.75511 9.37465e+00
1.76703 9.34401e+00
1.77896 9.31307e+00
1.79088 9.28185e+00
1.80281 9.25036e+00
1.81473 9.21863e+00
1.82665 9.18668e+00
1.83858 9.15451e+00
1.85050 9.12214e+00
1.86242 9.08960e+00
1.87435 9.05688e+00
1.88627 9.02401e+00
1.89820 8.99100e+00
1.91012 8.95787e+00
1.92204 8.92462e+00
1.93397 8.89126e+00
1.94589 8.85782e+00
1.95782 8.82429e+00
1.96974 8.79069e+00
1.98166 8.75703e+00
1.99359 8.72332e+00
2.00551 8.68957e+00
2.01743 8.65579e+00
2.02936 8.62198e+00
2.04128 8.58815e+00
2.05321 8.55432e+00
2.06513 8.52049e+00
2.07705 8.48666e+00
2.08898 8.45284e+00
2.10090 8.41905e+00
2.11283 8.38528e+00
2.12475 8.35154e+00
2.13667 8.31785e+00
2.14860 8.28419e+00
2.16052 8.25059e+00
2.17244 8.21704e+00
2.18437 8.18355e+00
2.19629 8.15012e+00
2.20822 8.11676e+00
2.22014 8.08348e+00
2.23206 8.05027e+00
2.24399 8.01714e+00
2.25591 7.98410e+00
2.26784 7.95115e+00
2.27976 7.91829e+00
2.29168 7.88552e+00
2.30361 7.85285e+00
2.31553 7.82028e+00
2.32745 7.78782e+00
2.33938 7.75546e+00
2.35130 7.72322e+00
2.36323 7.69108e+00
2.37515 7.65906e+00
2.38707 7.62716e+00
2.39900 7.59537e+00
2.41092 7.56371e+00
2.42285 7.53216e+00
2.43477 7.50074e+00
2.44669 7.46945e+00
2.45862 7.43829e+00
2.47054 7.40725e+00
2.48246 7.37634e+00
2.49439 7.34557e+00
2.50631 7.31492e+00
2.51824 7.28442e+00
2.53016 7.25404e+00
2.54208 7.22381e+00
2.55401 7.19371e+00
2.56593 7.16374e+00
2.57786 7.13392e+00
2.58978 7.10423e+00
2.60170 7.07469e+00
2.61363 7.04529e+00
2.62555 7.01602e+00
2.63747 6.98690e+00
2.64940 6.95793e+00
2.66132 6.92909e+00
2.67325 6.90040e+00
2.68517 6.87185e+00
2.69709 6.84344e+00
2.70902 6.81518e+00
2.72094 6.78707e+00
2.73287 6.75909e+00
2.74479 6.73126e+00
2.75671 6.70358e+00
2.76864 6.67604e+00
2.78056 6.64864e+00
2.79248 6.62139e+00
2.80441 6.59429e+00
2.81633 6.56732e+00
2.82826 6.54051e+00
2.84018 6.51383e+00
2.85210 6.48730e+00
2.86403 6.46091e+00
2.87595 6.43467e+00
2.88788 6.40857e+00
2.89980 6.38261e+00
2.91172 6.35680e+00
2.92365 6.33112e+00
2.93557 6.30559e+00
2.94749 6.28020e+00
2.95942 6.25496e+00
2.97134 6.22985e+00
2.98327 6.20488e+00
2.99519 6.18006e+00
3.00711 6.15537e+00
3.01904 6.13082e+00
3.03096 6.10641e+00
3.04289 6.08214e+00
3.05481 6.05801e+00
3.06673 6.03401e+00
3.07866 6.01015e+00
3.09058 5.98643e+00
3.10251 5.96284e+00
3.11443 5.93939e+00
3.12635 5.91607e+00
3.13828 5.89288e+00
3.15020 5.86983e+00
3.16212 5.84691e+00
3.17405 5.82413e+00
3.18597 5.80147e+00
3.19790 5.77895e+00
3.20982 5.75656e+00
3.22174 5.73429e+00
3.23367 5.71216e+00
3.24559 5.69016e+00
3.25752 5.66828e+00
3.26944 5.64653e+00
3.28136 5.62491e+00
3.29329 5.60341e+00
3.30521 5.58204e+00
3.31713 5.56079e+00
3.32906 5.53967e+00
3.34098 5.51867e+00
3.35291 5.49779e+00
3.36483 5.47704e+00
3.37675 5.45640e+00
3.38868 5.43589e+00
3.40060 5.41550e+00
3.41253 5.39523e+00
3.42445 5.37507e+00
3.43637 5.35504e+00
3.44830 5.33512e+00
3.46022 5.31532e+00
3.47214 5.29563e+00
3.48407 5.27606e+00
3.49599 5.25661e+00
3.50792 5.23727e+00
3.51984 5.21804e+00
3.53176 5.19893e+00
3.54369 5.17993e+00
3.55561 5.16104e+00
3.56754 5.14226e+00
3.57946 5.12359e+00
3.59138 5.10503e+00
3.60331 5.08658e+00
3.61523 5.06824e+00
3.62715 5.05000e+00
3.63908 5.03187e+00
3.65100 5.01385e+00
3.66293 4.99594e+00
3.67485 4.97813e+00
3.68677 4.96042e+00
3.69870 4.94282e+00
3.71062 4.92532e+00
3.72255 4.90792e+00
3.73447 4.89062e+00
3.74639 4.87343e+00
3.75832 4.85634e+00
3.77024 4.83934e+00
3.78216 4.82245e+00
3.79409 4.80565e+00
3.80601 4.78895e+00
3.81794 4.77235e+00
3.82986 4.75585e+00
3.84178 4.73944e+00
3.85371 4.72313e+00
3.86563 4.70691e+00
3.87756 4.69078e+00
3.88948 4.67475e+00
3.90140 4.65882e+00
3.91333 4.64297e+00
3.92525 4.62722e+00
3.93717 4.61156e+00
3.94910 4.59599e+00
3.96102 4.58051e+00
3.97295 4.56512e+00
3.98487 4.54982e+00
3.99679 4.53460e+00
4.00872 4.51948e+00
4.02064 4.50444e+00
4.03257 4.48949e+00
4.04449 4.47462e+00
4.05641 4.45984e+00
4.06834 4.44514e+00
4.08026 4.43053e+00
4.09218 4.41601e+00
4.10411 4.40156e+00
4.11603 4.38720e+00
4.12796 4.37292e+00
4.13988 4.35872e+00
4.15180 4.34461e+00
4.16373 4.33057e+00
4.17565 4.31662e+00
4.18758 4.30274e+00
4.19950 4.28894e+00
4.21142 4.27522e+00
4.22335 4.26158e+00
4.23527 4.24802e+00
4.24719 4.23453e+00
4.25912 4.22112e+00
4.27104 4.20779e+00
4.28297 4.19453e+00
4.29489 4.18134e+00
4.30681 4.16824e+00
4.31874 4.15520e+00
4.33066 4.14224e+00
4.34259 4.12935e+00
4.35451 4.11653e+00
4.36643 4.10379e+00
4.37836 4.09111e+00
4.39028 4.07851e+00
4.40220 4.06598e+00
4.41413 4.05352e+00
4.42605 4.04112e+00
4.43798 4.02880e+00
4.44990 4.01655e+00
4.46182 4.00436e+00
4.47375 3.99224e+00
4.48567 3.98019e+00
4.49760 3.96821e+00
4.50952 3.95629e+00
4.52144 3.94444e+00
4.53337 3.93265e+00
4.54529 3.92093e+00
4.55721 3.90928e+00
4.56914 3.89768e+00
4.58106 3.88616e+00
4.59299 3.87469e+00
4.60491 3.86329e+00
4.61683 3.85195e+00
4.62876 3.84067e+00
4.64068 3.82946e+00
4.65261 3.81830e+00
4.66453 3.80721e+00
4.67645 3.79618e+00
4.68838 3.78521e+00
4.70030 3.77429e+00
4.71222 3.76344e+00
4.72415 3.75265e+00
4.73607 3.74191e+00
4.74800 3.73123e+00
4.75992 3.72062e+00
4.77184 3.71005e+00
4.78377 3.69955e+00
4.79569 3.68910e+00
4.80762 3.67871e+00
4.81954 3.66837e+00
4.83146 3.65809e+00
4.84339 3.64787e+00
4.85531 3.63770e+00
4.86723 3.62758e+00
4.87916 3.61752e+00
4.89108 3.60751e+00
4.90301 3.59756e+00
4.91493 3.58765e+00
4.92685 3.57780e+00
4.93878 3.56801e+00
4.95070 3.55826e+00
4.96263 3.54857e+00
4.97455 3.53893e+00
4.98647 3.52934e+00
4.99840 3.51980e+00
5.01032 3.51031e+00
5.02224 3.50087e+00
5.03417 3.49148e+00
5.04609 3.48214e+00
5.05802 3.47285e+00
5.06994 3.46361e+00
5.08186 3.45441e+00
5.09379 3.44527e+00
5.10571 3.43617e+00
5.11764 3.42712e+00
5.12956 3.41812e+00
5.14148 3.40916e+00
5.15341 3.40025e+00
5.16533 3.39139e+00
5.17725 3.38257e+00
5.18918 3.37380e+00
5.20110 3.36507e+00
5.21303 3.35639e+00
5.22495 3.34775e+00
5.23687 3.33916e+00
5.24880 3.33062e+00
5.26072 3.32211e+00
5.27265 3.31365e+00
5.28457 3.30524e+00
5.29649 3.29686e+00
5.30842 3.28853e+00
5.32034 3.28024e+00
5.33226 3.27200e+00
5.34419 3.26380e+00
5.35611 3.25563e+00
5.36804 3.24751e+00
5.37996 3.23943e+00
5.39188 3.23140e+00
5.40381 3.22340e+00
5.41573 3.21544e+00
5.42766 3.20753e+00
5.43958 3.19965e+00
5.45150 3.19181e+00
5.46343 3.18402e+00
5.47535 3.17626e+00
5.48727 3.16854e+00
5.49920 3.16086e+00
5.51112 3.15322e+00
5.52305 3.14561e+00
5.53497 3.13805e+00
5.54689 3.13052e+00
5.55882 3.12303e+00
5.57074 3.11558e+00
5.58267 3.10816e+00
5.59459 3.10078e+00
5.60651 3.09344e+00
5.61844 3.08613e+00
5.63036 3.07886e+00
5.64228 3.07163e+00
5.65421 3.06443e+00
5.66613 3.05727e+00
5.67806 3.05014e+00
5.68998 3.04305e+00
5.70190 3.03599e+00
5.71383 3.02897e+00
5.72575 3.02198e+00
5.73768 3.01502e+00
5.74960 3.00810e+00
5.76152 3.00122e+00
5.77345 2.99436e+00
5.78537 2.98754e+00
5.79729 2.98076e+00
5.80922 2.97400e+00
5.82114 2.96728e+00
5.83307 2.96059e+00
5.84499 2.95394e+00
5.85691 2.94731e+00
5.86884 2.94072e+00
5.88076 2.93416e+00
5.89269 2.92763e+00
5.90461 2.92113e+00
5.91653 2.91467e+00
5.92846 2.90823e+00
5.94038 2.90183e+00
5.95230 2.89545e+00
5.96423 2.88911e+00
5.97615 2.88280e+00
5.98808 2.87652e+00
6.00000 2.87026e+00
