0.05000 2.57844e-05
0.06192 2.38482e-05
0.07385 2.36513e-05
0.08577 2.41965e-05
0.09770 2.51219e-05
0.10962 2.62801e-05
0.12154 2.76085e-05
0.13347 2.90828e-05
0.14539 3.06989e-05
0.15731 3.24653e-05
0.16924 3.44003e-05
0.18116 3.65310e-05
0.19309 3.88951e-05
0.20501 4.15427e-05
0.21693 4.45410e-05
0.22886 4.79808e-05
0.24078 5.19869e-05
0.25271 5.67344e-05
0.26463 6.24765e-05
0.27655 6.95906e-05
0.28848 7.86621e-05
0.30040 9.06431e-05
0.31232 1.07175e-04
0.32425 1.31313e-04
0.33617 1.69333e-04
0.34810 2.36074e-04
0.36002 3.74577e-04
0.37194 7.50582e-04
0.38387 1.78679e-03
0.39579 2.26689e-03
0.40772 4.01015e-03
0.41964 1.71948e-03
0.43156 9.12035e-04
0.44349 8.31874e-04
0.45541 5.26274e-04
0.46733 5.68056e-04
0.47926 1.16115e-03
0.49118 1.03393e-03
0.50311 4.48636e-04
0.51503 3.05498e-04
0.52695 2.62184e-04
0.53888 2.59535e-04
0.55080 2.57748e-04
0.56273 2.70553e-04
0.57465 3.14774e-04
0.58657 3.26733e-04
0.59850 3.96112e-04
0.61042 5.44722e-04
0.62234 8.13770e-04
0.63427 1.41107e-03
0.64619 3.29573e-03
0.65812 4.97527e-03
0.67004 5.81675e-03
0.68196 5.52304e-03
0.69389 9.35825e-03
0.70581 6.55308e-03
0.71774 3.13758e-03
0.72966 3.18550e-03
0.74158 3.30838e-03
0.75351 2.64653e-03
0.76543 3.38245e-03
0.77735 3.37220e-03
0.78928 1.30669e-03
0.80120 6.93644e-04
0.81313 4.70939e-04
0.82505 3.68541e-04
0.83697 3.18025e-04
0.84890 3.01195e-04
0.86082 3.30091e-04
0.87275 3.60862e-04
0.88467 4.48619e-04
0.89659 4.24708e-04
0.90852 4.77000e-04
0.92044 7.53270e-04
0.93236 1.61244e-03
0.94429 2.69329e-03
0.95621 1.20669e-03
0.96814 8.87864e-04
0.98006 1.36934e-03
0.99198 2.56498e-03
1.00391 1.22764e-03
1.01583 7.45099e-04
1.02776 7.71652e-04
1.03968 1.26247e-03
1.05160 1.14901e-03
1.06353 1.14469e-03
1.07545 1.78002e-03
1.08737 2.63235e-03
1.09930 5.82629e-03
1.11122 4.66088e-03
1.12315 3.73795e-03
1.13507 4.29442e-03
1.14699 5.86305e-03
1.15892 6.33338e-03
1.17084 6.41528e-03
1.18277 8.14732e-03
1.19469 9.50584e-03
1.20661 4.77688e-03
1.21854 2.74975e-03
1.23046 1.42316e-03
1.24238 9.89869e-04
1.25431 8.51054e-04
1.26623 7.21789e-04
1.27816 7.18114e-04
1.29008 8.36982e-04
1.30200 1.16997e-03
1.31393 1.82497e-03
1.32585 2.62469e-03
1.33778 4.47320e-03
1.34970 8.14663e-03
1.36162 6.95390e-03
1.37355 1.13492e-02
1.38547 7.40715e-03
1.39739 4.24538e-03
1.40932 2.54388e-03
1.42124 3.21620e-03
1.43317 2.11405e-03
1.44509 1.32608e-03
1.45701 1.42242e-03
1.46894 2.33530e-03
1.48086 2.33972e-03
1.49279 1.29576e-03
1.50471 1.21687e-03
1.51663 1.14016e-03
1.52856 1.19554e-03
1.54048 1.63251e-03
1.55240 2.87944e-03
1.56433 6.15723e-03
1.57625 6.59333e-03
1.58818 9.52198e-03
1.60010 9.78719e-03
1.61202 1.30424e-02
1.62395 1.74098e-02
1.63587 1.64262e-02
1.64780 8.00010e-03
1.65972 4.38629e-03
1.67164 4.27344e-03
1.68357 3.73790e-03
1.69549 3.06472e-03
1.70741 4.34336e-03
1.71934 5.41460e-03
1.73126 5.81851e-03
1.74319 2.99393e-03
1.75511 2.03967e-03
1.76703 2.03810e-03
1.77896 2.49383e-03
1.79088 4.43816e-03
1.80281 7.51522e-03
1.81473 1.08602e-02
1.82665 1.66146e-02
1.83858 8.35100e-03
1.85050 6.85094e-03
1.86242 9.45228e-03
1.87435 9.38575e-03
1.88627 1.30560e-02
1.89820 1.55040e-02
1.91012 9.13226e-03
1.92204 8.25127e-03
1.93397 6.66612e-03
1.94589 3.80227e-03
1.95782 3.95397e-03
1.96974 5.71125e-03
1.98166 4.85803e-03
1.99359 4.95793e-03
2.00551 3.88758e-03
2.01743 3.17099e-03
2.02936 3.74841e-03
2.04128 7.21776e-03
2.05321 1.13147e-02
2.06513 1.07674e-02
2.07705 1.29646e-02
2.08898 9.01437e-03
2.10090 6.81212e-03
2.11283 1.05495e-02
2.12475 1.11421e-02
2.13667 1.32286e-02
2.14860 1.85937e-02
2.16052 1.62845e-02
2.17244 1.71875e-02
2.18437 1.49622e-02
2.19629 9.04589e-03
2.20822 8.97590e-03
2.22014 1.13261e-02
2.23206 1.10052e-02
2.24399 1.47069e-02
2.25591 1.55721e-02
2.26784 1.24914e-02
2.27976 9.89764e-03
2.29168 1.13292e-02
2.30361 7.60823e-03
2.31553 6.18670e-03
2.32745 8.41827e-03
2.33938 5.81936e-03
2.35130 4.98019e-03
2.36323 4.12798e-03
2.37515 4.13461e-03
2.38707 3.27416e-03
2.39900 2.65340e-03
2.41092 3.14177e-03
2.42285 4.18914e-03
2.43477 2.85462e-03
2.44669 3.52360e-03
2.45862 5.44927e-03
2.47054 8.71155e-03
2.48246 1.17538e-02
2.49439 1.41625e-02
2.50631 1.96280e-02
2.51824 1.48506e-02
2.53016 1.02559e-02
2.54208 4.69275e-03
2.55401 3.48909e-03
2.56593 3.55984e-03
2.57786 3.12493e-03
2.58978 5.30238e-03
2.60170 1.01203e-02
2.61363 4.79014e-03
2.62555 2.99172e-03
2.63747 3.65002e-03
2.64940 6.92527e-03
2.66132 5.89520e-03
2.67325 7.85517e-03
2.68517 7.96464e-03
2.69709 6.49020e-03
2.70902 1.10095e-02
2.72094 8.24714e-03
2.73287 4.38397e-03
2.74479 4.69777e-03
2.75671 7.40278e-03
2.76864 5.07498e-03
2.78056 4.65662e-03
2.79248 3.60737e-03
2.80441 2.97325e-03
2.81633 4.86267e-03
2.82826 6.19602e-03
2.84018 6.22520e-03
2.85210 8.10344e-03
2.86403 1.18531e-02
2.87595 8.83033e-03
2.88788 5.57207e-03
2.89980 3.54398e-03
2.91172 3.14646e-03
2.92365 4.35219e-03
2.93557 7.95607e-03
2.94749 9.30086e-03
2.95942 6.04779e-03
2.97134 9.27149e-03
2.98327 1.09515e-02
2.99519 6.73822e-03
3.00711 5.78082e-03
3.01904 7.00246e-03
3.03096 9.26347e-03
3.04289 1.11302e-02
3.05481 9.00014e-03
3.06673 9.25779e-03
3.07866 7.48207e-03
3.09058 5.62437e-03
3.10251 3.74280e-03
3.11443 4.37178e-03
3.12635 8.72294e-03
3.13828 1.39449e-02
3.15020 7.46102e-03
3.16212 7.80525e-03
3.17405 1.42766e-02
3.18597 1.47034e-02
3.19790 1.46069e-02
3.20982 1.57368e-02
3.22174 1.85822e-02
3.23367 1.59159e-02
3.24559 1.14547e-02
3.25752 1.71857e-02
3.26944 1.77911e-02
3.28136 1.49662e-02
3.29329 1.76160e-02
3.30521 1.85467e-02
3.31713 2.37748e-02
3.32906 2.24252e-02
3.34098 2.13023e-02
3.35291 2.01077e-02
3.36483 1.28099e-02
3.37675 9.97385e-03
3.38868 8.61171e-03
3.40060 1.00059e-02
3.41253 1.08056e-02
3.42445 1.41730e-02
3.43637 1.54148e-02
3.44830 1.54600e-02
3.46022 1.12798e-02
3.47214 1.33490e-02
3.48407 1.44621e-02
3.49599 1.10423e-02
3.50792 1.14471e-02
3.51984 7.93940e-03
3.53176 9.44114e-03
3.54369 1.43487e-02
3.55561 2.00700e-02
3.56754 1.61657e-02
3.57946 1.49229e-02
3.59138 1.68977e-02
3.60331 1.18968e-02
3.61523 1.08558e-02
3.62715 1.06573e-02
3.63908 1.19284e-02
3.65100 1.15442e-02
3.66293 1.42978e-02
3.67485 9.79147e-03
3.68677 6.27224e-03
3.69870 6.92407e-03
3.71062 1.03234e-02
3.72255 7.85816e-03
3.73447 5.92893e-03
3.74639 6.04613e-03
3.75832 1.03906e-02
3.77024 1.15069e-02
3.78216 1.35307e-02
3.79409 1.34986e-02
3.80601 1.34229e-02
3.81794 1.00121e-02
3.82986 8.45551e-03
3.84178 9.06741e-03
3.85371 1.25956e-02
3.86563 1.37668e-02
3.87756 1.96800e-02
3.88948 2.08738e-02
3.90140 1.74188e-02
3.91333 1.51087e-02
3.92525 1.34700e-02
3.93717 9.49176e-03
3.94910 8.33849e-03
3.96102 8.12508e-03
3.97295 7.87383e-03
3.98487 3.98197e-03
3.99679 2.75878e-03
4.00872 1.94078e-03
4.02064 1.67314e-03
4.03257 1.95241e-03
4.04449 3.42050e-03
4.05641 3.67279e-03
4.06834 4.35896e-03
4.08026 4.91979e-03
4.09218 5.55614e-03
4.10411 2.72879e-03
4.11603 2.15866e-03
4.12796 3.04901e-03
4.13988 3.31580e-03
4.15180 2.73986e-03
4.16373 4.23014e-03
4.17565 4.80060e-03
4.18758 8.77262e-03
4.19950 1.09893e-02
4.21142 8.92867e-03
4.22335 9.70024e-03
4.23527 5.73018e-03
4.24719 4.46616e-03
4.25912 7.00046e-03
4.27104 1.01400e-02
4.28297 9.84867e-03
4.29489 9.28228e-03
4.30681 1.28652e-02
4.31874 1.16312e-02
4.33066 9.24007e-03
4.34259 5.57416e-03
4.35451 4.05151e-03
4.36643 4.83319e-03
4.37836 5.75260e-03
4.39028 4.85534e-03
4.40220 6.57307e-03
4.41413 7.60501e-03
4.42605 1.16641e-02
4.43798 2.20328e-02
4.44990 1.81669e-02
4.46182 1.41675e-02
4.47375 1.85201e-02
4.48567 1.86500e-02
4.49760 1.10774e-02
4.50952 1.36023e-02
4.52144 2.89774e-02
4.53337 2.78650e-02
4.54529 2.39360e-02
4.55721 1.81306e-02
4.56914 2.33995e-02
4.58106 2.54309e-02
4.59299 2.30563e-02
4.60491 2.12452e-02
4.61683 1.79431e-02
4.62876 2.05854e-02
4.64068 3.12785e-02
4.65261 3.27346e-02
4.66453 2.59719e-02
4.67645 2.48121e-02
4.68838 2.55057e-02
4.70030 2.77629e-02
4.71222 3.08402e-02
4.72415 3.52855e-02
4.73607 3.00223e-02
4.74800 2.60920e-02
4.75992 2.89506e-02
4.77184 2.33689e-02
4.78377 1.27037e-02
4.79569 1.09458e-02
4.80762 1.69496e-02
4.81954 1.59658e-02
4.83146 1.21547e-02
4.84339 1.18046e-02
4.85531 1.25001e-02
4.86723 1.56965e-02
4.87916 1.28639e-02
4.89108 1.72195e-02
4.90301 3.24396e-02
4.91493 2.58498e-02
4.92685 2.02050e-02
4.93878 2.17066e-02
4.95070 2.15561e-02
4.96263 1.49405e-02
4.97455 1.57294e-02
4.98647 2.01120e-02
4.99840 1.43219e-02
5.01032 1.20494e-02
5.02224 1.78438e-02
5.03417 1.69991e-02
5.04609 9.92899e-03
5.05802 1.13402e-02
5.06994 9.76644e-03
5.08186 6.64124e-03
5.09379 7.24427e-03
5.10571 1.22994e-02
5.11764 2.21620e-02
5.12956 1.37020e-02
5.14148 9.29766e-03
5.15341 1.04014e-02
5.16533 1.27248e-02
5.17725 1.21339e-02
5.18918 1.53439e-02
5.20110 1.41229e-02
5.21303 1.20247e-02
5.22495 7.18719e-03
5.23687 6.02011e-03
5.24880 8.20671e-03
5.26072 1.17576e-02
5.27265 1.71344e-02
5.28457 1.34298e-02
5.29649 1.05226e-02
5.30842 1.36037e-02
5.32034 1.09387e-02
5.33226 1.07319e-02
5.34419 1.40578e-02
5.35611 1.52626e-02
5.36804 1.79329e-02
5.37996 2.04123e-02
5.39188 1.58444e-02
5.40381 1.16576e-02
5.41573 8.99402e-03
5.42766 9.86377e-03
5.43958 1.17247e-02
5.45150 1.21122e-02
5.46343 1.19860e-02
5.47535 1.11051e-02
5.48727 1.53598e-02
5.49920 1.61547e-02
5.51112 1.75421e-02
5.52305 1.34129e-02
5.53497 1.59964e-02
5.54689 1.63922e-02
5.55882 1.43714e-02
5.57074 1.60788e-02
5.58267 1.82646e-02
5.59459 1.40868e-02
5.60651 1.35576e-02
5.61844 9.38390e-03
5.63036 1.11437e-02
5.64228 1.53759e-02
5.65421 1.97710e-02
5.66613 1.58816e-02
5.67806 1.74635e-02
5.68998 1.94291e-02
5.70190 1.97635e-02
5.71383 1.96276e-02
5.72575 2.33123e-02
5.73768 2.06113e-02
5.74960 2.27782e-02
5.76152 2.41182e-02
5.77345 2.40074e-02
5.78537 2.43051e-02
5.79729 3.01997e-02
5.80922 2.67023e-02
5.82114 2.32321e-02
5.83307 1.55659e-02
5.84499 1.11199e-02
5.85691 1.32124e-02
5.86884 1.55346e-02
5.88076 2.06013e-02
5.89269 2.89042e-02
5.90461 2.82055e-02
5.91653 2.81271e-02
5.92846 3.32389e-02
5.94038 2.04045e-02
5.95230 1.87214e-02
5.96423 2.64475e-02
5.97615 1.93202e-02
5.98808 1.88052e-02
6.00000 1.94573e-02
