0.00000 2.983724378680108e-16
1.00000 -2.117582368135751e-21
2.00000 -2.439454888092385e-19
3.00000 1.179069862577986e-18
4.00000 4.336808689942018e-18
5.00000 8.131516293641283e-19
6.00000 1.734723475976807e-18
7.00000 -4.336808689942018e-19
8.00000 1.626303258728257e-18
9.00000 -2.331034670843835e-18
10.00000 1.057097118173367e-18
11.00000 -2.168404344971009e-19
12.00000 1.138412281109780e-18
13.00000 -1.924458856161770e-18
14.00000 -2.900240811398724e-18
15.00000 1.951563910473908e-18
16.00000 -1.301042606982605e-18
17.00000 -7.589415207398531e-19
18.00000 -7.589415207398531e-19
19.00000 -1.246832498358330e-18
20.00000 -2.168404344971009e-19
21.00000 6.505213034913027e-19
22.00000 -4.878909776184770e-19
23.00000 -1.084202172485504e-19
24.00000 1.219727444046192e-19
25.00000 7.453889935837843e-20
26.00000 1.677125235563515e-19
27.00000 -0.000000000000000e+00
28.00000 1.490777987167569e-19
29.00000 1.761828530288945e-19
30.00000 6.098637220230962e-19
31.00000 6.505213034913027e-19
32.00000 6.369687763352339e-19
33.00000 2.439454888092385e-19
34.00000 8.131516293641283e-20
35.00000 -2.710505431213761e-20
36.00000 7.995991022080595e-19
37.00000 1.738111607765824e-18
38.00000 -1.609362599783171e-19
39.00000 2.032879073410321e-19
40.00000 -2.879912020664621e-19
41.00000 7.860465750519907e-19
42.00000 1.043544591017298e-18
43.00000 -4.269046054161674e-19
44.00000 9.351243737687476e-19
45.00000 -5.963111948670274e-19
46.00000 -5.285485590866834e-19
47.00000 7.860465750519907e-19
48.00000 8.131516293641283e-20
49.00000 -3.693063650028749e-19
50.00000 3.032377951170395e-19
51.00000 -1.168905467210934e-19
52.00000 2.964615315390051e-20
53.00000 9.550296480292236e-20
54.00000 -1.412427439546546e-19
55.00000 7.064254780100865e-19
56.00000 1.880413142904547e-19
57.00000 -1.829591166069289e-19
58.00000 8.114575634696197e-19
59.00000 1.517883041479706e-18
60.00000 1.694065894508601e-19
61.00000 3.405072447962287e-19
62.00000 -5.251604272976662e-20
63.00000 1.795709848179117e-19
64.00000 -6.149459197066220e-19
65.00000 5.971582278142817e-19
66.00000 -3.201784540621255e-19
67.00000 -1.118083490375676e-19
68.00000 3.045930478326464e-18
69.00000 -2.344587197999903e-18
70.00000 3.164515090942066e-18
71.00000 3.569735652908523e-17
72.00000 -8.310409652101391e-17
73.00000 2.589549126345847e-17
74.00000 -8.480493867910055e-18
75.00000 -2.432678624514351e-17
76.00000 5.487079432313358e-18
77.00000 -5.785235029746871e-19
78.00000 -1.776356839400250e-15
79.00000 1.306124804666131e-18
80.00000 2.334422802632852e-18
81.00000 -2.617331807015788e-18
82.00000 -2.581756423231107e-18
83.00000 6.549258748170250e-18
84.00000 -2.791820594150174e-18
85.00000 8.466941340753986e-18
86.00000 1.541599964002827e-18
87.00000 8.283982224147057e-19
88.00000 -1.741076223081214e-18
89.00000 -3.266582561086209e-18
90.00000 1.721170948820738e-18
91.00000 -8.436448154652831e-19
92.00000 6.268043809681823e-19
93.00000 -1.572093150103981e-18
94.00000 4.133520782600986e-19
95.00000 -6.776263578034403e-20
96.00000 9.351243737687476e-19
97.00000 1.328147661294743e-18
98.00000 3.523657060577889e-19
99.00000 5.827586677109586e-19
100.00000 5.421010862427522e-20
101.00000 1.653408313040394e-18
102.00000 2.710505431213761e-20
103.00000 -5.082197683525802e-19
104.00000 -0.000000000000000e+00
105.00000 -3.930232875259954e-19
106.00000 -3.157738827364032e-18
107.00000 4.580754178751256e-18
108.00000 5.339695699491109e-18
109.00000 -1.886511780124778e-17
110.00000 2.542454094478508e-17
111.00000 2.131328477923895e-04
112.00000 3.905884030185880e-04
113.00000 3.383642426350031e-04
114.00000 2.462731217183212e-04
115.00000 1.310242236918224e-04
116.00000 -7.286440201204059e-06
117.00000 -1.618310013900143e-04
118.00000 -3.252642762187896e-04
119.00000 -4.906106642624114e-04
120.00000 -6.520821614069694e-04
121.00000 -8.171329278614768e-04
122.00000 -9.603117331498821e-04
123.00000 -1.094027227018908e-03
124.00000 -1.219619320737591e-03
125.00000 -1.337448907877254e-03
126.00000 -1.442556465059523e-03
127.00000 2.175954158602124e-02
128.00000 7.622102859945346e-03
129.00000 2.292945810889215e-04
130.00000 5.961197950418186e-05
131.00000 3.707547205786990e-03
132.00000 8.530423326979526e-03
133.00000 1.273974266249944e-02
134.00000 1.548312877215382e-02
135.00000 1.657671155185358e-02
136.00000 1.620738393549849e-02
137.00000 1.456959939844529e-02
138.00000 1.229917896280986e-02
139.00000 -6.314574268641852e-03
140.00000 -2.875868422359645e-03
141.00000 -1.061970000775527e-03
142.00000 -2.464822721504707e-04
143.00000 -7.007393137513737e-06
144.00000 -5.955268942468513e-05
145.00000 -2.329587748726343e-04
146.00000 -3.871927912807176e-04
147.00000 -4.801814630375525e-04
148.00000 -4.972740137304333e-04
149.00000 -4.482553671400473e-04
150.00000 -3.560516758534988e-04
151.00000 -2.475228956498899e-04
152.00000 -1.465206066504069e-04
153.00000 -6.464079499735671e-05
154.00000 -2.016610306919493e-05
155.00000 -2.386229319471053e-06
156.00000 -8.699024378600300e-09
157.00000 5.697876016805899e-06
158.00000 1.239801693974035e-05
159.00000 2.117078251723759e-04
160.00000 1.884631414635617e-04
161.00000 1.227582530754387e-03
162.00000 6.471210956415632e-04
163.00000 4.481874586255227e-03
164.00000 1.414797947082152e-02
165.00000 1.178551494225873e-02
166.00000 2.917015684500097e-02
167.00000 3.539493476482584e-02
168.00000 3.262572289486795e-02
169.00000 2.975807100546370e-02
170.00000 2.515852516183453e-02
171.00000 2.111003414249640e-02
172.00000 1.648482942803700e-02
173.00000 1.235313108315829e-02
174.00000 9.117024895145149e-03
175.00000 6.194260966303379e-03
176.00000 4.082833462715963e-03
177.00000 2.393426294932440e-03
178.00000 1.326656179513688e-03
179.00000 5.846930749319103e-04
180.00000 1.688791396904504e-04
181.00000 3.673973263968941e-05
182.00000 -2.170511979361633e-05
183.00000 5.419689219395181e-05
184.00000 8.688302869155114e-05
185.00000 1.651292448842856e-04
186.00000 1.656327353516391e-04
187.00000 1.638559758479893e-04
188.00000 1.233505482398016e-04
189.00000 9.201308275075303e-05
190.00000 -1.184212495028078e-06
191.00000 -8.017328088296034e-06
192.00000 -1.561180776488780e-04
193.00000 -1.158067669956679e-04
194.00000 -3.427361370220529e-04
195.00000 -2.637078043115181e-04
196.00000 -5.785290921159572e-05
197.00000 -5.971592760157110e-04
198.00000 -3.574700446488852e-04
199.00000 -8.929651298900301e-04
200.00000 -5.737151669325136e-04
201.00000 -1.484488396411222e-03
202.00000 -1.051498833124647e-03
203.00000 -4.678715869803722e-04
204.00000 -1.084305409831836e-03
205.00000 -6.094886239420977e-04
206.00000 -1.130514257208289e-03
207.00000 -4.004565496830773e-05
208.00000 -4.071499825280683e-04
209.00000 5.258539234161384e-04
210.00000 2.789676066246027e-04
211.00000 1.687584198490136e-03
212.00000 3.042782174162911e-03
213.00000 2.379282124646040e-03
214.00000 3.474464428676025e-03
215.00000 2.973774577948819e-03
216.00000 3.579964560025004e-03
217.00000 2.509818876948632e-03
218.00000 2.547689814510114e-03
219.00000 2.201429014661594e-03
220.00000 1.026276683386797e-03
221.00000 1.209364324794471e-04
222.00000 -9.564075616172677e-04
223.00000 -1.853941201822424e-03
224.00000 -2.585242556266921e-03
225.00000 -3.216308882140832e-03
226.00000 -3.279544863577611e-03
227.00000 -3.359646621187496e-03
228.00000 -3.118586447693703e-03
229.00000 -1.718756795268700e-03
230.00000 -1.218679933054133e-03
231.00000 -2.369985861336533e-04
232.00000 -2.685981920129690e-04
233.00000 4.917048652997719e-05
234.00000 -1.911581223867920e-08
235.00000 1.284324798557176e-05
236.00000 4.594414550078614e-05
237.00000 2.124755755596635e-04
238.00000 5.712290853675805e-04
239.00000 9.644374669249096e-04
240.00000 1.329013324350882e-03
241.00000 1.609448049590323e-03
242.00000 1.783114457905393e-03
243.00000 1.844612855739367e-03
244.00000 1.795879686649533e-03
245.00000 1.619095080195202e-03
246.00000 1.358380537315483e-03
247.00000 1.012285590442096e-03
248.00000 5.937893259435369e-04
249.00000 1.180878108213556e-04
250.00000 -3.978379578784552e-04
251.00000 -9.358383370663692e-04
252.00000 -1.536911370134217e-03
253.00000 -2.060941752209704e-03
254.00000 -2.551321893489904e-03
255.00000 -2.992997627868249e-03
256.00000 -3.373351416146845e-03
257.00000 -3.682581825903083e-03
258.00000 -3.913887199458684e-03
259.00000 -4.074945428815924e-03
260.00000 -4.132535425700232e-03
261.00000 -4.108899261408172e-03
262.00000 -4.007371006008065e-03
263.00000 -3.832466318082269e-03
264.00000 -3.589259867687697e-03
265.00000 -3.282808152984373e-03
266.00000 -2.873655148772136e-03
267.00000 -2.447681983583479e-03
268.00000 -1.969849560863948e-03
269.00000 -1.442041853082894e-03
270.00000 -8.656581400340382e-04
271.00000 -2.421714289843648e-04
272.00000 4.261215763101123e-04
273.00000 1.216246185813199e-03
274.00000 1.962603927259639e-03
275.00000 2.731168218232259e-03
276.00000 3.506369717807196e-03
277.00000 4.267345408253578e-03
278.00000 4.987725143322753e-03
279.00000 5.635988681553341e-03
280.00000 -1.760453808623488e-01
281.00000 8.483414651906884e-03
282.00000 8.494044955155405e-03
283.00000 8.243912906363893e-03
284.00000 7.727401323857602e-03
285.00000 6.950480265588643e-03
286.00000 5.931225827583819e-03
287.00000 4.551244434152446e-03
288.00000 3.131600433732652e-03
289.00000 1.595675822292617e-03
290.00000 1.736441402845936e-08
291.00000 -2.506109287109433e-03
292.00000 -5.145563755058369e-03
293.00000 -7.217011309402818e-03
294.00000 -8.895306874281389e-03
295.00000 -1.013382719831399e-02
296.00000 -1.099172279603966e-02
297.00000 -1.132771545891728e-02
298.00000 -1.129373964709468e-02
299.00000 -1.093297352523798e-02
300.00000 -1.019550371590067e-02
301.00000 -9.266256307070009e-03
302.00000 -8.122647870083266e-03
303.00000 -6.810160342210492e-03
304.00000 -5.228970853319637e-03
305.00000 -3.783481796681920e-03
306.00000 -2.416490954107675e-03
307.00000 -1.231649902878107e-03
308.00000 -2.495805759777925e-04
309.00000 2.431494469336826e-04
310.00000 3.093639780040146e-04
311.00000 -6.791357562005440e-05
312.00000 -9.772725543242544e-04
313.00000 -2.164610655194035e-03
314.00000 -3.595694663090343e-03
315.00000 -5.142612524252313e-03
316.00000 -6.827097086977166e-03
317.00000 -8.162592616857825e-03
318.00000 -9.203324900234046e-03
319.00000 -9.858353933741480e-03
320.00000 -1.006519487479191e-02
321.00000 -9.759355482150706e-03
322.00000 -8.998288758051769e-03
323.00000 -7.817599523471656e-03
324.00000 -6.078144401669571e-03
325.00000 -4.197613131664547e-03
326.00000 -2.090530158123161e-03
327.00000 1.712644383526797e-04
328.00000 2.776812040678254e-03
329.00000 5.123365618580220e-03
330.00000 7.392289602526195e-03
331.00000 9.505982637821986e-03
332.00000 1.157876245147281e-02
333.00000 1.311624953130359e-02
334.00000 1.427677855994430e-02
335.00000 1.501109408697848e-02
336.00000 1.529100511521281e-02
337.00000 1.505276194189423e-02
338.00000 1.436665902079701e-02
339.00000 1.326920781810004e-02
340.00000 1.163083018016475e-02
341.00000 9.846650385802902e-03
342.00000 7.836255037441342e-03
343.00000 5.662204139381843e-03
344.00000 3.123874496166690e-03
345.00000 7.837103581236904e-04
346.00000 -1.563709581826056e-03
347.00000 -4.005572862812445e-03
348.00000 -6.244813078717271e-03
349.00000 -8.486011606941346e-03
350.00000 -1.044902221161198e-02
351.00000 -1.230007830155821e-02
352.00000 -1.379221410689382e-02
353.00000 -1.503251183586052e-02
354.00000 -1.583567341661356e-02
355.00000 -1.623570204514578e-02
356.00000 -1.614682949519630e-02
357.00000 -1.552623176118312e-02
358.00000 -1.442724107370597e-02
359.00000 -1.274080461545080e-02
360.00000 -1.068492123686349e-02
361.00000 -8.107094463256526e-03
362.00000 -5.378024030516126e-03
363.00000 -2.326435475703881e-03
364.00000 5.888760699838680e-04
365.00000 3.540025814797954e-03
366.00000 6.083274918966097e-03
367.00000 8.378873007405474e-03
368.00000 1.009933834287757e-02
369.00000 1.137963409926002e-02
370.00000 1.206815031539321e-02
371.00000 1.225965317093625e-02
372.00000 1.198020830477731e-02
373.00000 1.127241089001529e-02
374.00000 1.023197100440143e-02
375.00000 9.029336521166442e-03
376.00000 9.423017921506016e-15
377.00000 1.768030166715562e-14
378.00000 -1.748601263784622e-15
379.00000 5.495603971894525e-15
380.00000 1.110223024625157e-14
381.00000 -2.109423746787797e-15
382.00000 -4.163336342344337e-17
383.00000 4.524158825347513e-15
384.00000 -1.255939796607208e-15
385.00000 1.229571999772361e-14
386.00000 -2.955968803064479e-15
387.00000 2.220446049250313e-15
388.00000 -3.053113317719180e-16
389.00000 -1.040834085586084e-15
390.00000 1.970645868709653e-15
391.00000 -6.245004513516506e-16
392.00000 -1.110223024625157e-16
393.00000 9.575673587391975e-16
394.00000 -1.568190022283034e-15
395.00000 1.387778780781446e-17
396.00000 1.665334536937735e-16
397.00000 6.869504964868156e-16
398.00000 -3.469446951953614e-17
399.00000 -3.191891195797325e-16
400.00000 4.510281037539698e-17
401.00000 -5.030698080332741e-17
402.00000 -1.734723475976807e-16
403.00000 8.326672684688674e-17
404.00000 -5.828670879282072e-16
405.00000 -6.383782391594650e-16
406.00000 1.776356839400250e-15
407.00000 -4.440892098500626e-16
408.00000 -2.220446049250313e-16
409.00000 9.992007221626409e-16
410.00000 5.551115123125783e-16
411.00000 -1.554312234475219e-15
412.00000 1.332267629550188e-15
413.00000 -4.440892098500626e-16
414.00000 -0.000000000000000e+00
415.00000 4.440892098500626e-15
416.00000 -0.000000000000000e+00
417.00000 -8.881784197001252e-16
418.00000 4.440892098500626e-16
419.00000 -0.000000000000000e+00
420.00000 4.440892098500626e-16
421.00000 4.440892098500626e-15
422.00000 -2.664535259100376e-15
423.00000 3.552713678800501e-15
424.00000 3.552713678800501e-15
425.00000 3.552713678800501e-15
426.00000 -1.332267629550188e-15
427.00000 1.110223024625157e-15
428.00000 8.881784197001252e-16
429.00000 -1.110223024625157e-15
430.00000 -4.662936703425657e-15
431.00000 4.662936703425657e-15
432.00000 -1.998401444325282e-15
433.00000 -5.995204332975845e-15
434.00000 -1.776356839400250e-15
435.00000 -7.771561172376096e-16
436.00000 -2.720046410331634e-15
437.00000 1.110223024625157e-16
438.00000 -7.771561172376096e-16
439.00000 -1.221245327087672e-15
440.00000 -1.332267629550188e-15
441.00000 -2.220446049250313e-16
442.00000 1.332267629550188e-15
443.00000 -8.881784197001252e-16
444.00000 -1.332267629550188e-15
445.00000 -8.881784197001252e-16
446.00000 -8.881784197001252e-16
447.00000 -0.000000000000000e+00
448.00000 -4.440892098500626e-16
449.00000 -5.551115123125783e-16
450.00000 5.828670879282072e-16
451.00000 1.110223024625157e-16
452.00000 3.469446951953614e-17
453.00000 -2.775557561562891e-17
454.00000 1.387778780781446e-17
455.00000 6.505213034913027e-19
456.00000 2.983724378680108e-16
457.00000 -1.110223024625157e-16
458.00000 1.554312234475219e-15
459.00000 -3.996802888650564e-15
460.00000 6.217248937900877e-15
461.00000 2.664535259100376e-15
462.00000 5.329070518200751e-15
463.00000 -7.105427357601002e-15
464.00000 7.105427357601002e-15
465.00000 1.421085471520200e-14
466.00000 -2.486899575160351e-14
467.00000 7.105427357601002e-15
468.00000 3.197442310920451e-14
469.00000 -0.000000000000000e+00
470.00000 -6.394884621840902e-14
471.00000 -3.574918139293004e-14
472.00000 2.131628207280301e-14
473.00000 3.907985046680551e-14
474.00000 7.105427357601002e-15
475.00000 -5.684341886080801e-14
476.00000 2.842170943040401e-14
477.00000 -0.000000000000000e+00
478.00000 -0.000000000000000e+00
479.00000 -0.000000000000000e+00
480.00000 -0.000000000000000e+00
481.00000 -0.000000000000000e+00
482.00000 -0.000000000000000e+00
483.00000 -1.421085471520200e-14
484.00000 -5.684341886080801e-14
485.00000 -1.421085471520200e-14
486.00000 5.684341886080801e-14
487.00000 -2.842170943040401e-14
488.00000 1.421085471520200e-14
489.00000 -2.842170943040401e-14
490.00000 2.842170943040401e-14
491.00000 -2.842170943040401e-14
492.00000 -1.421085471520200e-14
493.00000 1.421085471520200e-14
494.00000 -1.421085471520200e-14
495.00000 -7.105427357601002e-15
496.00000 -1.421085471520200e-14
497.00000 -0.000000000000000e+00
498.00000 -2.131628207280301e-14
499.00000 -0.000000000000000e+00
500.00000 -7.105427357601002e-15
501.00000 -0.000000000000000e+00
502.00000 -1.421085471520200e-14
503.00000 -0.000000000000000e+00
504.00000 -0.000000000000000e+00
505.00000 2.842170943040401e-14
506.00000 -0.000000000000000e+00
507.00000 -1.421085471520200e-14
508.00000 -1.421085471520200e-14
509.00000 -0.000000000000000e+00
510.00000 1.421085471520200e-14
511.00000 -0.000000000000000e+00
512.00000 -0.000000000000000e+00
513.00000 -0.000000000000000e+00
514.00000 -0.000000000000000e+00
515.00000 1.421085471520200e-14
516.00000 -3.552713678800501e-15
517.00000 -7.105427357601002e-15
518.00000 1.421085471520200e-14
519.00000 7.105427357601002e-15
520.00000 -7.105427357601002e-15
521.00000 1.421085471520200e-14
522.00000 -0.000000000000000e+00
523.00000 -2.842170943040401e-14
524.00000 7.105427357601002e-15
525.00000 2.131628207280301e-14
526.00000 -2.131628207280301e-14
527.00000 -5.684341886080801e-14
528.00000 2.131628207280301e-14
529.00000 6.394884621840902e-14
530.00000 -7.105427357601002e-14
531.00000 2.557953848736361e-13
532.00000 -0.000000000000000e+00
533.00000 -0.000000000000000e+00
534.00000 -1.421085471520200e-14
535.00000 -7.105427357601002e-15
536.00000 -1.065814103640150e-14
537.00000 -0.000000000000000e+00
538.00000 -0.000000000000000e+00
539.00000 -0.000000000000000e+00
540.00000 7.105427357601002e-15
541.00000 7.105427357601002e-15
542.00000 -0.000000000000000e+00
543.00000 -7.105427357601002e-15
544.00000 -0.000000000000000e+00
545.00000 -7.105427357601002e-15
546.00000 -1.421085471520200e-14
547.00000 -7.105427357601002e-15
548.00000 -7.105427357601002e-15
549.00000 7.105427357601002e-15
550.00000 7.105427357601002e-15
551.00000 -0.000000000000000e+00
552.00000 -0.000000000000000e+00
553.00000 -0.000000000000000e+00
554.00000 -0.000000000000000e+00
555.00000 -0.000000000000000e+00
556.00000 -3.552713678800501e-15
557.00000 -3.552713678800501e-15
558.00000 -0.000000000000000e+00
559.00000 -0.000000000000000e+00
560.00000 -0.000000000000000e+00
561.00000 7.105427357601002e-15
562.00000 -0.000000000000000e+00
563.00000 -0.000000000000000e+00
564.00000 -2.664535259100376e-15
565.00000 4.085707688606917e-01
566.00000 3.077073349988515e-01
567.00000 1.884697819427942e-01
568.00000 6.285110577303499e-02
569.00000 -5.747595057071564e-02
570.00000 -1.622734740761906e-01
571.00000 -2.481018363678800e-01
572.00000 -2.991038242306310e-01
573.00000 -3.198875406113828e-01
574.00000 -3.117836738994768e-01
575.00000 -2.786001834173888e-01
576.00000 -2.259895267168304e-01
577.00000 -1.561529588880717e-01
578.00000 -8.557523429553271e-02
579.00000 -1.746519795455015e-02
580.00000 4.159719935168482e-02
581.00000 8.625742708207440e-02
582.00000 1.129578676908523e-01
583.00000 1.203049324871586e-01
584.00000 1.090213306270584e-01
585.00000 8.455735388736230e-02
586.00000 5.344265608857768e-02
587.00000 2.320537131402034e-02
588.00000 6.276206831898890e-04
589.00000 -1.045719687499513e-02
590.00000 -8.801668201385837e-03
591.00000 -2.169219897041330e-07
592.00000 1.444490886144649e-01
593.00000 3.689059862920203e-01
594.00000 8.013291047489588e-01
595.00000 1.241347795838976e+00
596.00000 1.397627885409804e+00
597.00000 1.220317705138996e+00
598.00000 -5.210551833940791e-02
599.00000 -6.894302536320873e-02
600.00000 -8.223440580624636e-02
601.00000 -8.886381692377865e-02
602.00000 -8.930591211126332e-02
603.00000 -9.019613977558794e-02
604.00000 -8.931765146212828e-02
605.00000 -8.616128683055940e-02
606.00000 -8.341148703182127e-02
607.00000 -7.989294243996187e-02
608.00000 -7.552497736636432e-02
609.00000 -7.114236693283704e-02
610.00000 -6.635626751217050e-02
611.00000 -6.155385479200604e-02
612.00000 -5.638242854443887e-02
613.00000 -5.103819111875763e-02
614.00000 -4.623499089224359e-02
615.00000 -4.084000577185354e-02
616.00000 -3.544456123851802e-02
617.00000 -3.092520942907062e-02
618.00000 -2.570536505750343e-02
619.00000 -2.059399604943546e-02
620.00000 -1.649486533999966e-02
621.00000 -1.166591531358918e-02
622.00000 -6.991888156576809e-03
623.00000 -3.313398914704835e-03
624.00000 -2.475374395684682e-03
625.00000 5.760923878312951e-03
626.00000 1.227163662586861e-02
627.00000 1.979906302788770e-02
628.00000 2.688414159927666e-02
629.00000 3.263692521213191e-02
630.00000 3.889280467550815e-02
631.00000 4.455223489348725e-02
632.00000 4.928825441108131e-02
633.00000 5.377590592629167e-02
634.00000 5.744425122153229e-02
635.00000 6.072945482806191e-02
636.00000 6.285472189880914e-02
637.00000 6.398197547592113e-02
638.00000 6.545550420043550e-02
639.00000 6.483279442328960e-02
640.00000 6.317123592997415e-02
641.00000 6.275214475324314e-02
642.00000 5.942736170883189e-02
643.00000 5.520761814749453e-02
644.00000 5.319479393392168e-02
645.00000 4.772669293138099e-02
646.00000 4.168758785187454e-02
647.00000 3.874092881876612e-02
648.00000 3.214565276159487e-02
649.00000 2.543628783917873e-02
650.00000 2.246664080645966e-02
651.00000 1.605060445012418e-02
652.00000 1.002131423340358e-02
653.00000 8.005061955819737e-03
654.00000 3.080777673969859e-03
655.00000 -1.046349353337694e-03
656.00000 -1.333421818286551e-03
657.00000 -3.836141071328125e-03
658.00000 -5.364587471301752e-03
659.00000 -3.639601630016864e-03
660.00000 -3.522121278877188e-03
661.00000 -2.553920874161841e-03
662.00000 8.158933700275206e-04
663.00000 2.940448267297002e-03
664.00000 5.552446288304758e-03
665.00000 9.665551979558540e-03
666.00000 1.263877736990704e-02
667.00000 1.564839548275043e-02
668.00000 1.941261989250109e-02
669.00000 2.198488765998285e-02
670.00000 2.421135315655687e-02
671.00000 2.672205784121773e-02
672.00000 2.795412177762246e-02
673.00000 2.862412699400485e-02
674.00000 2.940129718916107e-02
675.00000 2.886773338943538e-02
676.00000 2.774155477095896e-02
677.00000 2.676517425942704e-02
678.00000 2.453946766124826e-02
679.00000 2.182901780762414e-02
680.00000 1.940051615107308e-02
681.00000 1.586148527548525e-02
682.00000 1.198283507078202e-02
683.00000 8.456445133225188e-03
684.00000 3.944439624739005e-03
685.00000 -8.870216622738347e-04
686.00000 -5.520736957969952e-03
687.00000 -1.127986237647294e-02
688.00000 -2.764913288057080e-02
689.00000 -3.995192213855248e-02
690.00000 -5.394965419764475e-02
691.00000 -6.378907395324340e-02
692.00000 -7.410284051630711e-02
693.00000 -8.059680292482252e-02
694.00000 -8.635397965100555e-02
695.00000 -8.938144908775225e-02
696.00000 -8.981121994728536e-02
697.00000 -8.788820243634188e-02
698.00000 -1.853518789500940e-01
699.00000 -1.676711434363474e-01
700.00000 -1.498903217920255e-01
701.00000 -1.241136494298961e-01
702.00000 -9.563375710754923e-02
703.00000 -7.182710448164070e-02
704.00000 -4.190457783767859e-02
705.00000 -1.858759408540114e-02
706.00000 8.917634832188742e-03
707.00000 2.909756533994284e-02
708.00000 5.154236491719758e-02
709.00000 7.056095377962218e-02
710.00000 8.320356702686005e-02
711.00000 9.581717127463608e-02
712.00000 1.034658073980385e-01
713.00000 1.102135990596089e-01
714.00000 1.135877747859076e-01
715.00000 1.156184418742818e-01
716.00000 1.156180242648065e-01
717.00000 1.144393922755850e-01
718.00000 1.118283782565003e-01
719.00000 1.090561593931190e-01
720.00000 1.050047704698766e-01
721.00000 1.014634299367082e-01
722.00000 9.684578053662368e-02
723.00000 9.217103103263363e-02
724.00000 8.846924356725050e-02
725.00000 8.394814957521124e-02
726.00000 8.043347926056171e-02
727.00000 7.615849961154447e-02
728.00000 7.280349746681081e-02
729.00000 6.862187030219509e-02
730.00000 6.434370545283455e-02
731.00000 6.075030164846545e-02
732.00000 5.589124750118785e-02
733.00000 5.158225495252090e-02
734.00000 4.549808215117510e-02
735.00000 3.997891329638506e-02
736.00000 3.227396167729024e-02
737.00000 2.401185448314913e-02
738.00000 1.758558591960385e-02
739.00000 1.087342584839945e-02
740.00000 7.136173067892326e-03
741.00000 3.982641732210634e-03
742.00000 1.724822845429463e-03
743.00000 -1.911581223867920e-08
744.00000 6.858257826475589e-04
745.00000 1.780010705583784e-03
746.00000 2.493769192247725e-03
747.00000 2.489508786471889e-03
748.00000 1.722254789683658e-03
749.00000 8.402291096751280e-04
750.00000 2.388919275136681e-04
751.00000 -6.578735619601761e-04
752.00000 -1.513595627003372e-03
753.00000 -2.165407945873887e-03
754.00000 -2.993028775582995e-03
755.00000 -3.654541447611570e-03
756.00000 -4.497511596889159e-03
757.00000 -5.362477411913646e-03
758.00000 -6.086259687090312e-03
759.00000 -7.024164006793177e-03
760.00000 -7.807159664436569e-03
761.00000 -8.828766266010035e-03
762.00000 -9.899979273265025e-03
763.00000 -1.074799278721961e-02
764.00000 -1.186786399070361e-02
765.00000 -1.270529232058903e-02
766.00000 -1.379933885271756e-02
767.00000 -1.484454296714466e-02
768.00000 -1.535741841438809e-02
769.00000 -1.614139002236836e-02
770.00000 -1.674260975719183e-02
771.00000 -1.672517423000158e-02
772.00000 -1.657806102277976e-02
773.00000 -1.589915568333106e-02
774.00000 -1.524932556915148e-02
775.00000 -1.419576693845392e-02
776.00000 -9.762723403497819e-03
777.00000 -7.926758089907615e-03
778.00000 -5.986936747936156e-03
779.00000 -3.285111629307114e-03
780.00000 6.958127862077834e-05
781.00000 4.009589451633211e-03
782.00000 9.244680039480535e-03
783.00000 1.598645836135093e-02
784.00000 2.386303241384935e-02
785.00000 3.580652148639984e-02
786.00000 5.214363604264127e-02
787.00000 7.904229619356329e-02
788.00000 1.253895527787563e-01
789.00000 1.879304850469250e-01
790.00000 -9.302937297599456e-04
791.00000 1.563741231309421e-01
792.00000 1.460587056252303e-01
793.00000 1.187188322022230e-01
794.00000 1.005098053029907e-01
795.00000 8.568949888361455e-02
796.00000 7.599557389205747e-02
797.00000 6.816197096335186e-02
798.00000 6.184722995322478e-02
799.00000 5.600184080770843e-02
800.00000 5.148614970541621e-02
801.00000 4.749680089021469e-02
802.00000 4.385426692311112e-02
803.00000 4.017692548810503e-02
804.00000 3.708846890888295e-02
805.00000 3.418495022163692e-02
806.00000 3.137262930729379e-02
807.00000 2.865494402812319e-02
808.00000 2.566875790847167e-02
809.00000 2.303935821574510e-02
810.00000 2.030224371807410e-02
811.00000 1.750616145252160e-02
812.00000 1.461426786500231e-02
813.00000 1.172147251042910e-02
814.00000 9.003003529836962e-03
815.00000 6.010963004211112e-03
816.00000 2.969380914356945e-03
817.00000 5.135416126522685e-05
818.00000 -3.006758402732679e-03
819.00000 -6.071978149981394e-03
820.00000 -8.750070464498050e-03
821.00000 -1.189853017484577e-02
822.00000 -1.449984859079523e-02
823.00000 -4.096006967512483e-02
824.00000 -4.819914024603583e-02
825.00000 -5.502158148753700e-02
826.00000 -6.290610852544742e-02
827.00000 -6.984926118541740e-02
828.00000 -7.714365438944260e-02
829.00000 -8.437196546720610e-02
830.00000 -9.199759775481720e-02
831.00000 -9.909615231792662e-02
832.00000 -1.060492241177860e-01
833.00000 -1.128181563698084e-01
834.00000 -1.194614810344531e-01
835.00000 -1.267758940898742e-01
836.00000 -1.330087524133017e-01
837.00000 -1.389277227210949e-01
838.00000 -1.448853113356361e-01
839.00000 -1.509664433658801e-01
840.00000 -1.563409276461135e-01
841.00000 -1.606081398101482e-01
842.00000 -1.640546368918046e-01
843.00000 -1.684318342828023e-01
844.00000 -1.693594694177500e-01
845.00000 -1.696830471561834e-01
846.00000 -1.643023266955159e-01
847.00000 -1.510801167923300e-01
848.00000 5.297055733328193e-01
849.00000 6.970541308990050e-01
850.00000 6.571188215935422e-01
851.00000 4.644689523908028e-01
852.00000 2.233172399545538e-01
853.00000 8.197367381274034e-02
854.00000 -2.169219897041330e-07
855.00000 1.256376818469107e-02
856.00000 4.893997884335022e-02
857.00000 1.011115583892206e-01
858.00000 1.556028875641573e-01
859.00000 1.845318752006335e-01
860.00000 1.633529918449312e-01
861.00000 -3.859092335192277e-02
862.00000 -4.116945459912691e-02
863.00000 -4.130349968894770e-02
864.00000 -4.041548752596208e-02
865.00000 -3.855085282119786e-02
866.00000 -3.658959880290605e-02
867.00000 -3.439791896718125e-02
868.00000 -3.157828308657425e-02
869.00000 -2.913519124522645e-02
870.00000 -2.664958897184955e-02
871.00000 -2.365345116223243e-02
872.00000 -2.117476200040289e-02
873.00000 -1.873552076864991e-02
874.00000 -1.588760782559930e-02
875.00000 -1.360107362031095e-02
876.00000 -1.141088133936653e-02
877.00000 -8.931192494233537e-03
878.00000 -7.004980935277207e-03
879.00000 -5.219775080070805e-03
880.00000 -3.279472956958698e-03
881.00000 -1.842203749370290e-03
882.00000 -5.767779874202073e-04
883.00000 7.063403393576513e-04
884.00000 1.574599762135072e-03
885.00000 2.257907500165694e-03
886.00000 2.833954160725027e-03
887.00000 -3.158357239162357e-03
888.00000 -4.017996099490162e-03
889.00000 -5.064428909587804e-03
890.00000 -5.939957651679872e-03
891.00000 -6.811048117446372e-03
892.00000 -7.840746698158263e-03
893.00000 -8.677695158553433e-03
894.00000 -9.487850424312771e-03
895.00000 -1.041415825923142e-02
896.00000 -1.113854748937460e-02
897.00000 -1.181070421565789e-02
898.00000 -1.253564871241863e-02
899.00000 -1.306059447643504e-02
900.00000 -1.350306704131876e-02
901.00000 -1.391110659655093e-02
902.00000 -1.413714102316854e-02
903.00000 -1.424952971974980e-02
904.00000 -1.422244442613563e-02
905.00000 -1.405649401407505e-02
906.00000 -1.375441159270108e-02
907.00000 -1.320784509188444e-02
908.00000 -1.259844706072655e-02
909.00000 -1.185183688374902e-02
910.00000 -1.078321105481694e-02
911.00000 -9.759798604946690e-03
912.00000 -8.629182082426912e-03
913.00000 -7.153488184923784e-03
914.00000 -5.846531552517076e-03
915.00000 -4.491477018760154e-03
916.00000 -2.832907707795027e-03
917.00000 -1.449905949676089e-03
918.00000 -8.940555734720385e-05
919.00000 1.484757977385558e-03
920.00000 2.726323649066439e-03
921.00000 3.887167094514980e-03
922.00000 5.155555961043612e-03
923.00000 6.097099120452046e-03
924.00000 6.926230286612156e-03
925.00000 7.766931702363485e-03
926.00000 8.336913604571963e-03
927.00000 8.788552009266599e-03
928.00000 9.177460666512080e-03
929.00000 9.378384623530592e-03
930.00000 9.472636585744348e-03
931.00000 9.453396146040030e-03
932.00000 9.335062923000978e-03
933.00000 9.131656838300164e-03
934.00000 8.786426180889430e-03
935.00000 8.424121005979852e-03
936.00000 8.002985643882188e-03
937.00000 7.431944914608132e-03
938.00000 6.911267584531691e-03
939.00000 6.358713207432206e-03
940.00000 5.664916749986124e-03
941.00000 5.070250046357242e-03
942.00000 4.468508285148717e-03
943.00000 3.747060743164210e-03
944.00000 3.154371207026401e-03
945.00000 2.576459549046302e-03
946.00000 1.911648336351621e-03
947.00000 1.389315913351196e-03
948.00000 9.032115703799543e-04
949.00000 3.784498704249213e-04
950.00000 1.736441402845936e-08
951.00000 -1.127986237647294e-02
952.00000 -2.357470469895029e-02
953.00000 -4.123574598473123e-02
954.00000 -1.835378108213057e-01
955.00000 -2.287595754691236e-01
956.00000 -2.583239670851071e-01
957.00000 -2.404017307077919e-01
958.00000 -1.691030496349967e-01
959.00000 -9.722292360611184e-02
960.00000 -4.115435004162349e-02
961.00000 1.717810798784791e-02
962.00000 5.855234529991682e-02
963.00000 9.768011123035314e-02
964.00000 1.177834532962432e-01
965.00000 1.303642467868111e-01
966.00000 1.274084633812583e-01
967.00000 1.073449454920424e-01
968.00000 7.614946715322302e-02
969.00000 3.355667451645505e-02
970.00000 -1.803877625737593e-02
971.00000 -7.309030954810936e-02
972.00000 -1.320492780240078e-01
973.00000 -1.891785736190907e-01
974.00000 -2.379293989606122e-01
975.00000 -2.807308806535622e-01
976.00000 -3.103568339338627e-01
977.00000 -3.289360793602681e-01
978.00000 -3.331803058171401e-01
979.00000 -3.241414100794195e-01
980.00000 -3.022405315821984e-01
981.00000 -2.701465708868328e-01
982.00000 -2.286382693638533e-01
983.00000 -1.818008634105214e-01
984.00000 -1.316164065218616e-01
985.00000 -8.277571594681044e-02
986.00000 -3.619559539441708e-02
987.00000 4.402331574327234e-03
988.00000 3.682532967738761e-02
989.00000 6.045686374840831e-02
990.00000 7.493670095177932e-02
991.00000 8.013722294162695e-02
992.00000 7.842958930447957e-02
993.00000 7.132175646541766e-02
994.00000 6.202083021732979e-02
995.00000 5.316767618965970e-02
996.00000 4.668208094988036e-02
997.00000 4.966036343493196e-01
998.00000 5.405779865622319e-01
999.00000 4.413305545475226e-01
1000.00000 2.795587418029073e-01
1001.00000 1.544807348999994e-01
1002.00000 8.199303747069986e-02
1003.00000 3.572177661737282e-02
1004.00000 1.428583849126670e-02
1005.00000 3.696885421632024e-03
1006.00000 5.013361844440568e-04
1007.00000 -8.699024378600300e-09
