  300.00 -12.00000  3.97805e+13  3.97814e+13  3.97815e+13 -3.36472e+11 -3.36471e+11  4.28812e+11
  300.00 -11.96994  9.46626e+13  9.46626e+13  9.46626e+13 -9.86104e+10 -9.86084e+10  1.01516e+11
  300.00 -11.93988  5.09455e+12  5.09456e+12  5.09457e+12 -1.31694e+10 -1.31694e+10  1.39647e+10
  300.00 -11.90982  1.57709e+14  1.57709e+14  1.57709e+14 -7.48501e+11 -7.48505e+11  7.38658e+11
  300.00 -11.87976  6.31084e+13  6.31083e+13  6.31083e+13 -2.26863e+11 -2.26865e+11  2.15752e+11
  300.00 -11.84970  7.27687e+12  7.27687e+12  7.27687e+12  2.60165e+09  2.60157e+09 -2.91117e+09
  300.00 -11.81964  1.24352e+11  1.24352e+11  1.24351e+11  2.77157e+08  2.77156e+08 -2.06000e+08
  300.00 -11.78958  1.06138e+14  1.06138e+14  1.06138e+14  2.36195e+11  2.36195e+11 -2.37309e+11
  300.00 -11.75952  2.17705e+14  2.17705e+14  2.17705e+14  5.19078e+11  5.19077e+11 -5.22198e+11
  300.00 -11.72946  1.46946e+14  1.46946e+14  1.46946e+14  5.12174e+11  5.12174e+11 -5.11139e+11
  300.00 -11.69940  6.93445e+12  6.93432e+12  6.93433e+12  7.83111e+10  7.83110e+10 -6.60453e+10
  300.00 -11.66934  1.12394e+14  1.12399e+14  1.12399e+14  2.30984e+12  2.30984e+12 -2.55322e+12
  300.00 -11.63928  3.50533e+14  3.50547e+14  3.50547e+14  8.03166e+12  8.03166e+12 -8.60626e+12
  300.00 -11.60922  4.80249e+14  4.80257e+14  4.80257e+14  9.80438e+12  9.80438e+12 -1.01732e+13
  300.00 -11.57916  3.02687e+14  3.02685e+14  3.02685e+14  3.87899e+12  3.87899e+12 -3.72841e+12
  300.00 -11.54910  1.73517e+13  1.73516e+13  1.73516e+13 -2.29759e+10 -2.29759e+10  1.55041e+10
  300.00 -11.51904  8.33071e+13  8.33075e+13  8.33075e+13 -8.71452e+11 -8.71451e+11  9.11020e+11
  300.00 -11.48898  3.16522e+14  3.16521e+14  3.16521e+14 -3.76260e+12 -3.76260e+12  3.62861e+12
  300.00 -11.45892  4.19045e+14  4.19043e+14  4.19043e+14 -4.63406e+12 -4.63406e+12  4.44211e+12
  300.00 -11.42886  3.07005e+14  3.07004e+14  3.07004e+14 -3.15972e+12 -3.15973e+12  3.02096e+12
  300.00 -11.39880  1.18484e+14  1.18484e+14  1.18484e+14 -8.06586e+11 -8.06587e+11  7.54120e+11
  300.00 -11.36874  4.93504e+11  4.93561e+11  4.93563e+11  1.59786e+09  1.59786e+09 -7.69408e+09
  300.00 -11.33868  1.39625e+14  1.39632e+14  1.39632e+14  3.10754e+12  3.10754e+12 -3.44288e+12
  300.00 -11.30862  3.25918e+14  3.25932e+14  3.25932e+14  7.79057e+12  7.79057e+12 -8.36015e+12
  300.00 -11.27856  4.08168e+14  4.08174e+14  4.08174e+14  8.49339e+12  8.49340e+12 -8.78343e+12
  300.00 -11.24850  2.16906e+14  2.16904e+14  2.16904e+14  2.63983e+12  2.63984e+12 -2.49289e+12
  300.00 -11.21844  2.95005e+12  2.95002e+12  2.95002e+12 -1.20007e+10 -1.20007e+10  4.58031e+09
  300.00 -11.18838  3.83983e+13  3.83985e+13  3.83985e+13 -4.64473e+11 -4.64473e+11  4.80683e+11
  300.00 -11.15832  3.19499e+13  3.19496e+13  3.19496e+13 -3.10446e+11 -3.10446e+11  2.78092e+11
  300.00 -11.12826  3.15970e+13  3.15969e+13  3.15969e+13 -1.46539e+11 -1.46539e+11  1.33392e+11
  300.00 -11.09820  9.59294e+12  9.59294e+12  9.59294e+12 -1.64385e+10 -1.64385e+10  1.80210e+10
  300.00 -11.06814  2.09853e+14  2.09853e+14  2.09853e+14 -8.39923e+10 -8.39924e+10  8.45731e+10
  300.00 -11.03808  1.22262e+14  1.22262e+14  1.22262e+14 -9.09593e+09 -9.09595e+09  9.12104e+09
  300.00 -11.00802  1.32971e+13  1.32971e+13  1.32971e+13 -2.30627e+08 -2.30628e+08  2.29869e+08
  300.00 -10.97796  3.22930e+14  3.22930e+14  3.22930e+14  2.16931e+09  2.16930e+09 -2.16807e+09
  300.00 -10.94790  5.16993e+14  5.16993e+14  5.16993e+14  5.70975e+10  5.70975e+10 -5.70381e+10
  300.00 -10.91784  3.85097e+14  3.85097e+14  3.85097e+14  3.86875e+11  3.86874e+11 -3.85239e+11
  300.00 -10.88778  1.51186e+14  1.51186e+14  1.51186e+14  1.19680e+12  1.19680e+12 -1.17222e+12
  300.00 -10.85772  5.08376e+12  5.08326e+12  5.08326e+12  1.49725e+11  1.49725e+11 -1.31437e+11
  300.00 -10.82766  7.70303e+12  7.70206e+12  7.70206e+12  2.15587e+11  2.15587e+11 -1.77067e+11
  300.00 -10.79760  5.82386e+12  5.82377e+12  5.82377e+12 -3.83692e+10 -3.83692e+10  2.08402e+10
  300.00 -10.76754  1.71624e+13  1.71531e+13  1.71531e+13 -7.82038e+11 -7.82038e+11  5.46601e+11
  300.00 -10.73747  1.46771e+14  1.46710e+14  1.46710e+14 -8.08188e+12 -8.08188e+12  6.92988e+12
  300.00 -10.70741  3.26629e+14  3.26555e+14  3.26555e+14 -1.62856e+13 -1.62856e+13  1.47503e+13
  300.00 -10.67735  2.59046e+14  2.59051e+14  2.59051e+14 -8.97518e+12 -8.97518e+12  9.10637e+12
  300.00 -10.64729  1.91135e+13  1.91146e+13  1.91146e+13 -1.14420e+11 -1.14420e+11  2.38120e+11
  300.00 -10.61723  1.14275e+14  1.14264e+14  1.14264e+14  2.71068e+12  2.71068e+12 -2.21395e+12
  300.00 -10.58717  3.50519e+14  3.50553e+14  3.50553e+14  1.40321e+13  1.40321e+13 -1.48807e+13
  300.00 -10.55711  3.43993e+14  3.44109e+14  3.44109e+14  1.58127e+13  1.58127e+13 -1.82162e+13
  300.00 -10.52705  2.19344e+14  2.19446e+14  2.19446e+14  1.04732e+13  1.04732e+13 -1.24715e+13
  300.00 -10.49699  1.14083e+14  1.14142e+14  1.14142e+14  5.49818e+12  5.49818e+12 -6.64825e+12
  300.00 -10.46693  5.26027e+13  5.26317e+13  5.26317e+13  2.54402e+12  2.54402e+12 -3.09950e+12
  300.00 -10.43687  2.08405e+13  2.08525e+13  2.08525e+13  1.03210e+12  1.03210e+12 -1.25495e+12
  300.00 -10.40681  3.54941e+12  3.55101e+12  3.55101e+12  2.14443e+11  2.14443e+11 -2.40183e+11
  300.00 -10.37675  2.61438e+12  2.62604e+12  2.62604e+12  1.72554e+11  1.72554e+11 -3.05547e+11
  300.00 -10.34669  2.09320e+13  2.10251e+13  2.10251e+13  1.68783e+12  1.68783e+12 -2.63477e+12
  300.00 -10.31663  5.59634e+13  5.62100e+13  5.62100e+13  4.62456e+12  4.62457e+12 -7.09791e+12
  300.00 -10.28657  1.27282e+14  1.27824e+14  1.27824e+14  1.05878e+13  1.05878e+13 -1.60307e+13
  300.00 -10.25651  2.63226e+14  2.64272e+14  2.64272e+14  2.19728e+13  2.19728e+13 -3.25697e+13
  300.00 -10.22645  4.72949e+14  4.74544e+14  4.74544e+14  3.92993e+13  3.92993e+13 -5.59210e+13
  300.00 -10.19639  6.50694e+14  6.52077e+14  6.52077e+14  5.21787e+13  5.21787e+13 -6.78384e+13
  300.00 -10.16633  5.00520e+14  5.00625e+14  5.00625e+14  3.48863e+13  3.48863e+13 -3.64158e+13
  300.00 -10.13627  6.72117e+13  6.71592e+13  6.71591e+13  2.92817e+12  2.92817e+12 -1.17835e+12
  300.00 -10.10621  1.06916e+14  1.06973e+14  1.06974e+14 -1.99762e+12 -1.99762e+12  4.01572e+12
  300.00 -10.07615  3.82832e+14  3.82704e+14  3.82704e+14 -2.96602e+13 -2.96602e+13  2.80324e+13
  300.00 -10.04609  1.44862e+14  1.44619e+14  1.44619e+14 -1.03611e+13 -1.03611e+13  6.25979e+12
  300.00 -10.01603  1.02130e+12  1.02134e+12  1.02134e+12 -1.57915e+09 -1.57915e+09 -9.12148e+09
  300.00 -9.98597  3.11433e+11  3.11451e+11  3.11452e+11  7.62291e+08  7.62291e+08  3.51762e+09
  300.00 -9.95591  8.69230e+13  8.69307e+13  8.69307e+13 -2.92646e+12 -2.92646e+12  3.14443e+12
  300.00 -9.92585  1.21400e+14  1.21358e+14  1.21358e+14 -6.27388e+12 -6.27388e+12  5.43043e+12
  300.00 -9.89579  7.68302e+10  7.73199e+10  7.73208e+10  5.75828e+09  5.75829e+09  1.04508e+10
  300.00 -9.86573  1.80868e+14  1.80869e+14  1.80869e+14 -1.42502e+12 -1.42502e+12  1.50310e+12
  300.00 -9.83567  2.02719e+14  2.02719e+14  2.02719e+14 -4.09705e+11 -4.09703e+11  4.15648e+11
  300.00 -9.80561  8.84353e+12  8.84353e+12  8.84353e+12 -7.58238e+09 -7.58236e+09  7.90239e+09
  300.00 -9.77555  1.30058e+14  1.30058e+14  1.30058e+14 -3.35710e+10 -3.35719e+10  3.31047e+10
  300.00 -9.74549  2.96007e+14  2.96007e+14  2.96007e+14  3.95974e+11  3.95971e+11 -3.87555e+11
  300.00 -9.71543  1.61252e+14  1.61250e+14  1.61250e+14  2.10113e+12  2.10112e+12 -1.89749e+12
  300.00 -9.68537  2.47124e+12  2.49272e+12  2.49272e+12 -2.25373e+10 -2.25373e+10 -3.29428e+11
  300.00 -9.65531  2.17705e+14  2.18361e+14  2.18361e+14  1.70472e+13  1.70472e+13 -2.42758e+13
  300.00 -9.62525  3.20968e+14  3.21195e+14  3.21195e+14  2.50608e+13  2.50608e+13 -2.79190e+13
  300.00 -9.59519  1.31711e+14  1.31630e+14  1.31630e+14  6.22404e+12  6.22404e+12 -4.14620e+12
  300.00 -9.56513  2.80749e+09  2.82911e+09  2.82912e+09  2.72600e+09  2.72600e+09  2.74056e+09
  300.00 -9.53507  3.25531e+13  3.25522e+13  3.25522e+13 -1.56605e+12 -1.56605e+12  1.54833e+12
  300.00 -9.50501  6.66754e+13  6.66569e+13  6.66569e+13 -2.38779e+12 -2.38779e+12  1.80807e+12
  300.00 -9.47495  1.89958e+14  1.89950e+14  1.89950e+14 -3.59328e+12 -3.59328e+12  3.12817e+12
  300.00 -9.44489  2.47854e+14  2.47850e+14  2.47850e+14 -3.32417e+12 -3.32416e+12  3.05244e+12
  300.00 -9.41483  1.53310e+14  1.53308e+14  1.53308e+14 -1.69897e+12 -1.69897e+12  1.57948e+12
  300.00 -9.38477  2.01582e+13  2.01581e+13  2.01581e+13 -1.35097e+11 -1.35097e+11  1.20403e+11
  300.00 -9.35471  8.56068e+12  8.56068e+12  8.56068e+12 -7.12213e+09 -7.12213e+09  7.72220e+09
  300.00 -9.32465  1.46500e+13  1.46500e+13  1.46500e+13  1.70207e+10  1.70207e+10 -1.79176e+10
  300.00 -9.29459  8.31422e+12  8.31424e+12  8.31424e+12  3.03826e+10  3.03826e+10 -3.45408e+10
  300.00 -9.26453  7.00765e+13  7.00774e+13  7.00774e+13  7.73384e+11  7.73383e+11 -8.53056e+11
  300.00 -9.23447  3.08075e+14  3.08082e+14  3.08082e+14  5.39475e+12  5.39475e+12 -5.76747e+12
  300.00 -9.20441  4.31539e+14  4.31544e+14  4.31544e+14  7.50356e+12  7.50355e+12 -7.80407e+12
  300.00 -9.17435  1.94399e+14  1.94397e+14  1.94398e+14  2.40854e+12  2.40853e+12 -2.31268e+12
  300.00 -9.14429  6.09599e+12  6.09599e+12  6.09599e+12  2.32660e+07  2.32701e+07 -4.65267e+07
  300.00 -9.11423  2.96262e+14  2.96264e+14  2.96264e+14 -3.92335e+12 -3.92335e+12  4.04728e+12
  300.00 -9.08417  4.72404e+14  4.72396e+14  4.72396e+14 -1.02409e+13 -1.02409e+13  9.85484e+12
  300.00 -9.05411  3.63623e+14  3.63609e+14  3.63609e+14 -9.12338e+12 -9.12338e+12  8.54836e+12
  300.00 -9.02405  1.95367e+14  1.95357e+14  1.95357e+14 -5.00402e+12 -5.00402e+12  4.61468e+12
  300.00 -8.99399  5.62009e+13  5.61984e+13  5.61984e+13 -1.10560e+12 -1.10560e+12  9.71115e+11
  300.00 -8.96393  4.68010e+12  4.68022e+12  4.68022e+12  2.66859e+10  2.66859e+10 -4.30626e+10
  300.00 -8.93387  1.14027e+14  1.14036e+14  1.14036e+14  2.71413e+12  2.71413e+12 -3.05332e+12
  300.00 -8.90381  2.80100e+14  2.80120e+14  2.80120e+14  7.41374e+12  7.41374e+12 -8.14599e+12
  300.00 -8.87375  4.74344e+14  4.74370e+14  4.74370e+14  1.22633e+13  1.22633e+13 -1.32504e+13
  300.00 -8.84369  5.43617e+14  5.43629e+14  5.43629e+14  1.24569e+13  1.24569e+13 -1.29759e+13
  300.00 -8.81363  2.59656e+14  2.59653e+14  2.59653e+14  3.80407e+12  3.80407e+12 -3.55409e+12
  300.00 -8.78357  2.70705e+11  2.70696e+11  2.70698e+11 -2.43360e+09 -2.43361e+09 -9.29876e+08
  300.00 -8.75351  1.53632e+14  1.53634e+14  1.53634e+14 -2.66135e+12 -2.66135e+12  2.78470e+12
  300.00 -8.72345  1.91210e+14  1.91204e+14  1.91204e+14 -3.86831e+12 -3.86831e+12  3.56945e+12
  300.00 -8.69339  5.73830e+13  5.73820e+13  5.73820e+13 -6.65940e+11 -6.65940e+11  5.76587e+11
  300.00 -8.66333  8.16959e+13  8.16958e+13  8.16958e+13 -4.04205e+11 -4.04205e+11  3.77486e+11
  300.00 -8.63327  1.86812e+14  1.86812e+14  1.86812e+14 -5.62544e+11 -5.62544e+11  5.47496e+11
  300.00 -8.60321  1.96300e+14  1.96300e+14  1.96300e+14 -4.86748e+11 -4.86748e+11  4.78221e+11
  300.00 -8.57315  1.29629e+14  1.29629e+14  1.29629e+14 -2.82100e+11 -2.82100e+11  2.77652e+11
  300.00 -8.54309  6.26487e+13  6.26487e+13  6.26487e+13 -3.95756e+10 -3.95757e+10  3.86248e+10
  300.00 -8.51303  1.21322e+13  1.21320e+13  1.21320e+13  1.48256e+11  1.48256e+11 -1.30328e+11
  300.00 -8.48297  8.00419e+12  8.01127e+12  8.01127e+12  2.98911e+11  2.98911e+11 -4.52876e+11
  300.00 -8.45291  6.24346e+13  6.24932e+13  6.24932e+13  3.46266e+12  3.46266e+12 -4.41975e+12
  300.00 -8.42285  1.43931e+14  1.44053e+14  1.44053e+14  8.26040e+12  8.26039e+12 -1.02115e+13
  300.00 -8.39279  2.51170e+14  2.51323e+14  2.51323e+14  1.39619e+13  1.39618e+13 -1.65618e+13
  300.00 -8.36273  3.16137e+14  3.16203e+14  3.16203e+14  1.53242e+13  1.53242e+13 -1.66648e+13
  300.00 -8.33267  2.02551e+14  2.02536e+14  2.02536e+14  5.92464e+12  5.92463e+12 -5.37924e+12
  300.00 -8.30261  2.13674e+13  2.13673e+13  2.13673e+13 -6.24168e+10 -6.24165e+10  3.70744e+10
  300.00 -8.27255  7.55229e+11  7.55200e+11  7.55200e+11 -1.26662e+10 -1.26662e+10  1.08772e+10
  300.00 -8.24248  3.74684e+13  3.74685e+13  3.74684e+13 -2.31407e+10 -2.31401e+10  2.81689e+10
  300.00 -8.21242  4.77754e+13  4.77753e+13  4.77753e+13  2.03899e+11  2.03899e+11 -1.85845e+11
  300.00 -8.18236  3.59303e+13  3.59308e+13  3.59308e+13 -2.60227e+11 -2.60227e+11  3.21572e+11
  300.00 -8.15230  3.31240e+14  3.31239e+14  3.31239e+14 -6.47903e+12 -6.47903e+12  6.39581e+12
  300.00 -8.12224  4.33527e+14  4.33509e+14  4.33509e+14 -1.10906e+13 -1.10906e+13  1.04016e+13
  300.00 -8.09218  2.64375e+14  2.64359e+14  2.64359e+14 -6.94691e+12 -6.94691e+12  6.33154e+12
  300.00 -8.06212  3.20988e+13  3.20974e+13  3.20974e+13 -5.00663e+11 -5.00663e+11  3.97863e+11
  300.00 -8.03206  6.78930e+13  6.78935e+13  6.78935e+13  4.93541e+11  4.93541e+11 -5.56788e+11
  300.00 -8.00200  2.42518e+14  2.42520e+14  2.42520e+14  3.21135e+12  3.21136e+12 -3.37064e+12
  300.00 -7.97194  2.57337e+14  2.57338e+14  2.57338e+14  2.91996e+12  2.91996e+12 -2.97198e+12
  300.00 -7.94188  6.33103e+13  6.33102e+13  6.33102e+13  3.35847e+11  3.35847e+11 -3.19831e+11
  300.00 -7.91182  2.12228e+13  2.12228e+13  2.12228e+13 -3.46278e+10 -3.46279e+10  3.39207e+10
  300.00 -7.88176  5.45274e+13  5.45265e+13  5.45265e+13  4.67157e+11  4.67156e+11 -3.47557e+11
  300.00 -7.85170  2.23768e+13  2.24165e+13  2.24165e+13  6.94119e+11  6.94119e+11 -1.51464e+12
  300.00 -7.82164  1.75236e+14  1.75243e+14  1.75243e+14  9.89771e+12  9.89771e+12 -1.00271e+13
  300.00 -7.79158  1.25258e+14  1.25238e+14  1.25238e+14  3.20401e+12  3.20401e+12 -2.27839e+12
  300.00 -7.76152  2.34749e+13  2.34730e+13  2.34730e+13 -3.51277e+11 -3.51277e+11  1.80760e+11
  300.00 -7.73146  7.11792e+12  7.11853e+12  7.11853e+12 -1.31762e+11 -1.31762e+11  1.61328e+11
  300.00 -7.70140  1.38447e+14  1.38445e+14  1.38445e+14 -3.08970e+12 -3.08970e+12  3.01382e+12
  300.00 -7.67134  3.68037e+14  3.68014e+14  3.68014e+14 -1.12892e+13 -1.12892e+13  1.05249e+13
  300.00 -7.64128  3.53185e+14  3.53138e+14  3.53138e+14 -1.26986e+13 -1.26986e+13  1.13336e+13
  300.00 -7.61122  9.55449e+13  9.55310e+13  9.55310e+13 -2.76168e+12 -2.76168e+12  2.23654e+12
  300.00 -7.58116  2.86716e+13  2.86716e+13  2.86716e+13 -8.97301e+09 -8.97304e+09  1.17748e+10
  300.00 -7.55110  1.72847e+14  1.72848e+14  1.72848e+14  1.78502e+12  1.78502e+12 -1.91561e+12
  300.00 -7.52104  1.53012e+14  1.53013e+14  1.53013e+14  1.64303e+12  1.64303e+12 -1.72387e+12
  300.00 -7.49098  8.95188e+13  8.95195e+13  8.95195e+13  9.63379e+11  9.63379e+11 -1.03251e+12
  300.00 -7.46092  1.00864e+14  1.00865e+14  1.00865e+14  1.59954e+12  1.59954e+12 -1.67968e+12
  300.00 -7.43086  1.70495e+13  1.70486e+13  1.70486e+13  2.33502e+11  2.33502e+11 -1.57273e+11
  300.00 -7.40080  1.08195e+14  1.08197e+14  1.08197e+14 -9.24489e+11 -9.24489e+11  1.15587e+12
  300.00 -7.37074  3.97200e+14  3.97199e+14  3.97199e+14 -1.31240e+13 -1.31240e+13  1.30828e+13
  300.00 -7.34068  4.16862e+14  4.16775e+14  4.16775e+14 -2.04220e+13 -2.04220e+13  1.86052e+13
  300.00 -7.31062  2.73083e+14  2.72980e+14  2.72980e+14 -1.52637e+13 -1.52637e+13  1.33549e+13
  300.00 -7.28056  1.40270e+14  1.40205e+14  1.40205e+14 -8.18605e+12 -8.18604e+12  7.02245e+12
  300.00 -7.25050  5.17751e+13  5.17491e+13  5.17491e+13 -3.01947e+12 -3.01947e+12  2.55126e+12
  300.00 -7.22044  1.15704e+12  1.15616e+12  1.15616e+12 -6.43020e+10 -6.43020e+10  4.63230e+10
  300.00 -7.19038  3.10438e+13  3.10388e+13  3.10388e+13 -1.28718e+12 -1.28718e+12  1.16315e+12
  300.00 -7.16032  1.06212e+14  1.06196e+14  1.06196e+14 -4.16957e+12 -4.16957e+12  3.74572e+12
  300.00 -7.13026  2.17927e+14  2.17899e+14  2.17899e+14 -8.24207e+12 -8.24208e+12  7.47902e+12
  300.00 -7.10020  3.52660e+14  3.52631e+14  3.52631e+14 -1.21059e+13 -1.21059e+13  1.12486e+13
  300.00 -7.07014  3.81777e+14  3.81772e+14  3.81772e+14 -9.76615e+12 -9.76616e+12  9.57673e+12
  300.00 -7.04008  1.51856e+14  1.51858e+14  1.51858e+14 -1.47315e+12 -1.47316e+12  1.64470e+12
  300.00 -7.01002  4.71867e+12  4.71855e+12  4.71855e+12  3.92057e+10  3.92057e+10 -1.96038e+10
  300.00 -6.97996  1.11437e+14  1.11437e+14  1.11437e+14  1.61313e+12  1.61314e+12 -1.62268e+12
  300.00 -6.94990  2.23911e+12  2.23920e+12  2.23920e+12  2.04742e+10  2.04742e+10 -2.87339e+10
  300.00 -6.91984  1.08122e+14  1.08122e+14  1.08122e+14  5.77400e+11  5.77400e+11 -6.01796e+11
  300.00 -6.88978  6.09959e+13  6.09971e+13  6.09971e+13  5.89306e+11  5.89306e+11 -6.96687e+11
  300.00 -6.85972  2.02699e+12  2.02732e+12  2.02732e+12  3.46769e+10  3.46768e+10 -5.07390e+10
  300.00 -6.82966  6.72261e+11  6.72680e+11  6.72680e+11 -2.27082e+09 -2.27082e+09 -2.38956e+10
  300.00 -6.79960  2.02788e+12  2.02791e+12  2.02791e+12 -4.79520e+09 -4.79520e+09  1.31008e+10
  300.00 -6.76954  3.71692e+12  3.71691e+12  3.71692e+12  5.86872e+07  5.86949e+07 -7.90590e+07
  300.00 -6.73948  3.66802e+11  3.66807e+11  3.66807e+11 -2.36708e+07 -2.36706e+07 -1.89880e+09
  300.00 -6.70942  9.87478e+13  9.87515e+13  9.87515e+13 -1.51258e+12 -1.51258e+12  1.73776e+12
  300.00 -6.67936  1.33103e+14  1.33094e+14  1.33094e+14 -3.79603e+12 -3.79603e+12  3.47042e+12
  300.00 -6.64930  1.38154e+11  1.38087e+11  1.38087e+11 -4.61550e+09 -4.61549e+09 -1.70586e+09
  300.00 -6.61924  1.46643e+13  1.46643e+13  1.46643e+13  1.62785e+10  1.62786e+10 -1.74635e+10
  300.00 -6.58918  2.64777e+13  2.64777e+13  2.64777e+13 -1.10351e+11 -1.10351e+11  1.17921e+11
  300.00 -6.55912  1.73062e+14  1.73061e+14  1.73061e+14 -1.74442e+12 -1.74442e+12  1.67122e+12
  300.00 -6.52906  1.21131e+14  1.21131e+14  1.21131e+14  1.97231e+11  1.97228e+11 -1.62400e+11
  300.00 -6.49900  4.16505e+12  4.19446e+12  4.19446e+12 -3.00736e+09 -3.00731e+09 -4.99503e+11
  300.00 -6.46894  1.55250e+14  1.55598e+14  1.55598e+14  1.20861e+13  1.20861e+13 -1.60920e+13
  300.00 -6.43888  1.20626e+14  1.20534e+14  1.20534e+14  8.41077e+12  8.41077e+12 -6.91421e+12
  300.00 -6.40882  1.54757e+12  1.54756e+12  1.54756e+12  6.46376e+09  6.46384e+09  2.65510e+09
  300.00 -6.37876  5.60853e+13  5.61406e+13  5.61405e+13 -2.84374e+12 -2.84373e+12  3.75727e+12
  300.00 -6.34870  3.20563e+13  3.20005e+13  3.20005e+13 -2.58751e+12 -2.58751e+12  1.80506e+12
  300.00 -6.31864  2.05368e+11  2.06379e+11  2.06378e+11  1.05848e+10  1.05848e+10  2.30141e+10
  300.00 -6.28858  1.05380e+13  1.05378e+13  1.05378e+13 -9.34908e+10 -9.34907e+10  5.71496e+10
  300.00 -6.25852  9.77659e+13  9.77657e+13  9.77657e+13  4.86225e+11  4.86225e+11 -4.54709e+11
  300.00 -6.22846  1.17515e+14  1.17515e+14  1.17515e+14  1.02923e+12  1.02923e+12 -1.04375e+12
  300.00 -6.19840  1.94018e+13  1.94018e+13  1.94018e+13 -2.78058e+10 -2.78058e+10  3.25524e+10
  300.00 -6.16834  3.96950e+13  3.96918e+13  3.96918e+13 -1.03771e+12 -1.03771e+12  9.08846e+11
  300.00 -6.13828  1.25919e+14  1.25917e+14  1.25917e+14 -3.21367e+12 -3.21367e+12  3.15703e+12
  300.00 -6.10822  9.26839e+13  9.26848e+13  9.26848e+13 -8.36766e+11 -8.36765e+11  9.29837e+11
  300.00 -6.07816  1.59381e+13  1.59386e+13  1.59386e+13  1.39232e+11  1.39232e+11 -1.88171e+11
  300.00 -6.04810  3.26240e+11  3.26269e+11  3.26269e+11  4.91152e+09  4.91152e+09 -6.57187e+09
  300.00 -6.01804  2.01187e+13  2.01190e+13  2.01190e+13  1.25207e+11  1.25207e+11 -1.62463e+11
  300.00 -5.98798  9.29568e+13  9.29573e+13  9.29573e+13 -7.78507e+11 -7.78507e+11  8.35782e+11
  300.00 -5.95792  1.44567e+14  1.44566e+14  1.44566e+14 -2.64612e+12 -2.64612e+12  2.60304e+12
  300.00 -5.92786  1.12388e+14  1.12385e+14  1.12385e+14 -2.47462e+12 -2.47462e+12  2.34500e+12
  300.00 -5.89780  4.13606e+13  4.13592e+13  4.13592e+13 -7.99787e+11 -7.99787e+11  7.25586e+11
  300.00 -5.86774  1.76616e+12  1.76616e+12  1.76616e+12  8.58199e+08  8.58196e+08 -1.42120e+09
  300.00 -5.83768  7.80799e+13  7.80817e+13  7.80817e+13  1.25228e+12  1.25228e+12 -1.36044e+12
  300.00 -5.80762  1.83125e+14  1.83129e+14  1.83129e+14  3.38275e+12  3.38275e+12 -3.58970e+12
  300.00 -5.77756  2.57316e+14  2.57319e+14  2.57319e+14  4.43575e+12  4.43575e+12 -4.61003e+12
  300.00 -5.74749  1.82703e+14  1.82703e+14  1.82703e+14  2.32809e+12  2.32809e+12 -2.29316e+12
  300.00 -5.71743  1.04317e+13  1.04317e+13  1.04317e+13  2.08165e+10  2.08165e+10 -1.41045e+10
  300.00 -5.68737  6.79845e+13  6.79858e+13  6.79858e+13 -8.69157e+11 -8.69157e+11  9.66031e+11
  300.00 -5.65731  8.59971e+13  8.59968e+13  8.59968e+13 -2.19048e+12 -2.19048e+12  2.18182e+12
  300.00 -5.62725  8.37984e+12  8.37974e+12  8.37974e+12 -2.50735e+11 -2.50735e+11  2.47238e+11
  300.00 -5.59719  1.38368e+14  1.38370e+14  1.38370e+14 -2.96401e+12 -2.96401e+12  3.04802e+12
  300.00 -5.56713  6.34979e+13  6.34984e+13  6.34984e+13 -4.00776e+11 -4.00776e+11  4.72297e+11
  300.00 -5.53707  7.04891e+12  7.04873e+12  7.04873e+12  6.36181e+10  6.36181e+10 -3.89687e+10
  300.00 -5.50701  4.88296e+13  4.88284e+13  4.88284e+13  8.89969e+11  8.89969e+11 -8.21945e+11
  300.00 -5.47695  3.24761e+13  3.24793e+13  3.24793e+13  7.08282e+11  7.08282e+11 -8.43156e+11
  300.00 -5.44689  3.84886e+14  3.84905e+14  3.84905e+14  9.32674e+12  9.32674e+12 -1.00871e+13
  300.00 -5.41683  2.78913e+14  2.78914e+14  2.78914e+14  6.06317e+12  6.06317e+12 -6.11884e+12
  300.00 -5.38677  3.24427e+10  3.25019e+10  3.25019e+10 -2.16394e+09 -2.16394e+09 -2.90957e+09
  300.00 -5.35671  3.09878e+14  3.09887e+14  3.09887e+14 -3.71722e+12 -3.71722e+12  4.37179e+12
  300.00 -5.32665  6.08400e+14  6.08385e+14  6.08385e+14 -2.48429e+13 -2.48429e+13  2.44786e+13
  300.00 -5.29659  4.73467e+14  4.73298e+14  4.73298e+14 -2.77271e+13 -2.77270e+13  2.47642e+13
  300.00 -5.26653  1.25640e+14  1.25568e+14  1.25568e+14 -7.13250e+12 -7.13250e+12  5.77294e+12
  300.00 -5.23647  2.35775e+13  2.35803e+13  2.35803e+13 -5.09149e+11 -5.09148e+11  6.22384e+11
  300.00 -5.20641  1.74568e+14  1.74568e+14  1.74568e+14 -1.74049e+12 -1.74049e+12  1.75710e+12
  300.00 -5.17635  1.31933e+14  1.31933e+14  1.31933e+14 -7.00669e+11 -7.00668e+11  7.11945e+11
  300.00 -5.14629  1.45884e+12  1.45884e+12  1.45884e+12 -1.06831e+09 -1.06832e+09  1.45435e+09
  300.00 -5.11623  1.08715e+14  1.08715e+14  1.08715e+14  2.98186e+11  2.98185e+11 -2.93766e+11
  300.00 -5.08617  2.30674e+14  2.30674e+14  2.30674e+14  1.02965e+12  1.02965e+12 -1.03674e+12
  300.00 -5.05611  1.93194e+14  1.93194e+14  1.93194e+14  1.01153e+12  1.01153e+12 -1.02392e+12
  300.00 -5.02605  9.92675e+13  9.92675e+13  9.92675e+13  6.83510e+11  6.83510e+11 -6.87390e+11
  300.00 -4.99599  1.28060e+13  1.28056e+13  1.28056e+13  2.32150e+11  2.32150e+11 -2.09058e+11
  300.00 -4.96593  2.40853e+13  2.40935e+13  2.40935e+13  8.19453e+11  8.19453e+11 -1.03636e+12
  300.00 -4.93587  1.10726e+14  1.10762e+14  1.10762e+14  4.58887e+12  4.58887e+12 -5.38909e+12
  300.00 -4.90581  1.90701e+14  1.90745e+14  1.90745e+14  7.78439e+12  7.78439e+12 -8.82882e+12
  300.00 -4.87575  1.88292e+14  1.88304e+14  1.88304e+14  6.65933e+12  6.65933e+12 -7.00373e+12
  300.00 -4.84569  4.68632e+13  4.68597e+13  4.68597e+13  9.67935e+11  9.67936e+11 -7.77253e+11
  300.00 -4.81563  2.60227e+13  2.60236e+13  2.60235e+13 -1.95498e+11 -1.95498e+11  2.89545e+11
  300.00 -4.78557  1.65477e+14  1.65476e+14  1.65476e+14 -5.55343e+12 -5.55343e+12  5.53708e+12
  300.00 -4.75551  1.60020e+14  1.59984e+14  1.59984e+14 -7.27629e+12 -7.27629e+12  6.45024e+12
  300.00 -4.72545  2.64430e+13  2.64367e+13  2.64367e+13 -7.75857e+11 -7.75858e+11  5.22549e+11
  300.00 -4.69539  4.49390e+13  4.49453e+13  4.49453e+13  8.51559e+11  8.51559e+11 -1.14000e+12
  300.00 -4.66533  1.62396e+14  1.62414e+14  1.62414e+14  5.30756e+12  5.30756e+12 -5.85460e+12
  300.00 -4.63527  1.34478e+14  1.34476e+14  1.34476e+14  3.27308e+12  3.27308e+12 -3.18952e+12
  300.00 -4.60521  9.71546e+12  9.71540e+12  9.71540e+12  4.34535e+10  4.34536e+10 -2.61644e+10
  300.00 -4.57515  6.31869e+13  6.31881e+13  6.31881e+13 -8.89074e+11 -8.89074e+11  9.70909e+11
  300.00 -4.54509  1.81321e+14  1.81317e+14  1.81317e+14 -4.37065e+12 -4.37065e+12  4.17819e+12
  300.00 -4.51503  1.51813e+14  1.51805e+14  1.51805e+14 -3.75834e+12 -3.75835e+12  3.41574e+12
  300.00 -4.48497  3.91014e+13  3.91014e+13  3.91014e+13 -6.56711e+10 -6.56713e+10  5.19982e+10
  300.00 -4.45491  5.04815e+12  5.05433e+12  5.05433e+12  1.63117e+11  1.63117e+11 -3.00460e+11
  300.00 -4.42485  3.14835e+13  3.14847e+13  3.14847e+13  1.42739e+12  1.42740e+12 -1.45552e+12
  300.00 -4.39479  2.08336e+13  2.08328e+13  2.08328e+13  3.23938e+11  3.23938e+11 -2.61611e+11
  300.00 -4.36473  9.60248e+12  9.60243e+12  9.60243e+12 -6.76430e+10 -6.76431e+10  5.91701e+10
  300.00 -4.33467  4.29820e+12  4.29820e+12  4.29820e+12 -1.43684e+10 -1.43685e+10  1.39990e+10
  300.00 -4.30461  3.22786e+12  3.22790e+12  3.22790e+12 -2.07705e+10 -2.07706e+10  2.54580e+10
  300.00 -4.27455  4.04529e+13  4.04527e+13  4.04527e+13 -7.28310e+11 -7.28310e+11  7.18696e+11
  300.00 -4.24449  3.72437e+13  3.72416e+13  3.72416e+13 -8.24955e+11 -8.24954e+11  7.25110e+11
  300.00 -4.21443  1.97042e+11  1.97042e+11  1.97042e+11 -1.37256e+08 -1.37257e+08 -4.80589e+08
  300.00 -4.18437  7.95028e+13  7.95391e+13  7.95390e+13  2.78714e+12  2.78714e+12 -3.69456e+12
  300.00 -4.15431  2.27105e+14  2.27218e+14  2.27218e+14  1.12477e+13  1.12477e+13 -1.33915e+13
  300.00 -4.12425  2.76275e+14  2.76314e+14  2.76314e+14  1.23988e+13  1.23988e+13 -1.32753e+13
  300.00 -4.09419  1.12880e+14  1.12868e+14  1.12868e+14  3.04194e+12  3.04194e+12 -2.54290e+12
  300.00 -4.06413  1.62818e+12  1.62834e+12  1.62834e+12  1.50969e+09  1.50969e+09  2.28223e+10
  300.00 -4.03407  7.19894e+13  7.19923e+13  7.19923e+13 -2.17968e+12 -2.17968e+12  2.27309e+12
  300.00 -4.00401  2.32465e+13  2.32406e+13  2.32406e+13 -7.03500e+11 -7.03500e+11  4.74324e+11
  300.00 -3.97395  2.46746e+11  2.46747e+11  2.46747e+11 -3.70896e+08 -3.70899e+08 -1.56202e+08
  300.00 -3.94389  1.43523e+13  1.43594e+13  1.43594e+13  2.68490e+11  2.68490e+11 -5.26120e+11
  300.00 -3.91383  5.95106e+13  5.95104e+13  5.95104e+13  2.36685e+12  2.36685e+12 -2.36112e+12
  300.00 -3.88377  6.35781e+11  6.35343e+11  6.35343e+11  2.59871e+10  2.59870e+10  1.05642e+10
  300.00 -3.85371  1.10184e+14  1.10210e+14  1.10210e+14 -3.07608e+12 -3.07608e+12  3.87773e+12
  300.00 -3.82365  2.36242e+14  2.36168e+14  2.36168e+14 -1.51100e+13 -1.51100e+13  1.39540e+13
  300.00 -3.79359  1.11784e+14  1.11664e+14  1.11664e+14 -7.99591e+12 -7.99591e+12  6.17604e+12
  300.00 -3.76353  7.80271e+12  7.80620e+12  7.80619e+12 -1.16641e+11 -1.16641e+11  2.59725e+11
  300.00 -3.73347  1.35079e+14  1.35079e+14  1.35079e+14  3.45774e+11  3.45774e+11 -3.77563e+11
  300.00 -3.70341  1.02590e+14  1.02590e+14  1.02590e+14  6.25179e+11  6.25179e+11 -6.55581e+11
  300.00 -3.67335  4.51627e+12  4.51630e+12  4.51630e+12  2.53272e+10  2.53272e+10 -3.13524e+10
  300.00 -3.64329  1.04317e+12  1.04296e+12  1.04296e+12  2.25289e+10  2.25288e+10 -6.32168e+09
  300.00 -3.61323  3.71242e+13  3.71309e+13  3.71309e+13  1.04571e+12  1.04571e+12 -1.26657e+12
  300.00 -3.58317  8.53146e+13  8.53073e+13  8.53073e+13  2.41830e+12  2.41830e+12 -2.13950e+12
  300.00 -3.55311  2.61666e+13  2.61665e+13  2.61665e+13  8.87328e+10  8.87327e+10 -5.40051e+10
  300.00 -3.52305  4.32368e+12  4.32432e+12  4.32431e+12 -4.10538e+10 -4.10538e+10  8.49443e+10
  300.00 -3.49299  1.03874e+14  1.03873e+14  1.03873e+14 -2.39995e+12 -2.39995e+12  2.35649e+12
  300.00 -3.46293  2.06843e+14  2.06831e+14  2.06831e+14 -5.09183e+12 -5.09183e+12  4.60707e+12
  300.00 -3.43287  6.77202e+13  6.77178e+13  6.77178e+13 -9.95225e+11 -9.95224e+11  8.13030e+11
  300.00 -3.40281  4.28664e+12  4.28669e+12  4.28669e+12  1.50267e+10  1.50267e+10 -2.54972e+10
  300.00 -3.37275  6.51923e+12  6.51926e+12  6.51926e+12  6.32661e+10  6.32661e+10 -6.62352e+10
  300.00 -3.34269  9.90211e+12  9.90213e+12  9.90213e+12  2.72211e+10  2.72211e+10 -3.19938e+10
  300.00 -3.31263  4.98919e+13  4.98919e+13  4.98919e+13 -2.45917e+11 -2.45917e+11  2.40249e+11
  300.00 -3.28257  8.51358e+12  8.51331e+12  8.51331e+12  8.47514e+10  8.47514e+10 -5.07844e+10
  300.00 -3.25251  4.61026e+13  4.61226e+13  4.61226e+13  1.45849e+12  1.45849e+12 -2.00084e+12
  300.00 -3.22244  1.51961e+14  1.52006e+14  1.52006e+14  6.45442e+12  6.45442e+12 -7.45558e+12
  300.00 -3.19238  2.39468e+14  2.39468e+14  2.39468e+14  9.62618e+12  9.62618e+12 -9.63620e+12
  300.00 -3.16232  1.89832e+14  1.89828e+14  1.89828e+14  2.47759e+12  2.47759e+12 -2.11479e+12
  300.00 -3.13226  1.92847e+13  1.92846e+13  1.92846e+13 -1.05324e+11 -1.05324e+11  9.50102e+10
  300.00 -3.10220  6.39544e+13  6.39543e+13  6.39543e+13  2.82664e+11  2.82664e+11 -2.54304e+11
  300.00 -3.07214  2.20443e+14  2.20445e+14  2.20445e+14  1.68483e+12  1.68483e+12 -1.93505e+12
  300.00 -3.04208  2.38217e+14  2.38297e+14  2.38297e+14 -9.34586e+12 -9.34587e+12  1.11540e+13
  300.00 -3.01202  1.34912e+14  1.34735e+14  1.34735e+14 -1.37707e+13 -1.37707e+13  1.20125e+13
  300.00 -2.98196  5.55746e+11  5.49370e+11  5.49371e+11 -8.79741e+10 -8.79741e+10 -3.37287e+10
  300.00 -2.95190  4.85406e+13  4.85421e+13  4.85421e+13  5.19643e+11  5.19642e+11 -6.46689e+11
  300.00 -2.92184  2.45949e+13  2.45948e+13  2.45948e+13  1.31746e+11  1.31746e+11 -1.11826e+11
  300.00 -2.89178  4.93124e+12  4.93116e+12  4.93115e+12 -6.55133e+10 -6.55133e+10  5.92092e+10
  300.00 -2.86172  2.87045e+13  2.87046e+13  2.87046e+13 -9.08053e+10 -9.08053e+10  1.13873e+11
  300.00 -2.83166  1.39723e+13  1.39729e+13  1.39729e+13  1.55682e+11  1.55683e+11 -2.01755e+11
  300.00 -2.80160  1.45522e+13  1.45533e+13  1.45533e+13  1.89921e+11  1.89921e+11 -2.58447e+11
  300.00 -2.77154  9.44456e+13  9.44493e+13  9.44493e+13 -1.10300e+12 -1.10300e+12  1.38447e+12
  300.00 -2.74148  9.81293e+13  9.81276e+13  9.81276e+13 -4.77790e+12 -4.77790e+12  4.74480e+12
  300.00 -2.71142  1.22440e+12  1.22166e+12  1.22166e+12 -8.26667e+10 -8.26667e+10  1.75404e+10
  300.00 -2.68136  5.92470e+13  5.92479e+13  5.92479e+13 -5.32140e+11 -5.32140e+11  6.25161e+11
  300.00 -2.65130  6.56120e+13  6.56122e+13  6.56122e+13  2.60117e+11  2.60117e+11 -3.05783e+11
  300.00 -2.62124  6.43097e+13  6.43142e+13  6.43142e+13  1.11589e+12  1.11589e+12 -1.35040e+12
  300.00 -2.59118  1.04757e+14  1.04758e+14  1.04758e+14  2.75031e+12  2.75031e+12 -2.75556e+12
  300.00 -2.56112  3.60176e+13  3.60166e+13  3.60166e+13  3.73228e+11  3.73228e+11 -2.56176e+11
  300.00 -2.53106  4.93043e+10  4.93541e+10  4.93540e+10  1.31405e+09  1.31405e+09  2.57770e+09
  300.00 -2.50100  6.53276e+11  6.53179e+11  6.53178e+11 -1.21334e+10 -1.21334e+10  4.65890e+09
  300.00 -2.47094  5.76501e+12  5.76500e+12  5.76500e+12 -1.19415e+10 -1.19415e+10  8.57016e+09
  300.00 -2.44088  5.03629e+13  5.03629e+13  5.03629e+13  1.50427e+10  1.50428e+10 -1.54974e+10
  300.00 -2.41082  1.65368e+14  1.65368e+14  1.65368e+14 -1.25398e+12 -1.25398e+12  1.28223e+12
  300.00 -2.38076  2.15971e+14  2.15970e+14  2.15970e+14 -3.01622e+12 -3.01622e+12  2.91534e+12
  300.00 -2.35070  7.41599e+13  7.41594e+13  7.41594e+13 -5.57034e+11 -5.57035e+11  4.90786e+11
  300.00 -2.32064  1.42353e+13  1.42366e+13  1.42367e+13  2.07865e+11  2.07865e+11 -2.85898e+11
  300.00 -2.29058  8.63078e+13  8.63096e+13  8.63096e+13  1.95410e+12  1.95410e+12 -2.03016e+12
  300.00 -2.26052  2.69498e+13  2.69493e+13  2.69493e+13  2.97423e+11  2.97423e+11 -2.49983e+11
  300.00 -2.23046  3.73104e+12  3.73111e+12  3.73111e+12 -2.13708e+10 -2.13708e+10  3.15547e+10
  300.00 -2.20040  2.82134e+12  2.82127e+12  2.82127e+12 -3.16894e+10 -3.16894e+10  2.50201e+10
  300.00 -2.17034  1.14449e+13  1.14449e+13  1.14449e+13  3.46067e+09  3.46079e+09 -4.11281e+09
  300.00 -2.14028  2.01867e+13  2.01868e+13  2.01868e+13  1.05233e+11  1.05233e+11 -1.16759e+11
  300.00 -2.11022  2.37069e+13  2.37070e+13  2.37070e+13  2.29847e+11  2.29847e+11 -2.33770e+11
  300.00 -2.08016  5.92960e+11  5.92953e+11  5.92953e+11  3.23533e+09  3.23533e+09 -1.04684e+09
  300.00 -2.05010  1.15913e+13  1.15913e+13  1.15913e+13 -6.74779e+10 -6.74779e+10  7.27444e+10
  300.00 -2.02004  7.62409e+09  7.62408e+09  7.62410e+09 -2.23026e+07 -2.23024e+07 -4.22643e+06
  300.00 -1.98998  7.63916e+10  7.63919e+10  7.63920e+10 -1.18863e+07 -1.18862e+07  2.13347e+08
  300.00 -1.95992  2.50599e+13  2.50601e+13  2.50601e+13 -2.62066e+11 -2.62066e+11  2.77032e+11
  300.00 -1.92986  1.53194e+13  1.53192e+13  1.53192e+13 -1.86736e+11 -1.86736e+11  1.70014e+11
  300.00 -1.89980  2.93154e+12  2.93152e+12  2.93152e+12 -1.83738e+10 -1.83738e+10  1.43343e+10
  300.00 -1.86974  3.77655e+12  3.77655e+12  3.77655e+12 -3.81125e+09 -3.81125e+09  3.21329e+09
  300.00 -1.83968  4.76876e+10  4.76875e+10  4.76874e+10  1.37474e+08  1.37474e+08 -8.48186e+07
  300.00 -1.80962  1.97583e+11  1.97583e+11  1.97584e+11  1.56829e+08  1.56830e+08 -1.99168e+08
  300.00 -1.77956  1.52760e+12  1.52760e+12  1.52760e+12 -1.81021e+09 -1.81022e+09  1.78930e+09
  300.00 -1.74950  1.65832e+13  1.65832e+13  1.65832e+13  1.61754e+10  1.61754e+10 -1.68786e+10
  300.00 -1.71944  7.15106e+13  7.15106e+13  7.15106e+13  1.74326e+11  1.74325e+11 -1.75712e+11
  300.00 -1.68938  6.52571e+13  6.52571e+13  6.52571e+13  7.55759e+10  7.55757e+10 -7.60748e+10
  300.00 -1.65932  1.00006e+14  1.00006e+14  1.00006e+14  1.77554e+11  1.77554e+11 -1.82766e+11
  300.00 -1.62926  6.29384e+13  6.29384e+13  6.29385e+13  2.62073e+11  2.62073e+11 -2.74944e+11
  300.00 -1.59920  6.92305e+11  6.92308e+11  6.92307e+11  4.19868e+09  4.19867e+09 -4.80039e+09
  300.00 -1.56914  5.55320e+13  5.55320e+13  5.55320e+13  1.13113e+11  1.13113e+11 -1.26413e+11
  300.00 -1.53908  8.40736e+13  8.40737e+13  8.40737e+13 -4.34210e+11 -4.34211e+11  4.58036e+11
  300.00 -1.50902  4.81553e+13  4.81554e+13  4.81554e+13 -4.51611e+11 -4.51611e+11  4.57969e+11
  300.00 -1.47896  5.27880e+12  5.27885e+12  5.27885e+12 -5.42988e+10 -5.42987e+10  5.93874e+10
  300.00 -1.44890  3.86357e+13  3.86357e+13  3.86357e+13 -1.34406e+11 -1.34406e+11  1.51747e+11
  300.00 -1.41884  3.23886e+12  3.23889e+12  3.23889e+12  1.38722e+10  1.38722e+10 -1.91701e+10
  300.00 -1.38878  2.11722e+13  2.11722e+13  2.11722e+13  1.49325e+11  1.49325e+11 -1.50708e+11
  300.00 -1.35872  9.27966e+13  9.27967e+13  9.27967e+13  5.92483e+11  5.92483e+11 -6.17490e+11
  300.00 -1.32866  1.13270e+14  1.13270e+14  1.13270e+14  9.81127e+10  9.81129e+10 -1.04391e+11
  300.00 -1.29860  1.07066e+14  1.07066e+14  1.07066e+14 -1.14484e+12 -1.14484e+12  1.17246e+12
  300.00 -1.26854  3.93576e+13  3.93572e+13  3.93572e+13 -6.05620e+11 -6.05620e+11  5.77266e+11
  300.00 -1.23848  1.17044e+13  1.17044e+13  1.17044e+13 -4.89027e+10 -4.89028e+10  5.45969e+10
  300.00 -1.20842  9.21421e+13  9.21421e+13  9.21421e+13  2.22110e+11  2.22110e+11 -2.26575e+11
  300.00 -1.17836  8.20791e+13  8.20791e+13  8.20791e+13  1.86238e+11  1.86237e+11 -1.86927e+11
  300.00 -1.14830  2.89562e+13  2.89562e+13  2.89562e+13  3.69475e+10  3.69472e+10 -3.69403e+10
  300.00 -1.11824  8.74850e+12  8.74850e+12  8.74850e+12  9.35670e+09  9.35671e+09 -9.45759e+09
  300.00 -1.08818  9.18677e+12  9.18677e+12  9.18677e+12  1.65323e+10  1.65324e+10 -1.70392e+10
  300.00 -1.05812  4.16423e+12  4.16423e+12  4.16423e+12  1.17615e+10  1.17615e+10 -1.14176e+10
  300.00 -1.02806  1.05913e+13  1.05913e+13  1.05913e+13  1.62495e+09  1.62496e+09 -1.80252e+09
  300.00 -0.99800  7.03214e+13  7.03214e+13  7.03214e+13 -3.26029e+11 -3.26030e+11  3.32202e+11
  300.00 -0.96794  1.05144e+13  1.05144e+13  1.05144e+13 -7.64011e+10 -7.64012e+10  7.18913e+10
  300.00 -0.93788  9.15688e+13  9.15689e+13  9.15689e+13 -2.91806e+11 -2.91807e+11  3.10617e+11
  300.00 -0.90782  1.69874e+14  1.69874e+14  1.69874e+14  9.40432e+11  9.40431e+11 -1.02102e+12
  300.00 -0.87776  4.20728e+13  4.20732e+13  4.20732e+13  5.73600e+11  5.73600e+11 -5.98482e+11
  300.00 -0.84770  3.91264e+12  3.91279e+12  3.91279e+12  1.28230e+10  1.28230e+10 -3.71527e+10
  300.00 -0.81764  3.77040e+13  3.77068e+13  3.77068e+13 -6.26004e+11 -6.26004e+11  7.77134e+11
  300.00 -0.78758  7.81752e+13  7.81706e+13  7.81706e+13 -1.59405e+12 -1.59405e+12  1.35316e+12
  300.00 -0.75752  1.71680e+14  1.71679e+14  1.71679e+14  8.66999e+11  8.66998e+11 -7.73079e+11
  300.00 -0.72745  2.11339e+14  2.11339e+14  2.11339e+14  4.59318e+12  4.59318e+12 -4.57360e+12
  300.00 -0.69739  1.54910e+14  1.54917e+14  1.54917e+14  4.31450e+12  4.31450e+12 -4.55111e+12
  300.00 -0.66733  7.78214e+13  7.78271e+13  7.78271e+13  2.21351e+12  2.21351e+12 -2.41052e+12
  300.00 -0.63727  1.37238e+13  1.37247e+13  1.37247e+13  2.56902e+11  2.56902e+11 -3.01215e+11
  300.00 -0.60721  8.19824e+12  8.19823e+12  8.19823e+12 -2.42471e+10 -2.42471e+10  2.15108e+10
  300.00 -0.57715  4.76456e+13  4.76454e+13  4.76454e+13 -5.02161e+11 -5.02161e+11  4.89350e+11
  300.00 -0.54709  7.49511e+13  7.49512e+13  7.49512e+13 -6.09978e+11 -6.09977e+11  6.12880e+11
  300.00 -0.51703  6.56516e+13  6.56516e+13  6.56516e+13 -2.75009e+10 -2.75008e+10  2.88724e+10
  300.00 -0.48697  3.17387e+13  3.17389e+13  3.17389e+13  2.90705e+11  2.90705e+11 -3.04018e+11
  300.00 -0.45691  8.27553e+12  8.27547e+12  8.27547e+12  5.04101e+10  5.04101e+10 -3.83163e+10
  300.00 -0.42685  7.49234e+11  7.49372e+11  7.49372e+11 -6.11780e+09 -6.11780e+09  1.55919e+10
  300.00 -0.39679  1.45501e+13  1.45490e+13  1.45490e+13 -2.77490e+11 -2.77490e+11  2.14397e+11
  300.00 -0.36673  2.91567e+13  2.91553e+13  2.91553e+13  4.53636e+11  4.53636e+11 -3.51331e+11
  300.00 -0.33667  5.15723e+12  5.15690e+12  5.15689e+12  1.88967e+11  1.88967e+11 -1.79470e+11
  300.00 -0.30661  2.43858e+13  2.43845e+13  2.43845e+13  6.27937e+11  6.27937e+11 -5.75362e+11
  300.00 -0.27655  5.35076e+13  5.35073e+13  5.35073e+13  4.14278e+11  4.14278e+11 -3.81425e+11
  300.00 -0.24649  1.52501e+13  1.52501e+13  1.52501e+13 -3.71266e+10 -3.71266e+10  3.36226e+10
  300.00 -0.21643  2.57692e+12  2.57692e+12  2.57692e+12 -1.04824e+10 -1.04824e+10  1.04773e+10
  300.00 -0.18637  8.09753e+12  8.09753e+12  8.09753e+12 -2.08942e+10 -2.08942e+10  1.99195e+10
  300.00 -0.15631  1.86535e+12  1.86535e+12  1.86535e+12 -1.17633e+09 -1.17633e+09  1.08822e+09
  300.00 -0.12625  6.71324e+12  6.71324e+12  6.71324e+12  6.20114e+09  6.20114e+09 -6.23364e+09
  300.00 -0.09619  5.49722e+13  5.49722e+13  5.49722e+13  3.69746e+10  3.69747e+10 -3.58654e+10
  300.00 -0.06613  4.01026e+13  4.01025e+13  4.01025e+13 -1.19720e+11 -1.19720e+11  1.10227e+11
  300.00 -0.03607  3.56109e+13  3.56106e+13  3.56106e+13 -3.11401e+11 -3.11401e+11  2.77032e+11
  300.00 -0.00601  4.43202e+13  4.43195e+13  4.43195e+13 -6.17943e+11 -6.17943e+11  5.66305e+11
  300.00  0.02405  1.82002e+12  1.82017e+12  1.82017e+12 -2.12950e+10 -2.12950e+10  3.11636e+10
  300.00  0.05411  1.21179e+13  1.21179e+13  1.21179e+13 -2.44256e+10 -2.44256e+10  1.55229e+10
  300.00  0.08417  1.12025e+12  1.12025e+12  1.12025e+12  1.02102e+10  1.02102e+10 -1.03008e+10
  300.00  0.11423  3.93845e+13  3.93845e+13  3.93845e+13 -5.57956e+10 -5.57953e+10  5.24434e+10
  300.00  0.14429  2.03548e+12  2.03548e+12  2.03548e+12  8.19614e+08  8.19619e+08 -4.40718e+08
  300.00  0.17435  1.69414e+14  1.69412e+14  1.69412e+14  2.36399e+12  2.36399e+12 -2.24383e+12
  300.00  0.20441  3.00812e+14  3.00821e+14  3.00821e+14  7.55916e+12  7.55916e+12 -7.90119e+12
  300.00  0.23447  1.61856e+14  1.61871e+14  1.61871e+14  4.20252e+12  4.20252e+12 -4.73306e+12
  300.00  0.26453  5.05377e+11  5.05300e+11  5.05301e+11  8.90508e+09  8.90508e+09 -4.91226e+08
  300.00  0.29459  1.65361e+14  1.65361e+14  1.65361e+14 -1.15191e+12 -1.15191e+12  1.09493e+12
  300.00  0.32465  2.60621e+14  2.60621e+14  2.60621e+14 -1.57613e+12 -1.57613e+12  1.55883e+12
  300.00  0.35471  1.55499e+14  1.55499e+14  1.55499e+14 -3.95310e+11 -3.95310e+11  3.89169e+11
  300.00  0.38477  2.10909e+13  2.10909e+13  2.10909e+13 -1.25780e+11 -1.25780e+11  1.12229e+11
  300.00  0.41483  1.78873e+12  1.78869e+12  1.78869e+12 -1.95569e+10 -1.95569e+10  1.54058e+10
  300.00  0.44489  1.07924e+13  1.07924e+13  1.07924e+13 -1.36378e+10 -1.36377e+10  9.22740e+09
  300.00  0.47495  5.02782e+13  5.02778e+13  5.02778e+13  4.58113e+11  4.58113e+11 -4.09935e+11
  300.00  0.50501  1.72001e+14  1.72000e+14  1.72000e+14  3.21697e+12  3.21697e+12 -3.15805e+12
  300.00  0.53507  2.47285e+14  2.47299e+14  2.47299e+14  7.41527e+12  7.41527e+12 -7.89093e+12
  300.00  0.56513  1.59512e+14  1.59535e+14  1.59535e+14  4.74457e+12  4.74457e+12 -5.46013e+12
  300.00  0.59519  1.81959e+13  1.81959e+13  1.81959e+13  1.48214e+10  1.48213e+10 -2.14086e+10
  300.00  0.62525  9.77039e+12  9.76973e+12  9.76973e+12 -2.66218e+11 -2.66218e+11  2.41159e+11
  300.00  0.65531  1.30167e+13  1.30168e+13  1.30168e+13 -5.36058e+10 -5.36058e+10  6.87384e+10
  300.00  0.68537  6.93899e+12  6.93944e+12  6.93945e+12  1.32727e+11  1.32727e+11 -1.54950e+11
  300.00  0.71543  5.43984e+13  5.43974e+13  5.43974e+13  7.53841e+11  7.53842e+11 -6.81219e+11
  300.00  0.74549  1.60045e+14  1.60044e+14  1.60044e+14 -8.96190e+11 -8.96189e+11  8.39363e+11
  300.00  0.77555  1.02980e+14  1.02979e+14  1.02979e+14 -1.01192e+12 -1.01192e+12  1.00952e+12
  300.00  0.80561  8.88906e+07  8.89054e+07  8.88892e+07  5.09021e+06  5.08999e+06  5.28558e+06
  300.00  0.83567  1.14825e+14  1.14825e+14  1.14825e+14  1.23850e+12  1.23850e+12 -1.19860e+12
  300.00  0.86573  1.95966e+14  1.95968e+14  1.95968e+14  2.82900e+12  2.82900e+12 -2.97329e+12
  300.00  0.89579  7.47231e+13  7.47232e+13  7.47232e+13  1.70088e+11  1.70088e+11 -1.94715e+11
  300.00  0.92585  1.57886e+12  1.57829e+12  1.57829e+12 -5.26771e+10 -5.26771e+10  3.12994e+10
  300.00  0.95591  3.19991e+13  3.20011e+13  3.20011e+13 -5.77505e+11 -5.77505e+11  6.79573e+11
  300.00  0.98597  5.79422e+13  5.79444e+13  5.79444e+13  6.84540e+11  6.84540e+11 -8.48544e+11
  300.00  1.01603  1.13267e+14  1.13270e+14  1.13270e+14  2.45402e+12  2.45402e+12 -2.58550e+12
  300.00  1.04609  6.50683e+13  6.50680e+13  6.50680e+13  9.23088e+11  9.23088e+11 -8.98771e+11
  300.00  1.07615  5.25374e+11  5.25405e+11  5.25406e+11  1.83033e+09  1.83033e+09 -6.02196e+09
  300.00  1.10621  6.42313e+13  6.42313e+13  6.42313e+13 -1.29889e+11 -1.29889e+11  1.46544e+11
  300.00  1.13627  7.00275e+13  7.00282e+13  7.00282e+13 -8.35825e+11 -8.35825e+11  8.95471e+11
  300.00  1.16633  1.03781e+13  1.03797e+13  1.03797e+13 -2.02844e+11 -2.02844e+11  2.72963e+11
  300.00  1.19639  1.04764e+13  1.04696e+13  1.04696e+13 -5.38581e+11 -5.38581e+11  3.88909e+11
  300.00  1.22645  5.15882e+13  5.15942e+13  5.15942e+13 -1.93484e+12 -1.93484e+12  2.08699e+12
  300.00  1.25651  1.89717e+13  1.89725e+13  1.89725e+13 -1.85021e+11 -1.85021e+11  2.54728e+11
  300.00  1.28657  1.35062e+12  1.35062e+12  1.35062e+12  2.64408e+09  2.64408e+09 -1.76410e+09
  300.00  1.31663  7.72359e+12  7.72363e+12  7.72363e+12 -2.65303e+10 -2.65302e+10  3.70372e+10
  300.00  1.34669  1.19280e+11  1.19372e+11  1.19373e+11 -8.91287e+08 -8.91291e+08  4.74985e+09
  300.00  1.37675  5.90448e+11  5.90282e+11  5.90281e+11  1.50027e+10  1.50027e+10  5.32347e+09
  300.00  1.40681  1.29747e+13  1.29683e+13  1.29683e+13  6.97899e+11  6.97899e+11 -5.63061e+11
  300.00  1.43687  2.35196e+11  2.33816e+11  2.33816e+11  2.82955e+10  2.82955e+10  1.14787e+10
  300.00  1.46693  2.48890e+13  2.48889e+13  2.48889e+13  1.06373e+11  1.06373e+11 -7.34059e+10
  300.00  1.49699  7.17188e+12  7.17170e+12  7.17170e+12 -7.66597e+10 -7.66597e+10  5.75574e+10
  300.00  1.52705  7.16890e+10  7.17008e+10  7.17007e+10 -1.40716e+08 -1.40716e+08  1.30107e+09
  300.00  1.55711  2.64217e+11  2.64016e+11  2.64016e+11 -1.02787e+10 -1.02787e+10  1.11379e+09
  300.00  1.58717  5.69393e+12  5.69642e+12  5.69642e+12 -1.02035e+11 -1.02035e+11  1.96259e+11
  300.00  1.61723  3.03089e+12  3.03005e+12  3.03005e+12  7.16742e+10  7.16742e+10 -9.41761e+08
  300.00  1.64729  6.59579e+13  6.59513e+13  6.59513e+13  2.97149e+12  2.97148e+12 -2.81773e+12
  300.00  1.67735  1.27114e+14  1.27160e+14  1.27160e+14  5.22968e+12  5.22968e+12 -6.25324e+12
  300.00  1.70741  1.19729e+14  1.19760e+14  1.19760e+14  3.78251e+12  3.78251e+12 -4.66605e+12
  300.00  1.73747  2.93452e+13  2.93471e+13  2.93470e+13  3.23122e+11  3.23121e+11 -4.60344e+11
  300.00  1.76754  1.19255e+13  1.19236e+13  1.19236e+13 -3.07486e+11 -3.07486e+11  2.24058e+11
  300.00  1.79760  4.07785e+13  4.07788e+13  4.07788e+13 -9.13427e+11 -9.13427e+11  9.26473e+11
  300.00  1.82766  9.58437e+12  9.58437e+12  9.58437e+12 -8.75128e+09 -8.75128e+09  1.15854e+10
  300.00  1.85772  7.63181e+11  7.63185e+11  7.63186e+11  9.25097e+09  9.25098e+09 -9.57298e+09
  300.00  1.88778  1.28576e+11  1.28573e+11  1.28573e+11 -7.65659e+08 -7.65659e+08  5.30954e+07
  300.00  1.91784  2.13820e+12  2.13830e+12  2.13830e+12 -1.36460e+10 -1.36460e+10  2.44357e+10
  300.00  1.94790  1.23891e+12  1.23783e+12  1.23783e+12  5.26197e+10  5.26197e+10 -6.10268e+09
  300.00  1.97796  8.26462e+12  8.26723e+12  8.26723e+12  3.91922e+11  3.91922e+11 -4.44846e+11
  300.00  2.00802  1.43423e+13  1.43465e+13  1.43465e+13  2.31303e+11  2.31303e+11 -4.18703e+11
  300.00  2.03808  5.67371e+12  5.67474e+12  5.67474e+12 -9.65644e+10 -9.65644e+10  1.44507e+11
  300.00  2.06814  7.96425e+12  7.96437e+12  7.96437e+12 -1.02809e+11 -1.02809e+11  1.11254e+11
  300.00  2.09820  2.37070e+13  2.37070e+13  2.37070e+13 -1.43469e+10 -1.43468e+10  1.33204e+10
  300.00  2.12826  1.31734e+13  1.31725e+13  1.31725e+13 -2.06190e+11 -2.06190e+11  1.43352e+11
  300.00  2.15832  1.99035e+13  1.98948e+13  1.98948e+13 -8.64809e+11 -8.64809e+11  6.39557e+11
  300.00  2.18838  3.91412e+13  3.91434e+13  3.91434e+13 -1.66880e+12 -1.66880e+12  1.71939e+12
  300.00  2.21844  2.77628e+13  2.77656e+13  2.77656e+13 -3.59069e+11 -3.59069e+11  5.28629e+11
  300.00  2.24850  1.39843e+13  1.39848e+13  1.39848e+13  1.25996e+11  1.25995e+11 -1.77864e+11
  300.00  2.27856  4.83283e+10  4.83083e+10  4.83082e+10  1.39982e+09  1.39981e+09  9.58936e+07
  300.00  2.30862  2.00590e+13  2.00590e+13  2.00590e+13  1.65530e+10  1.65530e+10 -2.69260e+10
  300.00  2.33868  5.37914e+12  5.39006e+12  5.39006e+12 -8.34804e+10 -8.34804e+10  3.50679e+11
  300.00  2.36874  1.05683e+13  1.05748e+13  1.05748e+13 -6.59156e+11 -6.59156e+11  7.52882e+11
  300.00  2.39880  1.19103e+12  1.19306e+12  1.19306e+12  2.59841e+10  2.59841e+10  7.41743e+10
  300.00  2.42886  1.72611e+13  1.72396e+13  1.72396e+13  9.37582e+11  9.37582e+11 -3.48989e+11
  300.00  2.45892  4.83847e+13  4.83760e+13  4.83760e+13  3.69116e+12  3.69116e+12 -3.57063e+12
  300.00  2.48898  5.64617e+13  5.66284e+13  5.66284e+13  3.15583e+12  3.15583e+12 -5.42618e+12
  300.00  2.51904  1.85724e+13  1.85729e+13  1.85729e+13  4.60018e+10  4.60018e+10 -1.46266e+11
  300.00  2.54910  1.00535e+13  1.00439e+13  1.00439e+13 -6.70824e+11 -6.70824e+11  5.12091e+11
  300.00  2.57916  5.38644e+13  5.38666e+13  5.38666e+13 -5.36160e+11 -5.36160e+11  7.23084e+11
  300.00  2.60922  4.35731e+13  4.35748e+13  4.35748e+13  8.19407e+11  8.19407e+11 -9.08087e+11
  300.00  2.63928  3.44244e+12  3.44234e+12  3.44234e+12  3.77942e+10  3.77942e+10 -2.71956e+10
  300.00  2.66934  1.38185e+13  1.38185e+13  1.38185e+13  5.25488e+10  5.25489e+10 -6.13404e+10
  300.00  2.69940  9.78892e+12  9.78907e+12  9.78907e+12 -4.31085e+10 -4.31085e+10  6.80200e+10
  300.00  2.72946  4.34100e+12  4.33860e+12  4.33860e+12 -1.73222e+11 -1.73222e+11  9.80438e+10
  300.00  2.75952  1.06662e+13  1.06680e+13  1.06680e+13 -3.04932e+11 -3.04932e+11  3.61214e+11
  300.00  2.78958  1.49733e+12  1.49758e+12  1.49758e+12 -5.64490e+09 -5.64490e+09  2.78051e+10
  300.00  2.81964  1.22147e+12  1.22133e+12  1.22133e+12  1.89338e+10  1.89338e+10 -1.79205e+09
  300.00  2.84970  4.34716e+12  4.34429e+12  4.34429e+12  1.93010e+11  1.93010e+11 -1.08684e+11
  300.00  2.87976  1.01130e+11  1.00542e+11  1.00542e+11  1.21301e+10  1.21301e+10  4.94845e+09
  300.00  2.90982  2.49639e+12  2.49634e+12  2.49634e+12  1.64920e+10  1.64920e+10 -1.85657e+09
  300.00  2.93988  1.39657e+11  1.39407e+11  1.39407e+11 -8.35518e+09 -8.35518e+09 -1.29308e+09
  300.00  2.96994  6.44163e+11  6.43779e+11  6.43779e+11 -2.28586e+10 -2.28586e+10  5.94129e+09
  300.00  3.00000  1.68318e+13  1.68318e+13  1.68318e+13 -9.73658e+09 -9.73655e+09  5.89788e+09
