xX 100
G 100
X 0

-0.1149425312564408 0.0 0.0
-0.11379310594387639 0.0 0.0
-0.11264368063131198 0.0 0.0
-0.11149425531874757 0.0 0.0
-0.11034483000618317 0.0 0.0
-0.10919540469361876 0.0 0.0
-0.10804597938105434 0.0 0.0
-0.10689655406848994 0.0 0.0
-0.10574712875592554 0.0 0.0
-0.10459770344336113 0.0 0.0
-0.10344827813079673 0.0 0.0
-0.10229885281823231 0.0 0.0
-0.10114942750566791 0.0 0.0
-0.1000000021931035 0.0 0.0
-0.09885057688053908 0.0 0.0
-0.09770115156797468 0.0 0.0
-0.09655172625541027 0.0 0.0
-0.09540230094284585 0.0 0.0
-0.09425287563028147 0.0 0.0
-0.09310345031771705 0.0 0.0
-0.09195402500515265 0.0 0.0
-0.09080459969258824 0.0 0.0
-0.08965517438002382 0.0 0.0
-0.08850574906745942 0.0 0.0
-0.08735632375489501 0.0 0.0
-0.08620689844233059 0.0 0.0
-0.08505747312976619 0.0 0.0
-0.08390804781720178 0.0 0.0
-0.08275862250463738 0.0 0.0
-0.08160919719207296 0.0 0.0
-0.08045977187950855 0.0 0.0
-0.07931034656694415 0.0 0.0
-0.07816092125437973 0.0 0.0
-0.07701149594181533 0.0 0.0
-0.07586207062925092 0.0 0.0
-0.0747126453166865 0.0 0.0
-0.07356322000412212 0.0 0.0
-0.0724137946915577 0.0 0.0
-0.07126436937899329 0.0 0.0
-0.07011494406642889 0.0 0.0
-0.06896551875386447 0.0 0.0
-0.06781609344130007 0.0 0.0
-0.06666666812873567 0.0 0.0
-0.06551724281617126 0.0 0.0
-0.06436781750360686 0.0 0.0
-0.06321839219104244 0.0 0.0
-0.06206896687847804 0.0 0.0
-0.06091954156591363 0.0 0.0
-0.059770116253349215 0.0 0.0
-0.05862069094078481 0.0 0.0
-0.0574712656282204 0.0 0.0
-0.05632184031565599 0.0 0.0
-0.055172415003091585 0.0 0.0
-0.05402298969052717 0.0 0.0
-0.05287356437796276 0.0 0.0
-0.051724139065398356 0.0 0.0
-0.05057471375283395 0.0 0.0
-0.049425288440269534 0.0 0.0
-0.04827586312770514 0.0 0.0
-0.04712643781514073 0.0 0.0
-0.045977012502576325 0.0 0.0
-0.04482758719001191 0.0 0.0
-0.043678161877447504 0.0 0.0
-0.042528736564883096 0.0 0.0
-0.04137931125231869 0.0 0.0
-0.040229885939754274 0.0 0.0
-0.03908046062718987 0.0 0.0
-0.03793103531462546 0.0 0.0
-0.03678161000206105 0.0 0.0
-0.035632184689496645 0.0 0.0
-0.03448275937693223 0.0 0.0
-0.03333333406436784 0.0 0.0
-0.03218390875180343 0.0 0.0
-0.03103448343923902 0.0 0.0
-0.029885058126674607 0.0 0.0
-0.0287356328141102 0.0 0.0
-0.027586207501545792 0.0 0.0
-0.02643678218898138 0.0 0.0
-0.025287356876416974 0.0 0.0
-0.024137931563852563 0.0 0.0
-0.022988506251288156 0.0 0.0
-0.021839080938723745 0.0 0.0
-0.020689655626159337 0.0 0.0
-0.019540230313594927 0.0 0.0
-0.018390805001030533 0.0 0.0
-0.017241379688466122 0.0 0.0
-0.016091954375901715 0.0 0.0
-0.014942529063337304 0.0 0.0
-0.013793103750772896 0.0 0.0
-0.012643678438208487 0.0 0.0
-0.011494253125644078 0.0 0.0
-0.010344827813079669 0.0 0.0
-0.00919540250051526 0.0 0.0
-0.00804597718795085 0.0 0.0
-0.006896551875386441 0.0 0.0
-0.005747126562822032 0.0 0.0
-0.004597701250257636 0.0 0.0
-0.003448275937693227 0.0 0.0
-0.002298850625128818 0.0 0.0
-0.001149425312564409 0.0 0.0
0.0 0.0 0.0
0.001149425312564408 0.0 0.0
0.002298850625128816 0.0 0.0
0.003448275937693224 0.0 0.0
0.004597701250257632 0.0 0.0
0.005747126562822041 0.0 0.0
0.006896551875386448 0.0 0.0
0.008045977187950857 0.0 0.0
0.009195402500515265 0.0 0.0
0.010344827813079672 0.0 0.0
0.011494253125644081 0.0 0.0
0.012643678438208489 0.0 0.0
0.013793103750772896 0.0 0.0
0.014942529063337304 0.0 0.0
0.016091954375901715 0.0 0.0
0.01724137968846612 0.0 0.0
0.01839080500103053 0.0 0.0
0.019540230313594937 0.0 0.0
0.020689655626159344 0.0 0.0
0.021839080938723752 0.0 0.0
0.022988506251288163 0.0 0.0
0.024137931563852567 0.0 0.0
0.025287356876416978 0.0 0.0
0.026436782188981385 0.0 0.0
0.027586207501545792 0.0 0.0
0.0287356328141102 0.0 0.0
0.029885058126674607 0.0 0.0
0.03103448343923902 0.0 0.0
0.03218390875180343 0.0 0.0
0.03333333406436783 0.0 0.0
0.03448275937693224 0.0 0.0
0.035632184689496645 0.0 0.0
0.03678161000206106 0.0 0.0
0.037931035314625466 0.0 0.0
0.039080460627189874 0.0 0.0
0.04022988593975428 0.0 0.0
0.04137931125231869 0.0 0.0
0.042528736564883096 0.0 0.0
0.043678161877447504 0.0 0.0
0.04482758719001191 0.0 0.0
0.045977012502576325 0.0 0.0
0.04712643781514073 0.0 0.0
0.04827586312770513 0.0 0.0
0.04942528844026954 0.0 0.0
0.050574713752833955 0.0 0.0
0.05172413906539836 0.0 0.0
0.05287356437796277 0.0 0.0
0.05402298969052718 0.0 0.0
0.055172415003091585 0.0 0.0
0.05632184031565599 0.0 0.0
0.0574712656282204 0.0 0.0
0.05862069094078481 0.0 0.0
0.059770116253349215 0.0 0.0
0.06091954156591363 0.0 0.0
0.06206896687847804 0.0 0.0
0.06321839219104244 0.0 0.0
0.06436781750360686 0.0 0.0
0.06551724281617126 0.0 0.0
0.06666666812873566 0.0 0.0
0.06781609344130007 0.0 0.0
0.06896551875386447 0.0 0.0
0.07011494406642889 0.0 0.0
0.07126436937899329 0.0 0.0
0.0724137946915577 0.0 0.0
0.07356322000412212 0.0 0.0
0.07471264531668652 0.0 0.0
0.07586207062925093 0.0 0.0
0.07701149594181535 0.0 0.0
0.07816092125437975 0.0 0.0
0.07931034656694416 0.0 0.0
0.08045977187950856 0.0 0.0
0.08160919719207296 0.0 0.0
0.08275862250463738 0.0 0.0
0.08390804781720178 0.0 0.0
0.08505747312976619 0.0 0.0
0.08620689844233059 0.0 0.0
0.08735632375489501 0.0 0.0
0.08850574906745942 0.0 0.0
0.08965517438002382 0.0 0.0
0.09080459969258824 0.0 0.0
0.09195402500515265 0.0 0.0
0.09310345031771705 0.0 0.0
0.09425287563028147 0.0 0.0
0.09540230094284587 0.0 0.0
0.09655172625541027 0.0 0.0
0.09770115156797468 0.0 0.0
0.09885057688053908 0.0 0.0
0.1000000021931035 0.0 0.0
0.10114942750566791 0.0 0.0
0.10229885281823231 0.0 0.0
0.10344827813079673 0.0 0.0
0.10459770344336113 0.0 0.0
0.10574712875592554 0.0 0.0
0.10689655406848995 0.0 0.0
0.10804597938105436 0.0 0.0
0.10919540469361877 0.0 0.0
0.11034483000618317 0.0 0.0
0.11149425531874757 0.0 0.0
0.11264368063131198 0.0 0.0
0.11379310594387639 0.0 0.0
0.1149425312564408 0.0 0.0
