-0.50000  7.38222e+07
-0.49900  7.66537e+07
-0.49800  7.94987e+07
-0.49700  8.23493e+07
-0.49600  8.51979e+07
-0.49500  8.80372e+07
-0.49400  9.08601e+07
-0.49300  9.36602e+07
-0.49200  9.64311e+07
-0.49100  9.91671e+07
-0.49000  1.01863e+08
-0.48900  1.04512e+08
-0.48800  1.07112e+08
-0.48700  1.09656e+08
-0.48600  1.12142e+08
-0.48500  1.14565e+08
-0.48400  1.16922e+08
-0.48300  1.19209e+08
-0.48200  1.21425e+08
-0.48100  1.23565e+08
-0.48000  1.25628e+08
-0.47900  1.27611e+08
-0.47800  1.29512e+08
-0.47700  1.31329e+08
-0.47600  1.33058e+08
-0.47500  1.34696e+08
-0.47400  1.36241e+08
-0.47300  1.37686e+08
-0.47200  1.39026e+08
-0.47100  1.40253e+08
-0.47000  1.41359e+08
-0.46900  1.42330e+08
-0.46800  1.43153e+08
-0.46700  1.43811e+08
-0.46600  1.44281e+08
-0.46500  1.44539e+08
-0.46400  1.44556e+08
-0.46300  1.44298e+08
-0.46200  1.43726e+08
-0.46100  1.42798e+08
-0.46000  1.41468e+08
-0.45900  1.39684e+08
-0.45800  1.37394e+08
-0.45700  1.34542e+08
-0.45600  1.31073e+08
-0.45500  1.26933e+08
-0.45400  1.22072e+08
-0.45300  1.16444e+08
-0.45200  1.10014e+08
-0.45100  1.02756e+08
-0.45000  9.46598e+07
-0.44900  8.57326e+07
-0.44800  7.60012e+07
-0.44700  6.55156e+07
-0.44600  5.43511e+07
-0.44500  4.26099e+07
-0.44400  3.04224e+07
-0.44300  1.79472e+07
-0.44200  5.37050e+06
-0.44100 -7.09567e+06
-0.44000 -1.92166e+07
-0.43900 -3.07389e+07
-0.43800 -4.13959e+07
-0.43700 -5.09138e+07
-0.43600 -5.90191e+07
-0.43500 -6.54465e+07
-0.43400 -6.99475e+07
-0.43300 -7.22990e+07
-0.43200 -7.23122e+07
-0.43100 -6.98402e+07
-0.43000 -6.47858e+07
-0.42900 -5.71077e+07
-0.42800 -4.68251e+07
-0.42700 -3.40208e+07
-0.42600 -1.88424e+07
-0.42500 -1.50138e+06
-0.42400  1.77301e+07
-0.42300  3.85242e+07
-0.42200  6.05046e+07
-0.42100  8.32555e+07
-0.42000  1.06332e+08
-0.41900  1.29271e+08
-0.41800  1.51606e+08
-0.41700  1.72875e+08
-0.41600  1.92639e+08
-0.41500  2.10489e+08
-0.41400  2.26060e+08
-0.41300  2.39038e+08
-0.41200  2.49171e+08
-0.41100  2.56272e+08
-0.41000  2.60224e+08
-0.40900  2.60982e+08
-0.40800  2.58573e+08
-0.40700  2.53091e+08
-0.40600  2.44694e+08
-0.40500  2.33599e+08
-0.40400  2.20073e+08
-0.40300  2.04421e+08
-0.40200  1.86986e+08
-0.40100  1.68127e+08
-0.40000  1.48219e+08
-0.39900  1.27640e+08
-0.39800  1.06761e+08
-0.39700  8.59396e+07
-0.39600  6.55127e+07
-0.39500  4.57905e+07
-0.39400  2.70520e+07
-0.39300  9.54176e+06
-0.39200 -6.53233e+06
-0.39100 -2.09998e+07
-0.39000 -3.37274e+07
-0.38900 -4.46183e+07
-0.38800 -5.36100e+07
-0.38700 -6.06719e+07
-0.38600 -6.58021e+07
-0.38500 -6.90248e+07
-0.38400 -7.03861e+07
-0.38300 -6.99512e+07
-0.38200 -6.78006e+07
-0.38100 -6.40270e+07
-0.38000 -5.87325e+07
-0.37900 -5.20254e+07
-0.37800 -4.40184e+07
-0.37700 -3.48262e+07
-0.37600 -2.45637e+07
-0.37500 -1.33444e+07
-0.37400 -1.27981e+06
-0.37300  1.15222e+07
-0.37200  2.49576e+07
-0.37100  3.89270e+07
-0.37000  5.33355e+07
-0.36900  6.80935e+07
-0.36800  8.31163e+07
-0.36700  9.83242e+07
-0.36600  1.13642e+08
-0.36500  1.29001e+08
-0.36400  1.44334e+08
-0.36300  1.59581e+08
-0.36200  1.74685e+08
-0.36100  1.89592e+08
-0.36000  2.04254e+08
-0.35900  2.18624e+08
-0.35800  2.32660e+08
-0.35700  2.46322e+08
-0.35600  2.59574e+08
-0.35500  2.72380e+08
-0.35400  2.84709e+08
-0.35300  2.96533e+08
-0.35200  3.07824e+08
-0.35100  3.18556e+08
-0.35000  3.28708e+08
-0.34900  3.38259e+08
-0.34800  3.47190e+08
-0.34700  3.55483e+08
-0.34600  3.63125e+08
-0.34500  3.70101e+08
-0.34400  3.76403e+08
-0.34300  3.82019e+08
-0.34200  3.86945e+08
-0.34100  3.91175e+08
-0.34000  3.94707e+08
-0.33900  3.97540e+08
-0.33800  3.99678e+08
-0.33700  4.01124e+08
-0.33600  4.01886e+08
-0.33500  4.01974e+08
-0.33400  4.01399e+08
-0.33300  4.00177e+08
-0.33200  3.98324e+08
-0.33100  3.95861e+08
-0.33000  3.92809e+08
-0.32900  3.89195e+08
-0.32800  3.85044e+08
-0.32700  3.80389e+08
-0.32600  3.75260e+08
-0.32500  3.69692e+08
-0.32400  3.63722e+08
-0.32300  3.57390e+08
-0.32200  3.50735e+08
-0.32100  3.43800e+08
-0.32000  3.36630e+08
-0.31900  3.29269e+08
-0.31800  3.21767e+08
-0.31700  3.14169e+08
-0.31600  3.06525e+08
-0.31500  2.98885e+08
-0.31400  2.91300e+08
-0.31300  2.83818e+08
-0.31200  2.76492e+08
-0.31100  2.69370e+08
-0.31000  2.62502e+08
-0.30900  2.55938e+08
-0.30800  2.49724e+08
-0.30700  2.43907e+08
-0.30600  2.38532e+08
-0.30500  2.33639e+08
-0.30400  2.29268e+08
-0.30300  2.25456e+08
-0.30200  2.22236e+08
-0.30100  2.19635e+08
-0.30000  2.17680e+08
-0.29900  2.16388e+08
-0.29800  2.15775e+08
-0.29700  2.15847e+08
-0.29600  2.16607e+08
-0.29500  2.18051e+08
-0.29400  2.20165e+08
-0.29300  2.22930e+08
-0.29200  2.26320e+08
-0.29100  2.30300e+08
-0.29000  2.34828e+08
-0.28900  2.39853e+08
-0.28800  2.45319e+08
-0.28700  2.51163e+08
-0.28600  2.57317e+08
-0.28500  2.63706e+08
-0.28400  2.70252e+08
-0.28300  2.76877e+08
-0.28200  2.83498e+08
-0.28100  2.90036e+08
-0.28000  2.96412e+08
-0.27900  3.02555e+08
-0.27800  3.08395e+08
-0.27700  3.13875e+08
-0.27600  3.18945e+08
-0.27500  3.23567e+08
-0.27400  3.27719e+08
-0.27300  3.31391e+08
-0.27200  3.34589e+08
-0.27100  3.37338e+08
-0.27000  3.39677e+08
-0.26900  3.41664e+08
-0.26800  3.43373e+08
-0.26700  3.44894e+08
-0.26600  3.46332e+08
-0.26500  3.47802e+08
-0.26400  3.49432e+08
-0.26300  3.51358e+08
-0.26200  3.53718e+08
-0.26100  3.56657e+08
-0.26000  3.60314e+08
-0.25900  3.64826e+08
-0.25800  3.70323e+08
-0.25700  3.76923e+08
-0.25600  3.84732e+08
-0.25500  3.93838e+08
-0.25400  4.04311e+08
-0.25300  4.16203e+08
-0.25200  4.29541e+08
-0.25100  4.44333e+08
-0.25000  4.60564e+08
-0.24900  4.78194e+08
-0.24800  4.97165e+08
-0.24700  5.17399e+08
-0.24600  5.38797e+08
-0.24500  5.61247e+08
-0.24400  5.84623e+08
-0.24300  6.08786e+08
-0.24200  6.33593e+08
-0.24100  6.58894e+08
-0.24000  6.84538e+08
-0.23900  7.10376e+08
-0.23800  7.36263e+08
-0.23700  7.62059e+08
-0.23600  7.87635e+08
-0.23500  8.12872e+08
-0.23400  8.37664e+08
-0.23300  8.61918e+08
-0.23200  8.85554e+08
-0.23100  9.08510e+08
-0.23000  9.30735e+08
-0.22900  9.52195e+08
-0.22800  9.72869e+08
-0.22700  9.92747e+08
-0.22600  1.01183e+09
-0.22500  1.03014e+09
-0.22400  1.04769e+09
-0.22300  1.06451e+09
-0.22200  1.08064e+09
-0.22100  1.09612e+09
-0.22000  1.11100e+09
-0.21900  1.12531e+09
-0.21800  1.13910e+09
-0.21700  1.15243e+09
-0.21600  1.16532e+09
-0.21500  1.17784e+09
-0.21400  1.19001e+09
-0.21300  1.20187e+09
-0.21200  1.21346e+09
-0.21100  1.22480e+09
-0.21000  1.23593e+09
-0.20900  1.24686e+09
-0.20800  1.25762e+09
-0.20700  1.26822e+09
-0.20600  1.27868e+09
-0.20500  1.28900e+09
-0.20400  1.29919e+09
-0.20300  1.30925e+09
-0.20200  1.31920e+09
-0.20100  1.32903e+09
-0.20000  1.33874e+09
-0.19900  1.34834e+09
-0.19800  1.35781e+09
-0.19700  1.36716e+09
-0.19600  1.37638e+09
-0.19500  1.38548e+09
-0.19400  1.39444e+09
-0.19300  1.40326e+09
-0.19200  1.41194e+09
-0.19100  1.42047e+09
-0.19000  1.42886e+09
-0.18900  1.43709e+09
-0.18800  1.44516e+09
-0.18700  1.45308e+09
-0.18600  1.46083e+09
-0.18500  1.46842e+09
-0.18400  1.47583e+09
-0.18300  1.48308e+09
-0.18200  1.49015e+09
-0.18100  1.49704e+09
-0.18000  1.50375e+09
-0.17900  1.51028e+09
-0.17800  1.51663e+09
-0.17700  1.52279e+09
-0.17600  1.52876e+09
-0.17500  1.53454e+09
-0.17400  1.54013e+09
-0.17300  1.54553e+09
-0.17200  1.55073e+09
-0.17100  1.55573e+09
-0.17000  1.56054e+09
-0.16900  1.56514e+09
-0.16800  1.56954e+09
-0.16700  1.57374e+09
-0.16600  1.57773e+09
-0.16500  1.58151e+09
-0.16400  1.58508e+09
-0.16300  1.58844e+09
-0.16200  1.59159e+09
-0.16100  1.59452e+09
-0.16000  1.59723e+09
-0.15900  1.59973e+09
-0.15800  1.60201e+09
-0.15700  1.60406e+09
-0.15600  1.60589e+09
-0.15500  1.60750e+09
-0.15400  1.60888e+09
-0.15300  1.61003e+09
-0.15200  1.61095e+09
-0.15100  1.61164e+09
-0.15000  1.61210e+09
-0.14900  1.61232e+09
-0.14800  1.61231e+09
-0.14700  1.61206e+09
-0.14600  1.61157e+09
-0.14500  1.61085e+09
-0.14400  1.60988e+09
-0.14300  1.60868e+09
-0.14200  1.60723e+09
-0.14100  1.60554e+09
-0.14000  1.60361e+09
-0.13900  1.60144e+09
-0.13800  1.59902e+09
-0.13700  1.59635e+09
-0.13600  1.59345e+09
-0.13500  1.59029e+09
-0.13400  1.58690e+09
-0.13300  1.58325e+09
-0.13200  1.57937e+09
-0.13100  1.57524e+09
-0.13000  1.57086e+09
-0.12900  1.56624e+09
-0.12800  1.56139e+09
-0.12700  1.55628e+09
-0.12600  1.55094e+09
-0.12500  1.54536e+09
-0.12400  1.53955e+09
-0.12300  1.53349e+09
-0.12200  1.52720e+09
-0.12100  1.52068e+09
-0.12000  1.51393e+09
-0.11900  1.50695e+09
-0.11800  1.49974e+09
-0.11700  1.49230e+09
-0.11600  1.48465e+09
-0.11500  1.47677e+09
-0.11400  1.46868e+09
-0.11300  1.46038e+09
-0.11200  1.45186e+09
-0.11100  1.44314e+09
-0.11000  1.43421e+09
-0.10900  1.42508e+09
-0.10800  1.41576e+09
-0.10700  1.40625e+09
-0.10600  1.39654e+09
-0.10500  1.38665e+09
-0.10400  1.37659e+09
-0.10300  1.36634e+09
-0.10200  1.35592e+09
-0.10100  1.34534e+09
-0.10000  1.33460e+09
-0.09900  1.32370e+09
-0.09800  1.31265e+09
-0.09700  1.30145e+09
-0.09600  1.29011e+09
-0.09500  1.27863e+09
-0.09400  1.26702e+09
-0.09300  1.25529e+09
-0.09200  1.24344e+09
-0.09100  1.23147e+09
-0.09000  1.21940e+09
-0.08900  1.20723e+09
-0.08800  1.19496e+09
-0.08700  1.18259e+09
-0.08600  1.17015e+09
-0.08500  1.15763e+09
-0.08400  1.14503e+09
-0.08300  1.13237e+09
-0.08200  1.11965e+09
-0.08100  1.10688e+09
-0.08000  1.09405e+09
-0.07900  1.08119e+09
-0.07800  1.06829e+09
-0.07700  1.05537e+09
-0.07600  1.04242e+09
-0.07500  1.02945e+09
-0.07400  1.01648e+09
-0.07300  1.00350e+09
-0.07200  9.90515e+08
-0.07100  9.77542e+08
-0.07000  9.64581e+08
-0.06900  9.51639e+08
-0.06800  9.38721e+08
-0.06700  9.25832e+08
-0.06600  9.12979e+08
-0.06500  9.00165e+08
-0.06400  8.87397e+08
-0.06300  8.74679e+08
-0.06200  8.62016e+08
-0.06100  8.49413e+08
-0.06000  8.36874e+08
-0.05900  8.24405e+08
-0.05800  8.12008e+08
-0.05700  7.99689e+08
-0.05600  7.87451e+08
-0.05500  7.75298e+08
-0.05400  7.63233e+08
-0.05300  7.51261e+08
-0.05200  7.39383e+08
-0.05100  7.27603e+08
-0.05000  7.15924e+08
-0.04900  7.04348e+08
-0.04800  6.92878e+08
-0.04700  6.81516e+08
-0.04600  6.70264e+08
-0.04500  6.59124e+08
-0.04400  6.48096e+08
-0.04300  6.37183e+08
-0.04200  6.26386e+08
-0.04100  6.15705e+08
-0.04000  6.05142e+08
-0.03900  5.94696e+08
-0.03800  5.84368e+08
-0.03700  5.74158e+08
-0.03600  5.64067e+08
-0.03500  5.54092e+08
-0.03400  5.44235e+08
-0.03300  5.34495e+08
-0.03200  5.24870e+08
-0.03100  5.15359e+08
-0.03000  5.05962e+08
-0.02900  4.96676e+08
-0.02800  4.87500e+08
-0.02700  4.78433e+08
-0.02600  4.69473e+08
-0.02500  4.60617e+08
-0.02400  4.51863e+08
-0.02300  4.43209e+08
-0.02200  4.34653e+08
-0.02100  4.26192e+08
-0.02000  4.17823e+08
-0.01900  4.09543e+08
-0.01800  4.01350e+08
-0.01700  3.93240e+08
-0.01600  3.85211e+08
-0.01500  3.77259e+08
-0.01400  3.69382e+08
-0.01300  3.61575e+08
-0.01200  3.53837e+08
-0.01100  3.46162e+08
-0.01000  3.38548e+08
-0.00900  3.30992e+08
-0.00800  3.23490e+08
-0.00700  3.16038e+08
-0.00600  3.08634e+08
-0.00500  3.01273e+08
-0.00400  2.93953e+08
-0.00300  2.86669e+08
-0.00200  2.79420e+08
-0.00100  2.72200e+08
 0.00000  2.65007e+08
