-0.50000 -4.20540e+08
-0.49900 -4.26983e+08
-0.49800 -4.31280e+08
-0.49700 -4.33566e+08
-0.49600 -4.33985e+08
-0.49500 -4.32684e+08
-0.49400 -4.29811e+08
-0.49300 -4.25512e+08
-0.49200 -4.19926e+08
-0.49100 -4.13186e+08
-0.49000 -4.05419e+08
-0.48900 -3.96739e+08
-0.48800 -3.87254e+08
-0.48700 -3.77064e+08
-0.48600 -3.66259e+08
-0.48500 -3.54921e+08
-0.48400 -3.43126e+08
-0.48300 -3.30941e+08
-0.48200 -3.18429e+08
-0.48100 -3.05645e+08
-0.48000 -2.92639e+08
-0.47900 -2.79457e+08
-0.47800 -2.66138e+08
-0.47700 -2.52718e+08
-0.47600 -2.39225e+08
-0.47500 -2.25687e+08
-0.47400 -2.12122e+08
-0.47300 -1.98548e+08
-0.47200 -1.84975e+08
-0.47100 -1.71411e+08
-0.47000 -1.57859e+08
-0.46900 -1.44317e+08
-0.46800 -1.30780e+08
-0.46700 -1.17242e+08
-0.46600 -1.03692e+08
-0.46500 -9.01187e+07
-0.46400 -7.65091e+07
-0.46300 -6.28504e+07
-0.46200 -4.91303e+07
-0.46100 -3.53382e+07
-0.46000 -2.14659e+07
-0.45900 -7.50852e+06
-0.45800  6.53449e+06
-0.45700  2.06588e+07
-0.45600  3.48546e+07
-0.45500  4.91057e+07
-0.45400  6.33895e+07
-0.45300  7.76765e+07
-0.45200  9.19302e+07
-0.45100  1.06107e+08
-0.45000  1.20157e+08
-0.44900  1.34023e+08
-0.44800  1.47644e+08
-0.44700  1.60950e+08
-0.44600  1.73869e+08
-0.44500  1.86326e+08
-0.44400  1.98241e+08
-0.44300  2.09534e+08
-0.44200  2.20124e+08
-0.44100  2.29931e+08
-0.44000  2.38877e+08
-0.43900  2.46887e+08
-0.43800  2.53893e+08
-0.43700  2.59831e+08
-0.43600  2.64648e+08
-0.43500  2.68298e+08
-0.43400  2.70748e+08
-0.43300  2.71977e+08
-0.43200  2.71977e+08
-0.43100  2.70756e+08
-0.43000  2.68339e+08
-0.42900  2.64767e+08
-0.42800  2.60096e+08
-0.42700  2.54402e+08
-0.42600  2.47777e+08
-0.42500  2.40328e+08
-0.42400  2.32179e+08
-0.42300  2.23465e+08
-0.42200  2.14333e+08
-0.42100  2.04940e+08
-0.42000  1.95446e+08
-0.41900  1.86018e+08
-0.41800  1.76819e+08
-0.41700  1.68011e+08
-0.41600  1.59749e+08
-0.41500  1.52176e+08
-0.41400  1.45424e+08
-0.41300  1.39610e+08
-0.41200  1.34830e+08
-0.41100  1.31163e+08
-0.41000  1.28665e+08
-0.40900  1.27373e+08
-0.40800  1.27299e+08
-0.40700  1.28433e+08
-0.40600  1.30746e+08
-0.40500  1.34188e+08
-0.40400  1.38692e+08
-0.40300  1.44175e+08
-0.40200  1.50540e+08
-0.40100  1.57681e+08
-0.40000  1.65482e+08
-0.39900  1.73823e+08
-0.39800  1.82583e+08
-0.39700  1.91637e+08
-0.39600  2.00867e+08
-0.39500  2.10157e+08
-0.39400  2.19398e+08
-0.39300  2.28487e+08
-0.39200  2.37333e+08
-0.39100  2.45852e+08
-0.39000  2.53973e+08
-0.38900  2.61633e+08
-0.38800  2.68780e+08
-0.38700  2.75373e+08
-0.38600  2.81379e+08
-0.38500  2.86776e+08
-0.38400  2.91549e+08
-0.38300  2.95691e+08
-0.38200  2.99199e+08
-0.38100  3.02080e+08
-0.38000  3.04341e+08
-0.37900  3.05995e+08
-0.37800  3.07059e+08
-0.37700  3.07550e+08
-0.37600  3.07488e+08
-0.37500  3.06894e+08
-0.37400  3.05787e+08
-0.37300  3.04189e+08
-0.37200  3.02120e+08
-0.37100  2.99601e+08
-0.37000  2.96649e+08
-0.36900  2.93284e+08
-0.36800  2.89521e+08
-0.36700  2.85377e+08
-0.36600  2.80865e+08
-0.36500  2.76000e+08
-0.36400  2.70793e+08
-0.36300  2.65254e+08
-0.36200  2.59395e+08
-0.36100  2.53225e+08
-0.36000  2.46750e+08
-0.35900  2.39980e+08
-0.35800  2.32921e+08
-0.35700  2.25581e+08
-0.35600  2.17964e+08
-0.35500  2.10078e+08
-0.35400  2.01928e+08
-0.35300  1.93521e+08
-0.35200  1.84863e+08
-0.35100  1.75959e+08
-0.35000  1.66819e+08
-0.34900  1.57447e+08
-0.34800  1.47853e+08
-0.34700  1.38046e+08
-0.34600  1.28033e+08
-0.34500  1.17826e+08
-0.34400  1.07436e+08
-0.34300  9.68738e+07
-0.34200  8.61531e+07
-0.34100  7.52878e+07
-0.34000  6.42928e+07
-0.33900  5.31842e+07
-0.33800  4.19792e+07
-0.33700  3.06960e+07
-0.33600  1.93540e+07
-0.33500  7.97348e+06
-0.33400 -3.42404e+06
-0.33300 -1.48162e+07
-0.33200 -2.61798e+07
-0.33100 -3.74906e+07
-0.33000 -4.87237e+07
-0.32900 -5.98535e+07
-0.32800 -7.08538e+07
-0.32700 -8.16980e+07
-0.32600 -9.23590e+07
-0.32500 -1.02809e+08
-0.32400 -1.13022e+08
-0.32300 -1.22970e+08
-0.32200 -1.32625e+08
-0.32100 -1.41961e+08
-0.32000 -1.50952e+08
-0.31900 -1.59572e+08
-0.31800 -1.67795e+08
-0.31700 -1.75599e+08
-0.31600 -1.82960e+08
-0.31500 -1.89856e+08
-0.31400 -1.96267e+08
-0.31300 -2.02175e+08
-0.31200 -2.07562e+08
-0.31100 -2.12412e+08
-0.31000 -2.16713e+08
-0.30900 -2.20453e+08
-0.30800 -2.23620e+08
-0.30700 -2.26209e+08
-0.30600 -2.28213e+08
-0.30500 -2.29628e+08
-0.30400 -2.30452e+08
-0.30300 -2.30686e+08
-0.30200 -2.30331e+08
-0.30100 -2.29392e+08
-0.30000 -2.27873e+08
-0.29900 -2.25781e+08
-0.29800 -2.23125e+08
-0.29700 -2.19915e+08
-0.29600 -2.16159e+08
-0.29500 -2.11871e+08
-0.29400 -2.07061e+08
-0.29300 -2.01741e+08
-0.29200 -1.95923e+08
-0.29100 -1.89620e+08
-0.29000 -1.82844e+08
-0.28900 -1.75605e+08
-0.28800 -1.67913e+08
-0.28700 -1.59780e+08
-0.28600 -1.51213e+08
-0.28500 -1.42220e+08
-0.28400 -1.32807e+08
-0.28300 -1.22981e+08
-0.28200 -1.12745e+08
-0.28100 -1.02101e+08
-0.28000 -9.10535e+07
-0.27900 -7.96021e+07
-0.27800 -6.77474e+07
-0.27700 -5.54894e+07
-0.27600 -4.28275e+07
-0.27500 -2.97610e+07
-0.27400 -1.62891e+07
-0.27300 -2.41159e+06
-0.27200  1.18714e+07
-0.27100  2.65589e+07
-0.27000  4.16491e+07
-0.26900  5.71388e+07
-0.26800  7.30237e+07
-0.26700  8.92981e+07
-0.26600  1.05955e+08
-0.26500  1.22984e+08
-0.26400  1.40377e+08
-0.26300  1.58120e+08
-0.26200  1.76201e+08
-0.26100  1.94604e+08
-0.26000  2.13314e+08
-0.25900  2.32312e+08
-0.25800  2.51582e+08
-0.25700  2.71102e+08
-0.25600  2.90855e+08
-0.25500  3.10820e+08
-0.25400  3.30975e+08
-0.25300  3.51301e+08
-0.25200  3.71777e+08
-0.25100  3.92382e+08
-0.25000  4.13095e+08
-0.24900  4.33895e+08
-0.24800  4.54763e+08
-0.24700  4.75679e+08
-0.24600  4.96622e+08
-0.24500  5.17572e+08
-0.24400  5.38511e+08
-0.24300  5.59417e+08
-0.24200  5.80272e+08
-0.24100  6.01055e+08
-0.24000  6.21747e+08
-0.23900  6.42327e+08
-0.23800  6.62776e+08
-0.23700  6.83072e+08
-0.23600  7.03195e+08
-0.23500  7.23125e+08
-0.23400  7.42840e+08
-0.23300  7.62321e+08
-0.23200  7.81546e+08
-0.23100  8.00497e+08
-0.23000  8.19153e+08
-0.22900  8.37496e+08
-0.22800  8.55507e+08
-0.22700  8.73170e+08
-0.22600  8.90469e+08
-0.22500  9.07389e+08
-0.22400  9.23916e+08
-0.22300  9.40040e+08
-0.22200  9.55748e+08
-0.22100  9.71034e+08
-0.22000  9.85889e+08
-0.21900  1.00031e+09
-0.21800  1.01429e+09
-0.21700  1.02783e+09
-0.21600  1.04092e+09
-0.21500  1.05358e+09
-0.21400  1.06579e+09
-0.21300  1.07757e+09
-0.21200  1.08892e+09
-0.21100  1.09985e+09
-0.21000  1.11035e+09
-0.20900  1.12044e+09
-0.20800  1.13013e+09
-0.20700  1.13942e+09
-0.20600  1.14832e+09
-0.20500  1.15685e+09
-0.20400  1.16500e+09
-0.20300  1.17279e+09
-0.20200  1.18023e+09
-0.20100  1.18732e+09
-0.20000  1.19408e+09
-0.19900  1.20050e+09
-0.19800  1.20661e+09
-0.19700  1.21240e+09
-0.19600  1.21788e+09
-0.19500  1.22305e+09
-0.19400  1.22793e+09
-0.19300  1.23252e+09
-0.19200  1.23682e+09
-0.19100  1.24083e+09
-0.19000  1.24457e+09
-0.18900  1.24802e+09
-0.18800  1.25120e+09
-0.18700  1.25411e+09
-0.18600  1.25675e+09
-0.18500  1.25912e+09
-0.18400  1.26122e+09
-0.18300  1.26306e+09
-0.18200  1.26463e+09
-0.18100  1.26593e+09
-0.18000  1.26697e+09
-0.17900  1.26775e+09
-0.17800  1.26826e+09
-0.17700  1.26851e+09
-0.17600  1.26850e+09
-0.17500  1.26822e+09
-0.17400  1.26768e+09
-0.17300  1.26687e+09
-0.17200  1.26580e+09
-0.17100  1.26446e+09
-0.17000  1.26286e+09
-0.16900  1.26100e+09
-0.16800  1.25887e+09
-0.16700  1.25647e+09
-0.16600  1.25381e+09
-0.16500  1.25088e+09
-0.16400  1.24768e+09
-0.16300  1.24422e+09
-0.16200  1.24050e+09
-0.16100  1.23651e+09
-0.16000  1.23225e+09
-0.15900  1.22773e+09
-0.15800  1.22294e+09
-0.15700  1.21789e+09
-0.15600  1.21257e+09
-0.15500  1.20699e+09
-0.15400  1.20114e+09
-0.15300  1.19504e+09
-0.15200  1.18866e+09
-0.15100  1.18203e+09
-0.15000  1.17514e+09
-0.14900  1.16798e+09
-0.14800  1.16057e+09
-0.14700  1.15289e+09
-0.14600  1.14496e+09
-0.14500  1.13677e+09
-0.14400  1.12833e+09
-0.14300  1.11962e+09
-0.14200  1.11067e+09
-0.14100  1.10146e+09
-0.14000  1.09199e+09
-0.13900  1.08228e+09
-0.13800  1.07231e+09
-0.13700  1.06210e+09
-0.13600  1.05163e+09
-0.13500  1.04092e+09
-0.13400  1.02996e+09
-0.13300  1.01876e+09
-0.13200  1.00731e+09
-0.13100  9.95621e+08
-0.13000  9.83689e+08
-0.12900  9.71516e+08
-0.12800  9.59104e+08
-0.12700  9.46453e+08
-0.12600  9.33566e+08
-0.12500  9.20444e+08
-0.12400  9.07086e+08
-0.12300  8.93496e+08
-0.12200  8.79674e+08
-0.12100  8.65622e+08
-0.12000  8.51340e+08
-0.11900  8.36830e+08
-0.11800  8.22094e+08
-0.11700  8.07133e+08
-0.11600  7.91948e+08
-0.11500  7.76541e+08
-0.11400  7.60913e+08
-0.11300  7.45066e+08
-0.11200  7.29001e+08
-0.11100  7.12720e+08
-0.11000  6.96224e+08
-0.10900  6.79515e+08
-0.10800  6.62595e+08
-0.10700  6.45465e+08
-0.10600  6.28128e+08
-0.10500  6.10584e+08
-0.10400  5.92836e+08
-0.10300  5.74886e+08
-0.10200  5.56736e+08
-0.10100  5.38388e+08
-0.10000  5.19843e+08
-0.09900  5.01105e+08
-0.09800  4.82175e+08
-0.09700  4.63056e+08
-0.09600  4.43750e+08
-0.09500  4.24260e+08
-0.09400  4.04587e+08
-0.09300  3.84736e+08
-0.09200  3.64709e+08
-0.09100  3.44508e+08
-0.09000  3.24137e+08
-0.08900  3.03598e+08
-0.08800  2.82896e+08
-0.08700  2.62032e+08
-0.08600  2.41011e+08
-0.08500  2.19836e+08
-0.08400  1.98511e+08
-0.08300  1.77039e+08
-0.08200  1.55425e+08
-0.08100  1.33672e+08
-0.08000  1.11784e+08
-0.07900  8.97665e+07
-0.07800  6.76228e+07
-0.07700  4.53579e+07
-0.07600  2.29762e+07
-0.07500  4.82559e+05
-0.07400 -2.21181e+07
-0.07300 -4.48207e+07
-0.07200 -6.76201e+07
-0.07100 -9.05110e+07
-0.07000 -1.13488e+08
-0.06900 -1.36545e+08
-0.06800 -1.59678e+08
-0.06700 -1.82879e+08
-0.06600 -2.06143e+08
-0.06500 -2.29464e+08
-0.06400 -2.52836e+08
-0.06300 -2.76253e+08
-0.06200 -2.99707e+08
-0.06100 -3.23194e+08
-0.06000 -3.46704e+08
-0.05900 -3.70233e+08
-0.05800 -3.93774e+08
-0.05700 -4.17318e+08
-0.05600 -4.40860e+08
-0.05500 -4.64392e+08
-0.05400 -4.87907e+08
-0.05300 -5.11398e+08
-0.05200 -5.34857e+08
-0.05100 -5.58277e+08
-0.05000 -5.81651e+08
-0.04900 -6.04970e+08
-0.04800 -6.28228e+08
-0.04700 -6.51417e+08
-0.04600 -6.74529e+08
-0.04500 -6.97557e+08
-0.04400 -7.20493e+08
-0.04300 -7.43329e+08
-0.04200 -7.66058e+08
-0.04100 -7.88671e+08
-0.04000 -8.11163e+08
-0.03900 -8.33524e+08
-0.03800 -8.55748e+08
-0.03700 -8.77827e+08
-0.03600 -8.99753e+08
-0.03500 -9.21520e+08
-0.03400 -9.43119e+08
-0.03300 -9.64544e+08
-0.03200 -9.85787e+08
-0.03100 -1.00684e+09
-0.03000 -1.02770e+09
-0.02900 -1.04836e+09
-0.02800 -1.06881e+09
-0.02700 -1.08904e+09
-0.02600 -1.10905e+09
-0.02500 -1.12884e+09
-0.02400 -1.14839e+09
-0.02300 -1.16770e+09
-0.02200 -1.18676e+09
-0.02100 -1.20558e+09
-0.02000 -1.22413e+09
-0.01900 -1.24243e+09
-0.01800 -1.26045e+09
-0.01700 -1.27821e+09
-0.01600 -1.29569e+09
-0.01500 -1.31289e+09
-0.01400 -1.32981e+09
-0.01300 -1.34643e+09
-0.01200 -1.36277e+09
-0.01100 -1.37880e+09
-0.01000 -1.39454e+09
-0.00900 -1.40998e+09
-0.00800 -1.42511e+09
-0.00700 -1.43994e+09
-0.00600 -1.45445e+09
-0.00500 -1.46866e+09
-0.00400 -1.48255e+09
-0.00300 -1.49612e+09
-0.00200 -1.50938e+09
-0.00100 -1.52232e+09
 0.00000 -1.53494e+09
