  300.00 -12.00000  8.76578e+11  8.76578e+11  8.76578e+11 -4.87458e+11 -4.87458e+11  4.87458e+11
  300.00 -11.96994  2.34779e+12  2.34779e+12  2.34779e+12 -1.41897e+12 -1.41897e+12  1.41897e+12
  300.00 -11.93988  6.33833e+12  6.33833e+12  6.33833e+12 -4.13538e+12 -4.13538e+12  4.13538e+12
  300.00 -11.90982  1.73218e+13  1.73218e+13  1.73218e+13 -1.21114e+13 -1.21114e+13  1.21114e+13
  300.00 -11.87976  4.79444e+13  4.79444e+13  4.79444e+13 -3.56012e+13 -3.56012e+13  3.56012e+13
  300.00 -11.84970  1.33694e+14  1.33694e+14  1.33694e+14 -1.04294e+14 -1.04294e+14  1.04294e+14
  300.00 -11.81964  3.71544e+14  3.71544e+14  3.71544e+14 -3.01034e+14 -3.01034e+14  3.01034e+14
  300.00 -11.78958  1.01470e+15  1.01470e+15  1.01470e+15 -8.44924e+14 -8.44924e+14  8.44924e+14
  300.00 -11.75952  2.68486e+15  2.68486e+15  2.68486e+15 -2.27747e+15 -2.27747e+15  2.27747e+15
  300.00 -11.72946  6.79892e+15  6.79892e+15  6.79892e+15 -5.83447e+15 -5.83447e+15  5.83447e+15
  300.00 -11.69940  1.63225e+16  1.63225e+16  1.63225e+16 -1.40927e+16 -1.40927e+16  1.40927e+16
  300.00 -11.66934  3.69073e+16  3.69073e+16  3.69073e+16 -3.19095e+16 -3.19095e+16  3.19095e+16
  300.00 -11.63928  7.82906e+16  7.82906e+16  7.82906e+16 -6.74598e+16 -6.74598e+16  6.74598e+16
  300.00 -11.60922  1.55586e+17  1.55586e+17  1.55586e+17 -1.32799e+17 -1.32799e+17  1.32799e+17
  300.00 -11.57916  2.90041e+17  2.90041e+17  2.90041e+17 -2.42965e+17 -2.42965e+17  2.42965e+17
  300.00 -11.54910  5.09430e+17  5.09430e+17  5.09430e+17 -4.12493e+17 -4.12493e+17  4.12493e+17
  300.00 -11.51904  8.49457e+17  8.49457e+17  8.49457e+17 -6.48878e+17 -6.48878e+17  6.48878e+17
  300.00 -11.48898  1.35771e+18  1.35771e+18  1.35771e+18 -9.44776e+17 -9.44776e+17  9.44776e+17
  300.00 -11.45892  2.09849e+18  2.09849e+18  2.09849e+18 -1.27450e+18 -1.27450e+18  1.27450e+18
  300.00 -11.42886  3.15186e+18  3.15186e+18  3.15186e+18 -1.60238e+18 -1.60238e+18  1.60238e+18
  300.00 -11.39880  4.60294e+18  4.60294e+18  4.60294e+18 -1.90349e+18 -1.90349e+18  1.90349e+18
  300.00 -11.36874  6.53068e+18  6.53068e+18  6.53068e+18 -2.18212e+18 -2.18212e+18  2.18212e+18
  300.00 -11.33868  9.01602e+18  9.01602e+18  9.01602e+18 -2.47352e+18 -2.47352e+18  2.47352e+18
  300.00 -11.30862  1.21700e+19  1.21700e+19  1.21700e+19 -2.83797e+18 -2.83797e+18  2.83797e+18
  300.00 -11.27856  1.61036e+19  1.61036e+19  1.61036e+19 -3.32342e+18 -3.32342e+18  3.32342e+18
  300.00 -11.24850  2.06834e+19  2.06834e+19  2.06834e+19 -3.75592e+18 -3.75592e+18  3.75592e+18
  300.00 -11.21844  2.53817e+19  2.53817e+19  2.53817e+19 -3.69267e+18 -3.69267e+18  3.69267e+18
  300.00 -11.18838  2.94458e+19  2.94458e+19  2.94458e+19 -2.97676e+18 -2.97676e+18  2.97676e+18
  300.00 -11.15832  3.31185e+19  3.31185e+19  3.31185e+19 -2.15109e+18 -2.15109e+18  2.15109e+18
  300.00 -11.12826  3.69551e+19  3.69551e+19  3.69551e+19 -1.62335e+18 -1.62335e+18  1.62335e+18
  300.00 -11.09820  4.07520e+19  4.07520e+19  4.07520e+19 -1.31126e+18 -1.31126e+18  1.31126e+18
  300.00 -11.06814  4.44475e+19  4.44475e+19  4.44475e+19 -1.11026e+18 -1.11026e+18  1.11026e+18
  300.00 -11.03808  4.81674e+19  4.81674e+19  4.81674e+19 -9.68867e+17 -9.68867e+17  9.68867e+17
  300.00 -11.00802  5.20621e+19  5.20621e+19  5.20621e+19 -8.75107e+17 -8.75107e+17  8.75107e+17
  300.00 -10.97796  5.62145e+19  5.62145e+19  5.62145e+19 -8.35898e+17 -8.35898e+17  8.35898e+17
  300.00 -10.94790  6.06257e+19  6.06257e+19  6.06257e+19 -8.64307e+17 -8.64307e+17  8.64307e+17
  300.00 -10.91784  6.52420e+19  6.52420e+19  6.52420e+19 -9.69130e+17 -9.69130e+17  9.69130e+17
  300.00 -10.88778  6.99925e+19  6.99925e+19  6.99925e+19 -1.14750e+18 -1.14750e+18  1.14750e+18
  300.00 -10.85772  7.48162e+19  7.48162e+19  7.48162e+19 -1.38247e+18 -1.38247e+18  1.38247e+18
  300.00 -10.82766  7.96754e+19  7.96754e+19  7.96754e+19 -1.64533e+18 -1.64533e+18  1.64533e+18
  300.00 -10.79760  8.45572e+19  8.45572e+19  8.45572e+19 -1.90105e+18 -1.90105e+18  1.90105e+18
  300.00 -10.76754  8.94680e+19  8.94680e+19  8.94680e+19 -2.11484e+18 -2.11484e+18  2.11484e+18
  300.00 -10.73747  9.44245e+19  9.44245e+19  9.44245e+19 -2.25836e+18 -2.25836e+18  2.25836e+18
  300.00 -10.70741  9.94441e+19  9.94441e+19  9.94441e+19 -2.31396e+18 -2.31396e+18  2.31396e+18
  300.00 -10.67735  1.04537e+20  1.04537e+20  1.04537e+20 -2.27642e+18 -2.27642e+18  2.27642e+18
  300.00 -10.64729  1.09702e+20  1.09702e+20  1.09702e+20 -2.15207e+18 -2.15207e+18  2.15207e+18
  300.00 -10.61723  1.14927e+20  1.14927e+20  1.14927e+20 -1.95595e+18 -1.95595e+18  1.95595e+18
  300.00 -10.58717  1.20194e+20  1.20194e+20  1.20194e+20 -1.70799e+18 -1.70799e+18  1.70799e+18
  300.00 -10.55711  1.25484e+20  1.25484e+20  1.25484e+20 -1.42944e+18 -1.42944e+18  1.42944e+18
  300.00 -10.52705  1.30785e+20  1.30785e+20  1.30785e+20 -1.14017e+18 -1.14017e+18  1.14017e+18
  300.00 -10.49699  1.36097e+20  1.36097e+20  1.36097e+20 -8.57183e+17 -8.57183e+17  8.57183e+17
  300.00 -10.46693  1.41433e+20  1.41433e+20  1.41433e+20 -5.94147e+17 -5.94147e+17  5.94147e+17
  300.00 -10.43687  1.46815e+20  1.46815e+20  1.46815e+20 -3.61532e+17 -3.61532e+17  3.61532e+17
  300.00 -10.40681  1.52274e+20  1.52274e+20  1.52274e+20 -1.66945e+17 -1.66945e+17  1.66945e+17
  300.00 -10.37675  1.57839e+20  1.57839e+20  1.57839e+20 -1.53593e+16 -1.53593e+16  1.53593e+16
  300.00 -10.34669  1.63534e+20  1.63534e+20  1.63534e+20  9.08480e+16  9.08481e+16 -9.08480e+16
  300.00 -10.31663  1.69373e+20  1.69373e+20  1.69373e+20  1.51930e+17  1.51930e+17 -1.51930e+17
  300.00 -10.28657  1.75357e+20  1.75357e+20  1.75357e+20  1.70724e+17  1.70724e+17 -1.70724e+17
  300.00 -10.25651  1.81477e+20  1.81477e+20  1.81477e+20  1.52380e+17  1.52380e+17 -1.52380e+17
  300.00 -10.22645  1.87717e+20  1.87717e+20  1.87717e+20  1.03816e+17  1.03816e+17 -1.03816e+17
  300.00 -10.19639  1.94055e+20  1.94055e+20  1.94055e+20  3.29440e+16  3.29440e+16 -3.29440e+16
  300.00 -10.16633  2.00473e+20  2.00473e+20  2.00473e+20 -5.22036e+16 -5.22036e+16  5.22036e+16
  300.00 -10.13627  2.06959e+20  2.06959e+20  2.06959e+20 -1.44306e+17 -1.44306e+17  1.44306e+17
  300.00 -10.10621  2.13507e+20  2.13507e+20  2.13507e+20 -2.37412e+17 -2.37412e+17  2.37412e+17
  300.00 -10.07615  2.20118e+20  2.20118e+20  2.20118e+20 -3.27340e+17 -3.27340e+17  3.27340e+17
  300.00 -10.04609  2.26802e+20  2.26802e+20  2.26802e+20 -4.11798e+17 -4.11798e+17  4.11798e+17
  300.00 -10.01603  2.33572e+20  2.33572e+20  2.33572e+20 -4.90241e+17 -4.90241e+17  4.90241e+17
  300.00 -9.98597  2.40440e+20  2.40440e+20  2.40440e+20 -5.63520e+17 -5.63520e+17  5.63520e+17
  300.00 -9.95591  2.47416e+20  2.47416e+20  2.47416e+20 -6.33417e+17 -6.33417e+17  6.33417e+17
  300.00 -9.92585  2.54508e+20  2.54508e+20  2.54508e+20 -7.02122e+17 -7.02122e+17  7.02122e+17
  300.00 -9.89579  2.61714e+20  2.61714e+20  2.61714e+20 -7.71758e+17 -7.71758e+17  7.71758e+17
  300.00 -9.86573  2.69028e+20  2.69028e+20  2.69028e+20 -8.43974e+17 -8.43974e+17  8.43974e+17
  300.00 -9.83567  2.76440e+20  2.76440e+20  2.76440e+20 -9.19678e+17 -9.19678e+17  9.19678e+17
  300.00 -9.80561  2.83936e+20  2.83936e+20  2.83936e+20 -9.98903e+17 -9.98903e+17  9.98903e+17
  300.00 -9.77555  2.91501e+20  2.91501e+20  2.91501e+20 -1.08081e+18 -1.08081e+18  1.08081e+18
  300.00 -9.74549  2.99124e+20  2.99124e+20  2.99124e+20 -1.16379e+18 -1.16379e+18  1.16379e+18
  300.00 -9.71543  3.06795e+20  3.06795e+20  3.06795e+20 -1.24570e+18 -1.24570e+18  1.24570e+18
  300.00 -9.68537  3.14512e+20  3.14512e+20  3.14512e+20 -1.32403e+18 -1.32403e+18  1.32403e+18
  300.00 -9.65531  3.22276e+20  3.22276e+20  3.22276e+20 -1.39623e+18 -1.39623e+18  1.39623e+18
  300.00 -9.62525  3.30095e+20  3.30095e+20  3.30095e+20 -1.45985e+18 -1.45985e+18  1.45985e+18
  300.00 -9.59519  3.37979e+20  3.37979e+20  3.37979e+20 -1.51277e+18 -1.51277e+18  1.51277e+18
  300.00 -9.56513  3.45940e+20  3.45940e+20  3.45940e+20 -1.55329e+18 -1.55329e+18  1.55329e+18
  300.00 -9.53507  3.53992e+20  3.53992e+20  3.53992e+20 -1.58018e+18 -1.58018e+18  1.58018e+18
  300.00 -9.50501  3.62143e+20  3.62143e+20  3.62143e+20 -1.59273e+18 -1.59273e+18  1.59273e+18
  300.00 -9.47495  3.70400e+20  3.70400e+20  3.70400e+20 -1.59071e+18 -1.59071e+18  1.59071e+18
  300.00 -9.44489  3.78763e+20  3.78763e+20  3.78763e+20 -1.57436e+18 -1.57436e+18  1.57436e+18
  300.00 -9.41483  3.87227e+20  3.87227e+20  3.87227e+20 -1.54431e+18 -1.54431e+18  1.54431e+18
  300.00 -9.38477  3.95784e+20  3.95784e+20  3.95784e+20 -1.50159e+18 -1.50159e+18  1.50159e+18
  300.00 -9.35471  4.04420e+20  4.04420e+20  4.04420e+20 -1.44756e+18 -1.44756e+18  1.44756e+18
  300.00 -9.32465  4.13119e+20  4.13119e+20  4.13119e+20 -1.38389e+18 -1.38389e+18  1.38389e+18
  300.00 -9.29459  4.21867e+20  4.21867e+20  4.21867e+20 -1.31248e+18 -1.31248e+18  1.31248e+18
  300.00 -9.26453  4.30648e+20  4.30648e+20  4.30648e+20 -1.23545e+18 -1.23545e+18  1.23545e+18
  300.00 -9.23447  4.39450e+20  4.39450e+20  4.39450e+20 -1.15503e+18 -1.15503e+18  1.15503e+18
  300.00 -9.20441  4.48267e+20  4.48267e+20  4.48267e+20 -1.07348e+18 -1.07348e+18  1.07348e+18
  300.00 -9.17435  4.57096e+20  4.57096e+20  4.57096e+20 -9.92954e+17 -9.92954e+17  9.92954e+17
  300.00 -9.14429  4.65939e+20  4.65939e+20  4.65939e+20 -9.15447e+17 -9.15447e+17  9.15447e+17
  300.00 -9.11423  4.74804e+20  4.74804e+20  4.74804e+20 -8.42638e+17 -8.42638e+17  8.42638e+17
  300.00 -9.08417  4.83701e+20  4.83701e+20  4.83701e+20 -7.75825e+17 -7.75825e+17  7.75825e+17
  300.00 -9.05411  4.92643e+20  4.92643e+20  4.92643e+20 -7.15858e+17 -7.15858e+17  7.15858e+17
  300.00 -9.02405  5.01644e+20  5.01644e+20  5.01644e+20 -6.63112e+17 -6.63112e+17  6.63112e+17
  300.00 -8.99399  5.10716e+20  5.10716e+20  5.10716e+20 -6.17497e+17 -6.17497e+17  6.17497e+17
  300.00 -8.96393  5.19870e+20  5.19870e+20  5.19870e+20 -5.78503e+17 -5.78503e+17  5.78503e+17
  300.00 -8.93387  5.29114e+20  5.29114e+20  5.29114e+20 -5.45274e+17 -5.45274e+17  5.45274e+17
  300.00 -8.90381  5.38451e+20  5.38451e+20  5.38451e+20 -5.16710e+17 -5.16710e+17  5.16710e+17
  300.00 -8.87375  5.47881e+20  5.47881e+20  5.47881e+20 -4.91570e+17 -4.91570e+17  4.91570e+17
  300.00 -8.84369  5.57399e+20  5.57399e+20  5.57399e+20 -4.68586e+17 -4.68586e+17  4.68586e+17
  300.00 -8.81363  5.66997e+20  5.66997e+20  5.66997e+20 -4.46555e+17 -4.46555e+17  4.46555e+17
  300.00 -8.78357  5.76665e+20  5.76665e+20  5.76665e+20 -4.24427e+17 -4.24427e+17  4.24427e+17
  300.00 -8.75351  5.86392e+20  5.86392e+20  5.86392e+20 -4.01355e+17 -4.01355e+17  4.01355e+17
  300.00 -8.72345  5.96166e+20  5.96166e+20  5.96166e+20 -3.76735e+17 -3.76735e+17  3.76735e+17
  300.00 -8.69339  6.05977e+20  6.05977e+20  6.05977e+20 -3.50207e+17 -3.50207e+17  3.50207e+17
  300.00 -8.66333  6.15817e+20  6.15817e+20  6.15817e+20 -3.21651e+17 -3.21651e+17  3.21651e+17
  300.00 -8.63327  6.25680e+20  6.25680e+20  6.25680e+20 -2.91155e+17 -2.91155e+17  2.91155e+17
  300.00 -8.60321  6.35566e+20  6.35566e+20  6.35566e+20 -2.58976e+17 -2.58976e+17  2.58976e+17
  300.00 -8.57315  6.45475e+20  6.45475e+20  6.45475e+20 -2.25503e+17 -2.25503e+17  2.25503e+17
  300.00 -8.54309  6.55411e+20  6.55411e+20  6.55411e+20 -1.91207e+17 -1.91207e+17  1.91207e+17
  300.00 -8.51303  6.65381e+20  6.65381e+20  6.65381e+20 -1.56607e+17 -1.56607e+17  1.56607e+17
  300.00 -8.48297  6.75393e+20  6.75393e+20  6.75393e+20 -1.22232e+17 -1.22232e+17  1.22232e+17
  300.00 -8.45291  6.85456e+20  6.85456e+20  6.85456e+20 -8.85982e+16 -8.85981e+16  8.85981e+16
  300.00 -8.42285  6.95579e+20  6.95579e+20  6.95579e+20 -5.61831e+16 -5.61830e+16  5.61830e+16
  300.00 -8.39279  7.05769e+20  7.05769e+20  7.05769e+20 -2.54130e+16 -2.54130e+16  2.54130e+16
  300.00 -8.36273  7.16031e+20  7.16031e+20  7.16031e+20  3.34931e+15  3.34933e+15 -3.34933e+15
  300.00 -8.33267  7.26368e+20  7.26368e+20  7.26368e+20  2.98129e+16  2.98129e+16 -2.98130e+16
  300.00 -8.30261  7.36781e+20  7.36781e+20  7.36781e+20  5.37660e+16  5.37660e+16 -5.37660e+16
  300.00 -8.27255  7.47266e+20  7.47266e+20  7.47266e+20  7.50814e+16  7.50815e+16 -7.50815e+16
  300.00 -8.24248  7.57819e+20  7.57819e+20  7.57819e+20  9.37229e+16  9.37229e+16 -9.37229e+16
  300.00 -8.21242  7.68432e+20  7.68432e+20  7.68432e+20  1.09749e+17  1.09749e+17 -1.09749e+17
  300.00 -8.18236  7.79096e+20  7.79096e+20  7.79096e+20  1.23316e+17  1.23316e+17 -1.23316e+17
  300.00 -8.15230  7.89802e+20  7.89802e+20  7.89802e+20  1.34679e+17  1.34679e+17 -1.34679e+17
  300.00 -8.12224  8.00541e+20  8.00541e+20  8.00541e+20  1.44189e+17  1.44189e+17 -1.44189e+17
  300.00 -8.09218  8.11305e+20  8.11305e+20  8.11305e+20  1.52287e+17  1.52287e+17 -1.52287e+17
  300.00 -8.06212  8.22087e+20  8.22087e+20  8.22087e+20  1.59492e+17  1.59492e+17 -1.59492e+17
  300.00 -8.03206  8.32883e+20  8.32883e+20  8.32883e+20  1.66382e+17  1.66382e+17 -1.66382e+17
  300.00 -8.00200  8.43691e+20  8.43691e+20  8.43691e+20  1.73578e+17  1.73578e+17 -1.73578e+17
  300.00 -7.97194  8.54512e+20  8.54512e+20  8.54512e+20  1.81715e+17  1.81715e+17 -1.81715e+17
  300.00 -7.94188  8.65348e+20  8.65348e+20  8.65348e+20  1.91417e+17  1.91417e+17 -1.91417e+17
  300.00 -7.91182  8.76206e+20  8.76206e+20  8.76206e+20  2.03270e+17  2.03270e+17 -2.03270e+17
  300.00 -7.88176  8.87092e+20  8.87092e+20  8.87092e+20  2.17790e+17  2.17790e+17 -2.17790e+17
  300.00 -7.85170  8.98014e+20  8.98014e+20  8.98014e+20  2.35403e+17  2.35403e+17 -2.35403e+17
  300.00 -7.82164  9.08980e+20  9.08980e+20  9.08980e+20  2.56418e+17  2.56418e+17 -2.56418e+17
  300.00 -7.79158  9.19999e+20  9.19999e+20  9.19999e+20  2.81017e+17  2.81017e+17 -2.81017e+17
  300.00 -7.76152  9.31078e+20  9.31078e+20  9.31078e+20  3.09242e+17  3.09242e+17 -3.09242e+17
  300.00 -7.73146  9.42220e+20  9.42220e+20  9.42220e+20  3.40991e+17  3.40991e+17 -3.40991e+17
  300.00 -7.70140  9.53431e+20  9.53431e+20  9.53431e+20  3.76027e+17  3.76027e+17 -3.76027e+17
  300.00 -7.67134  9.64710e+20  9.64710e+20  9.64710e+20  4.13984e+17  4.13984e+17 -4.13984e+17
  300.00 -7.64128  9.76056e+20  9.76056e+20  9.76056e+20  4.54386e+17  4.54386e+17 -4.54386e+17
  300.00 -7.61122  9.87466e+20  9.87466e+20  9.87466e+20  4.96672e+17  4.96672e+17 -4.96672e+17
  300.00 -7.58116  9.98933e+20  9.98933e+20  9.98933e+20  5.40214e+17  5.40214e+17 -5.40214e+17
  300.00 -7.55110  1.01045e+21  1.01045e+21  1.01045e+21  5.84345e+17  5.84345e+17 -5.84345e+17
  300.00 -7.52104  1.02201e+21  1.02201e+21  1.02201e+21  6.28389e+17  6.28389e+17 -6.28389e+17
  300.00 -7.49098  1.03360e+21  1.03360e+21  1.03360e+21  6.71681e+17  6.71681e+17 -6.71681e+17
  300.00 -7.46092  1.04521e+21  1.04521e+21  1.04521e+21  7.13587e+17  7.13587e+17 -7.13587e+17
  300.00 -7.43086  1.05684e+21  1.05684e+21  1.05684e+21  7.53527e+17  7.53527e+17 -7.53527e+17
  300.00 -7.40080  1.06848e+21  1.06848e+21  1.06848e+21  7.90982e+17  7.90982e+17 -7.90982e+17
  300.00 -7.37074  1.08011e+21  1.08011e+21  1.08011e+21  8.25503e+17  8.25503e+17 -8.25503e+17
  300.00 -7.34068  1.09175e+21  1.09175e+21  1.09175e+21  8.56716e+17  8.56716e+17 -8.56716e+17
  300.00 -7.31062  1.10338e+21  1.10338e+21  1.10338e+21  8.84319e+17  8.84319e+17 -8.84319e+17
  300.00 -7.28056  1.11501e+21  1.11501e+21  1.11501e+21  9.08077e+17  9.08077e+17 -9.08077e+17
  300.00 -7.25050  1.12664e+21  1.12664e+21  1.12664e+21  9.27817e+17  9.27817e+17 -9.27817e+17
  300.00 -7.22044  1.13827e+21  1.13827e+21  1.13827e+21  9.43414e+17  9.43414e+17 -9.43414e+17
  300.00 -7.19038  1.14992e+21  1.14992e+21  1.14992e+21  9.54786e+17  9.54786e+17 -9.54786e+17
  300.00 -7.16032  1.16159e+21  1.16159e+21  1.16159e+21  9.61885e+17  9.61884e+17 -9.61885e+17
  300.00 -7.13026  1.17328e+21  1.17328e+21  1.17328e+21  9.64683e+17  9.64683e+17 -9.64683e+17
  300.00 -7.10020  1.18500e+21  1.18500e+21  1.18500e+21  9.63172e+17  9.63172e+17 -9.63172e+17
  300.00 -7.07014  1.19676e+21  1.19676e+21  1.19676e+21  9.57360e+17  9.57360e+17 -9.57360e+17
  300.00 -7.04008  1.20857e+21  1.20857e+21  1.20857e+21  9.47261e+17  9.47261e+17 -9.47261e+17
  300.00 -7.01002  1.22043e+21  1.22043e+21  1.22043e+21  9.32904e+17  9.32904e+17 -9.32904e+17
  300.00 -6.97996  1.23235e+21  1.23235e+21  1.23235e+21  9.14329e+17  9.14329e+17 -9.14329e+17
  300.00 -6.94990  1.24431e+21  1.24431e+21  1.24431e+21  8.91592e+17  8.91591e+17 -8.91592e+17
  300.00 -6.91984  1.25633e+21  1.25633e+21  1.25633e+21  8.64764e+17  8.64764e+17 -8.64764e+17
  300.00 -6.88978  1.26840e+21  1.26840e+21  1.26840e+21  8.33939e+17  8.33939e+17 -8.33939e+17
  300.00 -6.85972  1.28052e+21  1.28052e+21  1.28052e+21  7.99232e+17  7.99232e+17 -7.99232e+17
  300.00 -6.82966  1.29268e+21  1.29268e+21  1.29268e+21  7.60782e+17  7.60782e+17 -7.60782e+17
  300.00 -6.79960  1.30487e+21  1.30487e+21  1.30487e+21  7.18749e+17  7.18749e+17 -7.18749e+17
  300.00 -6.76954  1.31708e+21  1.31708e+21  1.31708e+21  6.73315e+17  6.73315e+17 -6.73315e+17
  300.00 -6.73948  1.32931e+21  1.32931e+21  1.32931e+21  6.24676e+17  6.24676e+17 -6.24676e+17
  300.00 -6.70942  1.34155e+21  1.34155e+21  1.34155e+21  5.73043e+17  5.73043e+17 -5.73043e+17
  300.00 -6.67936  1.35380e+21  1.35380e+21  1.35380e+21  5.18627e+17  5.18627e+17 -5.18627e+17
  300.00 -6.64930  1.36604e+21  1.36604e+21  1.36604e+21  4.61641e+17  4.61641e+17 -4.61641e+17
  300.00 -6.61924  1.37827e+21  1.37827e+21  1.37827e+21  4.02286e+17  4.02286e+17 -4.02286e+17
  300.00 -6.58918  1.39050e+21  1.39050e+21  1.39050e+21  3.40751e+17  3.40751e+17 -3.40751e+17
  300.00 -6.55912  1.40271e+21  1.40271e+21  1.40271e+21  2.77204e+17  2.77204e+17 -2.77204e+17
  300.00 -6.52906  1.41491e+21  1.41491e+21  1.41491e+21  2.11788e+17  2.11788e+17 -2.11788e+17
  300.00 -6.49900  1.42709e+21  1.42709e+21  1.42709e+21  1.44620e+17  1.44620e+17 -1.44620e+17
  300.00 -6.46894  1.43928e+21  1.43928e+21  1.43928e+21  7.57933e+16  7.57934e+16 -7.57934e+16
  300.00 -6.43888  1.45145e+21  1.45145e+21  1.45145e+21  5.37605e+15  5.37607e+15 -5.37606e+15
  300.00 -6.40882  1.46363e+21  1.46363e+21  1.46363e+21 -6.65837e+16 -6.65836e+16  6.65837e+16
  300.00 -6.37876  1.47582e+21  1.47582e+21  1.47582e+21 -1.40052e+17 -1.40052e+17  1.40052e+17
  300.00 -6.34870  1.48801e+21  1.48801e+21  1.48801e+21 -2.15005e+17 -2.15005e+17  2.15005e+17
  300.00 -6.31864  1.50022e+21  1.50022e+21  1.50022e+21 -2.91418e+17 -2.91418e+17  2.91418e+17
  300.00 -6.28858  1.51245e+21  1.51245e+21  1.51245e+21 -3.69263e+17 -3.69263e+17  3.69263e+17
  300.00 -6.25852  1.52470e+21  1.52470e+21  1.52470e+21 -4.48500e+17 -4.48500e+17  4.48500e+17
  300.00 -6.22846  1.53697e+21  1.53697e+21  1.53697e+21 -5.29073e+17 -5.29073e+17  5.29073e+17
  300.00 -6.19840  1.54926e+21  1.54926e+21  1.54926e+21 -6.10905e+17 -6.10905e+17  6.10905e+17
  300.00 -6.16834  1.56157e+21  1.56157e+21  1.56157e+21 -6.93898e+17 -6.93898e+17  6.93898e+17
  300.00 -6.13828  1.57390e+21  1.57390e+21  1.57390e+21 -7.77933e+17 -7.77933e+17  7.77933e+17
  300.00 -6.10822  1.58624e+21  1.58624e+21  1.58624e+21 -8.62873e+17 -8.62873e+17  8.62873e+17
  300.00 -6.07816  1.59859e+21  1.59859e+21  1.59859e+21 -9.48566e+17 -9.48566e+17  9.48566e+17
  300.00 -6.04810  1.61093e+21  1.61093e+21  1.61093e+21 -1.03485e+18 -1.03485e+18  1.03485e+18
  300.00 -6.01804  1.62326e+21  1.62326e+21  1.62326e+21 -1.12158e+18 -1.12158e+18  1.12158e+18
  300.00 -5.98798  1.63556e+21  1.63556e+21  1.63556e+21 -1.20859e+18 -1.20859e+18  1.20859e+18
  300.00 -5.95792  1.64784e+21  1.64784e+21  1.64784e+21 -1.29577e+18 -1.29577e+18  1.29577e+18
  300.00 -5.92786  1.66007e+21  1.66007e+21  1.66007e+21 -1.38300e+18 -1.38300e+18  1.38300e+18
  300.00 -5.89780  1.67225e+21  1.67225e+21  1.67225e+21 -1.47021e+18 -1.47021e+18  1.47021e+18
  300.00 -5.86774  1.68438e+21  1.68438e+21  1.68438e+21 -1.55739e+18 -1.55739e+18  1.55739e+18
  300.00 -5.83768  1.69643e+21  1.69643e+21  1.69643e+21 -1.64455e+18 -1.64455e+18  1.64455e+18
  300.00 -5.80762  1.70841e+21  1.70841e+21  1.70841e+21 -1.73176e+18 -1.73176e+18  1.73176e+18
  300.00 -5.77756  1.72031e+21  1.72031e+21  1.72031e+21 -1.81912e+18 -1.81912e+18  1.81912e+18
  300.00 -5.74749  1.73213e+21  1.73213e+21  1.73213e+21 -1.90679e+18 -1.90679e+18  1.90679e+18
  300.00 -5.71743  1.74385e+21  1.74385e+21  1.74385e+21 -1.99496e+18 -1.99496e+18  1.99496e+18
  300.00 -5.68737  1.75548e+21  1.75548e+21  1.75548e+21 -2.08384e+18 -2.08384e+18  2.08384e+18
  300.00 -5.65731  1.76701e+21  1.76701e+21  1.76701e+21 -2.17366e+18 -2.17366e+18  2.17366e+18
  300.00 -5.62725  1.77844e+21  1.77844e+21  1.77844e+21 -2.26465e+18 -2.26465e+18  2.26465e+18
  300.00 -5.59719  1.78977e+21  1.78977e+21  1.78977e+21 -2.35702e+18 -2.35702e+18  2.35702e+18
  300.00 -5.56713  1.80100e+21  1.80100e+21  1.80100e+21 -2.45095e+18 -2.45095e+18  2.45095e+18
  300.00 -5.53707  1.81211e+21  1.81211e+21  1.81211e+21 -2.54657e+18 -2.54657e+18  2.54657e+18
  300.00 -5.50701  1.82312e+21  1.82312e+21  1.82312e+21 -2.64396e+18 -2.64396e+18  2.64396e+18
  300.00 -5.47695  1.83400e+21  1.83400e+21  1.83400e+21 -2.74312e+18 -2.74312e+18  2.74312e+18
  300.00 -5.44689  1.84477e+21  1.84477e+21  1.84477e+21 -2.84395e+18 -2.84395e+18  2.84395e+18
  300.00 -5.41683  1.85540e+21  1.85540e+21  1.85540e+21 -2.94627e+18 -2.94627e+18  2.94627e+18
  300.00 -5.38677  1.86588e+21  1.86588e+21  1.86588e+21 -3.04978e+18 -3.04978e+18  3.04978e+18
  300.00 -5.35671  1.87621e+21  1.87621e+21  1.87621e+21 -3.15410e+18 -3.15410e+18  3.15410e+18
  300.00 -5.32665  1.88638e+21  1.88638e+21  1.88638e+21 -3.25871e+18 -3.25871e+18  3.25871e+18
  300.00 -5.29659  1.89636e+21  1.89636e+21  1.89636e+21 -3.36302e+18 -3.36302e+18  3.36302e+18
  300.00 -5.26653  1.90614e+21  1.90614e+21  1.90614e+21 -3.46633e+18 -3.46633e+18  3.46633e+18
  300.00 -5.23647  1.91571e+21  1.91571e+21  1.91571e+21 -3.56784e+18 -3.56784e+18  3.56784e+18
  300.00 -5.20641  1.92504e+21  1.92504e+21  1.92504e+21 -3.66672e+18 -3.66672e+18  3.66672e+18
  300.00 -5.17635  1.93414e+21  1.93414e+21  1.93414e+21 -3.76205e+18 -3.76205e+18  3.76205e+18
  300.00 -5.14629  1.94296e+21  1.94296e+21  1.94296e+21 -3.85287e+18 -3.85287e+18  3.85287e+18
  300.00 -5.11623  1.95151e+21  1.95151e+21  1.95151e+21 -3.93824e+18 -3.93824e+18  3.93824e+18
  300.00 -5.08617  1.95977e+21  1.95977e+21  1.95977e+21 -4.01716e+18 -4.01716e+18  4.01716e+18
  300.00 -5.05611  1.96773e+21  1.96773e+21  1.96773e+21 -4.08870e+18 -4.08870e+18  4.08870e+18
  300.00 -5.02605  1.97538e+21  1.97538e+21  1.97538e+21 -4.15195e+18 -4.15195e+18  4.15195e+18
  300.00 -4.99599  1.98272e+21  1.98272e+21  1.98272e+21 -4.20603e+18 -4.20603e+18  4.20603e+18
  300.00 -4.96593  1.98975e+21  1.98975e+21  1.98975e+21 -4.25017e+18 -4.25017e+18  4.25017e+18
  300.00 -4.93587  1.99646e+21  1.99646e+21  1.99646e+21 -4.28375e+18 -4.28375e+18  4.28375e+18
  300.00 -4.90581  2.00288e+21  2.00288e+21  2.00288e+21 -4.30655e+18 -4.30655e+18  4.30655e+18
  300.00 -4.87575  2.00901e+21  2.00901e+21  2.00901e+21 -4.31953e+18 -4.31953e+18  4.31953e+18
  300.00 -4.84569  2.01490e+21  2.01490e+21  2.01490e+21 -4.32619e+18 -4.32619e+18  4.32619e+18
  300.00 -4.81563  2.02059e+21  2.02059e+21  2.02059e+21 -4.33302e+18 -4.33302e+18  4.33302e+18
  300.00 -4.78557  2.02619e+21  2.02619e+21  2.02619e+21 -4.34519e+18 -4.34519e+18  4.34519e+18
  300.00 -4.75551  2.03181e+21  2.03181e+21  2.03181e+21 -4.35543e+18 -4.35543e+18  4.35543e+18
  300.00 -4.72545  2.03751e+21  2.03751e+21  2.03751e+21 -4.33624e+18 -4.33624e+18  4.33624e+18
  300.00 -4.69539  2.04319e+21  2.04319e+21  2.04319e+21 -4.25459e+18 -4.25459e+18  4.25459e+18
  300.00 -4.66533  2.04864e+21  2.04864e+21  2.04864e+21 -4.10609e+18 -4.10609e+18  4.10609e+18
  300.00 -4.63527  2.05366e+21  2.05366e+21  2.05366e+21 -3.92934e+18 -3.92934e+18  3.92934e+18
  300.00 -4.60521  2.05834e+21  2.05834e+21  2.05834e+21 -3.77432e+18 -3.77432e+18  3.77432e+18
  300.00 -4.57515  2.06300e+21  2.06300e+21  2.06300e+21 -3.66014e+18 -3.66014e+18  3.66014e+18
  300.00 -4.54509  2.06796e+21  2.06796e+21  2.06796e+21 -3.57155e+18 -3.57155e+18  3.57155e+18
  300.00 -4.51503  2.07337e+21  2.07337e+21  2.07337e+21 -3.48816e+18 -3.48816e+18  3.48816e+18
  300.00 -4.48497  2.07921e+21  2.07921e+21  2.07921e+21 -3.40588e+18 -3.40588e+18  3.40588e+18
  300.00 -4.45491  2.08535e+21  2.08535e+21  2.08535e+21 -3.33415e+18 -3.33415e+18  3.33415e+18
  300.00 -4.42485  2.09171e+21  2.09171e+21  2.09171e+21 -3.27932e+18 -3.27932e+18  3.27932e+18
  300.00 -4.39479  2.09822e+21  2.09822e+21  2.09822e+21 -3.22459e+18 -3.22459e+18  3.22459e+18
  300.00 -4.36473  2.10484e+21  2.10484e+21  2.10484e+21 -3.12000e+18 -3.12000e+18  3.12000e+18
  300.00 -4.33467  2.11146e+21  2.11146e+21  2.11146e+21 -2.90260e+18 -2.90260e+18  2.90260e+18
  300.00 -4.30461  2.11795e+21  2.11795e+21  2.11795e+21 -2.54755e+18 -2.54755e+18  2.54755e+18
  300.00 -4.27455  2.12425e+21  2.12425e+21  2.12425e+21 -2.10641e+18 -2.10641e+18  2.10641e+18
  300.00 -4.24449  2.13045e+21  2.13045e+21  2.13045e+21 -1.68256e+18 -1.68256e+18  1.68256e+18
  300.00 -4.21443  2.13679e+21  2.13679e+21  2.13679e+21 -1.35750e+18 -1.35750e+18  1.35750e+18
  300.00 -4.18437  2.14358e+21  2.14358e+21  2.14358e+21 -1.14046e+18 -1.14046e+18  1.14046e+18
  300.00 -4.15431  2.15104e+21  2.15104e+21  2.15104e+21 -9.85407e+17 -9.85407e+17  9.85407e+17
  300.00 -4.12425  2.15922e+21  2.15922e+21  2.15922e+21 -8.43186e+17 -8.43186e+17  8.43186e+17
  300.00 -4.09419  2.16803e+21  2.16803e+21  2.16803e+21 -6.93233e+17 -6.93233e+17  6.93233e+17
  300.00 -4.06413  2.17730e+21  2.17730e+21  2.17730e+21 -5.39485e+17 -5.39485e+17  5.39485e+17
  300.00 -4.03407  2.18684e+21  2.18684e+21  2.18684e+21 -3.92136e+17 -3.92136e+17  3.92136e+17
  300.00 -4.00401  2.19647e+21  2.19647e+21  2.19647e+21 -2.56082e+17 -2.56082e+17  2.56082e+17
  300.00 -3.97395  2.20605e+21  2.20605e+21  2.20605e+21 -1.29634e+17 -1.29634e+17  1.29634e+17
  300.00 -3.94389  2.21549e+21  2.21549e+21  2.21549e+21 -8.00452e+15 -8.00430e+15  8.00442e+15
  300.00 -3.91383  2.22471e+21  2.22471e+21  2.22471e+21  1.13150e+17  1.13150e+17 -1.13150e+17
  300.00 -3.88377  2.23374e+21  2.23374e+21  2.23374e+21  2.35828e+17  2.35828e+17 -2.35828e+17
  300.00 -3.85371  2.24261e+21  2.24261e+21  2.24261e+21  3.59451e+17  3.59451e+17 -3.59451e+17
  300.00 -3.82365  2.25142e+21  2.25142e+21  2.25142e+21  4.81744e+17  4.81744e+17 -4.81744e+17
  300.00 -3.79359  2.26027e+21  2.26027e+21  2.26027e+21  6.00055e+17  6.00055e+17 -6.00055e+17
  300.00 -3.76353  2.26927e+21  2.26927e+21  2.26927e+21  7.12480e+17  7.12480e+17 -7.12480e+17
  300.00 -3.73347  2.27852e+21  2.27852e+21  2.27852e+21  8.18411e+17  8.18411e+17 -8.18411e+17
  300.00 -3.70341  2.28810e+21  2.28810e+21  2.28810e+21  9.18439e+17  9.18439e+17 -9.18439e+17
  300.00 -3.67335  2.29804e+21  2.29804e+21  2.29804e+21  1.01379e+18  1.01379e+18 -1.01379e+18
  300.00 -3.64329  2.30833e+21  2.30833e+21  2.30833e+21  1.10561e+18  1.10561e+18 -1.10561e+18
  300.00 -3.61323  2.31892e+21  2.31892e+21  2.31892e+21  1.19432e+18  1.19432e+18 -1.19432e+18
  300.00 -3.58317  2.32972e+21  2.32972e+21  2.32972e+21  1.27928e+18  1.27928e+18 -1.27928e+18
  300.00 -3.55311  2.34065e+21  2.34065e+21  2.34065e+21  1.35880e+18  1.35880e+18 -1.35880e+18
  300.00 -3.52305  2.35160e+21  2.35160e+21  2.35160e+21  1.43042e+18  1.43042e+18 -1.43042e+18
  300.00 -3.49299  2.36247e+21  2.36247e+21  2.36247e+21  1.49140e+18  1.49140e+18 -1.49140e+18
  300.00 -3.46293  2.37320e+21  2.37320e+21  2.37320e+21  1.53918e+18  1.53918e+18 -1.53918e+18
  300.00 -3.43287  2.38371e+21  2.38371e+21  2.38371e+21  1.57185e+18  1.57185e+18 -1.57185e+18
  300.00 -3.40281  2.39397e+21  2.39397e+21  2.39397e+21  1.58846e+18  1.58846e+18 -1.58846e+18
  300.00 -3.37275  2.40394e+21  2.40394e+21  2.40394e+21  1.58902e+18  1.58902e+18 -1.58902e+18
  300.00 -3.34269  2.41360e+21  2.41360e+21  2.41360e+21  1.57452e+18  1.57452e+18 -1.57452e+18
  300.00 -3.31263  2.42293e+21  2.42293e+21  2.42293e+21  1.54663e+18  1.54663e+18 -1.54663e+18
  300.00 -3.28257  2.43191e+21  2.43191e+21  2.43191e+21  1.50751e+18  1.50751e+18 -1.50751e+18
  300.00 -3.25251  2.44054e+21  2.44054e+21  2.44054e+21  1.45947e+18  1.45947e+18 -1.45947e+18
  300.00 -3.22244  2.44881e+21  2.44881e+21  2.44881e+21  1.40468e+18  1.40468e+18 -1.40468e+18
  300.00 -3.19238  2.45671e+21  2.45671e+21  2.45671e+21  1.34486e+18  1.34486e+18 -1.34486e+18
  300.00 -3.16232  2.46425e+21  2.46425e+21  2.46425e+21  1.28074e+18  1.28074e+18 -1.28074e+18
  300.00 -3.13226  2.47143e+21  2.47143e+21  2.47143e+21  1.21181e+18  1.21181e+18 -1.21181e+18
  300.00 -3.10220  2.47829e+21  2.47829e+21  2.47829e+21  1.13805e+18  1.13805e+18 -1.13805e+18
  300.00 -3.07214  2.48489e+21  2.48489e+21  2.48489e+21  1.06909e+18  1.06909e+18 -1.06909e+18
  300.00 -3.04208  2.49134e+21  2.49134e+21  2.49134e+21  1.03876e+18  1.03876e+18 -1.03876e+18
  300.00 -3.01202  2.49776e+21  2.49776e+21  2.49776e+21  1.08437e+18  1.08437e+18 -1.08437e+18
  300.00 -2.98196  2.50403e+21  2.50403e+21  2.50403e+21  1.16702e+18  1.16702e+18 -1.16702e+18
  300.00 -2.95190  2.50986e+21  2.50986e+21  2.50986e+21  1.17557e+18  1.17557e+18 -1.17557e+18
  300.00 -2.92184  2.51513e+21  2.51513e+21  2.51513e+21  1.08366e+18  1.08366e+18 -1.08366e+18
  300.00 -2.89178  2.52006e+21  2.52006e+21  2.52006e+21  9.81410e+17  9.81410e+17 -9.81410e+17
  300.00 -2.86172  2.52481e+21  2.52481e+21  2.52481e+21  9.31543e+17  9.31543e+17 -9.31543e+17
  300.00 -2.83166  2.52940e+21  2.52940e+21  2.52940e+21  9.30465e+17  9.30465e+17 -9.30465e+17
  300.00 -2.80160  2.53381e+21  2.53381e+21  2.53381e+21  9.62773e+17  9.62773e+17 -9.62773e+17
  300.00 -2.77154  2.53797e+21  2.53797e+21  2.53797e+21  1.01322e+18  1.01322e+18 -1.01322e+18
  300.00 -2.74148  2.54180e+21  2.54180e+21  2.54180e+21  1.06167e+18  1.06167e+18 -1.06167e+18
  300.00 -2.71142  2.54520e+21  2.54520e+21  2.54520e+21  1.09280e+18  1.09280e+18 -1.09280e+18
  300.00 -2.68136  2.54819e+21  2.54819e+21  2.54819e+21  1.10275e+18  1.10275e+18 -1.10275e+18
  300.00 -2.65130  2.55088e+21  2.55088e+21  2.55088e+21  1.09498e+18  1.09498e+18 -1.09498e+18
  300.00 -2.62124  2.55343e+21  2.55343e+21  2.55343e+21  1.07379e+18  1.07379e+18 -1.07379e+18
  300.00 -2.59118  2.55604e+21  2.55604e+21  2.55604e+21  1.04104e+18  1.04104e+18 -1.04104e+18
  300.00 -2.56112  2.55883e+21  2.55883e+21  2.55883e+21  9.95622e+17  9.95622e+17 -9.95622e+17
  300.00 -2.53106  2.56185e+21  2.56185e+21  2.56185e+21  9.33722e+17  9.33722e+17 -9.33722e+17
  300.00 -2.50100  2.56508e+21  2.56508e+21  2.56508e+21  8.49198e+17  8.49198e+17 -8.49198e+17
  300.00 -2.47094  2.56846e+21  2.56846e+21  2.56846e+21  7.34616e+17  7.34616e+17 -7.34616e+17
  300.00 -2.44088  2.57190e+21  2.57190e+21  2.57190e+21  5.83131e+17  5.83131e+17 -5.83131e+17
  300.00 -2.41082  2.57538e+21  2.57538e+21  2.57538e+21  3.90786e+17  3.90786e+17 -3.90786e+17
  300.00 -2.38076  2.57888e+21  2.57888e+21  2.57888e+21  1.58265e+17  1.58265e+17 -1.58265e+17
  300.00 -2.35070  2.58243e+21  2.58243e+21  2.58243e+21 -1.08675e+17 -1.08675e+17  1.08675e+17
  300.00 -2.32064  2.58609e+21  2.58609e+21  2.58609e+21 -4.00229e+17 -4.00229e+17  4.00229e+17
  300.00 -2.29058  2.58989e+21  2.58989e+21  2.58989e+21 -7.04565e+17 -7.04565e+17  7.04565e+17
  300.00 -2.26052  2.59389e+21  2.59389e+21  2.59389e+21 -1.01009e+18 -1.01009e+18  1.01009e+18
  300.00 -2.23046  2.59811e+21  2.59811e+21  2.59811e+21 -1.30728e+18 -1.30728e+18  1.30728e+18
  300.00 -2.20040  2.60256e+21  2.60256e+21  2.60256e+21 -1.58976e+18 -1.58976e+18  1.58976e+18
  300.00 -2.17034  2.60724e+21  2.60724e+21  2.60724e+21 -1.85449e+18 -1.85449e+18  1.85449e+18
  300.00 -2.14028  2.61212e+21  2.61212e+21  2.61212e+21 -2.10124e+18 -2.10124e+18  2.10124e+18
  300.00 -2.11022  2.61719e+21  2.61719e+21  2.61719e+21 -2.33173e+18 -2.33173e+18  2.33173e+18
  300.00 -2.08016  2.62242e+21  2.62242e+21  2.62242e+21 -2.54856e+18 -2.54856e+18  2.54856e+18
  300.00 -2.05010  2.62778e+21  2.62778e+21  2.62778e+21 -2.75433e+18 -2.75433e+18  2.75433e+18
  300.00 -2.02004  2.63327e+21  2.63327e+21  2.63327e+21 -2.95117e+18 -2.95117e+18  2.95117e+18
  300.00 -1.98998  2.63886e+21  2.63886e+21  2.63886e+21 -3.14055e+18 -3.14055e+18  3.14055e+18
  300.00 -1.95992  2.64455e+21  2.64455e+21  2.64455e+21 -3.32357e+18 -3.32357e+18  3.32357e+18
  300.00 -1.92986  2.65034e+21  2.65034e+21  2.65034e+21 -3.50143e+18 -3.50143e+18  3.50143e+18
  300.00 -1.89980  2.65624e+21  2.65624e+21  2.65624e+21 -3.67595e+18 -3.67595e+18  3.67595e+18
  300.00 -1.86974  2.66227e+21  2.66227e+21  2.66227e+21 -3.85002e+18 -3.85002e+18  3.85002e+18
  300.00 -1.83968  2.66848e+21  2.66848e+21  2.66848e+21 -4.02775e+18 -4.02775e+18  4.02775e+18
  300.00 -1.80962  2.67490e+21  2.67490e+21  2.67490e+21 -4.21455e+18 -4.21455e+18  4.21455e+18
  300.00 -1.77956  2.68160e+21  2.68160e+21  2.68160e+21 -4.41688e+18 -4.41688e+18  4.41688e+18
  300.00 -1.74950  2.68863e+21  2.68863e+21  2.68863e+21 -4.64180e+18 -4.64180e+18  4.64180e+18
  300.00 -1.71944  2.69606e+21  2.69606e+21  2.69606e+21 -4.89545e+18 -4.89545e+18  4.89545e+18
  300.00 -1.68938  2.70393e+21  2.70393e+21  2.70393e+21 -5.17796e+18 -5.17796e+18  5.17796e+18
  300.00 -1.65932  2.71234e+21  2.71234e+21  2.71234e+21 -5.47272e+18 -5.47272e+18  5.47272e+18
  300.00 -1.62926  2.72136e+21  2.72136e+21  2.72136e+21 -5.74207e+18 -5.74207e+18  5.74207e+18
  300.00 -1.59920  2.73101e+21  2.73101e+21  2.73101e+21 -5.96240e+18 -5.96240e+18  5.96240e+18
  300.00 -1.56914  2.74113e+21  2.74113e+21  2.74113e+21 -6.18103e+18 -6.18103e+18  6.18103e+18
  300.00 -1.53908  2.75144e+21  2.75144e+21  2.75144e+21 -6.48365e+18 -6.48365e+18  6.48365e+18
  300.00 -1.50902  2.76183e+21  2.76183e+21  2.76183e+21 -6.87593e+18 -6.87593e+18  6.87593e+18
  300.00 -1.47896  2.77240e+21  2.77240e+21  2.77240e+21 -7.27529e+18 -7.27529e+18  7.27529e+18
  300.00 -1.44890  2.78320e+21  2.78320e+21  2.78320e+21 -7.62132e+18 -7.62132e+18  7.62132e+18
  300.00 -1.41884  2.79422e+21  2.79422e+21  2.79422e+21 -7.90783e+18 -7.90783e+18  7.90783e+18
  300.00 -1.38878  2.80541e+21  2.80541e+21  2.80541e+21 -8.13869e+18 -8.13869e+18  8.13869e+18
  300.00 -1.35872  2.81671e+21  2.81671e+21  2.81671e+21 -8.32359e+18 -8.32359e+18  8.32359e+18
  300.00 -1.32866  2.82798e+21  2.82798e+21  2.82798e+21 -8.49492e+18 -8.49492e+18  8.49492e+18
  300.00 -1.29860  2.83907e+21  2.83907e+21  2.83907e+21 -8.69544e+18 -8.69544e+18  8.69544e+18
  300.00 -1.26854  2.84986e+21  2.84986e+21  2.84986e+21 -8.95418e+18 -8.95418e+18  8.95418e+18
  300.00 -1.23848  2.86031e+21  2.86031e+21  2.86031e+21 -9.27605e+18 -9.27605e+18  9.27605e+18
  300.00 -1.20842  2.87047e+21  2.87047e+21  2.87047e+21 -9.64539e+18 -9.64539e+18  9.64539e+18
  300.00 -1.17836  2.88046e+21  2.88046e+21  2.88046e+21 -1.00358e+19 -1.00358e+19  1.00358e+19
  300.00 -1.14830  2.89035e+21  2.89035e+21  2.89035e+21 -1.04214e+19 -1.04214e+19  1.04214e+19
  300.00 -1.11824  2.90021e+21  2.90021e+21  2.90021e+21 -1.07855e+19 -1.07855e+19  1.07855e+19
  300.00 -1.08818  2.91001e+21  2.91001e+21  2.91001e+21 -1.11248e+19 -1.11248e+19  1.11248e+19
  300.00 -1.05812  2.91965e+21  2.91965e+21  2.91965e+21 -1.14470e+19 -1.14470e+19  1.14470e+19
  300.00 -1.02806  2.92903e+21  2.92903e+21  2.92903e+21 -1.17640e+19 -1.17640e+19  1.17640e+19
  300.00 -0.99800  2.93805e+21  2.93805e+21  2.93805e+21 -1.20850e+19 -1.20850e+19  1.20850e+19
  300.00 -0.96794  2.94670e+21  2.94670e+21  2.94670e+21 -1.24101e+19 -1.24101e+19  1.24101e+19
  300.00 -0.93788  2.95497e+21  2.95497e+21  2.95497e+21 -1.27212e+19 -1.27212e+19  1.27212e+19
  300.00 -0.90782  2.96296e+21  2.96296e+21  2.96296e+21 -1.29561e+19 -1.29561e+19  1.29561e+19
  300.00 -0.87776  2.97064e+21  2.97064e+21  2.97064e+21 -1.30904e+19 -1.30904e+19  1.30904e+19
  300.00 -0.84770  2.97751e+21  2.97751e+21  2.97751e+21 -1.33314e+19 -1.33314e+19  1.33314e+19
  300.00 -0.81764  2.98347e+21  2.98347e+21  2.98347e+21 -1.37551e+19 -1.37551e+19  1.37551e+19
  300.00 -0.78758  2.98920e+21  2.98920e+21  2.98920e+21 -1.41094e+19 -1.41094e+19  1.41094e+19
  300.00 -0.75752  2.99504e+21  2.99504e+21  2.99504e+21 -1.43156e+19 -1.43156e+19  1.43156e+19
  300.00 -0.72745  3.00096e+21  3.00096e+21  3.00096e+21 -1.44418e+19 -1.44418e+19  1.44418e+19
  300.00 -0.69739  3.00687e+21  3.00687e+21  3.00687e+21 -1.45324e+19 -1.45324e+19  1.45324e+19
  300.00 -0.66733  3.01267e+21  3.01267e+21  3.01267e+21 -1.46188e+19 -1.46188e+19  1.46188e+19
  300.00 -0.63727  3.01822e+21  3.01822e+21  3.01822e+21 -1.47320e+19 -1.47320e+19  1.47320e+19
  300.00 -0.60721  3.02344e+21  3.02344e+21  3.02344e+21 -1.48992e+19 -1.48992e+19  1.48992e+19
  300.00 -0.57715  3.02829e+21  3.02829e+21  3.02829e+21 -1.51391e+19 -1.51391e+19  1.51391e+19
  300.00 -0.54709  3.03281e+21  3.03281e+21  3.03281e+21 -1.54587e+19 -1.54587e+19  1.54587e+19
  300.00 -0.51703  3.03711e+21  3.03711e+21  3.03711e+21 -1.58530e+19 -1.58530e+19  1.58530e+19
  300.00 -0.48697  3.04135e+21  3.04135e+21  3.04135e+21 -1.63076e+19 -1.63076e+19  1.63076e+19
  300.00 -0.45691  3.04577e+21  3.04577e+21  3.04577e+21 -1.68029e+19 -1.68029e+19  1.68029e+19
  300.00 -0.42685  3.05059e+21  3.05059e+21  3.05059e+21 -1.73179e+19 -1.73179e+19  1.73179e+19
  300.00 -0.39679  3.05602e+21  3.05602e+21  3.05602e+21 -1.78309e+19 -1.78309e+19  1.78309e+19
  300.00 -0.36673  3.06222e+21  3.06222e+21  3.06222e+21 -1.83177e+19 -1.83177e+19  1.83177e+19
  300.00 -0.33667  3.06927e+21  3.06927e+21  3.06927e+21 -1.87507e+19 -1.87507e+19  1.87507e+19
  300.00 -0.30661  3.07719e+21  3.07719e+21  3.07719e+21 -1.91028e+19 -1.91028e+19  1.91028e+19
  300.00 -0.27655  3.08594e+21  3.08594e+21  3.08594e+21 -1.93565e+19 -1.93565e+19  1.93565e+19
  300.00 -0.24649  3.09548e+21  3.09548e+21  3.09548e+21 -1.95125e+19 -1.95125e+19  1.95125e+19
  300.00 -0.21643  3.10575e+21  3.10575e+21  3.10575e+21 -1.95918e+19 -1.95918e+19  1.95918e+19
  300.00 -0.18637  3.11670e+21  3.11670e+21  3.11670e+21 -1.96270e+19 -1.96270e+19  1.96270e+19
  300.00 -0.15631  3.12827e+21  3.12827e+21  3.12827e+21 -1.96484e+19 -1.96484e+19  1.96484e+19
  300.00 -0.12625  3.14042e+21  3.14042e+21  3.14042e+21 -1.96721e+19 -1.96721e+19  1.96721e+19
  300.00 -0.09619  3.15311e+21  3.15311e+21  3.15311e+21 -1.96967e+19 -1.96967e+19  1.96967e+19
  300.00 -0.06613  3.16633e+21  3.16633e+21  3.16633e+21 -1.97071e+19 -1.97071e+19  1.97071e+19
  300.00 -0.03607  3.18007e+21  3.18007e+21  3.18007e+21 -1.96825e+19 -1.96825e+19  1.96825e+19
  300.00 -0.00601  3.19435e+21  3.19435e+21  3.19435e+21 -1.96036e+19 -1.96036e+19  1.96036e+19
  300.00  0.02405  3.20918e+21  3.20918e+21  3.20918e+21 -1.94571e+19 -1.94571e+19  1.94571e+19
  300.00  0.05411  3.22453e+21  3.22453e+21  3.22453e+21 -1.92373e+19 -1.92373e+19  1.92373e+19
  300.00  0.08417  3.24035e+21  3.24035e+21  3.24035e+21 -1.89452e+19 -1.89452e+19  1.89452e+19
  300.00  0.11423  3.25656e+21  3.25656e+21  3.25656e+21 -1.85866e+19 -1.85866e+19  1.85866e+19
  300.00  0.14429  3.27305e+21  3.27305e+21  3.27305e+21 -1.81695e+19 -1.81695e+19  1.81695e+19
  300.00  0.17435  3.28971e+21  3.28971e+21  3.28971e+21 -1.77023e+19 -1.77023e+19  1.77023e+19
  300.00  0.20441  3.30643e+21  3.30643e+21  3.30643e+21 -1.71926e+19 -1.71926e+19  1.71926e+19
  300.00  0.23447  3.32313e+21  3.32313e+21  3.32313e+21 -1.66466e+19 -1.66466e+19  1.66466e+19
  300.00  0.26453  3.33975e+21  3.33975e+21  3.33975e+21 -1.60688e+19 -1.60688e+19  1.60688e+19
  300.00  0.29459  3.35627e+21  3.35627e+21  3.35627e+21 -1.54627e+19 -1.54627e+19  1.54627e+19
  300.00  0.32465  3.37269e+21  3.37269e+21  3.37269e+21 -1.48305e+19 -1.48305e+19  1.48305e+19
  300.00  0.35471  3.38905e+21  3.38905e+21  3.38905e+21 -1.41743e+19 -1.41743e+19  1.41743e+19
  300.00  0.38477  3.40539e+21  3.40539e+21  3.40539e+21 -1.34961e+19 -1.34961e+19  1.34961e+19
  300.00  0.41483  3.42178e+21  3.42178e+21  3.42178e+21 -1.27986e+19 -1.27986e+19  1.27986e+19
  300.00  0.44489  3.43826e+21  3.43826e+21  3.43826e+21 -1.20851e+19 -1.20851e+19  1.20851e+19
  300.00  0.47495  3.45489e+21  3.45489e+21  3.45489e+21 -1.13603e+19 -1.13603e+19  1.13603e+19
  300.00  0.50501  3.47172e+21  3.47172e+21  3.47172e+21 -1.06301e+19 -1.06301e+19  1.06301e+19
  300.00  0.53507  3.48878e+21  3.48878e+21  3.48878e+21 -9.90135e+18 -9.90135e+18  9.90135e+18
  300.00  0.56513  3.50609e+21  3.50609e+21  3.50609e+21 -9.18162e+18 -9.18162e+18  9.18162e+18
  300.00  0.59519  3.52366e+21  3.52366e+21  3.52366e+21 -8.47881e+18 -8.47881e+18  8.47881e+18
  300.00  0.62525  3.54151e+21  3.54151e+21  3.54151e+21 -7.80067e+18 -7.80067e+18  7.80067e+18
  300.00  0.65531  3.55964e+21  3.55964e+21  3.55964e+21 -7.15449e+18 -7.15449e+18  7.15449e+18
  300.00  0.68537  3.57805e+21  3.57805e+21  3.57805e+21 -6.54676e+18 -6.54676e+18  6.54676e+18
  300.00  0.71543  3.59674e+21  3.59674e+21  3.59674e+21 -5.98303e+18 -5.98303e+18  5.98303e+18
  300.00  0.74549  3.61569e+21  3.61569e+21  3.61569e+21 -5.46783e+18 -5.46783e+18  5.46783e+18
  300.00  0.77555  3.63491e+21  3.63491e+21  3.63491e+21 -5.00466e+18 -5.00466e+18  5.00466e+18
  300.00  0.80561  3.65436e+21  3.65436e+21  3.65436e+21 -4.59594e+18 -4.59594e+18  4.59594e+18
  300.00  0.83567  3.67405e+21  3.67405e+21  3.67405e+21 -4.24311e+18 -4.24311e+18  4.24311e+18
  300.00  0.86573  3.69394e+21  3.69394e+21  3.69394e+21 -3.94653e+18 -3.94653e+18  3.94653e+18
  300.00  0.89579  3.71401e+21  3.71401e+21  3.71401e+21 -3.70554e+18 -3.70554e+18  3.70554e+18
  300.00  0.92585  3.73422e+21  3.73422e+21  3.73422e+21 -3.51839e+18 -3.51839e+18  3.51839e+18
  300.00  0.95591  3.75454e+21  3.75454e+21  3.75454e+21 -3.38235e+18 -3.38235e+18  3.38235e+18
  300.00  0.98597  3.77493e+21  3.77493e+21  3.77493e+21 -3.29367e+18 -3.29367e+18  3.29367e+18
  300.00  1.01603  3.79535e+21  3.79535e+21  3.79535e+21 -3.24781e+18 -3.24781e+18  3.24781e+18
  300.00  1.04609  3.81577e+21  3.81577e+21  3.81577e+21 -3.23955e+18 -3.23955e+18  3.23955e+18
  300.00  1.07615  3.83616e+21  3.83616e+21  3.83616e+21 -3.26326e+18 -3.26326e+18  3.26326e+18
  300.00  1.10621  3.85649e+21  3.85649e+21  3.85649e+21 -3.31314e+18 -3.31314e+18  3.31314e+18
  300.00  1.13627  3.87674e+21  3.87674e+21  3.87674e+21 -3.38347e+18 -3.38347e+18  3.38347e+18
  300.00  1.16633  3.89690e+21  3.89690e+21  3.89690e+21 -3.46889e+18 -3.46889e+18  3.46889e+18
  300.00  1.19639  3.91696e+21  3.91696e+21  3.91696e+21 -3.56461e+18 -3.56461e+18  3.56461e+18
  300.00  1.22645  3.93693e+21  3.93693e+21  3.93693e+21 -3.66655e+18 -3.66655e+18  3.66655e+18
  300.00  1.25651  3.95683e+21  3.95683e+21  3.95683e+21 -3.77149e+18 -3.77149e+18  3.77149e+18
  300.00  1.28657  3.97665e+21  3.97665e+21  3.97665e+21 -3.87709e+18 -3.87709e+18  3.87709e+18
  300.00  1.31663  3.99644e+21  3.99644e+21  3.99644e+21 -3.98192e+18 -3.98192e+18  3.98192e+18
  300.00  1.34669  4.01621e+21  4.01621e+21  4.01621e+21 -4.08537e+18 -4.08537e+18  4.08537e+18
  300.00  1.37675  4.03600e+21  4.03600e+21  4.03600e+21 -4.18763e+18 -4.18763e+18  4.18763e+18
  300.00  1.40681  4.05583e+21  4.05583e+21  4.05583e+21 -4.28951e+18 -4.28951e+18  4.28951e+18
  300.00  1.43687  4.07574e+21  4.07574e+21  4.07574e+21 -4.39235e+18 -4.39235e+18  4.39235e+18
  300.00  1.46693  4.09574e+21  4.09574e+21  4.09574e+21 -4.49789e+18 -4.49789e+18  4.49789e+18
  300.00  1.49699  4.11588e+21  4.11588e+21  4.11588e+21 -4.60811e+18 -4.60811e+18  4.60811e+18
  300.00  1.52705  4.13616e+21  4.13616e+21  4.13616e+21 -4.72516e+18 -4.72516e+18  4.72516e+18
  300.00  1.55711  4.15659e+21  4.15659e+21  4.15659e+21 -4.85121e+18 -4.85121e+18  4.85121e+18
  300.00  1.58717  4.17720e+21  4.17720e+21  4.17720e+21 -4.98837e+18 -4.98837e+18  4.98837e+18
  300.00  1.61723  4.19798e+21  4.19798e+21  4.19798e+21 -5.13866e+18 -5.13866e+18  5.13866e+18
  300.00  1.64729  4.21892e+21  4.21892e+21  4.21892e+21 -5.30395e+18 -5.30395e+18  5.30395e+18
  300.00  1.67735  4.24002e+21  4.24002e+21  4.24002e+21 -5.48591e+18 -5.48591e+18  5.48591e+18
  300.00  1.70741  4.26125e+21  4.26125e+21  4.26125e+21 -5.68602e+18 -5.68602e+18  5.68602e+18
  300.00  1.73747  4.28259e+21  4.28259e+21  4.28259e+21 -5.90551e+18 -5.90551e+18  5.90551e+18
  300.00  1.76754  4.30402e+21  4.30402e+21  4.30402e+21 -6.14533e+18 -6.14533e+18  6.14533e+18
  300.00  1.79760  4.32550e+21  4.32550e+21  4.32550e+21 -6.40610e+18 -6.40610e+18  6.40610e+18
  300.00  1.82766  4.34702e+21  4.34702e+21  4.34702e+21 -6.68802e+18 -6.68802e+18  6.68802e+18
  300.00  1.85772  4.36854e+21  4.36854e+21  4.36854e+21 -6.99082e+18 -6.99082e+18  6.99082e+18
  300.00  1.88778  4.39004e+21  4.39004e+21  4.39004e+21 -7.31360e+18 -7.31360e+18  7.31360e+18
  300.00  1.91784  4.41150e+21  4.41150e+21  4.41150e+21 -7.65485e+18 -7.65485e+18  7.65485e+18
  300.00  1.94790  4.43292e+21  4.43292e+21  4.43292e+21 -8.01231e+18 -8.01231e+18  8.01231e+18
  300.00  1.97796  4.45427e+21  4.45427e+21  4.45427e+21 -8.38301e+18 -8.38301e+18  8.38301e+18
  300.00  2.00802  4.47555e+21  4.47555e+21  4.47555e+21 -8.76330e+18 -8.76330e+18  8.76330e+18
  300.00  2.03808  4.49678e+21  4.49678e+21  4.49678e+21 -9.14895e+18 -9.14895e+18  9.14895e+18
  300.00  2.06814  4.51794e+21  4.51794e+21  4.51794e+21 -9.53535e+18 -9.53535e+18  9.53535e+18
  300.00  2.09820  4.53905e+21  4.53905e+21  4.53905e+21 -9.91769e+18 -9.91769e+18  9.91769e+18
  300.00  2.12826  4.56012e+21  4.56012e+21  4.56012e+21 -1.02912e+19 -1.02912e+19  1.02912e+19
  300.00  2.15832  4.58113e+21  4.58113e+21  4.58113e+21 -1.06515e+19 -1.06515e+19  1.06515e+19
  300.00  2.18838  4.60210e+21  4.60210e+21  4.60210e+21 -1.09948e+19 -1.09948e+19  1.09948e+19
  300.00  2.21844  4.62300e+21  4.62300e+21  4.62300e+21 -1.13179e+19 -1.13179e+19  1.13179e+19
  300.00  2.24850  4.64384e+21  4.64384e+21  4.64384e+21 -1.16189e+19 -1.16189e+19  1.16189e+19
  300.00  2.27856  4.66460e+21  4.66460e+21  4.66460e+21 -1.18967e+19 -1.18967e+19  1.18967e+19
  300.00  2.30862  4.68524e+21  4.68524e+21  4.68524e+21 -1.21514e+19 -1.21514e+19  1.21514e+19
  300.00  2.33868  4.70574e+21  4.70574e+21  4.70574e+21 -1.23841e+19 -1.23841e+19  1.23841e+19
  300.00  2.36874  4.72608e+21  4.72608e+21  4.72608e+21 -1.25969e+19 -1.25969e+19  1.25969e+19
  300.00  2.39880  4.74620e+21  4.74620e+21  4.74620e+21 -1.27927e+19 -1.27927e+19  1.27927e+19
  300.00  2.42886  4.76609e+21  4.76609e+21  4.76609e+21 -1.29749e+19 -1.29749e+19  1.29749e+19
  300.00  2.45892  4.78571e+21  4.78571e+21  4.78571e+21 -1.31474e+19 -1.31474e+19  1.31474e+19
  300.00  2.48898  4.80501e+21  4.80501e+21  4.80501e+21 -1.33143e+19 -1.33143e+19  1.33143e+19
  300.00  2.51904  4.82398e+21  4.82398e+21  4.82398e+21 -1.34796e+19 -1.34796e+19  1.34796e+19
  300.00  2.54910  4.84259e+21  4.84259e+21  4.84259e+21 -1.36471e+19 -1.36471e+19  1.36471e+19
  300.00  2.57916  4.86081e+21  4.86081e+21  4.86081e+21 -1.38204e+19 -1.38204e+19  1.38204e+19
  300.00  2.60922  4.87863e+21  4.87863e+21  4.87863e+21 -1.40027e+19 -1.40027e+19  1.40027e+19
  300.00  2.63928  4.89603e+21  4.89603e+21  4.89603e+21 -1.41966e+19 -1.41966e+19  1.41966e+19
  300.00  2.66934  4.91301e+21  4.91301e+21  4.91301e+21 -1.44042e+19 -1.44042e+19  1.44042e+19
  300.00  2.69940  4.92956e+21  4.92956e+21  4.92956e+21 -1.46269e+19 -1.46269e+19  1.46269e+19
  300.00  2.72946  4.94567e+21  4.94567e+21  4.94567e+21 -1.48660e+19 -1.48660e+19  1.48660e+19
  300.00  2.75952  4.96136e+21  4.96136e+21  4.96136e+21 -1.51220e+19 -1.51220e+19  1.51220e+19
  300.00  2.78958  4.97663e+21  4.97663e+21  4.97663e+21 -1.53949e+19 -1.53949e+19  1.53949e+19
  300.00  2.81964  4.99149e+21  4.99149e+21  4.99149e+21 -1.56848e+19 -1.56848e+19  1.56848e+19
  300.00  2.84970  5.00594e+21  5.00594e+21  5.00594e+21 -1.59911e+19 -1.59911e+19  1.59911e+19
  300.00  2.87976  5.02001e+21  5.02001e+21  5.02001e+21 -1.63134e+19 -1.63134e+19  1.63134e+19
  300.00  2.90982  5.03370e+21  5.03370e+21  5.03370e+21 -1.66510e+19 -1.66510e+19  1.66510e+19
  300.00  2.93988  5.04703e+21  5.04703e+21  5.04703e+21 -1.70033e+19 -1.70033e+19  1.70033e+19
  300.00  2.96994  5.06001e+21  5.06001e+21  5.06001e+21 -1.73699e+19 -1.73699e+19  1.73699e+19
  300.00  3.00000  5.07267e+21  5.07267e+21  5.07267e+21 -1.77502e+19 -1.77502e+19  1.77502e+19
