  300.00 -8.00000 -4.03671e-02 -4.36788e-02 -4.36788e-02  1.06228e-02  1.06228e-02  1.39290e-02
  300.00 -7.97395 -4.01835e-02 -4.34802e-02 -4.34802e-02  1.05744e-02  1.05744e-02  1.38656e-02
  300.00 -7.94790 -4.00000e-02 -4.32816e-02 -4.32816e-02  1.05261e-02  1.05261e-02  1.38023e-02
  300.00 -7.92184 -3.98164e-02 -4.30830e-02 -4.30830e-02  1.04777e-02  1.04777e-02  1.37389e-02
  300.00 -7.89579 -3.96329e-02 -4.28845e-02 -4.28845e-02  1.04294e-02  1.04294e-02  1.36755e-02
  300.00 -7.86974 -3.94493e-02 -4.26859e-02 -4.26859e-02  1.03810e-02  1.03810e-02  1.36121e-02
  300.00 -7.84369 -3.92658e-02 -4.24873e-02 -4.24873e-02  1.03327e-02  1.03327e-02  1.35488e-02
  300.00 -7.81764 -3.90822e-02 -4.22888e-02 -4.22888e-02  1.02843e-02  1.02843e-02  1.34854e-02
  300.00 -7.79158 -3.88987e-02 -4.20902e-02 -4.20902e-02  1.02360e-02  1.02360e-02  1.34220e-02
  300.00 -7.76553 -3.87152e-02 -4.18916e-02 -4.18916e-02  1.01876e-02  1.01876e-02  1.33586e-02
  300.00 -7.73948 -3.85316e-02 -4.16930e-02 -4.16930e-02  1.01393e-02  1.01393e-02  1.32952e-02
  300.00 -7.71343 -3.83481e-02 -4.14945e-02 -4.14945e-02  1.00909e-02  1.00909e-02  1.32319e-02
  300.00 -7.68737 -3.81645e-02 -4.12959e-02 -4.12959e-02  1.00426e-02  1.00426e-02  1.31685e-02
  300.00 -7.66132 -3.79810e-02 -4.10973e-02 -4.10973e-02  9.99420e-03  9.99420e-03  1.31051e-02
  300.00 -7.63527 -3.77974e-02 -4.08988e-02 -4.08988e-02  9.94584e-03  9.94584e-03  1.30417e-02
  300.00 -7.60922 -3.76139e-02 -4.07002e-02 -4.07002e-02  9.89749e-03  9.89749e-03  1.29784e-02
  300.00 -7.58317 -3.74303e-02 -4.05016e-02 -4.05016e-02  9.84914e-03  9.84914e-03  1.29150e-02
  300.00 -7.55711 -3.72468e-02 -4.03030e-02 -4.03030e-02  9.80078e-03  9.80078e-03  1.28516e-02
  300.00 -7.53106 -3.70632e-02 -4.01045e-02 -4.01045e-02  9.75243e-03  9.75243e-03  1.27882e-02
  300.00 -7.50501 -3.68797e-02 -3.99059e-02 -3.99059e-02  9.70408e-03  9.70408e-03  1.27249e-02
  300.00 -7.47896 -3.66961e-02 -3.97073e-02 -3.97073e-02  9.65572e-03  9.65572e-03  1.26615e-02
  300.00 -7.45291 -3.65126e-02 -3.95088e-02 -3.95088e-02  9.60737e-03  9.60737e-03  1.25981e-02
  300.00 -7.42685 -3.63290e-02 -3.93102e-02 -3.93102e-02  9.55902e-03  9.55902e-03  1.25347e-02
  300.00 -7.40080 -3.61455e-02 -3.91116e-02 -3.91116e-02  9.51066e-03  9.51066e-03  1.24713e-02
  300.00 -7.37475 -3.59619e-02 -3.89130e-02 -3.89130e-02  9.46231e-03  9.46231e-03  1.24080e-02
  300.00 -7.34870 -3.57784e-02 -3.87145e-02 -3.87145e-02  9.41396e-03  9.41396e-03  1.23446e-02
  300.00 -7.32265 -3.55948e-02 -3.85159e-02 -3.85159e-02  9.36560e-03  9.36560e-03  1.22812e-02
  300.00 -7.29659 -3.54113e-02 -3.83173e-02 -3.83173e-02  9.31725e-03  9.31725e-03  1.22178e-02
  300.00 -7.27054 -3.52278e-02 -3.81188e-02 -3.81188e-02  9.26890e-03  9.26890e-03  1.21545e-02
  300.00 -7.24449 -3.50442e-02 -3.79202e-02 -3.79202e-02  9.22054e-03  9.22054e-03  1.20911e-02
  300.00 -7.21844 -3.48607e-02 -3.77216e-02 -3.77216e-02  9.17219e-03  9.17219e-03  1.20277e-02
  300.00 -7.19238 -3.46771e-02 -3.75230e-02 -3.75230e-02  9.12383e-03  9.12383e-03  1.19643e-02
  300.00 -7.16633 -3.44936e-02 -3.73245e-02 -3.73245e-02  9.07548e-03  9.07548e-03  1.19009e-02
  300.00 -7.14028 -3.43100e-02 -3.71259e-02 -3.71259e-02  9.02713e-03  9.02713e-03  1.18376e-02
  300.00 -7.11423 -3.41265e-02 -3.69273e-02 -3.69273e-02  8.97877e-03  8.97877e-03  1.17742e-02
  300.00 -7.08818 -3.39429e-02 -3.67288e-02 -3.67288e-02  8.93042e-03  8.93042e-03  1.17108e-02
  300.00 -7.06212 -3.37594e-02 -3.65302e-02 -3.65302e-02  8.88207e-03  8.88207e-03  1.16474e-02
  300.00 -7.03607 -3.35758e-02 -3.63316e-02 -3.63316e-02  8.83371e-03  8.83371e-03  1.15841e-02
  300.00 -7.01002 -3.33923e-02 -3.61330e-02 -3.61330e-02  8.78536e-03  8.78536e-03  1.15207e-02
  300.00 -6.98397 -3.32087e-02 -3.59345e-02 -3.59345e-02  8.73701e-03  8.73701e-03  1.14573e-02
  300.00 -6.95792 -3.30252e-02 -3.57359e-02 -3.57359e-02  8.68865e-03  8.68865e-03  1.13939e-02
  300.00 -6.93186 -3.28416e-02 -3.55373e-02 -3.55373e-02  8.64030e-03  8.64030e-03  1.13305e-02
  300.00 -6.90581 -3.26581e-02 -3.53388e-02 -3.53388e-02  8.59195e-03  8.59195e-03  1.12672e-02
  300.00 -6.87976 -3.24745e-02 -3.51402e-02 -3.51402e-02  8.54359e-03  8.54359e-03  1.12038e-02
  300.00 -6.85371 -3.22910e-02 -3.49416e-02 -3.49416e-02  8.49524e-03  8.49524e-03  1.11404e-02
  300.00 -6.82766 -3.21074e-02 -3.47430e-02 -3.47430e-02  8.44689e-03  8.44689e-03  1.10770e-02
  300.00 -6.80160 -3.19239e-02 -3.45445e-02 -3.45445e-02  8.39853e-03  8.39853e-03  1.10137e-02
  300.00 -6.77555 -3.17404e-02 -3.43459e-02 -3.43459e-02  8.35018e-03  8.35018e-03  1.09503e-02
  300.00 -6.74950 -3.15568e-02 -3.41473e-02 -3.41473e-02  8.30183e-03  8.30183e-03  1.08869e-02
  300.00 -6.72345 -3.13733e-02 -3.39487e-02 -3.39487e-02  8.25347e-03  8.25347e-03  1.08235e-02
  300.00 -6.69739 -3.11897e-02 -3.37502e-02 -3.37502e-02  8.20512e-03  8.20512e-03  1.07601e-02
  300.00 -6.67134 -3.10062e-02 -3.35516e-02 -3.35516e-02  8.15676e-03  8.15676e-03  1.06968e-02
  300.00 -6.64529 -3.08226e-02 -3.33530e-02 -3.33530e-02  8.10841e-03  8.10841e-03  1.06334e-02
  300.00 -6.61924 -3.06391e-02 -3.31545e-02 -3.31545e-02  8.06006e-03  8.06006e-03  1.05700e-02
  300.00 -6.59319 -3.04555e-02 -3.29559e-02 -3.29559e-02  8.01170e-03  8.01170e-03  1.05066e-02
  300.00 -6.56713 -3.02720e-02 -3.27573e-02 -3.27573e-02  7.96335e-03  7.96335e-03  1.04433e-02
  300.00 -6.54108 -3.00884e-02 -3.25587e-02 -3.25587e-02  7.91500e-03  7.91500e-03  1.03799e-02
  300.00 -6.51503 -2.99049e-02 -3.23602e-02 -3.23602e-02  7.86664e-03  7.86664e-03  1.03165e-02
  300.00 -6.48898 -2.97213e-02 -3.21616e-02 -3.21616e-02  7.81829e-03  7.81829e-03  1.02531e-02
  300.00 -6.46293 -2.95378e-02 -3.19630e-02 -3.19630e-02  7.76994e-03  7.76994e-03  1.01897e-02
  300.00 -6.43687 -2.93542e-02 -3.17645e-02 -3.17645e-02  7.72158e-03  7.72158e-03  1.01264e-02
  300.00 -6.41082 -2.91707e-02 -3.15659e-02 -3.15659e-02  7.67323e-03  7.67323e-03  1.00630e-02
  300.00 -6.38477 -2.89871e-02 -3.13673e-02 -3.13673e-02  7.62488e-03  7.62488e-03  9.99961e-03
  300.00 -6.35872 -2.88036e-02 -3.11687e-02 -3.11687e-02  7.57652e-03  7.57652e-03  9.93623e-03
  300.00 -6.33267 -2.86200e-02 -3.09702e-02 -3.09702e-02  7.52817e-03  7.52817e-03  9.87285e-03
  300.00 -6.30661 -2.84365e-02 -3.07716e-02 -3.07716e-02  7.47982e-03  7.47982e-03  9.80948e-03
  300.00 -6.28056 -2.82530e-02 -3.05730e-02 -3.05730e-02  7.43146e-03  7.43146e-03  9.74610e-03
  300.00 -6.25451 -2.80694e-02 -3.03745e-02 -3.03745e-02  7.38311e-03  7.38311e-03  9.68272e-03
  300.00 -6.22846 -2.78859e-02 -3.01759e-02 -3.01759e-02  7.33476e-03  7.33476e-03  9.61934e-03
  300.00 -6.20240 -2.77023e-02 -2.99773e-02 -2.99773e-02  7.28640e-03  7.28640e-03  9.55597e-03
  300.00 -6.17635 -2.75188e-02 -2.97787e-02 -2.97787e-02  7.23805e-03  7.23805e-03  9.49259e-03
  300.00 -6.15030 -2.73352e-02 -2.95802e-02 -2.95802e-02  7.18970e-03  7.18970e-03  9.42921e-03
  300.00 -6.12425 -2.71517e-02 -2.93816e-02 -2.93816e-02  7.14134e-03  7.14134e-03  9.36583e-03
  300.00 -6.09820 -2.69681e-02 -2.91830e-02 -2.91830e-02  7.09299e-03  7.09299e-03  9.30246e-03
  300.00 -6.07214 -2.67846e-02 -2.89845e-02 -2.89845e-02  7.04463e-03  7.04463e-03  9.23908e-03
  300.00 -6.04609 -2.66010e-02 -2.87859e-02 -2.87859e-02  6.99628e-03  6.99628e-03  9.17570e-03
  300.00 -6.02004 -2.64175e-02 -2.85873e-02 -2.85873e-02  6.94793e-03  6.94793e-03  9.11232e-03
  300.00 -5.99399 -2.62339e-02 -2.83887e-02 -2.83887e-02  6.89957e-03  6.89957e-03  9.04895e-03
  300.00 -5.96794 -2.60504e-02 -2.81902e-02 -2.81902e-02  6.85122e-03  6.85122e-03  8.98557e-03
  300.00 -5.94188 -2.58668e-02 -2.79916e-02 -2.79916e-02  6.80287e-03  6.80287e-03  8.92219e-03
  300.00 -5.91583 -2.56833e-02 -2.77930e-02 -2.77930e-02  6.75451e-03  6.75451e-03  8.85881e-03
  300.00 -5.88978 -2.54997e-02 -2.75945e-02 -2.75945e-02  6.70616e-03  6.70616e-03  8.79543e-03
  300.00 -5.86373 -2.53162e-02 -2.73959e-02 -2.73959e-02  6.65781e-03  6.65781e-03  8.73206e-03
  300.00 -5.83768 -2.51327e-02 -2.71973e-02 -2.71973e-02  6.60945e-03  6.60945e-03  8.66868e-03
  300.00 -5.81162 -2.49491e-02 -2.69987e-02 -2.69987e-02  6.56110e-03  6.56110e-03  8.60530e-03
  300.00 -5.78557 -2.47656e-02 -2.68002e-02 -2.68002e-02  6.51275e-03  6.51275e-03  8.54192e-03
  300.00 -5.75952 -2.45820e-02 -2.66016e-02 -2.66016e-02  6.46439e-03  6.46439e-03  8.47855e-03
  300.00 -5.73347 -2.43985e-02 -2.64030e-02 -2.64030e-02  6.41604e-03  6.41604e-03  8.41517e-03
  300.00 -5.70741 -2.42149e-02 -2.62045e-02 -2.62045e-02  6.36769e-03  6.36769e-03  8.35179e-03
  300.00 -5.68136 -2.40314e-02 -2.60059e-02 -2.60059e-02  6.31933e-03  6.31933e-03  8.28841e-03
  300.00 -5.65531 -2.38478e-02 -2.58073e-02 -2.58073e-02  6.27098e-03  6.27098e-03  8.22504e-03
  300.00 -5.62926 -2.36643e-02 -2.56087e-02 -2.56087e-02  6.22263e-03  6.22263e-03  8.16166e-03
  300.00 -5.60321 -2.34807e-02 -2.54102e-02 -2.54102e-02  6.17427e-03  6.17427e-03  8.09828e-03
  300.00 -5.57715 -2.32972e-02 -2.52116e-02 -2.52116e-02  6.12592e-03  6.12592e-03  8.03490e-03
  300.00 -5.55110 -2.31136e-02 -2.50130e-02 -2.50130e-02  6.07756e-03  6.07756e-03  7.97152e-03
  300.00 -5.52505 -2.29301e-02 -2.48145e-02 -2.48145e-02  6.02921e-03  6.02921e-03  7.90815e-03
  300.00 -5.49900 -2.27465e-02 -2.46159e-02 -2.46159e-02  5.98086e-03  5.98086e-03  7.84477e-03
  300.00 -5.47295 -2.25630e-02 -2.44173e-02 -2.44173e-02  5.93250e-03  5.93250e-03  7.78139e-03
  300.00 -5.44689 -2.23794e-02 -2.42187e-02 -2.42187e-02  5.88415e-03  5.88415e-03  7.71801e-03
  300.00 -5.42084 -2.21959e-02 -2.40202e-02 -2.40202e-02  5.83580e-03  5.83580e-03  7.65464e-03
  300.00 -5.39479 -2.20123e-02 -2.38216e-02 -2.38216e-02  5.78744e-03  5.78744e-03  7.59126e-03
  300.00 -5.36874 -2.18288e-02 -2.36230e-02 -2.36230e-02  5.73909e-03  5.73909e-03  7.52788e-03
  300.00 -5.34269 -2.16453e-02 -2.34245e-02 -2.34245e-02  5.69074e-03  5.69074e-03  7.46450e-03
  300.00 -5.31663 -2.14617e-02 -2.32259e-02 -2.32259e-02  5.64238e-03  5.64238e-03  7.40113e-03
  300.00 -5.29058 -2.12782e-02 -2.30273e-02 -2.30273e-02  5.59403e-03  5.59403e-03  7.33775e-03
  300.00 -5.26453 -2.10946e-02 -2.28287e-02 -2.28287e-02  5.54568e-03  5.54568e-03  7.27437e-03
  300.00 -5.23848 -2.09111e-02 -2.26302e-02 -2.26302e-02  5.49732e-03  5.49732e-03  7.21099e-03
  300.00 -5.21242 -2.07275e-02 -2.24316e-02 -2.24316e-02  5.44897e-03  5.44897e-03  7.14761e-03
  300.00 -5.18637 -2.05440e-02 -2.22330e-02 -2.22330e-02  5.40062e-03  5.40062e-03  7.08424e-03
  300.00 -5.16032 -2.03604e-02 -2.20345e-02 -2.20345e-02  5.35226e-03  5.35226e-03  7.02086e-03
  300.00 -5.13427 -2.01769e-02 -2.18359e-02 -2.18359e-02  5.30391e-03  5.30391e-03  6.95748e-03
  300.00 -5.10822 -1.99933e-02 -2.16373e-02 -2.16373e-02  5.25556e-03  5.25556e-03  6.89410e-03
  300.00 -5.08216 -1.98098e-02 -2.14387e-02 -2.14387e-02  5.20720e-03  5.20720e-03  6.83073e-03
  300.00 -5.05611 -1.96262e-02 -2.12402e-02 -2.12402e-02  5.15885e-03  5.15885e-03  6.76735e-03
  300.00 -5.03006 -1.94427e-02 -2.10416e-02 -2.10416e-02  5.11049e-03  5.11049e-03  6.70397e-03
  300.00 -5.00401 -1.92591e-02 -2.08430e-02 -2.08430e-02  5.06214e-03  5.06214e-03  6.64059e-03
  300.00 -4.97796 -1.90756e-02 -2.06445e-02 -2.06445e-02  5.01379e-03  5.01379e-03  6.57722e-03
  300.00 -4.95190 -1.88920e-02 -2.04459e-02 -2.04459e-02  4.96543e-03  4.96543e-03  6.51384e-03
  300.00 -4.92585 -1.87085e-02 -2.02473e-02 -2.02473e-02  4.91708e-03  4.91708e-03  6.45046e-03
  300.00 -4.89980 -1.85249e-02 -2.00487e-02 -2.00487e-02  4.86873e-03  4.86873e-03  6.38708e-03
  300.00 -4.87375 -1.83414e-02 -1.98502e-02 -1.98502e-02  4.82037e-03  4.82037e-03  6.32370e-03
  300.00 -4.84770 -1.81579e-02 -1.96516e-02 -1.96516e-02  4.77202e-03  4.77202e-03  6.26033e-03
  300.00 -4.82164 -1.79743e-02 -1.94530e-02 -1.94530e-02  4.72367e-03  4.72367e-03  6.19695e-03
  300.00 -4.79559 -1.77908e-02 -1.92545e-02 -1.92545e-02  4.67531e-03  4.67531e-03  6.13357e-03
  300.00 -4.76954 -1.76072e-02 -1.90559e-02 -1.90559e-02  4.62696e-03  4.62696e-03  6.07019e-03
  300.00 -4.74349 -1.74237e-02 -1.88573e-02 -1.88573e-02  4.57861e-03  4.57861e-03  6.00682e-03
  300.00 -4.71743 -1.72401e-02 -1.86587e-02 -1.86587e-02  4.53025e-03  4.53025e-03  5.94344e-03
  300.00 -4.69138 -1.70566e-02 -1.84602e-02 -1.84602e-02  4.48190e-03  4.48190e-03  5.88006e-03
  300.00 -4.66533 -1.68730e-02 -1.82616e-02 -1.82616e-02  4.43355e-03  4.43355e-03  5.81668e-03
  300.00 -4.63928 -1.66895e-02 -1.80630e-02 -1.80630e-02  4.38519e-03  4.38519e-03  5.75331e-03
  300.00 -4.61323 -1.65059e-02 -1.78645e-02 -1.78645e-02  4.33684e-03  4.33684e-03  5.68993e-03
  300.00 -4.58717 -1.63224e-02 -1.76659e-02 -1.76659e-02  4.28849e-03  4.28849e-03  5.62655e-03
  300.00 -4.56112 -1.61388e-02 -1.74673e-02 -1.74673e-02  4.24013e-03  4.24013e-03  5.56317e-03
  300.00 -4.53507 -1.59553e-02 -1.72687e-02 -1.72687e-02  4.19178e-03  4.19178e-03  5.49979e-03
  300.00 -4.50902 -1.57717e-02 -1.70702e-02 -1.70702e-02  4.14342e-03  4.14342e-03  5.43642e-03
  300.00 -4.48297 -1.55882e-02 -1.68716e-02 -1.68716e-02  4.09507e-03  4.09507e-03  5.37304e-03
  300.00 -4.45691 -1.54046e-02 -1.66730e-02 -1.66730e-02  4.04672e-03  4.04672e-03  5.30966e-03
  300.00 -4.43086 -1.52211e-02 -1.64745e-02 -1.64745e-02  3.99836e-03  3.99836e-03  5.24628e-03
  300.00 -4.40481 -1.50375e-02 -1.62759e-02 -1.62759e-02  3.95001e-03  3.95001e-03  5.18291e-03
  300.00 -4.37876 -1.48540e-02 -1.60773e-02 -1.60773e-02  3.90166e-03  3.90166e-03  5.11953e-03
  300.00 -4.35271 -1.46705e-02 -1.58787e-02 -1.58787e-02  3.85330e-03  3.85330e-03  5.05615e-03
  300.00 -4.32665 -1.44869e-02 -1.56802e-02 -1.56802e-02  3.80495e-03  3.80495e-03  4.99277e-03
  300.00 -4.30060 -1.43034e-02 -1.54816e-02 -1.54816e-02  3.75660e-03  3.75660e-03  4.92940e-03
  300.00 -4.27455 -1.41198e-02 -1.52830e-02 -1.52830e-02  3.70824e-03  3.70824e-03  4.86602e-03
  300.00 -4.24850 -1.39363e-02 -1.50845e-02 -1.50845e-02  3.65989e-03  3.65989e-03  4.80264e-03
  300.00 -4.22244 -1.37527e-02 -1.48859e-02 -1.48859e-02  3.61154e-03  3.61154e-03  4.73926e-03
  300.00 -4.19639 -1.35692e-02 -1.46873e-02 -1.46873e-02  3.56318e-03  3.56318e-03  4.67588e-03
  300.00 -4.17034 -1.33856e-02 -1.44887e-02 -1.44887e-02  3.51483e-03  3.51483e-03  4.61251e-03
  300.00 -4.14429 -1.32021e-02 -1.42902e-02 -1.42902e-02  3.46648e-03  3.46648e-03  4.54913e-03
  300.00 -4.11824 -1.30185e-02 -1.40916e-02 -1.40916e-02  3.41812e-03  3.41812e-03  4.48575e-03
  300.00 -4.09218 -1.28350e-02 -1.38930e-02 -1.38930e-02  3.36977e-03  3.36977e-03  4.42237e-03
  300.00 -4.06613 -1.26514e-02 -1.36945e-02 -1.36945e-02  3.32142e-03  3.32142e-03  4.35900e-03
  300.00 -4.04008 -1.24679e-02 -1.34959e-02 -1.34959e-02  3.27306e-03  3.27306e-03  4.29562e-03
  300.00 -4.01403 -1.22843e-02 -1.32973e-02 -1.32973e-02  3.22471e-03  3.22471e-03  4.23224e-03
  300.00 -3.98798 -1.21008e-02 -1.30987e-02 -1.30987e-02  3.17635e-03  3.17635e-03  4.16886e-03
  300.00 -3.96192 -1.19172e-02 -1.29002e-02 -1.29002e-02  3.12800e-03  3.12800e-03  4.10549e-03
  300.00 -3.93587 -1.17337e-02 -1.27016e-02 -1.27016e-02  3.07965e-03  3.07965e-03  4.04211e-03
  300.00 -3.90982 -1.15501e-02 -1.25030e-02 -1.25030e-02  3.03129e-03  3.03129e-03  3.97873e-03
  300.00 -3.88377 -1.13666e-02 -1.23045e-02 -1.23045e-02  2.98294e-03  2.98294e-03  3.91535e-03
  300.00 -3.85772 -1.11831e-02 -1.21059e-02 -1.21059e-02  2.93459e-03  2.93459e-03  3.85198e-03
  300.00 -3.83166 -1.09995e-02 -1.19073e-02 -1.19073e-02  2.88623e-03  2.88623e-03  3.78860e-03
  300.00 -3.80561 -1.08160e-02 -1.17087e-02 -1.17087e-02  2.83788e-03  2.83788e-03  3.72522e-03
  300.00 -3.77956 -1.06324e-02 -1.15102e-02 -1.15102e-02  2.78953e-03  2.78953e-03  3.66184e-03
  300.00 -3.75351 -1.04489e-02 -1.13116e-02 -1.13116e-02  2.74117e-03  2.74117e-03  3.59846e-03
  300.00 -3.72745 -1.02653e-02 -1.11130e-02 -1.11130e-02  2.69282e-03  2.69282e-03  3.53509e-03
  300.00 -3.70140 -1.00818e-02 -1.09145e-02 -1.09145e-02  2.64447e-03  2.64447e-03  3.47171e-03
  300.00 -3.67535 -9.89822e-03 -1.07159e-02 -1.07159e-02  2.59611e-03  2.59611e-03  3.40833e-03
  300.00 -3.64930 -9.71467e-03 -1.05173e-02 -1.05173e-02  2.54776e-03  2.54776e-03  3.34495e-03
  300.00 -3.62325 -9.53113e-03 -1.03187e-02 -1.03187e-02  2.49941e-03  2.49941e-03  3.28158e-03
  300.00 -3.59719 -9.34758e-03 -1.01202e-02 -1.01202e-02  2.45105e-03  2.45105e-03  3.21820e-03
  300.00 -3.57114 -9.16403e-03 -9.92159e-03 -9.92159e-03  2.40270e-03  2.40270e-03  3.15482e-03
  300.00 -3.54509 -8.98048e-03 -9.72302e-03 -9.72302e-03  2.35435e-03  2.35435e-03  3.09144e-03
  300.00 -3.51904 -8.79694e-03 -9.52445e-03 -9.52445e-03  2.30599e-03  2.30599e-03  3.02807e-03
  300.00 -3.49299 -8.61339e-03 -9.32588e-03 -9.32588e-03  2.25764e-03  2.25764e-03  2.96469e-03
  300.00 -3.46693 -8.42984e-03 -9.12731e-03 -9.12731e-03  2.20928e-03  2.20928e-03  2.90131e-03
  300.00 -3.44088 -8.24630e-03 -8.92874e-03 -8.92874e-03  2.16093e-03  2.16093e-03  2.83793e-03
  300.00 -3.41483 -8.06275e-03 -8.73017e-03 -8.73017e-03  2.11258e-03  2.11258e-03  2.77455e-03
  300.00 -3.38878 -7.87920e-03 -8.53159e-03 -8.53159e-03  2.06422e-03  2.06422e-03  2.71118e-03
  300.00 -3.36273 -7.69565e-03 -8.33302e-03 -8.33302e-03  2.01587e-03  2.01587e-03  2.64780e-03
  300.00 -3.33667 -7.51211e-03 -8.13445e-03 -8.13445e-03  1.96752e-03  1.96752e-03  2.58442e-03
  300.00 -3.31062 -7.32856e-03 -7.93588e-03 -7.93588e-03  1.91916e-03  1.91916e-03  2.52104e-03
  300.00 -3.28457 -7.14501e-03 -7.73731e-03 -7.73731e-03  1.87081e-03  1.87081e-03  2.45767e-03
  300.00 -3.25852 -6.96146e-03 -7.53874e-03 -7.53874e-03  1.82246e-03  1.82246e-03  2.39429e-03
  300.00 -3.23246 -6.77792e-03 -7.34017e-03 -7.34017e-03  1.77410e-03  1.77410e-03  2.33091e-03
  300.00 -3.20641 -6.59437e-03 -7.14159e-03 -7.14159e-03  1.72575e-03  1.72575e-03  2.26753e-03
  300.00 -3.18036 -6.41082e-03 -6.94302e-03 -6.94302e-03  1.67740e-03  1.67740e-03  2.20416e-03
  300.00 -3.15431 -6.22727e-03 -6.74445e-03 -6.74445e-03  1.62904e-03  1.62904e-03  2.14078e-03
  300.00 -3.12826 -6.04373e-03 -6.54588e-03 -6.54588e-03  1.58069e-03  1.58069e-03  2.07740e-03
  300.00 -3.10220 -5.86018e-03 -6.34731e-03 -6.34731e-03  1.53234e-03  1.53234e-03  2.01402e-03
  300.00 -3.07615 -5.67663e-03 -6.14874e-03 -6.14874e-03  1.48398e-03  1.48398e-03  1.95064e-03
  300.00 -3.05010 -5.49308e-03 -5.95016e-03 -5.95016e-03  1.43563e-03  1.43563e-03  1.88727e-03
  300.00 -3.02405 -5.30954e-03 -5.75159e-03 -5.75159e-03  1.38728e-03  1.38728e-03  1.82389e-03
  300.00 -2.99800 -5.12599e-03 -5.55302e-03 -5.55302e-03  1.33892e-03  1.33892e-03  1.76051e-03
  300.00 -2.97194 -4.94244e-03 -5.35445e-03 -5.35445e-03  1.29057e-03  1.29057e-03  1.69713e-03
  300.00 -2.94589 -4.75890e-03 -5.15588e-03 -5.15588e-03  1.24222e-03  1.24222e-03  1.63376e-03
  300.00 -2.91984 -4.57535e-03 -4.95731e-03 -4.95731e-03  1.19386e-03  1.19386e-03  1.57038e-03
  300.00 -2.89379 -4.39180e-03 -4.75874e-03 -4.75874e-03  1.14551e-03  1.14551e-03  1.50700e-03
  300.00 -2.86774 -4.20825e-03 -4.56016e-03 -4.56016e-03  1.09715e-03  1.09715e-03  1.44362e-03
  300.00 -2.84168 -4.02471e-03 -4.36159e-03 -4.36159e-03  1.04880e-03  1.04880e-03  1.38025e-03
  300.00 -2.81563 -3.84116e-03 -4.16302e-03 -4.16302e-03  1.00045e-03  1.00045e-03  1.31687e-03
  300.00 -2.78958 -3.65761e-03 -3.96445e-03 -3.96445e-03  9.52094e-04  9.52094e-04  1.25349e-03
  300.00 -2.76353 -3.47406e-03 -3.76588e-03 -3.76588e-03  9.03741e-04  9.03741e-04  1.19011e-03
  300.00 -2.73747 -3.29052e-03 -3.56731e-03 -3.56731e-03  8.55387e-04  8.55387e-04  1.12673e-03
  300.00 -2.71142 -3.10697e-03 -3.36873e-03 -3.36873e-03  8.07034e-04  8.07034e-04  1.06336e-03
  300.00 -2.68537 -2.92342e-03 -3.17016e-03 -3.17016e-03  7.58680e-04  7.58680e-04  9.99979e-04
  300.00 -2.65932 -2.73987e-03 -2.97159e-03 -2.97159e-03  7.10326e-04  7.10326e-04  9.36602e-04
  300.00 -2.63327 -2.55633e-03 -2.77302e-03 -2.77302e-03  6.61972e-04  6.61972e-04  8.73224e-04
  300.00 -2.60721 -2.37278e-03 -2.57445e-03 -2.57445e-03  6.13617e-04  6.13617e-04  8.09846e-04
  300.00 -2.58116 -2.18922e-03 -2.37587e-03 -2.37587e-03  5.65260e-04  5.65260e-04  7.46467e-04
  300.00 -2.55511 -2.00566e-03 -2.17729e-03 -2.17729e-03  5.16899e-04  5.16899e-04  6.83086e-04
  300.00 -2.52906 -1.82209e-03 -1.97870e-03 -1.97870e-03  4.68525e-04  4.68525e-04  6.19702e-04
  300.00 -2.50301 -1.63847e-03 -1.78009e-03 -1.78009e-03  4.20125e-04  4.20125e-04  5.56310e-04
  300.00 -2.47695 -1.45477e-03 -1.58144e-03 -1.58144e-03  3.71663e-04  3.71663e-04  4.92904e-04
  300.00 -2.45090 -1.27093e-03 -1.38273e-03 -1.38273e-03  3.23069e-04  3.23069e-04  4.29473e-04
  300.00 -2.42485 -1.08689e-03 -1.18402e-03 -1.18402e-03  2.74213e-04  2.74213e-04  3.66022e-04
  300.00 -2.39880 -9.02860e-04 -9.85693e-04 -9.85693e-04  2.24926e-04  2.24926e-04  3.02637e-04
  300.00 -2.37275 -7.20410e-04 -7.89483e-04 -7.89483e-04  1.75275e-04  1.75275e-04  2.39745e-04
  300.00 -2.34669 -5.45826e-04 -6.01383e-04 -6.01383e-04  1.26699e-04  1.26699e-04  1.78840e-04
  300.00 -2.32064 -3.95028e-04 -4.36118e-04 -4.36118e-04  8.39634e-05  8.39634e-05  1.23635e-04
  300.00 -2.29459 -2.84331e-04 -3.10479e-04 -3.10479e-04  5.20587e-05  5.20587e-05  7.84161e-05
  300.00 -2.26854 -2.06048e-04 -2.19826e-04 -2.19826e-04  2.76473e-05  2.76473e-05  4.29699e-05
  300.00 -2.24248 -1.52502e-04 -1.58031e-04 -1.58031e-04  1.03298e-05  1.03298e-05  1.95181e-05
  300.00 -2.21643 -1.22617e-04 -1.22134e-04 -1.22134e-04  1.79673e-06  1.79673e-06  6.76038e-06
  300.00 -2.19038 -1.04654e-04 -9.79132e-05 -9.79132e-05 -1.29366e-06 -1.29366e-06 -2.98122e-07
  300.00 -2.16433 -9.10830e-05 -8.02790e-05 -8.02790e-05 -9.67797e-07 -9.67797e-07 -1.85088e-06
  300.00 -2.13828 -8.14790e-05 -7.06406e-05 -7.06406e-05 -4.05516e-07 -4.05516e-07 -9.06211e-07
  300.00 -2.11222 -7.44738e-05 -7.04350e-05 -7.04350e-05 -2.73219e-07 -2.73219e-07  7.30352e-08
  300.00 -2.08617 -6.48563e-05 -6.61529e-05 -6.61529e-05  2.19875e-08  2.19875e-08  5.88936e-07
  300.00 -2.06012 -5.07964e-05 -4.99761e-05 -4.99761e-05  3.17070e-07  3.17070e-07  6.60887e-07
  300.00 -2.03407 -3.84184e-05 -3.26509e-05 -3.26509e-05  3.76741e-07  3.76741e-07  1.47768e-07
  300.00 -2.00802 -3.40677e-05 -2.69113e-05 -2.69113e-05 -9.02198e-08 -9.02198e-08 -4.52585e-07
  300.00 -1.98196 -3.70381e-05 -3.31875e-05 -3.31875e-05 -2.98742e-07 -2.98742e-07 -3.90373e-07
  300.00 -1.95591 -3.37547e-05 -3.47030e-05 -3.47030e-05 -1.15365e-07 -1.15365e-07 -1.13857e-07
  300.00 -1.92986 -2.26876e-05 -2.48372e-05 -2.48372e-05 -7.71885e-09 -7.71885e-09 -1.62994e-08
  300.00 -1.90381 -1.01556e-05 -1.07464e-05 -1.07464e-05  3.07499e-08  3.07499e-08  1.10115e-08
  300.00 -1.87776 -6.31347e-06 -5.81196e-06 -5.81196e-06  9.14497e-09  9.14497e-09  9.87332e-09
  300.00 -1.85170 -2.17101e-05 -2.10423e-05 -2.10423e-05 -1.06847e-07 -1.06847e-07 -6.04972e-08
  300.00 -1.82565 -3.99105e-05 -3.79458e-05 -3.79458e-05  2.39821e-08  2.39821e-08 -8.93295e-08
  300.00 -1.79960 -3.06800e-05 -2.80639e-05 -2.80639e-05  4.51894e-08  4.51894e-08  4.75692e-08
  300.00 -1.77355 -9.67431e-06 -8.69854e-06 -8.69854e-06 -3.13124e-08 -3.13124e-08  2.77784e-08
  300.00 -1.74749 -5.86401e-07 -2.49748e-06 -2.49748e-06 -8.14402e-09 -8.14402e-09 -2.98182e-08
  300.00 -1.72144 -5.64710e-06 -9.62113e-06 -9.62113e-06 -2.94109e-10 -2.94109e-10 -1.92897e-08
  300.00 -1.69539 -1.43664e-05 -1.61285e-05 -1.61285e-05  2.29964e-09  2.29964e-09 -6.42496e-10
  300.00 -1.66934 -2.36917e-05 -2.14891e-05 -2.14891e-05  5.61084e-09  5.61084e-09  2.89895e-08
  300.00 -1.64329 -2.89434e-05 -2.59319e-05 -2.59319e-05  2.82371e-09  2.82371e-09 -2.44107e-08
  300.00 -1.61723 -1.93400e-05 -1.91294e-05 -1.91294e-05  3.55419e-09  3.55419e-09 -1.31395e-10
  300.00 -1.59118 -4.61000e-06 -5.83322e-06 -5.83322e-06  3.18707e-09  3.18707e-09  3.12856e-08
  300.00 -1.56513  2.21287e-06  1.25907e-06  1.25907e-06 -1.10714e-08 -1.10714e-08 -1.55923e-08
  300.00 -1.53908 -3.45877e-06 -3.86845e-06 -3.86845e-06 -4.82456e-09 -4.82456e-09 -2.17852e-08
  300.00 -1.51303 -1.21549e-05 -1.17428e-05 -1.17428e-05  6.28756e-10  6.28756e-10  1.03134e-08
  300.00 -1.48697 -1.68412e-05 -1.70719e-05 -1.70719e-05  1.66812e-09  1.66812e-09  8.95602e-09
  300.00 -1.46092 -2.08365e-05 -2.09059e-05 -2.09059e-05  2.98263e-09  2.98263e-09  1.02481e-08
  300.00 -1.43487 -1.86667e-05 -1.85534e-05 -1.85534e-05 -1.94728e-09 -1.94728e-09  2.91578e-09
  300.00 -1.40882 -1.08212e-05 -1.14821e-05 -1.14821e-05 -1.91919e-09 -1.91919e-09 -4.76805e-09
  300.00 -1.38277 -3.21694e-06 -3.91506e-06 -3.91506e-06  5.96957e-10  5.96957e-10 -3.56765e-09
  300.00 -1.35671  6.01862e-06  5.88686e-06  5.88686e-06  1.05514e-10  1.05514e-10 -3.50450e-09
  300.00 -1.33066  4.54508e-06  6.76329e-06  6.76329e-06  3.53410e-09  3.53410e-09 -2.24504e-09
  300.00 -1.30461 -1.50491e-05 -1.23483e-05 -1.23483e-05 -1.58071e-09 -1.58071e-09 -6.82899e-10
  300.00 -1.27856 -2.49088e-05 -2.56963e-05 -2.56963e-05  9.41200e-11  9.41200e-11 -1.27348e-09
  300.00 -1.25251 -1.82928e-05 -2.01007e-05 -2.01007e-05  9.53666e-10  9.53666e-10  5.21549e-11
  300.00 -1.22645 -9.29940e-06 -9.38094e-06 -9.38094e-06 -1.02565e-09 -1.02565e-09  2.05324e-09
  300.00 -1.20040 -3.21456e-06 -2.30210e-06 -2.30210e-06 -8.27045e-10 -8.27045e-10  7.72719e-09
  300.00 -1.17435  2.34847e-06  3.48191e-06  3.48191e-06 -3.11549e-11 -3.11549e-11  8.43214e-09
  300.00 -1.14830  6.63070e-06  6.78815e-06  6.78815e-06  8.68490e-10  8.68490e-10 -6.42418e-09
  300.00 -1.12224 -2.14226e-06 -3.27789e-06 -3.27789e-06  6.51430e-10  6.51430e-10 -9.95897e-09
  300.00 -1.09619 -2.03256e-05 -2.13028e-05 -2.13028e-05 -2.52195e-09 -2.52195e-09 -1.00140e-09
  300.00 -1.07014 -2.17488e-05 -2.21397e-05 -2.21397e-05  6.65247e-10  6.65247e-10  3.27103e-09
  300.00 -1.04409 -9.09352e-06 -8.11226e-06 -8.11226e-06  5.00533e-10  5.00533e-10  4.50930e-09
  300.00 -1.01804 -1.08880e-06  8.69228e-07  8.69228e-07  2.99504e-10  2.99504e-10  1.03978e-09
  300.00 -0.99198 -3.51244e-07  7.55131e-07  7.55131e-07 -1.56994e-10 -1.56994e-10  2.23732e-09
  300.00 -0.96593  1.38504e-06  1.14631e-06  1.14631e-06 -8.92252e-10 -8.92252e-10  1.24653e-09
  300.00 -0.93988  2.95180e-06  1.90052e-06  1.90052e-06  9.94310e-11  9.94310e-11 -9.90658e-09
  300.00 -0.91383 -2.79453e-06 -4.54151e-06 -4.54151e-06  2.26800e-10  2.26800e-10 -4.44432e-09
  300.00 -0.88778 -1.23855e-05 -1.35969e-05 -1.35969e-05  1.20796e-09  1.20796e-09 -1.50339e-11
  300.00 -0.86172 -1.28189e-05 -1.27365e-05 -1.27365e-05  2.14972e-09  2.14972e-09  2.69437e-09
  300.00 -0.83567 -7.05711e-06 -5.75062e-06 -5.75062e-06  9.21127e-10  9.21127e-10  3.14005e-09
  300.00 -0.80962 -1.80487e-06 -5.02036e-07 -5.02036e-07 -1.65716e-09 -1.65716e-09 -2.98980e-09
  300.00 -0.78357  4.16736e-06  4.68567e-06  4.68567e-06 -1.30104e-09 -1.30104e-09 -2.50855e-09
  300.00 -0.75752  9.92340e-06  9.80401e-06  9.80401e-06 -1.45352e-10 -1.45352e-10 -1.48087e-09
  300.00 -0.73146  7.91935e-06  6.67354e-06  6.67354e-06  1.26641e-09  1.26641e-09  5.53813e-10
  300.00 -0.70541 -4.64762e-06 -5.93450e-06 -5.93450e-06  1.86074e-09  1.86074e-09  1.76726e-09
  300.00 -0.67936 -1.11766e-05 -1.17015e-05 -1.17015e-05  7.53839e-10  7.53839e-10  4.97952e-10
  300.00 -0.65331 -6.56448e-06 -6.41069e-06 -6.41069e-06  1.17602e-09  1.17602e-09 -1.21010e-10
  300.00 -0.62725  3.74376e-06  4.32352e-06  4.32352e-06 -2.71786e-10 -2.71786e-10 -9.38888e-10
  300.00 -0.60120  1.31447e-05  1.36205e-05  1.36205e-05 -1.46821e-09 -1.46821e-09 -7.12581e-10
  300.00 -0.57515  1.56268e-05  1.53505e-05  1.53505e-05 -6.84283e-10 -6.84283e-10 -3.57743e-12
  300.00 -0.54910  5.91903e-06  5.36732e-06  5.36732e-06  1.29427e-09  1.29427e-09  2.78406e-10
  300.00 -0.52305 -5.32540e-06 -4.90748e-06 -4.90748e-06  1.04081e-09  1.04081e-09  1.89695e-09
  300.00 -0.49699 -2.63009e-06 -2.03162e-06 -2.03162e-06 -2.40253e-09 -2.40253e-09  2.01032e-09
  300.00 -0.47094  4.38611e-06  4.24000e-06  4.24000e-06 -1.99106e-09 -1.99106e-09  7.87148e-10
  300.00 -0.44489  1.27953e-05  1.23944e-05  1.23944e-05 -5.78944e-10 -5.78944e-10 -1.06089e-09
  300.00 -0.41884  1.80249e-05  1.79710e-05  1.79710e-05 -2.42772e-11 -2.42772e-11 -1.93822e-09
  300.00 -0.39279  1.15005e-05  1.18698e-05  1.18698e-05  2.34265e-10  2.34265e-10 -1.21353e-09
  300.00 -0.36673  3.67821e-06  4.34370e-06  4.34370e-06 -5.40155e-12 -5.40153e-12  3.35262e-11
  300.00 -0.34068  6.72047e-06  7.10713e-06  7.10713e-06 -5.61081e-10 -5.61081e-10  1.10787e-09
  300.00 -0.31463  1.42116e-05  1.39087e-05  1.39087e-05 -3.25235e-10 -3.25235e-10  8.06888e-10
  300.00 -0.28858  2.09493e-05  2.05718e-05  2.05718e-05  6.63462e-11  6.63463e-11 -1.86500e-09
  300.00 -0.26253  2.23351e-05  2.23942e-05  2.23942e-05  9.64431e-13  9.64467e-13 -2.50443e-09
  300.00 -0.23647  1.90226e-05  1.90278e-05  1.90278e-05 -2.96812e-10 -2.96812e-10 -9.26876e-10
  300.00 -0.21042  2.24329e-05  2.21770e-05  2.21770e-05 -2.97435e-10 -2.97435e-10 -4.50237e-10
  300.00 -0.18437  3.24753e-05  3.23071e-05  3.23071e-05 -1.37480e-10 -1.37480e-10 -3.07551e-10
  300.00 -0.15832  4.13328e-05  4.13660e-05  4.13660e-05 -2.31017e-10 -2.31017e-10  1.60721e-10
  300.00 -0.13226  4.89011e-05  4.89998e-05  4.89998e-05 -5.06909e-10 -5.06909e-10  1.38233e-10
  300.00 -0.10621  6.49606e-05  6.50651e-05  6.50651e-05 -4.82263e-10 -4.82263e-10  2.95856e-10
  300.00 -0.08016  8.98946e-05  9.02174e-05  9.02174e-05 -7.32547e-10 -7.32547e-10  5.07338e-10
  300.00 -0.05411  1.24201e-04  1.24823e-04  1.24823e-04 -1.70267e-09 -1.70267e-09 -7.52062e-10
  300.00 -0.02806  1.71711e-04  1.72662e-04  1.72662e-04 -3.07883e-09 -3.07883e-09 -4.18905e-09
  300.00 -0.00200  2.32358e-04  2.33778e-04  2.33778e-04 -4.57939e-09 -4.57939e-09 -1.10456e-08
  300.00  0.02405  3.04673e-04  3.06502e-04  3.06502e-04 -6.16752e-09 -6.16752e-09 -2.09316e-08
  300.00  0.05010  3.84905e-04  3.86962e-04  3.86962e-04 -7.82446e-09 -7.82446e-09 -3.15692e-08
  300.00  0.07615  4.69093e-04  4.71252e-04  4.71252e-04 -9.54079e-09 -9.54079e-09 -4.18965e-08
  300.00  0.10220  5.54931e-04  5.57134e-04  5.57134e-04 -1.12946e-08 -1.12946e-08 -5.18460e-08
  300.00  0.12826  6.41402e-04  6.43627e-04  6.43627e-04 -1.30671e-08 -1.30670e-08 -6.15621e-08
  300.00  0.15431  7.28109e-04  7.30347e-04  7.30347e-04 -1.48479e-08 -1.48479e-08 -7.11596e-08
  300.00  0.18036  8.14903e-04  8.17151e-04  8.17151e-04 -1.66323e-08 -1.66323e-08 -8.07019e-08
  300.00  0.20641  9.01729e-04  9.03985e-04  9.03985e-04 -1.84181e-08 -1.84181e-08 -9.02198e-08
  300.00  0.23246  9.88566e-04  9.90830e-04  9.90830e-04 -2.02045e-08 -2.02045e-08 -9.97273e-08
  300.00  0.25852  1.07541e-03  1.07768e-03  1.07768e-03 -2.19912e-08 -2.19912e-08 -1.09230e-07
  300.00  0.28457  1.16225e-03  1.16453e-03  1.16453e-03 -2.37779e-08 -2.37779e-08 -1.18732e-07
  300.00  0.31062  1.24909e-03  1.25138e-03  1.25138e-03 -2.55647e-08 -2.55647e-08 -1.28232e-07
  300.00  0.33667  1.33594e-03  1.33823e-03  1.33823e-03 -2.73515e-08 -2.73515e-08 -1.37733e-07
  300.00  0.36273  1.42278e-03  1.42508e-03  1.42508e-03 -2.91383e-08 -2.91383e-08 -1.47233e-07
  300.00  0.38878  1.50963e-03  1.51194e-03  1.51194e-03 -3.09252e-08 -3.09252e-08 -1.56733e-07
  300.00  0.41483  1.59647e-03  1.59879e-03  1.59879e-03 -3.27120e-08 -3.27120e-08 -1.66233e-07
  300.00  0.44088  1.68331e-03  1.68564e-03  1.68564e-03 -3.44988e-08 -3.44988e-08 -1.75733e-07
  300.00  0.46693  1.77016e-03  1.77249e-03  1.77249e-03 -3.62856e-08 -3.62856e-08 -1.85233e-07
  300.00  0.49299  1.85700e-03  1.85934e-03  1.85934e-03 -3.80724e-08 -3.80724e-08 -1.94733e-07
  300.00  0.51904  1.94385e-03  1.94619e-03  1.94619e-03 -3.98592e-08 -3.98592e-08 -2.04233e-07
  300.00  0.54509  2.03069e-03  2.03305e-03  2.03305e-03 -4.16460e-08 -4.16460e-08 -2.13733e-07
  300.00  0.57114  2.11753e-03  2.11990e-03  2.11990e-03 -4.34328e-08 -4.34328e-08 -2.23233e-07
  300.00  0.59719  2.20438e-03  2.20675e-03  2.20675e-03 -4.52197e-08 -4.52196e-08 -2.32733e-07
  300.00  0.62325  2.29122e-03  2.29360e-03  2.29360e-03 -4.70065e-08 -4.70065e-08 -2.42233e-07
  300.00  0.64930  2.37807e-03  2.38045e-03  2.38045e-03 -4.87933e-08 -4.87933e-08 -2.51734e-07
  300.00  0.67535  2.46491e-03  2.46730e-03  2.46730e-03 -5.05801e-08 -5.05801e-08 -2.61234e-07
  300.00  0.70140  2.55175e-03  2.55416e-03  2.55416e-03 -5.23669e-08 -5.23669e-08 -2.70734e-07
  300.00  0.72745  2.63860e-03  2.64101e-03  2.64101e-03 -5.41537e-08 -5.41537e-08 -2.80234e-07
  300.00  0.75351  2.72544e-03  2.72786e-03  2.72786e-03 -5.59405e-08 -5.59405e-08 -2.89734e-07
  300.00  0.77956  2.81228e-03  2.81471e-03  2.81471e-03 -5.77273e-08 -5.77273e-08 -2.99234e-07
  300.00  0.80561  2.89913e-03  2.90156e-03  2.90156e-03 -5.95141e-08 -5.95141e-08 -3.08734e-07
  300.00  0.83166  2.98597e-03  2.98841e-03  2.98841e-03 -6.13010e-08 -6.13010e-08 -3.18234e-07
  300.00  0.85772  3.07282e-03  3.07527e-03  3.07527e-03 -6.30878e-08 -6.30878e-08 -3.27734e-07
  300.00  0.88377  3.15966e-03  3.16212e-03  3.16212e-03 -6.48746e-08 -6.48746e-08 -3.37234e-07
  300.00  0.90982  3.24650e-03  3.24897e-03  3.24897e-03 -6.66614e-08 -6.66614e-08 -3.46734e-07
  300.00  0.93587  3.33335e-03  3.33582e-03  3.33582e-03 -6.84482e-08 -6.84482e-08 -3.56234e-07
  300.00  0.96192  3.42019e-03  3.42267e-03  3.42267e-03 -7.02350e-08 -7.02350e-08 -3.65734e-07
  300.00  0.98798  3.50704e-03  3.50952e-03  3.50952e-03 -7.20218e-08 -7.20218e-08 -3.75235e-07
  300.00  1.01403  3.59388e-03  3.59638e-03  3.59638e-03 -7.38086e-08 -7.38086e-08 -3.84735e-07
  300.00  1.04008  3.68072e-03  3.68323e-03  3.68323e-03 -7.55955e-08 -7.55955e-08 -3.94235e-07
  300.00  1.06613  3.76757e-03  3.77008e-03  3.77008e-03 -7.73823e-08 -7.73823e-08 -4.03735e-07
  300.00  1.09218  3.85441e-03  3.85693e-03  3.85693e-03 -7.91691e-08 -7.91691e-08 -4.13235e-07
  300.00  1.11824  3.94126e-03  3.94378e-03  3.94378e-03 -8.09559e-08 -8.09559e-08 -4.22735e-07
  300.00  1.14429  4.02810e-03  4.03063e-03  4.03063e-03 -8.27427e-08 -8.27427e-08 -4.32235e-07
  300.00  1.17034  4.11494e-03  4.11748e-03  4.11748e-03 -8.45295e-08 -8.45295e-08 -4.41735e-07
  300.00  1.19639  4.20179e-03  4.20434e-03  4.20434e-03 -8.63163e-08 -8.63163e-08 -4.51235e-07
  300.00  1.22244  4.28863e-03  4.29119e-03  4.29119e-03 -8.81031e-08 -8.81031e-08 -4.60735e-07
  300.00  1.24850  4.37548e-03  4.37804e-03  4.37804e-03 -8.98900e-08 -8.98899e-08 -4.70235e-07
  300.00  1.27455  4.46232e-03  4.46489e-03  4.46489e-03 -9.16768e-08 -9.16768e-08 -4.79735e-07
  300.00  1.30060  4.54916e-03  4.55174e-03  4.55174e-03 -9.34636e-08 -9.34636e-08 -4.89235e-07
  300.00  1.32665  4.63600e-03  4.63859e-03  4.63859e-03 -9.52503e-08 -9.52503e-08 -4.98735e-07
  300.00  1.35271  4.72280e-03  4.72539e-03  4.72539e-03 -9.70363e-08 -9.70363e-08 -5.08234e-07
  300.00  1.37876  4.80931e-03  4.81189e-03  4.81189e-03 -9.88173e-08 -9.88173e-08 -5.17716e-07
  300.00  1.40481  4.89362e-03  4.89608e-03  4.89608e-03 -1.00558e-07 -1.00558e-07 -5.27048e-07
  300.00  1.43086  4.96149e-03  4.96300e-03  4.96300e-03 -1.01989e-07 -1.01989e-07 -5.34932e-07
  300.00  1.45691  4.90816e-03  4.90266e-03  4.90266e-03 -1.01034e-07 -1.01034e-07 -5.25526e-07
  300.00  1.48297  4.05280e-03  4.00571e-03  4.00571e-03 -8.34105e-08 -8.34105e-08 -1.73400e-07
  300.00  1.50902  3.42514e-04  2.17833e-04  2.17833e-04 -2.69335e-10 -2.69330e-10  4.96516e-06
  300.00  1.53507 -3.71644e-03 -3.78284e-03 -3.78284e-03  9.80096e-08  9.80096e-08  1.65039e-05
  300.00  1.56112 -4.77897e-03 -4.80622e-03 -4.80622e-03  1.24107e-07  1.24107e-07  2.03998e-05
  300.00  1.58717 -4.86773e-03 -4.88787e-03 -4.88787e-03  1.26041e-07  1.26041e-07  2.07027e-05
  300.00  1.61323 -4.80474e-03 -4.82358e-03 -4.82358e-03  1.24301e-07  1.24301e-07  2.04202e-05
  300.00  1.63928 -4.72108e-03 -4.73942e-03 -4.73942e-03  1.22078e-07  1.22078e-07  2.00588e-05
  300.00  1.66533 -4.63466e-03 -4.65262e-03 -4.65262e-03  1.19793e-07  1.19793e-07  1.96872e-05
  300.00  1.69138 -4.54787e-03 -4.56546e-03 -4.56546e-03  1.17500e-07  1.17500e-07  1.93142e-05
  300.00  1.71743 -4.46104e-03 -4.47825e-03 -4.47825e-03  1.15206e-07  1.15206e-07  1.89410e-05
  300.00  1.74349 -4.37419e-03 -4.39103e-03 -4.39103e-03  1.12912e-07  1.12912e-07  1.85678e-05
  300.00  1.76954 -4.28735e-03 -4.30382e-03 -4.30382e-03  1.10617e-07  1.10617e-07  1.81946e-05
  300.00  1.79559 -4.20050e-03 -4.21660e-03 -4.21660e-03  1.08323e-07  1.08323e-07  1.78214e-05
  300.00  1.82164 -4.11366e-03 -4.12938e-03 -4.12938e-03  1.06029e-07  1.06029e-07  1.74482e-05
  300.00  1.84770 -4.02681e-03 -4.04217e-03 -4.04217e-03  1.03735e-07  1.03735e-07  1.70749e-05
  300.00  1.87375 -3.93997e-03 -3.95495e-03 -3.95495e-03  1.01440e-07  1.01440e-07  1.67017e-05
  300.00  1.89980 -3.85312e-03 -3.86774e-03 -3.86774e-03  9.91461e-08  9.91461e-08  1.63285e-05
  300.00  1.92585 -3.76628e-03 -3.78052e-03 -3.78052e-03  9.68518e-08  9.68518e-08  1.59553e-05
  300.00  1.95190 -3.67943e-03 -3.69331e-03 -3.69331e-03  9.45575e-08  9.45575e-08  1.55821e-05
  300.00  1.97796 -3.59259e-03 -3.60609e-03 -3.60609e-03  9.22632e-08  9.22633e-08  1.52089e-05
  300.00  2.00401 -3.50574e-03 -3.51887e-03 -3.51887e-03  8.99690e-08  8.99690e-08  1.48357e-05
  300.00  2.03006 -3.41890e-03 -3.43166e-03 -3.43166e-03  8.76747e-08  8.76747e-08  1.44625e-05
  300.00  2.05611 -3.33205e-03 -3.34444e-03 -3.34444e-03  8.53804e-08  8.53804e-08  1.40893e-05
  300.00  2.08216 -3.24521e-03 -3.25723e-03 -3.25723e-03  8.30861e-08  8.30861e-08  1.37161e-05
  300.00  2.10822 -3.15836e-03 -3.17001e-03 -3.17001e-03  8.07918e-08  8.07919e-08  1.33428e-05
  300.00  2.13427 -3.07152e-03 -3.08279e-03 -3.08279e-03  7.84976e-08  7.84976e-08  1.29696e-05
  300.00  2.16032 -2.98467e-03 -2.99558e-03 -2.99558e-03  7.62033e-08  7.62033e-08  1.25964e-05
  300.00  2.18637 -2.89783e-03 -2.90836e-03 -2.90836e-03  7.39090e-08  7.39090e-08  1.22232e-05
  300.00  2.21242 -2.81098e-03 -2.82115e-03 -2.82115e-03  7.16147e-08  7.16147e-08  1.18500e-05
  300.00  2.23848 -2.72414e-03 -2.73393e-03 -2.73393e-03  6.93205e-08  6.93205e-08  1.14768e-05
  300.00  2.26453 -2.63729e-03 -2.64672e-03 -2.64672e-03  6.70262e-08  6.70262e-08  1.11036e-05
  300.00  2.29058 -2.55045e-03 -2.55950e-03 -2.55950e-03  6.47319e-08  6.47319e-08  1.07304e-05
  300.00  2.31663 -2.46360e-03 -2.47228e-03 -2.47228e-03  6.24376e-08  6.24376e-08  1.03572e-05
  300.00  2.34269 -2.37676e-03 -2.38507e-03 -2.38507e-03  6.01433e-08  6.01433e-08  9.98395e-06
  300.00  2.36874 -2.28991e-03 -2.29785e-03 -2.29785e-03  5.78491e-08  5.78491e-08  9.61074e-06
  300.00  2.39479 -2.20307e-03 -2.21064e-03 -2.21064e-03  5.55548e-08  5.55548e-08  9.23753e-06
  300.00  2.42084 -2.11622e-03 -2.12342e-03 -2.12342e-03  5.32605e-08  5.32605e-08  8.86432e-06
  300.00  2.44689 -2.02938e-03 -2.03620e-03 -2.03620e-03  5.09662e-08  5.09662e-08  8.49111e-06
  300.00  2.47295 -1.94253e-03 -1.94899e-03 -1.94899e-03  4.86719e-08  4.86719e-08  8.11790e-06
  300.00  2.49900 -1.85569e-03 -1.86177e-03 -1.86177e-03  4.63777e-08  4.63777e-08  7.74469e-06
  300.00  2.52505 -1.76884e-03 -1.77456e-03 -1.77456e-03  4.40834e-08  4.40834e-08  7.37148e-06
  300.00  2.55110 -1.68200e-03 -1.68734e-03 -1.68734e-03  4.17891e-08  4.17891e-08  6.99827e-06
  300.00  2.57715 -1.59515e-03 -1.60013e-03 -1.60013e-03  3.94948e-08  3.94948e-08  6.62506e-06
  300.00  2.60321 -1.50831e-03 -1.51291e-03 -1.51291e-03  3.72006e-08  3.72006e-08  6.25185e-06
  300.00  2.62926 -1.42146e-03 -1.42569e-03 -1.42569e-03  3.49063e-08  3.49063e-08  5.87864e-06
  300.00  2.65531 -1.33462e-03 -1.33848e-03 -1.33848e-03  3.26121e-08  3.26121e-08  5.50543e-06
  300.00  2.68136 -1.24777e-03 -1.25126e-03 -1.25126e-03  3.03180e-08  3.03180e-08  5.13221e-06
  300.00  2.70741 -1.16093e-03 -1.16405e-03 -1.16405e-03  2.80242e-08  2.80242e-08  4.75899e-06
  300.00  2.73347 -1.07409e-03 -1.07683e-03 -1.07683e-03  2.57312e-08  2.57312e-08  4.38576e-06
  300.00  2.75952 -9.87244e-04 -9.89618e-04 -9.89618e-04  2.34400e-08  2.34400e-08  4.01249e-06
  300.00  2.78557 -9.00406e-04 -9.02410e-04 -9.02410e-04  2.11530e-08  2.11530e-08  3.63913e-06
  300.00  2.81162 -8.13582e-04 -8.15213e-04 -8.15213e-04  1.88762e-08  1.88762e-08  3.26556e-06
  300.00  2.83768 -7.26795e-04 -7.28052e-04 -7.28052e-04  1.66224e-08  1.66224e-08  2.89152e-06
  300.00  2.86373 -6.40106e-04 -6.40984e-04 -6.40984e-04  1.44185e-08  1.44185e-08  2.51642e-06
  300.00  2.88978 -5.53688e-04 -5.54175e-04 -5.54175e-04  1.23139e-08  1.23139e-08  2.13914e-06
  300.00  2.91583 -4.67997e-04 -4.68062e-04 -4.68062e-04  1.03674e-08  1.03674e-08  1.75781e-06
  300.00  2.94188 -3.84218e-04 -3.83790e-04 -3.83790e-04  8.49576e-09  8.49576e-09  1.37087e-06
  300.00  2.96794 -3.05127e-04 -3.04071e-04 -3.04071e-04  5.80002e-09  5.80002e-09  9.81903e-07
  300.00  2.99399 -2.35889e-04 -2.34045e-04 -2.34045e-04  1.14388e-10  1.14389e-10  6.09982e-07
  300.00  3.02004 -1.82327e-04 -1.79658e-04 -1.79658e-04 -3.93709e-09 -3.93709e-09  3.03389e-07
  300.00  3.04609 -1.45522e-04 -1.42495e-04 -1.42495e-04  4.98085e-09  4.98085e-09  1.38678e-07
  300.00  3.07214 -1.16226e-04 -1.14530e-04 -1.14530e-04  8.21468e-09  8.21468e-09  8.42094e-08
  300.00  3.09820 -8.54199e-05 -8.58594e-05 -8.58594e-05  1.86326e-09  1.86326e-09  3.16889e-08
  300.00  3.12425 -6.27748e-05 -6.32536e-05 -6.32536e-05  5.76270e-10  5.76270e-10 -4.81332e-09
  300.00  3.15030 -6.24151e-05 -6.09157e-05 -6.09157e-05  1.15869e-09  1.15869e-09  6.43868e-09
  300.00  3.17635 -6.82479e-05 -6.72486e-05 -6.72486e-05 -6.43817e-10 -6.43817e-10  9.62336e-09
  300.00  3.20240 -5.94554e-05 -6.01679e-05 -6.01679e-05 -5.97307e-10 -5.97307e-10 -1.42079e-08
  300.00  3.22846 -4.29317e-05 -4.36916e-05 -4.36916e-05  2.16612e-10  2.16612e-10 -8.63983e-09
  300.00  3.25451 -3.18359e-05 -3.15521e-05 -3.15521e-05  1.02470e-09  1.02470e-09  6.75623e-10
  300.00  3.28056 -3.89380e-05 -3.79224e-05 -3.79224e-05 -1.23605e-09 -1.23605e-09  4.50437e-09
  300.00  3.30661 -4.99518e-05 -4.95413e-05 -4.95413e-05 -6.05586e-10 -6.05586e-10  8.04299e-09
  300.00  3.33267 -4.57869e-05 -4.59961e-05 -4.59961e-05  1.75230e-09  1.75230e-09 -6.25812e-09
  300.00  3.35872 -3.34159e-05 -3.37927e-05 -3.37927e-05  5.91059e-10  5.91059e-10 -8.60946e-10
  300.00  3.38477 -2.30649e-05 -2.33411e-05 -2.33411e-05  2.34204e-10  2.34204e-10 -1.70425e-12
  300.00  3.41082 -2.67352e-05 -2.66269e-05 -2.66269e-05  1.69548e-09  1.69548e-09  1.04456e-09
  300.00  3.43687 -3.76892e-05 -3.72149e-05 -3.72149e-05  2.37540e-09  2.37540e-09 -8.32073e-10
  300.00  3.46293 -3.25288e-05 -3.22649e-05 -3.22649e-05 -8.44375e-11 -8.44374e-11 -5.51687e-10
  300.00  3.48898 -1.73098e-05 -1.74592e-05 -1.74592e-05 -3.74890e-10 -3.74890e-10  2.45864e-09
  300.00  3.51503 -7.90718e-06 -8.20720e-06 -8.20720e-06 -1.84556e-11 -1.84556e-11 -2.22977e-09
  300.00  3.54108 -8.53910e-06 -8.72041e-06 -8.72041e-06 -2.07056e-10 -2.07056e-10  3.06658e-10
  300.00  3.56713 -1.70742e-05 -1.73491e-05 -1.73491e-05 -1.69202e-10 -1.69202e-10  3.15520e-10
  300.00  3.59319 -2.17698e-05 -2.21076e-05 -2.21076e-05 -7.05370e-11 -7.05370e-11 -5.13511e-10
  300.00  3.61924 -1.30418e-05 -1.30604e-05 -1.30604e-05 -2.26250e-10 -2.26250e-10  4.74062e-10
  300.00  3.64529  2.59564e-06  2.88861e-06  2.88861e-06 -3.21171e-10 -3.21171e-10 -5.93685e-10
  300.00  3.67134  1.12830e-05  1.13988e-05  1.13988e-05 -1.46644e-10 -1.46644e-10  9.11070e-10
  300.00  3.69739  2.04869e-06  1.92259e-06  1.92259e-06  2.43089e-10  2.43089e-10 -4.07441e-10
  300.00  3.72345 -8.91814e-06 -9.06131e-06 -9.06131e-06  6.01173e-10  6.01173e-10 -1.28755e-10
  300.00  3.74950 -1.15854e-05 -1.16236e-05 -1.16236e-05 -5.39331e-10 -5.39331e-10  9.48455e-11
  300.00  3.77555 -6.94183e-06 -6.98184e-06 -6.98184e-06 -3.68480e-10 -3.68480e-10  1.51735e-11
  300.00  3.80160 -1.53779e-07 -3.63030e-07 -3.63030e-07 -9.96702e-11 -9.96703e-11 -8.59170e-11
  300.00  3.82766  5.40097e-06  5.33865e-06  5.33865e-06 -1.20486e-10 -1.20486e-10  1.05070e-10
  300.00  3.85371  3.67959e-06  3.92604e-06  3.92604e-06  2.98982e-11  2.98982e-11 -5.32487e-10
  300.00  3.87976 -3.82393e-06 -3.57729e-06 -3.57729e-06 -9.21290e-11 -9.21290e-11  1.16781e-09
  300.00  3.90581 -6.21027e-08  1.35016e-07  1.35016e-07  2.74861e-10  2.74861e-10 -1.91813e-09
  300.00  3.93186  9.02638e-06  9.28069e-06  9.28069e-06 -2.71685e-10 -2.71685e-10  4.29986e-09
  300.00  3.95792  2.05709e-06  2.06137e-06  2.06137e-06  1.31462e-10  1.31462e-10 -2.61685e-09
  300.00  3.98397 -1.44706e-05 -1.48911e-05 -1.48911e-05  4.87108e-10  4.87108e-10 -2.19547e-09
  300.00  4.01002 -1.13758e-05 -1.17030e-05 -1.17030e-05 -3.84122e-10 -3.84122e-10  3.34227e-09
  300.00  4.03607  5.95863e-06  5.67829e-06  5.67829e-06 -5.22283e-12 -5.22283e-12  1.90842e-09
  300.00  4.06212  1.74775e-05  1.73497e-05  1.73497e-05  1.93827e-10  1.93827e-10 -7.09984e-09
  300.00  4.08818  5.55163e-06  5.85292e-06  5.85292e-06  3.92096e-10  3.92096e-10  5.04080e-09
  300.00  4.11423 -1.16228e-05 -1.10280e-05 -1.10280e-05  9.23434e-12  9.23433e-12  6.51196e-09
  300.00  4.14028 -4.07742e-06 -3.78693e-06 -3.78693e-06 -4.13187e-10 -4.13187e-10 -1.11638e-08
  300.00  4.16633  1.33506e-05  1.32697e-05  1.32697e-05 -1.88950e-11 -1.88950e-11  6.57358e-09
  300.00  4.19238  9.66241e-06  9.59264e-06  9.59264e-06  4.46054e-10  4.46054e-10  1.24769e-08
  300.00  4.21844 -9.09632e-06 -9.16110e-06 -9.16110e-06  3.46049e-10  3.46049e-10 -2.00501e-08
  300.00  4.24449 -1.57711e-05 -1.60023e-05 -1.60023e-05 -2.50844e-10 -2.50844e-10  4.38120e-09
  300.00  4.27054 -2.14978e-06 -2.40210e-06 -2.40210e-06 -6.84379e-10 -6.84379e-10  8.02718e-09
  300.00  4.29659  2.47608e-05  2.46754e-05  2.46754e-05  3.21649e-10  3.21649e-10 -7.97581e-09
  300.00  4.32265  2.92268e-05  2.93242e-05  2.93242e-05 -4.68319e-10 -4.68319e-10 -9.03939e-09
  300.00  4.34870 -1.00028e-05 -1.01271e-05 -1.01271e-05  1.63608e-09  1.63608e-09  3.14441e-08
  300.00  4.37475 -3.62237e-05 -3.62411e-05 -3.62411e-05 -3.19349e-11 -3.19349e-11 -3.22505e-09
  300.00  4.40080 -2.16280e-05 -2.13044e-05 -2.13044e-05 -5.18965e-10 -5.18965e-10 -1.83624e-08
  300.00  4.42685  1.28036e-05  1.31049e-05  1.31049e-05 -1.95022e-10 -1.95022e-10  1.81219e-08
  300.00  4.45291  4.66579e-05  4.68915e-05  4.68915e-05  1.37304e-10  1.37304e-10  2.71708e-09
  300.00  4.47896  4.62180e-05  4.64182e-05  4.64182e-05 -2.25970e-10 -2.25970e-10 -3.46257e-08
  300.00  4.50501 -8.36210e-06 -8.39982e-06 -8.39982e-06  6.32440e-10  6.32439e-10 -2.88976e-09
  300.00  4.53106 -4.42868e-05 -4.45853e-05 -4.45853e-05  8.54587e-11  8.54587e-11  5.36459e-08
  300.00  4.55711 -3.62592e-05 -3.63261e-05 -3.63261e-05 -3.71046e-10 -3.71046e-10 -2.25633e-08
  300.00  4.58317 -3.08184e-06 -3.04901e-06 -3.04901e-06  1.13965e-10  1.13965e-10 -1.50320e-08
  300.00  4.60922  3.83349e-05  3.82769e-05  3.82769e-05  1.09556e-10  1.09556e-10  4.33001e-08
  300.00  4.63527  5.10352e-05  5.07338e-05  5.07338e-05 -2.70637e-10 -2.70637e-10 -3.73543e-08
  300.00  4.66132  1.00876e-05  9.73870e-06  9.73870e-06 -1.62010e-10 -1.62010e-10 -4.31371e-08
  300.00  4.68737 -3.39986e-05 -3.39792e-05 -3.39792e-05  7.41954e-10  7.41954e-10  2.51787e-08
  300.00  4.71343 -4.50056e-05 -4.48972e-05 -4.48972e-05  1.67065e-10  1.67065e-10  4.04890e-08
  300.00  4.73948 -2.82848e-05 -2.81174e-05 -2.81174e-05 -3.86272e-10 -3.86272e-10 -2.36141e-08
  300.00  4.76553  1.30190e-05  1.33654e-05  1.33654e-05  1.34503e-11  1.34502e-11 -1.59804e-08
  300.00  4.79158  6.66600e-05  6.74333e-05  6.74333e-05 -1.99893e-12 -1.99892e-12  5.10476e-08
  300.00  4.81764  9.58401e-05  9.68700e-05  9.68700e-05  1.60428e-11  1.60428e-11 -6.41573e-08
  300.00  4.84369  3.42724e-05  3.38970e-05  3.38970e-05  4.08073e-10  4.08073e-10 -8.62017e-08
  300.00  4.86974 -6.36746e-05 -6.47953e-05 -6.47953e-05 -2.35729e-10 -2.35729e-10  3.95336e-08
  300.00  4.89579 -8.20678e-05 -8.25501e-05 -8.25501e-05 -7.41860e-11 -7.41859e-11  5.05585e-08
  300.00  4.92184 -4.79115e-05 -4.80595e-05 -4.80595e-05  2.48884e-11  2.48884e-11 -7.97501e-09
  300.00  4.94790  1.05327e-06  1.07895e-06  1.07895e-06 -1.59795e-11 -1.59794e-11 -2.85524e-08
  300.00  4.97395  3.72839e-05  3.75327e-05  3.75327e-05  1.87630e-10  1.87630e-10  3.43785e-08
  300.00  5.00000  3.46528e-05  3.52552e-05  3.52552e-05 -2.59484e-10 -2.59484e-10 -8.48893e-09
