gG 431
H 305
N 305
gG 373
P 373
H 0
P 216
N 0

0.0 0.0 0.0
0.0 0.0023193359375 0.0
0.0 0.004638671875 0.0
0.0 0.006961822509765625 0.0
0.0 0.00927734375 0.0
0.0 0.01160430908203125 0.0
0.0 0.01392364501953125 0.0
0.0 0.0162353515625 0.0
0.0 0.0185546875 0.0
0.0 0.0208892822265625 0.0
0.0 0.0232086181640625 0.0
0.0 0.0255279541015625 0.0
0.0 0.0278472900390625 0.0
0.0 0.0301666259765625 0.0
0.0 0.032470703125 0.0
0.0 0.0347900390625 0.0
0.0 0.037109375 0.0
0.0 0.0394287109375 0.0
0.0 0.041778564453125 0.0
0.0 0.044097900390625 0.0
0.0 0.046417236328125 0.0
0.0 0.048736572265625 0.0
0.0 0.051055908203125 0.0
0.0 0.053375244140625 0.0
0.0 0.055694580078125 0.0
0.0 0.058013916015625 0.0
0.0 0.060333251953125 0.0
0.0 0.0626220703125 0.0
0.0 0.06494140625 0.0
0.0 0.0672607421875 0.0
0.0 0.069580078125 0.0
0.0 0.0718994140625 0.0
0.0 0.07421875 0.0
0.0 0.0765380859375 0.0
0.0 0.078857421875 0.0
0.0 0.0811767578125 0.0
0.0 0.08355712890625 0.0
0.0 0.08587646484375 0.0
0.0 0.08819580078125 0.0
0.0 0.09051513671875 0.0
0.0 0.09283447265625 0.0
0.0 0.09515380859375 0.0
0.0 0.09747314453125 0.0
0.0 0.09979248046875 0.0
0.0 0.10211181640625 0.0
0.0 0.10443115234375 0.0
0.0 0.10675048828125 0.0
0.0 0.10906982421875 0.0
0.0 0.11138916015625 0.0
0.0 0.11370849609375 0.0
0.0 0.11602783203125 0.0
0.0 0.11834716796875 0.0
0.0 0.12066650390625 0.0
0.0 0.12298583984375 0.0
0.0 0.125244140625 0.0
0.0 0.1275634765625 0.0
0.0 0.1298828125 0.0
0.0 0.1322021484375 0.0
0.0 0.134521484375 0.0
0.0 0.1368408203125 0.0
0.0 0.13916015625 0.0
0.0 0.1414794921875 0.0
0.0 0.143798828125 0.0
0.0 0.1461181640625 0.0
0.0 0.1484375 0.0
0.0 0.1507568359375 0.0
0.0 0.153076171875 0.0
0.0 0.1553955078125 0.0
0.0 0.15771484375 0.0
0.0 0.1600341796875 0.0
0.0 0.162353515625 0.0
0.0 0.1646728515625 0.0
0.0 0.1671142578125 0.0
0.0 0.16943359375 0.0
0.0 0.1717529296875 0.0
0.0 0.174072265625 0.0
0.0 0.1763916015625 0.0
0.0 0.1787109375 0.0
0.0 0.1810302734375 0.0
0.0 0.183349609375 0.0
0.0 0.1856689453125 0.0
0.0 0.18798828125 0.0
0.0 0.1903076171875 0.0
0.0 0.192626953125 0.0
0.0 0.1949462890625 0.0
0.0 0.197265625 0.0
0.0 0.1995849609375 0.0
0.0 0.201904296875 0.0
0.0 0.2042236328125 0.0
0.0 0.20654296875 0.0
0.0 0.2088623046875 0.0
0.0 0.211181640625 0.0
0.0 0.2135009765625 0.0
0.0 0.2158203125 0.0
0.0 0.2181396484375 0.0
0.0 0.220458984375 0.0
0.0 0.2227783203125 0.0
0.0 0.22509765625 0.0
0.0 0.2274169921875 0.0
0.0 0.229736328125 0.0
0.0 0.2320556640625 0.0
0.0 0.234375 0.0
0.0 0.2366943359375 0.0
0.0 0.239013671875 0.0
0.0 0.2413330078125 0.0
0.0 0.24365234375 0.0
0.0 0.2459716796875 0.0
0.0 0.248291015625 0.0
0.0 0.25048828125 0.0
0.0 0.2529296875 0.0
0.0 0.255126953125 0.0
0.0 0.257568359375 0.0
0.0 0.259765625 0.0
0.0 0.26220703125 0.0
0.0 0.264404296875 0.0
0.0 0.266845703125 0.0
0.0 0.26904296875 0.0
0.0 0.271484375 0.0
0.0 0.273681640625 0.0
0.0 0.276123046875 0.0
0.0 0.2783203125 0.0
0.0 0.28076171875 0.0
0.0 0.282958984375 0.0
0.0 0.285400390625 0.0
0.0 0.28759765625 0.0
0.0 0.2900390625 0.0
0.0 0.292236328125 0.0
0.0 0.294677734375 0.0
0.0 0.296875 0.0
0.0 0.29931640625 0.0
0.0 0.301513671875 0.0
0.0 0.303955078125 0.0
0.0 0.30615234375 0.0
0.0 0.30859375 0.0
0.0 0.310791015625 0.0
0.0 0.313232421875 0.0
0.0 0.3154296875 0.0
0.0 0.31787109375 0.0
0.0 0.320068359375 0.0
0.0 0.322509765625 0.0
0.0 0.32470703125 0.0
0.0 0.3271484375 0.0
0.0 0.329345703125 0.0
0.0 0.331787109375 0.0
0.0 0.334228515625 0.0
0.0 0.33642578125 0.0
0.0 0.3388671875 0.0
0.0 0.341064453125 0.0
0.0 0.343505859375 0.0
0.0 0.345703125 0.0
0.0 0.34814453125 0.0
0.0 0.350341796875 0.0
0.0 0.352783203125 0.0
0.0 0.35498046875 0.0
0.0 0.357421875 0.0
0.0 0.359619140625 0.0
0.0 0.362060546875 0.0
0.0 0.3642578125 0.0
0.0 0.36669921875 0.0
0.0 0.368896484375 0.0
0.0 0.371337890625 0.0
0.0 0.37353515625 0.0
0.0 0.3759765625 0.0
0.0 0.378173828125 0.0
0.0 0.380615234375 0.0
0.0 0.3828125 0.0
0.0 0.38525390625 0.0
0.0 0.387451171875 0.0
0.0 0.389892578125 0.0
0.0 0.39208984375 0.0
0.0 0.39453125 0.0
0.0 0.396728515625 0.0
0.0 0.399169921875 0.0
0.0 0.4013671875 0.0
0.0 0.40380859375 0.0
0.0 0.406005859375 0.0
0.0 0.408447265625 0.0
0.0 0.41064453125 0.0
0.0 0.4130859375 0.0
0.0 0.415283203125 0.0
0.0 0.417724609375 0.0
0.0 0.419921875 0.0
0.0 0.42236328125 0.0
0.0 0.424560546875 0.0
0.0 0.427001953125 0.0
0.0 0.42919921875 0.0
0.0 0.431640625 0.0
0.0 0.433837890625 0.0
0.0 0.436279296875 0.0
0.0 0.4384765625 0.0
0.0 0.44091796875 0.0
0.0 0.443115234375 0.0
0.0 0.445556640625 0.0
0.0 0.44775390625 0.0
0.0 0.4501953125 0.0
0.0 0.452392578125 0.0
0.0 0.454833984375 0.0
0.0 0.45703125 0.0
0.0 0.45947265625 0.0
0.0 0.461669921875 0.0
0.0 0.464111328125 0.0
0.0 0.46630859375 0.0
0.0 0.46875 0.0
0.0 0.470947265625 0.0
0.0 0.473388671875 0.0
0.0 0.4755859375 0.0
0.0 0.47802734375 0.0
0.0 0.480224609375 0.0
0.0 0.482666015625 0.0
0.0 0.48486328125 0.0
0.0 0.4873046875 0.0
0.0 0.489501953125 0.0
0.0 0.491943359375 0.0
0.0 0.494140625 0.0
0.0 0.49658203125 0.0
0.0 0.498779296875 0.0
0.0 0.5009765625 0.0
0.0 0.50341796875 0.0
0.0 0.505859375 0.0
0.0 0.50830078125 0.0
0.0 0.51025390625 0.0
0.0 0.5126953125 0.0
0.0 0.51513671875 0.0
0.0 0.517578125 0.0
0.0 0.51953125 0.0
0.0 0.52197265625 0.0
0.0 0.5244140625 0.0
0.0 0.52685546875 0.0
0.0 0.52880859375 0.0
0.0 0.53125 0.0
0.0 0.53369140625 0.0
0.0 0.5361328125 0.0
0.0 0.5380859375 0.0
0.0 0.54052734375 0.0
0.0 0.54296875 0.0
0.0 0.54541015625 0.0
0.0 0.54736328125 0.0
0.0 0.5498046875 0.0
0.0 0.55224609375 0.0
0.0 0.5546875 0.0
0.0 0.556640625 0.0
0.0 0.55908203125 0.0
0.0 0.5615234375 0.0
0.0 0.56396484375 0.0
0.0 0.56591796875 0.0
0.0 0.568359375 0.0
0.0 0.57080078125 0.0
0.0 0.5732421875 0.0
0.0 0.5751953125 0.0
0.0 0.57763671875 0.0
0.0 0.580078125 0.0
0.0 0.58251953125 0.0
0.0 0.58447265625 0.0
0.0 0.5869140625 0.0
0.0 0.58935546875 0.0
0.0 0.591796875 0.0
0.0 0.59375 0.0
0.0 0.59619140625 0.0
0.0 0.5986328125 0.0
0.0 0.60107421875 0.0
0.0 0.60302734375 0.0
0.0 0.60546875 0.0
0.0 0.60791015625 0.0
0.0 0.6103515625 0.0
0.0 0.6123046875 0.0
0.0 0.61474609375 0.0
0.0 0.6171875 0.0
0.0 0.61962890625 0.0
0.0 0.62158203125 0.0
0.0 0.6240234375 0.0
0.0 0.62646484375 0.0
0.0 0.62890625 0.0
0.0 0.630859375 0.0
0.0 0.63330078125 0.0
0.0 0.6357421875 0.0
0.0 0.63818359375 0.0
0.0 0.64013671875 0.0
0.0 0.642578125 0.0
0.0 0.64501953125 0.0
0.0 0.6474609375 0.0
0.0 0.6494140625 0.0
0.0 0.65185546875 0.0
0.0 0.654296875 0.0
0.0 0.65673828125 0.0
0.0 0.65869140625 0.0
0.0 0.6611328125 0.0
0.0 0.66357421875 0.0
0.0 0.666015625 0.0
0.0 0.66845703125 0.0
0.0 0.67041015625 0.0
0.0 0.6728515625 0.0
0.0 0.67529296875 0.0
0.0 0.677734375 0.0
0.0 0.6796875 0.0
0.0 0.68212890625 0.0
0.0 0.6845703125 0.0
0.0 0.68701171875 0.0
0.0 0.68896484375 0.0
0.0 0.69140625 0.0
0.0 0.69384765625 0.0
0.0 0.6962890625 0.0
0.0 0.6982421875 0.0
0.0 0.70068359375 0.0
0.0 0.703125 0.0
0.0 0.70556640625 0.0
0.0 0.70751953125 0.0
0.0 0.7099609375 0.0
0.0 0.71240234375 0.0
0.0 0.71484375 0.0
0.0 0.716796875 0.0
0.0 0.71923828125 0.0
0.0 0.7216796875 0.0
0.0 0.72412109375 0.0
0.0 0.72607421875 0.0
0.0 0.728515625 0.0
0.0 0.73095703125 0.0
0.0 0.7333984375 0.0
0.0 0.7353515625 0.0
0.0 0.73779296875 0.0
0.0 0.740234375 0.0
0.0 0.74267578125 0.0
0.0 0.74462890625 0.0
0.0 0.7470703125 0.0
0.0 0.74951171875 0.0
0.0 0.751953125 0.0
0.0 0.75390625 0.0
0.0 0.75634765625 0.0
0.0 0.7587890625 0.0
0.0 0.76123046875 0.0
0.0 0.76318359375 0.0
0.0 0.765625 0.0
0.0 0.76806640625 0.0
0.0 0.7705078125 0.0
0.0 0.7724609375 0.0
0.0 0.77490234375 0.0
0.0 0.77734375 0.0
0.0 0.77978515625 0.0
0.0 0.78173828125 0.0
0.0 0.7841796875 0.0
0.0 0.78662109375 0.0
0.0 0.7890625 0.0
0.0 0.791015625 0.0
0.0 0.79345703125 0.0
0.0 0.7958984375 0.0
0.0 0.79833984375 0.0
0.0 0.80029296875 0.0
0.0 0.802734375 0.0
0.0 0.80517578125 0.0
0.0 0.8076171875 0.0
0.0 0.8095703125 0.0
0.0 0.81201171875 0.0
0.0 0.814453125 0.0
0.0 0.81689453125 0.0
0.0 0.81884765625 0.0
0.0 0.8212890625 0.0
0.0 0.82373046875 0.0
0.0 0.826171875 0.0
0.0 0.828125 0.0
0.0 0.83056640625 0.0
0.0 0.8330078125 0.0
0.0 0.83544921875 0.0
0.0 0.83740234375 0.0
0.0 0.83984375 0.0
0.0 0.84228515625 0.0
0.0 0.8447265625 0.0
0.0 0.8466796875 0.0
0.0 0.84912109375 0.0
0.0 0.8515625 0.0
0.0 0.85400390625 0.0
0.0 0.85595703125 0.0
0.0 0.8583984375 0.0
0.0 0.86083984375 0.0
0.0 0.86328125 0.0
0.0 0.865234375 0.0
0.0 0.86767578125 0.0
0.0 0.8701171875 0.0
0.0 0.87255859375 0.0
0.0 0.87451171875 0.0
0.0 0.876953125 0.0
0.0 0.87939453125 0.0
0.0 0.8818359375 0.0
0.0 0.8837890625 0.0
0.0 0.88623046875 0.0
0.0 0.888671875 0.0
0.0 0.89111328125 0.0
0.0 0.89306640625 0.0
0.0 0.8955078125 0.0
0.0 0.89794921875 0.0
0.0 0.900390625 0.0
0.0 0.90234375 0.0
0.0 0.90478515625 0.0
0.0 0.9072265625 0.0
0.0 0.90966796875 0.0
0.0 0.91162109375 0.0
0.0 0.9140625 0.0
0.0 0.91650390625 0.0
0.0 0.9189453125 0.0
0.0 0.9208984375 0.0
0.0 0.92333984375 0.0
0.0 0.92578125 0.0
0.0 0.92822265625 0.0
0.0 0.93017578125 0.0
0.0 0.9326171875 0.0
0.0 0.93505859375 0.0
0.0 0.9375 0.0
0.0 0.939453125 0.0
0.0 0.94189453125 0.0
0.0 0.9443359375 0.0
0.0 0.94677734375 0.0
0.0 0.94873046875 0.0
0.0 0.951171875 0.0
0.0 0.95361328125 0.0
0.0 0.9560546875 0.0
0.0 0.9580078125 0.0
0.0 0.96044921875 0.0
0.0 0.962890625 0.0
0.0 0.96533203125 0.0
0.0 0.96728515625 0.0
0.0 0.9697265625 0.0
0.0 0.97216796875 0.0
0.0 0.974609375 0.0
0.0 0.9765625 0.0
0.0 0.97900390625 0.0
0.0 0.9814453125 0.0
0.0 0.98388671875 0.0
0.0 0.98583984375 0.0
0.0 0.98828125 0.0
0.0 0.99072265625 0.0
0.0 0.9931640625 0.0
0.0 0.9951171875 0.0
0.0 0.99755859375 0.0
0.0 1.0 0.0
0.001708984375 0.998291015625 0.0
0.003173828125 0.996826171875 0.0
0.0048828125 0.9951171875 0.0
0.006591796875 0.993408203125 0.0
0.00830078125 0.99169921875 0.0
0.009765625 0.990234375 0.0
0.011474609375 0.988525390625 0.0
0.01318359375 0.98681640625 0.0
0.0146484375 0.9853515625 0.0
0.016357421875 0.983642578125 0.0
0.01806640625 0.98193359375 0.0
0.019775390625 0.980224609375 0.0
0.021240234375 0.978759765625 0.0
0.02294921875 0.97705078125 0.0
0.024658203125 0.975341796875 0.0
0.026123046875 0.973876953125 0.0
0.02783203125 0.97216796875 0.0
0.029541015625 0.970458984375 0.0
0.03125 0.96875 0.0
0.03271484375 0.96728515625 0.0
0.034423828125 0.965576171875 0.0
0.0361328125 0.9638671875 0.0
0.03759765625 0.96240234375 0.0
0.039306640625 0.960693359375 0.0
0.041015625 0.958984375 0.0
0.042724609375 0.957275390625 0.0
0.044189453125 0.955810546875 0.0
0.0458984375 0.9541015625 0.0
0.047607421875 0.952392578125 0.0
0.049072265625 0.950927734375 0.0
0.05078125 0.94921875 0.0
0.052490234375 0.947509765625 0.0
0.05419921875 0.94580078125 0.0
0.0556640625 0.9443359375 0.0
0.057373046875 0.942626953125 0.0
0.05908203125 0.94091796875 0.0
0.060546875 0.939453125 0.0
0.062255859375 0.937744140625 0.0
0.06396484375 0.93603515625 0.0
0.065673828125 0.934326171875 0.0
0.067138671875 0.932861328125 0.0
0.06884765625 0.93115234375 0.0
0.070556640625 0.929443359375 0.0
0.072021484375 0.927978515625 0.0
0.07373046875 0.92626953125 0.0
0.075439453125 0.924560546875 0.0
0.0771484375 0.9228515625 0.0
0.07861328125 0.92138671875 0.0
0.080322265625 0.919677734375 0.0
0.08203125 0.91796875 0.0
0.08349609375 0.91650390625 0.0
0.085205078125 0.914794921875 0.0
0.0869140625 0.9130859375 0.0
0.088623046875 0.911376953125 0.0
0.090087890625 0.909912109375 0.0
0.091796875 0.908203125 0.0
0.093505859375 0.906494140625 0.0
0.094970703125 0.905029296875 0.0
0.0966796875 0.9033203125 0.0
0.098388671875 0.901611328125 0.0
0.10009765625 0.89990234375 0.0
0.1015625 0.8984375 0.0
0.103271484375 0.896728515625 0.0
0.10498046875 0.89501953125 0.0
0.1064453125 0.8935546875 0.0
0.108154296875 0.891845703125 0.0
0.10986328125 0.89013671875 0.0
0.111572265625 0.888427734375 0.0
0.113037109375 0.886962890625 0.0
0.11474609375 0.88525390625 0.0
0.116455078125 0.883544921875 0.0
0.117919921875 0.882080078125 0.0
0.11962890625 0.88037109375 0.0
0.121337890625 0.878662109375 0.0
0.123046875 0.876953125 0.0
0.12451171875 0.87548828125 0.0
0.126220703125 0.873779296875 0.0
0.1279296875 0.8720703125 0.0
0.12939453125 0.87060546875 0.0
0.131103515625 0.868896484375 0.0
0.1328125 0.8671875 0.0
0.134521484375 0.865478515625 0.0
0.135986328125 0.864013671875 0.0
0.1376953125 0.8623046875 0.0
0.139404296875 0.860595703125 0.0
0.140869140625 0.859130859375 0.0
0.142578125 0.857421875 0.0
0.144287109375 0.855712890625 0.0
0.14599609375 0.85400390625 0.0
0.1474609375 0.8525390625 0.0
0.149169921875 0.850830078125 0.0
0.15087890625 0.84912109375 0.0
0.15234375 0.84765625 0.0
0.154052734375 0.845947265625 0.0
0.15576171875 0.84423828125 0.0
0.157470703125 0.842529296875 0.0
0.158935546875 0.841064453125 0.0
0.16064453125 0.83935546875 0.0
0.162353515625 0.837646484375 0.0
0.163818359375 0.836181640625 0.0
0.16552734375 0.83447265625 0.0
0.167236328125 0.832763671875 0.0
0.1689453125 0.8310546875 0.0
0.17041015625 0.82958984375 0.0
0.172119140625 0.827880859375 0.0
0.173828125 0.826171875 0.0
0.17529296875 0.82470703125 0.0
0.177001953125 0.822998046875 0.0
0.1787109375 0.8212890625 0.0
0.180419921875 0.819580078125 0.0
0.181884765625 0.818115234375 0.0
0.18359375 0.81640625 0.0
0.185302734375 0.814697265625 0.0
0.186767578125 0.813232421875 0.0
0.1884765625 0.8115234375 0.0
0.190185546875 0.809814453125 0.0
0.19189453125 0.80810546875 0.0
0.193359375 0.806640625 0.0
0.195068359375 0.804931640625 0.0
0.19677734375 0.80322265625 0.0
0.1982421875 0.8017578125 0.0
0.199951171875 0.800048828125 0.0
0.20166015625 0.79833984375 0.0
0.203369140625 0.796630859375 0.0
0.204833984375 0.795166015625 0.0
0.20654296875 0.79345703125 0.0
0.208251953125 0.791748046875 0.0
0.209716796875 0.790283203125 0.0
0.21142578125 0.78857421875 0.0
0.213134765625 0.786865234375 0.0
0.21484375 0.78515625 0.0
0.21630859375 0.78369140625 0.0
0.218017578125 0.781982421875 0.0
0.2197265625 0.7802734375 0.0
0.22119140625 0.77880859375 0.0
0.222900390625 0.777099609375 0.0
0.224609375 0.775390625 0.0
0.226318359375 0.773681640625 0.0
0.227783203125 0.772216796875 0.0
0.2294921875 0.7705078125 0.0
0.231201171875 0.768798828125 0.0
0.232666015625 0.767333984375 0.0
0.234375 0.765625 0.0
0.236083984375 0.763916015625 0.0
0.23779296875 0.76220703125 0.0
0.2392578125 0.7607421875 0.0
0.240966796875 0.759033203125 0.0
0.24267578125 0.75732421875 0.0
0.244140625 0.755859375 0.0
0.245849609375 0.754150390625 0.0
0.24755859375 0.75244140625 0.0
0.249267578125 0.750732421875 0.0
0.2508544921875 0.7491455078125 0.0
0.25244140625 0.74755859375 0.0
0.254150390625 0.745849609375 0.0
0.2557373046875 0.7442626953125 0.0
0.25732421875 0.74267578125 0.0
0.259033203125 0.740966796875 0.0
0.2606201171875 0.7393798828125 0.0
0.2623291015625 0.7376708984375 0.0
0.263916015625 0.736083984375 0.0
0.265625 0.734375 0.0
0.2672119140625 0.7327880859375 0.0
0.268798828125 0.731201171875 0.0
0.2705078125 0.7294921875 0.0
0.2720947265625 0.7279052734375 0.0
0.2738037109375 0.7261962890625 0.0
0.275390625 0.724609375 0.0
0.277099609375 0.722900390625 0.0
0.2786865234375 0.7213134765625 0.0
0.2802734375 0.7197265625 0.0
0.281982421875 0.718017578125 0.0
0.2835693359375 0.7164306640625 0.0
0.2852783203125 0.7147216796875 0.0
0.286865234375 0.713134765625 0.0
0.28857421875 0.71142578125 0.0
0.2901611328125 0.7098388671875 0.0
0.291748046875 0.708251953125 0.0
0.29345703125 0.70654296875 0.0
0.2950439453125 0.7049560546875 0.0
0.2967529296875 0.7032470703125 0.0
0.29833984375 0.70166015625 0.0
0.300048828125 0.699951171875 0.0
0.3016357421875 0.6983642578125 0.0
0.30322265625 0.69677734375 0.0
0.304931640625 0.695068359375 0.0
0.3065185546875 0.6934814453125 0.0
0.3082275390625 0.6917724609375 0.0
0.309814453125 0.690185546875 0.0
0.3115234375 0.6884765625 0.0
0.3131103515625 0.6868896484375 0.0
0.314697265625 0.685302734375 0.0
0.31640625 0.68359375 0.0
0.3179931640625 0.6820068359375 0.0
0.3197021484375 0.6802978515625 0.0
0.3212890625 0.6787109375 0.0
0.322998046875 0.677001953125 0.0
0.3245849609375 0.6754150390625 0.0
0.326171875 0.673828125 0.0
0.327880859375 0.672119140625 0.0
0.3294677734375 0.6705322265625 0.0
0.3311767578125 0.6688232421875 0.0
0.332763671875 0.667236328125 0.0
0.33447265625 0.66552734375 0.0
0.3360595703125 0.6639404296875 0.0
0.337646484375 0.662353515625 0.0
0.33935546875 0.66064453125 0.0
0.3409423828125 0.6590576171875 0.0
0.3426513671875 0.6573486328125 0.0
0.34423828125 0.65576171875 0.0
0.345947265625 0.654052734375 0.0
0.3475341796875 0.6524658203125 0.0
0.34912109375 0.65087890625 0.0
0.350830078125 0.649169921875 0.0
0.3524169921875 0.6475830078125 0.0
0.3541259765625 0.6458740234375 0.0
0.355712890625 0.644287109375 0.0
0.357421875 0.642578125 0.0
0.3590087890625 0.6409912109375 0.0
0.360595703125 0.639404296875 0.0
0.3623046875 0.6376953125 0.0
0.3638916015625 0.6361083984375 0.0
0.3656005859375 0.6343994140625 0.0
0.3671875 0.6328125 0.0
0.368896484375 0.631103515625 0.0
0.3704833984375 0.6295166015625 0.0
0.3720703125 0.6279296875 0.0
0.373779296875 0.626220703125 0.0
0.37542724609375 0.62457275390625 0.0
0.3770751953125 0.6229248046875 0.0
0.378662109375 0.621337890625 0.0
0.38031005859375 0.61968994140625 0.0
0.3819580078125 0.6180419921875 0.0
0.38360595703125 0.61639404296875 0.0
0.38525390625 0.61474609375 0.0
0.38690185546875 0.61309814453125 0.0
0.3885498046875 0.6114501953125 0.0
0.39013671875 0.60986328125 0.0
0.39178466796875 0.60821533203125 0.0
0.3934326171875 0.6065673828125 0.0
0.39508056640625 0.60491943359375 0.0
0.396728515625 0.603271484375 0.0
0.39837646484375 0.60162353515625 0.0
0.4000244140625 0.5999755859375 0.0
0.401611328125 0.598388671875 0.0
0.40325927734375 0.59674072265625 0.0
0.4049072265625 0.5950927734375 0.0
0.40655517578125 0.59344482421875 0.0
0.408203125 0.591796875 0.0
0.40985107421875 0.59014892578125 0.0
0.4114990234375 0.5885009765625 0.0
0.4130859375 0.5869140625 0.0
0.41473388671875 0.58526611328125 0.0
0.4163818359375 0.5836181640625 0.0
0.41802978515625 0.58197021484375 0.0
0.419677734375 0.580322265625 0.0
0.42132568359375 0.57867431640625 0.0
0.4229736328125 0.5770263671875 0.0
0.424560546875 0.575439453125 0.0
0.42620849609375 0.57379150390625 0.0
0.4278564453125 0.5721435546875 0.0
0.42950439453125 0.57049560546875 0.0
0.43115234375 0.56884765625 0.0
0.43280029296875 0.56719970703125 0.0
0.4344482421875 0.5655517578125 0.0
0.43603515625 0.56396484375 0.0
0.437713623046875 0.562286376953125 0.0
0.4393310546875 0.5606689453125 0.0
0.44097900390625 0.55902099609375 0.0
0.442626953125 0.557373046875 0.0
0.44427490234375 0.55572509765625 0.0
0.445892333984375 0.554107666015625 0.0
0.447540283203125 0.552459716796875 0.0
0.449188232421875 0.550811767578125 0.0
0.4508056640625 0.5491943359375 0.0
0.45245361328125 0.54754638671875 0.0
0.4541015625 0.5458984375 0.0
0.45574951171875 0.54425048828125 0.0
0.457366943359375 0.542633056640625 0.0
0.459014892578125 0.540985107421875 0.0
0.460662841796875 0.539337158203125 0.0
0.4622802734375 0.5377197265625 0.0
0.46392822265625 0.53607177734375 0.0
0.465576171875 0.534423828125 0.0
0.46722412109375 0.53277587890625 0.0
0.4688568115234375 0.5311431884765625 0.0
0.470489501953125 0.529510498046875 0.0
0.472137451171875 0.527862548828125 0.0
0.4737701416015625 0.5262298583984375 0.0
0.47540283203125 0.52459716796875 0.0
0.47705078125 0.52294921875 0.0
0.4786834716796875 0.5213165283203125 0.0
0.4803314208984375 0.5196685791015625 0.0
0.481964111328125 0.518035888671875 0.0
0.483612060546875 0.516387939453125 0.0
0.4852447509765625 0.5147552490234375 0.0
0.48688507080078125 0.5131149291992188 0.0
0.488525390625 0.511474609375 0.0
0.49016571044921875 0.5098342895507812 0.0
0.4918060302734375 0.5081939697265625 0.0
0.4934425354003906 0.5065574645996094 0.0
0.4950828552246094 0.5049171447753906 0.0
0.4967212677001953 0.5032787322998047 0.0
0.49836063385009766 0.5016393661499023 0.0
0.5 0.5 0.0
0.498291015625 0.498291015625 0.0
0.496826171875 0.496826171875 0.0
0.4951171875 0.4951171875 0.0
0.493408203125 0.493408203125 0.0
0.49169921875 0.49169921875 0.0
0.490234375 0.490234375 0.0
0.488525390625 0.488525390625 0.0
0.48681640625 0.48681640625 0.0
0.4853515625 0.4853515625 0.0
0.483642578125 0.483642578125 0.0
0.48193359375 0.48193359375 0.0
0.480224609375 0.480224609375 0.0
0.478759765625 0.478759765625 0.0
0.47705078125 0.47705078125 0.0
0.475341796875 0.475341796875 0.0
0.473876953125 0.473876953125 0.0
0.47216796875 0.47216796875 0.0
0.470458984375 0.470458984375 0.0
0.46875 0.46875 0.0
0.46728515625 0.46728515625 0.0
0.465576171875 0.465576171875 0.0
0.4638671875 0.4638671875 0.0
0.46240234375 0.46240234375 0.0
0.460693359375 0.460693359375 0.0
0.458984375 0.458984375 0.0
0.457275390625 0.457275390625 0.0
0.455810546875 0.455810546875 0.0
0.4541015625 0.4541015625 0.0
0.452392578125 0.452392578125 0.0
0.450927734375 0.450927734375 0.0
0.44921875 0.44921875 0.0
0.447509765625 0.447509765625 0.0
0.44580078125 0.44580078125 0.0
0.4443359375 0.4443359375 0.0
0.442626953125 0.442626953125 0.0
0.44091796875 0.44091796875 0.0
0.439453125 0.439453125 0.0
0.437744140625 0.437744140625 0.0
0.43603515625 0.43603515625 0.0
0.434326171875 0.434326171875 0.0
0.432861328125 0.432861328125 0.0
0.43115234375 0.43115234375 0.0
0.429443359375 0.429443359375 0.0
0.427978515625 0.427978515625 0.0
0.42626953125 0.42626953125 0.0
0.424560546875 0.424560546875 0.0
0.4228515625 0.4228515625 0.0
0.42138671875 0.42138671875 0.0
0.419677734375 0.419677734375 0.0
0.41796875 0.41796875 0.0
0.41650390625 0.41650390625 0.0
0.414794921875 0.414794921875 0.0
0.4130859375 0.4130859375 0.0
0.411376953125 0.411376953125 0.0
0.409912109375 0.409912109375 0.0
0.408203125 0.408203125 0.0
0.406494140625 0.406494140625 0.0
0.405029296875 0.405029296875 0.0
0.4033203125 0.4033203125 0.0
0.401611328125 0.401611328125 0.0
0.39990234375 0.39990234375 0.0
0.3984375 0.3984375 0.0
0.396728515625 0.396728515625 0.0
0.39501953125 0.39501953125 0.0
0.3935546875 0.3935546875 0.0
0.391845703125 0.391845703125 0.0
0.39013671875 0.39013671875 0.0
0.388427734375 0.388427734375 0.0
0.386962890625 0.386962890625 0.0
0.38525390625 0.38525390625 0.0
0.383544921875 0.383544921875 0.0
0.382080078125 0.382080078125 0.0
0.38037109375 0.38037109375 0.0
0.378662109375 0.378662109375 0.0
0.376953125 0.376953125 0.0
0.37548828125 0.37548828125 0.0
0.373779296875 0.373779296875 0.0
0.3720703125 0.3720703125 0.0
0.37060546875 0.37060546875 0.0
0.368896484375 0.368896484375 0.0
0.3671875 0.3671875 0.0
0.365478515625 0.365478515625 0.0
0.364013671875 0.364013671875 0.0
0.3623046875 0.3623046875 0.0
0.360595703125 0.360595703125 0.0
0.359130859375 0.359130859375 0.0
0.357421875 0.357421875 0.0
0.355712890625 0.355712890625 0.0
0.35400390625 0.35400390625 0.0
0.3525390625 0.3525390625 0.0
0.350830078125 0.350830078125 0.0
0.34912109375 0.34912109375 0.0
0.34765625 0.34765625 0.0
0.345947265625 0.345947265625 0.0
0.34423828125 0.34423828125 0.0
0.342529296875 0.342529296875 0.0
0.341064453125 0.341064453125 0.0
0.33935546875 0.33935546875 0.0
0.337646484375 0.337646484375 0.0
0.336181640625 0.336181640625 0.0
0.33447265625 0.33447265625 0.0
0.332763671875 0.332763671875 0.0
0.3310546875 0.3310546875 0.0
0.32958984375 0.32958984375 0.0
0.327880859375 0.327880859375 0.0
0.326171875 0.326171875 0.0
0.32470703125 0.32470703125 0.0
0.322998046875 0.322998046875 0.0
0.3212890625 0.3212890625 0.0
0.319580078125 0.319580078125 0.0
0.318115234375 0.318115234375 0.0
0.31640625 0.31640625 0.0
0.314697265625 0.314697265625 0.0
0.313232421875 0.313232421875 0.0
0.3115234375 0.3115234375 0.0
0.309814453125 0.309814453125 0.0
0.30810546875 0.30810546875 0.0
0.306640625 0.306640625 0.0
0.304931640625 0.304931640625 0.0
0.30322265625 0.30322265625 0.0
0.3017578125 0.3017578125 0.0
0.300048828125 0.300048828125 0.0
0.29833984375 0.29833984375 0.0
0.296630859375 0.296630859375 0.0
0.295166015625 0.295166015625 0.0
0.29345703125 0.29345703125 0.0
0.291748046875 0.291748046875 0.0
0.290283203125 0.290283203125 0.0
0.28857421875 0.28857421875 0.0
0.286865234375 0.286865234375 0.0
0.28515625 0.28515625 0.0
0.28369140625 0.28369140625 0.0
0.281982421875 0.281982421875 0.0
0.2802734375 0.2802734375 0.0
0.27880859375 0.27880859375 0.0
0.277099609375 0.277099609375 0.0
0.275390625 0.275390625 0.0
0.273681640625 0.273681640625 0.0
0.272216796875 0.272216796875 0.0
0.2705078125 0.2705078125 0.0
0.268798828125 0.268798828125 0.0
0.267333984375 0.267333984375 0.0
0.265625 0.265625 0.0
0.263916015625 0.263916015625 0.0
0.26220703125 0.26220703125 0.0
0.2607421875 0.2607421875 0.0
0.259033203125 0.259033203125 0.0
0.25732421875 0.25732421875 0.0
0.255859375 0.255859375 0.0
0.254150390625 0.254150390625 0.0
0.25244140625 0.25244140625 0.0
0.250732421875 0.250732421875 0.0
0.2491455078125 0.2491455078125 0.0
0.24755859375 0.24755859375 0.0
0.245849609375 0.245849609375 0.0
0.2442626953125 0.2442626953125 0.0
0.24267578125 0.24267578125 0.0
0.240966796875 0.240966796875 0.0
0.2393798828125 0.2393798828125 0.0
0.2376708984375 0.2376708984375 0.0
0.236083984375 0.236083984375 0.0
0.234375 0.234375 0.0
0.2327880859375 0.2327880859375 0.0
0.231201171875 0.231201171875 0.0
0.2294921875 0.2294921875 0.0
0.2279052734375 0.2279052734375 0.0
0.2261962890625 0.2261962890625 0.0
0.224609375 0.224609375 0.0
0.222900390625 0.222900390625 0.0
0.2213134765625 0.2213134765625 0.0
0.2197265625 0.2197265625 0.0
0.218017578125 0.218017578125 0.0
0.2164306640625 0.2164306640625 0.0
0.2147216796875 0.2147216796875 0.0
0.213134765625 0.213134765625 0.0
0.21142578125 0.21142578125 0.0
0.2098388671875 0.2098388671875 0.0
0.208251953125 0.208251953125 0.0
0.20654296875 0.20654296875 0.0
0.2049560546875 0.2049560546875 0.0
0.2032470703125 0.2032470703125 0.0
0.20166015625 0.20166015625 0.0
0.199951171875 0.199951171875 0.0
0.1983642578125 0.1983642578125 0.0
0.19677734375 0.19677734375 0.0
0.195068359375 0.195068359375 0.0
0.1934814453125 0.1934814453125 0.0
0.1917724609375 0.1917724609375 0.0
0.190185546875 0.190185546875 0.0
0.1884765625 0.1884765625 0.0
0.1868896484375 0.1868896484375 0.0
0.185302734375 0.185302734375 0.0
0.18359375 0.18359375 0.0
0.1820068359375 0.1820068359375 0.0
0.1802978515625 0.1802978515625 0.0
0.1787109375 0.1787109375 0.0
0.177001953125 0.177001953125 0.0
0.1754150390625 0.1754150390625 0.0
0.173828125 0.173828125 0.0
0.172119140625 0.172119140625 0.0
0.1705322265625 0.1705322265625 0.0
0.1688232421875 0.1688232421875 0.0
0.167236328125 0.167236328125 0.0
0.16552734375 0.16552734375 0.0
0.1639404296875 0.1639404296875 0.0
0.162353515625 0.162353515625 0.0
0.16064453125 0.16064453125 0.0
0.1590576171875 0.1590576171875 0.0
0.1573486328125 0.1573486328125 0.0
0.15576171875 0.15576171875 0.0
0.154052734375 0.154052734375 0.0
0.1524658203125 0.1524658203125 0.0
0.15087890625 0.15087890625 0.0
0.149169921875 0.149169921875 0.0
0.1475830078125 0.1475830078125 0.0
0.1458740234375 0.1458740234375 0.0
0.144287109375 0.144287109375 0.0
0.142578125 0.142578125 0.0
0.1409912109375 0.1409912109375 0.0
0.139404296875 0.139404296875 0.0
0.1376953125 0.1376953125 0.0
0.1361083984375 0.1361083984375 0.0
0.1343994140625 0.1343994140625 0.0
0.1328125 0.1328125 0.0
0.131103515625 0.131103515625 0.0
0.1295166015625 0.1295166015625 0.0
0.1279296875 0.1279296875 0.0
0.126220703125 0.126220703125 0.0
0.12457275390625 0.12457275390625 0.0
0.1229248046875 0.1229248046875 0.0
0.121337890625 0.121337890625 0.0
0.11968994140625 0.11968994140625 0.0
0.1180419921875 0.1180419921875 0.0
0.11639404296875 0.11639404296875 0.0
0.11474609375 0.11474609375 0.0
0.11309814453125 0.11309814453125 0.0
0.1114501953125 0.1114501953125 0.0
0.10986328125 0.10986328125 0.0
0.10821533203125 0.10821533203125 0.0
0.1065673828125 0.1065673828125 0.0
0.10491943359375 0.10491943359375 0.0
0.103271484375 0.103271484375 0.0
0.10162353515625 0.10162353515625 0.0
0.0999755859375 0.0999755859375 0.0
0.098388671875 0.098388671875 0.0
0.09674072265625 0.09674072265625 0.0
0.0950927734375 0.0950927734375 0.0
0.09344482421875 0.09344482421875 0.0
0.091796875 0.091796875 0.0
0.09014892578125 0.09014892578125 0.0
0.0885009765625 0.0885009765625 0.0
0.0869140625 0.0869140625 0.0
0.08526611328125 0.08526611328125 0.0
0.0836181640625 0.0836181640625 0.0
0.08197021484375 0.08197021484375 0.0
0.080322265625 0.080322265625 0.0
0.07867431640625 0.07867431640625 0.0
0.0770263671875 0.0770263671875 0.0
0.075439453125 0.075439453125 0.0
0.07379150390625 0.07379150390625 0.0
0.0721435546875 0.0721435546875 0.0
0.07049560546875 0.07049560546875 0.0
0.06884765625 0.06884765625 0.0
0.06719970703125 0.06719970703125 0.0
0.0655517578125 0.0655517578125 0.0
0.06396484375 0.06396484375 0.0
0.062286376953125 0.062286376953125 0.0
0.0606689453125 0.0606689453125 0.0
0.05902099609375 0.05902099609375 0.0
0.057373046875 0.057373046875 0.0
0.05572509765625 0.05572509765625 0.0
0.054107666015625 0.054107666015625 0.0
0.052459716796875 0.052459716796875 0.0
0.050811767578125 0.050811767578125 0.0
0.0491943359375 0.0491943359375 0.0
0.04754638671875 0.04754638671875 0.0
0.0458984375 0.0458984375 0.0
0.04425048828125 0.04425048828125 0.0
0.042633056640625 0.042633056640625 0.0
0.040985107421875 0.040985107421875 0.0
0.039337158203125 0.039337158203125 0.0
0.0377197265625 0.0377197265625 0.0
0.03607177734375 0.03607177734375 0.0
0.034423828125 0.034423828125 0.0
0.03277587890625 0.03277587890625 0.0
0.0311431884765625 0.0311431884765625 0.0
0.029510498046875 0.029510498046875 0.0
0.027862548828125 0.027862548828125 0.0
0.0262298583984375 0.0262298583984375 0.0
0.02459716796875 0.02459716796875 0.0
0.02294921875 0.02294921875 0.0
0.0213165283203125 0.0213165283203125 0.0
0.0196685791015625 0.0196685791015625 0.0
0.018035888671875 0.018035888671875 0.0
0.016387939453125 0.016387939453125 0.0
0.0147552490234375 0.0147552490234375 0.0
0.01311492919921875 0.01311492919921875 0.0
0.011474609375 0.011474609375 0.0
0.00983428955078125 0.00983428955078125 0.0
0.0081939697265625 0.0081939697265625 0.0
0.006557464599609375 0.006557464599609375 0.0
0.004917144775390625 0.004917144775390625 0.0
0.0032787322998046875 0.0032787322998046875 0.0
0.0016393661499023438 0.0016393661499023438 0.0
0.0 0.0 0.0
0.0013399124145507812 0.0013408660888671875 0.0013399124145507812
0.0026798248291015625 0.002681732177734375 0.0026798248291015625
0.00402069091796875 0.00402069091796875 0.00402069091796875
0.005359649658203125 0.00536346435546875 0.005359649658203125
0.0067043304443359375 0.006702423095703125 0.0067043304443359375
0.0080413818359375 0.0080413818359375 0.0080413818359375
0.0093841552734375 0.0093841552734375 0.0093841552734375
0.01071929931640625 0.0107269287109375 0.01071929931640625
0.012065887451171875 0.01206207275390625 0.012065887451171875
0.013408660888671875 0.01340484619140625 0.013408660888671875
0.014751434326171875 0.01474761962890625 0.014751434326171875
0.016082763671875 0.016082763671875 0.016082763671875
0.017425537109375 0.017425537109375 0.017425537109375
0.018768310546875 0.018768310546875 0.018768310546875
0.020111083984375 0.020111083984375 0.020111083984375
0.0214385986328125 0.021453857421875 0.0214385986328125
0.02278900146484375 0.0227813720703125 0.02278900146484375
0.02413177490234375 0.0241241455078125 0.02413177490234375
0.02547454833984375 0.0254669189453125 0.02547454833984375
0.02681732177734375 0.0268096923828125 0.02681732177734375
0.02816009521484375 0.0281524658203125 0.02816009521484375
0.02950286865234375 0.0294952392578125 0.02950286865234375
0.03081512451171875 0.0308380126953125 0.03081512451171875
0.03216552734375 0.03216552734375 0.03216552734375
0.03350830078125 0.03350830078125 0.03350830078125
0.03485107421875 0.03485107421875 0.03485107421875
0.03619384765625 0.03619384765625 0.03619384765625
0.03753662109375 0.03753662109375 0.03753662109375
0.03887939453125 0.03887939453125 0.03887939453125
0.04022216796875 0.04022216796875 0.04022216796875
0.04156494140625 0.04156494140625 0.04156494140625
0.042877197265625 0.04290771484375 0.042877197265625
0.044219970703125 0.04425048828125 0.044219970703125
0.0455780029296875 0.045562744140625 0.0455780029296875
0.0469207763671875 0.046905517578125 0.0469207763671875
0.0482635498046875 0.048248291015625 0.0482635498046875
0.0496063232421875 0.049591064453125 0.0496063232421875
0.0509490966796875 0.050933837890625 0.0509490966796875
0.0522918701171875 0.052276611328125 0.0522918701171875
0.0536346435546875 0.053619384765625 0.0536346435546875
0.0549774169921875 0.054962158203125 0.0549774169921875
0.0563201904296875 0.056304931640625 0.0563201904296875
0.0576629638671875 0.057647705078125 0.0576629638671875
0.0590057373046875 0.058990478515625 0.0590057373046875
0.0602874755859375 0.060333251953125 0.0602874755859375
0.0616302490234375 0.061676025390625 0.0616302490234375
0.06298828125 0.06298828125 0.06298828125
0.0643310546875 0.0643310546875 0.0643310546875
0.065673828125 0.065673828125 0.065673828125
0.0670166015625 0.0670166015625 0.0670166015625
0.068359375 0.068359375 0.068359375
0.0697021484375 0.0697021484375 0.0697021484375
0.071044921875 0.071044921875 0.071044921875
0.0723876953125 0.0723876953125 0.0723876953125
0.07373046875 0.07373046875 0.07373046875
0.0750732421875 0.0750732421875 0.0750732421875
0.076416015625 0.076416015625 0.076416015625
0.0777587890625 0.0777587890625 0.0777587890625
0.0791015625 0.0791015625 0.0791015625
0.0804443359375 0.0804443359375 0.0804443359375
0.081787109375 0.081787109375 0.081787109375
0.0831298828125 0.0831298828125 0.0831298828125
0.08447265625 0.08447265625 0.08447265625
0.08575439453125 0.0858154296875 0.08575439453125
0.087158203125 0.087158203125 0.087158203125
0.08843994140625 0.0885009765625 0.08843994140625
0.089874267578125 0.08978271484375 0.089874267578125
0.091156005859375 0.09112548828125 0.091156005859375
0.092559814453125 0.09246826171875 0.092559814453125
0.093841552734375 0.09381103515625 0.093841552734375
0.095245361328125 0.09515380859375 0.095245361328125
0.096527099609375 0.09649658203125 0.096527099609375
0.097808837890625 0.09783935546875 0.097808837890625
0.099212646484375 0.09918212890625 0.099212646484375
0.100494384765625 0.10052490234375 0.100494384765625
0.101898193359375 0.10186767578125 0.101898193359375
0.103179931640625 0.10321044921875 0.103179931640625
0.104583740234375 0.10455322265625 0.104583740234375
0.105865478515625 0.10589599609375 0.105865478515625
0.107269287109375 0.10723876953125 0.107269287109375
0.108551025390625 0.10858154296875 0.108551025390625
0.109954833984375 0.10992431640625 0.109954833984375
0.111236572265625 0.11126708984375 0.111236572265625
0.112640380859375 0.11260986328125 0.112640380859375
0.113922119140625 0.11395263671875 0.113922119140625
0.115325927734375 0.11529541015625 0.115325927734375
0.116607666015625 0.11663818359375 0.116607666015625
0.118011474609375 0.11798095703125 0.118011474609375
0.119293212890625 0.11932373046875 0.119293212890625
0.120574951171875 0.12066650390625 0.120574951171875
0.121978759765625 0.12200927734375 0.121978759765625
0.123260498046875 0.12335205078125 0.123260498046875
0.124664306640625 0.12469482421875 0.124664306640625
0.1259765625 0.1259765625 0.1259765625
0.12738037109375 0.1273193359375 0.12738037109375
0.128662109375 0.128662109375 0.128662109375
0.13006591796875 0.1300048828125 0.13006591796875
0.13134765625 0.13134765625 0.13134765625
0.13275146484375 0.1326904296875 0.13275146484375
0.134033203125 0.134033203125 0.134033203125
0.13543701171875 0.1353759765625 0.13543701171875
0.13671875 0.13671875 0.13671875
0.13812255859375 0.1380615234375 0.13812255859375
0.139404296875 0.139404296875 0.139404296875
0.14080810546875 0.1407470703125 0.14080810546875
0.14208984375 0.14208984375 0.14208984375
0.14337158203125 0.1434326171875 0.14337158203125
0.144775390625 0.144775390625 0.144775390625
0.14605712890625 0.1461181640625 0.14605712890625
0.1474609375 0.1474609375 0.1474609375
0.14874267578125 0.1488037109375 0.14874267578125
0.150146484375 0.150146484375 0.150146484375
0.15142822265625 0.1514892578125 0.15142822265625
0.15283203125 0.15283203125 0.15283203125
0.15411376953125 0.1541748046875 0.15411376953125
0.155517578125 0.155517578125 0.155517578125
0.15679931640625 0.1568603515625 0.15679931640625
0.158203125 0.158203125 0.158203125
0.15948486328125 0.1595458984375 0.15948486328125
0.160888671875 0.160888671875 0.160888671875
0.16217041015625 0.1622314453125 0.16217041015625
0.16357421875 0.16357421875 0.16357421875
0.16485595703125 0.1649169921875 0.16485595703125
0.166259765625 0.166259765625 0.166259765625
0.16741943359375 0.1676025390625 0.16741943359375
0.1689453125 0.1689453125 0.1689453125
0.17022705078125 0.1702880859375 0.17022705078125
0.1715087890625 0.171630859375 0.1715087890625
0.17279052734375 0.1729736328125 0.17279052734375
0.17431640625 0.17431640625 0.17431640625
0.17559814453125 0.1756591796875 0.17559814453125
0.1768798828125 0.177001953125 0.1768798828125
0.17816162109375 0.1783447265625 0.17816162109375
0.17974853515625 0.1795654296875 0.17974853515625
0.1810302734375 0.180908203125 0.1810302734375
0.18231201171875 0.1822509765625 0.18231201171875
0.18359375 0.18359375 0.18359375
0.18511962890625 0.1849365234375 0.18511962890625
0.1864013671875 0.186279296875 0.1864013671875
0.18768310546875 0.1876220703125 0.18768310546875
0.18896484375 0.18896484375 0.18896484375
0.19049072265625 0.1903076171875 0.19049072265625
0.1917724609375 0.191650390625 0.1917724609375
0.19305419921875 0.1929931640625 0.19305419921875
0.1943359375 0.1943359375 0.1943359375
0.19561767578125 0.1956787109375 0.19561767578125
0.1971435546875 0.197021484375 0.1971435546875
0.19842529296875 0.1983642578125 0.19842529296875
0.19970703125 0.19970703125 0.19970703125
0.20098876953125 0.2010498046875 0.20098876953125
0.2025146484375 0.202392578125 0.2025146484375
0.20379638671875 0.2037353515625 0.20379638671875
0.205078125 0.205078125 0.205078125
0.20635986328125 0.2064208984375 0.20635986328125
0.2078857421875 0.207763671875 0.2078857421875
0.20916748046875 0.2091064453125 0.20916748046875
0.21044921875 0.21044921875 0.21044921875
0.21173095703125 0.2117919921875 0.21173095703125
0.2132568359375 0.213134765625 0.2132568359375
0.21453857421875 0.2144775390625 0.21453857421875
0.2158203125 0.2158203125 0.2158203125
0.21710205078125 0.2171630859375 0.21710205078125
0.2183837890625 0.218505859375 0.2183837890625
0.21990966796875 0.2198486328125 0.21990966796875
0.22119140625 0.22119140625 0.22119140625
0.22247314453125 0.2225341796875 0.22247314453125
0.2237548828125 0.223876953125 0.2237548828125
0.22528076171875 0.2252197265625 0.22528076171875
0.2265625 0.2265625 0.2265625
0.22784423828125 0.2279052734375 0.22784423828125
0.2291259765625 0.229248046875 0.2291259765625
0.23065185546875 0.2305908203125 0.23065185546875
0.23193359375 0.23193359375 0.23193359375
0.23321533203125 0.2332763671875 0.23321533203125
0.2344970703125 0.234619140625 0.2344970703125
0.23602294921875 0.2359619140625 0.23602294921875
0.2373046875 0.2373046875 0.2373046875
0.23858642578125 0.2386474609375 0.23858642578125
0.2398681640625 0.239990234375 0.2398681640625
0.24114990234375 0.2413330078125 0.24114990234375
0.24267578125 0.24267578125 0.24267578125
0.24395751953125 0.2440185546875 0.24395751953125
0.2452392578125 0.245361328125 0.2452392578125
0.24652099609375 0.2467041015625 0.24652099609375
0.248046875 0.248046875 0.248046875
0.24932861328125 0.2493896484375 0.24932861328125
0.2506103515625 0.250732421875 0.2506103515625
0.251953125 0.251953125 0.251953125
0.25341796875 0.25341796875 0.25341796875
0.2547607421875 0.254638671875 0.2547607421875
0.2559814453125 0.256103515625 0.2559814453125
0.25732421875 0.25732421875 0.25732421875
0.2587890625 0.2587890625 0.2587890625
0.2601318359375 0.260009765625 0.2601318359375
0.2613525390625 0.261474609375 0.2613525390625
0.2626953125 0.2626953125 0.2626953125
0.263916015625 0.26416015625 0.263916015625
0.2655029296875 0.265380859375 0.2655029296875
0.2667236328125 0.266845703125 0.2667236328125
0.26806640625 0.26806640625 0.26806640625
0.269287109375 0.26953125 0.269287109375
0.2708740234375 0.270751953125 0.2708740234375
0.2720947265625 0.272216796875 0.2720947265625
0.2734375 0.2734375 0.2734375
0.274658203125 0.27490234375 0.274658203125
0.2762451171875 0.276123046875 0.2762451171875
0.2774658203125 0.277587890625 0.2774658203125
0.27880859375 0.27880859375 0.27880859375
0.280029296875 0.2802734375 0.280029296875
0.2816162109375 0.281494140625 0.2816162109375
0.2828369140625 0.282958984375 0.2828369140625
0.2841796875 0.2841796875 0.2841796875
0.285400390625 0.28564453125 0.285400390625
0.2867431640625 0.286865234375 0.2867431640625
0.288330078125 0.2880859375 0.288330078125
0.28955078125 0.28955078125 0.28955078125
0.2908935546875 0.290771484375 0.2908935546875
0.2921142578125 0.292236328125 0.2921142578125
0.293701171875 0.29345703125 0.293701171875
0.294921875 0.294921875 0.294921875
0.2962646484375 0.296142578125 0.2962646484375
0.2974853515625 0.297607421875 0.2974853515625
0.299072265625 0.298828125 0.299072265625
0.30029296875 0.30029296875 0.30029296875
0.3016357421875 0.301513671875 0.3016357421875
0.3028564453125 0.302978515625 0.3028564453125
0.304443359375 0.30419921875 0.304443359375
0.3056640625 0.3056640625 0.3056640625
0.3070068359375 0.306884765625 0.3070068359375
0.3082275390625 0.308349609375 0.3082275390625
0.3095703125 0.3095703125 0.3095703125
0.31103515625 0.31103515625 0.31103515625
0.3123779296875 0.312255859375 0.3123779296875
0.3135986328125 0.313720703125 0.3135986328125
0.31494140625 0.31494140625 0.31494140625
0.31640625 0.31640625 0.31640625
0.3177490234375 0.317626953125 0.3177490234375
0.3189697265625 0.319091796875 0.3189697265625
0.3203125 0.3203125 0.3203125
0.32177734375 0.32177734375 0.32177734375
0.3231201171875 0.322998046875 0.3231201171875
0.3243408203125 0.324462890625 0.3243408203125
0.32568359375 0.32568359375 0.32568359375
0.3271484375 0.3271484375 0.3271484375
0.3284912109375 0.328369140625 0.3284912109375
0.3297119140625 0.329833984375 0.3297119140625
0.3310546875 0.3310546875 0.3310546875
0.33251953125 0.33251953125 0.33251953125
0.3336181640625 0.333740234375 0.3336181640625
0.3348388671875 0.335205078125 0.3348388671875
0.336669921875 0.33642578125 0.336669921875
0.337890625 0.337890625 0.337890625
0.3392333984375 0.339111328125 0.3392333984375
0.3404541015625 0.340576171875 0.3404541015625
0.341796875 0.341796875 0.341796875
0.343017578125 0.34326171875 0.343017578125
0.3443603515625 0.344482421875 0.3443603515625
0.3455810546875 0.345947265625 0.3455810546875
0.347412109375 0.34716796875 0.347412109375
0.3486328125 0.3486328125 0.3486328125
0.3499755859375 0.349853515625 0.3499755859375
0.3511962890625 0.351318359375 0.3511962890625
0.3525390625 0.3525390625 0.3525390625
0.353759765625 0.35400390625 0.353759765625
0.3551025390625 0.355224609375 0.3551025390625
0.3563232421875 0.356689453125 0.3563232421875
0.357666015625 0.35791015625 0.357666015625
0.3594970703125 0.359130859375 0.3594970703125
0.3607177734375 0.360595703125 0.3607177734375
0.362060546875 0.36181640625 0.362060546875
0.36328125 0.36328125 0.36328125
0.3646240234375 0.364501953125 0.3646240234375
0.3658447265625 0.365966796875 0.3658447265625
0.3671875 0.3671875 0.3671875
0.368408203125 0.36865234375 0.368408203125
0.3702392578125 0.369873046875 0.3702392578125
0.3714599609375 0.371337890625 0.3714599609375
0.372802734375 0.37255859375 0.372802734375
0.3740234375 0.3740234375 0.3740234375
0.3753662109375 0.375244140625 0.3753662109375
0.3765869140625 0.376708984375 0.3765869140625
0.3779296875 0.3779296875 0.3779296875
0.379150390625 0.37939453125 0.379150390625
0.3809814453125 0.380615234375 0.3809814453125
0.3822021484375 0.382080078125 0.3822021484375
0.383544921875 0.38330078125 0.383544921875
0.384765625 0.384765625 0.384765625
0.3861083984375 0.385986328125 0.3861083984375
0.3873291015625 0.387451171875 0.3873291015625
0.388671875 0.388671875 0.388671875
0.389892578125 0.39013671875 0.389892578125
0.3912353515625 0.391357421875 0.3912353515625
0.3929443359375 0.392822265625 0.3929443359375
0.394287109375 0.39404296875 0.394287109375
0.3955078125 0.3955078125 0.3955078125
0.3968505859375 0.396728515625 0.3968505859375
0.3980712890625 0.398193359375 0.3980712890625
0.3994140625 0.3994140625 0.3994140625
0.400634765625 0.40087890625 0.400634765625
0.4019775390625 0.402099609375 0.4019775390625
0.4036865234375 0.403564453125 0.4036865234375
0.405029296875 0.40478515625 0.405029296875
0.40625 0.40625 0.40625
0.4075927734375 0.407470703125 0.4075927734375
0.4088134765625 0.408935546875 0.4088134765625
0.41015625 0.41015625 0.41015625
0.411376953125 0.41162109375 0.411376953125
0.4127197265625 0.412841796875 0.4127197265625
0.4139404296875 0.414306640625 0.4139404296875
0.415771484375 0.41552734375 0.415771484375
0.4169921875 0.4169921875 0.4169921875
0.4183349609375 0.418212890625 0.4183349609375
0.4195556640625 0.419677734375 0.4195556640625
0.4208984375 0.4208984375 0.4208984375
0.422119140625 0.42236328125 0.422119140625
0.4234619140625 0.423583984375 0.4234619140625
0.4246826171875 0.425048828125 0.4246826171875
0.426513671875 0.42626953125 0.426513671875
0.427734375 0.427734375 0.427734375
0.4290771484375 0.428955078125 0.4290771484375
0.430419921875 0.43017578125 0.430419921875
0.431640625 0.431640625 0.431640625
0.4329833984375 0.432861328125 0.4329833984375
0.4342041015625 0.434326171875 0.4342041015625
0.435546875 0.435546875 0.435546875
0.436767578125 0.43701171875 0.436767578125
0.4385986328125 0.438232421875 0.4385986328125
0.4398193359375 0.439697265625 0.4398193359375
0.441162109375 0.44091796875 0.441162109375
0.4423828125 0.4423828125 0.4423828125
0.4437255859375 0.443603515625 0.4437255859375
0.4449462890625 0.445068359375 0.4449462890625
0.4462890625 0.4462890625 0.4462890625
0.447509765625 0.44775390625 0.447509765625
0.4493408203125 0.448974609375 0.4493408203125
0.4505615234375 0.450439453125 0.4505615234375
0.451904296875 0.45166015625 0.451904296875
0.453125 0.453125 0.453125
0.4544677734375 0.454345703125 0.4544677734375
0.4556884765625 0.455810546875 0.4556884765625
0.45703125 0.45703125 0.45703125
0.458251953125 0.45849609375 0.458251953125
0.4595947265625 0.459716796875 0.4595947265625
0.4613037109375 0.461181640625 0.4613037109375
0.462646484375 0.46240234375 0.462646484375
0.4638671875 0.4638671875 0.4638671875
0.4652099609375 0.465087890625 0.4652099609375
0.4664306640625 0.466552734375 0.4664306640625
0.4677734375 0.4677734375 0.4677734375
0.468994140625 0.46923828125 0.468994140625
0.4703369140625 0.470458984375 0.4703369140625
0.4720458984375 0.471923828125 0.4720458984375
0.473388671875 0.47314453125 0.473388671875
0.474609375 0.474609375 0.474609375
0.4759521484375 0.475830078125 0.4759521484375
0.4771728515625 0.477294921875 0.4771728515625
0.478515625 0.478515625 0.478515625
0.479736328125 0.47998046875 0.479736328125
0.4810791015625 0.481201171875 0.4810791015625
0.4822998046875 0.482666015625 0.4822998046875
0.484130859375 0.48388671875 0.484130859375
0.4853515625 0.4853515625 0.4853515625
0.4866943359375 0.486572265625 0.4866943359375
0.4879150390625 0.488037109375 0.4879150390625
0.4892578125 0.4892578125 0.4892578125
0.490478515625 0.49072265625 0.490478515625
0.4918212890625 0.491943359375 0.4918212890625
0.4930419921875 0.493408203125 0.4930419921875
0.494873046875 0.49462890625 0.494873046875
0.49609375 0.49609375 0.49609375
0.4974365234375 0.497314453125 0.4974365234375
0.4986572265625 0.498779296875 0.4986572265625
0.5 0.5 0.5
0.498779296875 0.50146484375 0.498779296875
0.497314453125 0.50244140625 0.497314453125
0.49609375 0.50390625 0.49609375
0.494873046875 0.50537109375 0.494873046875
0.4931640625 0.5068359375 0.4931640625
0.4921875 0.5078125 0.4921875
0.490478515625 0.50927734375 0.490478515625
0.4892578125 0.5107421875 0.4892578125
0.488037109375 0.51220703125 0.488037109375
0.486572265625 0.51318359375 0.486572265625
0.4853515625 0.5146484375 0.4853515625
0.484130859375 0.51611328125 0.484130859375
0.482421875 0.517578125 0.482421875
0.4814453125 0.5185546875 0.4814453125
0.479736328125 0.52001953125 0.479736328125
0.478515625 0.521484375 0.478515625
0.477294921875 0.52294921875 0.477294921875
0.475830078125 0.52392578125 0.475830078125
0.474609375 0.525390625 0.474609375
0.473388671875 0.52685546875 0.473388671875
0.4716796875 0.5283203125 0.4716796875
0.470703125 0.529296875 0.470703125
0.468994140625 0.53076171875 0.468994140625
0.4677734375 0.5322265625 0.4677734375
0.466552734375 0.53369140625 0.466552734375
0.465087890625 0.53466796875 0.465087890625
0.4638671875 0.5361328125 0.4638671875
0.462646484375 0.53759765625 0.462646484375
0.4609375 0.5390625 0.4609375
0.4599609375 0.5400390625 0.4599609375
0.458251953125 0.54150390625 0.458251953125
0.45703125 0.54296875 0.45703125
0.455810546875 0.54443359375 0.455810546875
0.454345703125 0.54541015625 0.454345703125
0.453125 0.546875 0.453125
0.451904296875 0.54833984375 0.451904296875
0.4501953125 0.5498046875 0.4501953125
0.44921875 0.55078125 0.44921875
0.447509765625 0.55224609375 0.447509765625
0.4462890625 0.5537109375 0.4462890625
0.445068359375 0.55517578125 0.445068359375
0.443603515625 0.55615234375 0.443603515625
0.4423828125 0.5576171875 0.4423828125
0.441162109375 0.55908203125 0.441162109375
0.439453125 0.560546875 0.439453125
0.4384765625 0.5615234375 0.4384765625
0.436767578125 0.56298828125 0.436767578125
0.435546875 0.564453125 0.435546875
0.434326171875 0.56591796875 0.434326171875
0.432861328125 0.56689453125 0.432861328125
0.431640625 0.568359375 0.431640625
0.430419921875 0.56982421875 0.430419921875
0.4287109375 0.5712890625 0.4287109375
0.427734375 0.572265625 0.427734375
0.426513671875 0.57373046875 0.426513671875
0.4248046875 0.5751953125 0.4248046875
0.423828125 0.576171875 0.423828125
0.422119140625 0.57763671875 0.422119140625
0.4208984375 0.5791015625 0.4208984375
0.419677734375 0.58056640625 0.419677734375
0.418212890625 0.58154296875 0.418212890625
0.4169921875 0.5830078125 0.4169921875
0.415771484375 0.58447265625 0.415771484375
0.4140625 0.5859375 0.4140625
0.4130859375 0.5869140625 0.4130859375
0.411376953125 0.58837890625 0.411376953125
0.41015625 0.58984375 0.41015625
0.408935546875 0.59130859375 0.408935546875
0.407470703125 0.59228515625 0.407470703125
0.40625 0.59375 0.40625
0.405029296875 0.59521484375 0.405029296875
0.4033203125 0.5966796875 0.4033203125
0.40234375 0.59765625 0.40234375
0.400634765625 0.59912109375 0.400634765625
0.3994140625 0.6005859375 0.3994140625
0.398193359375 0.60205078125 0.398193359375
0.396728515625 0.60302734375 0.396728515625
0.3955078125 0.6044921875 0.3955078125
0.394287109375 0.60595703125 0.394287109375
0.392578125 0.607421875 0.392578125
0.3916015625 0.6083984375 0.3916015625
0.389892578125 0.60986328125 0.389892578125
0.388671875 0.611328125 0.388671875
0.387451171875 0.61279296875 0.387451171875
0.385986328125 0.61376953125 0.385986328125
0.384765625 0.615234375 0.384765625
0.383544921875 0.61669921875 0.383544921875
0.3818359375 0.6181640625 0.3818359375
0.380859375 0.619140625 0.380859375
0.379150390625 0.62060546875 0.379150390625
0.3779296875 0.6220703125 0.3779296875
0.376708984375 0.62353515625 0.376708984375
0.375244140625 0.62451171875 0.375244140625
0.3740234375 0.6259765625 0.3740234375
0.372802734375 0.62744140625 0.372802734375
0.37109375 0.62890625 0.37109375
0.3701171875 0.6298828125 0.3701171875
0.368408203125 0.63134765625 0.368408203125
0.3671875 0.6328125 0.3671875
0.365966796875 0.63427734375 0.365966796875
0.364501953125 0.63525390625 0.364501953125
0.36328125 0.63671875 0.36328125
0.362060546875 0.63818359375 0.362060546875
0.3603515625 0.6396484375 0.3603515625
0.359375 0.640625 0.359375
0.357666015625 0.64208984375 0.357666015625
0.3564453125 0.6435546875 0.3564453125
0.35546875 0.64453125 0.35546875
0.353759765625 0.64599609375 0.353759765625
0.3525390625 0.6474609375 0.3525390625
0.351318359375 0.64892578125 0.351318359375
0.349853515625 0.64990234375 0.349853515625
0.3486328125 0.6513671875 0.3486328125
0.347412109375 0.65283203125 0.347412109375
0.345703125 0.654296875 0.345703125
0.3447265625 0.6552734375 0.3447265625
0.343017578125 0.65673828125 0.343017578125
0.341796875 0.658203125 0.341796875
0.340576171875 0.65966796875 0.340576171875
0.339111328125 0.66064453125 0.339111328125
0.337890625 0.662109375 0.337890625
0.336669921875 0.66357421875 0.336669921875
0.3349609375 0.6650390625 0.3349609375
0.333984375 0.666015625 0.333984375
0.332275390625 0.66748046875 0.332275390625
0.3310546875 0.6689453125 0.3310546875
0.329833984375 0.67041015625 0.329833984375
0.328369140625 0.67138671875 0.328369140625
0.3271484375 0.6728515625 0.3271484375
0.325927734375 0.67431640625 0.325927734375
0.32421875 0.67578125 0.32421875
0.3232421875 0.6767578125 0.3232421875
0.321533203125 0.67822265625 0.321533203125
0.3203125 0.6796875 0.3203125
0.319091796875 0.68115234375 0.319091796875
0.317626953125 0.68212890625 0.317626953125
0.31640625 0.68359375 0.31640625
0.315185546875 0.68505859375 0.315185546875
0.3134765625 0.6865234375 0.3134765625
0.3125 0.6875 0.3125
0.310791015625 0.68896484375 0.310791015625
0.3095703125 0.6904296875 0.3095703125
0.308349609375 0.69189453125 0.308349609375
0.306884765625 0.69287109375 0.306884765625
0.3056640625 0.6943359375 0.3056640625
0.304443359375 0.69580078125 0.304443359375
0.302734375 0.697265625 0.302734375
0.3017578125 0.6982421875 0.3017578125
0.300048828125 0.69970703125 0.300048828125
0.298828125 0.701171875 0.298828125
0.297607421875 0.70263671875 0.297607421875
0.296142578125 0.70361328125 0.296142578125
0.294921875 0.705078125 0.294921875
0.293701171875 0.70654296875 0.293701171875
0.2919921875 0.7080078125 0.2919921875
0.291015625 0.708984375 0.291015625
0.289306640625 0.71044921875 0.289306640625
0.2880859375 0.7119140625 0.2880859375
0.286865234375 0.71337890625 0.286865234375
0.285400390625 0.71435546875 0.285400390625
0.2841796875 0.7158203125 0.2841796875
0.282958984375 0.71728515625 0.282958984375
0.281494140625 0.71826171875 0.281494140625
0.2802734375 0.7197265625 0.2802734375
0.279052734375 0.72119140625 0.279052734375
0.27734375 0.72265625 0.27734375
0.2763671875 0.7236328125 0.2763671875
0.274658203125 0.72509765625 0.274658203125
0.2734375 0.7265625 0.2734375
0.272216796875 0.72802734375 0.272216796875
0.270751953125 0.72900390625 0.270751953125
0.26953125 0.73046875 0.26953125
0.268310546875 0.73193359375 0.268310546875
0.2666015625 0.7333984375 0.2666015625
0.265625 0.734375 0.265625
0.263916015625 0.73583984375 0.263916015625
0.2626953125 0.7373046875 0.2626953125
0.261474609375 0.73876953125 0.261474609375
0.260009765625 0.73974609375 0.260009765625
0.2587890625 0.7412109375 0.2587890625
0.257568359375 0.74267578125 0.257568359375
0.255859375 0.744140625 0.255859375
0.2548828125 0.7451171875 0.2548828125
0.253173828125 0.74658203125 0.253173828125
0.251953125 0.748046875 0.251953125
0.250732421875 0.74951171875 0.250732421875
0.249267578125 0.75048828125 0.249267578125
0.248046875 0.751953125 0.248046875
0.246826171875 0.75341796875 0.246826171875
0.2451171875 0.7548828125 0.2451171875
0.244140625 0.755859375 0.244140625
0.242431640625 0.75732421875 0.242431640625
0.2412109375 0.7587890625 0.2412109375
0.239990234375 0.76025390625 0.239990234375
0.238525390625 0.76123046875 0.238525390625
0.2373046875 0.7626953125 0.2373046875
0.236083984375 0.76416015625 0.236083984375
0.234375 0.765625 0.234375
0.2333984375 0.7666015625 0.2333984375
0.231689453125 0.76806640625 0.231689453125
0.23046875 0.76953125 0.23046875
0.229248046875 0.77099609375 0.229248046875
0.227783203125 0.77197265625 0.227783203125
0.2265625 0.7734375 0.2265625
0.225341796875 0.77490234375 0.225341796875
0.2236328125 0.7763671875 0.2236328125
0.22265625 0.77734375 0.22265625
0.220947265625 0.77880859375 0.220947265625
0.2197265625 0.7802734375 0.2197265625
0.218505859375 0.78173828125 0.218505859375
0.217041015625 0.78271484375 0.217041015625
0.2158203125 0.7841796875 0.2158203125
0.214599609375 0.78564453125 0.214599609375
0.213134765625 0.78662109375 0.213134765625
0.2119140625 0.7880859375 0.2119140625
0.210693359375 0.78955078125 0.210693359375
0.208984375 0.791015625 0.208984375
0.2080078125 0.7919921875 0.2080078125
0.206298828125 0.79345703125 0.206298828125
0.205078125 0.794921875 0.205078125
0.203857421875 0.79638671875 0.203857421875
0.202392578125 0.79736328125 0.202392578125
0.201171875 0.798828125 0.201171875
0.199951171875 0.80029296875 0.199951171875
0.1982421875 0.8017578125 0.1982421875
0.197265625 0.802734375 0.197265625
0.195556640625 0.80419921875 0.195556640625
0.1943359375 0.8056640625 0.1943359375
0.193115234375 0.80712890625 0.193115234375
0.191650390625 0.80810546875 0.191650390625
0.1904296875 0.8095703125 0.1904296875
0.189208984375 0.81103515625 0.189208984375
0.1875 0.8125 0.1875
0.1865234375 0.8134765625 0.1865234375
0.184814453125 0.81494140625 0.184814453125
0.18359375 0.81640625 0.18359375
0.182373046875 0.81787109375 0.182373046875
0.180908203125 0.81884765625 0.180908203125
0.1796875 0.8203125 0.1796875
0.178466796875 0.82177734375 0.178466796875
0.1767578125 0.8232421875 0.1767578125
0.17578125 0.82421875 0.17578125
0.174072265625 0.82568359375 0.174072265625
0.1728515625 0.8271484375 0.1728515625
0.171630859375 0.82861328125 0.171630859375
0.170166015625 0.82958984375 0.170166015625
0.1689453125 0.8310546875 0.1689453125
0.167724609375 0.83251953125 0.167724609375
0.166015625 0.833984375 0.166015625
0.1650390625 0.8349609375 0.1650390625
0.163330078125 0.83642578125 0.163330078125
0.162109375 0.837890625 0.162109375
0.160888671875 0.83935546875 0.160888671875
0.159423828125 0.84033203125 0.159423828125
0.158203125 0.841796875 0.158203125
0.156982421875 0.84326171875 0.156982421875
0.1552734375 0.8447265625 0.1552734375
0.154296875 0.845703125 0.154296875
0.152587890625 0.84716796875 0.152587890625
0.1513671875 0.8486328125 0.1513671875
0.150146484375 0.85009765625 0.150146484375
0.148681640625 0.85107421875 0.148681640625
0.1474609375 0.8525390625 0.1474609375
0.146240234375 0.85400390625 0.146240234375
0.14453125 0.85546875 0.14453125
0.1435546875 0.8564453125 0.1435546875
0.142333984375 0.85791015625 0.142333984375
0.140625 0.859375 0.140625
0.1396484375 0.8603515625 0.1396484375
0.137939453125 0.86181640625 0.137939453125
0.13671875 0.86328125 0.13671875
0.135498046875 0.86474609375 0.135498046875
0.134033203125 0.86572265625 0.134033203125
0.1328125 0.8671875 0.1328125
0.131591796875 0.86865234375 0.131591796875
0.1298828125 0.8701171875 0.1298828125
0.12890625 0.87109375 0.12890625
0.127197265625 0.87255859375 0.127197265625
0.1259765625 0.8740234375 0.1259765625
0.124755859375 0.87548828125 0.124755859375
0.123291015625 0.87646484375 0.123291015625
0.1220703125 0.8779296875 0.1220703125
0.120849609375 0.87939453125 0.120849609375
0.119140625 0.880859375 0.119140625
0.1181640625 0.8818359375 0.1181640625
0.116455078125 0.88330078125 0.116455078125
0.115234375 0.884765625 0.115234375
0.114013671875 0.88623046875 0.114013671875
0.112548828125 0.88720703125 0.112548828125
0.111328125 0.888671875 0.111328125
0.110107421875 0.89013671875 0.110107421875
0.1083984375 0.8916015625 0.1083984375
0.107421875 0.892578125 0.107421875
0.105712890625 0.89404296875 0.105712890625
0.1044921875 0.8955078125 0.1044921875
0.103271484375 0.89697265625 0.103271484375
0.101806640625 0.89794921875 0.101806640625
0.1005859375 0.8994140625 0.1005859375
0.099365234375 0.90087890625 0.099365234375
0.09765625 0.90234375 0.09765625
0.0966796875 0.9033203125 0.0966796875
0.094970703125 0.90478515625 0.094970703125
0.09375 0.90625 0.09375
0.092529296875 0.90771484375 0.092529296875
0.091064453125 0.90869140625 0.091064453125
0.08984375 0.91015625 0.08984375
0.088623046875 0.91162109375 0.088623046875
0.0869140625 0.9130859375 0.0869140625
0.0859375 0.9140625 0.0859375
0.084228515625 0.91552734375 0.084228515625
0.0830078125 0.9169921875 0.0830078125
0.081787109375 0.91845703125 0.081787109375
0.080322265625 0.91943359375 0.080322265625
0.0791015625 0.9208984375 0.0791015625
0.077880859375 0.92236328125 0.077880859375
0.076171875 0.923828125 0.076171875
0.0751953125 0.9248046875 0.0751953125
0.073486328125 0.92626953125 0.073486328125
0.072265625 0.927734375 0.072265625
0.0712890625 0.9287109375 0.0712890625
0.069580078125 0.93017578125 0.069580078125
0.068359375 0.931640625 0.068359375
0.067138671875 0.93310546875 0.067138671875
0.065673828125 0.93408203125 0.065673828125
0.064453125 0.935546875 0.064453125
0.063232421875 0.93701171875 0.063232421875
0.0615234375 0.9384765625 0.0615234375
0.060546875 0.939453125 0.060546875
0.058837890625 0.94091796875 0.058837890625
0.0576171875 0.9423828125 0.0576171875
0.056396484375 0.94384765625 0.056396484375
0.054931640625 0.94482421875 0.054931640625
0.0537109375 0.9462890625 0.0537109375
0.052490234375 0.94775390625 0.052490234375
0.05078125 0.94921875 0.05078125
0.0498046875 0.9501953125 0.0498046875
0.048095703125 0.95166015625 0.048095703125
0.046875 0.953125 0.046875
0.045654296875 0.95458984375 0.045654296875
0.044189453125 0.95556640625 0.044189453125
0.04296875 0.95703125 0.04296875
0.041748046875 0.95849609375 0.041748046875
0.0400390625 0.9599609375 0.0400390625
0.0390625 0.9609375 0.0390625
0.037353515625 0.96240234375 0.037353515625
0.0361328125 0.9638671875 0.0361328125
0.034912109375 0.96533203125 0.034912109375
0.033447265625 0.96630859375 0.033447265625
0.0322265625 0.9677734375 0.0322265625
0.031005859375 0.96923828125 0.031005859375
0.029296875 0.970703125 0.029296875
0.0283203125 0.9716796875 0.0283203125
0.026611328125 0.97314453125 0.026611328125
0.025390625 0.974609375 0.025390625
0.024169921875 0.97607421875 0.024169921875
0.022705078125 0.97705078125 0.022705078125
0.021484375 0.978515625 0.021484375
0.020263671875 0.97998046875 0.020263671875
0.0185546875 0.9814453125 0.0185546875
0.017578125 0.982421875 0.017578125
0.015869140625 0.98388671875 0.015869140625
0.0146484375 0.9853515625 0.0146484375
0.013427734375 0.98681640625 0.013427734375
0.011962890625 0.98779296875 0.011962890625
0.0107421875 0.9892578125 0.0107421875
0.009521484375 0.99072265625 0.009521484375
0.0078125 0.9921875 0.0078125
0.0068359375 0.9931640625 0.0068359375
0.005126953125 0.99462890625 0.005126953125
0.00390625 0.99609375 0.00390625
0.002685546875 0.99755859375 0.002685546875
0.001220703125 0.99853515625 0.001220703125
0.0 1.0 0.0
0.5 0.5 0.5
0.5001220703125 0.5001220703125 0.497802734375
0.4998779296875 0.4998779296875 0.495361328125
0.5 0.5 0.4931640625
0.500244140625 0.5 0.490966796875
0.4998779296875 0.5001220703125 0.48828125
0.5001220703125 0.4998779296875 0.486328125
0.499755859375 0.5 0.483642578125
0.5 0.5 0.4814453125
0.5001220703125 0.5001220703125 0.479248046875
0.4998779296875 0.4998779296875 0.476806640625
0.5 0.5 0.474609375
0.500244140625 0.5 0.472412109375
0.4998779296875 0.5001220703125 0.4697265625
0.5001220703125 0.4998779296875 0.4677734375
0.499755859375 0.5 0.465087890625
0.5 0.5 0.462890625
0.5001220703125 0.5001220703125 0.460693359375
0.4998779296875 0.4998779296875 0.458251953125
0.5 0.5 0.4560546875
0.500244140625 0.5 0.453857421875
0.4998779296875 0.5001220703125 0.451171875
0.5001220703125 0.4998779296875 0.44921875
0.499755859375 0.5 0.446533203125
0.5 0.5 0.4443359375
0.5001220703125 0.5001220703125 0.442138671875
0.4998779296875 0.4998779296875 0.439697265625
0.5 0.5 0.4375
0.5001220703125 0.5001220703125 0.435302734375
0.4998779296875 0.4998779296875 0.432861328125
0.5 0.5 0.4306640625
0.500244140625 0.5 0.428466796875
0.4998779296875 0.5001220703125 0.42578125
0.5001220703125 0.4998779296875 0.423828125
0.499755859375 0.5 0.421142578125
0.5 0.5 0.4189453125
0.5001220703125 0.5001220703125 0.416748046875
0.4998779296875 0.4998779296875 0.414306640625
0.5 0.5 0.412109375
0.500244140625 0.5 0.409912109375
0.4998779296875 0.5001220703125 0.4072265625
0.5001220703125 0.4998779296875 0.4052734375
0.499755859375 0.5 0.402587890625
0.5 0.5 0.400390625
0.5001220703125 0.5001220703125 0.398193359375
0.4998779296875 0.4998779296875 0.395751953125
0.5 0.5 0.3935546875
0.500244140625 0.5 0.391357421875
0.4998779296875 0.5001220703125 0.388671875
0.5001220703125 0.4998779296875 0.38671875
0.499755859375 0.5 0.384033203125
0.5 0.5 0.3818359375
0.5001220703125 0.5001220703125 0.379638671875
0.4998779296875 0.4998779296875 0.377197265625
0.5 0.5 0.375
0.5001220703125 0.5001220703125 0.372802734375
0.4998779296875 0.4998779296875 0.370361328125
0.5 0.5 0.3681640625
0.500244140625 0.5 0.365966796875
0.4998779296875 0.5001220703125 0.36328125
0.5001220703125 0.4998779296875 0.361328125
0.499755859375 0.5 0.358642578125
0.5 0.5 0.3564453125
0.5001220703125 0.5001220703125 0.354248046875
0.4998779296875 0.4998779296875 0.351806640625
0.5 0.5 0.349609375
0.500244140625 0.5 0.347412109375
0.4998779296875 0.5001220703125 0.3447265625
0.5001220703125 0.4998779296875 0.3427734375
0.499755859375 0.5 0.340087890625
0.5 0.5 0.337890625
0.5001220703125 0.5001220703125 0.335693359375
0.4998779296875 0.4998779296875 0.333251953125
0.5 0.5 0.3310546875
0.500244140625 0.5 0.328857421875
0.4998779296875 0.5001220703125 0.326171875
0.5001220703125 0.4998779296875 0.32421875
0.499755859375 0.5 0.321533203125
0.5 0.5 0.3193359375
0.5001220703125 0.5001220703125 0.317138671875
0.4998779296875 0.4998779296875 0.314697265625
0.5 0.5 0.3125
0.5001220703125 0.5001220703125 0.310302734375
0.4998779296875 0.4998779296875 0.307861328125
0.5 0.5 0.3056640625
0.500244140625 0.5 0.303466796875
0.4998779296875 0.5001220703125 0.30078125
0.5001220703125 0.4998779296875 0.298828125
0.499755859375 0.5 0.296142578125
0.5 0.5 0.2939453125
0.5001220703125 0.5001220703125 0.291748046875
0.4998779296875 0.4998779296875 0.289306640625
0.5 0.5 0.287109375
0.500244140625 0.5 0.284912109375
0.4998779296875 0.5001220703125 0.2822265625
0.5001220703125 0.4998779296875 0.2802734375
0.499755859375 0.5 0.277587890625
0.5 0.5 0.275390625
0.5001220703125 0.5001220703125 0.273193359375
0.4998779296875 0.4998779296875 0.270751953125
0.5 0.5 0.2685546875
0.500244140625 0.5 0.266357421875
0.4998779296875 0.5001220703125 0.263671875
0.5001220703125 0.4998779296875 0.26171875
0.499755859375 0.5 0.259033203125
0.5 0.5 0.2568359375
0.5001220703125 0.5001220703125 0.254638671875
0.4998779296875 0.4998779296875 0.252197265625
0.5 0.5 0.25
0.50018310546875 0.50006103515625 0.247802734375
0.4998779296875 0.4998779296875 0.245361328125
0.50006103515625 0.49993896484375 0.2431640625
0.500244140625 0.5 0.240966796875
0.49993896484375 0.50006103515625 0.23828125
0.5001220703125 0.4998779296875 0.236328125
0.49981689453125 0.49993896484375 0.233642578125
0.5 0.5 0.2314453125
0.50018310546875 0.50006103515625 0.229248046875
0.4998779296875 0.4998779296875 0.226806640625
0.50006103515625 0.49993896484375 0.224609375
0.500244140625 0.5 0.222412109375
0.49993896484375 0.50006103515625 0.2197265625
0.50006103515625 0.49993896484375 0.2177734375
0.499755859375 0.5 0.215087890625
0.49993896484375 0.50006103515625 0.212890625
0.5001220703125 0.5001220703125 0.210693359375
0.49981689453125 0.49993896484375 0.208251953125
0.5 0.5 0.2060546875
0.50018310546875 0.50006103515625 0.203857421875
0.4998779296875 0.5001220703125 0.201171875
0.50006103515625 0.49993896484375 0.19921875
0.499755859375 0.5 0.196533203125
0.49993896484375 0.50006103515625 0.1943359375
0.5001220703125 0.5001220703125 0.192138671875
0.49981689453125 0.49993896484375 0.189697265625
0.5 0.5 0.1875
0.50018310546875 0.50006103515625 0.185302734375
0.4998779296875 0.4998779296875 0.182861328125
0.50006103515625 0.49993896484375 0.1806640625
0.500244140625 0.5 0.178466796875
0.49993896484375 0.50006103515625 0.17578125
0.5001220703125 0.4998779296875 0.173828125
0.49981689453125 0.49993896484375 0.171142578125
0.5 0.5 0.1689453125
0.50018310546875 0.50006103515625 0.166748046875
0.4998779296875 0.4998779296875 0.164306640625
0.50006103515625 0.49993896484375 0.162109375
0.500244140625 0.5 0.159912109375
0.49993896484375 0.50006103515625 0.1572265625
0.50006103515625 0.49993896484375 0.1552734375
0.499755859375 0.5 0.152587890625
0.49993896484375 0.50006103515625 0.150390625
0.5001220703125 0.5001220703125 0.148193359375
0.49981689453125 0.49993896484375 0.145751953125
0.5 0.5 0.1435546875
0.50018310546875 0.50006103515625 0.141357421875
0.4998779296875 0.5001220703125 0.138671875
0.50006103515625 0.49993896484375 0.13671875
0.499755859375 0.5 0.134033203125
0.49993896484375 0.50006103515625 0.1318359375
0.5001220703125 0.5001220703125 0.129638671875
0.49981689453125 0.49993896484375 0.127197265625
0.5 0.5 0.125
0.50018310546875 0.50006103515625 0.122802734375
0.4998779296875 0.4998779296875 0.120361328125
0.50006103515625 0.49993896484375 0.1181640625
0.500244140625 0.5 0.115966796875
0.49993896484375 0.50006103515625 0.11328125
0.5001220703125 0.4998779296875 0.111328125
0.499786376953125 0.499969482421875 0.108642578125
0.499969482421875 0.500030517578125 0.1064453125
0.500152587890625 0.500091552734375 0.104248046875
0.499847412109375 0.499908447265625 0.101806640625
0.500030517578125 0.499969482421875 0.099609375
0.500213623046875 0.500030517578125 0.097412109375
0.499908447265625 0.500091552734375 0.0947265625
0.500091552734375 0.499908447265625 0.0927734375
0.499786376953125 0.499969482421875 0.090087890625
0.499969482421875 0.500030517578125 0.087890625
0.500152587890625 0.500091552734375 0.085693359375
0.499847412109375 0.499908447265625 0.083251953125
0.500030517578125 0.499969482421875 0.0810546875
0.500213623046875 0.500030517578125 0.078857421875
0.4998779296875 0.5001220703125 0.076171875
0.50006103515625 0.49993896484375 0.07421875
0.499755859375 0.5 0.071533203125
0.49993896484375 0.50006103515625 0.0693359375
0.5001220703125 0.5001220703125 0.067138671875
0.49981689453125 0.49993896484375 0.064697265625
0.5 0.5 0.0625
0.50018310546875 0.50006103515625 0.060302734375
0.4998779296875 0.4998779296875 0.057861328125
0.50006103515625 0.49993896484375 0.0556640625
0.5002288818359375 0.5000152587890625 0.053466796875
0.4999237060546875 0.5000762939453125 0.05078125
0.5001068115234375 0.4998931884765625 0.048828125
0.4998016357421875 0.4999542236328125 0.046142578125
0.4999847412109375 0.5000152587890625 0.0439453125
0.5001678466796875 0.5000762939453125 0.041748046875
0.4998626708984375 0.4998931884765625 0.039306640625
0.500030517578125 0.499969482421875 0.037109375
0.500213623046875 0.500030517578125 0.034912109375
0.499908447265625 0.500091552734375 0.0322265625
0.500091552734375 0.499908447265625 0.0302734375
0.499786376953125 0.499969482421875 0.027587890625
0.49996185302734375 0.5000381469726562 0.025390625
0.5001449584960938 0.5000991821289062 0.023193359375
0.49983978271484375 0.49991607666015625 0.020751953125
0.5000152587890625 0.4999847412109375 0.0185546875
0.5001983642578125 0.5000457763671875 0.016357421875
0.4998931884765625 0.5001068115234375 0.013671875
0.5000724792480469 0.4999275207519531 0.01171875
0.49976348876953125 0.49999237060546875 0.009033203125
0.49994659423828125 0.5000534057617188 0.0068359375
0.5001258850097656 0.5001182556152344 0.004638671875
0.4998188018798828 0.4999370574951172 0.002197265625
0.5 0.5 0.0
