0.00000 -3.050467082224562e-06
1.00000 -2.759223859234716e-06
2.00000 -1.847538134383542e-06
3.00000 -6.880513036544578e-07
4.00000 3.272109106444709e-07
5.00000 8.032599332907786e-07
6.00000 3.163483719981208e-07
7.00000 -1.557224813542035e-06
8.00000 -5.281256450495597e-06
9.00000 -1.136826866082741e-05
10.00000 -2.021953239023100e-05
11.00000 -3.234800278639760e-05
12.00000 -4.822761215927951e-05
13.00000 -6.831117622985161e-05
14.00000 -9.283491815487155e-05
15.00000 -1.224782591981999e-04
16.00000 -1.573702598631696e-04
17.00000 -1.976814083508027e-04
18.00000 -2.440901778573146e-04
19.00000 -2.952747201310224e-04
20.00000 -3.515102680997639e-04
21.00000 -4.123138511584745e-04
22.00000 -4.770023031732684e-04
23.00000 -5.446923301319906e-04
24.00000 -6.143109848406603e-04
25.00000 -6.846174027321794e-04
26.00000 -7.542358435896901e-04
27.00000 -8.208319415459187e-04
28.00000 -8.846915327511695e-04
29.00000 -9.434206278813306e-04
30.00000 -9.956085841817952e-04
31.00000 -1.039981753069519e-03
32.00000 -1.075457251023870e-03
33.00000 -1.101187978960638e-03
34.00000 -1.116595999688386e-03
35.00000 -1.121392314262337e-03
36.00000 -1.115288080345778e-03
37.00000 -1.098896990043841e-03
38.00000 -1.072762036910646e-03
39.00000 -1.037673924761506e-03
40.00000 -9.946126815618683e-04
41.00000 -9.447020911910187e-04
42.00000 -8.891623073274957e-04
43.00000 -8.292634429514223e-04
44.00000 -7.662824842391558e-04
45.00000 -7.014653141261817e-04
46.00000 -6.359950182979190e-04
47.00000 -5.709670500575470e-04
48.00000 -5.073712985828038e-04
49.00000 -4.460806689614571e-04
50.00000 -3.878454606374149e-04
51.00000 -3.332926253749591e-04
52.00000 -2.829288841739164e-04
53.00000 -2.371466760262564e-04
54.00000 -1.972445278202173e-04
55.00000 -1.612509656698791e-04
56.00000 -1.304114970541725e-04
57.00000 -1.047483147440520e-04
58.00000 -8.421203478437000e-05
59.00000 -6.868908614887648e-05
60.00000 -5.800809994538358e-05
61.00000 -5.194528457341807e-05
62.00000 -5.022885319816428e-05
63.00000 -5.254262676518406e-05
64.00000 -5.852896642338790e-05
65.00000 -6.779119863725702e-05
66.00000 -7.989568734445562e-05
67.00000 -9.437368359210829e-05
68.00000 -1.107230481373622e-04
69.00000 -1.284099042841991e-04
70.00000 -1.468702352534629e-04
71.00000 -1.655114047013767e-04
72.00000 -1.846472657145506e-04
73.00000 -2.016890027275071e-04
74.00000 -2.169387650569265e-04
75.00000 -2.296996422926361e-04
76.00000 -2.392502782916014e-04
77.00000 -2.448445654047622e-04
78.00000 -2.457109411481313e-04
79.00000 -2.410513679860365e-04
80.00000 -2.300401332116370e-04
81.00000 -2.118226578017995e-04
82.00000 -1.855145509358641e-04
83.00000 -1.502011815158744e-04
84.00000 -1.049380551273044e-04
85.00000 -4.875228650236263e-05
86.00000 1.935456927980306e-05
87.00000 1.004021054831772e-04
88.00000 1.954249215473797e-04
89.00000 3.054646827525404e-04
90.00000 4.315604156366892e-04
91.00000 5.747371805149282e-04
92.00000 7.359933715981315e-04
93.00000 9.162869967397902e-04
94.00000 1.116521374956797e-03
95.00000 1.337530756725352e-03
96.00000 1.580066407745356e-03
97.00000 1.844783700520131e-03
98.00000 2.132230730230916e-03
99.00000 2.442838908259470e-03
100.00000 2.776915889368847e-03
101.00000 3.134641068888860e-03
102.00000 3.516063748406822e-03
103.00000 3.921103912485790e-03
104.00000 4.349555413932699e-03
105.00000 4.801091206526414e-03
106.00000 5.275270148825700e-03
107.00000 5.771544781389554e-03
108.00000 6.261497520525183e-03
109.00000 6.827707715534925e-03
110.00000 7.356171718465893e-03
111.00000 7.963364250119925e-03
112.00000 8.526938894187625e-03
113.00000 9.171005307993141e-03
114.00000 9.765691229440682e-03
115.00000 1.044183110952737e-02
116.00000 1.106295296199830e-02
117.00000 1.176551906281648e-02
118.00000 1.240751984486441e-02
119.00000 -1.341837653718555e-01
120.00000 -1.246335582029532e-01
121.00000 -1.139138802696974e-01
122.00000 -1.042455629087091e-01
123.00000 -9.356575477346343e-02
124.00000 -8.408163018260852e-02
125.00000 -7.376303927652646e-02
126.00000 -6.473647700539890e-02
127.00000 -5.506254344324285e-02
128.00000 -4.672848811470633e-02
129.00000 -3.793631423321060e-02
130.00000 -3.048582630565908e-02
131.00000 -2.276269973797687e-02
132.00000 -1.634232052308823e-02
133.00000 -9.827934918846093e-03
134.00000 -4.544427336221679e-03
135.00000 6.607008447593599e-04
136.00000 4.729863447247906e-03
137.00000 8.549407700560507e-03
138.00000 1.133944958517008e-02
139.00000 1.369922098141335e-02
140.00000 1.513474572707474e-02
141.00000 1.593255950410033e-02
142.00000 1.589616466919436e-02
143.00000 1.496146890943892e-02
144.00000 1.300749046717731e-02
145.00000 1.029054643576471e-02
146.00000 6.081236220982972e-03
147.00000 1.081365745527585e-03
148.00000 -6.025752085928288e-03
149.00000 -1.404539341588870e-02
150.00000 -2.508982649624875e-02
151.00000 -3.731229614568110e-02
152.00000 -5.395499650062757e-02
153.00000 -7.226652101942954e-02
154.00000 -9.715640669489944e-02
155.00000 -1.245721531504483e-01
156.00000 -1.619607144217063e-01
157.00000 -6.051397642588940e-03
158.00000 -4.934918464991056e-03
159.00000 -3.977024312754374e-03
160.00000 -2.930385845313688e-03
161.00000 -1.982960492113883e-03
162.00000 -9.073097810641251e-04
163.00000 9.070510997899461e-05
164.00000 1.238359398295197e-03
165.00000 2.307070175009196e-03
166.00000 3.531629382646839e-03
167.00000 4.661916795922316e-03
168.00000 5.940263701110116e-03
169.00000 7.101190232267740e-03
170.00000 8.389344211234828e-03
171.00000 9.534069127634659e-03
172.00000 1.077351170417451e-02
173.00000 1.184494585700691e-02
174.00000 1.296898035828065e-02
175.00000 1.390561989785510e-02
176.00000 1.484596669570237e-02
177.00000 1.558788442861214e-02
178.00000 1.628131233050567e-02
179.00000 1.677600509928823e-02
180.00000 1.717056535829897e-02
181.00000 1.737820894071618e-02
182.00000 1.743854172035419e-02
183.00000 1.733617448512881e-02
184.00000 1.704738277787410e-02
185.00000 1.663161028614901e-02
186.00000 1.600132226128803e-02
187.00000 1.528928400325125e-02
188.00000 1.434772088099656e-02
189.00000 1.337625579791801e-02
190.00000 1.217435026580649e-02
191.00000 1.099750342664074e-02
192.00000 9.603332736483505e-03
193.00000 8.288526097292026e-03
194.00000 6.782497814841193e-03
195.00000 5.405814392419217e-03
196.00000 3.875144748659520e-03
197.00000 2.516229925156363e-03
198.00000 1.049272421722522e-03
199.00000 -2.136656525141278e-04
200.00000 -1.532746912651234e-03
201.00000 -2.627443795039708e-03
202.00000 -3.723287652047547e-03
203.00000 -4.587174514832870e-03
204.00000 -5.396915135751135e-03
205.00000 -2.879867118840718e-01
206.00000 -2.692181743291460e-01
207.00000 -2.497869111303372e-01
208.00000 -2.270870363994431e-01
209.00000 -2.066476679501482e-01
210.00000 -1.846387607628999e-01
211.00000 -1.658169278514338e-01
212.00000 -1.462021343263010e-01
213.00000 -1.297763430129060e-01
214.00000 -1.128742130144435e-01
215.00000 -9.882102838294721e-02
216.00000 -8.579339671874628e-02
217.00000 -7.242700619901249e-02
218.00000 -6.012519061972921e-02
219.00000 -4.878831001086345e-02
220.00000 -4.035310824414326e-02
221.00000 -3.053593290090797e-02
222.00000 1.922982865069267e-01
223.00000 2.546675865384529e-02
224.00000 2.680504739955580e-02
225.00000 2.850562390242750e-02
226.00000 3.022694865428832e-02
227.00000 3.195670213571411e-02
228.00000 3.333750425031390e-02
229.00000 3.504773480832135e-02
230.00000 3.672663247030350e-02
231.00000 3.835922267290037e-02
232.00000 3.962194911134986e-02
233.00000 4.113395625250860e-02
234.00000 4.255914034216701e-02
235.00000 4.388429873142208e-02
236.00000 4.486416908241075e-02
237.00000 4.597931011382883e-02
238.00000 4.696328763897384e-02
239.00000 4.780748097246601e-02
240.00000 4.837733176608516e-02
241.00000 4.895289846264639e-02
242.00000 4.937247865323435e-02
243.00000 4.963319598277671e-02
244.00000 4.972642140400652e-02
245.00000 4.969873150213644e-02
246.00000 4.951200434678427e-02
247.00000 4.916880170696203e-02
248.00000 4.878409618368451e-02
249.00000 4.816960353046795e-02
250.00000 4.741210595903311e-02
251.00000 4.651834056718940e-02
252.00000 4.571027910743908e-02
253.00000 4.459080548380712e-02
254.00000 4.335802004298728e-02
255.00000 4.202125274043311e-02
256.00000 4.088351946054303e-02
257.00000 3.938441208448396e-02
258.00000 3.780944134955533e-02
259.00000 3.616908832071131e-02
260.00000 3.481683916329237e-02
261.00000 3.308547822337293e-02
262.00000 3.131836953879297e-02
263.00000 2.952597786871741e-02
264.00000 2.808078401944714e-02
265.00000 2.626865716182789e-02
266.00000 2.445941080295877e-02
267.00000 2.266249370560564e-02
268.00000 2.123991572661922e-02
269.00000 1.948759710499155e-02
270.00000 1.777158340928546e-02
271.00000 1.609935536644866e-02
272.00000 1.479770105992714e-02
273.00000 1.322097303905156e-02
274.00000 1.170525403981429e-02
275.00000 1.025521622144298e-02
276.00000 9.145081841762614e-03
277.00000 7.822355632613909e-03
278.00000 6.573875557928185e-03
279.00000 5.401059577906714e-03
280.00000 4.517698165255564e-03
281.00000 3.481979059707180e-03
282.00000 2.521528693766661e-03
283.00000 1.634800623654927e-03
284.00000 9.770601326034439e-04
285.00000 2.172131975241194e-04
286.00000 -4.762333781325664e-04
287.00000 -1.106641553963422e-03
288.00000 -1.677575959899444e-03
289.00000 -2.093949986278832e-03
290.00000 -2.566978910186589e-03
291.00000 -2.990524243356408e-03
292.00000 -3.367789050350935e-03
293.00000 -3.638199946821446e-03
294.00000 -3.939005079517758e-03
295.00000 -4.200276203173524e-03
296.00000 -4.423408262429450e-03
297.00000 -4.575006645898241e-03
298.00000 -4.731071794144285e-03
299.00000 -4.849677735314504e-03
300.00000 -4.929946940980562e-03
301.00000 -4.965635839707451e-03
302.00000 -4.973070412473867e-03
303.00000 -4.937181094972156e-03
304.00000 -4.855545974503581e-03
305.00000 -4.755562308431342e-03
306.00000 -4.585014607885524e-03
307.00000 -4.361408746332049e-03
308.00000 -4.082296384268116e-03
309.00000 -3.817562903314991e-03
310.00000 -3.433277843846008e-03
311.00000 -2.988348920461733e-03
312.00000 -2.481820590372401e-03
313.00000 -2.031964704363344e-03
314.00000 -1.413982394385936e-03
315.00000 -7.348491102251789e-04
316.00000 4.094293074182603e-06
317.00000 6.370198053950137e-04
318.00000 1.478308388637790e-03
319.00000 2.372506112084637e-03
320.00000 3.316159524980135e-03
321.00000 4.104099475391382e-03
322.00000 5.126777317912591e-03
323.00000 6.187250593413057e-03
324.00000 7.280886088053360e-03
325.00000 8.176482485353319e-03
326.00000 9.317819468205521e-03
327.00000 1.047898802441521e-02
328.00000 1.165532766576285e-02
329.00000 1.260428904298475e-02
330.00000 1.379672319897290e-02
331.00000 1.499226401373388e-02
332.00000 1.618707653335665e-02
333.00000 1.714000682826036e-02
334.00000 1.832475603581268e-02
335.00000 1.949955550008418e-02
336.00000 2.066162420017104e-02
337.00000 2.158038641255310e-02
338.00000 2.271320327764237e-02
339.00000 2.382649848453021e-02
340.00000 2.491799472451266e-02
341.00000 2.577392040955175e-02
342.00000 2.682011136684130e-02
343.00000 2.783727523263314e-02
344.00000 2.882202373581295e-02
345.00000 2.958370335922745e-02
346.00000 3.049879019812479e-02
347.00000 3.136652692075638e-02
348.00000 3.217818954960656e-02
349.00000 3.277937436590245e-02
350.00000 3.345756112432974e-02
351.00000 3.403423498834257e-02
352.00000 3.447900918932446e-02
353.00000 3.471031138680745e-02
354.00000 3.478826443810842e-02
355.00000 3.453416398242311e-02
356.00000 3.377227336144103e-02
357.00000 3.258448097085687e-02
358.00000 2.984059610463446e-02
359.00000 2.427457440842267e-02
360.00000 -3.966654119755486e-02
361.00000 -6.564269681077825e-02
362.00000 1.139554966237841e-02
363.00000 -1.741265177664952e-02
364.00000 -1.928123992194182e-02
365.00000 -1.905493863766721e-02
366.00000 -1.822803053723885e-02
367.00000 -1.724253608790334e-02
368.00000 -1.626801975504926e-02
369.00000 -1.553970345080566e-02
370.00000 -1.471215799410052e-02
371.00000 -1.397919771700115e-02
372.00000 -1.333386919266599e-02
373.00000 -1.287275906698171e-02
374.00000 -1.235359507069984e-02
375.00000 -1.188442845205256e-02
376.00000 -1.145097088323140e-02
377.00000 -1.112082239202504e-02
378.00000 -1.071843214602837e-02
379.00000 -1.031699254436338e-02
380.00000 -9.906605253749812e-03
381.00000 -9.566146746627105e-03
382.00000 -9.119482964256683e-03
383.00000 -8.644238186869407e-03
384.00000 -8.136471747694204e-03
385.00000 -7.705297500701890e-03
386.00000 -7.134645206186750e-03
387.00000 -4.665774626137890e+00
388.00000 -4.918750871309541e+00
389.00000 -5.105708050448492e+00
390.00000 -5.314598644129284e+00
391.00000 -5.489470440645666e+00
392.00000 -5.623246455253599e+00
393.00000 -5.695966186201940e+00
394.00000 -5.738395267968075e+00
395.00000 -5.721396405754833e+00
396.00000 -5.640066086320669e+00
397.00000 -5.526358613850646e+00
398.00000 -5.322052813657877e+00
399.00000 -5.049179691450347e+00
400.00000 -4.710728801922387e+00
401.00000 -4.396497219219679e+00
402.00000 -3.956221079395341e+00
403.00000 -3.473041652329379e+00
404.00000 -2.959566844279905e+00
405.00000 -2.536478196985597e+00
406.00000 -2.004838521081856e+00
407.00000 1.790279615278664e+01
408.00000 1.608586900485275e+01
409.00000 1.465864895146419e+01
410.00000 1.293144167769715e+01
411.00000 1.128974576358891e+01
412.00000 9.752735448416583e+00
413.00000 8.608155797355190e+00
414.00000 -2.327901625424356e-02
415.00000 -2.911355073920406e-02
416.00000 -3.194869954131260e-02
417.00000 -2.828835868373851e-02
418.00000 -6.900361685246804e-03
419.00000 4.504568846795425e-02
420.00000 1.220452855736021e-01
421.00000 1.830698611120687e-01
422.00000 2.427012956922192e-01
423.00000 2.827369534691865e-01
424.00000 3.080036450052083e-01
425.00000 3.206986877207297e-01
426.00000 3.299157536582516e-01
427.00000 3.337846338376634e-01
428.00000 3.337900411295563e-01
429.00000 3.317048722730647e-01
430.00000 3.271047069154026e-01
431.00000 2.627743785186019e-01
432.00000 -1.525172074150398e-03
433.00000 -1.490600724169281e-03
434.00000 -1.440362376774106e-03
435.00000 -1.379996237034945e-03
436.00000 -1.310129458860592e-03
437.00000 -1.243198895559435e-03
438.00000 -1.157540283127021e-03
439.00000 -1.064461493752080e-03
440.00000 -9.793846906147935e-04
441.00000 -8.746887643314839e-04
442.00000 -7.649498591605105e-04
443.00000 -6.510385600103589e-04
444.00000 -5.507455290418269e-04
445.00000 -4.314182568688004e-04
446.00000 -3.104276166443209e-04
447.00000 1.521301212264953e+00
448.00000 1.663533115606698e+00
449.00000 1.793142421043385e+00
450.00000 1.906467616847258e+00
451.00000 1.988291282237392e+00
452.00000 2.063784710412621e+00
453.00000 2.116297364680457e+00
454.00000 2.142472334634967e+00
455.00000 2.151142075467331e+00
456.00000 7.926090437675700e-01
457.00000 7.316954400280110e-01
458.00000 6.787594903843663e-01
459.00000 6.176298204759105e-01
460.00000 5.584259350496066e-01
461.00000 5.099570610394477e-01
462.00000 4.566635257474805e-01
463.00000 4.072665975532173e-01
464.00000 3.619657313151589e-01
465.00000 3.264212740414096e-01
466.00000 2.887044223180824e-01
467.00000 2.548580571815380e-01
468.00000 2.287501538747113e-01
469.00000 2.014405775662798e-01
470.00000 1.772515655994914e-01
471.00000 1.558951891489696e-01
472.00000 1.396307135108259e-01
473.00000 1.227986401353715e-01
474.00000 1.080340482894994e-01
475.00000 9.684646498592282e-02
476.00000 8.531666887978265e-02
477.00000 7.524045100212368e-02
478.00000 6.644167541326444e-02
479.00000 5.979682329051034e-02
480.00000 5.296613453141769e-02
481.00000 4.700838179375125e-02
482.00000 3.894447432305699e-02
483.00000 3.435261020158878e-02
484.00000 3.035134963415106e-02
485.00000 2.686376468639528e-02
486.00000 2.423200775337010e-02
487.00000 2.152637215308289e-02
488.00000 1.916404396355921e-02
489.00000 1.737779307934720e-02
490.00000 1.553688454185484e-02
491.00000 1.392452281597129e-02
492.00000 1.251031013173716e-02
493.00000 1.143577663557111e-02
494.00000 1.032238652457144e-02
495.00000 9.340964059818928e-03
496.00000 8.591548181172949e-03
497.00000 7.810947056235602e-03
498.00000 7.118781155781156e-03
499.00000 6.503694035932511e-03
500.00000 6.030380217787786e-03
501.00000 5.533560722017529e-03
502.00000 5.089394558108740e-03
503.00000 4.745758776609269e-03
504.00000 4.383241376812945e-03
505.00000 4.057539444961185e-03
506.00000 3.764541035620846e-03
507.00000 3.536732161571233e-03
508.00000 3.295450067843628e-03
509.00000 3.077997072784980e-03
510.00000 2.908798607045699e-03
511.00000 2.729645367583768e-03
512.00000 2.568431336717377e-03
513.00000 2.423575036008643e-03
514.00000 2.311370323094405e-03
515.00000 2.193312012977179e-03
516.00000 2.088022850758495e-03
517.00000 2.007168581441319e-03
518.00000 1.922980669562634e-03
519.00000 1.848907907176090e-03
520.00000 1.784167015751832e-03
521.00000 1.735549483486743e-03
522.00000 1.686244793506077e-03
523.00000 1.644311637873697e-03
524.00000 1.613770700528674e-03
525.00000 1.583923554571119e-03
526.00000 1.559770378577192e-03
527.00000 1.540770711484589e-03
528.00000 1.528191658571630e-03
529.00000 1.517393913769626e-03
530.00000 1.510306472926646e-03
531.00000 1.506824465726801e-03
532.00000 1.505379220699223e-03
533.00000 8.137866415221218e-04
534.00000 7.600876435009387e-04
535.00000 7.208710150485307e-04
536.00000 6.827916256056596e-04
537.00000 6.526559813087125e-04
538.00000 6.328735136713788e-04
539.00000 6.165059140713584e-04
540.00000 6.069706546075696e-04
541.00000 6.038262294849033e-04
542.00000 6.058640829767602e-04
543.00000 6.133301561885400e-04
544.00000 6.257883805877388e-04
545.00000 6.400368277720767e-04
546.00000 6.603376644260285e-04
547.00000 6.840581657233460e-04
548.00000 7.106157321557817e-04
549.00000 7.351864453717764e-04
550.00000 7.654257329264488e-04
551.00000 7.967768487383911e-04
552.00000 8.240673216128071e-04
553.00000 8.558482256680704e-04
554.00000 8.869808262780450e-04
555.00000 9.168552859944411e-04
556.00000 9.410049154595194e-04
557.00000 9.669588489737077e-04
558.00000 9.899757682569586e-04
559.00000 1.006947068398285e-03
560.00000 1.023060704981642e-03
561.00000 1.034725332068179e-03
562.00000 1.041468942423258e-03
563.00000 1.043001175288775e-03
564.00000 1.039480627124178e-03
565.00000 1.029904957495706e-03
566.00000 1.016642035601312e-03
567.00000 9.950396432565345e-04
568.00000 9.666382297004589e-04
569.00000 9.312853963745413e-04
570.00000 8.953793240463540e-04
571.00000 8.469229707436209e-04
572.00000 7.914256963839593e-04
573.00000 7.383242908738652e-04
574.00000 6.700609272068878e-04
575.00000 5.952183251680607e-04
576.00000 5.140933429810084e-04
577.00000 4.398337602801086e-04
578.00000 -2.991189128107200e-03
579.00000 -1.804100903644192e-03
580.00000 -1.019440212358252e-03
581.00000 -3.093014495681723e-04
582.00000 2.284435254673312e-04
583.00000 6.299485098243407e-04
584.00000 9.037232590571875e-04
585.00000 1.098382350142035e-03
586.00000 1.233718084581170e-03
587.00000 1.301010632582145e-03
588.00000 1.320542111555634e-03
589.00000 1.296143348917866e-03
590.00000 1.237705945412254e-03
591.00000 1.142443646827696e-03
592.00000 1.028966951491406e-03
593.00000 8.847872464207394e-04
594.00000 7.345867378831857e-04
595.00000 5.722672418752364e-04
596.00000 3.875904903830087e-04
597.00000 2.100783634370780e-04
598.00000 1.559651424460143e-05
599.00000 -1.654425209798860e-04
600.00000 -3.582480458012953e-04
601.00000 -5.331085110119663e-04
602.00000 -7.020699578122527e-04
603.00000 -8.755582650928108e-04
604.00000 -1.027254394199716e-03
605.00000 -1.179025926167334e-03
606.00000 -1.308057108875153e-03
607.00000 -1.433159310603806e-03
608.00000 -1.535705440111446e-03
609.00000 -1.624578602588040e-03
610.00000 -1.704560298734396e-03
611.00000 -1.763981407702647e-03
612.00000 -1.811888910162832e-03
613.00000 -1.841501709592398e-03
614.00000 -1.857598744197279e-03
615.00000 -1.858212201486997e-03
616.00000 -1.845455246791380e-03
617.00000 -1.817365578884922e-03
618.00000 -1.778611161947415e-03
619.00000 -1.724049994481480e-03
620.00000 -1.662296692430948e-03
621.00000 -1.584829147150722e-03
622.00000 -1.503656054357604e-03
623.00000 -1.414535845910737e-03
624.00000 -1.310772280591663e-03
625.00000 -1.208234464116043e-03
626.00000 -1.092319005374279e-03
627.00000 -9.806534371709225e-04
628.00000 -8.572355703739369e-04
629.00000 -7.407532757692931e-04
630.00000 -6.234622616414220e-04
631.00000 -4.973392870382919e-04
632.00000 -3.813896094527897e-04
633.00000 -2.588266207123081e-04
634.00000 -1.480726507139714e-04
635.00000 -3.304865245533015e-05
636.00000 6.899069567808946e-05
637.00000 1.656929040671253e-04
638.00000 2.630877719340119e-04
639.00000 3.465927917924057e-04
640.00000 4.283770778586125e-04
641.00000 4.961987206849212e-04
642.00000 5.599370585848695e-04
643.00000 6.100397764385243e-04
644.00000 6.510179370509024e-04
645.00000 6.845796688967933e-04
646.00000 7.056445802500373e-04
647.00000 7.171952280572678e-04
648.00000 7.173979402865828e-04
649.00000 7.061347222343459e-04
650.00000 6.849257692072182e-04
651.00000 6.533206839240031e-04
652.00000 6.076531179190318e-04
653.00000 5.544798920862730e-04
654.00000 4.856949557962009e-04
655.00000 4.112225860075230e-04
656.00000 3.197416020341709e-04
657.00000 2.244636033158984e-04
658.00000 1.193862977625360e-04
659.00000 -4.561591091779837e-06
660.00000 -1.345147707395092e-04
661.00000 -2.745694611510294e-04
662.00000 -4.188899755399669e-04
663.00000 -5.785374425881853e-04
664.00000 -7.481890412465581e-04
665.00000 -9.280079792206991e-04
666.00000 -1.118320117021038e-03
667.00000 -1.319667865006230e-03
668.00000 -1.532878505335556e-03
669.00000 -1.750519772684568e-03
670.00000 -1.990953285867618e-03
671.00000 -2.248338924568383e-03
672.00000 -2.525758469423281e-03
673.00000 -2.827330360600278e-03
674.00000 -3.158517188333643e-03
675.00000 -3.526529742468429e-03
676.00000 -3.924555344662172e-03
677.00000 -4.395256178668022e-03
678.00000 -4.940529877838013e-03
679.00000 -5.581883632463345e-03
680.00000 -6.347834090435069e-03
681.00000 -7.276403256478638e-03
682.00000 -8.418646813277357e-03
683.00000 -9.784881410537169e-03
684.00000 -1.157134740340268e-02
685.00000 -1.386062385216613e-02
686.00000 -1.683435577249603e-02
687.00000 -2.075152136084180e-02
688.00000 -2.598809610300967e-02
689.00000 6.118367271042757e-03
690.00000 6.567731991744541e-03
691.00000 7.052695904382844e-03
692.00000 7.555211998283795e-03
693.00000 8.073837503676518e-03
694.00000 8.606762928971501e-03
695.00000 9.151764286731284e-03
696.00000 9.706152182760872e-03
697.00000 1.024588850908517e-02
698.00000 1.081925671016265e-02
699.00000 1.136993372172818e-02
700.00000 1.192410442249733e-02
701.00000 1.246551848179697e-02
702.00000 1.298754562471822e-02
703.00000 1.347382652530599e-02
704.00000 1.393447035178780e-02
705.00000 1.435074168196537e-02
706.00000 1.470627373658077e-02
707.00000 1.500349319537240e-02
708.00000 1.522309389722118e-02
709.00000 1.535217227302133e-02
710.00000 1.537765929660441e-02
711.00000 1.528652458910576e-02
712.00000 1.506271597225361e-02
713.00000 1.469989794665975e-02
714.00000 1.417026489146663e-02
715.00000 1.346567414380419e-02
716.00000 1.257385910958957e-02
717.00000 1.149554030770571e-02
718.00000 1.021594962229816e-02
719.00000 8.716262825635064e-03
720.00000 7.024559451647601e-03
721.00000 5.133379197070447e-03
722.00000 3.033900384708763e-03
723.00000 7.833622909510730e-04
724.00000 -1.634190639355948e-03
725.00000 -4.140422524436040e-03
726.00000 -6.740316397971606e-03
727.00000 -9.337031616524815e-03
728.00000 -1.191151251820451e-02
729.00000 -1.439123941276488e-02
730.00000 -1.671289646798776e-02
731.00000 -1.881276804748214e-02
732.00000 -2.062577011163082e-02
733.00000 -2.210476867803167e-02
734.00000 -2.319700222871356e-02
735.00000 -2.386888164080311e-02
736.00000 -2.409718239855364e-02
737.00000 -2.378750844648552e-02
738.00000 -2.353885077668577e-02
739.00000 -2.327596057862672e-02
740.00000 -2.305042054469890e-02
741.00000 -2.287030853324049e-02
742.00000 -2.275779048873056e-02
743.00000 -2.268137356365466e-02
744.00000 -2.266964832493017e-02
745.00000 -2.271478753058406e-02
746.00000 -2.283509336442038e-02
747.00000 -2.303048441953433e-02
748.00000 -2.330186684795975e-02
749.00000 -2.359448651646108e-02
750.00000 -2.400390478880173e-02
751.00000 -2.448287324642787e-02
752.00000 -2.494458708334522e-02
753.00000 -2.553656525225726e-02
754.00000 -2.617747482927597e-02
755.00000 -2.685675871455318e-02
756.00000 -2.746032971674479e-02
757.00000 -2.817727626891644e-02
758.00000 -2.889358518539146e-02
759.00000 -2.949462244864712e-02
760.00000 -3.016515594284749e-02
761.00000 -3.078485603275972e-02
762.00000 -3.133411747146357e-02
763.00000 -3.173341415990294e-02
764.00000 -3.209732216910171e-02
765.00000 -3.233112214015954e-02
766.00000 -3.241162560475312e-02
767.00000 -3.234656143035382e-02
768.00000 -3.208982159830182e-02
769.00000 -3.162017992055394e-02
770.00000 -3.103235076490442e-02
771.00000 -3.011224961377996e-02
772.00000 -2.892054244383690e-02
773.00000 4.446622976012822e+00
774.00000 1.979558116591815e+00
775.00000 4.845144802505575e-01
776.00000 -3.992872677055297e-01
777.00000 -8.392630412646053e-01
778.00000 -1.107304591218708e+00
779.00000 -1.199020754378220e+00
780.00000 -1.184363667680397e+00
781.00000 -1.095448821285702e+00
782.00000 -9.564677710510504e-01
783.00000 -7.872837156021543e-01
784.00000 -6.287460806102306e-01
785.00000 -4.366544826353901e-01
786.00000 -2.434854412418828e-01
787.00000 -8.083555804293818e-02
788.00000 1.023845515740732e-01
789.00000 2.761920991468908e-01
790.00000 4.388608433580007e-01
791.00000 5.685492578747060e-01
792.00000 7.078424419431136e-01
793.00000 8.338178678717869e-01
794.00000 4.497823851555087e+00
795.00000 4.153799116332558e+00
796.00000 3.734163158769972e+00
797.00000 3.317215320831742e+00
798.00000 2.993178220770838e+00
799.00000 2.667418450902506e+00
800.00000 2.398359345828714e+00
801.00000 4.374011826603352e-02
802.00000 4.652231701977616e-02
803.00000 4.903371752801267e-02
804.00000 5.125423733414358e-02
805.00000 5.291369736609175e-02
806.00000 5.455424429205036e-02
807.00000 5.586828145795231e-02
808.00000 5.673076630912854e-02
809.00000 5.742762558853642e-02
810.00000 5.779270547660431e-02
811.00000 5.783045824332733e-02
812.00000 5.760774025738291e-02
813.00000 5.705884342365786e-02
814.00000 5.620991540197284e-02
815.00000 5.525382194500605e-02
816.00000 5.388541095611510e-02
817.00000 5.226048948124651e-02
818.00000 5.039692984467237e-02
819.00000 4.862392301170548e-02
820.00000 4.636777635803790e-02
821.00000 4.392874914914524e-02
822.00000 4.170818488189587e-02
823.00000 3.898434626201808e-02
824.00000 3.613712547909775e-02
825.00000 3.318764586169154e-02
826.00000 3.059413449995929e-02
827.00000 2.751067475223812e-02
828.00000 2.438493124708618e-02
829.00000 2.168768521833447e-02
830.00000 1.853778499016773e-02
831.00000 1.540345020928757e-02
832.00000 1.230404454587147e-02
833.00000 9.689439939092215e-03
834.00000 6.704084981633052e-03
835.00000 3.805193571724486e-03
836.00000 1.401666534791901e-03
837.00000 -1.294095887262675e-03
838.00000 -3.859647236889169e-03
839.00000 -6.282054964264594e-03
840.00000 -8.235712567036868e-03
841.00000 -1.036292226685602e-02
842.00000 -1.231826249665938e-02
843.00000 -1.385220529012347e-02
844.00000 -1.547140285322886e-02
845.00000 -1.690369594754038e-02
846.00000 -1.814723220585690e-02
847.00000 -1.906276308589089e-02
848.00000 -1.995677731408500e-02
849.00000 -2.066620466250954e-02
850.00000 -2.113076745507445e-02
851.00000 -2.151049589455317e-02
852.00000 -2.172223294030717e-02
853.00000 -2.177415652923198e-02
854.00000 -2.169837151197374e-02
855.00000 -2.147835542130350e-02
856.00000 -2.112660033479596e-02
857.00000 -2.072851034979761e-02
858.00000 -2.016128528659955e-02
859.00000 -1.949414906450619e-02
860.00000 -1.873841295389544e-02
861.00000 -1.802859401616019e-02
862.00000 -1.713775526440831e-02
863.00000 -1.618946687366751e-02
864.00000 -1.533865455675487e-02
865.00000 -1.431032035831459e-02
866.00000 -1.325230171221259e-02
867.00000 -1.217328652211647e-02
868.00000 -1.123787757530592e-02
869.00000 -1.014099333325791e-02
870.00000 -9.044839506258784e-03
871.00000 -8.110845896541763e-03
872.00000 -7.033066624933526e-03
873.00000 -5.973442754824587e-03
874.00000 -4.937172003136203e-03
875.00000 -4.071158808131858e-03
876.00000 -3.090629412509871e-03
877.00000 -2.146061233863683e-03
878.00000 -1.367857358220065e-03
879.00000 -4.995791595481525e-04
880.00000 3.231655060428884e-04
881.00000 1.097726932873744e-03
882.00000 1.721550909092415e-03
883.00000 2.400879956340418e-03
884.00000 3.026546285195442e-03
885.00000 3.519232956741003e-03
886.00000 4.042477735461313e-03
887.00000 4.509825539083225e-03
888.00000 4.921262864779521e-03
889.00000 5.253562361784640e-03
890.00000 5.538530890700201e-03
891.00000 5.793420312784847e-03
892.00000 5.982918314596557e-03
893.00000 6.128234610530737e-03
894.00000 6.236910243052788e-03
895.00000 6.295035609069665e-03
896.00000 6.313456440457362e-03
897.00000 6.291346486706175e-03
898.00000 6.227360951193800e-03
899.00000 6.132545294833575e-03
900.00000 6.005504273772965e-03
901.00000 5.834767463513534e-03
902.00000 5.646722218007858e-03
903.00000 5.414688599583302e-03
904.00000 5.173908940631020e-03
905.00000 4.889734134997416e-03
906.00000 4.605022539040921e-03
907.00000 4.302532097941020e-03
908.00000 3.959585167660524e-03
909.00000 3.627818217940842e-03
910.00000 3.259278811474377e-03
911.00000 2.909571352881937e-03
912.00000 2.528328458884731e-03
913.00000 2.173268414750624e-03
914.00000 1.820451927533794e-03
915.00000 1.446750562738935e-03
916.00000 1.109092761855956e-03
917.00000 7.594681667775927e-04
918.00000 4.513659091827538e-04
919.00000 1.412100289132009e-04
920.00000 -1.233628282628681e-04
921.00000 -3.623546754389865e-04
922.00000 -5.880228636728387e-04
923.00000 -7.655638164379853e-04
924.00000 -9.198751633563429e-04
925.00000 -1.027152311026078e-03
926.00000 -1.102481108578808e-03
927.00000 -1.134327240779364e-03
928.00000 -1.129246515233774e-03
929.00000 -1.082808720060783e-03
930.00000 -1.002498420042047e-03
931.00000 -8.774982291847077e-04
932.00000 -7.275784406993134e-04
933.00000 -5.323223957036808e-04
934.00000 -3.224665062807591e-04
935.00000 -8.823384888544984e-05
936.00000 1.874214760184917e-04
937.00000 4.612403938767396e-04
938.00000 7.707716013232693e-04
939.00000 1.067407645345213e-03
940.00000 1.391682681927614e-03
941.00000 1.692404967916604e-03
942.00000 1.987803345788229e-03
943.00000 2.294081106658701e-03
944.00000 2.561619391214996e-03
945.00000 2.824561279830953e-03
946.00000 3.038398478470436e-03
947.00000 3.227603975064639e-03
948.00000 3.356741630771255e-03
949.00000 3.432161237158038e-03
950.00000 3.442428526742661e-03
951.00000 3.375136217586283e-03
952.00000 3.206994516809719e-03
953.00000 2.949668879675842e-03
954.00000 2.549483538890836e-03
955.00000 2.050749139394258e-03
956.00000 1.417493118268881e-03
957.00000 -6.394774220707795e-03
958.00000 -6.089523603764946e-03
959.00000 -5.736298941673884e-03
960.00000 -5.390423595449634e-03
961.00000 -5.003954431976706e-03
962.00000 -4.636733190696830e-03
963.00000 -4.265746359744927e-03
964.00000 -3.866549014885300e-03
965.00000 -3.486153803392802e-03
966.00000 -3.114093089268617e-03
967.00000 -2.766930512302639e-03
968.00000 -2.420964106697850e-03
969.00000 -2.092492631705224e-03
970.00000 -1.783816639616985e-03
971.00000 -1.496822022567536e-03
972.00000 -1.232979816712849e-03
973.00000 -9.933518330561657e-04
974.00000 -7.861074406413267e-04
975.00000 -5.955845671910855e-04
976.00000 -4.301513242247861e-04
977.00000 -2.894043330677158e-04
978.00000 -1.726314762339892e-04
979.00000 -7.884327149577583e-05
980.00000 -6.806681641470524e-06
981.00000 4.334726689026770e-05
982.00000 7.703637080399227e-05
983.00000 9.370484698742639e-05
984.00000 9.518968737492334e-05
985.00000 8.338637716844705e-05
986.00000 6.021166952450280e-05
987.00000 2.756753002990109e-05
988.00000 -1.108723140712253e-05
989.00000 -5.700692401437724e-05
990.00000 -1.071697438147778e-04
991.00000 -1.600450771192807e-04
992.00000 -2.142587361863568e-04
993.00000 -2.686090320426771e-04
994.00000 -3.220767348158793e-04
995.00000 -3.719501450880625e-04
996.00000 -4.214297779625564e-04
997.00000 -4.680711511945157e-04
998.00000 -5.115331056662620e-04
999.00000 -5.515963397902945e-04
1000.00000 -5.881304118475761e-04
1001.00000 -6.210571166477274e-04
1002.00000 -6.492958974286811e-04
1003.00000 -6.753780243945462e-04
1004.00000 -6.967040358308862e-04
1005.00000 -7.143962748855648e-04
1006.00000 -7.277508370966412e-04
1007.00000 -7.364402946153925e-04
1008.00000 -7.400784123926529e-04
1009.00000 -7.384383069748424e-04
1010.00000 -7.310745741027080e-04
1011.00000 -7.180496278722526e-04
1012.00000 -6.987689702744326e-04
1013.00000 -6.734911724609605e-04
1014.00000 -6.424853713410394e-04
1015.00000 -6.069460264159221e-04
1016.00000 -5.662005327400910e-04
1017.00000 -5.217260041582329e-04
1018.00000 -4.754050260817322e-04
1019.00000 -4.265484785344054e-04
1020.00000 -3.771146551614368e-04
1021.00000 -3.281868983303626e-04
1022.00000 -2.812042575894846e-04
1023.00000 -2.365802891326485e-04
1024.00000 -1.946729531756564e-04
1025.00000 -1.568320001232859e-04
1026.00000 -1.230547667547821e-04
1027.00000 -9.332120320637571e-05
1028.00000 -6.826006376803306e-05
1029.00000 -4.733718961835720e-05
1030.00000 -3.075133188779056e-05
1031.00000 -1.789754340075778e-05
1032.00000 -8.641472880488443e-06
1033.00000 -2.394515713599610e-06
1034.00000 1.269567151407358e-06
1035.00000 2.853275668845967e-06
1036.00000 2.870177439218136e-06
1037.00000 1.836623778589397e-06
1038.00000 2.504520972557156e-07
1039.00000 -1.397793840993145e-06
1040.00000 -2.645543370392855e-06
1041.00000 -3.050467082224562e-06
1042.00000 -1.421180109328901e-05
1043.00000 -4.773790346335183e-05
1044.00000 -1.041806266528500e-04
1045.00000 -1.839528107434596e-04
1046.00000 -2.882981546896701e-04
1047.00000 -4.168064298264440e-04
1048.00000 -5.715068284324332e-04
1049.00000 -7.516067727788567e-04
1050.00000 -9.606344450254767e-04
1051.00000 -1.197264421030297e-03
1052.00000 -1.462828069755062e-03
1053.00000 -1.755390016892733e-03
1054.00000 -2.080487389513053e-03
1055.00000 -2.436114969523118e-03
1056.00000 -2.822406431953084e-03
1057.00000 -3.234533117975502e-03
1058.00000 -3.683326846328328e-03
1059.00000 -4.159248715339459e-03
1060.00000 -4.663243243548720e-03
1061.00000 -5.193789176267671e-03
1062.00000 -5.749051287580187e-03
1063.00000 -6.326942735917385e-03
1064.00000 -6.911801587406785e-03
1065.00000 -7.530982342707659e-03
1066.00000 -8.162877129443302e-03
1067.00000 -8.808598125533251e-03
1068.00000 -9.466417170614250e-03
1069.00000 -1.013502008344602e-02
1070.00000 -1.081357686791051e-02
1071.00000 -1.150177543466668e-02
1072.00000 -1.219981623733446e-02
1073.00000 -1.289063245990008e-02
1074.00000 -1.361022936958278e-02
1075.00000 -1.435418922656950e-02
1076.00000 -1.510173494369482e-02
1077.00000 -1.586542804731650e-02
1078.00000 -1.664692105591925e-02
1079.00000 -1.744778501156219e-02
1080.00000 -1.826945242782330e-02
1081.00000 -1.911318333295853e-02
1082.00000 -1.998005348048082e-02
1083.00000 -2.087096186589932e-02
1084.00000 -2.178665343979702e-02
1085.00000 -2.272775232071744e-02
1086.00000 -2.364170550403522e-02
1087.00000 -2.463362055664220e-02
1088.00000 -2.567118148242375e-02
1089.00000 -2.671806664878407e-02
1090.00000 -2.779299207566233e-02
1091.00000 -2.889661484034889e-02
1092.00000 -3.002967667845446e-02
1093.00000 -3.119300585836804e-02
1094.00000 -3.238751148642560e-02
1095.00000 -3.361417129364774e-02
1096.00000 -3.487401421315717e-02
1097.00000 -3.616809921199504e-02
1098.00000 -3.749749191371654e-02
1099.00000 -3.886324055375301e-02
1100.00000 -4.026635275884116e-02
1101.00000 -4.170777453835406e-02
1102.00000 -4.318837275210541e-02
1103.00000 -4.470892214716748e-02
1104.00000 -4.627009787397496e-02
1105.00000 -4.778292627162006e-02
1106.00000 -4.951652979947063e-02
1107.00000 -5.110818358868841e-02
1108.00000 -5.299735005113515e-02
1109.00000 -5.467081921683636e-02
1110.00000 -5.658690436936720e-02
1111.00000 -5.834137401631789e-02
1112.00000 -6.035016645560431e-02
1113.00000 -6.218692668147119e-02
1114.00000 -6.406272058898099e-02
1115.00000 -6.621230446703352e-02
1116.00000 -6.817432457615413e-02
1117.00000 -7.042574887868081e-02
1118.00000 -7.247928055484176e-02
1119.00000 -1.123645717298530e+00
1120.00000 -1.067719941585153e+00
1121.00000 -1.013091644923037e+00
1122.00000 -9.633137287416957e-01
1123.00000 -9.146146750854598e-01
1124.00000 -8.701911147584269e-01
1125.00000 -8.266738921145702e-01
1126.00000 -7.869445123876915e-01
1127.00000 -7.479861843914080e-01
1128.00000 -7.123991649025356e-01
1129.00000 -6.774770933974423e-01
1130.00000 -6.455671107864305e-01
1131.00000 -6.153144102957810e-01
1132.00000 -5.856072174932478e-01
1133.00000 -5.584581950242864e-01
1134.00000 -5.317916366823852e-01
1135.00000 -5.078648326806672e-01
1136.00000 -4.838977949145828e-01
1137.00000 -4.619947511926625e-01
1138.00000 -4.404702908751119e-01
1139.00000 -4.207973477353448e-01
1140.00000 -4.014569917788151e-01
1141.00000 -3.837758456355687e-01
1142.00000 -3.663840343739651e-01
1143.00000 -3.504777038085365e-01
1144.00000 -3.348201749137729e-01
1145.00000 -3.204919264927071e-01
1146.00000 -3.063750229002267e-01
1147.00000 -2.934478573457682e-01
1148.00000 -2.811499224402780e-01
1149.00000 -2.690142865756400e-01
1150.00000 -2.578890861416028e-01
1151.00000 -2.468981052805077e-01
1152.00000 -2.368150549947927e-01
1153.00000 -2.268421265669645e-01
1154.00000 -2.176871922178520e-01
1155.00000 -2.086220024435192e-01
1156.00000 -2.002958949829861e-01
1157.00000 -1.920423836375562e-01
1158.00000 -1.844584833506246e-01
1159.00000 -1.769326050257973e-01
1160.00000 -1.700147809701065e-01
1161.00000 -1.631422489721785e-01
1162.00000 -1.568227543988883e-01
1163.00000 -1.505369564638670e-01
1164.00000 -1.447545733005740e-01
1165.00000 -1.389948291657248e-01
1166.00000 -1.339061745640606e-01
1167.00000 -1.284036973267462e-01
1168.00000 -1.235311819285272e-01
1169.00000 -1.188515718650223e-01
1170.00000 -1.143536380952952e-01
1171.00000 -1.096652585196836e-01
1172.00000 -1.055090474034159e-01
1173.00000 -1.015028461692253e-01
1174.00000 -9.763739795516813e-02
1175.00000 -9.367698329906204e-02
1176.00000 -9.006996833279857e-02
1177.00000 -8.657928328504738e-02
1178.00000 -8.319819525097216e-02
1179.00000 -7.962397573758295e-02
1180.00000 -7.645073491553234e-02
1181.00000 -7.337078110203166e-02
1182.00000 -7.038018142537794e-02
1183.00000 -6.720234076046516e-02
1184.00000 -6.438677482425170e-02
1185.00000 -6.165251188522625e-02
1186.00000 -5.899802421585831e-02
1187.00000 -5.642225083697749e-02
1188.00000 -5.367964402891423e-02
1189.00000 -5.126567948704996e-02
1190.00000 -4.892965765094182e-02
1191.00000 -4.667185477575120e-02
1192.00000 -4.427306846507684e-02
1193.00000 -4.217999282235496e-02
1194.00000 -4.016718332425329e-02
1195.00000 -3.823547523209536e-02
1196.00000 -3.619446010271954e-02
1197.00000 -3.443509338936801e-02
1198.00000 -3.275970811366613e-02
1199.00000 -3.116919211388369e-02
1200.00000 -2.950431359482852e-02
1201.00000 -2.809399687829145e-02
1202.00000 -2.677094338509095e-02
1203.00000 -2.553569828680147e-02
1204.00000 -2.438865683873942e-02
1205.00000 -2.321121289851708e-02
1206.00000 -2.224919761468191e-02
1207.00000 -2.137529870681615e-02
1208.00000 -2.058894678654499e-02
1209.00000 -1.980336468068961e-02
1210.00000 -1.919682289334074e-02
1211.00000 -1.867384084948318e-02
1212.00000 -1.823232491171706e-02
1213.00000 -1.781390270629421e-02
1214.00000 -1.753384695355306e-02
1215.00000 -1.732588698403334e-02
1216.00000 -1.718606683599003e-02
1217.00000 -1.707816038413368e-02
1218.00000 -1.706558573301264e-02
1219.00000 -1.710607829941707e-02
1220.00000 -1.719399975773805e-02
1221.00000 -1.732340508079422e-02
1222.00000 -1.747326776852522e-02
1223.00000 -1.766825700897784e-02
1224.00000 -1.788503062126393e-02
1225.00000 -1.811712647767930e-02
1226.00000 -1.834444424904234e-02
1227.00000 -1.858692257377791e-02
1228.00000 -1.128842342835454e-01
1229.00000 -1.091425261789364e-01
1230.00000 -1.058092121141132e-01
1231.00000 -1.026466903306213e-01
1232.00000 -1.010032001590428e-01
1233.00000 -9.824030301519748e-02
1234.00000 -9.579861879694460e-02
1235.00000 -9.338888839540116e-02
1236.00000 -9.221932788064915e-02
1237.00000 -9.002719203687917e-02
1238.00000 -8.896388233460384e-02
1239.00000 -8.604989781634928e-02
1240.00000 -8.505907864838860e-02
1241.00000 -8.312966058958152e-02
1242.00000 -8.213846288698889e-02
1243.00000 -7.947267665687027e-02
1244.00000 -7.846357085528297e-02
1245.00000 -7.660047868897274e-02
1246.00000 -7.553602203993875e-02
1247.00000 -7.294888657457202e-02
1248.00000 -7.183277286238832e-02
1249.00000 -6.995395217239425e-02
1250.00000 -6.877858721927907e-02
1251.00000 -6.622716081189900e-02
1252.00000 -6.501751054465463e-02
1253.00000 -6.314271065639449e-02
1254.00000 -6.191210234487637e-02
1255.00000 -6.006454395072269e-02
1256.00000 -5.765581973284079e-02
1257.00000 -5.647108258500030e-02
1258.00000 -5.474381258858710e-02
1259.00000 -5.362111688224530e-02
1260.00000 -5.147064210321009e-02
1261.00000 -5.046251849591468e-02
1262.00000 -4.900322774145277e-02
1263.00000 -4.813153541368970e-02
1264.00000 -4.639184256221132e-02
1265.00000 -4.570806175575226e-02
1266.00000 -4.465074568432542e-02
1267.00000 -4.416605987106192e-02
1268.00000 -4.296639302153937e-02
1269.00000 -4.272341196863769e-02
1270.00000 -4.216603476215947e-02
1271.00000 -4.216038660654023e-02
1272.00000 -4.186147584561783e-02
1273.00000 -4.183706530411108e-02
1274.00000 -4.182091030555098e-02
1275.00000 -4.232451175539881e-02
1276.00000 -4.256362733444063e-02
1277.00000 -4.312354155663445e-02
1278.00000 -4.362447410722203e-02
1279.00000 -4.460004058588729e-02
1280.00000 -4.532159601252106e-02
1281.00000 -4.638619870053651e-02
1282.00000 -4.731760840427679e-02
1283.00000 -4.866624097415606e-02
1284.00000 -4.975736559502408e-02
1285.00000 -5.118615669393689e-02
1286.00000 -5.241185359499401e-02
1287.00000 -5.398851868892685e-02
1288.00000 -5.529591468565354e-02
1289.00000 -5.690877664026406e-02
1290.00000 -5.826929584607043e-02
1291.00000 -5.990169631676379e-02
1292.00000 -6.125401477328651e-02
1293.00000 -6.285634245698013e-02
1294.00000 -6.416962653007463e-02
1295.00000 -6.569824645238587e-02
1296.00000 -6.693344211657504e-02
1297.00000 -6.835557675126536e-02
1298.00000 -6.948177790019416e-02
1299.00000 -7.076982292237699e-02
1300.00000 -7.172785896787071e-02
1301.00000 -7.284624731500489e-02
1302.00000 -7.367065385446553e-02
1303.00000 -7.461628773789597e-02
1304.00000 -7.527208556131615e-02
1305.00000 -7.603767830743124e-02
1306.00000 -7.651944566723079e-02
1307.00000 -7.710438150315069e-02
1308.00000 -7.741296321791236e-02
1309.00000 -7.745178111770690e-02
1310.00000 -7.775921548762788e-02
1311.00000 -7.780414652142986e-02
1312.00000 -7.795419334907860e-02
1313.00000 -7.785063562770134e-02
1314.00000 -7.785999558323908e-02
1315.00000 -7.762428078746231e-02
1316.00000 -7.751171745348184e-02
1317.00000 -7.683592066361022e-02
1318.00000 -7.660721633130274e-02
1319.00000 -7.614905913229819e-02
1320.00000 -7.583941707865449e-02
1321.00000 -7.530603511993217e-02
1322.00000 -7.493396008535180e-02
1323.00000 -7.434290861545678e-02
1324.00000 -7.392530220718996e-02
1325.00000 -7.288339787689058e-02
1326.00000 -7.243014200419706e-02
1327.00000 -7.176678242853241e-02
1328.00000 -7.129832912041145e-02
1329.00000 -7.062351813067558e-02
1330.00000 -7.015107816470056e-02
1331.00000 -6.947639183828258e-02
1332.00000 -6.900940330125849e-02
1333.00000 -6.834492936872749e-02
1334.00000 -6.747700082292596e-02
1335.00000 -6.683659238008488e-02
1336.00000 -6.640779958175358e-02
1337.00000 -6.579519203568651e-02
1338.00000 -6.539170542420436e-02
1339.00000 -6.481193990569523e-02
1340.00000 -6.443588113992860e-02
1341.00000 -6.389196568134992e-02
1342.00000 -6.319813316446243e-02
1343.00000 -6.270299402450519e-02
1344.00000 -6.239085118045296e-02
1345.00000 -6.193176854571902e-02
1346.00000 -6.164071465786947e-02
1347.00000 -6.121365975923254e-02
1348.00000 -6.093679003515717e-02
1349.00000 -6.053588691111145e-02
1350.00000 -6.026482510276310e-02
1351.00000 -5.965957497329200e-02
1352.00000 -5.939803489073370e-02
1353.00000 -5.904224799454028e-02
1354.00000 -5.876885343076310e-02
1355.00000 -5.841818115899855e-02
1356.00000 -5.812611296622094e-02
1357.00000 -5.777604892318777e-02
1358.00000 -5.746140532812660e-02
1359.00000 -5.700160090054851e-02
1360.00000 -5.667617001074632e-02
1361.00000 -5.633713770563986e-02
1362.00000 -5.599882607612017e-02
1363.00000 -5.562849075356269e-02
1364.00000 -5.524776711752111e-02
1365.00000 -5.475617991588422e-02
1366.00000 -5.413924364574996e-02
1367.00000 -5.309101250131931e-02
1368.00000 -5.057594585878178e-02
1369.00000 -4.561092506322773e-02
1370.00000 -3.388181851703553e-02
1371.00000 -4.886942417790863e-03
1372.00000 5.946944827329048e-02
1373.00000 1.495956085114685e-01
1374.00000 2.039804595110297e-01
1375.00000 2.139844295490434e-01
1376.00000 2.042307824391969e-01
1377.00000 1.978266452081527e-01
1378.00000 1.922695714477527e-01
1379.00000 1.896862806945023e-01
1380.00000 1.877880407709824e-01
1381.00000 1.880820076610803e-01
1382.00000 1.885274174022413e-01
1383.00000 1.905977808492310e-01
1384.00000 1.924924217653370e-01
1385.00000 1.953781661266305e-01
1386.00000 1.982783801228436e-01
1387.00000 2.022104377405185e-01
1388.00000 2.056135847769269e-01
1389.00000 2.098945632385494e-01
1390.00000 2.135492857351551e-01
1391.00000 2.179671712154345e-01
1392.00000 2.216698725504784e-01
1393.00000 2.260413953351872e-01
1394.00000 2.295629053495531e-01
1395.00000 2.336958335868644e-01
1396.00000 2.368754604581795e-01
1397.00000 2.406523936853660e-01
1398.00000 2.433103699611934e-01
1399.00000 2.465941643829979e-01
1400.00000 2.485248556729971e-01
1401.00000 2.511303973355439e-01
1402.00000 2.505279574365886e-01
1403.00000 2.518624730080319e-01
1404.00000 2.509974651436551e-01
1405.00000 2.506466046268088e-01
1406.00000 2.476209368261379e-01
1407.00000 2.436933611972449e-01
1408.00000 2.372218218654893e-01
1409.00000 2.233009935512769e-01
1410.00000 2.164936272864111e-01
1411.00000 1.970607033391047e-01
1412.00000 1.838788768604331e-01
1413.00000 1.180483671634818e-01
1414.00000 -2.599052760039712e-01
1415.00000 6.207338535725171e-02
1416.00000 3.871608920623260e-01
1417.00000 1.573944741869013e-01
1418.00000 1.095851931389404e-01
1419.00000 1.606812092707983e-01
1420.00000 1.617072095388892e-01
1421.00000 2.302338200475553e-01
1422.00000 1.645630837521121e-01
1423.00000 1.351674165786410e-01
1424.00000 2.139773028753993e-01
1425.00000 1.678343238385018e-01
1426.00000 1.424915859268943e-01
1427.00000 1.698844200551599e-01
1428.00000 1.704931381588177e-01
1429.00000 2.054932115798919e-01
1430.00000 1.721060258176090e-01
1431.00000 1.503481177234884e-01
1432.00000 2.039568831467448e-01
1433.00000 1.737945646423388e-01
1434.00000 1.530447460627681e-01
1435.00000 1.747454735046629e-01
1436.00000 1.750048089479193e-01
1437.00000 2.030414780509238e-01
1438.00000 1.756007343344317e-01
1439.00000 1.555527324127903e-01
1440.00000 2.028011108611241e-01
1441.00000 1.758469731492652e-01
1442.00000 1.556924166247322e-01
1443.00000 1.752909373863418e-01
1444.00000 1.748449512453985e-01
1445.00000 1.999567793733987e-01
1446.00000 1.719084450763362e-01
1447.00000 1.499636025228226e-01
1448.00000 1.890251203376661e-01
1449.00000 1.558536826135892e-01
1450.00000 1.255666767784982e-01
1451.00000 6.776180405985821e-02
1452.00000 -2.858016766376714e-02
1453.00000 -2.439001691256504e-02
1454.00000 -6.210826620766774e-03
1455.00000 1.922271009785703e-03
1456.00000 5.149741523977180e-03
1457.00000 6.910328912654862e-03
1458.00000 7.626516585355070e-03
1459.00000 7.223390591658330e-03
1460.00000 6.843718444507374e-03
1461.00000 5.731571407217473e-03
1462.00000 5.004694692175349e-03
1463.00000 4.146169092480001e-03
1464.00000 2.675171973460344e-03
1465.00000 1.654358146922164e-03
1466.00000 5.678889913358631e-04
1467.00000 -1.212889080088431e-03
1468.00000 -2.211334023636269e-03
1469.00000 -3.417114204275151e-03
1470.00000 -5.294724017497643e-03
1471.00000 -6.344536964833836e-03
1472.00000 -8.255503388827634e-03
1473.00000 -9.534759948989446e-03
1474.00000 -1.082268572611156e-02
1475.00000 -1.253895893936274e-02
1476.00000 -1.382908972437136e-02
1477.00000 -1.511724381498425e-02
1478.00000 -1.703703828343350e-02
1479.00000 -1.809818743198122e-02
1480.00000 -1.999789254637463e-02
1481.00000 -2.124386546090662e-02
1482.00000 -2.247341079989340e-02
1483.00000 -2.412669096146658e-02
1484.00000 -2.531860581989775e-02
1485.00000 -2.648764020815264e-02
1486.00000 -2.825912840184941e-02
1487.00000 -2.921386867846820e-02
1488.00000 -3.093481921350616e-02
1489.00000 -3.199415873768174e-02
1490.00000 -3.302219608553258e-02
1491.00000 -3.452111675969149e-02
1492.00000 -3.548876643326793e-02
1493.00000 -3.642196725255786e-02
1494.00000 -3.793842971219163e-02
1495.00000 -3.872109984062178e-02
1496.00000 -4.017371952608073e-02
1497.00000 -4.096568146943014e-02
1498.00000 -4.172074483467725e-02
1499.00000 -4.302734194747870e-02
1500.00000 -4.371653281926058e-02
1501.00000 -4.436922612599403e-02
1502.00000 -4.560157978600898e-02
1503.00000 -4.619710719424575e-02
1504.00000 -4.737092105651186e-02
1505.00000 -4.788961739630793e-02
1506.00000 -4.837564592526178e-02
1507.00000 -4.950947107225545e-02
1508.00000 -4.994227161770937e-02
1509.00000 -5.034625592625730e-02
1510.00000 -5.134643904131053e-02
1511.00000 -5.179184297273309e-02
1512.00000 -5.275536904463252e-02
1513.00000 -5.306919836533552e-02
1514.00000 -5.336326067643427e-02
1515.00000 -5.439335348151531e-02
1516.00000 -5.466088933854962e-02
1517.00000 -5.491468002355759e-02
1518.00000 -5.579606884734289e-02
1519.00000 -5.616711403561681e-02
1520.00000 -5.704018360953000e-02
1521.00000 -5.726787575983394e-02
1522.00000 -5.763286628015862e-02
1523.00000 -5.850326301009545e-02
1524.00000 -5.873063490838604e-02
1525.00000 -5.896057557481527e-02
1526.00000 -5.997982567077997e-02
1527.00000 -6.022083120024035e-02
1528.00000 -6.046914202323705e-02
1529.00000 -6.137381759492655e-02
1530.00000 -6.176668642319783e-02
1531.00000 -6.268478146836287e-02
1532.00000 -6.297413930860785e-02
1533.00000 -6.327634100250634e-02
1534.00000 -6.433099551577470e-02
1535.00000 -6.465589330451849e-02
1536.00000 -6.499502056368556e-02
1537.00000 -6.597157433731127e-02
1538.00000 -6.642002591615892e-02
1539.00000 -6.740470180591274e-02
1540.00000 -6.779252037529204e-02
1541.00000 -6.819388442852414e-02
1542.00000 -6.925749600441122e-02
1543.00000 -6.967590203817053e-02
1544.00000 -7.010583420515104e-02
1545.00000 -7.111647037470448e-02
1546.00000 -7.159979478672085e-02
1547.00000 -7.260040958306035e-02
1548.00000 -7.305250912622796e-02
1549.00000 -7.351024001957285e-02
1550.00000 -7.452005536538309e-02
1551.00000 -7.497604432057869e-02
1552.00000 -7.543323899153620e-02
1553.00000 -7.638840755646470e-02
1554.00000 -7.685012903959887e-02
1555.00000 -7.776931591354241e-02
1556.00000 -7.819899317473755e-02
1557.00000 -7.862098223654357e-02
1558.00000 -7.949375543284987e-02
1559.00000 -7.988767608117087e-02
1560.00000 -8.026851942190660e-02
1561.00000 -8.104785255909519e-02
1562.00000 -8.141064370579443e-02
1563.00000 -8.212375319544662e-02
1564.00000 -8.241761962949568e-02
1565.00000 -8.268912573748821e-02
1566.00000 -8.332943409209292e-02
1567.00000 -8.354527795381728e-02
1568.00000 -8.373381608316777e-02
1569.00000 -8.420710822133515e-02
1570.00000 -8.438938989752387e-02
1571.00000 -8.476704853910633e-02
1572.00000 -8.481311677439862e-02
1573.00000 -8.482430310505151e-02
1574.00000 -8.513837936686741e-02
1575.00000 -8.507079253229222e-02
1576.00000 -8.496477328640140e-02
1577.00000 -8.514034046345387e-02
1578.00000 -8.494911697334828e-02
1579.00000 -8.471657181712544e-02
1580.00000 -8.459326186766702e-02
1581.00000 -8.442244538446175e-02
1582.00000 -8.417520561374658e-02
1583.00000 -8.374964186759826e-02
1584.00000 -8.327947352040610e-02
1585.00000 -8.303702952781578e-02
1586.00000 -8.247111497405513e-02
1587.00000 -8.185981772805917e-02
1588.00000 -8.122196932458792e-02
1589.00000 -8.075008950822848e-02
1590.00000 -7.998259817918552e-02
1591.00000 -7.916853643803279e-02
1592.00000 -7.830977795526906e-02
1593.00000 -7.763023204677211e-02
1594.00000 -7.667729832382975e-02
1595.00000 -7.568126250680507e-02
1596.00000 -7.452924170968345e-02
1597.00000 -7.376150615107235e-02
1598.00000 -7.248987014168051e-02
1599.00000 -7.130835218003995e-02
1600.00000 -7.008863732403370e-02
1601.00000 -6.900397256470114e-02
1602.00000 -6.770446274629194e-02
1603.00000 -6.637074891716566e-02
1604.00000 -6.477030695128860e-02
1605.00000 -6.375143429301033e-02
1606.00000 -6.205690764880956e-02
1607.00000 -6.058183275314377e-02
1608.00000 -5.908155932644377e-02
1609.00000 -5.767368002750572e-02
1610.00000 -5.611992151028744e-02
1611.00000 -5.454723302852926e-02
1612.00000 -5.262506891597241e-02
1613.00000 -5.143651299596286e-02
1614.00000 -4.945886953333911e-02
1615.00000 -4.781311217203665e-02
1616.00000 -4.616132272877849e-02
1617.00000 -4.455289259050232e-02
1618.00000 -4.288418576538788e-02
1619.00000 -4.121792255830314e-02
1620.00000 -3.915072373010275e-02
1621.00000 -3.790506575180075e-02
1622.00000 -3.583059252827070e-02
1623.00000 -3.418053860082182e-02
1624.00000 -3.254975922894232e-02
1625.00000 -3.089029755338402e-02
1626.00000 -2.928765959072166e-02
1627.00000 -2.771511928668247e-02
1628.00000 -2.607635245638562e-02
1629.00000 -2.455003578472770e-02
1630.00000 -2.306559554321552e-02
1631.00000 -2.114718208355271e-02
1632.00000 -2.004838249392549e-02
1633.00000 -1.819491176753729e-02
1634.00000 -1.687658616597787e-02
1635.00000 -1.562343514402187e-02
1636.00000 -1.414101401901746e-02
1637.00000 -1.298673685997187e-02
1638.00000 -1.191292420894285e-02
1639.00000 -1.036887127710884e-02
1640.00000 -9.560065866530465e-03
1641.00000 -8.124406138335871e-03
1642.00000 -7.342371778293000e-03
1643.00000 -6.673289966578011e-03
1644.00000 -5.433073852532999e-03
1645.00000 -4.916614740615444e-03
1646.00000 -4.537659996650234e-03
1647.00000 -3.534688836833055e-03
1648.00000 -3.162862525545762e-03
1649.00000 -2.266266944578987e-03
1650.00000 -2.326857705584828e-03
1651.00000 -2.595747843249896e-03
1652.00000 -1.413523354978352e-03
1653.00000 -1.894485951730474e-03
1654.00000 -2.669371296899925e-03
1655.00000 -2.105299291306650e-03
1656.00000 -2.280211009933808e-03
1657.00000 -1.510883256583995e-03
1658.00000 -3.123523791446203e-03
1659.00000 -5.723852049690947e-03
1660.00000 -1.714214727097207e-03
1661.00000 -4.996363238880086e-03
1662.00000 -1.878486729550755e-02
1663.00000 -4.531922863387194e-02
1664.00000 -4.501399497787784e-02
1665.00000 -4.523908194453696e-02
1666.00000 2.539920523702501e+00
1667.00000 1.925849223589205e+00
1668.00000 1.495457417931649e+00
1669.00000 1.162341574101390e+00
1670.00000 9.132549926961504e-01
1671.00000 6.876793010382780e-01
1672.00000 5.824579904126890e-01
1673.00000 4.457208204350431e-01
1674.00000 3.611382404278425e-01
1675.00000 2.939836557378284e-01
1676.00000 2.405060201655091e-01
1677.00000 1.968355276916771e-01
1678.00000 1.612908801074751e-01
1679.00000 1.255877020846010e-01
1680.00000 1.078952557050927e-01
1681.00000 8.786933604648439e-02
1682.00000 6.720123170445680e-02
1683.00000 5.681956575736891e-02
1684.00000 4.208024084471695e-02
1685.00000 3.241847365149386e-02
1686.00000 2.417367452048502e-02
1687.00000 1.691563026814702e-02
1688.00000 1.087316430291274e-02
1689.00000 5.664489083165414e-03
1690.00000 5.746773456394294e-05
1691.00000 -2.815565759538785e-03
1692.00000 -6.964179215604993e-03
1693.00000 -9.731402459600247e-03
1694.00000 -1.211955398672337e-02
1695.00000 -1.414053387390890e-02
1696.00000 -1.586576436308285e-02
1697.00000 -1.732445339906086e-02
1698.00000 -1.871606278175619e-02
1699.00000 -1.938963213293299e-02
1700.00000 -2.017564341217337e-02
1701.00000 -2.067775551837325e-02
1702.00000 -2.100097695993064e-02
1703.00000 -2.089005542413069e-02
1704.00000 -2.084899393566086e-02
1705.00000 -2.064598626250014e-02
1706.00000 -1.990605349774466e-02
1707.00000 -1.939359756702030e-02
1708.00000 -1.818558025860373e-02
1709.00000 -1.726266659976483e-02
1710.00000 -1.617777370802642e-02
1711.00000 -1.445040489752047e-02
1712.00000 -1.300935874109754e-02
1713.00000 -1.139561336341899e-02
1714.00000 -8.713230134105965e-03
1715.00000 -7.060564654955304e-03
1716.00000 -3.851353848605354e-03
1717.00000 -1.408659626203956e-03
1718.00000 1.237805875490938e-03
1719.00000 4.752908896614061e-03
1720.00000 7.845339539395257e-03
1721.00000 1.116493836584820e-02
1722.00000 1.617861571899493e-02
1723.00000 1.923915658963948e-02
1724.00000 2.491511993897932e-02
1725.00000 2.931907332620437e-02
1726.00000 3.399988549978158e-02
1727.00000 3.972871806594330e-02
1728.00000 4.499872485812012e-02
1729.00000 5.057895508991778e-02
1730.00000 5.858300477926889e-02
1731.00000 6.348222713840584e-02
1732.00000 7.233403116146314e-02
1733.00000 7.935938284550109e-02
1734.00000 9.322348462086550e+02
1735.00000 8.892888596617545e+02
1736.00000 8.575968124926159e+02
1737.00000 8.257157550020436e+02
1738.00000 7.929620573111220e+02
1739.00000 7.628173118665090e+02
1740.00000 7.326504871372910e+02
1741.00000 6.952980329854292e+02
1742.00000 6.734722176506742e+02
1743.00000 6.373608590330322e+02
1744.00000 6.100398278283220e+02
1745.00000 5.829247531381563e+02
1746.00000 5.558916899209432e+02
1747.00000 5.302419031751261e+02
1748.00000 5.048976759020717e+02
1749.00000 1.463972260189224e+00
1750.00000 1.600461962050827e+00
1751.00000 1.807357823285630e+00
1752.00000 2.112825641336735e+00
1753.00000 2.476143061341073e+00
1754.00000 2.658034911359078e+00
1755.00000 3.137113271803518e+00
1756.00000 3.709647906963579e+00
1757.00000 4.295019746311739e+00
1758.00000 4.782514974983298e+00
1759.00000 5.568930257565564e+00
1760.00000 6.637492169200676e+00
1761.00000 7.897595245828320e+00
1762.00000 8.648022229726388e+00
1763.00000 1.025365279914093e+01
1764.00000 1.208389047808905e+01
1765.00000 1.390206878301752e+01
1766.00000 1.525950228362136e+01
1767.00000 1.718916535337065e+01
1768.00000 1.942205038299101e+01
1769.00000 2.156559049664194e+01
1770.00000 2.209515873252299e+01
1771.00000 2.363618293023202e+01
1772.00000 2.471747323184246e+01
1773.00000 1.337738889268501e-01
1774.00000 1.312160476280100e-01
1775.00000 1.557363053537509e-01
1776.00000 1.658852450411680e-01
1777.00000 1.770278371911572e-01
1778.00000 2.375316761214134e-01
1779.00000 2.489983455396257e-01
1780.00000 2.564845583583907e-01
1781.00000 3.096915573332599e-01
1782.00000 3.270796736918306e-01
1783.00000 3.822227533442102e-01
1784.00000 3.667966980416070e-01
1785.00000 3.237409527282953e-01
1786.00000 4.652539433679291e-01
1787.00000 2.627743785186019e-01
1788.00000 -2.599052760039712e-01
1789.00000 2.025323328729556e-01
1790.00000 1.901995708657065e-01
1791.00000 1.911647737272281e-01
1792.00000 1.874191141743669e-01
1793.00000 1.801508703714773e-01
1794.00000 1.712836110682501e-01
1795.00000 1.651241188334835e-01
1796.00000 1.565751829074382e-01
1797.00000 1.494875136661884e-01
1798.00000 1.391885343670838e-01
1799.00000 1.320274773162433e-01
1800.00000 1.229825213498774e-01
1801.00000 1.169692369660693e-01
1802.00000 1.072166476026922e-01
1803.00000 1.016479824283281e-01
1804.00000 9.420119498467638e-02
1805.00000 8.858949529506788e-02
1806.00000 8.175366645124349e-02
1807.00000 7.698798749025215e-02
1808.00000 7.163938261804148e-02
1809.00000 6.800773282800776e-02
1810.00000 6.297470460925325e-02
1811.00000 6.010530443312234e-02
1812.00000 5.664041918481644e-02
1813.00000 5.423068971893485e-02
1814.00000 5.133833699954948e-02
1815.00000 4.964260086694594e-02
1816.00000 4.825662916766760e-02
1817.00000 4.654619810128224e-02
1818.00000 4.582110739056588e-02
1819.00000 4.500342226305065e-02
1820.00000 4.533528827315081e-02
1821.00000 4.470518083743968e-02
1822.00000 4.586253621994274e-02
1823.00000 4.657189547367580e-02
1824.00000 4.803918637716720e-02
1825.00000 4.974124639181809e-02
1826.00000 5.213370845257259e-02
1827.00000 5.446235292564694e-02
1828.00000 5.804876012720683e-02
1829.00000 5.815666608518200e-02
1830.00000 5.625077437570525e-02
1831.00000 4.916125965578111e-02
1832.00000 4.085030055433769e-02
1833.00000 3.288631672716669e-02
1834.00000 2.852810446600973e-02
1835.00000 2.616429306162704e-02
1836.00000 2.550119419125885e-02
1837.00000 2.544113683300830e-02
1838.00000 2.598688195004772e-02
1839.00000 2.643978145122805e-02
1840.00000 2.671518052249522e-02
1841.00000 2.598822480812368e-02
1842.00000 2.539566865351006e-02
1843.00000 2.448658086732952e-02
1844.00000 2.186744001127372e-02
1845.00000 2.064689974275458e-02
1846.00000 2.172910995017524e-02
1847.00000 9.025987124273577e-03
1848.00000 2.914735524580764e-03
1849.00000 1.449528088401569e-03
1850.00000 6.441309905564074e-04
1851.00000 -1.384153629596235e-04
1852.00000 -2.667441994858022e-05
1853.00000 -6.599099574492451e-04
1854.00000 -1.155022324114699e-03
1855.00000 -1.350401463823217e-03
1856.00000 -1.356791133935546e-03
1857.00000 -1.496891657726117e-03
1858.00000 -1.741840509388436e-03
1859.00000 -2.009028327666341e-03
1860.00000 -1.597122517190158e-03
1861.00000 -1.739904413981110e-03
1862.00000 -1.680962772456196e-03
1863.00000 -1.546792365797002e-03
1864.00000 -1.072184120691443e-03
1865.00000 -8.541335444440801e-04
1866.00000 -4.920510801723413e-04
1867.00000 -1.955227705419810e-04
1868.00000 5.491745326875741e-04
1869.00000 9.724595607959047e-04
1870.00000 1.468808378331972e-03
1871.00000 2.324710174363871e-03
1872.00000 2.935181742772776e-03
1873.00000 3.803569569318689e-03
1874.00000 4.405937063006474e-03
1875.00000 5.530722332694103e-03
1876.00000 6.170024826140950e-03
1877.00000 7.251766829591756e-03
1878.00000 8.173863691557065e-03
1879.00000 9.193580475446755e-03
1880.00000 1.017932616886786e-02
1881.00000 1.143887364478731e-02
1882.00000 1.215532781666661e-02
1883.00000 1.354016491409675e-02
1884.00000 1.423790818329167e-02
1885.00000 1.559892783292619e-02
1886.00000 1.674000338644888e-02
1887.00000 1.770070392768368e-02
1888.00000 1.885612115783897e-02
1889.00000 2.028697477572486e-02
1890.00000 2.090614697049824e-02
1891.00000 2.234524108452454e-02
1892.00000 2.289459476670062e-02
1893.00000 2.431367311061745e-02
1894.00000 2.546246827031831e-02
1895.00000 2.614958676208595e-02
1896.00000 2.724964644402966e-02
1897.00000 2.846522983010019e-02
1898.00000 2.883999334808715e-02
1899.00000 2.997282152677774e-02
1900.00000 3.106689391636331e-02
1901.00000 3.124382432551401e-02
1902.00000 3.217772105529060e-02
1903.00000 3.214850587469398e-02
1904.00000 3.296412335412757e-02
1905.00000 3.370411208037183e-02
1906.00000 3.329222421449884e-02
1907.00000 3.383516003812304e-02
1908.00000 3.428284378263058e-02
1909.00000 3.347677807250649e-02
1910.00000 3.354643788071776e-02
1911.00000 3.241283821449081e-02
1912.00000 3.237333203209181e-02
1913.00000 3.222056369088827e-02
1914.00000 3.061390062236591e-02
1915.00000 3.021088475031178e-02
1916.00000 2.970125600823968e-02
1917.00000 2.758617188323546e-02
1918.00000 2.691885165703350e-02
1919.00000 2.450691337326438e-02
1920.00000 2.359106721977400e-02
1921.00000 2.262351441523561e-02
1922.00000 2.001216227202154e-02
1923.00000 1.897835181216509e-02
1924.00000 1.795962455847230e-02
1925.00000 1.529131501581435e-02
1926.00000 1.437388264477378e-02
1927.00000 1.356855243667561e-02
1928.00000 1.098992915714120e-02
1929.00000 1.069041582593179e-02
1930.00000 8.507279450507129e-03
1931.00000 8.575703291389417e-03
1932.00000 8.998243400046013e-03
1933.00000 8.048496110754580e-03
1934.00000 9.373035410740214e-03
1935.00000 1.124374361245587e-02
1936.00000 1.189694260056543e-02
1937.00000 1.481722851710294e-02
1938.00000 1.707201623433260e-02
1939.00000 2.197521414710753e-02
1940.00000 -1.047400652184904e-03
1941.00000 -1.345917193981125e-03
1942.00000 -1.171795717925587e-03
1943.00000 -9.206713165487539e-04
1944.00000 -1.136708410163813e-03
1945.00000 -5.910111082073899e-04
1946.00000 -6.144932136524506e-04
1947.00000 1.168245948973690e-05
1948.00000 7.463240854169717e-04
1949.00000 1.155886558504848e-03
1950.00000 2.119880409559571e-03
1951.00000 3.205762835823245e-03
1952.00000 3.976015935828109e-03
1953.00000 5.313539893910257e-03
1954.00000 6.781365144998816e-03
1955.00000 7.918301663494068e-03
1956.00000 9.664824505576250e-03
1957.00000 1.100631544843014e-02
1958.00000 1.300586800585155e-02
1959.00000 1.513575340160661e-02
1960.00000 1.691708569307817e-02
1961.00000 1.928937221186799e-02
1962.00000 2.178219133703350e-02
1963.00000 2.394982624844633e-02
1964.00000 2.657078286635535e-02
1965.00000 2.890839020459098e-02
1966.00000 3.179073999369763e-02
1967.00000 3.475740637074588e-02
1968.00000 3.712761644417704e-02
1969.00000 4.019320128277706e-02
1970.00000 4.331051960051058e-02
1971.00000 4.570643484870705e-02
1972.00000 4.866988949932226e-02
1973.00000 5.100713799599768e-02
1974.00000 5.406715551493808e-02
1975.00000 5.710387677484272e-02
1976.00000 5.885570907888862e-02
1977.00000 6.169754568158020e-02
1978.00000 6.446590214444611e-02
1979.00000 6.552754086623139e-02
1980.00000 6.796569459210645e-02
1981.00000 7.021205343692710e-02
1982.00000 7.038997749767326e-02
1983.00000 7.211197191846146e-02
1984.00000 7.130796147109505e-02
1985.00000 7.253793860475392e-02
1986.00000 7.355284771702807e-02
1987.00000 7.103239414341819e-02
1988.00000 7.119591557087362e-02
1989.00000 -2.529351731735007e-01
1990.00000 -1.901068059442593e-01
1991.00000 -1.632699460887704e-01
1992.00000 -1.194206158089720e-01
1993.00000 -1.002013852429602e-01
1994.00000 -8.454320112921174e-02
1995.00000 -6.136255125749884e-02
1996.00000 -5.240552216570778e-02
1997.00000 -4.556258098488831e-02
1998.00000 -3.346321392045873e-02
1999.00000 -3.115341768942772e-02
2000.00000 -2.497719540151974e-02
2001.00000 -2.471332758261781e-02
2002.00000 -2.467931705405435e-02
2003.00000 -2.363691707947415e-02
2004.00000 -2.409718239855364e-02
