-8.00000 1.754628297438257e+01
-7.97595 1.706265536342761e+01
-7.95190 1.655623472124865e+01
-7.92786 1.602640295139874e+01
-7.90381 1.547252735133848e+01
-7.87976 1.489396860305934e+01
-7.85571 1.429008919073016e+01
-7.83166 1.366026130792090e+01
-7.80762 1.300387294311142e+01
-7.78357 1.232033008499162e+01
-7.75952 1.160905174685043e+01
-7.73547 1.086945302997154e+01
-7.71142 1.010091052244578e+01
-7.68737 9.302704994611359e+00
-7.66333 8.473939065832207e+00
-7.63928 7.613431418897995e+00
-7.61523 6.719591606110694e+00
-7.59118 5.790272738089516e+00
-7.56713 4.822555658466420e+00
-7.54309 3.812225830439421e+00
-7.51904 2.752006096748805e+00
-7.49499 1.628064110381319e+00
-7.47094 4.239577067999316e-01
-7.44689 -9.061298743821475e-01
-7.42285 -2.349636827185197e+00
-7.39880 -3.805950726040939e+00
-7.37475 -5.328816778748405e+00
-7.35070 -6.897430692613963e+00
-7.32665 -8.499620325287118e+00
-7.30261 -1.013583379706852e+01
-7.27856 -1.181320558378376e+01
-7.25451 -1.353794818274264e+01
-7.23046 -1.531184139290130e+01
-7.20641 -1.713258936078855e+01
-7.18236 -1.899546659741280e+01
-7.15832 -2.089026648323958e+01
-7.13427 -2.282813665909052e+01
-7.11022 -2.480961893956499e+01
-7.08617 -2.684198592969595e+01
-7.06212 -2.892973834542413e+01
-7.03808 -3.107569498625776e+01
-7.01403 -3.328281407685768e+01
-6.98998 -3.555528008051031e+01
-6.96593 -3.789998420970421e+01
-6.94188 -4.032816082491452e+01
-6.91784 -4.285264876680017e+01
-6.89379 -4.547910946910248e+01
-6.86974 -4.820171043787261e+01
-6.84569 -5.100807668811232e+01
-6.82164 -5.388618311534682e+01
-6.79760 -5.683082298961018e+01
-6.77355 -5.984528116398587e+01
-6.74950 -6.293707561298741e+01
-6.72545 -6.611334733912396e+01
-6.70140 -6.938969640452270e+01
-6.67735 -7.277859979104720e+01
-6.65331 -7.629622405307359e+01
-6.62926 -7.995939417046385e+01
-6.60521 -8.378478898196548e+01
-6.58116 -8.778685774114892e+01
-6.55711 -9.197536433606858e+01
-6.53307 -9.635709577073727e+01
-6.50902 -1.009431797507791e+02
-6.48497 -1.057520693959668e+02
-6.46092 -1.108006619632812e+02
-6.43687 -1.161006334509978e+02
-6.41283 -1.216693280966873e+02
-6.38878 -1.275271050172834e+02
-6.36473 -1.336806672502433e+02
-6.34068 -1.401294318003830e+02
-6.31663 -1.468836954053854e+02
-6.29259 -1.539614265711951e+02
-6.26854 -1.613769680891156e+02
-6.24449 -1.691418416613400e+02
-6.22044 -1.772716586830595e+02
-6.19639 -1.857887113562993e+02
-6.17234 -1.947197434268701e+02
-6.14830 -2.040936514497831e+02
-6.12425 -2.139417964847652e+02
-6.10020 -2.242997023942532e+02
-6.07615 -2.352077924815670e+02
-6.05210 -2.467104786516219e+02
-6.02806 -2.588549233685376e+02
-6.00401 -2.716915778514257e+02
-5.97996 -2.852782189424816e+02
-5.95591 -2.996882217017819e+02
-5.93186 -3.150222749514733e+02
-5.90782 -3.314205689145402e+02
-5.88377 -3.490710271554650e+02
-5.85972 -3.682121630290155e+02
-5.83567 -3.891386771444789e+02
-5.81162 -4.122217792807427e+02
-5.78758 -4.382658234784751e+02
-5.76353 -4.670908616691538e+02
-5.73948 -4.995279351642809e+02
-5.71543 -5.360967561480128e+02
-5.69138 -5.772851038721268e+02
-5.66733 -6.234949272085911e+02
-5.64329 -6.749604916082865e+02
-5.61924 -7.315270460885190e+02
-5.59519 -7.924693872314590e+02
-5.57114 -8.564497301381434e+02
-5.54709 -9.216594333319174e+02
-5.52305 -9.861206451846767e+02
-5.49900 -1.048026338114456e+03
-5.47495 -1.105964070878905e+03
-5.45090 -1.158875333053907e+03
-5.42685 -1.205339427164399e+03
-5.40281 -1.241076088431705e+03
-5.37876 -1.256101143489893e+03
-5.35471 -1.241896612855064e+03
-5.33066 -1.208198341710960e+03
-5.30661 -1.177301313630827e+03
-5.28257 -1.158277968108296e+03
-5.25852 -1.145884658757146e+03
-5.23447 -1.135981955298149e+03
-5.21042 -1.129034504494807e+03
-5.18637 -1.126558983514999e+03
-5.16232 -1.129529052968857e+03
-5.13828 -1.138284707399271e+03
-5.11423 -1.152993767755003e+03
-5.09018 -1.175125770436552e+03
-5.06613 -1.206134412034185e+03
-5.04208 -1.244736006381012e+03
-5.01804 -1.288486087165097e+03
-4.99399 -1.335496419079373e+03
-4.96994 -1.384326192937511e+03
-4.94589 -1.433636916022624e+03
-4.92184 -1.481834952331018e+03
-4.89780 -1.526796548972073e+03
-4.87375 -1.567073678818586e+03
-4.84970 -1.616154517046581e+03
-4.82565 -1.643806643563109e+03
-4.80160 -1.664533504347190e+03
-4.77756 -1.686557027929855e+03
-4.75351 -1.715577390836461e+03
-4.72946 -1.748510129162844e+03
-4.70541 -1.781153427481604e+03
-4.68136 -1.811541540938070e+03
-4.65731 -1.838993456635663e+03
-4.63327 -1.863526759497065e+03
-4.60922 -1.885787919397620e+03
-4.58517 -1.892663113533987e+03
-4.56112 -1.915093664908925e+03
-4.53707 -1.940389457921882e+03
-4.51303 -1.969785955857080e+03
-4.48898 -2.005222296042534e+03
-4.46493 -2.043679465267663e+03
-4.44088 -2.074799172269906e+03
-4.41683 -2.099535086703194e+03
-4.39279 -2.117926388331124e+03
-4.36874 -2.129492630474170e+03
-4.34469 -2.132329317422886e+03
-4.32064 -2.124409210386132e+03
-4.29659 -2.105780528925690e+03
-4.27255 -2.075427467413431e+03
-4.24850 -2.034364050084725e+03
-4.22445 -1.983518356234288e+03
-4.20040 -1.921411357408157e+03
-4.17635 -1.850993298344557e+03
-4.15230 -1.777722350630741e+03
-4.12826 -1.706113718052227e+03
-4.10421 -1.637231817480138e+03
-4.08016 -1.556606555735823e+03
-4.05611 -1.499370493246303e+03
-4.03206 -1.476930013782828e+03
-4.00802 -1.472933051587980e+03
-3.98397 -1.479719971068617e+03
-3.95992 -1.489191906076016e+03
-3.93587 -1.493303522281169e+03
-3.91182 -1.492811031702679e+03
-3.88778 -1.489730114734731e+03
-3.86373 -1.484668553480900e+03
-3.83968 -1.477937249567674e+03
-3.81563 -1.469944403290456e+03
-3.79158 -1.460932143959375e+03
-3.76754 -1.450977371557992e+03
-3.74349 -1.440097563278705e+03
-3.71944 -1.428286947877351e+03
-3.69539 -1.415503699814477e+03
-3.67134 -1.401653407749325e+03
-3.64729 -1.386575242740526e+03
-3.62325 -1.370057522841524e+03
-3.59920 -1.351912963442012e+03
-3.57515 -1.332065939409517e+03
-3.55110 -1.310566702808984e+03
-3.52705 -1.287507126188930e+03
-3.50301 -1.262779225305004e+03
-3.47896 -1.234719865020241e+03
-3.45491 -1.192007914787678e+03
-3.43086 -1.136076816379434e+03
-3.40681 -1.064766275382755e+03
-3.38277 -9.653373001479896e+02
-3.35872 -8.418997546580863e+02
-3.33467 -7.022208706937212e+02
-3.31062 -5.918494393200145e+02
-3.28657 -5.252196711115188e+02
-3.26253 -4.787354094238962e+02
-3.23848 -4.462214449980922e+02
-3.21443 -4.253469481134729e+02
-3.19038 -4.148428999501281e+02
-3.16633 -4.986014489014471e+02
-3.14228 -5.223891674562375e+02
-3.11824 -5.274846664246904e+02
-3.09419 -5.323004255731408e+02
-3.07014 -5.373706858031366e+02
-3.04609 -5.426591945513729e+02
-3.02204 -5.482760685766189e+02
-2.99800 -5.541386175627034e+02
-2.97395 -5.598861414424854e+02
-2.94990 -5.648807708996353e+02
-2.92585 -5.683033108402356e+02
-2.90180 -5.700640160833811e+02
-2.87776 -5.713886495432769e+02
-2.85371 -5.731519351147776e+02
-2.82966 -5.759742756357633e+02
-2.80561 -5.809538754310933e+02
-2.78156 -5.889280797173521e+02
-2.75752 -5.998253427948633e+02
-2.73347 -6.126137450655477e+02
-2.70942 -6.259304668279782e+02
-2.68537 -6.390719530856886e+02
-2.66132 -6.527853755830483e+02
-2.63727 -6.692682828667652e+02
-2.61323 -6.895871189113793e+02
-2.58918 -7.124445754802446e+02
-2.56513 -7.375237380291723e+02
-2.54108 -7.646123578210347e+02
-2.51703 -7.919783084065622e+02
-2.49299 -8.172476194547872e+02
-2.46894 -8.384302421392154e+02
-2.44489 -8.544787126054632e+02
-2.42084 -8.649996449740021e+02
-2.39679 -8.683212923547819e+02
-2.37275 -8.605939752900543e+02
-2.34870 -8.436734646098639e+02
-2.32465 -8.270141910444553e+02
-2.30060 -8.121402688007180e+02
-2.27655 -7.907201841961403e+02
-2.25251 -7.547609641209757e+02
-2.22846 -7.073728756040907e+02
-2.20441 -6.604203754625021e+02
-2.18036 -6.189623654924634e+02
-2.15631 -5.813536254211479e+02
-2.13226 -5.463455097410391e+02
-2.10822 -5.141514327694616e+02
-2.08417 -4.851931150643020e+02
-2.06012 -4.594363289108083e+02
-2.03607 -4.365695436183489e+02
-2.01202 -4.163614101955318e+02
-1.98798 -3.988060464621270e+02
-1.96393 -3.841060079210224e+02
-1.93988 -3.725941114772479e+02
-1.91583 -3.643432504669209e+02
-1.89178 -3.591971584748353e+02
-1.86774 -3.581312676415627e+02
-1.84369 -3.603702179974688e+02
-1.81964 -3.663621522116261e+02
-1.79559 -3.765205680690396e+02
-1.77154 -3.880327543711585e+02
-1.74749 -3.976680677519140e+02
-1.72345 -4.057477295633327e+02
-1.69940 -4.134348908676979e+02
-1.67535 -4.207271367810778e+02
-1.65130 -4.277271549219190e+02
-1.62725 -4.353066091698944e+02
-1.60321 -4.434787536649746e+02
-1.57916 -4.501661603727916e+02
-1.55511 -4.549337526372826e+02
-1.53106 -4.615299842606803e+02
-1.50701 -4.585637317087825e+02
-1.48297 -3.270070888138583e+02
-1.45892 -2.724587606044116e+02
-1.43487 -2.284976346155944e+02
-1.41082 -1.888053267255772e+02
-1.38677 -1.523227921275836e+02
-1.36273 -1.184918180537707e+02
-1.33868 -8.712802791062667e+01
-1.31463 -5.772464412734980e+01
-1.29058 -2.970706297349118e+01
-1.26653 -2.690371638134292e+00
-1.24248 2.349176927836068e+01
-1.21844 4.886460185834857e+01
-1.19439 7.341719223329652e+01
-1.17034 9.718144258626747e+01
-1.14629 1.202612700478017e+02
-1.12224 1.428214342391359e+02
-1.09820 1.650592336014246e+02
-1.07415 1.871779461646155e+02
-1.05010 2.093707712466175e+02
-1.02605 2.318156146523816e+02
-1.00200 2.546764658358271e+02
-0.97796 2.781060900947318e+02
-0.95391 3.022460891558434e+02
-0.92986 3.272226179262095e+02
-0.90581 3.531381162090109e+02
-0.88176 3.800608522009456e+02
-0.85772 4.080148105962387e+02
-0.83367 4.369725533644908e+02
-0.80962 4.668532095593066e+02
-0.78557 4.975268165121844e+02
-0.76152 5.288250191611477e+02
-0.73747 5.605569040554527e+02
-0.71343 5.925278269745819e+02
-0.68938 6.245588183694945e+02
-0.66533 5.547753666257711e+02
-0.64128 5.865413868239474e+02
-0.61723 6.180988035684397e+02
-0.59319 6.495016296682014e+02
-0.56914 6.809027968104964e+02
-0.54509 7.125633696303644e+02
-0.52104 7.448425395499380e+02
-0.49699 7.781567479645194e+02
-0.47295 8.129084706136319e+02
-0.44890 8.494065080087393e+02
-0.42485 8.878171230068374e+02
-0.40080 9.281933296105125e+02
-0.37675 9.707334118422840e+02
-0.35271 1.016843021956285e+03
-0.32866 1.070206705686719e+03
-0.30461 1.242276234363203e+03
-0.28056 1.306490999787620e+03
-0.25651 1.368224774878980e+03
-0.23246 1.428195175506046e+03
-0.20842 1.489126201384501e+03
-0.18437 1.551192990526032e+03
-0.16032 1.613605804585477e+03
-0.13627 1.675687295406492e+03
-0.11222 1.736325720936037e+03
-0.08818 1.793734114608196e+03
-0.06413 1.846078415822330e+03
-0.04008 1.911361942848828e+03
-0.01603 1.951532457503298e+03
0.00802 1.986114006664460e+03
0.03206 2.008621880166612e+03
0.05611 2.019447480850322e+03
0.08016 2.026062196070906e+03
0.10421 2.020335259420468e+03
0.12826 2.008645074635893e+03
0.15230 1.992027869923344e+03
0.17635 1.971223935487260e+03
0.20040 1.946888074006994e+03
0.22445 1.919482443270360e+03
0.24850 1.889385571183075e+03
0.27255 1.857202484205747e+03
0.29659 1.823668654486561e+03
0.32064 1.789501097899931e+03
0.34469 1.755251013265846e+03
0.36874 1.712708444153948e+03
0.39279 1.678769661476833e+03
0.41683 1.644818164105707e+03
0.44088 1.610703994575729e+03
0.46493 1.576353291449875e+03
0.48898 1.542042920512122e+03
0.51303 1.507232713629611e+03
0.53707 1.472194759087896e+03
0.56112 1.437078976475498e+03
0.58517 1.402039496450076e+03
0.60922 1.367279475630181e+03
0.63327 1.333064502487283e+03
0.65731 1.299643650384647e+03
0.68136 1.267155019641180e+03
0.70541 1.235579570219135e+03
0.72946 1.204705768336765e+03
0.75351 1.174065913312025e+03
0.77756 1.142878283470921e+03
0.80160 1.110064971283366e+03
0.82565 1.074406198981608e+03
0.84970 1.034850149373767e+03
0.87375 9.909198398727041e+02
0.89780 9.430729684671142e+02
0.92184 8.928357690304737e+02
0.94589 8.425935444415084e+02
0.96994 7.950665465604789e+02
0.99399 7.526537438293677e+02
1.01804 7.168947365443362e+02
1.04208 6.882383736717850e+02
1.06613 6.427649431642066e+02
1.09018 6.260980101018772e+02
1.11423 6.134665437581183e+02
1.13828 6.035891848744686e+02
1.16232 5.954531700727533e+02
1.18637 5.883478395004424e+02
1.21042 5.818160911765010e+02
1.23447 5.755786380541330e+02
1.25852 5.694658279236500e+02
1.28257 5.633700205057567e+02
1.30661 5.572176979529611e+02
1.33066 5.509552928204478e+02
1.35471 5.445427715319157e+02
1.37876 5.379509085143427e+02
1.40281 5.311600262485869e+02
1.42685 5.241591767723565e+02
1.45090 5.169453670803149e+02
1.47495 5.095227091633591e+02
1.49900 5.207211703925446e+02
1.52305 5.129168281052254e+02
1.54709 5.049489679091005e+02
1.57114 4.968403224474891e+02
1.59519 4.886157867406390e+02
1.61924 4.803015152336052e+02
1.64329 4.719241082894471e+02
1.66733 4.635099027080377e+02
1.69138 4.550843747863487e+02
1.71543 4.466716588287965e+02
1.73948 4.382941790941217e+02
1.76353 4.299723890805894e+02
1.78758 4.217246088841276e+02
1.81162 4.135669491293638e+02
1.83567 4.055133086308504e+02
1.85972 3.975754324064476e+02
1.88377 3.897630168214830e+02
1.90782 3.820838493571360e+02
1.93186 3.745439716282235e+02
1.95591 3.671478556869932e+02
1.97996 3.598985852139136e+02
2.00401 3.527980348036653e+02
2.02806 3.458470421152792e+02
2.05210 3.390455691009295e+02
2.07615 3.323928498115605e+02
2.10020 3.258875233715074e+02
2.12425 3.195277516078800e+02
2.14830 3.133113215166991e+02
2.17234 3.072357332601393e+02
2.19639 3.012982747376965e+02
2.22044 2.954960839841176e+02
2.24449 2.898262007437535e+02
2.26854 2.842856085813094e+02
2.29259 2.788712688361686e+02
2.31663 2.735801476328687e+02
2.34068 2.684092370414613e+02
2.36473 2.633555713523887e+02
2.38878 2.584162393015628e+02
2.41283 2.535883929599590e+02
2.43687 2.488692538924263e+02
2.46092 2.442561170949946e+02
2.48497 2.397463531389583e+02
2.50902 2.353374088827184e+02
2.53307 2.310268070570527e+02
2.55711 2.268121449840503e+02
2.58116 2.226910926523623e+02
2.60521 2.186613903393874e+02
2.62926 2.147208459429228e+02
2.65331 2.108673321592368e+02
2.67735 2.070987836203069e+02
2.70140 2.034131940798136e+02
2.72545 1.998086137149085e+02
2.74950 1.962831465890248e+02
2.77355 1.928349483004086e+02
2.79760 1.894622238219919e+02
2.82164 1.861632255212889e+02
2.84569 1.829362513347319e+02
2.86974 1.797796430596112e+02
2.89379 1.766917847188843e+02
2.91784 1.736711009498021e+02
2.94188 1.707160553663716e+02
2.96593 1.678251488481338e+02
2.98998 1.649969177129710e+02
3.01403 1.622299317394710e+02
3.03808 1.595227920138331e+02
3.06212 1.568741285870111e+02
3.08617 1.542825979388904e+02
3.11022 1.517468802571688e+02
3.13427 1.492656765486327e+02
3.15832 1.468377056091460e+02
3.18236 1.444617008854587e+02
3.20641 1.421364072665891e+02
3.23046 1.398605778448750e+02
3.25451 1.376329706867880e+02
3.27856 1.354523456512754e+02
3.30261 1.333174612890544e+02
3.32665 1.312270718500815e+02
3.35070 1.291799244187924e+02
3.37475 1.271747561880203e+02
3.39880 1.252102918731962e+02
3.42285 1.232852412588278e+02
3.44689 1.213982968598982e+02
3.47094 1.195481316718787e+02
3.49499 1.177333969749113e+02
3.51904 1.159527201505881e+02
3.54309 1.142047024637348e+02
3.56713 1.124879167568521e+02
3.59118 1.108009050013787e+02
3.61523 1.091421756477064e+02
3.63928 1.075102007148799e+02
3.66333 1.059034125610971e+02
3.68737 1.043202002775110e+02
3.71142 1.027589056503175e+02
3.73547 1.012178186399551e+02
3.75952 9.969517233132368e+01
3.78357 9.818913731572728e+01
3.80762 9.669781547380472e+01
3.83166 9.521923313962836e+01
3.85571 9.375133363968170e+01
3.87976 9.229196921714366e+01
3.90381 9.083889237233389e+01
3.92786 8.938974667467608e+01
3.95190 8.794205713061775e+01
3.97595 8.649322022591868e+01
4.00000 8.504049379963693e+01
