gG 312
X 156
W 111
K 331
gG 270
L 191
U 111
W 221
L 191
K 0
U 111
X 0

0.0 0.0 0.0
0.0 0.003204345703125 0.0
0.0 0.00640869140625 0.0
0.0 0.009613037109375 0.0
0.0 0.0128173828125 0.0
0.0 0.016021728515625 0.0
0.0 0.01922607421875 0.0
0.0 0.022430419921875 0.0
0.0 0.025634765625 0.0
0.0 0.028839111328125 0.0
0.0 0.03204345703125 0.0
0.0 0.035247802734375 0.0
0.0 0.0384521484375 0.0
0.0 0.041656494140625 0.0
0.0 0.04486083984375 0.0
0.0 0.048065185546875 0.0
0.0 0.05126953125 0.0
0.0 0.054473876953125 0.0
0.0 0.05767822265625 0.0
0.0 0.060882568359375 0.0
0.0 0.0640869140625 0.0
0.0 0.06732177734375 0.0
0.0 0.07049560546875 0.0
0.0 0.07373046875 0.0
0.0 0.076904296875 0.0
0.0 0.08013916015625 0.0
0.0 0.08331298828125 0.0
0.0 0.0865478515625 0.0
0.0 0.0897216796875 0.0
0.0 0.09295654296875 0.0
0.0 0.09613037109375 0.0
0.0 0.099365234375 0.0
0.0 0.1025390625 0.0
0.0 0.10577392578125 0.0
0.0 0.10894775390625 0.0
0.0 0.1121826171875 0.0
0.0 0.1153564453125 0.0
0.0 0.11859130859375 0.0
0.0 0.12176513671875 0.0
0.0 0.125 0.0
0.0 0.128173828125 0.0
0.0 0.1314697265625 0.0
0.0 0.1346435546875 0.0
0.0 0.1378173828125 0.0
0.0 0.1409912109375 0.0
0.0 0.144287109375 0.0
0.0 0.1474609375 0.0
0.0 0.150634765625 0.0
0.0 0.15380859375 0.0
0.0 0.1571044921875 0.0
0.0 0.1602783203125 0.0
0.0 0.1634521484375 0.0
0.0 0.1666259765625 0.0
0.0 0.169921875 0.0
0.0 0.173095703125 0.0
0.0 0.17626953125 0.0
0.0 0.179443359375 0.0
0.0 0.1827392578125 0.0
0.0 0.1859130859375 0.0
0.0 0.1890869140625 0.0
0.0 0.1922607421875 0.0
0.0 0.195556640625 0.0
0.0 0.19873046875 0.0
0.0 0.201904296875 0.0
0.0 0.205078125 0.0
0.0 0.2083740234375 0.0
0.0 0.2115478515625 0.0
0.0 0.2147216796875 0.0
0.0 0.2178955078125 0.0
0.0 0.22119140625 0.0
0.0 0.224365234375 0.0
0.0 0.2275390625 0.0
0.0 0.230712890625 0.0
0.0 0.2340087890625 0.0
0.0 0.2371826171875 0.0
0.0 0.2403564453125 0.0
0.0 0.2435302734375 0.0
0.0 0.246826171875 0.0
0.0 0.25 0.0
0.0 0.253173828125 0.0
0.0 0.25634765625 0.0
0.0 0.259521484375 0.0
0.0 0.262939453125 0.0
0.0 0.26611328125 0.0
0.0 0.269287109375 0.0
0.0 0.2724609375 0.0
0.0 0.275634765625 0.0
0.0 0.27880859375 0.0
0.0 0.281982421875 0.0
0.0 0.28515625 0.0
0.0 0.28857421875 0.0
0.0 0.291748046875 0.0
0.0 0.294921875 0.0
0.0 0.298095703125 0.0
0.0 0.30126953125 0.0
0.0 0.304443359375 0.0
0.0 0.3076171875 0.0
0.0 0.310791015625 0.0
0.0 0.314208984375 0.0
0.0 0.3173828125 0.0
0.0 0.320556640625 0.0
0.0 0.32373046875 0.0
0.0 0.326904296875 0.0
0.0 0.330078125 0.0
0.0 0.333251953125 0.0
0.0 0.33642578125 0.0
0.0 0.33984375 0.0
0.0 0.343017578125 0.0
0.0 0.34619140625 0.0
0.0 0.349365234375 0.0
0.0 0.3525390625 0.0
0.0 0.355712890625 0.0
0.0 0.35888671875 0.0
0.0 0.362060546875 0.0
0.0 0.365478515625 0.0
0.0 0.36865234375 0.0
0.0 0.371826171875 0.0
0.0 0.375 0.0
0.0 0.378173828125 0.0
0.0 0.38134765625 0.0
0.0 0.384521484375 0.0
0.0 0.387939453125 0.0
0.0 0.39111328125 0.0
0.0 0.394287109375 0.0
0.0 0.3974609375 0.0
0.0 0.400634765625 0.0
0.0 0.40380859375 0.0
0.0 0.406982421875 0.0
0.0 0.41015625 0.0
0.0 0.41357421875 0.0
0.0 0.416748046875 0.0
0.0 0.419921875 0.0
0.0 0.423095703125 0.0
0.0 0.42626953125 0.0
0.0 0.429443359375 0.0
0.0 0.4326171875 0.0
0.0 0.435791015625 0.0
0.0 0.439208984375 0.0
0.0 0.4423828125 0.0
0.0 0.445556640625 0.0
0.0 0.44873046875 0.0
0.0 0.451904296875 0.0
0.0 0.455078125 0.0
0.0 0.458251953125 0.0
0.0 0.46142578125 0.0
0.0 0.46484375 0.0
0.0 0.468017578125 0.0
0.0 0.47119140625 0.0
0.0 0.474365234375 0.0
0.0 0.4775390625 0.0
0.0 0.480712890625 0.0
0.0 0.48388671875 0.0
0.0 0.487060546875 0.0
0.0 0.490478515625 0.0
0.0 0.49365234375 0.0
0.0 0.496826171875 0.0
0.0 0.5 0.0
0.0 0.50341796875 0.0
0.0 0.50634765625 0.0
0.0 0.509765625 0.0
0.0 0.5126953125 0.0
0.0 0.51611328125 0.0
0.0 0.51904296875 0.0
0.0 0.5224609375 0.0
0.0 0.52587890625 0.0
0.0 0.52880859375 0.0
0.0 0.5322265625 0.0
0.0 0.53515625 0.0
0.0 0.53857421875 0.0
0.0 0.54150390625 0.0
0.0 0.544921875 0.0
0.0 0.5478515625 0.0
0.0 0.55126953125 0.0
0.0 0.5546875 0.0
0.0 0.5576171875 0.0
0.0 0.56103515625 0.0
0.0 0.56396484375 0.0
0.0 0.5673828125 0.0
0.0 0.5703125 0.0
0.0 0.57373046875 0.0
0.0 0.5771484375 0.0
0.0 0.580078125 0.0
0.0 0.58349609375 0.0
0.0 0.58642578125 0.0
0.0 0.58984375 0.0
0.0 0.5927734375 0.0
0.0 0.59619140625 0.0
0.0 0.59912109375 0.0
0.0 0.6025390625 0.0
0.0 0.60595703125 0.0
0.0 0.60888671875 0.0
0.0 0.6123046875 0.0
0.0 0.615234375 0.0
0.0 0.61865234375 0.0
0.0 0.62158203125 0.0
0.0 0.625 0.0
0.0 0.62841796875 0.0
0.0 0.63134765625 0.0
0.0 0.634765625 0.0
0.0 0.6376953125 0.0
0.0 0.64111328125 0.0
0.0 0.64404296875 0.0
0.0 0.6474609375 0.0
0.0 0.65087890625 0.0
0.0 0.65380859375 0.0
0.0 0.6572265625 0.0
0.0 0.66015625 0.0
0.0 0.66357421875 0.0
0.0 0.66650390625 0.0
0.0 0.669921875 0.0
0.0 0.6728515625 0.0
0.0 0.67626953125 0.0
0.0 0.6796875 0.0
0.0 0.6826171875 0.0
0.0 0.68603515625 0.0
0.0 0.68896484375 0.0
0.0 0.6923828125 0.0
0.0 0.6953125 0.0
0.0 0.69873046875 0.0
0.0 0.7021484375 0.0
0.0 0.705078125 0.0
0.0 0.70849609375 0.0
0.0 0.71142578125 0.0
0.0 0.71484375 0.0
0.0 0.7177734375 0.0
0.0 0.72119140625 0.0
0.0 0.72412109375 0.0
0.0 0.7275390625 0.0
0.0 0.73095703125 0.0
0.0 0.73388671875 0.0
0.0 0.7373046875 0.0
0.0 0.740234375 0.0
0.0 0.74365234375 0.0
0.0 0.74658203125 0.0
0.0 0.75 0.0
0.0 0.75341796875 0.0
0.0 0.75634765625 0.0
0.0 0.759765625 0.0
0.0 0.7626953125 0.0
0.0 0.76611328125 0.0
0.0 0.76904296875 0.0
0.0 0.7724609375 0.0
0.0 0.77587890625 0.0
0.0 0.77880859375 0.0
0.0 0.7822265625 0.0
0.0 0.78515625 0.0
0.0 0.78857421875 0.0
0.0 0.79150390625 0.0
0.0 0.794921875 0.0
0.0 0.7978515625 0.0
0.0 0.80126953125 0.0
0.0 0.8046875 0.0
0.0 0.8076171875 0.0
0.0 0.81103515625 0.0
0.0 0.81396484375 0.0
0.0 0.8173828125 0.0
0.0 0.8203125 0.0
0.0 0.82373046875 0.0
0.0 0.8271484375 0.0
0.0 0.830078125 0.0
0.0 0.83349609375 0.0
0.0 0.83642578125 0.0
0.0 0.83984375 0.0
0.0 0.8427734375 0.0
0.0 0.84619140625 0.0
0.0 0.84912109375 0.0
0.0 0.8525390625 0.0
0.0 0.85595703125 0.0
0.0 0.85888671875 0.0
0.0 0.8623046875 0.0
0.0 0.865234375 0.0
0.0 0.86865234375 0.0
0.0 0.87158203125 0.0
0.0 0.875 0.0
0.0 0.87841796875 0.0
0.0 0.88134765625 0.0
0.0 0.884765625 0.0
0.0 0.8876953125 0.0
0.0 0.89111328125 0.0
0.0 0.89404296875 0.0
0.0 0.8974609375 0.0
0.0 0.90087890625 0.0
0.0 0.90380859375 0.0
0.0 0.9072265625 0.0
0.0 0.91015625 0.0
0.0 0.91357421875 0.0
0.0 0.91650390625 0.0
0.0 0.919921875 0.0
0.0 0.9228515625 0.0
0.0 0.92626953125 0.0
0.0 0.9296875 0.0
0.0 0.9326171875 0.0
0.0 0.93603515625 0.0
0.0 0.93896484375 0.0
0.0 0.9423828125 0.0
0.0 0.9453125 0.0
0.0 0.94873046875 0.0
0.0 0.9521484375 0.0
0.0 0.955078125 0.0
0.0 0.95849609375 0.0
0.0 0.96142578125 0.0
0.0 0.96484375 0.0
0.0 0.9677734375 0.0
0.0 0.97119140625 0.0
0.0 0.97412109375 0.0
0.0 0.9775390625 0.0
0.0 0.98095703125 0.0
0.0 0.98388671875 0.0
0.0 0.9873046875 0.0
0.0 0.990234375 0.0
0.0 0.99365234375 0.0
0.0 0.99658203125 0.0
0.0 1.0 0.0
0.0033111572265625 0.9998931884765625 0.0001068115234375
0.006378173828125 1.000030517578125 -3.0517578125e-05
0.0096893310546875 0.9999237060546875 7.62939453125e-05
0.01275634765625 1.00006103515625 -6.103515625e-05
0.0160675048828125 0.9999542236328125 4.57763671875e-05
0.019134521484375 1.000091552734375 -9.1552734375e-05
0.0224456787109375 0.9999847412109375 1.52587890625e-05
0.0257568359375 0.9998779296875 0.0001220703125
0.0288238525390625 1.0000152587890625 -1.52587890625e-05
0.032135009765625 0.999908447265625 9.1552734375e-05
0.0352020263671875 1.0000457763671875 -4.57763671875e-05
0.03851318359375 0.99993896484375 6.103515625e-05
0.0415802001953125 1.0000762939453125 -7.62939453125e-05
0.044891357421875 0.999969482421875 3.0517578125e-05
0.0479583740234375 1.0001068115234375 -0.0001068115234375
0.05126953125 1.0 0.0
0.0545806884765625 0.9998931884765625 0.0001068115234375
0.057647705078125 1.000030517578125 -3.0517578125e-05
0.0609588623046875 0.9999237060546875 7.62939453125e-05
0.06402587890625 1.00006103515625 -6.103515625e-05
0.067352294921875 0.999969482421875 3.0517578125e-05
0.070404052734375 1.000091552734375 -9.1552734375e-05
0.07373046875 1.0 0.0
0.0770263671875 0.9998779296875 0.0001220703125
0.080108642578125 1.000030517578125 -3.0517578125e-05
0.083404541015625 0.999908447265625 9.1552734375e-05
0.08648681640625 1.00006103515625 -6.103515625e-05
0.08978271484375 0.99993896484375 6.103515625e-05
0.092864990234375 1.000091552734375 -9.1552734375e-05
0.096160888671875 0.999969482421875 3.0517578125e-05
0.0992431640625 1.0001220703125 -0.0001220703125
0.1025390625 1.0 0.0
0.105865478515625 0.999908447265625 9.1552734375e-05
0.108917236328125 1.000030517578125 -3.0517578125e-05
0.11224365234375 0.99993896484375 6.103515625e-05
0.11529541015625 1.00006103515625 -6.103515625e-05
0.118621826171875 0.999969482421875 3.0517578125e-05
0.121673583984375 1.000091552734375 -9.1552734375e-05
0.125 1.0 0.0
0.1282958984375 0.9998779296875 0.0001220703125
0.13140869140625 1.00006103515625 -6.103515625e-05
0.13470458984375 0.99993896484375 6.103515625e-05
0.13775634765625 1.00006103515625 -6.103515625e-05
0.14105224609375 0.99993896484375 6.103515625e-05
0.1441650390625 1.0001220703125 -0.0001220703125
0.1474609375 1.0 0.0
0.1507568359375 0.9998779296875 0.0001220703125
0.15380859375 1.0 0.0
0.15716552734375 0.99993896484375 6.103515625e-05
0.16021728515625 1.00006103515625 -6.103515625e-05
0.16351318359375 0.99993896484375 6.103515625e-05
0.16656494140625 1.00006103515625 -6.103515625e-05
0.169921875 1.0 0.0
0.1729736328125 1.0001220703125 -0.0001220703125
0.17626953125 1.0 0.0
0.1795654296875 0.9998779296875 0.0001220703125
0.18267822265625 1.00006103515625 -6.103515625e-05
0.18597412109375 0.99993896484375 6.103515625e-05
0.18902587890625 1.00006103515625 -6.103515625e-05
0.19232177734375 0.99993896484375 6.103515625e-05
0.1954345703125 1.0001220703125 -0.0001220703125
0.19873046875 1.0 0.0
0.2020263671875 0.9998779296875 0.0001220703125
0.205078125 1.0 0.0
0.20843505859375 0.99993896484375 6.103515625e-05
0.21148681640625 1.00006103515625 -6.103515625e-05
0.21478271484375 0.99993896484375 6.103515625e-05
0.21783447265625 1.00006103515625 -6.103515625e-05
0.22119140625 1.0 0.0
0.2242431640625 1.0001220703125 -0.0001220703125
0.2275390625 1.0 0.0
0.2308349609375 0.9998779296875 0.0001220703125
0.23394775390625 1.00006103515625 -6.103515625e-05
0.23724365234375 0.99993896484375 6.103515625e-05
0.24029541015625 1.00006103515625 -6.103515625e-05
0.24359130859375 0.99993896484375 6.103515625e-05
0.2467041015625 1.0001220703125 -0.0001220703125
0.25 1.0 0.0
0.2532958984375 0.9998779296875 0.0001220703125
0.25634765625 1.0 0.0
0.2596435546875 0.9998779296875 0.0001220703125
0.2628173828125 1.0001220703125 -0.0001220703125
0.26611328125 1.0 0.0
0.2691650390625 1.0001220703125 -0.0001220703125
0.2724609375 1.0 0.0
0.2757568359375 0.9998779296875 0.0001220703125
0.27880859375 1.0 0.0
0.2821044921875 0.9998779296875 0.0001220703125
0.28515625 1.0 0.0
0.28857421875 1.0 0.0
0.2916259765625 1.0001220703125 -0.0001220703125
0.294921875 1.0 0.0
0.2979736328125 1.0001220703125 -0.0001220703125
0.30126953125 1.0 0.0
0.3045654296875 0.9998779296875 0.0001220703125
0.3076171875 1.0 0.0
0.3109130859375 0.9998779296875 0.0001220703125
0.3140869140625 1.0001220703125 -0.0001220703125
0.3173828125 1.0 0.0
0.3204345703125 1.0001220703125 -0.0001220703125
0.32373046875 1.0 0.0
0.3270263671875 0.9998779296875 0.0001220703125
0.330078125 1.0 0.0
0.3333740234375 0.9998779296875 0.0001220703125
0.33642578125 1.0 0.0
0.33984375 1.0 0.0
0.3428955078125 1.0001220703125 -0.0001220703125
0.34619140625 1.0 0.0
0.3492431640625 1.0001220703125 -0.0001220703125
0.3525390625 1.0 0.0
0.3558349609375 0.9998779296875 0.0001220703125
0.35888671875 1.0 0.0
0.3621826171875 0.9998779296875 0.0001220703125
0.3653564453125 1.0001220703125 -0.0001220703125
0.36865234375 1.0 0.0
0.3717041015625 1.0001220703125 -0.0001220703125
0.375 1.0 0.0
0.3782958984375 0.9998779296875 0.0001220703125
0.38134765625 1.0 0.0
0.3846435546875 0.9998779296875 0.0001220703125
0.3878173828125 1.0001220703125 -0.0001220703125
0.39111328125 1.0 0.0
0.3941650390625 1.0001220703125 -0.0001220703125
0.3974609375 1.0 0.0
0.4007568359375 0.9998779296875 0.0001220703125
0.40380859375 1.0 0.0
0.4071044921875 0.9998779296875 0.0001220703125
0.41015625 1.0 0.0
0.41357421875 1.0 0.0
0.4166259765625 1.0001220703125 -0.0001220703125
0.419921875 1.0 0.0
0.4229736328125 1.0001220703125 -0.0001220703125
0.42626953125 1.0 0.0
0.4295654296875 0.9998779296875 0.0001220703125
0.4326171875 1.0 0.0
0.4359130859375 0.9998779296875 0.0001220703125
0.4390869140625 1.0001220703125 -0.0001220703125
0.4423828125 1.0 0.0
0.4454345703125 1.0001220703125 -0.0001220703125
0.44873046875 1.0 0.0
0.4520263671875 0.9998779296875 0.0001220703125
0.455078125 1.0 0.0
0.4583740234375 0.9998779296875 0.0001220703125
0.46142578125 1.0 0.0
0.46484375 1.0 0.0
0.4678955078125 1.0001220703125 -0.0001220703125
0.47119140625 1.0 0.0
0.4742431640625 1.0001220703125 -0.0001220703125
0.4775390625 1.0 0.0
0.4808349609375 0.9998779296875 0.0001220703125
0.48388671875 1.0 0.0
0.4871826171875 0.9998779296875 0.0001220703125
0.4903564453125 1.0001220703125 -0.0001220703125
0.49365234375 1.0 0.0
0.4967041015625 1.0001220703125 -0.0001220703125
0.5 1.0 0.0
0.502197265625 0.997802734375 -0.000244140625
0.5045166015625 0.9954833984375 0.0001220703125
0.5067138671875 0.9932861328125 -0.0001220703125
0.509033203125 0.990966796875 0.000244140625
0.51123046875 0.98876953125 0.0
0.5135498046875 0.9864501953125 -0.0001220703125
0.5157470703125 0.9842529296875 0.0001220703125
0.51806640625 0.98193359375 0.0
0.520263671875 0.979736328125 -0.000244140625
0.5225830078125 0.9774169921875 0.0001220703125
0.5247802734375 0.9752197265625 -0.0001220703125
0.5269775390625 0.9730224609375 0.0001220703125
0.529296875 0.970703125 0.0
0.531494140625 0.968505859375 -0.000244140625
0.5338134765625 0.9661865234375 0.0001220703125
0.5360107421875 0.9639892578125 -0.0001220703125
0.538330078125 0.961669921875 0.000244140625
0.54052734375 0.95947265625 0.0
0.5428466796875 0.9571533203125 -0.0001220703125
0.5450439453125 0.9549560546875 0.0001220703125
0.5472412109375 0.9527587890625 -0.0001220703125
0.549560546875 0.950439453125 0.000244140625
0.5517578125 0.9482421875 0.0
0.5540771484375 0.9459228515625 -0.0001220703125
0.5562744140625 0.9437255859375 0.0001220703125
0.55859375 0.94140625 0.0
0.560791015625 0.939208984375 -0.000244140625
0.5631103515625 0.9368896484375 0.0001220703125
0.5653076171875 0.9346923828125 -0.0001220703125
0.567626953125 0.932373046875 0.000244140625
0.56982421875 0.93017578125 0.0
0.572021484375 0.927978515625 -0.000244140625
0.5743408203125 0.9256591796875 0.0001220703125
0.5765380859375 0.9234619140625 -0.0001220703125
0.578857421875 0.921142578125 0.000244140625
0.5810546875 0.9189453125 0.0
0.5833740234375 0.9166259765625 -0.0001220703125
0.5855712890625 0.9144287109375 0.0001220703125
0.587890625 0.912109375 0.0
0.590087890625 0.909912109375 -0.000244140625
0.59228515625 0.90771484375 0.0
0.5946044921875 0.9053955078125 -0.0001220703125
0.5968017578125 0.9031982421875 0.0001220703125
0.59912109375 0.90087890625 0.0
0.601318359375 0.898681640625 -0.000244140625
0.6036376953125 0.8963623046875 0.0001220703125
0.6058349609375 0.8941650390625 -0.0001220703125
0.608154296875 0.891845703125 0.000244140625
0.6103515625 0.8896484375 0.0
0.6126708984375 0.8873291015625 -0.0001220703125
0.6148681640625 0.8851318359375 0.0001220703125
0.6170654296875 0.8829345703125 -0.0001220703125
0.619384765625 0.880615234375 0.000244140625
0.62158203125 0.87841796875 0.0
0.6239013671875 0.8760986328125 -0.0001220703125
0.6260986328125 0.8739013671875 0.0001220703125
0.62835693359375 0.87164306640625 -6.103515625e-05
0.630615234375 0.869384765625 -0.000244140625
0.63287353515625 0.86712646484375 6.103515625e-05
0.6351318359375 0.8648681640625 -0.0001220703125
0.63739013671875 0.86260986328125 0.00018310546875
0.6396484375 0.8603515625 0.0
0.64190673828125 0.85809326171875 -0.00018310546875
0.6441650390625 0.8558349609375 0.0001220703125
0.64642333984375 0.85357666015625 -6.103515625e-05
0.64862060546875 0.85137939453125 0.00018310546875
0.65087890625 0.84912109375 0.0
0.65313720703125 0.84686279296875 -0.00018310546875
0.6553955078125 0.8446044921875 0.0001220703125
0.65765380859375 0.84234619140625 -6.103515625e-05
0.659912109375 0.840087890625 0.000244140625
0.66217041015625 0.83782958984375 6.103515625e-05
0.6644287109375 0.8355712890625 -0.0001220703125
0.66668701171875 0.83331298828125 0.00018310546875
0.6689453125 0.8310546875 0.0
0.671142578125 0.828857421875 -0.000244140625
0.67340087890625 0.82659912109375 6.103515625e-05
0.6756591796875 0.8243408203125 -0.0001220703125
0.67791748046875 0.82208251953125 0.00018310546875
0.68017578125 0.81982421875 0.0
0.68243408203125 0.81756591796875 -0.00018310546875
0.6846923828125 0.8153076171875 0.0001220703125
0.68695068359375 0.81304931640625 -6.103515625e-05
0.689178466796875 0.810821533203125 0.000213623046875
0.691436767578125 0.808563232421875 3.0517578125e-05
0.693695068359375 0.806304931640625 -0.000152587890625
0.695953369140625 0.804046630859375 0.000152587890625
0.698211669921875 0.801788330078125 -3.0517578125e-05
0.700439453125 0.799560546875 -0.000244140625
0.70269775390625 0.79730224609375 6.103515625e-05
0.7049560546875 0.7950439453125 -0.0001220703125
0.70721435546875 0.79278564453125 0.00018310546875
0.70947265625 0.79052734375 0.0
0.711700439453125 0.788299560546875 -0.000213623046875
0.713958740234375 0.786041259765625 9.1552734375e-05
0.716217041015625 0.783782958984375 -9.1552734375e-05
0.718475341796875 0.781524658203125 0.000213623046875
0.7207183837890625 0.7792816162109375 1.52587890625e-05
0.7229766845703125 0.7770233154296875 -0.0001678466796875
0.7252197265625 0.7747802734375 0.0001220703125
0.72747802734375 0.77252197265625 -6.103515625e-05
0.729736328125 0.770263671875 0.000244140625
0.7319793701171875 0.7680206298828125 4.57763671875e-05
0.7342376708984375 0.7657623291015625 -0.0001373291015625
0.7364883422851562 0.7635116577148438 0.00016021728515625
0.738739013671875 0.761260986328125 -3.0517578125e-05
0.7409896850585938 0.7590103149414062 -0.00022125244140625
0.7432441711425781 0.7567558288574219 8.0108642578125e-05
0.7454948425292969 0.7545051574707031 -0.000110626220703125
0.7477474212646484 0.7522525787353516 0.0001888275146484375
0.75 0.75 0.0
0.74755859375 0.74755859375 0.0
0.74560546875 0.74560546875 0.0
0.7431640625 0.7431640625 0.0
0.74072265625 0.74072265625 0.0
0.73876953125 0.73876953125 0.0
0.736328125 0.736328125 0.0
0.734375 0.734375 0.0
0.73193359375 0.73193359375 0.0
0.7294921875 0.7294921875 0.0
0.7275390625 0.7275390625 0.0
0.72509765625 0.72509765625 0.0
0.72265625 0.72265625 0.0
0.720703125 0.720703125 0.0
0.71826171875 0.71826171875 0.0
0.7158203125 0.7158203125 0.0
0.7138671875 0.7138671875 0.0
0.71142578125 0.71142578125 0.0
0.708984375 0.708984375 0.0
0.70703125 0.70703125 0.0
0.70458984375 0.70458984375 0.0
0.70263671875 0.70263671875 0.0
0.7001953125 0.7001953125 0.0
0.69775390625 0.69775390625 0.0
0.69580078125 0.69580078125 0.0
0.693359375 0.693359375 0.0
0.69091796875 0.69091796875 0.0
0.68896484375 0.68896484375 0.0
0.6865234375 0.6865234375 0.0
0.68408203125 0.68408203125 0.0
0.68212890625 0.68212890625 0.0
0.6796875 0.6796875 0.0
0.677734375 0.677734375 0.0
0.67529296875 0.67529296875 0.0
0.6728515625 0.6728515625 0.0
0.6708984375 0.6708984375 0.0
0.66845703125 0.66845703125 0.0
0.666015625 0.666015625 0.0
0.6640625 0.6640625 0.0
0.66162109375 0.66162109375 0.0
0.6591796875 0.6591796875 0.0
0.6572265625 0.6572265625 0.0
0.65478515625 0.65478515625 0.0
0.65234375 0.65234375 0.0
0.650390625 0.650390625 0.0
0.64794921875 0.64794921875 0.0
0.64599609375 0.64599609375 0.0
0.6435546875 0.6435546875 0.0
0.64111328125 0.64111328125 0.0
0.63916015625 0.63916015625 0.0
0.63671875 0.63671875 0.0
0.63427734375 0.63427734375 0.0
0.63232421875 0.63232421875 0.0
0.6298828125 0.6298828125 0.0
0.62744140625 0.62744140625 0.0
0.62548828125 0.62548828125 0.0
0.623046875 0.623046875 0.0
0.62060546875 0.62060546875 0.0
0.61865234375 0.61865234375 0.0
0.6162109375 0.6162109375 0.0
0.6142578125 0.6142578125 0.0
0.61181640625 0.61181640625 0.0
0.609375 0.609375 0.0
0.607421875 0.607421875 0.0
0.60498046875 0.60498046875 0.0
0.6025390625 0.6025390625 0.0
0.6005859375 0.6005859375 0.0
0.59814453125 0.59814453125 0.0
0.595703125 0.595703125 0.0
0.59375 0.59375 0.0
0.59130859375 0.59130859375 0.0
0.58935546875 0.58935546875 0.0
0.5869140625 0.5869140625 0.0
0.58447265625 0.58447265625 0.0
0.58251953125 0.58251953125 0.0
0.580078125 0.580078125 0.0
0.57763671875 0.57763671875 0.0
0.57568359375 0.57568359375 0.0
0.5732421875 0.5732421875 0.0
0.57080078125 0.57080078125 0.0
0.56884765625 0.56884765625 0.0
0.56640625 0.56640625 0.0
0.56396484375 0.56396484375 0.0
0.56201171875 0.56201171875 0.0
0.5595703125 0.5595703125 0.0
0.5576171875 0.5576171875 0.0
0.55517578125 0.55517578125 0.0
0.552734375 0.552734375 0.0
0.55078125 0.55078125 0.0
0.54833984375 0.54833984375 0.0
0.5458984375 0.5458984375 0.0
0.5439453125 0.5439453125 0.0
0.54150390625 0.54150390625 0.0
0.5390625 0.5390625 0.0
0.537109375 0.537109375 0.0
0.53466796875 0.53466796875 0.0
0.53271484375 0.53271484375 0.0
0.5302734375 0.5302734375 0.0
0.52783203125 0.52783203125 0.0
0.52587890625 0.52587890625 0.0
0.5234375 0.5234375 0.0
0.52099609375 0.52099609375 0.0
0.51904296875 0.51904296875 0.0
0.5166015625 0.5166015625 0.0
0.51416015625 0.51416015625 0.0
0.51220703125 0.51220703125 0.0
0.509765625 0.509765625 0.0
0.50732421875 0.50732421875 0.0
0.50537109375 0.50537109375 0.0
0.5029296875 0.5029296875 0.0
0.5009765625 0.5009765625 0.0
0.49853515625 0.49853515625 0.0
0.496337890625 0.496337890625 0.0
0.493896484375 0.493896484375 0.0
0.49169921875 0.49169921875 0.0
0.489501953125 0.489501953125 0.0
0.487060546875 0.487060546875 0.0
0.48486328125 0.48486328125 0.0
0.482666015625 0.482666015625 0.0
0.48046875 0.48046875 0.0
0.47802734375 0.47802734375 0.0
0.475830078125 0.475830078125 0.0
0.4736328125 0.4736328125 0.0
0.47119140625 0.47119140625 0.0
0.468994140625 0.468994140625 0.0
0.466796875 0.466796875 0.0
0.464599609375 0.464599609375 0.0
0.462158203125 0.462158203125 0.0
0.4599609375 0.4599609375 0.0
0.457763671875 0.457763671875 0.0
0.455322265625 0.455322265625 0.0
0.453125 0.453125 0.0
0.450927734375 0.450927734375 0.0
0.44873046875 0.44873046875 0.0
0.4462890625 0.4462890625 0.0
0.444091796875 0.444091796875 0.0
0.44189453125 0.44189453125 0.0
0.439697265625 0.439697265625 0.0
0.437255859375 0.437255859375 0.0
0.43505859375 0.43505859375 0.0
0.432861328125 0.432861328125 0.0
0.430419921875 0.430419921875 0.0
0.42822265625 0.42822265625 0.0
0.426025390625 0.426025390625 0.0
0.423828125 0.423828125 0.0
0.42138671875 0.42138671875 0.0
0.419189453125 0.419189453125 0.0
0.4169921875 0.4169921875 0.0
0.41455078125 0.41455078125 0.0
0.412353515625 0.412353515625 0.0
0.41015625 0.41015625 0.0
0.407958984375 0.407958984375 0.0
0.405517578125 0.405517578125 0.0
0.4033203125 0.4033203125 0.0
0.401123046875 0.401123046875 0.0
0.398681640625 0.398681640625 0.0
0.396484375 0.396484375 0.0
0.394287109375 0.394287109375 0.0
0.39208984375 0.39208984375 0.0
0.3896484375 0.3896484375 0.0
0.387451171875 0.387451171875 0.0
0.38525390625 0.38525390625 0.0
0.3828125 0.3828125 0.0
0.380615234375 0.380615234375 0.0
0.37841796875 0.37841796875 0.0
0.376220703125 0.376220703125 0.0
0.373779296875 0.373779296875 0.0
0.37158203125 0.37158203125 0.0
0.369384765625 0.369384765625 0.0
0.3671875 0.3671875 0.0
0.36474609375 0.36474609375 0.0
0.362548828125 0.362548828125 0.0
0.3603515625 0.3603515625 0.0
0.35791015625 0.35791015625 0.0
0.355712890625 0.355712890625 0.0
0.353515625 0.353515625 0.0
0.351318359375 0.351318359375 0.0
0.348876953125 0.348876953125 0.0
0.3466796875 0.3466796875 0.0
0.344482421875 0.344482421875 0.0
0.342041015625 0.342041015625 0.0
0.33984375 0.33984375 0.0
0.337646484375 0.337646484375 0.0
0.33544921875 0.33544921875 0.0
0.3330078125 0.3330078125 0.0
0.330810546875 0.330810546875 0.0
0.32861328125 0.32861328125 0.0
0.326171875 0.326171875 0.0
0.323974609375 0.323974609375 0.0
0.32177734375 0.32177734375 0.0
0.319580078125 0.319580078125 0.0
0.317138671875 0.317138671875 0.0
0.31494140625 0.31494140625 0.0
0.312744140625 0.312744140625 0.0
0.310302734375 0.310302734375 0.0
0.30810546875 0.30810546875 0.0
0.305908203125 0.305908203125 0.0
0.3037109375 0.3037109375 0.0
0.30126953125 0.30126953125 0.0
0.299072265625 0.299072265625 0.0
0.296875 0.296875 0.0
0.294677734375 0.294677734375 0.0
0.292236328125 0.292236328125 0.0
0.2900390625 0.2900390625 0.0
0.287841796875 0.287841796875 0.0
0.285400390625 0.285400390625 0.0
0.283203125 0.283203125 0.0
0.281005859375 0.281005859375 0.0
0.27880859375 0.27880859375 0.0
0.2763671875 0.2763671875 0.0
0.274169921875 0.274169921875 0.0
0.27197265625 0.27197265625 0.0
0.26953125 0.26953125 0.0
0.267333984375 0.267333984375 0.0
0.26513671875 0.26513671875 0.0
0.262939453125 0.262939453125 0.0
0.260498046875 0.260498046875 0.0
0.25830078125 0.25830078125 0.0
0.256103515625 0.256103515625 0.0
0.253662109375 0.253662109375 0.0
0.25146484375 0.25146484375 0.0
0.249267578125 0.249267578125 0.0
0.2469482421875 0.2469482421875 0.0
0.2447509765625 0.2447509765625 0.0
0.242431640625 0.242431640625 0.0
0.240234375 0.240234375 0.0
0.2379150390625 0.2379150390625 0.0
0.235595703125 0.235595703125 0.0
0.2333984375 0.2333984375 0.0
0.2310791015625 0.2310791015625 0.0
0.2288818359375 0.2288818359375 0.0
0.2265625 0.2265625 0.0
0.224365234375 0.224365234375 0.0
0.2220458984375 0.2220458984375 0.0
0.2198486328125 0.2198486328125 0.0
0.217529296875 0.217529296875 0.0
0.2152099609375 0.2152099609375 0.0
0.2130126953125 0.2130126953125 0.0
0.210693359375 0.210693359375 0.0
0.20849609375 0.20849609375 0.0
0.2061767578125 0.2061767578125 0.0
0.2039794921875 0.2039794921875 0.0
0.20166015625 0.20166015625 0.0
0.1993408203125 0.1993408203125 0.0
0.1971435546875 0.1971435546875 0.0
0.19482421875 0.19482421875 0.0
0.192626953125 0.192626953125 0.0
0.1903076171875 0.1903076171875 0.0
0.1881103515625 0.1881103515625 0.0
0.185791015625 0.185791015625 0.0
0.18359375 0.18359375 0.0
0.1812744140625 0.1812744140625 0.0
0.178955078125 0.178955078125 0.0
0.1767578125 0.1767578125 0.0
0.1744384765625 0.1744384765625 0.0
0.1722412109375 0.1722412109375 0.0
0.169921875 0.169921875 0.0
0.167724609375 0.167724609375 0.0
0.1654052734375 0.1654052734375 0.0
0.1630859375 0.1630859375 0.0
0.160888671875 0.160888671875 0.0
0.1585693359375 0.1585693359375 0.0
0.1563720703125 0.1563720703125 0.0
0.154052734375 0.154052734375 0.0
0.15185546875 0.15185546875 0.0
0.1495361328125 0.1495361328125 0.0
0.1473388671875 0.1473388671875 0.0
0.14501953125 0.14501953125 0.0
0.1427001953125 0.1427001953125 0.0
0.1405029296875 0.1405029296875 0.0
0.13818359375 0.13818359375 0.0
0.135986328125 0.135986328125 0.0
0.1336669921875 0.1336669921875 0.0
0.1314697265625 0.1314697265625 0.0
0.129150390625 0.129150390625 0.0
0.1268310546875 0.1268310546875 0.0
0.1246337890625 0.1246337890625 0.0
0.12237548828125 0.12237548828125 0.0
0.1201171875 0.1201171875 0.0
0.1177978515625 0.1177978515625 0.0
0.11553955078125 0.11553955078125 0.0
0.11328125 0.11328125 0.0
0.11102294921875 0.11102294921875 0.0
0.1087646484375 0.1087646484375 0.0
0.10650634765625 0.10650634765625 0.0
0.104248046875 0.104248046875 0.0
0.10198974609375 0.10198974609375 0.0
0.09967041015625 0.09967041015625 0.0
0.097412109375 0.097412109375 0.0
0.09515380859375 0.09515380859375 0.0
0.0928955078125 0.0928955078125 0.0
0.09063720703125 0.09063720703125 0.0
0.08837890625 0.08837890625 0.0
0.08612060546875 0.08612060546875 0.0
0.0838623046875 0.0838623046875 0.0
0.08154296875 0.08154296875 0.0
0.07928466796875 0.07928466796875 0.0
0.0770263671875 0.0770263671875 0.0
0.07476806640625 0.07476806640625 0.0
0.072509765625 0.072509765625 0.0
0.07025146484375 0.07025146484375 0.0
0.0679931640625 0.0679931640625 0.0
0.06573486328125 0.06573486328125 0.0
0.06341552734375 0.06341552734375 0.0
0.061187744140625 0.061187744140625 0.0
0.05889892578125 0.05889892578125 0.0
0.056640625 0.056640625 0.0
0.05438232421875 0.05438232421875 0.0
0.0521240234375 0.0521240234375 0.0
0.049835205078125 0.049835205078125 0.0
0.047576904296875 0.047576904296875 0.0
0.045318603515625 0.045318603515625 0.0
0.043060302734375 0.043060302734375 0.0
0.040771484375 0.040771484375 0.0
0.03851318359375 0.03851318359375 0.0
0.0362548828125 0.0362548828125 0.0
0.03399658203125 0.03399658203125 0.0
0.031707763671875 0.031707763671875 0.0
0.029449462890625 0.029449462890625 0.0
0.027191162109375 0.027191162109375 0.0
0.0249176025390625 0.0249176025390625 0.0
0.0226593017578125 0.0226593017578125 0.0
0.0203857421875 0.0203857421875 0.0
0.01812744140625 0.01812744140625 0.0
0.0158538818359375 0.0158538818359375 0.0
0.0135955810546875 0.0135955810546875 0.0
0.01132965087890625 0.01132965087890625 0.0
0.009063720703125 0.009063720703125 0.0
0.00679779052734375 0.00679779052734375 0.0
0.0045318603515625 0.0045318603515625 0.0
0.00226593017578125 0.00226593017578125 0.0
0.0 0.0 0.0
0.0018520355224609375 0.0018520355224609375 0.0018520355224609375
0.003704071044921875 0.003704071044921875 0.003704071044921875
0.00555419921875 0.00555419921875 0.00555419921875
0.00740814208984375 0.00740814208984375 0.00740814208984375
0.0092620849609375 0.0092620849609375 0.0092620849609375
0.0111083984375 0.0111083984375 0.0111083984375
0.01296234130859375 0.01296234130859375 0.01296234130859375
0.0148162841796875 0.0148162841796875 0.0148162841796875
0.01666259765625 0.01666259765625 0.01666259765625
0.018524169921875 0.018524169921875 0.018524169921875
0.0203704833984375 0.0203704833984375 0.0203704833984375
0.022216796875 0.022216796875 0.022216796875
0.024078369140625 0.024078369140625 0.024078369140625
0.0259246826171875 0.0259246826171875 0.0259246826171875
0.02777099609375 0.02777099609375 0.02777099609375
0.029632568359375 0.029632568359375 0.029632568359375
0.031494140625 0.031494140625 0.031494140625
0.0333251953125 0.0333251953125 0.0333251953125
0.035186767578125 0.035186767578125 0.035186767578125
0.03704833984375 0.03704833984375 0.03704833984375
0.03887939453125 0.03887939453125 0.03887939453125
0.040740966796875 0.040740966796875 0.040740966796875
0.0426025390625 0.0426025390625 0.0426025390625
0.04443359375 0.04443359375 0.04443359375
0.046295166015625 0.046295166015625 0.046295166015625
0.04815673828125 0.04815673828125 0.04815673828125
0.04998779296875 0.04998779296875 0.04998779296875
0.051849365234375 0.051849365234375 0.051849365234375
0.0537109375 0.0537109375 0.0537109375
0.0555419921875 0.0555419921875 0.0555419921875
0.057403564453125 0.057403564453125 0.057403564453125
0.05926513671875 0.05926513671875 0.05926513671875
0.06109619140625 0.06109619140625 0.06109619140625
0.06298828125 0.06298828125 0.06298828125
0.0648193359375 0.0648193359375 0.0648193359375
0.066650390625 0.066650390625 0.066650390625
0.06854248046875 0.06854248046875 0.06854248046875
0.07037353515625 0.07037353515625 0.07037353515625
0.07220458984375 0.07220458984375 0.07220458984375
0.0740966796875 0.0740966796875 0.0740966796875
0.075927734375 0.075927734375 0.075927734375
0.0777587890625 0.0777587890625 0.0777587890625
0.07965087890625 0.07965087890625 0.07965087890625
0.08148193359375 0.08148193359375 0.08148193359375
0.08331298828125 0.08331298828125 0.08331298828125
0.085205078125 0.085205078125 0.085205078125
0.0870361328125 0.0870361328125 0.0870361328125
0.0888671875 0.0888671875 0.0888671875
0.09075927734375 0.09075927734375 0.09075927734375
0.09259033203125 0.09259033203125 0.09259033203125
0.09442138671875 0.09442138671875 0.09442138671875
0.0963134765625 0.0963134765625 0.0963134765625
0.09814453125 0.09814453125 0.09814453125
0.0999755859375 0.0999755859375 0.0999755859375
0.10186767578125 0.10186767578125 0.10186767578125
0.10369873046875 0.10369873046875 0.10369873046875
0.10552978515625 0.10552978515625 0.10552978515625
0.107421875 0.107421875 0.107421875
0.1092529296875 0.1092529296875 0.1092529296875
0.111083984375 0.111083984375 0.111083984375
0.11297607421875 0.11297607421875 0.11297607421875
0.11480712890625 0.11480712890625 0.11480712890625
0.11663818359375 0.11663818359375 0.11663818359375
0.1185302734375 0.1185302734375 0.1185302734375
0.120361328125 0.120361328125 0.120361328125
0.1221923828125 0.1221923828125 0.1221923828125
0.12408447265625 0.12408447265625 0.12408447265625
0.1259765625 0.1259765625 0.1259765625
0.1278076171875 0.1278076171875 0.1278076171875
0.129638671875 0.129638671875 0.129638671875
0.1314697265625 0.1314697265625 0.1314697265625
0.13330078125 0.13330078125 0.13330078125
0.1351318359375 0.1351318359375 0.1351318359375
0.1370849609375 0.1370849609375 0.1370849609375
0.138916015625 0.138916015625 0.138916015625
0.1407470703125 0.1407470703125 0.1407470703125
0.142578125 0.142578125 0.142578125
0.1444091796875 0.1444091796875 0.1444091796875
0.146240234375 0.146240234375 0.146240234375
0.148193359375 0.148193359375 0.148193359375
0.1500244140625 0.1500244140625 0.1500244140625
0.15185546875 0.15185546875 0.15185546875
0.1536865234375 0.1536865234375 0.1536865234375
0.155517578125 0.155517578125 0.155517578125
0.1573486328125 0.1573486328125 0.1573486328125
0.1593017578125 0.1593017578125 0.1593017578125
0.1611328125 0.1611328125 0.1611328125
0.1629638671875 0.1629638671875 0.1629638671875
0.164794921875 0.164794921875 0.164794921875
0.1666259765625 0.1666259765625 0.1666259765625
0.1685791015625 0.1685791015625 0.1685791015625
0.17041015625 0.17041015625 0.17041015625
0.1722412109375 0.1722412109375 0.1722412109375
0.174072265625 0.174072265625 0.174072265625
0.1759033203125 0.1759033203125 0.1759033203125
0.177734375 0.177734375 0.177734375
0.1796875 0.1796875 0.1796875
0.1815185546875 0.1815185546875 0.1815185546875
0.183349609375 0.183349609375 0.183349609375
0.1851806640625 0.1851806640625 0.1851806640625
0.18701171875 0.18701171875 0.18701171875
0.1888427734375 0.1888427734375 0.1888427734375
0.1907958984375 0.1907958984375 0.1907958984375
0.192626953125 0.192626953125 0.192626953125
0.1944580078125 0.1944580078125 0.1944580078125
0.1962890625 0.1962890625 0.1962890625
0.1981201171875 0.1981201171875 0.1981201171875
0.199951171875 0.199951171875 0.199951171875
0.201904296875 0.201904296875 0.201904296875
0.2037353515625 0.2037353515625 0.2037353515625
0.20556640625 0.20556640625 0.20556640625
0.2073974609375 0.2073974609375 0.2073974609375
0.209228515625 0.209228515625 0.209228515625
0.2110595703125 0.2110595703125 0.2110595703125
0.2130126953125 0.2130126953125 0.2130126953125
0.21484375 0.21484375 0.21484375
0.2166748046875 0.2166748046875 0.2166748046875
0.218505859375 0.218505859375 0.218505859375
0.2203369140625 0.2203369140625 0.2203369140625
0.22216796875 0.22216796875 0.22216796875
0.22412109375 0.22412109375 0.22412109375
0.2259521484375 0.2259521484375 0.2259521484375
0.227783203125 0.227783203125 0.227783203125
0.2296142578125 0.2296142578125 0.2296142578125
0.2314453125 0.2314453125 0.2314453125
0.2332763671875 0.2332763671875 0.2332763671875
0.2352294921875 0.2352294921875 0.2352294921875
0.237060546875 0.237060546875 0.237060546875
0.2388916015625 0.2388916015625 0.2388916015625
0.24072265625 0.24072265625 0.24072265625
0.2425537109375 0.2425537109375 0.2425537109375
0.244384765625 0.244384765625 0.244384765625
0.246337890625 0.246337890625 0.246337890625
0.2481689453125 0.2481689453125 0.2481689453125
0.25 0.25 0.25
0.251953125 0.251953125 0.251953125
0.253662109375 0.253662109375 0.253662109375
0.255615234375 0.255615234375 0.255615234375
0.25732421875 0.25732421875 0.25732421875
0.25927734375 0.25927734375 0.25927734375
0.26123046875 0.26123046875 0.26123046875
0.262939453125 0.262939453125 0.262939453125
0.264892578125 0.264892578125 0.264892578125
0.2666015625 0.2666015625 0.2666015625
0.2685546875 0.2685546875 0.2685546875
0.270263671875 0.270263671875 0.270263671875
0.272216796875 0.272216796875 0.272216796875
0.274169921875 0.274169921875 0.274169921875
0.27587890625 0.27587890625 0.27587890625
0.27783203125 0.27783203125 0.27783203125
0.279541015625 0.279541015625 0.279541015625
0.281494140625 0.281494140625 0.281494140625
0.283447265625 0.283447265625 0.283447265625
0.28515625 0.28515625 0.28515625
0.287109375 0.287109375 0.287109375
0.288818359375 0.288818359375 0.288818359375
0.290771484375 0.290771484375 0.290771484375
0.29248046875 0.29248046875 0.29248046875
0.29443359375 0.29443359375 0.29443359375
0.29638671875 0.29638671875 0.29638671875
0.298095703125 0.298095703125 0.298095703125
0.300048828125 0.300048828125 0.300048828125
0.3017578125 0.3017578125 0.3017578125
0.3037109375 0.3037109375 0.3037109375
0.3056640625 0.3056640625 0.3056640625
0.307373046875 0.307373046875 0.307373046875
0.309326171875 0.309326171875 0.309326171875
0.31103515625 0.31103515625 0.31103515625
0.31298828125 0.31298828125 0.31298828125
0.314697265625 0.314697265625 0.314697265625
0.316650390625 0.316650390625 0.316650390625
0.318603515625 0.318603515625 0.318603515625
0.3203125 0.3203125 0.3203125
0.322265625 0.322265625 0.322265625
0.323974609375 0.323974609375 0.323974609375
0.325927734375 0.325927734375 0.325927734375
0.327880859375 0.327880859375 0.327880859375
0.32958984375 0.32958984375 0.32958984375
0.33154296875 0.33154296875 0.33154296875
0.333251953125 0.333251953125 0.333251953125
0.335205078125 0.335205078125 0.335205078125
0.337158203125 0.337158203125 0.337158203125
0.3388671875 0.3388671875 0.3388671875
0.3408203125 0.3408203125 0.3408203125
0.342529296875 0.342529296875 0.342529296875
0.344482421875 0.344482421875 0.344482421875
0.34619140625 0.34619140625 0.34619140625
0.34814453125 0.34814453125 0.34814453125
0.35009765625 0.35009765625 0.35009765625
0.351806640625 0.351806640625 0.351806640625
0.353759765625 0.353759765625 0.353759765625
0.35546875 0.35546875 0.35546875
0.357421875 0.357421875 0.357421875
0.359375 0.359375 0.359375
0.361083984375 0.361083984375 0.361083984375
0.363037109375 0.363037109375 0.363037109375
0.36474609375 0.36474609375 0.36474609375
0.36669921875 0.36669921875 0.36669921875
0.368408203125 0.368408203125 0.368408203125
0.370361328125 0.370361328125 0.370361328125
0.372314453125 0.372314453125 0.372314453125
0.3740234375 0.3740234375 0.3740234375
0.3759765625 0.3759765625 0.3759765625
0.377685546875 0.377685546875 0.377685546875
0.379638671875 0.379638671875 0.379638671875
0.381591796875 0.381591796875 0.381591796875
0.38330078125 0.38330078125 0.38330078125
0.38525390625 0.38525390625 0.38525390625
0.386962890625 0.386962890625 0.386962890625
0.388916015625 0.388916015625 0.388916015625
0.390625 0.390625 0.390625
0.392578125 0.392578125 0.392578125
0.39453125 0.39453125 0.39453125
0.396240234375 0.396240234375 0.396240234375
0.398193359375 0.398193359375 0.398193359375
0.39990234375 0.39990234375 0.39990234375
0.40185546875 0.40185546875 0.40185546875
0.40380859375 0.40380859375 0.40380859375
0.405517578125 0.405517578125 0.405517578125
0.407470703125 0.407470703125 0.407470703125
0.4091796875 0.4091796875 0.4091796875
0.4111328125 0.4111328125 0.4111328125
0.412841796875 0.412841796875 0.412841796875
0.414794921875 0.414794921875 0.414794921875
0.416748046875 0.416748046875 0.416748046875
0.41845703125 0.41845703125 0.41845703125
0.42041015625 0.42041015625 0.42041015625
0.422119140625 0.422119140625 0.422119140625
0.424072265625 0.424072265625 0.424072265625
0.426025390625 0.426025390625 0.426025390625
0.427734375 0.427734375 0.427734375
0.4296875 0.4296875 0.4296875
0.431396484375 0.431396484375 0.431396484375
0.433349609375 0.433349609375 0.433349609375
0.435302734375 0.435302734375 0.435302734375
0.43701171875 0.43701171875 0.43701171875
0.43896484375 0.43896484375 0.43896484375
0.440673828125 0.440673828125 0.440673828125
0.442626953125 0.442626953125 0.442626953125
0.4443359375 0.4443359375 0.4443359375
0.4462890625 0.4462890625 0.4462890625
0.4482421875 0.4482421875 0.4482421875
0.449951171875 0.449951171875 0.449951171875
0.451904296875 0.451904296875 0.451904296875
0.45361328125 0.45361328125 0.45361328125
0.45556640625 0.45556640625 0.45556640625
0.45751953125 0.45751953125 0.45751953125
0.459228515625 0.459228515625 0.459228515625
0.461181640625 0.461181640625 0.461181640625
0.462890625 0.462890625 0.462890625
0.46484375 0.46484375 0.46484375
0.466552734375 0.466552734375 0.466552734375
0.468505859375 0.468505859375 0.468505859375
0.470458984375 0.470458984375 0.470458984375
0.47216796875 0.47216796875 0.47216796875
0.47412109375 0.47412109375 0.47412109375
0.475830078125 0.475830078125 0.475830078125
0.477783203125 0.477783203125 0.477783203125
0.479736328125 0.479736328125 0.479736328125
0.4814453125 0.4814453125 0.4814453125
0.4833984375 0.4833984375 0.4833984375
0.485107421875 0.485107421875 0.485107421875
0.487060546875 0.487060546875 0.487060546875
0.48876953125 0.48876953125 0.48876953125
0.49072265625 0.49072265625 0.49072265625
0.49267578125 0.49267578125 0.49267578125
0.494384765625 0.494384765625 0.494384765625
0.496337890625 0.496337890625 0.496337890625
0.498046875 0.498046875 0.498046875
0.5 0.5 0.5
0.49852561950683594 0.5024509429931641 0.49852561950683594
0.4975395202636719 0.5053901672363281 0.4975395202636719
0.496063232421875 0.507843017578125 0.496063232421875
0.49459075927734375 0.5102920532226562 0.49459075927734375
0.49359893798828125 0.5132369995117188 0.49359893798828125
0.49212646484375 0.51568603515625 0.49212646484375
0.49065399169921875 0.5181350708007812 0.49065399169921875
0.4896697998046875 0.5210723876953125 0.4896697998046875
0.488189697265625 0.523529052734375 0.488189697265625
0.4867095947265625 0.5259857177734375 0.4867095947265625
0.4857330322265625 0.5289154052734375 0.4857330322265625
0.4842529296875 0.5313720703125 0.4842529296875
0.4827728271484375 0.5338287353515625 0.4827728271484375
0.4817962646484375 0.5367584228515625 0.4817962646484375
0.480316162109375 0.539215087890625 0.480316162109375
0.478851318359375 0.541656494140625 0.478851318359375
0.47784423828125 0.54461669921875 0.47784423828125
0.47637939453125 0.54705810546875 0.47637939453125
0.47491455078125 0.54949951171875 0.47491455078125
0.473907470703125 0.552459716796875 0.473907470703125
0.472442626953125 0.554901123046875 0.472442626953125
0.470977783203125 0.557342529296875 0.470977783203125
0.469970703125 0.560302734375 0.469970703125
0.468505859375 0.562744140625 0.468505859375
0.467529296875 0.565673828125 0.467529296875
0.466033935546875 0.568145751953125 0.466033935546875
0.464569091796875 0.570587158203125 0.464569091796875
0.463592529296875 0.573516845703125 0.463592529296875
0.46209716796875 0.57598876953125 0.46209716796875
0.46063232421875 0.57843017578125 0.46063232421875
0.45965576171875 0.58135986328125 0.45965576171875
0.45819091796875 0.58380126953125 0.45819091796875
0.4566650390625 0.5863037109375 0.4566650390625
0.4556884765625 0.5892333984375 0.4556884765625
0.4542236328125 0.5916748046875 0.4542236328125
0.4527587890625 0.5941162109375 0.4527587890625
0.4517822265625 0.5970458984375 0.4517822265625
0.4503173828125 0.5994873046875 0.4503173828125
0.44879150390625 0.60198974609375 0.44879150390625
0.44781494140625 0.60491943359375 0.44781494140625
0.44635009765625 0.60736083984375 0.44635009765625
0.44488525390625 0.60980224609375 0.44488525390625
0.44390869140625 0.61273193359375 0.44390869140625
0.44244384765625 0.61517333984375 0.44244384765625
0.44091796875 0.61767578125 0.44091796875
0.43994140625 0.62060546875 0.43994140625
0.4384765625 0.623046875 0.4384765625
0.43701171875 0.62548828125 0.43701171875
0.43603515625 0.62841796875 0.43603515625
0.4345703125 0.630859375 0.4345703125
0.43304443359375 0.63336181640625 0.43304443359375
0.43206787109375 0.63629150390625 0.43206787109375
0.43060302734375 0.63873291015625 0.43060302734375
0.42913818359375 0.64117431640625 0.42913818359375
0.42816162109375 0.64410400390625 0.42816162109375
0.42669677734375 0.64654541015625 0.42669677734375
0.4251708984375 0.6490478515625 0.4251708984375
0.4241943359375 0.6519775390625 0.4241943359375
0.4227294921875 0.6544189453125 0.4227294921875
0.4212646484375 0.6568603515625 0.4212646484375
0.4202880859375 0.6597900390625 0.4202880859375
0.4188232421875 0.6622314453125 0.4188232421875
0.41729736328125 0.66473388671875 0.41729736328125
0.4163818359375 0.6676025390625 0.4163818359375
0.4149169921875 0.6700439453125 0.4149169921875
0.413330078125 0.672607421875 0.413330078125
0.412353515625 0.675537109375 0.412353515625
0.410888671875 0.677978515625 0.410888671875
0.409423828125 0.680419921875 0.409423828125
0.408447265625 0.683349609375 0.408447265625
0.406982421875 0.685791015625 0.406982421875
0.406005859375 0.688720703125 0.406005859375
0.404541015625 0.691162109375 0.404541015625
0.403076171875 0.693603515625 0.403076171875
0.402099609375 0.696533203125 0.402099609375
0.400634765625 0.698974609375 0.400634765625
0.399169921875 0.701416015625 0.399169921875
0.3980712890625 0.7044677734375 0.3980712890625
0.3966064453125 0.7069091796875 0.3966064453125
0.3951416015625 0.7093505859375 0.3951416015625
0.3941650390625 0.7122802734375 0.3941650390625
0.3927001953125 0.7147216796875 0.3927001953125
0.3912353515625 0.7171630859375 0.3912353515625
0.3902587890625 0.7200927734375 0.3902587890625
0.3887939453125 0.7225341796875 0.3887939453125
0.3873291015625 0.7249755859375 0.3873291015625
0.3863525390625 0.7279052734375 0.3863525390625
0.3848876953125 0.7303466796875 0.3848876953125
0.3834228515625 0.7327880859375 0.3834228515625
0.38232421875 0.73583984375 0.38232421875
0.380859375 0.73828125 0.380859375
0.37939453125 0.74072265625 0.37939453125
0.37841796875 0.74365234375 0.37841796875
0.376953125 0.74609375 0.376953125
0.37548828125 0.74853515625 0.37548828125
0.37451171875 0.75146484375 0.37451171875
0.373046875 0.75390625 0.373046875
0.37158203125 0.75634765625 0.37158203125
0.37060546875 0.75927734375 0.37060546875
0.369140625 0.76171875 0.369140625
0.36767578125 0.76416015625 0.36767578125
0.3665771484375 0.7672119140625 0.3665771484375
0.3651123046875 0.7696533203125 0.3651123046875
0.3636474609375 0.7720947265625 0.3636474609375
0.3626708984375 0.7750244140625 0.3626708984375
0.3612060546875 0.7774658203125 0.3612060546875
0.3597412109375 0.7799072265625 0.3597412109375
0.3587646484375 0.7828369140625 0.3587646484375
0.3572998046875 0.7852783203125 0.3572998046875
0.3558349609375 0.7877197265625 0.3558349609375
0.3548583984375 0.7906494140625 0.3548583984375
0.3533935546875 0.7930908203125 0.3533935546875
0.3519287109375 0.7955322265625 0.3519287109375
0.350830078125 0.798583984375 0.350830078125
0.349365234375 0.801025390625 0.349365234375
0.347900390625 0.803466796875 0.347900390625
0.346923828125 0.806396484375 0.346923828125
0.345458984375 0.808837890625 0.345458984375
0.343994140625 0.811279296875 0.343994140625
0.343017578125 0.814208984375 0.343017578125
0.341552734375 0.816650390625 0.341552734375
0.340576171875 0.819580078125 0.340576171875
0.339111328125 0.822021484375 0.339111328125
0.337646484375 0.824462890625 0.337646484375
0.336669921875 0.827392578125 0.336669921875
0.3350830078125 0.8299560546875 0.3350830078125
0.3336181640625 0.8323974609375 0.3336181640625
0.332763671875 0.835205078125 0.332763671875
0.331298828125 0.837646484375 0.331298828125
0.329833984375 0.840087890625 0.329833984375
0.328857421875 0.843017578125 0.328857421875
0.3271484375 0.845703125 0.3271484375
0.32568359375 0.84814453125 0.32568359375
0.32470703125 0.85107421875 0.32470703125
0.3232421875 0.853515625 0.3232421875
0.32177734375 0.85595703125 0.32177734375
0.32080078125 0.85888671875 0.32080078125
0.3193359375 0.861328125 0.3193359375
0.31787109375 0.86376953125 0.31787109375
0.31689453125 0.86669921875 0.31689453125
0.3154296875 0.869140625 0.3154296875
0.31396484375 0.87158203125 0.31396484375
0.31298828125 0.87451171875 0.31298828125
0.3115234375 0.876953125 0.3115234375
0.31005859375 0.87939453125 0.31005859375
0.30908203125 0.88232421875 0.30908203125
0.3076171875 0.884765625 0.3076171875
0.30615234375 0.88720703125 0.30615234375
0.30517578125 0.89013671875 0.30517578125
0.3037109375 0.892578125 0.3037109375
0.30224609375 0.89501953125 0.30224609375
0.30126953125 0.89794921875 0.30126953125
0.2998046875 0.900390625 0.2998046875
0.29833984375 0.90283203125 0.29833984375
0.29736328125 0.90576171875 0.29736328125
0.295654296875 0.908447265625 0.295654296875
0.294189453125 0.910888671875 0.294189453125
0.293212890625 0.913818359375 0.293212890625
0.291748046875 0.916259765625 0.291748046875
0.290283203125 0.918701171875 0.290283203125
0.289306640625 0.921630859375 0.289306640625
0.287841796875 0.924072265625 0.287841796875
0.286376953125 0.926513671875 0.286376953125
0.285400390625 0.929443359375 0.285400390625
0.283935546875 0.931884765625 0.283935546875
0.282470703125 0.934326171875 0.282470703125
0.281494140625 0.937255859375 0.281494140625
0.280029296875 0.939697265625 0.280029296875
0.279052734375 0.942626953125 0.279052734375
0.277587890625 0.945068359375 0.277587890625
0.276123046875 0.947509765625 0.276123046875
0.275146484375 0.950439453125 0.275146484375
0.273681640625 0.952880859375 0.273681640625
0.272216796875 0.955322265625 0.272216796875
0.271240234375 0.958251953125 0.271240234375
0.269775390625 0.960693359375 0.269775390625
0.268310546875 0.963134765625 0.268310546875
0.267333984375 0.966064453125 0.267333984375
0.265869140625 0.968505859375 0.265869140625
0.26416015625 0.97119140625 0.26416015625
0.26318359375 0.97412109375 0.26318359375
0.26171875 0.9765625 0.26171875
0.26025390625 0.97900390625 0.26025390625
0.25927734375 0.98193359375 0.25927734375
0.2578125 0.984375 0.2578125
0.25634765625 0.98681640625 0.25634765625
0.25537109375 0.98974609375 0.25537109375
0.25390625 0.9921875 0.25390625
0.25244140625 0.99462890625 0.25244140625
0.25146484375 0.99755859375 0.25146484375
0.25 1.0 0.25
0.25249671936035156 1.0000553131103516 0.24799156188964844
0.2542610168457031 0.9998664855957031 0.24525070190429688
0.2567558288574219 0.9999198913574219 0.24324417114257812
0.25901031494140625 1.0002212524414062 0.24098968505859375
0.261016845703125 0.999786376953125 0.238494873046875
0.26351165771484375 0.9998397827148438 0.23648834228515625
0.2657623291015625 1.0001373291015625 0.2342376708984375
0.2682647705078125 1.0001983642578125 0.2322235107421875
0.270263671875 0.999755859375 0.229736328125
0.27252197265625 1.00006103515625 0.22747802734375
0.2750244140625 1.0001220703125 0.2254638671875
0.2767791748046875 0.9999237060546875 0.2227325439453125
0.2792816162109375 0.9999847412109375 0.2207183837890625
0.281768798828125 1.000030517578125 0.218719482421875
0.283538818359375 0.999847412109375 0.215972900390625
0.286041259765625 0.999908447265625 0.213958740234375
0.288299560546875 1.000213623046875 0.211700439453125
0.290283203125 0.999755859375 0.209228515625
0.29278564453125 0.99981689453125 0.20721435546875
0.2950439453125 1.0001220703125 0.2049560546875
0.29754638671875 1.00018310546875 0.20294189453125
0.29931640625 1.0 0.2001953125
0.301788330078125 1.000030517578125 0.198211669921875
0.304290771484375 1.000091552734375 0.196197509765625
0.306060791015625 0.999908447265625 0.193450927734375
0.308563232421875 0.999969482421875 0.191436767578125
0.311065673828125 1.000030517578125 0.189422607421875
0.31280517578125 0.99981689453125 0.18670654296875
0.3153076171875 0.9998779296875 0.1846923828125
0.31756591796875 1.00018310546875 0.18243408203125
0.320068359375 1.000244140625 0.180419921875
0.32208251953125 0.99981689453125 0.17791748046875
0.3243408203125 1.0001220703125 0.1756591796875
0.32684326171875 1.00018310546875 0.17364501953125
0.32861328125 1.0 0.1708984375
0.3310546875 1.0 0.1689453125
0.33355712890625 1.00006103515625 0.16693115234375
0.3353271484375 0.9998779296875 0.1641845703125
0.33782958984375 0.99993896484375 0.16217041015625
0.34033203125 1.0 0.16015625
0.34210205078125 0.99981689453125 0.15740966796875
0.3446044921875 0.9998779296875 0.1553955078125
0.34686279296875 1.00018310546875 0.15313720703125
0.349365234375 1.000244140625 0.151123046875
0.35137939453125 0.99981689453125 0.14862060546875
0.35357666015625 1.00006103515625 0.14642333984375
0.3560791015625 1.0001220703125 0.1444091796875
0.35784912109375 0.99993896484375 0.14166259765625
0.3603515625 1.0 0.1396484375
0.36285400390625 1.00006103515625 0.13763427734375
0.3646240234375 0.9998779296875 0.1348876953125
0.36712646484375 0.99993896484375 0.13287353515625
0.369384765625 1.000244140625 0.130615234375
0.37139892578125 0.99981689453125 0.12811279296875
0.3739013671875 0.9998779296875 0.1260986328125
0.3760986328125 1.0001220703125 0.1239013671875
0.378662109375 1.000244140625 0.121826171875
0.380615234375 0.999755859375 0.119384765625
0.3829345703125 1.0001220703125 0.1170654296875
0.3853759765625 1.0001220703125 0.1151123046875
0.3870849609375 0.9998779296875 0.1124267578125
0.3896484375 1.0 0.1103515625
0.39208984375 1.0 0.1083984375
0.3939208984375 0.9998779296875 0.1055908203125
0.3963623046875 0.9998779296875 0.1036376953125
0.398681640625 1.000244140625 0.101318359375
0.400634765625 0.999755859375 0.098876953125
0.4031982421875 0.9998779296875 0.0968017578125
0.4053955078125 1.0001220703125 0.0946044921875
0.407958984375 1.000244140625 0.092529296875
0.40966796875 1.0 0.08984375
0.412109375 1.0 0.087890625
0.4146728515625 1.0001220703125 0.0858154296875
0.4163818359375 0.9998779296875 0.0831298828125
0.4189453125 1.0 0.0810546875
0.42138671875 1.0 0.0791015625
0.4232177734375 0.9998779296875 0.0762939453125
0.4256591796875 0.9998779296875 0.0743408203125
0.427978515625 1.000244140625 0.072021484375
0.429931640625 0.999755859375 0.069580078125
0.432373046875 0.999755859375 0.067626953125
0.4346923828125 1.0001220703125 0.0653076171875
0.4371337890625 1.0001220703125 0.0633544921875
0.43896484375 1.0 0.060546875
0.44140625 1.0 0.05859375
0.4439697265625 1.0001220703125 0.0565185546875
0.4456787109375 0.9998779296875 0.0538330078125
0.4482421875 1.0 0.0517578125
0.45068359375 1.0 0.0498046875
0.4525146484375 0.9998779296875 0.0469970703125
0.4549560546875 0.9998779296875 0.0450439453125
0.4571533203125 1.0001220703125 0.0428466796875
0.459716796875 1.000244140625 0.040771484375
0.461669921875 0.999755859375 0.038330078125
0.4639892578125 1.0001220703125 0.0360107421875
0.4664306640625 1.0001220703125 0.0340576171875
0.46826171875 1.0 0.03125
0.470703125 1.0 0.029296875
0.4732666015625 1.0001220703125 0.0272216796875
0.4749755859375 0.9998779296875 0.0245361328125
0.4774169921875 0.9998779296875 0.0225830078125
0.479736328125 1.000244140625 0.020263671875
0.481689453125 0.999755859375 0.017822265625
0.4842529296875 0.9998779296875 0.0157470703125
0.4864501953125 1.0001220703125 0.0135498046875
0.489013671875 1.000244140625 0.011474609375
0.490966796875 0.999755859375 0.009033203125
0.4932861328125 1.0001220703125 0.0067138671875
0.4957275390625 1.0001220703125 0.0047607421875
0.49755859375 1.0 0.001953125
0.5 1.0 0.0
0.5 0.997802734375 0.002197265625
0.5 0.995361328125 0.004638671875
0.5 0.9931640625 0.0068359375
0.5 0.990966796875 0.009033203125
0.5 0.98876953125 0.01123046875
0.5 0.986328125 0.013671875
0.5 0.984130859375 0.015869140625
0.5 0.98193359375 0.01806640625
0.5 0.979736328125 0.020263671875
0.5 0.977294921875 0.022705078125
0.5 0.97509765625 0.02490234375
0.5 0.972900390625 0.027099609375
0.5 0.970703125 0.029296875
0.5 0.96826171875 0.03173828125
0.5 0.966064453125 0.033935546875
0.5 0.9638671875 0.0361328125
0.5 0.96142578125 0.03857421875
0.5 0.959228515625 0.040771484375
0.5 0.95703125 0.04296875
0.5 0.954833984375 0.045166015625
0.5 0.952392578125 0.047607421875
0.5 0.9501953125 0.0498046875
0.5 0.947998046875 0.052001953125
0.5 0.94580078125 0.05419921875
0.5 0.943359375 0.056640625
0.5 0.941162109375 0.058837890625
0.5 0.93896484375 0.06103515625
0.5 0.936767578125 0.063232421875
0.5 0.934326171875 0.065673828125
0.5 0.93212890625 0.06787109375
0.5 0.929931640625 0.070068359375
0.5 0.927490234375 0.072509765625
0.5 0.92529296875 0.07470703125
0.5 0.923095703125 0.076904296875
0.5 0.9208984375 0.0791015625
0.5 0.91845703125 0.08154296875
0.5 0.916259765625 0.083740234375
0.5 0.9140625 0.0859375
0.5 0.911865234375 0.088134765625
0.5 0.909423828125 0.090576171875
0.5 0.9072265625 0.0927734375
0.5 0.905029296875 0.094970703125
0.5 0.90283203125 0.09716796875
0.5 0.900390625 0.099609375
0.5 0.898193359375 0.101806640625
0.5 0.89599609375 0.10400390625
0.5 0.8935546875 0.1064453125
0.5 0.891357421875 0.108642578125
0.5 0.88916015625 0.11083984375
0.5 0.886962890625 0.113037109375
0.5 0.884521484375 0.115478515625
0.5 0.88232421875 0.11767578125
0.5 0.880126953125 0.119873046875
0.5 0.8779296875 0.1220703125
0.5 0.87548828125 0.12451171875
0.5 0.873291015625 0.126708984375
0.5 0.87109375 0.12890625
0.5 0.868896484375 0.131103515625
0.5 0.866455078125 0.133544921875
0.5 0.8642578125 0.1357421875
0.5 0.862060546875 0.137939453125
0.5 0.859619140625 0.140380859375
0.5 0.857421875 0.142578125
0.5 0.855224609375 0.144775390625
0.5 0.85302734375 0.14697265625
0.5 0.8505859375 0.1494140625
0.5 0.848388671875 0.151611328125
0.5 0.84619140625 0.15380859375
0.5 0.843994140625 0.156005859375
0.5 0.841552734375 0.158447265625
0.5 0.83935546875 0.16064453125
0.5 0.837158203125 0.162841796875
0.5 0.8349609375 0.1650390625
0.5 0.83251953125 0.16748046875
0.5 0.830322265625 0.169677734375
0.5 0.828125 0.171875
0.5 0.82568359375 0.17431640625
0.5 0.823486328125 0.176513671875
0.5 0.8212890625 0.1787109375
0.5 0.819091796875 0.180908203125
0.5 0.816650390625 0.183349609375
0.5 0.814453125 0.185546875
0.5 0.812255859375 0.187744140625
0.5 0.81005859375 0.18994140625
0.5 0.8076171875 0.1923828125
0.5 0.805419921875 0.194580078125
0.5 0.80322265625 0.19677734375
0.5 0.801025390625 0.198974609375
0.5 0.798583984375 0.201416015625
0.5 0.79638671875 0.20361328125
0.5 0.794189453125 0.205810546875
0.5 0.791748046875 0.208251953125
0.5 0.78955078125 0.21044921875
0.5 0.787353515625 0.212646484375
0.5 0.78515625 0.21484375
0.5 0.78271484375 0.21728515625
0.5 0.780517578125 0.219482421875
0.5 0.7783203125 0.2216796875
0.5 0.776123046875 0.223876953125
0.5 0.773681640625 0.226318359375
0.5 0.771484375 0.228515625
0.5 0.769287109375 0.230712890625
0.5 0.76708984375 0.23291015625
0.5 0.7646484375 0.2353515625
0.5 0.762451171875 0.237548828125
0.5 0.76025390625 0.23974609375
0.5 0.7578125 0.2421875
0.5 0.755615234375 0.244384765625
0.5 0.75341796875 0.24658203125
0.5 0.751220703125 0.248779296875
0.5 0.7489013671875 0.2510986328125
0.5 0.74658203125 0.25341796875
0.5 0.744384765625 0.255615234375
0.5 0.7420654296875 0.2579345703125
0.5 0.7398681640625 0.2601318359375
0.5 0.737548828125 0.262451171875
0.5 0.7353515625 0.2646484375
0.5 0.7330322265625 0.2669677734375
0.5 0.730712890625 0.269287109375
0.5 0.728515625 0.271484375
0.5 0.7261962890625 0.2738037109375
0.5 0.7239990234375 0.2760009765625
0.5 0.7216796875 0.2783203125
0.5 0.719482421875 0.280517578125
0.5 0.7171630859375 0.2828369140625
0.5 0.7149658203125 0.2850341796875
0.5 0.712646484375 0.287353515625
0.5 0.71044921875 0.28955078125
0.5 0.7081298828125 0.2918701171875
0.5 0.7059326171875 0.2940673828125
0.5 0.70361328125 0.29638671875
0.5 0.701416015625 0.298583984375
0.5 0.6990966796875 0.3009033203125
0.5 0.69677734375 0.30322265625
0.5 0.694580078125 0.305419921875
0.5 0.6922607421875 0.3077392578125
0.5 0.6900634765625 0.3099365234375
0.5 0.687744140625 0.312255859375
0.5 0.685546875 0.314453125
0.5 0.6832275390625 0.3167724609375
0.5 0.6810302734375 0.3189697265625
0.5 0.6787109375 0.3212890625
0.5 0.676513671875 0.323486328125
0.5 0.6741943359375 0.3258056640625
0.5 0.6719970703125 0.3280029296875
0.5 0.669677734375 0.330322265625
0.5 0.66748046875 0.33251953125
0.5 0.6651611328125 0.3348388671875
0.5 0.662841796875 0.337158203125
0.5 0.66064453125 0.33935546875
0.5 0.6583251953125 0.3416748046875
0.5 0.6561279296875 0.3438720703125
0.5 0.65380859375 0.34619140625
0.5 0.651611328125 0.348388671875
0.5 0.6492919921875 0.3507080078125
0.5 0.6470947265625 0.3529052734375
0.5 0.644775390625 0.355224609375
0.5 0.642578125 0.357421875
0.5 0.6402587890625 0.3597412109375
0.5 0.6380615234375 0.3619384765625
0.5 0.6357421875 0.3642578125
0.5 0.633544921875 0.366455078125
0.5 0.6312255859375 0.3687744140625
0.5 0.62890625 0.37109375
0.5 0.626708984375 0.373291015625
0.5 0.62445068359375 0.37554931640625
0.5 0.6221923828125 0.3778076171875
0.5 0.61993408203125 0.38006591796875
0.5 0.61767578125 0.38232421875
0.5 0.6153564453125 0.3846435546875
0.5 0.61309814453125 0.38690185546875
0.5 0.61083984375 0.38916015625
0.5 0.60858154296875 0.39141845703125
0.5 0.6063232421875 0.3936767578125
0.5 0.60406494140625 0.39593505859375
0.5 0.601806640625 0.398193359375
0.5 0.59954833984375 0.40045166015625
0.5 0.5972900390625 0.4027099609375
0.5 0.59503173828125 0.40496826171875
0.5 0.5927734375 0.4072265625
0.5 0.59051513671875 0.40948486328125
0.5 0.5882568359375 0.4117431640625
0.5 0.58599853515625 0.41400146484375
0.5 0.583740234375 0.416259765625
0.5 0.5814208984375 0.4185791015625
0.5 0.57916259765625 0.42083740234375
0.5 0.576904296875 0.423095703125
0.5 0.57464599609375 0.42535400390625
0.5 0.5723876953125 0.4276123046875
0.5 0.57012939453125 0.42987060546875
0.5 0.56787109375 0.43212890625
0.5 0.56561279296875 0.43438720703125
0.5 0.5633544921875 0.4366455078125
0.5 0.56109619140625 0.43890380859375
0.5 0.558837890625 0.441162109375
0.5 0.556549072265625 0.443450927734375
0.5 0.554290771484375 0.445709228515625
0.5 0.552032470703125 0.447967529296875
0.5 0.549774169921875 0.450225830078125
0.5 0.547515869140625 0.452484130859375
0.5 0.545257568359375 0.454742431640625
0.5 0.542999267578125 0.457000732421875
0.5 0.54071044921875 0.45928955078125
0.5 0.5384521484375 0.4615478515625
0.5 0.53619384765625 0.46380615234375
0.5 0.533935546875 0.466064453125
0.5 0.53167724609375 0.46832275390625
0.5 0.5294189453125 0.4705810546875
0.5 0.5271453857421875 0.4728546142578125
0.5 0.5248870849609375 0.4751129150390625
0.5 0.5226287841796875 0.4773712158203125
0.5 0.520355224609375 0.479644775390625
0.5 0.518096923828125 0.481903076171875
0.5 0.515838623046875 0.484161376953125
0.5 0.5135726928710938 0.48642730712890625
0.5 0.5113143920898438 0.48868560791015625
0.5 0.5090484619140625 0.4909515380859375
0.5 0.5067863464355469 0.4932136535644531
0.5 0.5045242309570312 0.49547576904296875
0.5 0.5022621154785156 0.4977378845214844
0.5 0.5 0.5
0.5012302398681641 0.5012302398681641 0.49730491638183594
0.5027046203613281 0.5027046203613281 0.4948539733886719
0.503936767578125 0.503936767578125 0.492156982421875
0.5051651000976562 0.5051651000976562 0.48946380615234375
0.5066452026367188 0.5066452026367188 0.48700714111328125
0.50787353515625 0.50787353515625 0.48431396484375
0.5091018676757812 0.5091018676757812 0.48162078857421875
0.5105743408203125 0.5105743408203125 0.4791717529296875
0.511810302734375 0.511810302734375 0.476470947265625
0.5130462646484375 0.5130462646484375 0.4737701416015625
0.5145111083984375 0.5145111083984375 0.4713287353515625
0.5157470703125 0.5157470703125 0.4686279296875
0.5169830322265625 0.5169830322265625 0.4659271240234375
0.5182037353515625 0.5182037353515625 0.4632415771484375
0.519683837890625 0.519683837890625 0.460784912109375
0.520904541015625 0.520904541015625 0.458099365234375
0.52215576171875 0.52215576171875 0.45538330078125
0.52362060546875 0.52362060546875 0.45294189453125
0.52484130859375 0.52484130859375 0.45025634765625
0.526092529296875 0.526092529296875 0.447540283203125
0.527557373046875 0.527557373046875 0.445098876953125
0.528778076171875 0.528778076171875 0.442413330078125
0.530029296875 0.530029296875 0.439697265625
0.531494140625 0.531494140625 0.437255859375
0.53271484375 0.53271484375 0.4345703125
0.533966064453125 0.533966064453125 0.431854248046875
0.535430908203125 0.535430908203125 0.429412841796875
0.536651611328125 0.536651611328125 0.426727294921875
0.53790283203125 0.53790283203125 0.42401123046875
0.53936767578125 0.53936767578125 0.42156982421875
0.54058837890625 0.54058837890625 0.41888427734375
0.54180908203125 0.54180908203125 0.41619873046875
0.5433349609375 0.5433349609375 0.4136962890625
0.5445556640625 0.5445556640625 0.4110107421875
0.5457763671875 0.5457763671875 0.4083251953125
0.5469970703125 0.5469970703125 0.4056396484375
0.5484619140625 0.5484619140625 0.4031982421875
0.5496826171875 0.5496826171875 0.4005126953125
0.55096435546875 0.55096435546875 0.39776611328125
0.55242919921875 0.55242919921875 0.39532470703125
0.55364990234375 0.55364990234375 0.39263916015625
0.55487060546875 0.55487060546875 0.38995361328125
0.55633544921875 0.55633544921875 0.38751220703125
0.55755615234375 0.55755615234375 0.38482666015625
0.558837890625 0.558837890625 0.382080078125
0.560302734375 0.560302734375 0.379638671875
0.5615234375 0.5615234375 0.376953125
0.562744140625 0.562744140625 0.374267578125
0.564208984375 0.564208984375 0.371826171875
0.5654296875 0.5654296875 0.369140625
0.56671142578125 0.56671142578125 0.36639404296875
0.56817626953125 0.56817626953125 0.36395263671875
0.56939697265625 0.56939697265625 0.36126708984375
0.57061767578125 0.57061767578125 0.35858154296875
0.57208251953125 0.57208251953125 0.35614013671875
0.57330322265625 0.57330322265625 0.35345458984375
0.5745849609375 0.5745849609375 0.3507080078125
0.5760498046875 0.5760498046875 0.3482666015625
0.5772705078125 0.5772705078125 0.3455810546875
0.5784912109375 0.5784912109375 0.3428955078125
0.5797119140625 0.5797119140625 0.3402099609375
0.5811767578125 0.5811767578125 0.3377685546875
0.58245849609375 0.58245849609375 0.33502197265625
0.5836181640625 0.5836181640625 0.3323974609375
0.5850830078125 0.5850830078125 0.3299560546875
0.58642578125 0.58642578125 0.3271484375
0.587646484375 0.587646484375 0.324462890625
0.589111328125 0.589111328125 0.322021484375
0.59033203125 0.59033203125 0.3193359375
0.591552734375 0.591552734375 0.316650390625
0.593017578125 0.593017578125 0.314208984375
0.59423828125 0.59423828125 0.3115234375
0.595458984375 0.595458984375 0.308837890625
0.596923828125 0.596923828125 0.306396484375
0.59814453125 0.59814453125 0.3037109375
0.599365234375 0.599365234375 0.301025390625
0.600830078125 0.600830078125 0.298583984375
0.6021728515625 0.6021728515625 0.2957763671875
0.6033935546875 0.6033935546875 0.2930908203125
0.6048583984375 0.6048583984375 0.2906494140625
0.6060791015625 0.6060791015625 0.2879638671875
0.6072998046875 0.6072998046875 0.2852783203125
0.6087646484375 0.6087646484375 0.2828369140625
0.6099853515625 0.6099853515625 0.2801513671875
0.6112060546875 0.6112060546875 0.2774658203125
0.6124267578125 0.6124267578125 0.2747802734375
0.6138916015625 0.6138916015625 0.2723388671875
0.6151123046875 0.6151123046875 0.2696533203125
0.6163330078125 0.6163330078125 0.2669677734375
0.617919921875 0.617919921875 0.264404296875
0.619140625 0.619140625 0.26171875
0.620361328125 0.620361328125 0.259033203125
0.621826171875 0.621826171875 0.256591796875
0.623046875 0.623046875 0.25390625
0.624267578125 0.624267578125 0.251220703125
0.625732421875 0.625732421875 0.248779296875
0.626953125 0.626953125 0.24609375
0.628173828125 0.628173828125 0.243408203125
0.629638671875 0.629638671875 0.240966796875
0.630859375 0.630859375 0.23828125
0.632080078125 0.632080078125 0.235595703125
0.6336669921875 0.6336669921875 0.2330322265625
0.6348876953125 0.6348876953125 0.2303466796875
0.6361083984375 0.6361083984375 0.2276611328125
0.6375732421875 0.6375732421875 0.2252197265625
0.6387939453125 0.6387939453125 0.2225341796875
0.6400146484375 0.6400146484375 0.2198486328125
0.6412353515625 0.6412353515625 0.2171630859375
0.6427001953125 0.6427001953125 0.2147216796875
0.6439208984375 0.6439208984375 0.2120361328125
0.6451416015625 0.6451416015625 0.2093505859375
0.6466064453125 0.6466064453125 0.2069091796875
0.6478271484375 0.6478271484375 0.2042236328125
0.649169921875 0.649169921875 0.201416015625
0.650634765625 0.650634765625 0.198974609375
0.65185546875 0.65185546875 0.1962890625
0.653076171875 0.653076171875 0.193603515625
0.654541015625 0.654541015625 0.191162109375
0.65576171875 0.65576171875 0.1884765625
0.656982421875 0.656982421875 0.185791015625
0.658447265625 0.658447265625 0.183349609375
0.65966796875 0.65966796875 0.1806640625
0.660888671875 0.660888671875 0.177978515625
0.662353515625 0.662353515625 0.175537109375
0.66357421875 0.66357421875 0.1728515625
0.6649169921875 0.6649169921875 0.1700439453125
0.6663818359375 0.6663818359375 0.1676025390625
0.66748046875 0.66748046875 0.1650390625
0.668701171875 0.668701171875 0.162353515625
0.670166015625 0.670166015625 0.159912109375
0.67138671875 0.67138671875 0.1572265625
0.6728515625 0.6728515625 0.154296875
0.674072265625 0.674072265625 0.151611328125
0.675537109375 0.675537109375 0.149169921875
0.6767578125 0.6767578125 0.146484375
0.677978515625 0.677978515625 0.143798828125
0.679443359375 0.679443359375 0.141357421875
0.6806640625 0.6806640625 0.138671875
0.681884765625 0.681884765625 0.135986328125
0.683349609375 0.683349609375 0.133544921875
0.6845703125 0.6845703125 0.130859375
0.685791015625 0.685791015625 0.128173828125
0.687255859375 0.687255859375 0.125732421875
0.6884765625 0.6884765625 0.123046875
0.689697265625 0.689697265625 0.120361328125
0.691162109375 0.691162109375 0.117919921875
0.6923828125 0.6923828125 0.115234375
0.693603515625 0.693603515625 0.112548828125
0.695068359375 0.695068359375 0.110107421875
0.6962890625 0.6962890625 0.107421875
0.697509765625 0.697509765625 0.104736328125
0.698974609375 0.698974609375 0.102294921875
0.7001953125 0.7001953125 0.099609375
0.701416015625 0.701416015625 0.096923828125
0.702880859375 0.702880859375 0.094482421875
0.704345703125 0.704345703125 0.091552734375
0.70556640625 0.70556640625 0.0888671875
0.706787109375 0.706787109375 0.086181640625
0.708251953125 0.708251953125 0.083740234375
0.70947265625 0.70947265625 0.0810546875
0.710693359375 0.710693359375 0.078369140625
0.712158203125 0.712158203125 0.075927734375
0.71337890625 0.71337890625 0.0732421875
0.714599609375 0.714599609375 0.070556640625
0.716064453125 0.716064453125 0.068115234375
0.71728515625 0.71728515625 0.0654296875
0.718505859375 0.718505859375 0.062744140625
0.719970703125 0.719970703125 0.060302734375
0.72119140625 0.72119140625 0.0576171875
0.722412109375 0.722412109375 0.054931640625
0.723876953125 0.723876953125 0.052490234375
0.72509765625 0.72509765625 0.0498046875
0.726318359375 0.726318359375 0.047119140625
0.727783203125 0.727783203125 0.044677734375
0.72900390625 0.72900390625 0.0419921875
0.730224609375 0.730224609375 0.039306640625
0.731689453125 0.731689453125 0.036865234375
0.73291015625 0.73291015625 0.0341796875
0.734130859375 0.734130859375 0.031494140625
0.735595703125 0.735595703125 0.028564453125
0.737060546875 0.737060546875 0.026123046875
0.73828125 0.73828125 0.0234375
0.739501953125 0.739501953125 0.020751953125
0.740966796875 0.740966796875 0.018310546875
0.7421875 0.7421875 0.015625
0.743408203125 0.743408203125 0.012939453125
0.744873046875 0.744873046875 0.010498046875
0.74609375 0.74609375 0.0078125
0.747314453125 0.747314453125 0.005126953125
0.748779296875 0.748779296875 0.002685546875
0.75 0.75 0.0
0.25 1.0 0.25
0.247802734375 1.000244140625 0.247802734375
0.245361328125 0.999755859375 0.245361328125
0.2431640625 1.0 0.2431640625
0.2412109375 1.0 0.2412109375
0.238525390625 0.999755859375 0.238525390625
0.236328125 1.0 0.236328125
0.234375 1.0 0.234375
0.232177734375 1.000244140625 0.232177734375
0.2294921875 1.0 0.2294921875
0.2275390625 1.0 0.2275390625
0.225341796875 1.000244140625 0.225341796875
0.222900390625 0.999755859375 0.222900390625
0.220703125 1.0 0.220703125
0.218505859375 1.000244140625 0.218505859375
0.216064453125 0.999755859375 0.216064453125
0.2138671875 1.0 0.2138671875
0.2119140625 1.0 0.2119140625
0.209228515625 0.999755859375 0.209228515625
0.20703125 1.0 0.20703125
0.205078125 1.0 0.205078125
0.202880859375 1.000244140625 0.202880859375
0.200439453125 0.999755859375 0.200439453125
0.1982421875 1.0 0.1982421875
0.196044921875 1.000244140625 0.196044921875
0.193603515625 0.999755859375 0.193603515625
0.19140625 1.0 0.19140625
0.189208984375 1.000244140625 0.189208984375
0.186767578125 0.999755859375 0.186767578125
0.1845703125 1.0 0.1845703125
0.1826171875 1.0 0.1826171875
0.180419921875 1.000244140625 0.180419921875
0.177734375 1.0 0.177734375
0.17578125 1.0 0.17578125
0.173583984375 1.000244140625 0.173583984375
0.171142578125 0.999755859375 0.171142578125
0.1689453125 1.0 0.1689453125
0.166748046875 1.000244140625 0.166748046875
0.164306640625 0.999755859375 0.164306640625
0.162109375 1.0 0.162109375
0.159912109375 1.000244140625 0.159912109375
0.157470703125 0.999755859375 0.157470703125
0.1552734375 1.0 0.1552734375
0.1533203125 1.0 0.1533203125
0.151123046875 1.000244140625 0.151123046875
0.1484375 1.0 0.1484375
0.146484375 1.0 0.146484375
0.144287109375 1.000244140625 0.144287109375
0.141845703125 0.999755859375 0.141845703125
0.1396484375 1.0 0.1396484375
0.137451171875 1.000244140625 0.137451171875
0.135009765625 0.999755859375 0.135009765625
0.1328125 1.0 0.1328125
0.130859375 1.0 0.130859375
0.128173828125 0.999755859375 0.128173828125
0.1259765625 1.0 0.1259765625
0.1240234375 1.0 0.1240234375
0.121826171875 1.000244140625 0.121826171875
0.119140625 1.0 0.119140625
0.1171875 1.0 0.1171875
0.114990234375 1.000244140625 0.114990234375
0.112548828125 0.999755859375 0.112548828125
0.1103515625 1.0 0.1103515625
0.108154296875 1.000244140625 0.108154296875
0.105712890625 0.999755859375 0.105712890625
0.103515625 1.0 0.103515625
0.1015625 1.0 0.1015625
0.098876953125 0.999755859375 0.098876953125
0.0966796875 1.0 0.0966796875
0.0947265625 1.0 0.0947265625
0.092529296875 1.000244140625 0.092529296875
0.090087890625 0.999755859375 0.090087890625
0.087890625 1.0 0.087890625
0.085693359375 1.000244140625 0.085693359375
0.083251953125 0.999755859375 0.083251953125
0.0810546875 1.0 0.0810546875
0.078857421875 1.000244140625 0.078857421875
0.076416015625 0.999755859375 0.076416015625
0.07421875 1.0 0.07421875
0.072265625 1.0 0.072265625
0.069580078125 0.999755859375 0.069580078125
0.0673828125 1.0 0.0673828125
0.0654296875 1.0 0.0654296875
0.063232421875 1.000244140625 0.063232421875
0.060791015625 0.999755859375 0.060791015625
0.05859375 1.0 0.05859375
0.056396484375 1.000244140625 0.056396484375
0.053955078125 0.999755859375 0.053955078125
0.0517578125 1.0 0.0517578125
0.049560546875 1.000244140625 0.049560546875
0.047119140625 0.999755859375 0.047119140625
0.044921875 1.0 0.044921875
0.04296875 1.0 0.04296875
0.040771484375 1.000244140625 0.040771484375
0.0380859375 1.0 0.0380859375
0.0361328125 1.0 0.0361328125
0.033935546875 1.000244140625 0.033935546875
0.031494140625 0.999755859375 0.031494140625
0.029296875 1.0 0.029296875
0.027099609375 1.000244140625 0.027099609375
0.024658203125 0.999755859375 0.024658203125
0.0224609375 1.0 0.0224609375
0.0205078125 1.0 0.0205078125
0.017822265625 0.999755859375 0.017822265625
0.015625 1.0 0.015625
0.013671875 1.0 0.013671875
0.011474609375 1.000244140625 0.011474609375
0.0087890625 1.0 0.0087890625
0.0068359375 1.0 0.0068359375
0.004638671875 1.000244140625 0.004638671875
0.002197265625 0.999755859375 0.002197265625
0.0 1.0 0.0
