0.00001 1.35506e-09
0.01202 1.62934e-06
0.02405 3.25873e-06
0.03607 4.88822e-06
0.04810 6.51784e-06
0.06012 8.14766e-06
0.07214 9.77772e-06
0.08417 1.14081e-05
0.09619 1.30388e-05
0.10822 1.46698e-05
0.12024 1.63013e-05
0.13226 1.79333e-05
0.14429 1.95658e-05
0.15631 2.11989e-05
0.16834 2.28326e-05
0.18036 2.44670e-05
0.19238 2.61021e-05
0.20441 2.77380e-05
0.21643 2.93747e-05
0.22846 3.10122e-05
0.24048 3.26507e-05
0.25251 3.42902e-05
0.26453 3.59306e-05
0.27655 3.75722e-05
0.28858 3.92148e-05
0.30060 4.08586e-05
0.31263 4.25037e-05
0.32465 4.41500e-05
0.33667 4.57976e-05
0.34870 4.74466e-05
0.36072 4.90970e-05
0.37275 5.07488e-05
0.38477 5.24022e-05
0.39679 5.40572e-05
0.40882 5.57137e-05
0.42084 5.73720e-05
0.43287 5.90320e-05
0.44489 6.06937e-05
0.45691 6.23573e-05
0.46894 6.40228e-05
0.48096 6.56902e-05
0.49299 6.73596e-05
0.50501 6.90310e-05
0.51703 7.07046e-05
0.52906 7.23803e-05
0.54108 7.40582e-05
0.55311 7.57384e-05
0.56513 7.74209e-05
0.57715 7.91057e-05
0.58918 8.07930e-05
0.60120 8.24828e-05
0.61323 8.41751e-05
0.62525 8.58700e-05
0.63727 8.75676e-05
0.64930 8.92679e-05
0.66132 9.09710e-05
0.67335 9.26769e-05
0.68537 9.43857e-05
0.69739 9.60975e-05
0.70942 9.78123e-05
0.72144 9.95301e-05
0.73347 1.01251e-04
0.74549 1.02975e-04
0.75752 1.04703e-04
0.76954 1.06434e-04
0.78156 1.08168e-04
0.79359 1.09905e-04
0.80561 1.11646e-04
0.81764 1.13391e-04
0.82966 1.15139e-04
0.84168 1.16892e-04
0.85371 1.18647e-04
0.86573 1.20407e-04
0.87776 1.22171e-04
0.88978 1.23938e-04
0.90180 1.25710e-04
0.91383 1.27486e-04
0.92585 1.29266e-04
0.93788 1.31050e-04
0.94990 1.32839e-04
0.96192 1.34632e-04
0.97395 1.36429e-04
0.98597 1.38231e-04
0.99800 1.40038e-04
1.01002 1.41849e-04
1.02204 1.43666e-04
1.03407 1.45487e-04
1.04609 1.47313e-04
1.05812 1.49144e-04
1.07014 1.50980e-04
1.08216 1.52821e-04
1.09419 1.54668e-04
1.10621 1.56520e-04
1.11824 1.58378e-04
1.13026 1.60241e-04
1.14228 1.62109e-04
1.15431 1.63984e-04
1.16633 1.65864e-04
1.17836 1.67750e-04
1.19038 1.69642e-04
1.20240 1.71540e-04
1.21443 1.73444e-04
1.22645 1.75355e-04
1.23848 1.77272e-04
1.25050 1.79195e-04
1.26253 1.81125e-04
1.27455 1.83062e-04
1.28657 1.85005e-04
1.29860 1.86956e-04
1.31062 1.88913e-04
1.32265 1.90877e-04
1.33467 1.92849e-04
1.34669 1.94828e-04
1.35872 1.96814e-04
1.37074 1.98808e-04
1.38277 2.00810e-04
1.39479 2.02819e-04
1.40681 2.04836e-04
1.41884 2.06861e-04
1.43086 2.08895e-04
1.44289 2.10936e-04
1.45491 2.12986e-04
1.46693 2.15045e-04
1.47896 2.17112e-04
1.49098 2.19188e-04
1.50301 2.21273e-04
1.51503 2.23367e-04
1.52705 2.25470e-04
1.53908 2.27582e-04
1.55110 2.29704e-04
1.56313 2.31836e-04
1.57515 2.33977e-04
1.58717 2.36129e-04
1.59920 2.38290e-04
1.61122 2.40462e-04
1.62325 2.42644e-04
1.63527 2.44837e-04
1.64729 2.47040e-04
1.65932 2.49255e-04
1.67134 2.51481e-04
1.68337 2.53717e-04
1.69539 2.55966e-04
1.70741 2.58226e-04
1.71944 2.60498e-04
1.73146 2.62782e-04
1.74349 2.65078e-04
1.75551 2.67387e-04
1.76754 2.69708e-04
1.77956 2.72042e-04
1.79158 2.74390e-04
1.80361 2.76750e-04
1.81563 2.79124e-04
1.82766 2.81512e-04
1.83968 2.83914e-04
1.85170 2.86330e-04
1.86373 2.88761e-04
1.87575 2.91206e-04
1.88778 2.93667e-04
1.89980 2.96143e-04
1.91182 2.98634e-04
1.92385 3.01141e-04
1.93587 3.03664e-04
1.94790 3.06204e-04
1.95992 3.08760e-04
1.97194 3.11333e-04
1.98397 3.13924e-04
1.99599 3.16532e-04
2.00802 3.19158e-04
2.02004 3.21802e-04
2.03206 3.24465e-04
2.04409 3.27147e-04
2.05611 3.29849e-04
2.06814 3.32570e-04
2.08016 3.35312e-04
2.09218 3.38073e-04
2.10421 3.40856e-04
2.11623 3.43661e-04
2.12826 3.46487e-04
2.14028 3.49335e-04
2.15230 3.52206e-04
2.16433 3.55100e-04
2.17635 3.58018e-04
2.18838 3.60960e-04
2.20040 3.63927e-04
2.21242 3.66919e-04
2.22445 3.69936e-04
2.23647 3.72981e-04
2.24850 3.76052e-04
2.26052 3.79150e-04
2.27255 3.82277e-04
2.28457 3.85433e-04
2.29659 3.88618e-04
2.30862 3.91834e-04
2.32064 3.95080e-04
2.33267 3.98358e-04
2.34469 4.01669e-04
2.35671 4.05013e-04
2.36874 4.08391e-04
2.38076 4.11804e-04
2.39279 4.15253e-04
2.40481 4.18739e-04
2.41683 4.22263e-04
2.42886 4.25826e-04
2.44088 4.29428e-04
2.45291 4.33072e-04
2.46493 4.36758e-04
2.47695 4.40487e-04
2.48898 4.44261e-04
2.50100 4.48082e-04
2.51303 4.51949e-04
2.52505 4.55866e-04
2.53707 4.59833e-04
2.54910 4.63852e-04
2.56112 4.67925e-04
2.57315 4.72053e-04
2.58517 4.76239e-04
2.59719 4.80484e-04
2.60922 4.84790e-04
2.62124 4.89160e-04
2.63327 4.93596e-04
2.64529 4.98100e-04
2.65731 5.02676e-04
2.66934 5.07325e-04
2.68136 5.12050e-04
2.69339 5.16856e-04
2.70541 5.21744e-04
2.71743 5.26719e-04
2.72946 5.31785e-04
2.74148 5.36945e-04
2.75351 5.42204e-04
2.76553 5.47566e-04
2.77756 5.53037e-04
2.78958 5.58621e-04
2.80160 5.64326e-04
2.81363 5.70156e-04
2.82565 5.76119e-04
2.83768 5.82223e-04
2.84970 5.88474e-04
2.86172 5.94884e-04
2.87375 6.01460e-04
2.88577 6.08214e-04
2.89780 6.15157e-04
2.90982 6.22303e-04
2.92184 6.29665e-04
2.93387 6.37260e-04
2.94589 6.45106e-04
2.95792 6.53223e-04
2.96994 6.61633e-04
2.98196 6.70361e-04
2.99399 6.79438e-04
3.00601 6.88895e-04
3.01804 6.98771e-04
3.03006 7.09110e-04
3.04208 7.19963e-04
3.05411 7.31390e-04
3.06613 7.43461e-04
3.07816 7.56259e-04
3.09018 7.69887e-04
3.10220 7.84465e-04
3.11423 8.00143e-04
3.12625 8.17107e-04
3.13828 8.35592e-04
3.15030 8.55895e-04
3.16232 8.78409e-04
3.17435 9.03651e-04
3.18637 9.32334e-04
3.19840 9.65458e-04
3.21042 1.00449e-03
3.22244 1.05166e-03
3.23447 1.11064e-03
3.24649 1.18785e-03
3.25852 1.29604e-03
3.27054 1.46510e-03
3.28257 1.78932e-03
3.29459 2.82158e-03
3.30661 6.21956e-03
3.31864 1.36036e-02
3.33066 1.39644e-02
3.34269 6.76004e-03
3.35471 1.73600e-02
3.36673 1.68914e-02
3.37876 3.00369e-02
3.39078 2.69157e-02
3.40281 1.24185e-02
3.41483 1.93994e-02
3.42685 2.88670e-02
3.43888 3.99373e-02
3.45090 1.54402e-02
3.46293 3.62016e-02
3.47495 9.84295e-03
3.48697 1.18298e-02
3.49900 3.61084e-02
3.51102 2.68437e-02
3.52305 3.21720e-02
3.53507 6.17011e-02
3.54709 1.73042e-02
3.55912 3.39107e-02
3.57114 3.65536e-02
3.58317 2.38231e-02
3.59519 2.63600e-02
3.60721 6.31781e-02
3.61924 3.22452e-02
3.63126 2.58730e-02
3.64329 4.02694e-02
3.65531 2.05453e-02
3.66733 1.50622e-02
3.67936 9.58460e-03
3.69138 1.50015e-02
3.70341 1.45341e-02
3.71543 1.53533e-02
3.72745 3.21339e-02
3.73948 2.94982e-02
3.75150 2.18207e-02
3.76353 2.10821e-02
3.77555 3.03018e-02
3.78758 3.95434e-02
3.79960 3.63838e-02
3.81162 3.83419e-02
3.82365 4.16180e-02
3.83567 3.86943e-02
3.84770 5.81187e-02
3.85972 5.51709e-02
3.87174 3.94252e-02
3.88377 3.61327e-02
3.89579 5.45409e-02
3.90782 1.12266e-01
3.91984 7.00127e-02
3.93186 6.80706e-02
3.94389 5.06050e-02
3.95591 3.84041e-02
3.96794 3.41633e-02
3.97996 3.63805e-02
3.99198 3.84882e-02
4.00401 3.12801e-02
4.01603 1.07102e-01
4.02806 9.78521e-02
4.04008 1.63403e-01
4.05210 7.89943e-02
4.06413 1.03285e-01
4.07615 5.94599e-02
4.08818 4.34070e-02
4.10020 2.64942e-02
4.11222 2.04582e-02
4.12425 5.01887e-02
4.13627 5.56177e-02
4.14830 6.39861e-02
4.16032 2.37668e-01
4.17234 1.30832e-01
4.18437 3.02265e-01
4.19639 8.74556e-02
4.20842 1.07900e-01
4.22044 1.27801e-01
4.23246 6.86104e-02
4.24449 5.60381e-02
4.25651 7.01873e-02
4.26854 1.03627e-01
4.28056 5.13615e-02
4.29259 2.66107e-02
4.30461 4.21376e-02
4.31663 6.43208e-02
4.32866 4.19947e-02
4.34068 9.19513e-02
4.35271 3.26772e-01
4.36473 2.26085e-01
4.37675 1.55442e-01
4.38878 1.71543e-01
4.40080 1.49219e-01
4.41283 8.37529e-02
4.42485 7.38213e-02
4.43687 5.99647e-02
4.44890 5.05413e-02
4.46092 1.30186e-01
4.47295 1.79111e-01
4.48497 1.30289e-01
4.49699 2.54504e-01
4.50902 1.20770e-01
4.52104 1.04358e-01
4.53307 2.67815e-01
4.54509 3.21162e-01
4.55711 1.86389e-01
4.56914 1.55470e-01
4.58116 1.21346e-01
4.59319 1.43560e-01
4.60521 8.98079e-02
4.61723 6.36929e-02
4.62926 1.31232e-01
4.64128 1.64969e-01
4.65331 1.10596e-01
4.66533 2.71763e-01
4.67735 1.51388e-01
4.68938 1.85812e-01
4.70140 3.33287e-01
4.71343 2.82547e-01
4.72545 1.79628e-01
4.73747 2.44521e-01
4.74950 1.87609e-01
4.76152 4.63860e-01
4.77355 2.45546e-01
4.78557 1.78129e-01
4.79760 2.18161e-01
4.80962 1.74209e-01
4.82164 1.41975e-01
4.83367 2.00929e-01
4.84569 3.09776e-01
4.85772 3.63496e-01
4.86974 1.66814e-01
4.88176 6.22158e-01
4.89379 4.59753e-01
4.90581 2.42966e-01
4.91784 5.79019e-01
4.92986 4.42111e-01
4.94188 6.02547e-01
4.95391 7.93730e-01
4.96593 1.03832e+00
4.97796 3.07631e-01
4.98998 2.22459e-01
5.00200 2.00507e-01
5.01403 2.06124e-01
5.02605 2.50974e-01
5.03808 2.41305e-01
5.05010 2.98616e-01
5.06212 3.75249e-01
5.07415 6.20536e-01
5.08617 8.67655e-01
5.09820 2.86837e+00
5.11022 5.09006e-01
5.12224 2.31822e-01
5.13427 3.47588e-01
5.14629 2.57664e-01
5.15832 2.11945e-01
5.17034 1.69357e-01
5.18236 1.63053e-01
5.19439 2.57735e-01
5.20641 3.54564e-01
5.21844 1.87076e-01
5.23046 1.45257e-01
5.24248 1.75443e-01
5.25451 2.07818e-01
5.26653 2.21627e-01
5.27856 1.71956e-01
5.29058 1.50897e-01
5.30261 1.74810e-01
5.31463 1.93407e-01
5.32665 1.92474e-01
5.33868 1.58292e-01
5.35070 3.32027e-01
5.36273 2.38678e-01
5.37475 2.38439e-01
5.38677 1.29393e-01
5.39880 3.04528e-01
5.41082 2.75806e-01
5.42285 3.53514e-01
5.43487 2.59924e-01
5.44689 1.95813e-01
5.45892 1.40704e-01
5.47094 1.55741e-01
5.48297 1.54849e-01
5.49499 1.67460e-01
5.50701 3.25089e-01
5.51904 1.24783e-01
5.53106 1.13698e-01
5.54309 3.94069e-01
5.55511 3.18978e-01
5.56713 2.33278e-01
5.57916 2.56287e-01
5.59118 1.72485e-01
5.60321 1.39107e-01
5.61523 9.40628e-02
5.62725 1.73545e-01
5.63928 4.02966e-01
5.65130 2.65718e-01
5.66333 2.52544e-01
5.67535 2.20456e-01
5.68737 5.82715e-01
5.69940 4.16411e-01
5.71142 3.29457e-01
5.72345 2.99881e-01
5.73547 4.12287e-01
5.74749 2.60646e-01
5.75952 1.48721e-01
5.77154 1.76175e-01
5.78357 1.88664e-01
5.79559 1.60781e-01
5.80762 2.31170e-01
5.81964 1.79268e-01
5.83166 1.01647e-01
5.84369 2.31087e-01
5.85571 3.61473e-01
5.86774 4.55500e-01
5.87976 2.74216e-01
5.89178 1.59872e-01
5.90381 1.27385e-01
5.91583 2.72241e-01
5.92786 4.42125e-01
5.93988 5.59452e-01
5.95190 3.65881e-01
5.96393 2.24576e-01
5.97595 3.60114e-01
5.98798 3.00733e-01
6.00000 2.03036e-01
