0.00001 1.68481e-07
0.01202 2.02586e-04
0.02405 4.05196e-04
0.03607 6.07850e-04
0.04810 8.10573e-04
0.06012 1.01339e-03
0.07214 1.21631e-03
0.08417 1.41938e-03
0.09619 1.62260e-03
0.10822 1.82600e-03
0.12024 2.02961e-03
0.13226 2.23345e-03
0.14429 2.43754e-03
0.15631 2.64190e-03
0.16834 2.84656e-03
0.18036 3.05154e-03
0.19238 3.25686e-03
0.20441 3.46255e-03
0.21643 3.66864e-03
0.22846 3.87513e-03
0.24048 4.08207e-03
0.25251 4.28947e-03
0.26453 4.49735e-03
0.27655 4.70575e-03
0.28858 4.91468e-03
0.30060 5.12417e-03
0.31263 5.33425e-03
0.32465 5.54494e-03
0.33667 5.75626e-03
0.34870 5.96824e-03
0.36072 6.18091e-03
0.37275 6.39428e-03
0.38477 6.60840e-03
0.39679 6.82328e-03
0.40882 7.03895e-03
0.42084 7.25544e-03
0.43287 7.47277e-03
0.44489 7.69097e-03
0.45691 7.91007e-03
0.46894 8.13010e-03
0.48096 8.35108e-03
0.49299 8.57304e-03
0.50501 8.79602e-03
0.51703 9.02003e-03
0.52906 9.24512e-03
0.54108 9.47130e-03
0.55311 9.69861e-03
0.56513 9.92709e-03
0.57715 1.01568e-02
0.58918 1.03876e-02
0.60120 1.06198e-02
0.61323 1.08532e-02
0.62525 1.10879e-02
0.63727 1.13240e-02
0.64930 1.15615e-02
0.66132 1.18004e-02
0.67335 1.20408e-02
0.68537 1.22826e-02
0.69739 1.25260e-02
0.70942 1.27709e-02
0.72144 1.30174e-02
0.73347 1.32655e-02
0.74549 1.35153e-02
0.75752 1.37669e-02
0.76954 1.40201e-02
0.78156 1.42752e-02
0.79359 1.45321e-02
0.80561 1.47908e-02
0.81764 1.50514e-02
0.82966 1.53140e-02
0.84168 1.55786e-02
0.85371 1.58453e-02
0.86573 1.61140e-02
0.87776 1.63848e-02
0.88978 1.66578e-02
0.90180 1.69330e-02
0.91383 1.72105e-02
0.92585 1.74903e-02
0.93788 1.77724e-02
0.94990 1.80570e-02
0.96192 1.83440e-02
0.97395 1.86336e-02
0.98597 1.89257e-02
0.99800 1.92205e-02
1.01002 1.95179e-02
1.02204 1.98180e-02
1.03407 2.01210e-02
1.04609 2.04268e-02
1.05812 2.07355e-02
1.07014 2.10471e-02
1.08216 2.13618e-02
1.09419 2.16796e-02
1.10621 2.20006e-02
1.11824 2.23248e-02
1.13026 2.26523e-02
1.14228 2.29831e-02
1.15431 2.33174e-02
1.16633 2.36552e-02
1.17836 2.39966e-02
1.19038 2.43416e-02
1.20240 2.46903e-02
1.21443 2.50429e-02
1.22645 2.53994e-02
1.23848 2.57598e-02
1.25050 2.61243e-02
1.26253 2.64929e-02
1.27455 2.68658e-02
1.28657 2.72429e-02
1.29860 2.76245e-02
1.31062 2.80106e-02
1.32265 2.84013e-02
1.33467 2.87968e-02
1.34669 2.91970e-02
1.35872 2.96021e-02
1.37074 3.00122e-02
1.38277 3.04275e-02
1.39479 3.08480e-02
1.40681 3.12738e-02
1.41884 3.17052e-02
1.43086 3.21421e-02
1.44289 3.25847e-02
1.45491 3.30331e-02
1.46693 3.34876e-02
1.47896 3.39481e-02
1.49098 3.44148e-02
1.50301 3.48880e-02
1.51503 3.53676e-02
1.52705 3.58540e-02
1.53908 3.63471e-02
1.55110 3.68473e-02
1.56313 3.73545e-02
1.57515 3.78691e-02
1.58717 3.83912e-02
1.59920 3.89208e-02
1.61122 3.94584e-02
1.62325 4.00039e-02
1.63527 4.05576e-02
1.64729 4.11198e-02
1.65932 4.16905e-02
1.67134 4.22700e-02
1.68337 4.28586e-02
1.69539 4.34563e-02
1.70741 4.40636e-02
1.71944 4.46805e-02
1.73146 4.53073e-02
1.74349 4.59443e-02
1.75551 4.65918e-02
1.76754 4.72499e-02
1.77956 4.79190e-02
1.79158 4.85994e-02
1.80361 4.92912e-02
1.81563 4.99949e-02
1.82766 5.07107e-02
1.83968 5.14389e-02
1.85170 5.21800e-02
1.86373 5.29341e-02
1.87575 5.37016e-02
1.88778 5.44830e-02
1.89980 5.52786e-02
1.91182 5.60887e-02
1.92385 5.69137e-02
1.93587 5.77542e-02
1.94790 5.86104e-02
1.95992 5.94828e-02
1.97194 6.03720e-02
1.98397 6.12783e-02
1.99599 6.22022e-02
2.00802 6.31443e-02
2.02004 6.41050e-02
2.03206 6.50850e-02
2.04409 6.60847e-02
2.05611 6.71048e-02
2.06814 6.81459e-02
2.08016 6.92085e-02
2.09218 7.02934e-02
2.10421 7.14012e-02
2.11623 7.25326e-02
2.12826 7.36883e-02
2.14028 7.48692e-02
2.15230 7.60759e-02
2.16433 7.73094e-02
2.17635 7.85704e-02
2.18838 7.98599e-02
2.20040 8.11788e-02
2.21242 8.25280e-02
2.22445 8.39086e-02
2.23647 8.53215e-02
2.24850 8.67680e-02
2.26052 8.82491e-02
2.27255 8.97661e-02
2.28457 9.13201e-02
2.29659 9.29125e-02
2.30862 9.45446e-02
2.32064 9.62179e-02
2.33267 9.79338e-02
2.34469 9.96939e-02
2.35671 1.01500e-01
2.36874 1.03353e-01
2.38076 1.05256e-01
2.39279 1.07210e-01
2.40481 1.09217e-01
2.41683 1.11279e-01
2.42886 1.13399e-01
2.44088 1.15579e-01
2.45291 1.17820e-01
2.46493 1.20126e-01
2.47695 1.22500e-01
2.48898 1.24943e-01
2.50100 1.27460e-01
2.51303 1.30053e-01
2.52505 1.32725e-01
2.53707 1.35480e-01
2.54910 1.38322e-01
2.56112 1.41254e-01
2.57315 1.44281e-01
2.58517 1.47407e-01
2.59719 1.50637e-01
2.60922 1.53975e-01
2.62124 1.57427e-01
2.63327 1.60999e-01
2.64529 1.64696e-01
2.65731 1.68524e-01
2.66934 1.72492e-01
2.68136 1.76604e-01
2.69339 1.80870e-01
2.70541 1.85298e-01
2.71743 1.89896e-01
2.72946 1.94674e-01
2.74148 1.99643e-01
2.75351 2.04812e-01
2.76553 2.10194e-01
2.77756 2.15802e-01
2.78958 2.21649e-01
2.80160 2.27751e-01
2.81363 2.34123e-01
2.82565 2.40783e-01
2.83768 2.47751e-01
2.84970 2.55046e-01
2.86172 2.62692e-01
2.87375 2.70713e-01
2.88577 2.79138e-01
2.89780 2.87995e-01
2.90982 2.97318e-01
2.92184 3.07144e-01
2.93387 3.17513e-01
2.94589 3.28470e-01
2.95792 3.40065e-01
2.96994 3.52355e-01
2.98196 3.65402e-01
2.99399 3.79278e-01
3.00601 3.94064e-01
3.01804 4.09851e-01
3.03006 4.26744e-01
3.04208 4.44863e-01
3.05411 4.64348e-01
3.06613 4.85358e-01
3.07816 5.08085e-01
3.09018 5.32748e-01
3.10220 5.59614e-01
3.11423 5.88998e-01
3.12625 6.21283e-01
3.13828 6.56933e-01
3.15030 6.96527e-01
3.16232 7.40781e-01
3.17435 7.90606e-01
3.18637 8.47169e-01
3.19840 9.11984e-01
3.21042 9.87052e-01
3.22244 1.07503e+00
3.23447 1.17950e+00
3.24649 1.30519e+00
3.25852 1.45822e+00
3.27054 1.64571e+00
3.28257 1.87431e+00
3.29459 2.14701e+00
3.30661 2.46028e+00
3.31864 2.80625e+00
3.33066 3.17892e+00
3.34269 3.57258e+00
3.35471 3.96928e+00
3.36673 4.33725e+00
3.37876 4.65076e+00
3.39078 4.91570e+00
3.40281 5.16962e+00
3.41483 5.43660e+00
3.42685 5.70423e+00
3.43888 5.96086e+00
3.45090 6.23093e+00
3.46293 6.55813e+00
3.47495 6.97034e+00
3.48697 7.45370e+00
3.49900 7.94910e+00
3.51102 8.40005e+00
3.52305 8.78719e+00
3.53507 9.12522e+00
3.54709 9.46076e+00
3.55912 9.83326e+00
3.57114 1.02450e+01
3.58317 1.06718e+01
3.59519 1.10610e+01
3.60721 1.13799e+01
3.61924 1.16957e+01
3.63126 1.21339e+01
3.64329 1.27908e+01
3.65531 1.37460e+01
3.66733 1.50860e+01
3.67936 1.68380e+01
3.69138 1.88673e+01
3.70341 2.08561e+01
3.71543 2.24456e+01
3.72745 2.34718e+01
3.73948 2.40012e+01
3.75150 2.40912e+01
3.76353 2.37187e+01
3.77555 2.29640e+01
3.78758 2.20231e+01
3.79960 2.10282e+01
3.81162 2.00134e+01
3.82365 1.89996e+01
3.83567 1.80191e+01
3.84770 1.71013e+01
3.85972 1.62451e+01
3.87174 1.54270e+01
3.88377 1.46723e+01
3.89579 1.40747e+01
3.90782 1.37033e+01
3.91984 1.35106e+01
3.93186 1.33549e+01
3.94389 1.30870e+01
3.95591 1.26091e+01
3.96794 1.19090e+01
3.97996 1.10782e+01
3.99198 1.02697e+01
4.00401 9.62098e+00
4.01603 9.20424e+00
4.02806 9.01875e+00
4.04008 9.00154e+00
4.05210 9.04502e+00
4.06413 9.03073e+00
4.07615 8.85260e+00
4.08818 8.44779e+00
4.10020 7.85688e+00
4.11222 7.21912e+00
4.12425 6.67521e+00
4.13627 6.29602e+00
4.14830 6.09594e+00
4.16032 6.06040e+00
4.17234 6.15143e+00
4.18437 6.31635e+00
4.19639 6.49751e+00
4.20842 6.64528e+00
4.22044 6.72312e+00
4.23246 6.69109e+00
4.24449 6.52748e+00
4.25651 6.25657e+00
4.26854 5.91170e+00
4.28056 5.50791e+00
4.29259 5.07738e+00
4.30461 4.68199e+00
4.31663 4.37493e+00
4.32866 4.18357e+00
4.34068 4.11547e+00
4.35271 4.15159e+00
4.36473 4.24473e+00
4.37675 4.34375e+00
4.38878 4.41444e+00
4.40080 4.42718e+00
4.41283 4.34907e+00
4.42485 4.17696e+00
4.43687 3.95546e+00
4.44890 3.74662e+00
4.46092 3.58973e+00
4.47295 3.48528e+00
4.48497 3.41346e+00
4.49699 3.35928e+00
4.50902 3.31864e+00
4.52104 3.30158e+00
4.53307 3.32556e+00
4.54509 3.38892e+00
4.55711 3.45613e+00
4.56914 3.47861e+00
4.58116 3.43074e+00
4.59319 3.31732e+00
4.60521 3.15767e+00
4.61723 2.98287e+00
4.62926 2.82713e+00
4.64128 2.70636e+00
4.65331 2.61805e+00
4.66533 2.55667e+00
4.67735 2.51706e+00
4.68938 2.49362e+00
4.70140 2.48006e+00
4.71343 2.46774e+00
4.72545 2.45177e+00
4.73747 2.43591e+00
4.74950 2.42527e+00
4.76152 2.41617e+00
4.77355 2.39530e+00
4.78557 2.35002e+00
4.79760 2.28036e+00
4.80962 2.19558e+00
4.82164 2.10649e+00
4.83367 2.02569e+00
4.84569 1.96239e+00
4.85772 1.91672e+00
4.86974 1.88611e+00
4.88176 1.87023e+00
4.89379 1.86534e+00
4.90581 1.86371e+00
4.91784 1.86353e+00
4.92986 1.86990e+00
4.94188 1.89167e+00
4.95391 1.94340e+00
4.96593 2.03707e+00
4.97796 2.16289e+00
4.98998 2.28071e+00
5.00200 2.34086e+00
5.01403 2.32124e+00
5.02605 2.23701e+00
5.03808 2.11868e+00
5.05010 1.99475e+00
5.06212 1.88908e+00
5.07415 1.81840e+00
5.08617 1.79126e+00
5.09820 1.81319e+00
5.11022 1.88936e+00
5.12224 2.02051e+00
5.13427 2.20018e+00
5.14629 2.41709e+00
5.15832 2.65605e+00
5.17034 2.89677e+00
5.18236 3.11902e+00
5.19439 3.31686e+00
5.20641 3.50511e+00
5.21844 3.69790e+00
5.23046 3.88429e+00
5.24248 4.04048e+00
5.25451 4.15750e+00
5.26653 4.23972e+00
5.27856 4.28628e+00
5.29058 4.28725e+00
5.30261 4.23906e+00
5.31463 4.15227e+00
5.32665 4.04527e+00
5.33868 3.93923e+00
5.35070 3.85041e+00
5.36273 3.77946e+00
5.37475 3.71382e+00
5.38677 3.64659e+00
5.39880 3.59228e+00
5.41082 3.57425e+00
5.42285 3.59979e+00
5.43487 3.65045e+00
5.44689 3.68886e+00
5.45892 3.67897e+00
5.47094 3.60977e+00
5.48297 3.50199e+00
5.49499 3.38777e+00
5.50701 3.28269e+00
5.51904 3.18454e+00
5.53106 3.09811e+00
5.54309 3.03923e+00
5.55511 3.01098e+00
5.56713 2.99263e+00
5.57916 2.95169e+00
5.59118 2.86565e+00
5.60321 2.73971e+00
5.61523 2.60483e+00
5.62725 2.49436e+00
5.63928 2.42114e+00
5.65130 2.37723e+00
5.66333 2.35354e+00
5.67535 2.35329e+00
5.68737 2.38569e+00
5.69940 2.45187e+00
5.71142 2.54236e+00
5.72345 2.64662e+00
5.73547 2.75493e+00
5.74749 2.84490e+00
5.75952 2.88155e+00
5.77154 2.84699e+00
5.78357 2.75479e+00
5.79559 2.63155e+00
5.80762 2.49994e+00
5.81964 2.37522e+00
5.83166 2.27044e+00
5.84369 2.19738e+00
5.85571 2.15714e+00
5.86774 2.13507e+00
5.87976 2.10924e+00
5.89178 2.06821e+00
5.90381 2.02198e+00
5.91583 1.99201e+00
5.92786 1.99223e+00
5.93988 2.01904e+00
5.95190 2.05575e+00
5.96393 2.08645e+00
5.97595 2.10319e+00
5.98798 2.10180e+00
6.00000 2.08171e+00
