0.00001 3.55456e+00
0.01202 3.55440e+00
0.02405 3.55413e+00
0.03607 3.55381e+00
0.04810 3.55344e+00
0.06012 3.55303e+00
0.07214 3.55257e+00
0.08417 3.55207e+00
0.09619 3.55152e+00
0.10822 3.55092e+00
0.12024 3.55028e+00
0.13226 3.54959e+00
0.14429 3.54885e+00
0.15631 3.54807e+00
0.16834 3.54724e+00
0.18036 3.54636e+00
0.19238 3.54545e+00
0.20441 3.54448e+00
0.21643 3.54347e+00
0.22846 3.54241e+00
0.24048 3.54131e+00
0.25251 3.54017e+00
0.26453 3.53897e+00
0.27655 3.53774e+00
0.28858 3.53646e+00
0.30060 3.53513e+00
0.31263 3.53376e+00
0.32465 3.53234e+00
0.33667 3.53089e+00
0.34870 3.52938e+00
0.36072 3.52784e+00
0.37275 3.52625e+00
0.38477 3.52461e+00
0.39679 3.52294e+00
0.40882 3.52122e+00
0.42084 3.51945e+00
0.43287 3.51765e+00
0.44489 3.51580e+00
0.45691 3.51391e+00
0.46894 3.51198e+00
0.48096 3.51000e+00
0.49299 3.50798e+00
0.50501 3.50593e+00
0.51703 3.50383e+00
0.52906 3.50169e+00
0.54108 3.49951e+00
0.55311 3.49729e+00
0.56513 3.49502e+00
0.57715 3.49272e+00
0.58918 3.49038e+00
0.60120 3.48800e+00
0.61323 3.48558e+00
0.62525 3.48312e+00
0.63727 3.48062e+00
0.64930 3.47809e+00
0.66132 3.47551e+00
0.67335 3.47290e+00
0.68537 3.47025e+00
0.69739 3.46756e+00
0.70942 3.46483e+00
0.72144 3.46207e+00
0.73347 3.45927e+00
0.74549 3.45644e+00
0.75752 3.45356e+00
0.76954 3.45066e+00
0.78156 3.44771e+00
0.79359 3.44474e+00
0.80561 3.44172e+00
0.81764 3.43868e+00
0.82966 3.43560e+00
0.84168 3.43248e+00
0.85371 3.42933e+00
0.86573 3.42615e+00
0.87776 3.42293e+00
0.88978 3.41968e+00
0.90180 3.41640e+00
0.91383 3.41309e+00
0.92585 3.40974e+00
0.93788 3.40637e+00
0.94990 3.40296e+00
0.96192 3.39952e+00
0.97395 3.39605e+00
0.98597 3.39255e+00
0.99800 3.38903e+00
1.01002 3.38547e+00
1.02204 3.38188e+00
1.03407 3.37826e+00
1.04609 3.37462e+00
1.05812 3.37094e+00
1.07014 3.36724e+00
1.08216 3.36351e+00
1.09419 3.35976e+00
1.10621 3.35598e+00
1.11824 3.35217e+00
1.13026 3.34833e+00
1.14228 3.34447e+00
1.15431 3.34058e+00
1.16633 3.33667e+00
1.17836 3.33273e+00
1.19038 3.32877e+00
1.20240 3.32478e+00
1.21443 3.32077e+00
1.22645 3.31674e+00
1.23848 3.31268e+00
1.25050 3.30860e+00
1.26253 3.30450e+00
1.27455 3.30037e+00
1.28657 3.29622e+00
1.29860 3.29206e+00
1.31062 3.28787e+00
1.32265 3.28366e+00
1.33467 3.27942e+00
1.34669 3.27517e+00
1.35872 3.27090e+00
1.37074 3.26661e+00
1.38277 3.26230e+00
1.39479 3.25797e+00
1.40681 3.25362e+00
1.41884 3.24926e+00
1.43086 3.24487e+00
1.44289 3.24047e+00
1.45491 3.23605e+00
1.46693 3.23161e+00
1.47896 3.22716e+00
1.49098 3.22269e+00
1.50301 3.21821e+00
1.51503 3.21371e+00
1.52705 3.20919e+00
1.53908 3.20466e+00
1.55110 3.20011e+00
1.56313 3.19555e+00
1.57515 3.19098e+00
1.58717 3.18639e+00
1.59920 3.18178e+00
1.61122 3.17717e+00
1.62325 3.17254e+00
1.63527 3.16790e+00
1.64729 3.16325e+00
1.65932 3.15858e+00
1.67134 3.15390e+00
1.68337 3.14921e+00
1.69539 3.14451e+00
1.70741 3.13980e+00
1.71944 3.13508e+00
1.73146 3.13035e+00
1.74349 3.12561e+00
1.75551 3.12086e+00
1.76754 3.11610e+00
1.77956 3.11133e+00
1.79158 3.10655e+00
1.80361 3.10176e+00
1.81563 3.09697e+00
1.82766 3.09216e+00
1.83968 3.08735e+00
1.85170 3.08253e+00
1.86373 3.07771e+00
1.87575 3.07288e+00
1.88778 3.06804e+00
1.89980 3.06319e+00
1.91182 3.05834e+00
1.92385 3.05348e+00
1.93587 3.04862e+00
1.94790 3.04375e+00
1.95992 3.03887e+00
1.97194 3.03399e+00
1.98397 3.02911e+00
1.99599 3.02422e+00
2.00802 3.01933e+00
2.02004 3.01443e+00
2.03206 3.00954e+00
2.04409 3.00463e+00
2.05611 2.99973e+00
2.06814 2.99482e+00
2.08016 2.98990e+00
2.09218 2.98499e+00
2.10421 2.98007e+00
2.11623 2.97515e+00
2.12826 2.97023e+00
2.14028 2.96531e+00
2.15230 2.96039e+00
2.16433 2.95546e+00
2.17635 2.95054e+00
2.18838 2.94561e+00
2.20040 2.94068e+00
2.21242 2.93576e+00
2.22445 2.93083e+00
2.23647 2.92590e+00
2.24850 2.92097e+00
2.26052 2.91605e+00
2.27255 2.91112e+00
2.28457 2.90619e+00
2.29659 2.90127e+00
2.30862 2.89635e+00
2.32064 2.89142e+00
2.33267 2.88650e+00
2.34469 2.88159e+00
2.35671 2.87667e+00
2.36874 2.87176e+00
2.38076 2.86684e+00
2.39279 2.86193e+00
2.40481 2.85703e+00
2.41683 2.85212e+00
2.42886 2.84722e+00
2.44088 2.84232e+00
2.45291 2.83743e+00
2.46493 2.83254e+00
2.47695 2.82765e+00
2.48898 2.82277e+00
2.50100 2.81789e+00
2.51303 2.81301e+00
2.52505 2.80814e+00
2.53707 2.80327e+00
2.54910 2.79841e+00
2.56112 2.79355e+00
2.57315 2.78870e+00
2.58517 2.78385e+00
2.59719 2.77901e+00
2.60922 2.77417e+00
2.62124 2.76934e+00
2.63327 2.76451e+00
2.64529 2.75969e+00
2.65731 2.75488e+00
2.66934 2.75007e+00
2.68136 2.74526e+00
2.69339 2.74047e+00
2.70541 2.73568e+00
2.71743 2.73089e+00
2.72946 2.72611e+00
2.74148 2.72134e+00
2.75351 2.71658e+00
2.76553 2.71182e+00
2.77756 2.70707e+00
2.78958 2.70232e+00
2.80160 2.69759e+00
2.81363 2.69286e+00
2.82565 2.68814e+00
2.83768 2.68342e+00
2.84970 2.67871e+00
2.86172 2.67401e+00
2.87375 2.66932e+00
2.88577 2.66464e+00
2.89780 2.65996e+00
2.90982 2.65530e+00
2.92184 2.65064e+00
2.93387 2.64598e+00
2.94589 2.64134e+00
2.95792 2.63671e+00
2.96994 2.63208e+00
2.98196 2.62746e+00
2.99399 2.62285e+00
3.00601 2.61825e+00
3.01804 2.61366e+00
3.03006 2.60908e+00
3.04208 2.60450e+00
3.05411 2.59994e+00
3.06613 2.59538e+00
3.07816 2.59084e+00
3.09018 2.58630e+00
3.10220 2.58177e+00
3.11423 2.57725e+00
3.12625 2.57274e+00
3.13828 2.56824e+00
3.15030 2.56375e+00
3.16232 2.55927e+00
3.17435 2.55480e+00
3.18637 2.55034e+00
3.19840 2.54589e+00
3.21042 2.54145e+00
3.22244 2.53702e+00
3.23447 2.53259e+00
3.24649 2.52818e+00
3.25852 2.52378e+00
3.27054 2.51939e+00
3.28257 2.51501e+00
3.29459 2.51064e+00
3.30661 2.50627e+00
3.31864 2.50192e+00
3.33066 2.49758e+00
3.34269 2.49325e+00
3.35471 2.48893e+00
3.36673 2.48462e+00
3.37876 2.48032e+00
3.39078 2.47603e+00
3.40281 2.47176e+00
3.41483 2.46749e+00
3.42685 2.46323e+00
3.43888 2.45899e+00
3.45090 2.45475e+00
3.46293 2.45053e+00
3.47495 2.44631e+00
3.48697 2.44211e+00
3.49900 2.43791e+00
3.51102 2.43373e+00
3.52305 2.42956e+00
3.53507 2.42540e+00
3.54709 2.42125e+00
3.55912 2.41711e+00
3.57114 2.41299e+00
3.58317 2.40887e+00
3.59519 2.40476e+00
3.60721 2.40067e+00
3.61924 2.39658e+00
3.63126 2.39251e+00
3.64329 2.38845e+00
3.65531 2.38440e+00
3.66733 2.38036e+00
3.67936 2.37633e+00
3.69138 2.37231e+00
3.70341 2.36831e+00
3.71543 2.36431e+00
3.72745 2.36033e+00
3.73948 2.35636e+00
3.75150 2.35239e+00
3.76353 2.34844e+00
3.77555 2.34450e+00
3.78758 2.34058e+00
3.79960 2.33666e+00
3.81162 2.33275e+00
3.82365 2.32886e+00
3.83567 2.32497e+00
3.84770 2.32110e+00
3.85972 2.31724e+00
3.87174 2.31339e+00
3.88377 2.30955e+00
3.89579 2.30572e+00
3.90782 2.30191e+00
3.91984 2.29810e+00
3.93186 2.29431e+00
3.94389 2.29052e+00
3.95591 2.28675e+00
3.96794 2.28299e+00
3.97996 2.27924e+00
3.99198 2.27551e+00
4.00401 2.27178e+00
4.01603 2.26806e+00
4.02806 2.26436e+00
4.04008 2.26066e+00
4.05210 2.25698e+00
4.06413 2.25331e+00
4.07615 2.24965e+00
4.08818 2.24600e+00
4.10020 2.24236e+00
4.11222 2.23874e+00
4.12425 2.23512e+00
4.13627 2.23152e+00
4.14830 2.22793e+00
4.16032 2.22434e+00
4.17234 2.22077e+00
4.18437 2.21721e+00
4.19639 2.21366e+00
4.20842 2.21013e+00
4.22044 2.20660e+00
4.23246 2.20308e+00
4.24449 2.19958e+00
4.25651 2.19608e+00
4.26854 2.19260e+00
4.28056 2.18913e+00
4.29259 2.18567e+00
4.30461 2.18222e+00
4.31663 2.17878e+00
4.32866 2.17535e+00
4.34068 2.17193e+00
4.35271 2.16853e+00
4.36473 2.16513e+00
4.37675 2.16175e+00
4.38878 2.15837e+00
4.40080 2.15501e+00
4.41283 2.15166e+00
4.42485 2.14832e+00
4.43687 2.14499e+00
4.44890 2.14167e+00
4.46092 2.13836e+00
4.47295 2.13506e+00
4.48497 2.13177e+00
4.49699 2.12849e+00
4.50902 2.12523e+00
4.52104 2.12197e+00
4.53307 2.11873e+00
4.54509 2.11549e+00
4.55711 2.11227e+00
4.56914 2.10905e+00
4.58116 2.10585e+00
4.59319 2.10266e+00
4.60521 2.09947e+00
4.61723 2.09630e+00
4.62926 2.09314e+00
4.64128 2.08999e+00
4.65331 2.08685e+00
4.66533 2.08372e+00
4.67735 2.08060e+00
4.68938 2.07749e+00
4.70140 2.07439e+00
4.71343 2.07130e+00
4.72545 2.06822e+00
4.73747 2.06515e+00
4.74950 2.06210e+00
4.76152 2.05905e+00
4.77355 2.05601e+00
4.78557 2.05298e+00
4.79760 2.04996e+00
4.80962 2.04696e+00
4.82164 2.04396e+00
4.83367 2.04097e+00
4.84569 2.03799e+00
4.85772 2.03502e+00
4.86974 2.03207e+00
4.88176 2.02912e+00
4.89379 2.02618e+00
4.90581 2.02325e+00
4.91784 2.02033e+00
4.92986 2.01743e+00
4.94188 2.01453e+00
4.95391 2.01164e+00
4.96593 2.00876e+00
4.97796 2.00589e+00
4.98998 2.00303e+00
5.00200 2.00018e+00
5.01403 1.99734e+00
5.02605 1.99451e+00
5.03808 1.99169e+00
5.05010 1.98887e+00
5.06212 1.98607e+00
5.07415 1.98328e+00
5.08617 1.98050e+00
5.09820 1.97772e+00
5.11022 1.97496e+00
5.12224 1.97220e+00
5.13427 1.96946e+00
5.14629 1.96672e+00
5.15832 1.96399e+00
5.17034 1.96128e+00
5.18236 1.95857e+00
5.19439 1.95587e+00
5.20641 1.95318e+00
5.21844 1.95050e+00
5.23046 1.94783e+00
5.24248 1.94516e+00
5.25451 1.94251e+00
5.26653 1.93987e+00
5.27856 1.93723e+00
5.29058 1.93460e+00
5.30261 1.93199e+00
5.31463 1.92938e+00
5.32665 1.92678e+00
5.33868 1.92419e+00
5.35070 1.92161e+00
5.36273 1.91903e+00
5.37475 1.91647e+00
5.38677 1.91392e+00
5.39880 1.91137e+00
5.41082 1.90883e+00
5.42285 1.90630e+00
5.43487 1.90378e+00
5.44689 1.90127e+00
5.45892 1.89877e+00
5.47094 1.89627e+00
5.48297 1.89379e+00
5.49499 1.89131e+00
5.50701 1.88884e+00
5.51904 1.88638e+00
5.53106 1.88393e+00
5.54309 1.88148e+00
5.55511 1.87905e+00
5.56713 1.87662e+00
5.57916 1.87420e+00
5.59118 1.87179e+00
5.60321 1.86939e+00
5.61523 1.86700e+00
5.62725 1.86461e+00
5.63928 1.86224e+00
5.65130 1.85987e+00
5.66333 1.85751e+00
5.67535 1.85515e+00
5.68737 1.85281e+00
5.69940 1.85047e+00
5.71142 1.84814e+00
5.72345 1.84582e+00
5.73547 1.84351e+00
5.74749 1.84121e+00
5.75952 1.83891e+00
5.77154 1.83662e+00
5.78357 1.83434e+00
5.79559 1.83207e+00
5.80762 1.82980e+00
5.81964 1.82755e+00
5.83166 1.82530e+00
5.84369 1.82306e+00
5.85571 1.82082e+00
5.86774 1.81860e+00
5.87976 1.81638e+00
5.89178 1.81417e+00
5.90381 1.81196e+00
5.91583 1.80977e+00
5.92786 1.80758e+00
5.93988 1.80540e+00
5.95190 1.80322e+00
5.96393 1.80106e+00
5.97595 1.79890e+00
5.98798 1.79675e+00
6.00000 1.79461e+00
