  300.00 -8.00000  5.14173e-79  6.39938e-79  6.39938e-79 -3.82939e-79 -3.82939e-79  4.46982e-79
  300.00 -7.97395  1.39575e-78  1.73715e-78  1.73715e-78 -1.03950e-78 -1.03950e-78  1.21335e-78
  300.00 -7.94790  3.78868e-78  4.71539e-78  4.71539e-78 -2.82162e-78 -2.82162e-78  3.29354e-78
  300.00 -7.92184  1.02837e-77  1.27991e-77  1.27991e-77 -7.65871e-78 -7.65871e-78  8.93968e-78
  300.00 -7.89579  2.79121e-77  3.47395e-77  3.47395e-77 -2.07871e-77 -2.07871e-77  2.42640e-77
  300.00 -7.86974  7.57560e-77  9.42864e-77  9.42864e-77 -5.64176e-77 -5.64176e-77  6.58543e-77
  300.00 -7.84369  2.05600e-76  2.55891e-76  2.55891e-76 -1.53114e-76 -1.53114e-76  1.78726e-76
  300.00 -7.81764  5.57968e-76  6.94453e-76  6.94453e-76 -4.15526e-76 -4.15526e-76  4.85032e-76
  300.00 -7.79158  1.51418e-75  1.88457e-75  1.88457e-75 -1.12762e-75 -1.12762e-75  1.31624e-75
  300.00 -7.76553  4.10890e-75  5.11400e-75  5.11400e-75 -3.05988e-75 -3.05988e-75  3.57175e-75
  300.00 -7.73948  1.11495e-74  1.38768e-74  1.38768e-74 -8.30288e-75 -8.30288e-75  9.69185e-75
  300.00 -7.71343  3.02526e-74  3.76530e-74  3.76530e-74 -2.25285e-74 -2.25285e-74  2.62974e-74
  300.00 -7.68737  8.20829e-74  1.02162e-73  1.02162e-73 -6.11248e-74 -6.11248e-74  7.13508e-74
  300.00 -7.66132  2.22701e-73  2.77178e-73  2.77179e-73 -1.65837e-73 -1.65837e-73  1.93582e-73
  300.00 -7.63527  6.04186e-73  7.51985e-73  7.51985e-73 -4.49910e-73 -4.49910e-73  5.25183e-73
  300.00 -7.60922  1.63908e-72  2.04004e-72  2.04004e-72 -1.22053e-72 -1.22053e-72  1.42474e-72
  300.00 -7.58317  4.44638e-72  5.53409e-72  5.53410e-72 -3.31094e-72 -3.31094e-72  3.86492e-72
  300.00 -7.55711  1.20613e-71  1.50118e-71  1.50118e-71 -8.98118e-72 -8.98118e-72  1.04839e-71
  300.00 -7.53106  3.27159e-71  4.07193e-71  4.07193e-71 -2.43609e-71 -2.43609e-71  2.84372e-71
  300.00 -7.50501  8.87367e-71  1.10445e-70  1.10445e-70 -6.60744e-71 -6.60744e-71  7.71307e-71
  300.00 -7.47896  2.40672e-70  2.99550e-70  2.99550e-70 -1.79205e-70 -1.79205e-70  2.09193e-70
  300.00 -7.45291  6.52721e-70  8.12403e-70  8.12403e-70 -4.86012e-70 -4.86012e-70  5.67342e-70
  300.00 -7.42685  1.77014e-69  2.20319e-69  2.20319e-69 -1.31802e-69 -1.31802e-69  1.53858e-69
  300.00 -7.40080  4.80025e-69  5.97461e-69  5.97461e-69 -3.57415e-69 -3.57414e-69  4.17229e-69
  300.00 -7.37475  1.30166e-68  1.62011e-68  1.62011e-68 -9.69173e-69 -9.69173e-69  1.13137e-68
  300.00 -7.34870  3.52948e-68  4.39296e-68  4.39296e-68 -2.62789e-68 -2.62789e-68  3.06771e-68
  300.00 -7.32265  9.56973e-68  1.19110e-67  1.19110e-67 -7.12511e-68 -7.12511e-68  8.31763e-68
  300.00 -7.29659  2.59457e-67  3.22935e-67  3.22935e-67 -1.93175e-67 -1.93175e-67  2.25508e-67
  300.00 -7.27054  7.03410e-67  8.75504e-67  8.75504e-67 -5.23708e-67 -5.23708e-67  6.11366e-67
  300.00 -7.24449  1.90690e-66  2.37344e-66  2.37344e-66 -1.41972e-66 -1.41972e-66  1.65736e-66
  300.00 -7.21844  5.16919e-66  6.43390e-66  6.43390e-66 -3.84851e-66 -3.84850e-66  4.49271e-66
  300.00 -7.19238  1.40118e-65  1.74400e-65  1.74400e-65 -1.04318e-65 -1.04318e-65  1.21780e-65
  300.00 -7.16633  3.79788e-65  4.72710e-65  4.72710e-65 -2.82747e-65 -2.82747e-65  3.30080e-65
  300.00 -7.14028  1.02935e-64  1.28120e-64  1.28120e-64 -7.66328e-65 -7.66328e-65  8.94618e-65
  300.00 -7.11423  2.78972e-64  3.47229e-64  3.47229e-64 -2.07686e-64 -2.07686e-64  2.42455e-64
  300.00 -7.08818  7.56020e-64  9.40999e-64  9.41000e-64 -5.62824e-64 -5.62824e-64  6.57052e-64
  300.00 -7.06212  2.04871e-63  2.54998e-63  2.54998e-63 -1.52515e-63 -1.52515e-63  1.78050e-63
  300.00 -7.03607  5.55139e-63  6.90971e-63  6.90971e-63 -4.13265e-63 -4.13265e-63  4.82459e-63
  300.00 -7.01002  1.50417e-62  1.87222e-62  1.87222e-62 -1.11974e-62 -1.11974e-62  1.30723e-62
  300.00 -6.98397  4.07536e-62  5.07255e-62  5.07255e-62 -3.03375e-62 -3.03375e-62  3.54174e-62
  300.00 -6.95792  1.10410e-61  1.37426e-61  1.37426e-61 -8.21895e-62 -8.21895e-62  9.59522e-62
  300.00 -6.93186  2.99105e-61  3.72294e-61  3.72294e-61 -2.22652e-61 -2.22651e-61  2.59936e-61
  300.00 -6.90581  8.10239e-61  1.00850e-60  1.00850e-60 -6.03125e-61 -6.03125e-61  7.04127e-61
  300.00 -6.87976  2.19469e-60  2.73173e-60  2.73173e-60 -1.63366e-60 -1.63366e-60  1.90725e-60
  300.00 -6.85371  5.94439e-60  7.39899e-60  7.39899e-60 -4.42475e-60 -4.42475e-60  5.16579e-60
  300.00 -6.82766  1.60995e-59  2.00391e-59  2.00391e-59 -1.19836e-59 -1.19836e-59  1.39907e-59
  300.00 -6.80160  4.36004e-59  5.42697e-59  5.42697e-59 -3.24532e-59 -3.24532e-59  3.78888e-59
  300.00 -6.77555  1.18070e-58  1.46962e-58  1.46962e-58 -8.78818e-59 -8.78818e-59  1.02602e-58
  300.00 -6.74950  3.19711e-58  3.97948e-58  3.97948e-58 -2.37964e-58 -2.37964e-58  2.77824e-58
  300.00 -6.72345  8.65660e-58  1.07750e-57  1.07750e-57 -6.44309e-58 -6.44308e-58  7.52237e-58
  300.00 -6.69739  2.34373e-57  2.91729e-57  2.91729e-57 -1.74440e-57 -1.74440e-57  2.03662e-57
  300.00 -6.67134  6.34509e-57  7.89787e-57  7.89788e-57 -4.72247e-57 -4.72247e-57  5.51361e-57
  300.00 -6.64529  1.71766e-56  2.13802e-56  2.13802e-56 -1.27839e-56 -1.27839e-56  1.49256e-56
  300.00 -6.61924  4.64950e-56  5.78737e-56  5.78737e-56 -3.46038e-56 -3.46037e-56  4.04013e-56
  300.00 -6.59319  1.25847e-55  1.56646e-55  1.56646e-55 -9.36598e-56 -9.36598e-56  1.09352e-55
  300.00 -6.56713  3.40604e-55  4.23962e-55  4.23962e-55 -2.53485e-55 -2.53485e-55  2.95957e-55
  300.00 -6.54108  9.21774e-55  1.14737e-54  1.14737e-54 -6.85991e-55 -6.85991e-55  8.00937e-55
  300.00 -6.51503  2.49440e-54  3.10489e-54  3.10489e-54 -1.85632e-54 -1.85632e-54  2.16738e-54
  300.00 -6.48898  6.74956e-54  8.40149e-54  8.40149e-54 -5.02289e-54 -5.02289e-54  5.86461e-54
  300.00 -6.46293  1.82621e-53  2.27318e-53  2.27318e-53 -1.35901e-53 -1.35901e-53  1.58676e-53
  300.00 -6.43687  4.94076e-53  6.15003e-53  6.15003e-53 -3.67668e-53 -3.67668e-53  4.29287e-53
  300.00 -6.41082  1.33660e-52  1.66375e-52  1.66375e-52 -9.94618e-53 -9.94618e-53  1.16132e-52
  300.00 -6.38477  3.61557e-52  4.50052e-52  4.50052e-52 -2.69043e-52 -2.69043e-52  3.14138e-52
  300.00 -6.35872  9.77949e-52  1.21732e-51  1.21732e-51 -7.27701e-52 -7.27701e-52  8.49677e-52
  300.00 -6.33267  2.64497e-51  3.29237e-51  3.29237e-51 -1.96811e-51 -1.96811e-51  2.29801e-51
  300.00 -6.30661  7.15301e-51  8.90386e-51  8.90386e-51 -5.32241e-51 -5.32241e-51  6.21463e-51
  300.00 -6.28056  1.93429e-50  2.40775e-50  2.40775e-50 -1.43923e-50 -1.43923e-50  1.68051e-50
  300.00 -6.25451  5.23018e-50  6.51042e-50  6.51042e-50 -3.89151e-50 -3.89151e-50  4.54393e-50
  300.00 -6.22846  1.41408e-49  1.76023e-49  1.76023e-49 -1.05213e-49 -1.05213e-49  1.22853e-49
  300.00 -6.20240  3.82293e-49  4.75873e-49  4.75873e-49 -2.84433e-49 -2.84433e-49  3.32124e-49
  300.00 -6.17635  1.03342e-48  1.28640e-48  1.28640e-48 -7.68870e-49 -7.68870e-49  8.97794e-49
  300.00 -6.15030  2.79333e-48  3.47713e-48  3.47713e-48 -2.07820e-48 -2.07820e-48  2.42669e-48
  300.00 -6.12425  7.54967e-48  9.39782e-48  9.39782e-48 -5.61672e-48 -5.61672e-48  6.55863e-48
  300.00 -6.09820  2.04030e-47  2.53977e-47  2.53977e-47 -1.51788e-47 -1.51788e-47  1.77244e-47
  300.00 -6.07214  5.51338e-47  6.86310e-47  6.86310e-47 -4.10160e-47 -4.10160e-47  4.78951e-47
  300.00 -6.04609  1.48971e-46  1.85441e-46  1.85441e-46 -1.10822e-46 -1.10822e-46  1.29410e-46
  300.00 -6.02004  4.02481e-46  5.01015e-46  5.01015e-46 -2.99406e-46 -2.99406e-46  3.49628e-46
  300.00 -5.99399  1.08729e-45  1.35348e-45  1.35348e-45 -8.08819e-46 -8.08819e-46  9.44496e-46
  300.00 -5.96794  2.93701e-45  3.65606e-45  3.65606e-45 -2.18474e-45 -2.18474e-45  2.55124e-45
  300.00 -5.94188  7.93269e-45  9.87484e-45  9.87484e-45 -5.90071e-45 -5.90071e-45  6.89066e-45
  300.00 -5.91583  2.14236e-44  2.66688e-44  2.66688e-44 -1.59355e-44 -1.59355e-44  1.86091e-44
  300.00 -5.88978  5.78521e-44  7.20166e-44  7.20166e-44 -4.30310e-44 -4.30310e-44  5.02511e-44
  300.00 -5.86373  1.56207e-43  1.94454e-43  1.94454e-43 -1.16186e-43 -1.16186e-43  1.35682e-43
  300.00 -5.83768  4.21734e-43  5.24994e-43  5.24995e-43 -3.13674e-43 -3.13674e-43  3.66312e-43
  300.00 -5.81162  1.13849e-42  1.41725e-42  1.41725e-42 -8.46755e-43 -8.46755e-43  9.88858e-43
  300.00 -5.78557  3.07307e-42  3.82553e-42  3.82553e-42 -2.28554e-42 -2.28554e-42  2.66913e-42
  300.00 -5.75952  8.29407e-42  1.03250e-41  1.03250e-41 -6.16841e-42 -6.16841e-42  7.20374e-42
  300.00 -5.73347  2.23828e-41  2.78637e-41  2.78637e-41 -1.66460e-41 -1.66460e-41  1.94401e-41
  300.00 -5.70741  6.03967e-41  7.51862e-41  7.51863e-41 -4.49154e-41 -4.49154e-41  5.24552e-41
  300.00 -5.68136  1.62953e-40  2.02856e-40  2.02856e-40 -1.21180e-40 -1.21180e-40  1.41524e-40
  300.00 -5.65531  4.39601e-40  5.47253e-40  5.47253e-40 -3.26901e-40 -3.26901e-40  3.81785e-40
  300.00 -5.62926  1.18578e-39  1.47617e-39  1.47617e-39 -8.81759e-40 -8.81758e-40  1.02981e-39
  300.00 -5.60321  3.19815e-39  3.98136e-39  3.98136e-39 -2.37810e-39 -2.37810e-39  2.77742e-39
  300.00 -5.57715  8.62462e-39  1.07368e-38  1.07368e-38 -6.41296e-39 -6.41296e-39  7.48988e-39
  300.00 -5.55110  2.32556e-38  2.89510e-38  2.89510e-38 -1.72915e-38 -1.72915e-38  2.01954e-38
  300.00 -5.52505  6.26988e-38  7.80545e-38  7.80545e-38 -4.66177e-38 -4.66177e-38  5.44474e-38
  300.00 -5.49900  1.69019e-37  2.10415e-37  2.10415e-37 -1.25665e-37 -1.25665e-37  1.46773e-37
  300.00 -5.47295  4.55571e-37  5.67151e-37  5.67151e-37 -3.38704e-37 -3.38704e-37  3.95600e-37
  300.00 -5.44689  1.22777e-36  1.52849e-36  1.52849e-36 -9.12785e-37 -9.12785e-37  1.06613e-36
  300.00 -5.42084  3.30844e-36  4.11879e-36  4.11879e-36 -2.45957e-36 -2.45957e-36  2.87280e-36
  300.00 -5.39479  8.91389e-36  1.10973e-35  1.10973e-35 -6.62657e-36 -6.62657e-36  7.73999e-36
  300.00 -5.36874  2.40133e-35  2.98953e-35  2.98953e-35 -1.78508e-35 -1.78508e-35  2.08504e-35
  300.00 -5.34269  6.46807e-35  8.05246e-35  8.05246e-35 -4.80802e-35 -4.80802e-35  5.61602e-35
  300.00 -5.31663  1.74195e-34  2.16866e-34  2.16866e-34 -1.29483e-34 -1.29483e-34  1.51244e-34
  300.00 -5.29058  4.69065e-34  5.83971e-34  5.83971e-34 -3.48653e-34 -3.48653e-34  4.07255e-34
  300.00 -5.26453  1.26289e-33  1.57227e-33  1.57227e-33 -9.38663e-34 -9.38663e-34  1.09645e-33
  300.00 -5.23848  3.39963e-33  4.23248e-33  4.23248e-33 -2.52674e-33 -2.52674e-33  2.95152e-33
  300.00 -5.21242  9.15023e-33  1.13919e-32  1.13919e-32 -6.80054e-33 -6.80054e-33  7.94392e-33
  300.00 -5.18637  2.46243e-32  3.06572e-32  3.06572e-32 -1.83003e-32 -1.83003e-32  2.13774e-32
  300.00 -5.16032  6.62562e-32  8.24892e-32  8.24892e-32 -4.92384e-32 -4.92384e-32  5.75185e-32
  300.00 -5.13427  1.78245e-31  2.21917e-31  2.21918e-31 -1.32458e-31 -1.32458e-31  1.54735e-31
  300.00 -5.10822  4.79445e-31  5.96917e-31  5.96918e-31 -3.56272e-31 -3.56271e-31  4.16195e-31
  300.00 -5.08216  1.28939e-30  1.60533e-30  1.60533e-30 -9.58098e-31 -9.58098e-31  1.11926e-30
  300.00 -5.05611  3.46703e-30  4.31657e-30  4.31657e-30 -2.57611e-30 -2.57611e-30  3.00949e-30
  300.00 -5.03006  9.32083e-30  1.16048e-29  1.16048e-29 -6.92535e-30 -6.92535e-30  8.09054e-30
  300.00 -5.00401  2.50538e-29  3.11932e-29  3.11932e-29 -1.86141e-29 -1.86141e-29  2.17463e-29
  300.00 -4.97796  6.73308e-29  8.38308e-29  8.38308e-29 -5.00222e-29 -5.00222e-29  5.84403e-29
  300.00 -4.95190  1.80915e-28  2.25251e-28  2.25251e-28 -1.34401e-28 -1.34401e-28  1.57022e-28
  300.00 -4.92585  4.86018e-28  6.05128e-28  6.05128e-28 -3.61044e-28 -3.61044e-28  4.21818e-28
  300.00 -4.89980  1.30541e-27  1.62534e-27  1.62534e-27 -9.69692e-28 -9.69692e-28  1.13294e-27
  300.00 -4.87375  3.50555e-27  4.36473e-27  4.36473e-27 -2.60389e-27 -2.60389e-27  3.04230e-27
  300.00 -4.84770  9.41191e-27  1.17188e-26  1.17188e-26 -6.99073e-27 -6.99073e-27  8.16789e-27
  300.00 -4.82164  2.52645e-26  3.14572e-26  3.14572e-26 -1.87644e-26 -1.87644e-26  2.19245e-26
  300.00 -4.79559  6.78039e-26  8.44240e-26  8.44240e-26 -5.03564e-26 -5.03564e-26  5.88380e-26
  300.00 -4.76954  1.81930e-25  2.26527e-25  2.26527e-25 -1.35109e-25 -1.35108e-25  1.57868e-25
  300.00 -4.74349  4.88047e-25  6.07687e-25  6.07687e-25 -3.62423e-25 -3.62423e-25  4.23482e-25
  300.00 -4.71743  1.30895e-24  1.62983e-24  1.62983e-24 -9.71967e-25 -9.71967e-25  1.13574e-24
  300.00 -4.69138  3.50981e-24  4.37027e-24  4.37027e-24 -2.60609e-24 -2.60609e-24  3.04527e-24
  300.00 -4.66533  9.40902e-24  1.17158e-23  1.17158e-23 -6.98594e-24 -6.98594e-24  8.16340e-24
  300.00 -4.63928  2.52175e-23  3.14004e-23  3.14004e-23 -1.87222e-23 -1.87222e-23  2.18783e-23
  300.00 -4.61323  6.75704e-23  8.41381e-23  8.41381e-23 -5.01632e-23 -5.01632e-23  5.86205e-23
  300.00 -4.58717  1.81010e-22  2.25394e-22  2.25394e-22 -1.34371e-22 -1.34371e-22  1.57029e-22
  300.00 -4.56112  4.84773e-22  6.03647e-22  6.03647e-22 -3.59843e-22 -3.59843e-22  4.20531e-22
  300.00 -4.53507  1.29796e-21  1.61626e-21  1.61626e-21 -9.63406e-22 -9.63406e-22  1.12591e-21
  300.00 -4.50902  3.47434e-21  4.32638e-21  4.32638e-21 -2.57864e-21 -2.57864e-21  3.01366e-21
  300.00 -4.48297  9.29745e-21  1.15777e-20  1.15777e-20 -6.90005e-21 -6.90005e-21  8.06431e-21
  300.00 -4.45691  2.48734e-20  3.09739e-20  3.09739e-20 -1.84584e-20 -1.84584e-20  2.15734e-20
  300.00 -4.43086  6.65248e-20  8.28417e-20  8.28417e-20 -4.93641e-20 -4.93641e-20  5.76963e-20
  300.00 -4.40481  1.77871e-19  2.21501e-19  2.21501e-19 -1.31978e-19 -1.31978e-19  1.54259e-19
  300.00 -4.37876  4.75443e-19  5.92070e-19  5.92070e-19 -3.52746e-19 -3.52746e-19  4.12308e-19
  300.00 -4.35271  1.27045e-18  1.58212e-18  1.58212e-18 -9.42516e-19 -9.42516e-19  1.10169e-18
  300.00 -4.32665  3.39377e-18  4.22637e-18  4.22637e-18 -2.51756e-18 -2.51756e-18  2.94281e-18
  300.00 -4.30060  9.06291e-18  1.12865e-17  1.12865e-17 -6.72247e-18 -6.72247e-18  7.85824e-18
  300.00 -4.27455  2.41941e-17  3.01304e-17  3.01304e-17 -1.79447e-17 -1.79447e-17  2.09771e-17
  300.00 -4.24850  6.45662e-17  8.04092e-17  8.04092e-17 -4.78844e-17 -4.78844e-17  5.59779e-17
  300.00 -4.22244  1.72247e-16  2.14514e-16  2.14514e-16 -1.27732e-16 -1.27732e-16  1.49327e-16
  300.00 -4.19639  4.59347e-16  5.72074e-16  5.72074e-16 -3.40607e-16 -3.40606e-16  3.98201e-16
  300.00 -4.17034  1.22454e-15  1.52507e-15  1.52507e-15 -9.07914e-16 -9.07914e-16  1.06147e-15
  300.00 -4.14429  3.26318e-15  4.06410e-15  4.06410e-15 -2.41920e-15 -2.41920e-15  2.82846e-15
  300.00 -4.11824  8.69246e-15  1.08261e-14  1.08261e-14 -6.44363e-15 -6.44363e-15  7.53398e-15
  300.00 -4.09218  2.31457e-14  2.88274e-14  2.88274e-14 -1.71560e-14 -1.71560e-14  2.00597e-14
  300.00 -4.06613  6.16059e-14  7.67297e-14  7.67297e-14 -4.56585e-14 -4.56585e-14  5.33884e-14
  300.00 -4.04008  1.63904e-13  2.04145e-13  2.04145e-13 -1.21463e-13 -1.21463e-13  1.42032e-13
  300.00 -4.01403  4.35884e-13  5.42908e-13  5.42908e-13 -3.22981e-13 -3.22981e-13  3.77690e-13
  300.00 -3.98798  1.15867e-12  1.44318e-12  1.44318e-12 -8.58450e-13 -8.58450e-13  1.00390e-12
  300.00 -3.96192  3.07854e-12  3.83455e-12  3.83455e-12 -2.28061e-12 -2.28061e-12  2.66714e-12
  300.00 -3.93587  8.17574e-12  1.01836e-11  1.01836e-11 -6.05593e-12 -6.05593e-12  7.08261e-12
  300.00 -3.90982  2.17018e-11  2.70321e-11  2.70321e-11 -1.60730e-11 -1.60730e-11  1.87987e-11
  300.00 -3.88377  5.75767e-11  7.17197e-11  7.17197e-11 -4.26374e-11 -4.26374e-11  4.98703e-11
  300.00 -3.85772  1.52676e-10  1.90183e-10  1.90183e-10 -1.13047e-10 -1.13047e-10  1.32230e-10
  300.00 -3.83166  4.04633e-10  5.04046e-10  5.04046e-10 -2.99563e-10 -2.99563e-10  3.50414e-10
  300.00 -3.80561  1.07179e-09  1.33514e-09  1.33514e-09 -7.93370e-10 -7.93370e-10  9.28090e-10
  300.00 -3.77956  2.83733e-09  3.53457e-09  3.53457e-09 -2.09996e-09 -2.09996e-09  2.45668e-09
  300.00 -3.75351  7.50674e-09  9.35161e-09  9.35161e-09 -5.55503e-09 -5.55503e-09  6.49900e-09
  300.00 -3.72745  1.98484e-08  2.47269e-08  2.47269e-08 -1.46856e-08 -1.46856e-08  1.71821e-08
  300.00 -3.70140  5.24471e-08  6.53395e-08  6.53395e-08 -3.87986e-08 -3.87986e-08  4.53969e-08
  300.00 -3.67535  1.38494e-07  1.72542e-07  1.72542e-07 -1.02436e-07 -1.02436e-07  1.19864e-07
  300.00 -3.64930  3.65462e-07  4.55320e-07  4.55321e-07 -2.70263e-07 -2.70263e-07  3.16263e-07
  300.00 -3.62325  9.63704e-07  1.20069e-06  1.20069e-06 -7.12538e-07 -7.12538e-07  8.33870e-07
  300.00 -3.59719  2.53936e-06  3.16389e-06  3.16389e-06 -1.87718e-06 -1.87718e-06  2.19697e-06
  300.00 -3.57114  6.68606e-06  8.33067e-06  8.33067e-06 -4.94157e-06 -4.94157e-06  5.78382e-06
  300.00 -3.54509  1.75901e-05  2.19175e-05  2.19175e-05 -1.29979e-05 -1.29979e-05  1.52144e-05
  300.00 -3.51904  4.62387e-05  5.76157e-05  5.76157e-05 -3.41599e-05 -3.41599e-05  3.99881e-05
  300.00 -3.49299  1.21441e-04  1.51326e-04  1.51326e-04 -8.96969e-05 -8.96969e-05  1.05009e-04
  300.00 -3.46693  3.18663e-04  3.97094e-04  3.97094e-04 -2.35310e-04 -2.35310e-04  2.75503e-04
  300.00 -3.44088  8.35387e-04  1.04103e-03  1.04103e-03 -6.16722e-04 -6.16722e-04  7.22123e-04
  300.00 -3.41483  2.18784e-03  2.72650e-03  2.72650e-03 -1.61475e-03 -1.61474e-03  1.89088e-03
  300.00 -3.38878  5.72391e-03  7.13345e-03  7.13346e-03 -4.22342e-03 -4.22342e-03  4.94614e-03
  300.00 -3.36273  1.49590e-02  1.86434e-02  1.86434e-02 -1.10344e-02 -1.10344e-02  1.29239e-02
  300.00 -3.33667  3.90497e-02  4.86696e-02  4.86696e-02 -2.87962e-02 -2.87962e-02  3.37306e-02
  300.00 -3.31062  1.01816e-01  1.26904e-01  1.26904e-01 -7.50581e-02 -7.50581e-02  8.79295e-02
  300.00 -3.28457  2.65139e-01  3.30485e-01  3.30485e-01 -1.95394e-01 -1.95394e-01  2.28927e-01
  300.00 -3.25852  6.89540e-01  8.59522e-01  8.59522e-01 -5.07977e-01 -5.07977e-01  5.95228e-01
  300.00 -3.23246  1.79079e+00  2.23235e+00  2.23235e+00 -1.31877e+00 -1.31877e+00  1.54548e+00
  300.00 -3.20641  4.64403e+00  5.78942e+00  5.78942e+00 -3.41861e+00 -3.41861e+00  4.00683e+00
  300.00 -3.18036  1.20247e+01  1.49913e+01  1.49913e+01 -8.84810e+00 -8.84810e+00  1.03720e+01
  300.00 -3.15431  3.10848e+01  3.87557e+01  3.87557e+01 -2.28629e+01 -2.28629e+01  2.68047e+01
  300.00 -3.12826  8.02177e+01  1.00019e+02  1.00019e+02 -5.89726e+01 -5.89726e+01  6.91510e+01
  300.00 -3.10220  2.06631e+02  2.57654e+02  2.57654e+02 -1.51831e+02 -1.51831e+02  1.78066e+02
  300.00 -3.07615  5.31220e+02  6.62437e+02  6.62437e+02 -3.90128e+02 -3.90128e+02  4.57622e+02
  300.00 -3.05010  1.36286e+03  1.69962e+03  1.69962e+03 -1.00031e+03 -1.00031e+03  1.17360e+03
  300.00 -3.02405  3.48871e+03  4.35109e+03  4.35109e+03 -2.55908e+03 -2.55908e+03  3.00301e+03
  300.00 -2.99800  8.90939e+03  1.11126e+04  1.11126e+04 -6.53103e+03 -6.53103e+03  7.66569e+03
  300.00 -2.97194  2.26948e+04  2.83095e+04  2.83095e+04 -1.66247e+04 -1.66247e+04  1.95175e+04
  300.00 -2.94589  5.76524e+04  7.19221e+04  7.19221e+04 -4.21999e+04 -4.21999e+04  4.95558e+04
  300.00 -2.91984  1.46025e+05  1.82186e+05  1.82186e+05 -1.06797e+05 -1.06797e+05  1.25448e+05
  300.00 -2.89379  3.68685e+05  4.60032e+05  4.60033e+05 -2.69398e+05 -2.69398e+05  3.16540e+05
  300.00 -2.86774  9.27645e+05  1.15762e+06  1.15762e+06 -6.77162e+05 -6.77161e+05  7.95916e+05
  300.00 -2.84168  2.32528e+06  2.90209e+06  2.90209e+06 -1.69557e+06 -1.69557e+06  1.99363e+06
  300.00 -2.81563  5.80479e+06  7.24569e+06  7.24569e+06 -4.22773e+06 -4.22773e+06  4.97286e+06
  300.00 -2.78958  1.44259e+07  1.80094e+07  1.80094e+07 -1.04927e+07 -1.04927e+07  1.23473e+07
  300.00 -2.76353  3.56734e+07  4.45420e+07  4.45420e+07 -2.59091e+07 -2.59091e+07  3.05031e+07
  300.00 -2.73747  8.77334e+07  1.09563e+08  1.09563e+08 -6.36147e+07 -6.36147e+07  7.49338e+07
  300.00 -2.71142  2.14455e+08  2.67867e+08  2.67867e+08 -1.55211e+08 -1.55211e+08  1.82936e+08
  300.00 -2.68537  5.20643e+08  6.50451e+08  6.50451e+08 -3.76020e+08 -3.76020e+08  4.43482e+08
  300.00 -2.65932  1.25431e+09  1.56740e+09  1.56740e+09 -9.03709e+08 -9.03709e+08  1.06665e+09
  300.00 -2.63327  2.99557e+09  3.74428e+09  3.74428e+09 -2.15225e+09 -2.15225e+09  2.54249e+09
  300.00 -2.60721  7.08304e+09  8.85592e+09  8.85592e+09 -5.07246e+09 -5.07246e+09  5.99814e+09
  300.00 -2.58116  1.65559e+10  2.07065e+10  2.07065e+10 -1.18107e+10 -1.18107e+10  1.39823e+10
  300.00 -2.55511  3.81799e+10  4.77696e+10  4.77696e+10 -2.71113e+10 -2.71113e+10  3.21404e+10
  300.00 -2.52906  8.66557e+10  1.08467e+11  1.08467e+11 -6.11867e+10 -6.11867e+10  7.26565e+10
  300.00 -2.50301  1.92946e+11  2.41626e+11  2.41626e+11 -1.35277e+11 -1.35277e+11  1.60962e+11
  300.00 -2.47695  4.19615e+11  5.25778e+11  5.25778e+11 -2.91537e+11 -2.91536e+11  3.47777e+11
  300.00 -2.45090  8.85874e+11  1.11073e+12  1.11073e+12 -6.08063e+11 -6.08063e+11  7.27789e+11
  300.00 -2.42485  1.79908e+12  2.25746e+12  2.25746e+12 -1.21407e+12 -1.21407e+12  1.45976e+12
  300.00 -2.39880  3.46609e+12  4.35276e+12  4.35276e+12 -2.28027e+12 -2.28027e+12  2.75971e+12
  300.00 -2.37275  6.20559e+12  7.79561e+12  7.79561e+12 -3.91820e+12 -3.91820e+12  4.78766e+12
  300.00 -2.34669  1.00875e+13  1.26409e+13  1.26409e+13 -5.93622e+12 -5.93622e+12  7.34723e+12
  300.00 -2.32064  1.48625e+13  1.84426e+13  1.84426e+13 -7.76098e+12 -7.76097e+12  9.73907e+12
  300.00 -2.29459  2.06290e+13  2.52078e+13  2.52078e+13 -8.85743e+12 -8.85743e+12  1.14040e+13
  300.00 -2.26854  2.81844e+13  3.37709e+13  3.37709e+13 -8.98733e+12 -8.98733e+12  1.23567e+13
  300.00 -2.24248  3.92411e+13  4.57640e+13  4.57640e+13 -9.29655e+12 -9.29655e+12  1.35153e+13
  300.00 -2.21643  5.42643e+13  6.11780e+13  6.11780e+13 -9.67562e+12 -9.67562e+12  1.40075e+13
  300.00 -2.19038  7.24311e+13  7.91552e+13  7.91552e+13 -1.10004e+13 -1.10004e+13  1.46014e+13
  300.00 -2.16433  9.28061e+13  9.96497e+13  9.96497e+13 -1.35579e+13 -1.35579e+13  1.76778e+13
  300.00 -2.13828  1.17267e+14  1.26929e+14  1.26929e+14 -1.34655e+13 -1.34655e+13  2.23709e+13
  300.00 -2.11222  1.44160e+14  1.58646e+14  1.58646e+14 -1.43043e+13 -1.43043e+13  2.58777e+13
  300.00 -2.08617  1.67012e+14  1.79065e+14  1.79065e+14 -2.00231e+13 -2.00231e+13  2.52859e+13
  300.00 -2.06012  1.89291e+14  1.92354e+14  1.92354e+14 -1.86374e+13 -1.86374e+13  1.93203e+13
  300.00 -2.03407  2.21940e+14  2.22277e+14  2.22277e+14 -8.15378e+12 -8.15378e+12  1.18363e+13
  300.00 -2.00802  2.68067e+14  2.74319e+14  2.74319e+14 -4.07946e+12 -4.07947e+12  1.22883e+13
  300.00 -1.98196  3.04109e+14  3.16588e+14  3.16588e+14 -8.72984e+12 -8.72986e+12  1.90534e+13
  300.00 -1.95591  3.17070e+14  3.29252e+14  3.29252e+14 -1.66005e+13 -1.66005e+13  2.24801e+13
  300.00 -1.92986  3.27768e+14  3.31567e+14  3.31567e+14 -1.82488e+13 -1.82488e+13  1.82952e+13
  300.00 -1.90381  3.60816e+14  3.60273e+14  3.60273e+14 -9.29960e+12 -9.29958e+12  1.33295e+13
  300.00 -1.87776  4.29018e+14  4.30767e+14  4.30767e+14  2.97254e+12  2.97256e+12  6.30388e+12
  300.00 -1.85170  5.05163e+14  5.06141e+14  5.06141e+14  8.00563e+12  8.00562e+12 -1.90689e+12
  300.00 -1.82565  5.11942e+14  5.08260e+14  5.08260e+14 -2.77800e+12 -2.77802e+12 -4.31345e+12
  300.00 -1.79960  4.62105e+14  4.63080e+14  4.63080e+14 -1.27864e+13 -1.27864e+13  6.45294e+12
  300.00 -1.77355  4.82310e+14  4.92399e+14  4.92399e+14 -3.90949e+12 -3.90947e+12  1.24777e+13
  300.00 -1.74749  5.67342e+14  5.79504e+14  5.79504e+14  8.28742e+12  8.28745e+12  3.69007e+12
  300.00 -1.72144  6.35808e+14  6.38760e+14  6.38760e+14  8.89376e+12  8.89377e+12  4.94662e+10
  300.00 -1.69539  6.77927e+14  6.67865e+14  6.67865e+14  6.87936e+12  6.87936e+12  2.77651e+11
  300.00 -1.66934  7.18908e+14  7.09554e+14  7.09554e+14  4.25112e+12  4.25112e+12 -1.02599e+13
  300.00 -1.64329  7.14855e+14  7.21438e+14  7.21438e+14  4.48433e+12  4.48434e+12 -1.64347e+13
  300.00 -1.61723  6.83566e+14  6.99503e+14  6.99503e+14  6.02879e+12  6.02880e+12 -3.32620e+12
  300.00 -1.59118  7.16693e+14  7.22518e+14  7.22518e+14  1.25909e+12  1.25909e+12  1.01807e+13
  300.00 -1.56513  8.08199e+14  8.09702e+14  8.09702e+14 -1.79798e+12 -1.79798e+12  1.28849e+13
  300.00 -1.53908  8.86341e+14  8.86361e+14  8.86361e+14  6.44475e+12  6.44478e+12  2.87467e+12
  300.00 -1.51303  9.14889e+14  9.19422e+14  9.19422e+14  1.34670e+13  1.34670e+13 -4.37201e+12
  300.00 -1.48697  9.43764e+14  9.52582e+14  9.52582e+14  4.71551e+12  4.71548e+12  1.78752e+12
  300.00 -1.46092  9.71613e+14  9.75924e+14  9.75924e+14 -2.43518e+12 -2.43520e+12  4.38215e+12
  300.00 -1.43487  9.62965e+14  9.73365e+14  9.73365e+14 -2.04198e+12 -2.04197e+12  3.29420e+12
  300.00 -1.40882  9.74471e+14  9.85518e+14  9.85518e+14  2.19326e+12  2.19327e+12  6.37108e+12
  300.00 -1.38277  9.96801e+14  1.00196e+15  1.00196e+15  1.05432e+13  1.05432e+13  8.79143e+12
  300.00 -1.35671  1.04980e+15  1.04552e+15  1.04552e+15  6.50341e+12  6.50341e+12  7.48982e+12
  300.00 -1.33066  1.20205e+15  1.19466e+15  1.19466e+15 -2.26553e+12 -2.26552e+12  8.78871e+12
  300.00 -1.30461  1.28091e+15  1.29646e+15  1.29646e+15  1.49402e+12  1.49401e+12  6.43695e+12
  300.00 -1.27856  1.21799e+15  1.24093e+15  1.24093e+15  7.03269e+12  7.03266e+12  6.25725e+12
  300.00 -1.25251  1.17488e+15  1.17369e+15  1.17369e+15  2.41002e+12  2.41000e+12  1.24973e+13
  300.00 -1.22645  1.21139e+15  1.19776e+15  1.19776e+15  8.57566e+11  8.57565e+11  1.27994e+13
  300.00 -1.20040  1.25846e+15  1.25336e+15  1.25336e+15  4.78330e+12  4.78331e+12  9.07409e+12
  300.00 -1.17435  1.29057e+15  1.29327e+15  1.29327e+15  7.41008e+12  7.41010e+12  2.31865e+12
  300.00 -1.14830  1.38098e+15  1.39342e+15  1.39342e+15  4.17436e+12  4.17439e+12  1.50622e+12
  300.00 -1.12224  1.53163e+15  1.53611e+15  1.53611e+15 -4.04367e+12 -4.04368e+12  1.15190e+13
  300.00 -1.09619  1.54952e+15  1.54776e+15  1.54776e+15 -3.33840e+12 -3.33844e+12  2.13171e+13
  300.00 -1.07014  1.42281e+15  1.41232e+15  1.41232e+15  2.86798e+12  2.86794e+12  1.62916e+13
  300.00 -1.04409  1.39953e+15  1.38245e+15  1.38245e+15  2.10029e+12  2.10028e+12  8.06848e+12
  300.00 -1.01804  1.50775e+15  1.50301e+15  1.50301e+15 -1.25212e+12 -1.25211e+12  1.05488e+13
  300.00 -0.99198  1.56824e+15  1.57739e+15  1.57739e+15  2.26874e+12  2.26876e+12  1.37493e+13
  300.00 -0.96593  1.57571e+15  1.58156e+15  1.58156e+15 -2.07416e+12 -2.07412e+12  5.07328e+12
  300.00 -0.93988  1.63688e+15  1.64069e+15  1.64069e+15 -1.01838e+13 -1.01837e+13  3.52655e+12
  300.00 -0.91383  1.73024e+15  1.72901e+15  1.72901e+15 -6.26809e+12 -6.26810e+12  1.56810e+13
  300.00 -0.88778  1.73394e+15  1.72336e+15  1.72336e+15 -5.14583e+12 -5.14586e+12  2.13594e+13
  300.00 -0.86172  1.66234e+15  1.64652e+15  1.64652e+15 -4.04056e+12 -4.04057e+12  1.18002e+13
  300.00 -0.83567  1.65564e+15  1.64592e+15  1.64592e+15 -8.85109e+11 -8.85115e+11 -1.14763e+12
  300.00 -0.80962  1.66713e+15  1.67231e+15  1.67231e+15 -3.13884e+12 -3.13886e+12  1.55947e+11
  300.00 -0.78357  1.66917e+15  1.67598e+15  1.67598e+15 -8.22923e+12 -8.22921e+12  4.41173e+12
  300.00 -0.75752  1.71495e+15  1.72351e+15  1.72351e+15 -1.26726e+13 -1.26725e+13  1.61588e+12
  300.00 -0.73146  1.83197e+15  1.83785e+15  1.83785e+15 -1.03140e+13 -1.03140e+13  1.50524e+12
  300.00 -0.70541  1.85705e+15  1.85292e+15  1.85292e+15 -5.30361e+12 -5.30359e+12  2.64786e+12
  300.00 -0.67936  1.74768e+15  1.74239e+15  1.74239e+15 -8.49215e+12 -8.49211e+12 -6.72068e+11
  300.00 -0.65331  1.63545e+15  1.63183e+15  1.63183e+15 -8.14562e+12 -8.14564e+12 -1.56240e+12
  300.00 -0.62725  1.59065e+15  1.59308e+15  1.59308e+15 -6.40829e+12 -6.40835e+12 -2.00685e+12
  300.00 -0.60120  1.63356e+15  1.64428e+15  1.64428e+15 -9.09781e+12 -9.09785e+12 -4.99820e+12
  300.00 -0.57515  1.72052e+15  1.73186e+15  1.73186e+15 -1.26209e+13 -1.26209e+13 -9.45245e+12
  300.00 -0.54910  1.77861e+15  1.77850e+15  1.77850e+15 -1.12513e+13 -1.12513e+13 -9.07094e+12
  300.00 -0.52305  1.66190e+15  1.65786e+15  1.65786e+15 -4.83286e+12 -4.83278e+12 -5.13951e+12
  300.00 -0.49699  1.52654e+15  1.53377e+15  1.53377e+15 -4.05022e+12 -4.05015e+12 -4.09380e+12
  300.00 -0.47094  1.47128e+15  1.48014e+15  1.48014e+15 -8.18770e+12 -8.18778e+12 -3.76838e+12
  300.00 -0.44489  1.44374e+15  1.44487e+15  1.44487e+15 -9.15979e+12 -9.15991e+12 -4.76898e+12
  300.00 -0.41884  1.49119e+15  1.48868e+15  1.48868e+15 -7.04359e+12 -7.04364e+12 -6.56503e+12
  300.00 -0.39279  1.51067e+15  1.50892e+15  1.50892e+15 -4.94091e+12 -4.94089e+12 -8.96952e+12
  300.00 -0.36673  1.39410e+15  1.39418e+15  1.39418e+15 -3.16268e+12 -3.16260e+12 -9.40844e+12
  300.00 -0.34068  1.26342e+15  1.26869e+15  1.26869e+15 -3.32961e+12 -3.32958e+12 -6.82722e+12
  300.00 -0.31463  1.19601e+15  1.19907e+15  1.19907e+15 -4.91622e+12 -4.91630e+12 -2.95445e+12
  300.00 -0.28858  1.16500e+15  1.16191e+15  1.16191e+15 -4.18379e+12 -4.18386e+12 -2.06831e+12
  300.00 -0.26253  1.13980e+15  1.13760e+15  1.13760e+15 -2.71635e+12 -2.71635e+12 -4.11667e+12
  300.00 -0.23647  1.04729e+15  1.04859e+15  1.04859e+15 -2.68068e+12 -2.68064e+12 -4.94838e+12
  300.00 -0.21042  9.10640e+14  9.11014e+14  9.11014e+14 -3.01915e+12 -3.01914e+12 -2.43392e+12
  300.00 -0.18437  8.14840e+14  8.13886e+14  8.13886e+14 -2.78401e+12 -2.78402e+12 -1.35813e+12
  300.00 -0.15832  7.41239e+14  7.40867e+14  7.40867e+14 -2.02147e+12 -2.02146e+12 -1.43892e+12
  300.00 -0.13226  6.30896e+14  6.31285e+14  6.31285e+14 -1.94231e+12 -1.94230e+12 -2.40988e+11
  300.00 -0.10621  5.14614e+14  5.14621e+14  5.14621e+14 -1.85368e+12 -1.85368e+12  5.35944e+11
  300.00 -0.08016  4.27533e+14  4.27454e+14  4.27454e+14 -1.31774e+12 -1.31772e+12  2.50188e+11
  300.00 -0.05411  3.53650e+14  3.53930e+14  3.53930e+14 -1.03283e+12 -1.03282e+12  2.86499e+11
  300.00 -0.02806  2.86612e+14  2.86793e+14  2.86793e+14 -9.72665e+11 -9.72650e+11  5.84892e+11
  300.00 -0.00200  2.14627e+14  2.14519e+14  2.14519e+14 -8.23588e+11 -8.23573e+11  7.45751e+11
  300.00  0.02405  1.42651e+14  1.42298e+14  1.42298e+14 -5.85096e+11 -5.85085e+11  7.05852e+11
  300.00  0.05010  8.44412e+13  8.40542e+13  8.40542e+13 -3.57878e+11 -3.57871e+11  5.14970e+11
  300.00  0.07615  4.56656e+13  4.53798e+13  4.53798e+13 -1.96867e+11 -1.96863e+11  3.14531e+11
  300.00  0.10220  2.31493e+13  2.29760e+13  2.29760e+13 -1.00815e+11 -1.00813e+11  1.72021e+11
  300.00  0.12826  1.12020e+13  1.11080e+13  1.11080e+13 -4.91148e+10 -4.91138e+10  8.76302e+10
  300.00  0.15431  5.23584e+12  5.18821e+12  5.18821e+12 -2.30673e+10 -2.30668e+10  4.25097e+10
  300.00  0.18036  2.38221e+12  2.35921e+12  2.35921e+12 -1.05332e+10 -1.05330e+10  1.98954e+10
  300.00  0.20641  1.06071e+12  1.04999e+12  1.04999e+12 -4.70321e+09 -4.70310e+09  9.05820e+09
  300.00  0.23246  4.64001e+11  4.59135e+11  4.59135e+11 -2.06196e+09 -2.06192e+09  4.03451e+09
  300.00  0.25852  1.99985e+11  1.97824e+11  1.97824e+11 -8.90316e+08 -8.90297e+08  1.76498e+09
  300.00  0.28457  8.51148e+10  8.41713e+10  8.41713e+10 -3.79489e+08 -3.79481e+08  7.60653e+08
  300.00  0.31062  3.58349e+10  3.54290e+10  3.54290e+10 -1.59972e+08 -1.59968e+08  3.23685e+08
  300.00  0.33667  1.49457e+10  1.47733e+10  1.47733e+10 -6.67906e+07 -6.67891e+07  1.36248e+08
  300.00  0.36273  6.18214e+09  6.10969e+09  6.10969e+09 -2.76525e+07 -2.76519e+07  5.68113e+07
  300.00  0.38878  2.53858e+09  2.50841e+09  2.50841e+09 -1.13640e+07 -1.13637e+07  2.34934e+07
  300.00  0.41483  1.03566e+09  1.02320e+09  1.02320e+09 -4.63939e+06 -4.63928e+06  9.64459e+06
  300.00  0.44088  4.20066e+08  4.14956e+08  4.14956e+08 -1.88289e+06 -1.88285e+06  3.93368e+06
  300.00  0.46693  1.69487e+08  1.67406e+08  1.67406e+08 -7.60120e+05 -7.60104e+05  1.59510e+06
  300.00  0.49299  6.80604e+07  6.72170e+07  6.72170e+07 -3.05387e+05 -3.05380e+05  6.43428e+05
  300.00  0.51904  2.72128e+07  2.68729e+07  2.68729e+07 -1.22158e+05 -1.22155e+05  2.58317e+05
  300.00  0.54509  1.08377e+07  1.07014e+07  1.07014e+07 -4.86695e+04 -4.86684e+04  1.03260e+05
  300.00  0.57114  4.30061e+06  4.24614e+06  4.24614e+06 -1.93199e+04 -1.93195e+04  4.11152e+04
  300.00  0.59719  1.70088e+06  1.67921e+06  1.67921e+06 -7.64347e+03 -7.64330e+03  1.63118e+04
  300.00  0.62325  6.70628e+05  6.62033e+05  6.62033e+05 -3.01459e+03 -3.01452e+03  6.45000e+03
  300.00  0.64930  2.63664e+05  2.60267e+05  2.60267e+05 -1.18554e+03 -1.18552e+03  2.54263e+03
  300.00  0.67535  1.03388e+05  1.02050e+05  1.02050e+05 -4.64993e+02 -4.64982e+02  9.99479e+02
  300.00  0.70140  4.04406e+04  3.99148e+04  3.99148e+04 -1.81927e+02 -1.81923e+02  3.91847e+02
  300.00  0.72745  1.57821e+04  1.55761e+04  1.55761e+04 -7.10132e+01 -7.10116e+01  1.53247e+02
  300.00  0.75351  6.14581e+03  6.06526e+03  6.06526e+03 -2.76592e+01 -2.76586e+01  5.97960e+01
  300.00  0.77956  2.38844e+03  2.35703e+03  2.35703e+03 -1.07512e+01 -1.07510e+01  2.32820e+01
  300.00  0.80561  9.26461e+02  9.14233e+02  9.14233e+02 -4.17106e+00 -4.17097e+00  9.04674e+00
  300.00  0.83166  3.58726e+02  3.53977e+02  3.53977e+02 -1.61531e+00 -1.61527e+00  3.50868e+00
  300.00  0.85772  1.38665e+02  1.36824e+02  1.36824e+02 -6.24492e-01 -6.24478e-01  1.35838e+00
  300.00  0.88377  5.35158e+01  5.28031e+01  5.28031e+01 -2.41048e-01 -2.41043e-01  5.25016e-01
  300.00  0.90982  2.06226e+01  2.03472e+01  2.03472e+01 -9.29018e-02 -9.28997e-02  2.02597e-01
  300.00  0.93587  7.93569e+00  7.82945e+00  7.82945e+00 -3.57538e-02 -3.57530e-02  7.80628e-02
  300.00  0.96192  3.04957e+00  3.00865e+00  3.00865e+00 -1.37413e-02 -1.37410e-02  3.00356e-02
  300.00  0.98798  1.17040e+00  1.15466e+00  1.15466e+00 -5.27443e-03 -5.27431e-03  1.15410e-02
  300.00  1.01403  4.48642e-01  4.42595e-01  4.42595e-01 -2.02203e-03 -2.02199e-03  4.42890e-03
  300.00  1.04008  1.71775e-01  1.69455e-01  1.69455e-01 -7.74271e-04 -7.74254e-04  1.69753e-03
  300.00  1.06613  6.56958e-02  6.48067e-02  6.48067e-02 -2.96151e-04 -2.96145e-04  6.49885e-04
  300.00  1.09218  2.50989e-02  2.47586e-02  2.47586e-02 -1.13155e-04 -1.13152e-04  2.48527e-04
  300.00  1.11824  9.57928e-03  9.44917e-03  9.44917e-03 -4.31905e-05 -4.31896e-05  9.49409e-05
  300.00  1.14429  3.65250e-03  3.60280e-03  3.60280e-03 -1.64696e-05 -1.64692e-05  3.62322e-05
  300.00  1.17034  1.39137e-03  1.37241e-03  1.37241e-03 -6.27440e-06 -6.27426e-06  1.38139e-05
  300.00  1.19639  5.29557e-04  5.22329e-04  5.22329e-04 -2.38822e-06 -2.38817e-06  5.26182e-06
  300.00  1.22244  2.01377e-04  1.98625e-04  1.98625e-04 -9.08250e-07 -9.08229e-07  2.00249e-06
  300.00  1.24850  7.65163e-05  7.54688e-05  7.54688e-05 -3.45127e-07 -3.45119e-07  7.61443e-07
  300.00  1.27455  2.90506e-05  2.86524e-05  2.86524e-05 -1.31042e-07 -1.31039e-07  2.89301e-07
  300.00  1.30060  1.10212e-05  1.08699e-05  1.08699e-05 -4.97178e-08 -4.97167e-08  1.09830e-07
  300.00  1.32665  4.17817e-06  4.12075e-06  4.12075e-06 -1.88493e-08 -1.88489e-08  4.16641e-08
  300.00  1.35271  1.58286e-06  1.56108e-06  1.56108e-06 -7.14122e-09 -7.14106e-09  1.57933e-08
  300.00  1.37876  5.99267e-07  5.91013e-07  5.91013e-07 -2.70357e-09 -2.70351e-09  5.98100e-09
  300.00  1.40481  2.26793e-07  2.23669e-07  2.23669e-07 -1.02258e-09 -1.02255e-09  2.25958e-09
  300.00  1.43086  8.59335e-08  8.47573e-08  8.47573e-08 -3.85764e-10 -3.85756e-10  8.42662e-10
  300.00  1.45691  3.29583e-08  3.25298e-08  3.25299e-08 -1.43415e-10 -1.43412e-10  2.86333e-10
  300.00  1.48297  1.37367e-08  1.36185e-08  1.36185e-08 -4.79095e-11 -4.79082e-11  2.27055e-11
  300.00  1.50902  8.60268e-09  8.67408e-09  8.67408e-09 -1.52727e-12 -1.52667e-12 -2.17834e-10
  300.00  1.53507  1.22958e-08  1.26299e-08  1.26299e-08  4.32297e-11  4.32302e-11 -6.81509e-10
  300.00  1.56112  2.85874e-08  2.95260e-08  2.95260e-08  1.32133e-10  1.32134e-10 -1.84243e-09
  300.00  1.58717  7.41188e-08  7.66208e-08  7.66208e-08  3.55887e-10  3.55890e-10 -4.88584e-09
  300.00  1.61323  1.95346e-07  2.01964e-07  2.01964e-07  9.42372e-10  9.42377e-10 -1.29143e-08
  300.00  1.63928  5.15779e-07  5.33255e-07  5.33255e-07  2.48790e-09  2.48792e-09 -3.40996e-08
  300.00  1.66533  1.36139e-06  1.40750e-06  1.40750e-06  6.56134e-09  6.56138e-09 -8.99714e-08
  300.00  1.69138  3.59104e-06  3.71261e-06  3.71261e-06  1.72906e-08  1.72907e-08 -2.37216e-07
  300.00  1.71743  9.46550e-06  9.78578e-06  9.78578e-06  4.55294e-08  4.55296e-08 -6.24972e-07
  300.00  1.74349  2.49310e-05  2.57741e-05  2.57741e-05  1.19791e-07  1.19792e-07 -1.64528e-06
  300.00  1.76954  6.56136e-05  6.78314e-05  6.78314e-05  3.14917e-07  3.14919e-07 -4.32782e-06
  300.00  1.79559  1.72541e-04  1.78370e-04  1.78370e-04  8.27160e-07  8.27165e-07 -1.13745e-05
  300.00  1.82164  4.53338e-04  4.68643e-04  4.68643e-04  2.17065e-06  2.17067e-06 -2.98687e-05
  300.00  1.84770  1.19005e-03  1.23020e-03  1.23020e-03  5.69088e-06  5.69092e-06 -7.83615e-05
  300.00  1.87375  3.12108e-03  3.22631e-03  3.22631e-03  1.49053e-05  1.49054e-05 -2.05388e-04
  300.00  1.89980  8.17757e-03  8.45311e-03  8.45311e-03  3.89987e-05  3.89990e-05 -5.37792e-04
  300.00  1.92585  2.14044e-02  2.21251e-02  2.21251e-02  1.01927e-04  1.01928e-04 -1.40670e-03
  300.00  1.95190  5.59659e-02  5.78489e-02  5.78489e-02  2.66095e-04  2.66097e-04 -3.67546e-03
  300.00  1.97796  1.46171e-01  1.51085e-01  1.51085e-01  6.93850e-04  6.93854e-04 -9.59239e-03
  300.00  2.00401  3.81323e-01  3.94132e-01  3.94132e-01  1.80697e-03  1.80698e-03 -2.50046e-02
  300.00  2.03006  9.93560e-01  1.02690e+00  1.02690e+00  4.69960e-03  4.69963e-03 -6.50973e-02
  300.00  2.05611  2.58546e+00  2.67215e+00  2.67215e+00  1.22059e-02  1.22059e-02 -1.69250e-01
  300.00  2.08216  6.71882e+00  6.94388e+00  6.94388e+00  3.16547e-02  3.16549e-02 -4.39429e-01
  300.00  2.10822  1.74353e+01  1.80187e+01  1.80187e+01  8.19662e-02  8.19667e-02 -1.13921e+00
  300.00  2.13427  4.51765e+01  4.66866e+01  4.66866e+01  2.11894e-01  2.11895e-01 -2.94880e+00
  300.00  2.16032  1.16871e+02  1.20773e+02  1.20773e+02  5.46822e-01  5.46825e-01 -7.62021e+00
  300.00  2.18637  3.01833e+02  3.11898e+02  3.11898e+02  1.40854e+00  1.40855e+00 -1.96575e+01
  300.00  2.21242  7.78131e+02  8.04044e+02  8.04044e+02  3.62109e+00  3.62111e+00 -5.06155e+01
  300.00  2.23848  2.00224e+03  2.06882e+03  2.06882e+03  9.28959e+00  9.28965e+00 -1.30071e+02
  300.00  2.26453  5.14163e+03  5.31235e+03  5.31235e+03  2.37782e+01  2.37784e+01 -3.33549e+02
  300.00  2.29058  1.31750e+04  1.36118e+04  1.36118e+04  6.07181e+01  6.07184e+01 -8.53418e+02
  300.00  2.31663  3.36824e+04  3.47970e+04  3.47970e+04  1.54645e+02  1.54645e+02 -2.17830e+03
  300.00  2.34269  8.58981e+04  8.87354e+04  8.87354e+04  3.92774e+02  3.92777e+02 -5.54563e+03
  300.00  2.36874  2.18482e+05  2.25684e+05  2.25684e+05  9.94596e+02  9.94601e+02 -1.40791e+04
  300.00  2.39479  5.54128e+05  5.72354e+05  5.72354e+05  2.51036e+03  2.51037e+03 -3.56367e+04
  300.00  2.42084  1.40110e+06  1.44707e+06  1.44707e+06  6.31374e+03  6.31377e+03 -8.99102e+04
  300.00  2.44689  3.53087e+06  3.64643e+06  3.64643e+06  1.58182e+04  1.58183e+04 -2.26042e+05
  300.00  2.47295  8.86591e+06  9.15524e+06  9.15524e+06  3.94630e+04  3.94632e+04 -5.66113e+05
  300.00  2.49900  2.21744e+07  2.28958e+07  2.28958e+07  9.79928e+04  9.79933e+04 -1.41187e+06
  300.00  2.52505  5.52214e+07  5.70115e+07  5.70115e+07  2.42078e+05  2.42079e+05 -3.50495e+06
  300.00  2.55110  1.36868e+08  1.41288e+08  1.41288e+08  5.94590e+05  5.94593e+05 -8.65691e+06
  300.00  2.57715  3.37461e+08  3.48311e+08  3.48311e+08  1.45105e+06  1.45106e+06 -2.12617e+07
  300.00  2.60321  8.27220e+08  8.53687e+08  8.53687e+08  3.51552e+06  3.51554e+06 -5.18924e+07
  300.00  2.62926  2.01467e+09  2.07877e+09  2.07877e+09  8.44700e+06  8.44704e+06 -1.25763e+08
  300.00  2.65531  4.87108e+09  5.02508e+09  5.02508e+09  2.01042e+07  2.01043e+07 -3.02374e+08
  300.00  2.68136  1.16808e+10  1.20474e+10  1.20474e+10  4.73231e+07  4.73233e+07 -7.20455e+08
  300.00  2.70741  2.77492e+10  2.86126e+10  2.86126e+10  1.09954e+08  1.09955e+08 -1.69885e+09
  300.00  2.73347  6.52149e+10  6.72236e+10  6.72236e+10  2.51531e+08  2.51532e+08 -3.95792e+09
  300.00  2.75952  1.51359e+11  1.55964e+11  1.55964e+11  5.64584e+08  5.64585e+08 -9.09141e+09
  300.00  2.78557  3.46160e+11  3.56537e+11  3.56537e+11  1.23752e+09  1.23752e+09 -2.05340e+10
  300.00  2.81162  7.77901e+11  8.00792e+11  8.00792e+11  2.63055e+09  2.63055e+09 -4.54398e+10
  300.00  2.83768  1.71124e+12  1.76041e+12  1.76041e+12  5.36424e+09  5.36425e+09 -9.80348e+10
  300.00  2.86373  3.66587e+12  3.76790e+12  3.76790e+12  1.02996e+10  1.02996e+10 -2.04749e+11
  300.00  2.88978  7.59040e+12  7.79248e+12  7.79248e+12  1.79241e+10  1.79241e+10 -4.09495e+11
  300.00  2.91583  1.50209e+13  1.53949e+13  1.53949e+13  2.54657e+10  2.54656e+10 -7.70619e+11
  300.00  2.94188  2.79386e+13  2.85600e+13  2.85600e+13  1.62105e+10  1.62100e+10 -1.32529e+12
  300.00  2.96794  4.78142e+13  4.86686e+13  4.86686e+13 -7.25603e+10 -7.25617e+10 -1.99234e+12
  300.00  2.99399  7.43543e+13  7.51732e+13  7.51732e+13 -3.79324e+11 -3.79326e+11 -2.51916e+12
  300.00  3.02004  1.07085e+14  1.07414e+14  1.07414e+14 -8.68704e+11 -8.68707e+11 -2.90923e+12
  300.00  3.04609  1.46726e+14  1.46727e+14  1.46727e+14 -9.28441e+11 -9.28442e+11 -3.77447e+12
  300.00  3.07214  1.86166e+14  1.87596e+14  1.87596e+14 -4.20605e+11 -4.20604e+11 -4.23982e+12
  300.00  3.09820  2.23186e+14  2.25998e+14  2.25998e+14 -5.50768e+11 -5.50767e+11 -3.41081e+12
  300.00  3.12425  2.92776e+14  2.92083e+14  2.92083e+14 -1.31866e+12 -1.31866e+12 -5.00813e+12
  300.00  3.15030  4.00987e+14  3.98625e+14  3.98625e+14 -1.14159e+12 -1.14159e+12 -6.82610e+12
  300.00  3.17635  4.83594e+14  4.86664e+14  4.86664e+14 -4.00123e+11 -4.00119e+11 -3.24472e+12
  300.00  3.20240  5.29998e+14  5.34423e+14  5.34423e+14 -1.99344e+12 -1.99344e+12 -1.24203e+11
  300.00  3.22846  5.96454e+14  5.95448e+14  5.95448e+14 -2.81184e+12 -2.81183e+12 -5.30465e+12
  300.00  3.25451  7.43381e+14  7.38185e+14  7.38185e+14  7.81955e+11  7.81974e+11 -1.36351e+13
  300.00  3.28056  9.42569e+14  9.40480e+14  9.40480e+14  3.35185e+12  3.35187e+12 -7.89838e+12
  300.00  3.30661  1.06148e+15  1.06370e+15  1.06370e+15  2.65815e+12  2.65816e+12  5.07115e+12
  300.00  3.33267  1.11269e+15  1.11474e+15  1.11474e+15  1.80216e+11  1.80219e+11  1.49789e+12
  300.00  3.35872  1.20251e+15  1.20218e+15  1.20218e+15  1.07493e+12  1.07493e+12 -8.05817e+12
  300.00  3.38477  1.40623e+15  1.40249e+15  1.40249e+15  7.13082e+12  7.13087e+12 -8.62002e+12
  300.00  3.41082  1.70798e+15  1.70108e+15  1.70108e+15  8.65422e+12  8.65428e+12 -4.60391e+11
  300.00  3.43687  1.84936e+15  1.84424e+15  1.84424e+15  4.33704e+12  4.33706e+12  9.20401e+12
  300.00  3.46293  1.80688e+15  1.80788e+15  1.80788e+15  4.56392e+12  4.56393e+12  4.12790e+12
  300.00  3.48898  1.88053e+15  1.88278e+15  1.88278e+15  9.11806e+12  9.11808e+12 -1.15826e+13
  300.00  3.51503  2.13186e+15  2.12955e+15  2.12955e+15  8.87958e+12  8.87961e+12 -1.04022e+13
  300.00  3.54108  2.40371e+15  2.40172e+15  2.40172e+15  8.09451e+12  8.09454e+12  4.27363e+12
  300.00  3.56713  2.58426e+15  2.58600e+15  2.58600e+15  8.53152e+12  8.53155e+12  1.46343e+13
  300.00  3.59319  2.52997e+15  2.52904e+15  2.52904e+15  7.51270e+12  7.51272e+12  2.88385e+12
  300.00  3.61924  2.38437e+15  2.37839e+15  2.37839e+15  5.70786e+12  5.70787e+12 -1.05236e+13
  300.00  3.64529  2.41718e+15  2.41731e+15  2.41731e+15  6.92968e+12  6.92969e+12 -9.04235e+12
  300.00  3.67134  2.73134e+15  2.73825e+15  2.73824e+15  9.08433e+12  9.08437e+12  4.46027e+12
  300.00  3.69739  2.95703e+15  2.96136e+15  2.96136e+15  9.73444e+12  9.73447e+12  6.18381e+12
  300.00  3.72345  2.90780e+15  2.90977e+15  2.90977e+15  2.06191e+12  2.06193e+12 -6.63481e+12
  300.00  3.74950  2.79298e+15  2.79458e+15  2.79458e+15  6.55291e+11  6.55272e+11 -6.29370e+12
  300.00  3.77555  2.71671e+15  2.72223e+15  2.72223e+15  5.57466e+12  5.57463e+12  3.14966e+12
  300.00  3.80160  2.72956e+15  2.73386e+15  2.73386e+15  4.67508e+12  4.67514e+12 -4.79044e+12
  300.00  3.82766  2.82610e+15  2.82422e+15  2.82422e+15  8.79513e+11  8.79604e+11  1.73926e+12
  300.00  3.85371  2.98058e+15  2.98090e+15  2.98090e+15  3.36838e+12  3.36841e+12  5.40348e+12
  300.00  3.87976  2.91834e+15  2.92142e+15  2.92142e+15  8.44699e+12  8.44696e+12 -1.60056e+13
  300.00  3.90581  2.70867e+15  2.70977e+15  2.70977e+15 -1.70232e+12 -1.70237e+12 -1.80910e+13
  300.00  3.93186  2.82657e+15  2.82876e+15  2.82876e+15 -1.13377e+13 -1.13378e+13  1.19509e+13
  300.00  3.95792  3.12851e+15  3.13655e+15  3.13655e+15 -1.87520e+12 -1.87512e+12  2.07527e+13
  300.00  3.98397  3.03530e+15  3.04025e+15  3.04025e+15  9.02451e+12  9.02464e+12  6.94009e+12
  300.00  4.01002  2.65672e+15  2.65763e+15  2.65763e+15 -1.61723e+12 -1.61719e+12 -4.42979e+12
  300.00  4.03607  2.55777e+15  2.55848e+15  2.55848e+15 -8.98349e+12 -8.98356e+12 -2.44206e+13
  300.00  4.06212  2.88424e+15  2.88157e+15  2.88157e+15 -5.96811e+12 -5.96822e+12 -2.05084e+13
  300.00  4.08818  3.17921e+15  3.17576e+15  3.17576e+15 -1.85743e+12 -1.85746e+12  4.43883e+12
  300.00  4.11423  2.94126e+15  2.94281e+15  2.94281e+15 -6.91781e+11 -6.91684e+11  3.79423e+13
  300.00  4.14028  2.52812e+15  2.53676e+15  2.53676e+15 -3.33852e+12 -3.33836e+12  2.79130e+13
  300.00  4.16633  2.65337e+15  2.65699e+15  2.65699e+15 -1.12205e+13 -1.12205e+13 -5.43672e+12
  300.00  4.19238  3.04737e+15  3.04573e+15  3.04573e+15 -5.91065e+12 -5.91077e+12 -3.62557e+13
  300.00  4.21844  3.04581e+15  3.04738e+15  3.04738e+15 -9.33289e+11 -9.33376e+11 -3.31186e+13
  300.00  4.24449  2.72831e+15  2.73135e+15  2.73135e+15  1.29988e+12  1.29992e+12  1.05142e+13
  300.00  4.27054  2.31629e+15  2.31586e+15  2.31586e+15 -4.49890e+11 -4.49752e+11  3.00899e+13
  300.00  4.29659  2.42025e+15  2.41795e+15  2.41795e+15 -1.26413e+13 -1.26413e+13  3.23345e+13
  300.00  4.32265  3.08950e+15  3.09297e+15  3.09297e+15 -1.21183e+13 -1.21184e+13  1.56166e+13
  300.00  4.34870  3.34095e+15  3.34677e+15  3.34677e+15  8.06237e+11  8.06207e+11 -1.98874e+13
  300.00  4.37475  2.89015e+15  2.88727e+15  2.88727e+15  5.15942e+12  5.15940e+12 -5.32660e+13
  300.00  4.40080  2.20677e+15  2.20345e+15  2.20345e+15 -8.91432e+11 -8.91442e+11 -2.48576e+13
  300.00  4.42685  1.93544e+15  1.93784e+15  1.93784e+15 -3.34891e+12 -3.34884e+12  2.99085e+13
  300.00  4.45291  2.41094e+15  2.41265e+15  2.41265e+15 -7.70634e+12 -7.70636e+12  4.02869e+13
  300.00  4.47896  3.11998e+15  3.11955e+15  3.11955e+15 -7.12873e+12 -7.12882e+12  2.68288e+13
  300.00  4.50501  3.26455e+15  3.26479e+15  3.26479e+15  1.20396e+11  1.20394e+11  8.53499e+12
  300.00  4.53106  2.84114e+15  2.83922e+15  2.83922e+15  4.92125e+12  4.92127e+12 -3.33790e+13
  300.00  4.55711  2.23715e+15  2.23213e+15  2.23213e+15  2.60929e+12  2.60931e+12 -7.42759e+13
  300.00  4.58317  1.74184e+15  1.74151e+15  1.74151e+15 -2.90459e+12 -2.90458e+12 -1.59200e+13
  300.00  4.60922  2.06247e+15  2.06504e+15  2.06504e+15 -4.70099e+12 -4.70108e+12  6.08191e+13
  300.00  4.63527  2.86375e+15  2.86552e+15  2.86552e+15 -3.92053e+12 -3.92061e+12  4.85303e+13
  300.00  4.66132  3.13595e+15  3.13456e+15  3.13456e+15 -2.61928e+12 -2.61926e+12  1.17785e+13
  300.00  4.68737  2.94481e+15  2.94383e+15  2.94383e+15  7.26281e+11  7.26351e+11 -4.54438e+12
  300.00  4.71343  2.57063e+15  2.57006e+15  2.57006e+15  4.79873e+12  4.79870e+12 -3.01493e+13
  300.00  4.73948  1.95605e+15  1.95267e+15  1.95267e+15  1.16404e+12  1.16400e+12 -6.82835e+13
  300.00  4.76553  1.42813e+15  1.42191e+15  1.42191e+15 -4.97907e+12 -4.97907e+12 -1.25779e+13
  300.00  4.79158  1.87367e+15  1.87339e+15  1.87339e+15 -5.24270e+12 -5.24275e+12  6.79910e+13
  300.00  4.81764  2.74841e+15  2.75417e+15  2.75417e+15 -2.02286e+12 -2.02290e+12  4.52086e+13
  300.00  4.84369  3.06113e+15  3.06363e+15  3.06363e+15  1.02764e+12  1.02764e+12  7.93622e+12
  300.00  4.86974  2.88902e+15  2.88621e+15  2.88621e+15  2.12396e+12  2.12394e+12 -2.33671e+12
  300.00  4.89579  2.40446e+15  2.39985e+15  2.39985e+15 -8.85217e+11 -8.85234e+11 -1.87718e+13
  300.00  4.92184  1.70084e+15  1.69632e+15  1.69632e+15 -5.44568e+12 -5.44570e+12 -5.07475e+13
  300.00  4.94790  1.49254e+15  1.48713e+15  1.48713e+15 -2.90898e+12 -2.90904e+12 -2.36903e+13
  300.00  4.97395  2.19553e+15  2.19056e+15  2.19056e+15  3.15534e+12  3.15529e+12  4.99554e+13
  300.00  5.00000  2.72914e+15  2.72804e+15  2.72804e+15  2.82909e+12  2.82910e+12  4.47418e+13
