  300.00 -8.00000  9.12596e-81  6.94847e-81  6.94847e-81 -5.92227e-81 -5.92226e-81  2.28068e-81
  300.00 -7.97395  2.47728e-80  1.88620e-80  1.88620e-80 -1.60763e-80 -1.60762e-80  6.19105e-81
  300.00 -7.94790  6.72438e-80  5.11998e-80  5.11998e-80 -4.36379e-80 -4.36379e-80  1.68053e-80
  300.00 -7.92184  1.82521e-79  1.38973e-79  1.38973e-79 -1.18447e-79 -1.18447e-79  4.56153e-80
  300.00 -7.89579  4.95396e-79  3.77202e-79  3.77202e-79 -3.21489e-79 -3.21489e-79  1.23810e-79
  300.00 -7.86974  1.34454e-78  1.02376e-78  1.02376e-78 -8.72549e-79 -8.72549e-79  3.36034e-79
  300.00 -7.84369  3.64904e-78  2.77847e-78  2.77847e-78 -2.36807e-78 -2.36807e-78  9.11993e-79
  300.00 -7.81764  9.90291e-78  7.54038e-78  7.54037e-78 -6.42659e-78 -6.42658e-78  2.47503e-78
  300.00 -7.79158  2.68738e-77  2.04626e-77  2.04626e-77 -1.74400e-77 -1.74400e-77  6.71663e-78
  300.00 -7.76553  7.29246e-77  5.55278e-77  5.55277e-77 -4.73254e-77 -4.73253e-77  1.82264e-77
  300.00 -7.73948  1.97879e-76  1.50675e-76  1.50674e-76 -1.28417e-76 -1.28417e-76  4.94576e-77
  300.00 -7.71343  5.36917e-76  4.08836e-76  4.08836e-76 -3.48441e-76 -3.48441e-76  1.34198e-76
  300.00 -7.68737  1.45678e-75  1.10927e-75  1.10927e-75 -9.45404e-76 -9.45403e-76  3.64113e-76
  300.00 -7.66132  3.95240e-75  3.00960e-75  3.00960e-75 -2.56499e-75 -2.56498e-75  9.87889e-76
  300.00 -7.63527  1.07228e-74  8.16504e-75  8.16503e-75 -6.95877e-75 -6.95877e-75  2.68015e-75
  300.00 -7.60922  2.90893e-74  2.21507e-74  2.21507e-74 -1.88782e-74 -1.88782e-74  7.27094e-75
  300.00 -7.58317  7.89111e-74  6.00891e-74  6.00890e-74 -5.12113e-74 -5.12113e-74  1.97243e-74
  300.00 -7.55711  2.14053e-73  1.62998e-73  1.62998e-73 -1.38916e-73 -1.38916e-73  5.35045e-74
  300.00 -7.53106  5.80611e-73  4.42129e-73  4.42129e-73 -3.76804e-73 -3.76804e-73  1.45131e-73
  300.00 -7.50501  1.57481e-72  1.19921e-72  1.19921e-72 -1.02202e-72 -1.02202e-72  3.93646e-73
  300.00 -7.47896  4.27117e-72  3.25250e-72  3.25250e-72 -2.77192e-72 -2.77192e-72  1.06766e-72
  300.00 -7.45291  1.15837e-71  8.82103e-72  8.82102e-72 -7.51762e-72 -7.51762e-72  2.89558e-72
  300.00 -7.42685  3.14139e-71  2.39221e-71  2.39221e-71 -2.03872e-71 -2.03872e-71  7.85267e-72
  300.00 -7.40080  8.51877e-71  6.48720e-71  6.48719e-71 -5.52858e-71 -5.52858e-71  2.12950e-71
  300.00 -7.37475  2.30998e-70  1.75911e-70  1.75910e-70 -1.49916e-70 -1.49916e-70  5.77451e-71
  300.00 -7.34870  6.26351e-70  4.76985e-70  4.76985e-70 -4.06497e-70 -4.06497e-70  1.56578e-70
  300.00 -7.32265  1.69826e-69  1.29329e-69  1.29328e-69 -1.10216e-69 -1.10216e-69  4.24543e-70
  300.00 -7.29659  4.60434e-69  3.50640e-69  3.50640e-69 -2.98820e-69 -2.98820e-69  1.15104e-69
  300.00 -7.27054  1.24827e-68  9.50615e-69  9.50614e-69 -8.10124e-69 -8.10123e-69  3.12059e-69
  300.00 -7.24449  3.38395e-68  2.57706e-68  2.57706e-68 -2.19619e-68 -2.19618e-68  8.45977e-69
  300.00 -7.21844  9.17309e-68  6.98587e-68  6.98586e-68 -5.95337e-68 -5.95337e-68  2.29328e-68
  300.00 -7.19238  2.48648e-67  1.89362e-67  1.89362e-67 -1.61374e-67 -1.61374e-67  6.21629e-68
  300.00 -7.16633  6.73951e-67  5.13263e-67  5.13263e-67 -4.37399e-67 -4.37399e-67  1.68493e-67
  300.00 -7.14028  1.82662e-66  1.39112e-66  1.39111e-66 -1.18549e-66 -1.18549e-66  4.56675e-67
  300.00 -7.11423  4.95042e-66  3.77017e-66  3.77017e-66 -3.21288e-66 -3.21288e-66  1.23768e-66
  300.00 -7.08818  1.34156e-65  1.02173e-65  1.02172e-65 -8.70694e-66 -8.70693e-66  3.35416e-66
  300.00 -7.06212  3.63542e-65  2.76874e-65  2.76874e-65 -2.35945e-65 -2.35945e-65  9.08936e-66
  300.00 -7.03607  9.85083e-65  7.50247e-65  7.50246e-65 -6.39338e-65 -6.39338e-65  2.46296e-65
  300.00 -7.01002  2.66910e-64  2.03283e-64  2.03282e-64 -1.73231e-64 -1.73230e-64  6.67355e-65
  300.00 -6.98397  7.23154e-64  5.50770e-64  5.50769e-64 -4.69345e-64 -4.69344e-64  1.80813e-64
  300.00 -6.95792  1.95916e-63  1.49215e-63  1.49215e-63 -1.27155e-63 -1.27155e-63  4.89863e-64
  300.00 -6.93186  5.30741e-63  4.04231e-63  4.04231e-63 -3.44466e-63 -3.44466e-63  1.32707e-63
  300.00 -6.90581  1.43770e-62  1.09501e-62  1.09501e-62 -9.33112e-63 -9.33111e-63  3.59489e-63
  300.00 -6.87976  3.89427e-62  2.96607e-62  2.96607e-62 -2.52751e-62 -2.52751e-62  9.73758e-63
  300.00 -6.85371  1.05476e-61  8.03370e-62  8.03369e-62 -6.84581e-62 -6.84580e-62  2.63747e-62
  300.00 -6.82766  2.85665e-61  2.17581e-61  2.17581e-61 -1.85408e-61 -1.85408e-61  7.14327e-62
  300.00 -6.80160  7.73626e-61  5.89250e-61  5.89249e-61 -5.02115e-61 -5.02115e-61  1.93454e-61
  300.00 -6.77555  2.09496e-60  1.59569e-60  1.59569e-60 -1.35972e-60 -1.35972e-60  5.23877e-61
  300.00 -6.74950  5.67272e-60  4.32084e-60  4.32084e-60 -3.68186e-60 -3.68186e-60  1.41857e-60
  300.00 -6.72345  1.53595e-59  1.16993e-59  1.16993e-59 -9.96909e-60 -9.96908e-60  3.84101e-60
  300.00 -6.69739  4.15848e-59  3.16753e-59  3.16752e-59 -2.69907e-59 -2.69907e-59  1.03994e-59
  300.00 -6.67134  1.12580e-58  8.57533e-59  8.57532e-59 -7.30705e-59 -7.30704e-59  2.81542e-59
  300.00 -6.64529  3.04759e-58  2.32141e-58  2.32141e-58 -1.97806e-58 -1.97806e-58  7.62162e-59
  300.00 -6.61924  8.24938e-58  6.28378e-58  6.28378e-58 -5.35435e-58 -5.35434e-58  2.06310e-58
  300.00 -6.59319  2.23283e-57  1.70083e-57  1.70082e-57 -1.44925e-57 -1.44925e-57  5.58421e-58
  300.00 -6.56713  6.04307e-57  4.60327e-57  4.60327e-57 -3.92235e-57 -3.92235e-57  1.51137e-57
  300.00 -6.54108  1.63541e-56  1.24578e-56  1.24578e-56 -1.06150e-56 -1.06150e-56  4.09025e-57
  300.00 -6.51503  4.42553e-56  3.37120e-56  3.37120e-56 -2.87249e-56 -2.87249e-56  1.10687e-56
  300.00 -6.48898  1.19749e-55  9.12209e-56  9.12208e-56 -7.77258e-56 -7.77258e-56  2.99509e-56
  300.00 -6.46293  3.23998e-55  2.46815e-55  2.46815e-55 -2.10300e-55 -2.10300e-55  8.10381e-56
  300.00 -6.43687  8.76558e-55  6.67752e-55  6.67751e-55 -5.68957e-55 -5.68957e-55  2.19248e-55
  300.00 -6.41082  2.37129e-54  1.80644e-54  1.80644e-54 -1.53917e-54 -1.53917e-54  5.93129e-55
  300.00 -6.38477  6.41438e-54  4.88652e-54  4.88651e-54 -4.16350e-54 -4.16349e-54  1.60446e-54
  300.00 -6.35872  1.73496e-53  1.32172e-53  1.32172e-53 -1.12615e-53 -1.12615e-53  4.33982e-54
  300.00 -6.33267  4.69234e-53  3.57474e-53  3.57474e-53 -3.04577e-53 -3.04577e-53  1.17376e-53
  300.00 -6.30661  1.26898e-52  9.66750e-53  9.66749e-53 -8.23689e-53 -8.23688e-53  3.17434e-53
  300.00 -6.28056  3.43148e-52  2.61425e-52  2.61425e-52 -2.22737e-52 -2.22737e-52  8.58400e-53
  300.00 -6.25451  9.27838e-52  7.06877e-52  7.06876e-52 -6.02263e-52 -6.02262e-52  2.32108e-52
  300.00 -6.22846  2.50857e-51  1.91119e-51  1.91119e-51 -1.62833e-51 -1.62833e-51  6.27556e-52
  300.00 -6.20240  6.78175e-51  5.16684e-51  5.16683e-51 -4.40211e-51 -4.40210e-51  1.69660e-51
  300.00 -6.17635  1.83324e-50  1.39672e-50  1.39672e-50 -1.18998e-50 -1.18998e-50  4.58634e-51
  300.00 -6.15030  4.95518e-50  3.77532e-50  3.77532e-50 -3.21649e-50 -3.21649e-50  1.23969e-50
  300.00 -6.12425  1.33924e-49  1.02037e-49  1.02037e-49 -8.69330e-50 -8.69329e-50  3.35061e-50
  300.00 -6.09820  3.61926e-49  2.75757e-49  2.75756e-49 -2.34935e-49 -2.34935e-49  9.05513e-50
  300.00 -6.07214  9.78001e-49  7.45164e-49  7.45163e-49 -6.34848e-49 -6.34847e-49  2.44695e-49
  300.00 -6.04609  2.64252e-48  2.01343e-48  2.01343e-48 -1.71534e-48 -1.71534e-48  6.61171e-49
  300.00 -6.02004  7.13930e-48  5.43978e-48  5.43977e-48 -4.63438e-48 -4.63437e-48  1.78633e-48
  300.00 -5.99399  1.92864e-47  1.46955e-47  1.46954e-47 -1.25196e-47 -1.25196e-47  4.82579e-48
  300.00 -5.96794  5.20960e-47  3.96956e-47  3.96956e-47 -3.38178e-47 -3.38178e-47  1.30356e-47
  300.00 -5.94188  1.40707e-46  1.07216e-46  1.07216e-46 -9.13393e-47 -9.13392e-47  3.52089e-47
  300.00 -5.91583  3.79997e-46  2.89555e-46  2.89555e-46 -2.46676e-46 -2.46676e-46  9.50889e-47
  300.00 -5.88978  1.02613e-45  7.81916e-46  7.81915e-46 -6.66117e-46 -6.66117e-46  2.56781e-46
  300.00 -5.86373  2.77063e-45  2.11127e-45  2.11127e-45 -1.79858e-45 -1.79858e-45  6.93347e-46
  300.00 -5.83768  7.48014e-45  5.70008e-45  5.70008e-45 -4.85583e-45 -4.85583e-45  1.87194e-45
  300.00 -5.81162  2.01927e-44  1.53877e-44  1.53876e-44 -1.31084e-44 -1.31084e-44  5.05346e-45
  300.00 -5.78557  5.45044e-44  4.15353e-44  4.15352e-44 -3.53827e-44 -3.53827e-44  1.36407e-44
  300.00 -5.75952  1.47103e-43  1.12102e-43  1.12102e-43 -9.54956e-44 -9.54955e-44  3.68162e-44
  300.00 -5.73347  3.96974e-43  3.02526e-43  3.02525e-43 -2.57708e-43 -2.57708e-43  9.93557e-44
  300.00 -5.70741  1.07116e-42  8.16322e-43  8.16321e-43 -6.95380e-43 -6.95379e-43  2.68100e-43
  300.00 -5.68136  2.88998e-42  2.20248e-42  2.20247e-42 -1.87615e-42 -1.87615e-42  7.23355e-43
  300.00 -5.65531  7.79626e-42  5.94169e-42  5.94168e-42 -5.06129e-42 -5.06129e-42  1.95144e-42
  300.00 -5.62926  2.10294e-41  1.60272e-41  1.60272e-41 -1.36522e-41 -1.36522e-41  5.26390e-42
  300.00 -5.60321  5.67170e-41  4.32267e-41  4.32267e-41 -3.68209e-41 -3.68208e-41  1.41974e-41
  300.00 -5.57715  1.52949e-40  1.16572e-40  1.16572e-40 -9.92959e-41 -9.92958e-41  3.82873e-41
  300.00 -5.55110  4.12408e-40  3.14327e-40  3.14327e-40 -2.67741e-40 -2.67741e-40  1.03240e-40
  300.00 -5.52505  1.11187e-39  8.47453e-40  8.47452e-40 -7.21844e-40 -7.21843e-40  2.78348e-40
  300.00 -5.49900  2.99724e-39  2.28451e-39  2.28451e-39 -1.94588e-39 -1.94588e-39  7.50362e-40
  300.00 -5.47295  8.07856e-39  6.15765e-39  6.15764e-39 -5.24484e-39 -5.24483e-39  2.02254e-39
  300.00 -5.44689  2.17715e-38  1.65951e-38  1.65950e-38 -1.41348e-38 -1.41348e-38  5.45089e-39
  300.00 -5.42084  5.86659e-38  4.47182e-38  4.47181e-38 -3.80882e-38 -3.80882e-38  1.46885e-38
  300.00 -5.39479  1.58060e-37  1.20484e-37  1.20484e-37 -1.02620e-37 -1.02620e-37  3.95759e-38
  300.00 -5.36874  4.25794e-37  3.24576e-37  3.24575e-37 -2.76447e-37 -2.76447e-37  1.06616e-37
  300.00 -5.34269  1.14687e-36  8.74259e-37  8.74258e-37 -7.44612e-37 -7.44612e-37  2.87179e-37
  300.00 -5.31663  3.08864e-36  2.35452e-36  2.35452e-36 -2.00533e-36 -2.00533e-36  7.73430e-37
  300.00 -5.29058  8.31679e-36  6.34017e-36  6.34016e-36 -5.39982e-36 -5.39981e-36  2.08269e-36
  300.00 -5.26453  2.23913e-35  1.70700e-35  1.70700e-35 -1.45381e-35 -1.45381e-35  5.60746e-36
  300.00 -5.23848  6.02751e-35  4.59518e-35  4.59518e-35 -3.91354e-35 -3.91353e-35  1.50953e-35
  300.00 -5.21242  1.62229e-34  1.23681e-34  1.23681e-34 -1.05333e-34 -1.05333e-34  4.06302e-35
  300.00 -5.18637  4.36568e-34  3.32841e-34  3.32841e-34 -2.83460e-34 -2.83459e-34  1.09342e-34
  300.00 -5.16032  1.17464e-33  8.95573e-34  8.95572e-34 -7.62692e-34 -7.62691e-34  2.94211e-34
  300.00 -5.13427  3.16000e-33  2.40932e-33  2.40932e-33 -2.05180e-33 -2.05180e-33  7.91516e-34
  300.00 -5.10822  8.49960e-33  6.48061e-33  6.48060e-33 -5.51888e-33 -5.51887e-33  2.12906e-33
  300.00 -5.08216  2.28579e-32  1.74287e-32  1.74287e-32 -1.48420e-32 -1.48420e-32  5.72590e-33
  300.00 -5.05611  6.14608e-32  4.68639e-32  4.68638e-32 -3.99080e-32 -3.99079e-32  1.53966e-32
  300.00 -5.03006  1.65228e-31  1.25990e-31  1.25990e-31 -1.07288e-31 -1.07288e-31  4.13934e-32
  300.00 -5.00401  4.44113e-31  3.38654e-31  3.38654e-31 -2.88379e-31 -2.88379e-31  1.11265e-31
  300.00 -4.97796  1.19350e-30  9.10119e-31  9.10118e-31 -7.74994e-31 -7.74994e-31  2.99026e-31
  300.00 -4.95190  3.20680e-30  2.44546e-30  2.44545e-30 -2.08234e-30 -2.08234e-30  8.03486e-31
  300.00 -4.92585  8.61468e-30  6.56960e-30  6.56960e-30 -5.59403e-30 -5.59402e-30  2.15857e-30
  300.00 -4.89980  2.31378e-29  1.76455e-29  1.76455e-29 -1.50249e-29 -1.50249e-29  5.79789e-30
  300.00 -4.87375  6.21326e-29  4.73855e-29  4.73855e-29 -4.03474e-29 -4.03474e-29  1.55700e-29
  300.00 -4.84770  1.66813e-28  1.27224e-28  1.27224e-28 -1.08326e-28 -1.08326e-28  4.18044e-29
  300.00 -4.82164  4.47767e-28  3.41511e-28  3.41511e-28 -2.90776e-28 -2.90776e-28  1.12219e-28
  300.00 -4.79559  1.20166e-27  9.16535e-28  9.16534e-28 -7.80360e-28 -7.80359e-28  3.01175e-28
  300.00 -4.76954  3.22419e-27  2.45924e-27  2.45924e-27 -2.09382e-27 -2.09381e-27  8.08129e-28
  300.00 -4.74349  8.64897e-27  6.59719e-27  6.59719e-27 -5.61679e-27 -5.61678e-27  2.16794e-27
  300.00 -4.71743  2.31959e-26  1.76938e-26  1.76938e-26 -1.50640e-26 -1.50640e-26  5.81459e-27
  300.00 -4.69138  6.21956e-26  4.74443e-26  4.74442e-26 -4.03920e-26 -4.03919e-26  1.55917e-26
  300.00 -4.66533  1.66727e-25  1.27188e-25  1.27188e-25 -1.08280e-25 -1.08280e-25  4.17989e-26
  300.00 -4.63928  4.46839e-25  3.40884e-25  3.40884e-25 -2.90201e-25 -2.90201e-25  1.12030e-25
  300.00 -4.61323  1.19726e-24  9.13401e-25  9.13400e-25 -7.77579e-25 -7.77578e-25  3.00193e-25
  300.00 -4.58717  3.20716e-24  2.44686e-24  2.44686e-24 -2.08297e-24 -2.08296e-24  8.04191e-25
  300.00 -4.56112  8.58900e-24  6.55311e-24  6.55310e-24 -5.57840e-24 -5.57840e-24  2.15381e-24
  300.00 -4.53507  2.29959e-23  1.75458e-23  1.75458e-23 -1.49357e-23 -1.49357e-23  5.76693e-24
  300.00 -4.50902  6.15523e-23  4.69660e-23  4.69660e-23 -3.99784e-23 -3.99784e-23  1.54372e-23
  300.00 -4.48297  1.64710e-22  1.25683e-22  1.25683e-22 -1.06981e-22 -1.06981e-22  4.13116e-23
  300.00 -4.45691  4.40630e-22  3.36241e-22  3.36240e-22 -2.86200e-22 -2.86200e-22  1.10524e-22
  300.00 -4.43086  1.17843e-21  8.99290e-22  8.99289e-22 -7.65436e-22 -7.65435e-22  2.95610e-22
  300.00 -4.40481  3.15072e-21  2.40449e-21  2.40449e-21 -2.04654e-21 -2.04654e-21  7.90415e-22
  300.00 -4.37876  8.42139e-21  6.42714e-21  6.42713e-21 -5.47020e-21 -5.47019e-21  2.11282e-21
  300.00 -4.35271  2.25022e-20  1.71743e-20  1.71743e-20 -1.46168e-20 -1.46168e-20  5.64596e-21
  300.00 -4.32665  6.01078e-20  4.58781e-20  4.58780e-20 -3.90451e-20 -3.90450e-20  1.50826e-20
  300.00 -4.30060  1.60508e-19  1.22516e-19  1.22516e-19 -1.04265e-19 -1.04265e-19  4.02789e-20
  300.00 -4.27455  4.28467e-19  3.27066e-19  3.27066e-19 -2.78337e-19 -2.78337e-19  1.07531e-19
  300.00 -4.24850  1.14338e-18  8.72836e-19  8.72835e-19 -7.42770e-19 -7.42769e-19  2.86977e-19
  300.00 -4.22244  3.05011e-18  2.32852e-18  2.32851e-18 -1.98147e-18 -1.98147e-18  7.65613e-19
  300.00 -4.19639  8.13362e-18  6.20971e-18  6.20970e-18 -5.28402e-18 -5.28402e-18  2.04182e-18
  300.00 -4.17034  2.16817e-17  1.65541e-17  1.65540e-17 -1.40859e-17 -1.40858e-17  5.44334e-18
  300.00 -4.14429  5.77747e-17  4.41138e-17  4.41137e-17 -3.75352e-17 -3.75351e-17  1.45061e-17
  300.00 -4.11824  1.53892e-16  1.17511e-16  1.17510e-16 -9.99828e-17 -9.99827e-17  3.86430e-17
  300.00 -4.09218  4.09749e-16  3.12901e-16  3.12900e-16 -2.66219e-16 -2.66219e-16  1.02901e-16
  300.00 -4.06613  1.09054e-15  8.32835e-16  8.32834e-16 -7.08558e-16 -7.08557e-16  2.73898e-16
  300.00 -4.04008  2.90125e-15  2.21579e-15  2.21579e-15 -1.88507e-15 -1.88507e-15  7.28746e-16
  300.00 -4.01403  7.71504e-15  5.89265e-15  5.89264e-15 -5.01294e-15 -5.01294e-15  1.93810e-15
  300.00 -3.98798  2.05067e-14  1.56638e-14  1.56638e-14 -1.33249e-14 -1.33249e-14  5.15210e-15
  300.00 -3.96192  5.44821e-14  4.16185e-14  4.16185e-14 -3.54024e-14 -3.54024e-14  1.36897e-14
  300.00 -3.93587  1.44679e-13  1.10527e-13  1.10527e-13 -9.40148e-14 -9.40148e-14  3.63577e-14
  300.00 -3.90982  3.84010e-13  2.93386e-13  2.93386e-13 -2.49544e-13 -2.49544e-13  9.65134e-14
  300.00 -3.88377  1.01873e-12  7.78378e-13  7.78377e-13 -6.62031e-13 -6.62030e-13  2.56071e-13
  300.00 -3.85772  2.70116e-12  2.06403e-12  2.06403e-12 -1.75542e-12 -1.75542e-12  6.79060e-13
  300.00 -3.83166  7.15823e-12  5.47024e-12  5.47024e-12 -4.65213e-12 -4.65212e-12  1.79979e-12
  300.00 -3.80561  1.89591e-11  1.44896e-11  1.44896e-11 -1.23219e-11 -1.23219e-11  4.76756e-12
  300.00 -3.77956  5.01856e-11  3.83580e-11  3.83580e-11 -3.26179e-11 -3.26179e-11  1.26218e-11
  300.00 -3.75351  1.32764e-10  1.01484e-10  1.01484e-10 -8.62925e-11 -8.62924e-11  3.33955e-11
  300.00 -3.72745  3.51005e-10  2.68331e-10  2.68331e-10 -2.28151e-10 -2.28151e-10  8.83057e-11
  300.00 -3.70140  9.27399e-10  7.09034e-10  7.09033e-10 -6.02827e-10 -6.02826e-10  2.33353e-10
  300.00 -3.67535  2.44867e-09  1.87230e-09  1.87230e-09 -1.59175e-09 -1.59175e-09  6.16241e-10
  300.00 -3.64930  6.46093e-09  4.94067e-09  4.94066e-09 -4.20008e-09 -4.20007e-09  1.62626e-09
  300.00 -3.62325  1.70352e-08  1.30283e-08  1.30282e-08 -1.10746e-08 -1.10746e-08  4.28867e-09
  300.00 -3.59719  4.48826e-08  3.43293e-08  3.43293e-08 -2.91795e-08 -2.91795e-08  1.13014e-08
  300.00 -3.57114  1.18160e-07  9.03878e-08  9.03877e-08 -7.68231e-08 -7.68231e-08  2.97586e-08
  300.00 -3.54509  3.10823e-07  2.37797e-07  2.37797e-07 -2.02095e-07 -2.02095e-07  7.82967e-08
  300.00 -3.51904  8.16943e-07  6.25087e-07  6.25087e-07 -5.31199e-07 -5.31198e-07  2.05833e-07
  300.00 -3.49299  2.14531e-06  1.64171e-06  1.64171e-06 -1.39501e-06 -1.39501e-06  5.40641e-07
  300.00 -3.46693  5.62849e-06  4.30784e-06  4.30784e-06 -3.66020e-06 -3.66020e-06  1.41877e-06
  300.00 -3.44088  1.47530e-05  1.12931e-05  1.12930e-05 -9.59441e-06 -9.59440e-06  3.71967e-06
  300.00 -3.41483  3.86309e-05  2.95756e-05  2.95756e-05 -2.51247e-05 -2.51246e-05  9.74248e-06
  300.00 -3.38878  1.01050e-04  7.73759e-05  7.73758e-05 -6.57250e-05 -6.57250e-05  2.54910e-05
  300.00 -3.36273  2.64038e-04  2.02212e-04  2.02212e-04 -1.71747e-04 -1.71747e-04  6.66249e-05
  300.00 -3.33667  6.89127e-04  5.27857e-04  5.27856e-04 -4.48282e-04 -4.48282e-04  1.73938e-04
  300.00 -3.31062  1.79643e-03  1.37628e-03  1.37628e-03 -1.16868e-03 -1.16867e-03  4.53564e-04
  300.00 -3.28457  4.67705e-03  3.58388e-03  3.58388e-03 -3.04292e-03 -3.04291e-03  1.18124e-03
  300.00 -3.25852  1.21607e-02  9.32027e-03  9.32026e-03 -7.91246e-03 -7.91245e-03  3.07236e-03
  300.00 -3.23246  3.15745e-02  2.42047e-02  2.42047e-02 -2.05460e-02 -2.05460e-02  7.98004e-03
  300.00 -3.20641  8.18602e-02  6.27677e-02  6.27676e-02 -5.32725e-02 -5.32725e-02  2.06969e-02
  300.00 -3.18036  2.11901e-01  1.62518e-01  1.62517e-01 -1.37913e-01 -1.37913e-01  5.35967e-02
  300.00 -3.15431  5.47615e-01  4.20101e-01  4.20100e-01 -3.56444e-01 -3.56444e-01  1.38568e-01
  300.00 -3.12826  1.41273e+00  1.08406e+00  1.08406e+00 -9.19648e-01 -9.19647e-01  3.57635e-01
  300.00 -3.10220  3.63776e+00  2.79225e+00  2.79225e+00 -2.36836e+00 -2.36836e+00  9.21344e-01
  300.00 -3.07615  9.34870e+00  7.17802e+00  7.17802e+00 -6.08720e+00 -6.08719e+00  2.36896e+00
  300.00 -3.05010  2.39747e+01  1.84140e+01  1.84140e+01 -1.56126e+01 -1.56126e+01  6.07848e+00
  300.00 -3.02405  6.13449e+01  4.71330e+01  4.71329e+01 -3.99541e+01 -3.99541e+01  1.55621e+01
  300.00 -2.99800  1.56587e+02  1.20355e+02  1.20355e+02 -1.02001e+02 -1.02001e+02  3.97480e+01
  300.00 -2.97194  3.98667e+02  3.06545e+02  3.06545e+02 -2.59734e+02 -2.59733e+02  1.01265e+02
  300.00 -2.94589  1.01218e+03  7.78625e+02  7.78624e+02 -6.59552e+02 -6.59551e+02  2.57285e+02
  300.00 -2.91984  2.56211e+03  1.97185e+03  1.97184e+03 -1.66983e+03 -1.66983e+03  6.51764e+02
  300.00 -2.89379  6.46439e+03  4.97764e+03  4.97763e+03 -4.21395e+03 -4.21394e+03  1.64582e+03
  300.00 -2.86774  1.62527e+04  1.25216e+04  1.25216e+04 -1.05970e+04 -1.05970e+04  4.14166e+03
  300.00 -2.84168  4.07054e+04  3.13796e+04  3.13796e+04 -2.65468e+04 -2.65468e+04  1.03832e+04
  300.00 -2.81563  1.01520e+05  7.83131e+04  7.83130e+04 -6.62257e+04 -6.62256e+04  2.59241e+04
  300.00 -2.78958  2.52026e+05  1.94555e+05  1.94555e+05 -1.64454e+05 -1.64454e+05  6.44341e+04
  300.00 -2.76353  6.22476e+05  4.80916e+05  4.80915e+05 -4.06314e+05 -4.06314e+05  1.59356e+05
  300.00 -2.73747  1.52878e+06  1.18216e+06  1.18216e+06 -9.98245e+05 -9.98244e+05  3.91946e+05
  300.00 -2.71142  3.73099e+06  2.88796e+06  2.88796e+06 -2.43719e+06 -2.43719e+06  9.58120e+05
  300.00 -2.68537  9.04122e+06  7.00620e+06  7.00619e+06 -5.90862e+06 -5.90862e+06  2.32608e+06
  300.00 -2.65932  2.17345e+07  1.68639e+07  1.68639e+07 -1.42112e+07 -1.42111e+07  5.60348e+06
  300.00 -2.63327  5.17734e+07  4.02299e+07  4.02299e+07 -3.38717e+07 -3.38717e+07  1.33799e+07
  300.00 -2.60721  1.22039e+08  9.49890e+07  9.49889e+07 -7.98948e+07 -7.98947e+07  3.16262e+07
  300.00 -2.58116  2.84171e+08  2.21621e+08  2.21621e+08 -1.86182e+08 -1.86182e+08  7.38802e+07
  300.00 -2.55511  6.52227e+08  5.09857e+08  5.09857e+08 -4.27719e+08 -4.27718e+08  1.70217e+08
  300.00 -2.52906  1.47135e+09  1.15345e+09  1.15345e+09 -9.65954e+08 -9.65954e+08  3.85750e+08
  300.00 -2.50301  3.24971e+09  2.55663e+09  2.55663e+09 -2.13638e+09 -2.13638e+09  8.56759e+08
  300.00 -2.47695  6.98863e+09  5.52354e+09  5.52354e+09 -4.60227e+09 -4.60227e+09  1.85533e+09
  300.00 -2.45090  1.45119e+10  1.15430e+10  1.15430e+10 -9.57811e+09 -9.57810e+09  3.88675e+09
  300.00 -2.42485  2.87005e+10  2.30499e+10  2.30499e+10 -1.90010e+10 -1.90010e+10  7.77601e+09
  300.00 -2.39880  5.27764e+10  4.30738e+10  4.30737e+10 -3.50940e+10 -3.50940e+10  1.45225e+10
  300.00 -2.37275  8.64454e+10  7.26372e+10  7.26371e+10 -5.78486e+10 -5.78485e+10  2.43132e+10
  300.00 -2.34669  1.18092e+11  1.04479e+11  1.04479e+11 -7.96553e+10 -7.96553e+10  3.43595e+10
  300.00 -2.32064  1.27991e+11  1.21801e+11  1.21801e+11 -8.66455e+10 -8.66455e+10  3.96428e+10
  300.00 -2.29459  1.14446e+11  1.16941e+11  1.16941e+11 -7.63374e+10 -7.63373e+10  4.00967e+10
  300.00 -2.26854  8.85217e+10  9.78225e+10  9.78225e+10 -5.50616e+10 -5.50616e+10  3.65668e+10
  300.00 -2.24248  6.70988e+10  7.99940e+10  7.99940e+10 -3.34517e+10 -3.34517e+10  3.03114e+10
  300.00 -2.21643  6.19191e+10  7.19142e+10  7.19142e+10 -1.99598e+10 -1.99598e+10  2.61727e+10
  300.00 -2.19038  7.04396e+10  7.04870e+10  7.04870e+10 -1.24136e+10 -1.24136e+10  2.20599e+10
  300.00 -2.16433  7.95353e+10  6.80573e+10  6.80574e+10 -7.99769e+09 -7.99769e+09  1.43461e+10
  300.00 -2.13828  8.28695e+10  6.75949e+10  6.75950e+10 -6.52229e+09 -6.52229e+09  7.85240e+09
  300.00 -2.11222  8.72896e+10  8.32977e+10  8.32978e+10 -5.76953e+09 -5.76954e+09  6.09657e+09
  300.00 -2.08617  8.43223e+10  9.72540e+10  9.72541e+10 -4.15598e+09 -4.15599e+09  6.51786e+09
  300.00 -2.06012  6.16059e+10  7.25936e+10  7.25936e+10 -3.83609e+09 -3.83608e+09  5.40420e+09
  300.00 -2.03407  4.04139e+10  3.48125e+10  3.48125e+10 -3.17058e+09 -3.17058e+09  3.26687e+09
  300.00 -2.00802  3.60615e+10  2.19357e+10  2.19357e+10 -1.76789e+09 -1.76789e+09  2.49718e+09
  300.00 -1.98196  5.13878e+10  3.59234e+10  3.59234e+10 -1.41192e+09 -1.41192e+09  2.76070e+09
  300.00 -1.95591  5.38567e+10  5.14127e+10  5.14127e+10 -7.01248e+08 -7.01248e+08  1.89556e+09
  300.00 -1.92986  2.95615e+10  3.74009e+10  3.74009e+10 -1.64135e+08 -1.64135e+08  7.60109e+08
  300.00 -1.90381  8.29955e+09  1.14791e+10  1.14791e+10 -1.68113e+08 -1.68113e+08  1.50468e+08
  300.00 -1.87776  2.94866e+09  2.74993e+09  2.74992e+09 -7.70150e+07 -7.70148e+07  3.02375e+07
  300.00 -1.85170  2.29036e+10  1.81469e+10  1.81469e+10 -2.41831e+08 -2.41831e+08  4.12967e+08
  300.00 -1.82565  9.41263e+10  8.12488e+10  8.12488e+10  4.08803e+08  4.08807e+08  1.89715e+09
  300.00 -1.79960  7.27802e+10  6.79589e+10  6.79589e+10  1.44973e+09  1.44973e+09  1.62120e+08
  300.00 -1.77355  9.73354e+09  1.00639e+10  1.00639e+10  2.27387e+08  2.27388e+08 -2.04389e+08
  300.00 -1.74749  3.07674e+08  4.30784e+08  4.30784e+08  5.03374e+06  5.03374e+06 -4.18321e+06
  300.00 -1.72144  3.96319e+09  5.14820e+09  5.14819e+09  1.69727e+07  1.69727e+07 -3.22322e+07
  300.00 -1.69539  1.51663e+10  1.78868e+10  1.78867e+10  8.14842e+07  8.14846e+07 -2.91516e+07
  300.00 -1.66934  4.38593e+10  4.43386e+10  4.43386e+10  3.23285e+08  3.23288e+08  3.55858e+08
  300.00 -1.64329  8.44223e+10  7.73021e+10  7.73022e+10  6.33460e+08  6.33465e+08  1.11779e+09
  300.00 -1.61723  4.59592e+10  4.06594e+10  4.06595e+10  2.65573e+08  2.65574e+08  2.57519e+08
  300.00 -1.59118  3.02213e+09  2.51861e+09  2.51862e+09  1.98017e+07  1.98018e+07 -9.73575e+06
  300.00 -1.56513  5.36026e+08  4.47802e+08  4.47800e+08  2.84439e+06  2.84438e+06 -1.99600e+06
  300.00 -1.53908  1.79087e+09  2.25150e+09  2.25150e+09  1.43942e+07  1.43942e+07 -7.57660e+06
  300.00 -1.51303  1.66879e+10  1.77907e+10  1.77906e+10  2.12540e+07  2.12541e+07 -4.14824e+07
  300.00 -1.48697  2.90483e+10  3.19622e+10  3.19621e+10  1.60472e+08  1.60473e+08  4.98428e+06
  300.00 -1.46092  5.12223e+10  5.77213e+10  5.77213e+10  4.56438e+08  4.56441e+08  3.65412e+08
  300.00 -1.43487  4.96023e+10  5.14978e+10  5.14978e+10  2.92648e+08  2.92649e+08  6.19682e+08
  300.00 -1.40882  2.01444e+10  1.74279e+10  1.74279e+10  3.37129e+07  3.37129e+07  2.67168e+08
  300.00 -1.38277  2.37397e+09  1.75157e+09  1.75157e+09 -3.63673e+06 -3.63677e+06  3.35640e+07
  300.00 -1.35671  4.96619e+09  4.22036e+09  4.22036e+09  1.02260e+07  1.02259e+07  2.82848e+07
  300.00 -1.33066  3.54323e+09  3.29045e+09  3.29046e+09  3.19863e+07  3.19862e+07  1.28665e+07
  300.00 -1.30461  2.95337e+10  2.73621e+10  2.73621e+10  2.18285e+08  2.18284e+08  7.04952e+07
  300.00 -1.27856  9.59303e+10  9.27436e+10  9.27436e+10  5.44162e+08  5.44159e+08 -2.78633e+08
  300.00 -1.25251  6.07913e+10  5.79960e+10  5.79960e+10  3.05014e+08  3.05014e+08 -1.21858e+08
  300.00 -1.22645  1.61885e+10  1.55770e+10  1.55770e+10  4.89182e+07  4.89185e+07  3.54827e+07
  300.00 -1.20040  1.01186e+09  1.69389e+09  1.69389e+09  3.44075e+06  3.44078e+06  3.69716e+06
  300.00 -1.17435  1.65846e+09  9.15717e+08  9.15715e+08  2.38204e+06  2.38204e+06  1.32090e+07
  300.00 -1.14830  7.98968e+09  7.24307e+09  7.24306e+09  2.38286e+07  2.38285e+07  6.14890e+07
  300.00 -1.12224  2.38844e+09  1.76876e+09  1.76876e+09  1.27769e+07  1.27769e+07  2.21955e+07
  300.00 -1.09619  8.94378e+10  8.10701e+10  8.10701e+10  2.47102e+08  2.47098e+08  7.23253e+07
  300.00 -1.07014  9.69767e+10  9.20283e+10  9.20282e+10 -3.09256e+08 -3.09259e+08 -1.87728e+08
  300.00 -1.04409  1.55628e+10  1.41850e+10  1.41850e+10 -6.38057e+07 -6.38058e+07  3.29902e+06
  300.00 -1.01804  6.06547e+07  2.95294e+07  2.95303e+07 -5.42567e+04 -5.42550e+04 -1.58596e+05
  300.00 -0.99198  8.91580e+07  1.31111e+04  1.31035e+04 -1.16494e+05 -1.16492e+05  6.86810e+03
  300.00 -0.96593  6.09846e+08  3.75620e+08  3.75623e+08 -4.73710e+05 -4.73686e+05  2.57031e+06
  300.00 -0.93988  9.74218e+08  1.19085e+09  1.19086e+09  1.46615e+06  1.46616e+06  4.28449e+06
  300.00 -0.91383  3.20676e+09  3.45352e+09  3.45352e+09 -2.15392e+05 -2.15512e+05  1.47429e+07
  300.00 -0.88778  3.50340e+10  3.60611e+10  3.60612e+10 -1.65490e+08 -1.65491e+08 -9.51073e+06
  300.00 -0.86172  4.11520e+10  3.92169e+10  3.92169e+10 -3.65419e+08 -3.65420e+08 -7.19341e+07
  300.00 -0.83567  1.78673e+10  1.59380e+10  1.59380e+10 -1.59346e+08 -1.59346e+08 -2.96527e+06
  300.00 -0.80962  2.20661e+09  1.84158e+09  1.84158e+09 -9.01935e+06 -9.01927e+06  1.02540e+06
  300.00 -0.78357  5.15812e+09  5.33264e+09  5.33265e+09 -2.78431e+07 -2.78428e+07 -2.30755e+06
  300.00 -0.75752  3.31412e+10  3.28280e+10  3.28280e+10 -1.03198e+08 -1.03197e+08 -4.46997e+07
  300.00 -0.73146  2.10907e+10  1.81274e+10  1.81274e+10 -6.48067e+07 -6.48066e+07 -3.29199e+07
  300.00 -0.70541  2.78230e+09  4.60564e+09  4.60565e+09 -1.56611e+07 -1.56613e+07 -1.46854e+07
  300.00 -0.67936  3.40350e+10  3.63866e+10  3.63867e+10 -1.50788e+08 -1.50789e+08 -1.68133e+08
  300.00 -0.65331  2.45683e+10  2.31085e+10  2.31085e+10 -1.11911e+08 -1.11911e+08 -1.43077e+08
  300.00 -0.62725  7.00937e+08  1.10024e+09  1.10024e+09 -4.34291e+06 -4.34290e+06 -7.17817e+06
  300.00 -0.60120  4.86604e+10  4.96950e+10  4.96950e+10 -2.22477e+08 -2.22475e+08 -2.66631e+08
  300.00 -0.57515  7.39477e+10  7.18930e+10  7.18930e+10 -3.13047e+08 -3.13044e+08 -3.18501e+08
  300.00 -0.54910  1.21713e+10  1.06067e+10  1.06067e+10 -4.52382e+07 -4.52381e+07 -3.82744e+07
  300.00 -0.52305  5.90513e+09  6.15874e+09  6.15875e+09 -1.89486e+07 -1.89489e+07 -1.54658e+07
  300.00 -0.49699  2.60825e+09  2.27079e+09  2.27080e+09 -5.06766e+06 -5.06773e+06 -7.18562e+06
  300.00 -0.47094  2.45495e+09  2.44401e+09  2.44401e+09 -1.80974e+06 -1.80976e+06 -8.78884e+06
  300.00 -0.44489  3.25352e+10  3.17688e+10  3.17688e+10  1.77366e+07  1.77371e+07 -1.48746e+08
  300.00 -0.41884  6.92683e+10  7.02111e+10  7.02111e+10 -6.67335e+06 -6.67286e+06 -3.01393e+08
  300.00 -0.39279  2.77528e+10  3.07617e+10  3.07617e+10 -3.47628e+07 -3.47631e+07 -7.75502e+07
  300.00 -0.36673  2.10042e+09  3.24657e+09  3.24655e+09 -4.35799e+06 -4.35807e+06 -3.04774e+06
  300.00 -0.34068  8.47581e+09  9.30087e+09  9.30085e+09 -1.24877e+07 -1.24880e+07 -8.22594e+06
  300.00 -0.31463  3.90098e+10  3.67806e+10  3.67806e+10 -1.24791e+07 -1.24797e+07 -4.94966e+07
  300.00 -0.28858  7.35877e+10  7.06155e+10  7.06156e+10  1.69447e+07  1.69444e+07 -8.02285e+07
  300.00 -0.26253  7.47470e+10  7.56194e+10  7.56194e+10 -2.00200e+06 -2.00313e+06  2.38106e+07
  300.00 -0.23647  5.21546e+10  5.46214e+10  5.46214e+10 -1.51554e+07 -1.51565e+07  9.22799e+07
  300.00 -0.21042  6.99656e+10  6.99027e+10  6.99026e+10 -7.26406e+06 -7.26536e+06  1.02217e+08
  300.00 -0.18437  1.30869e+11  1.26465e+11  1.26465e+11  3.62630e+07  3.62608e+07  2.52475e+08
  300.00 -0.15832  1.82795e+11  1.80026e+11  1.80026e+11  1.13844e+08  1.13840e+08  5.71618e+08
  300.00 -0.13226  2.18002e+11  2.18348e+11  2.18348e+11  1.94930e+08  1.94927e+08  7.88479e+08
  300.00 -0.10621  3.10187e+11  3.10054e+11  3.10054e+11  2.91960e+08  2.91956e+08  1.30759e+09
  300.00 -0.08016  4.44664e+11  4.45311e+11  4.45311e+11  2.69516e+08  2.69508e+08  2.53305e+09
  300.00 -0.05411  5.68955e+11  5.71907e+11  5.71907e+11  2.15845e+08  2.15837e+08  4.11486e+09
  300.00 -0.02806  6.23990e+11  6.27534e+11  6.27534e+11  1.27830e+08  1.27824e+08  5.42371e+09
  300.00 -0.00200  5.57513e+11  5.59992e+11  5.59992e+11 -1.25272e+08 -1.25279e+08  5.62436e+09
  300.00  0.02405  4.08813e+11  4.09573e+11  4.09573e+11 -2.60694e+08 -2.60700e+08  4.48903e+09
  300.00  0.05010  2.55376e+11  2.55197e+11  2.55197e+11 -2.21505e+08 -2.21509e+08  2.90773e+09
  300.00  0.07615  1.42358e+11  1.41989e+11  1.41989e+11 -1.37647e+08 -1.37649e+08  1.64247e+09
  300.00  0.10220  7.34856e+10  7.31991e+10  7.31991e+10 -7.38968e+07 -7.38979e+07  8.51374e+08
  300.00  0.12826  3.59724e+10  3.57987e+10  3.57987e+10 -3.66890e+07 -3.66896e+07  4.17136e+08
  300.00  0.15431  1.69443e+10  1.68507e+10  1.68507e+10 -1.73691e+07 -1.73694e+07  1.96452e+08
  300.00  0.18036  7.75136e+09  7.70441e+09  7.70441e+09 -7.95951e+06 -7.95963e+06  8.98272e+07
  300.00  0.20641  3.46510e+09  3.44262e+09  3.44262e+09 -3.56011e+06 -3.56016e+06  4.01353e+07
  300.00  0.23246  1.52029e+09  1.50989e+09  1.50989e+09 -1.56218e+06 -1.56220e+06  1.76009e+07
  300.00  0.25852  6.56743e+08  6.52058e+08  6.52057e+08 -6.74831e+05 -6.74840e+05  7.60022e+06
  300.00  0.28457  2.80014e+08  2.77946e+08  2.77946e+08 -2.87710e+05 -2.87714e+05  3.23934e+06
  300.00  0.31062  1.18060e+08  1.17162e+08  1.17162e+08 -1.21296e+05 -1.21298e+05  1.36535e+06
  300.00  0.33667  4.92964e+07  4.89124e+07  4.89124e+07 -5.06448e+04 -5.06455e+04  5.69956e+05
  300.00  0.36273  2.04104e+07  2.02481e+07  2.02481e+07 -2.09675e+04 -2.09678e+04  2.35926e+05
  300.00  0.38878  8.38780e+06  8.31986e+06  8.31986e+06 -8.61628e+03 -8.61640e+03  9.69350e+04
  300.00  0.41483  3.42425e+06  3.39607e+06  3.39607e+06 -3.51737e+03 -3.51741e+03  3.95656e+04
  300.00  0.44088  1.38967e+06  1.37807e+06  1.37807e+06 -1.42739e+03 -1.42741e+03  1.60542e+04
  300.00  0.46693  5.60971e+05  5.56230e+05  5.56230e+05 -5.76180e+02 -5.76188e+02  6.47969e+03
  300.00  0.49299  2.25361e+05  2.23435e+05  2.23435e+05 -2.31463e+02 -2.31466e+02  2.60275e+03
  300.00  0.51904  9.01395e+04  8.93613e+04  8.93613e+04 -9.25772e+01 -9.25785e+01  1.04091e+03
  300.00  0.54509  3.59101e+04  3.55973e+04  3.55973e+04 -3.68802e+01 -3.68807e+01  4.14636e+02
  300.00  0.57114  1.42538e+04  1.41285e+04  1.41285e+04 -1.46384e+01 -1.46386e+01  1.64564e+02
  300.00  0.59719  5.63871e+03  5.58879e+03  5.58879e+03 -5.79075e+00 -5.79083e+00  6.50943e+01
  300.00  0.62325  2.22373e+03  2.20390e+03  2.20390e+03 -2.28363e+00 -2.28367e+00  2.56688e+01
  300.00  0.64930  8.74449e+02  8.66604e+02  8.66604e+02 -8.97989e-01 -8.98001e-01  1.00931e+01
  300.00  0.67535  3.42949e+02  3.39853e+02  3.39853e+02 -3.52174e-01 -3.52179e-01  3.95808e+00
  300.00  0.70140  1.34167e+02  1.32949e+02  1.32949e+02 -1.37773e-01 -1.37775e-01  1.54835e+00
  300.00  0.72745  5.23666e+01  5.18889e+01  5.18889e+01 -5.37733e-02 -5.37741e-02  6.04295e-01
  300.00  0.75351  2.03949e+01  2.02080e+01  2.02080e+01 -2.09425e-02 -2.09428e-02  2.35337e-01
  300.00  0.77956  7.92699e+00  7.85401e+00  7.85401e+00 -8.13969e-03 -8.13981e-03  9.14641e-02
  300.00  0.80561  3.07515e+00  3.04672e+00  3.04672e+00 -3.15762e-03 -3.15766e-03  3.54800e-02
  300.00  0.83166  1.19081e+00  1.17976e+00  1.17976e+00 -1.22273e-03 -1.22275e-03  1.37385e-02
  300.00  0.85772  4.60348e-01  4.56060e-01  4.56060e-01 -4.72682e-04 -4.72689e-04  5.31081e-03
  300.00  0.88377  1.77679e-01  1.76018e-01  1.76018e-01 -1.82437e-04 -1.82440e-04  2.04970e-03
  300.00  0.90982  6.84744e-02  6.78323e-02  6.78323e-02 -7.03075e-05 -7.03084e-05  7.89885e-04
  300.00  0.93587  2.63512e-02  2.61033e-02  2.61033e-02 -2.70563e-05 -2.70567e-05  3.03960e-04
  300.00  0.96192  1.01270e-02  1.00315e-02  1.00315e-02 -1.03979e-05 -1.03980e-05  1.16810e-04
  300.00  0.98798  3.88689e-03  3.85012e-03  3.85012e-03 -3.99082e-06 -3.99088e-06  4.48318e-05
  300.00  1.01403  1.49002e-03  1.47588e-03  1.47588e-03 -1.52984e-06 -1.52987e-06  1.71854e-05
  300.00  1.04008  5.70522e-04  5.65097e-04  5.65097e-04 -5.85767e-07 -5.85775e-07  6.58000e-06
  300.00  1.06613  2.18208e-04  2.16128e-04  2.16128e-04 -2.24037e-07 -2.24040e-07  2.51657e-06
  300.00  1.09218  8.33694e-05  8.25730e-05  8.25730e-05 -8.55957e-08 -8.55969e-08  9.61463e-07
  300.00  1.11824  3.18201e-05  3.15155e-05  3.15155e-05 -3.26696e-08 -3.26701e-08  3.66957e-07
  300.00  1.14429  1.21332e-05  1.20168e-05  1.20168e-05 -1.24570e-08 -1.24572e-08  1.39919e-07
  300.00  1.17034  4.62216e-06  4.57773e-06  4.57773e-06 -4.74549e-09 -4.74556e-09  5.33008e-08
  300.00  1.19639  1.75925e-06  1.74231e-06  1.74231e-06 -1.80618e-09 -1.80621e-09  2.02864e-08
  300.00  1.22244  6.69021e-07  6.62567e-07  6.62567e-07 -6.86864e-10 -6.86873e-10  7.71448e-09
  300.00  1.24850  2.54212e-07  2.51755e-07  2.51755e-07 -2.60990e-10 -2.60993e-10  2.93124e-09
  300.00  1.27455  9.65181e-08  9.55838e-08  9.55837e-08 -9.90910e-11 -9.90924e-11  1.11290e-09
  300.00  1.30060  3.66179e-08  3.62628e-08  3.62628e-08 -3.75938e-11 -3.75943e-11  4.22211e-10
  300.00  1.32665  1.38822e-08  1.37474e-08  1.37474e-08 -1.42521e-11 -1.42523e-11  1.60061e-10
  300.00  1.35271  5.25915e-09  5.20801e-09  5.20800e-09 -5.39911e-12 -5.39919e-12  6.06339e-11
  300.00  1.37876  1.99083e-09  1.97143e-09  1.97143e-09 -2.04342e-12 -2.04345e-12  2.29458e-11
  300.00  1.40481  7.52583e-10  7.45204e-10  7.45204e-10 -7.71381e-13 -7.71391e-13  8.65557e-12
  300.00  1.43086  2.82797e-10  2.79927e-10  2.79927e-10 -2.86826e-13 -2.86830e-13  3.20096e-12
  300.00  1.45691  1.02097e-10  1.00809e-10  1.00809e-10 -9.54798e-14 -9.54812e-14  1.01937e-12
  300.00  1.48297  2.73311e-11  2.64748e-11  2.64748e-11 -1.12953e-14 -1.12955e-14  4.02640e-14
  300.00  1.50902  2.94906e-14  1.11860e-15  1.11858e-15  1.56615e-17  1.56616e-17  4.55186e-16
  300.00  1.53507  2.39218e-11  2.57314e-11  2.57314e-11  8.84722e-14  8.84730e-14 -1.97002e-12
  300.00  1.56112  9.33777e-11  9.86603e-11  9.86603e-11  3.93731e-13  3.93735e-13 -8.38108e-12
  300.00  1.58717  2.59925e-10  2.74027e-10  2.74027e-10  1.11637e-12  1.11638e-12 -2.36295e-11
  300.00  1.61323  6.91762e-10  7.29063e-10  7.29063e-10  2.97845e-12  2.97847e-12 -6.29923e-11
  300.00  1.63928  1.82882e-09  1.92732e-09  1.92732e-09  7.87676e-12  7.87684e-12 -1.66563e-10
  300.00  1.66533  4.82765e-09  5.08754e-09  5.08754e-09  2.07937e-11  2.07939e-11 -4.39678e-10
  300.00  1.69138  1.27334e-08  1.34186e-08  1.34186e-08  5.48459e-11  5.48464e-11 -1.15964e-09
  300.00  1.71743  3.35607e-08  3.53659e-08  3.53659e-08  1.44554e-10  1.44556e-10 -3.05622e-09
  300.00  1.74349  8.83865e-08  9.31385e-08  9.31385e-08  3.80702e-10  3.80706e-10 -8.04849e-09
  300.00  1.76954  2.32593e-07  2.45093e-07  2.45093e-07  1.00184e-09  1.00185e-09 -2.11787e-08
  300.00  1.79559  6.11575e-07  6.44426e-07  6.44426e-07  2.63421e-09  2.63423e-09 -5.56834e-08
  300.00  1.82164  1.60668e-06  1.69294e-06  1.69294e-06  6.92041e-09  6.92047e-09 -1.46278e-07
  300.00  1.84770  4.21719e-06  4.44348e-06  4.44348e-06  1.81645e-08  1.81647e-08 -3.83920e-07
  300.00  1.87375  1.10588e-05  1.16519e-05  1.16519e-05  4.76334e-08  4.76338e-08 -1.00669e-06
  300.00  1.89980  2.89716e-05  3.05245e-05  3.05245e-05  1.24789e-07  1.24790e-07 -2.63711e-06
  300.00  1.92585  7.58216e-05  7.98834e-05  7.98834e-05  3.26585e-07  3.26588e-07 -6.90105e-06
  300.00  1.95190  1.98221e-04  2.08833e-04  2.08833e-04  8.53794e-07  8.53802e-07 -1.80400e-05
  300.00  1.97796  5.17631e-04  5.45326e-04  5.45326e-04  2.22959e-06  2.22961e-06 -4.71054e-05
  300.00  2.00401  1.35015e-03  1.42234e-03  1.42234e-03  5.81549e-06  5.81555e-06 -1.22855e-04
  300.00  2.03006  3.51729e-03  3.70521e-03  3.70521e-03  1.51500e-05  1.51502e-05 -3.20021e-04
  300.00  2.05611  9.15105e-03  9.63961e-03  9.63961e-03  3.94164e-05  3.94168e-05 -8.32528e-04
  300.00  2.08216  2.37761e-02  2.50445e-02  2.50445e-02  1.02411e-04  1.02412e-04 -2.16284e-03
  300.00  2.10822  6.16861e-02  6.49740e-02  6.49740e-02  2.65702e-04  2.65704e-04 -5.61077e-03
  300.00  2.13427  1.59799e-01  1.68309e-01  1.68309e-01  6.88306e-04  6.88312e-04 -1.45331e-02
  300.00  2.16032  4.13296e-01  4.35285e-01  4.35285e-01  1.78021e-03  1.78022e-03 -3.75832e-02
  300.00  2.18637  1.06711e+00  1.12383e+00  1.12383e+00  4.59643e-03  4.59647e-03 -9.70256e-02
  300.00  2.21242  2.75027e+00  2.89630e+00  2.89630e+00  1.18464e-02  1.18465e-02 -2.50030e-01
  300.00  2.23848  7.07468e+00  7.44990e+00  7.44990e+00  3.04733e-02  3.04736e-02 -6.43072e-01
  300.00  2.26453  1.81615e+01  1.91235e+01  1.91235e+01  7.82284e-02  7.82291e-02 -1.65058e+00
  300.00  2.29058  4.65209e+01  4.89820e+01  4.89820e+01  2.00384e-01  2.00386e-01 -4.22727e+00
  300.00  2.31663  1.18886e+02  1.25167e+02  1.25167e+02  5.12091e-01  5.12096e-01 -1.08010e+01
  300.00  2.34269  3.03060e+02  3.19048e+02  3.19048e+02  1.30541e+00  1.30542e+00 -2.75283e+01
  300.00  2.36874  7.70477e+02  8.11059e+02  8.11058e+02  3.31878e+00  3.31881e+00 -6.99715e+01
  300.00  2.39479  1.95314e+03  2.05583e+03  2.05583e+03  8.41305e+00  8.41313e+00 -1.77336e+02
  300.00  2.42084  4.93568e+03  5.19471e+03  5.19471e+03  2.12603e+01  2.12605e+01 -4.48030e+02
  300.00  2.44689  1.24305e+04  1.30815e+04  1.30815e+04  5.35441e+01  5.35446e+01 -1.12806e+03
  300.00  2.47295  3.11907e+04  3.28207e+04  3.28207e+04  1.34354e+02  1.34356e+02 -2.82975e+03
  300.00  2.49900  7.79495e+04  8.20132e+04  8.20132e+04  3.35770e+02  3.35773e+02 -7.06968e+03
  300.00  2.52505  1.93947e+05  2.04031e+05  2.04031e+05  8.35438e+02  8.35445e+02 -1.75841e+04
  300.00  2.55110  4.80220e+05  5.05114e+05  5.05114e+05  2.06859e+03  2.06861e+03 -4.35224e+04
  300.00  2.57715  1.18266e+06  1.24377e+06  1.24377e+06  5.09444e+03  5.09449e+03 -1.07140e+05
  300.00  2.60321  2.89521e+06  3.04425e+06  3.04425e+06  1.24715e+04  1.24716e+04 -2.62159e+05
  300.00  2.62926  7.04026e+06  7.40117e+06  7.40117e+06  3.03272e+04  3.03275e+04 -6.37155e+05
  300.00  2.65531  1.69910e+07  1.78579e+07  1.78579e+07  7.31927e+04  7.31934e+04 -1.53679e+06
  300.00  2.68136  4.06560e+07  4.27192e+07  4.27192e+07  1.75138e+05  1.75140e+05 -3.67473e+06
  300.00  2.70741  9.63311e+07  1.01189e+08  1.01189e+08  4.14987e+05  4.14990e+05 -8.70014e+06
  300.00  2.73347  2.25670e+08  2.36967e+08  2.36967e+08  9.72220e+05  9.72229e+05 -2.03626e+07
  300.00  2.75952  5.21682e+08  5.47571e+08  5.47570e+08  2.24776e+06  2.24778e+06 -4.70208e+07
  300.00  2.78557  1.18708e+09  1.24537e+09  1.24537e+09  5.11631e+06  5.11635e+06 -1.06851e+08
  300.00  2.81162  2.65012e+09  2.77857e+09  2.77857e+09  1.14313e+07  1.14314e+07 -2.38129e+08
  300.00  2.83768  5.77845e+09  6.05392e+09  6.05392e+09  2.49796e+07  2.49799e+07 -5.17981e+08
  300.00  2.86373  1.22272e+10  1.27974e+10  1.27974e+10  5.31660e+07  5.31665e+07 -1.09195e+09
  300.00  2.88978  2.48669e+10  2.59901e+10  2.59901e+10  1.09791e+08  1.09792e+08 -2.20582e+09
  300.00  2.91583  4.78693e+10  4.99247e+10  4.99247e+10  2.19429e+08  2.19431e+08 -4.18836e+09
  300.00  2.94188  8.51145e+10  8.84394e+10  8.84393e+10  4.21175e+08  4.21178e+08 -7.22641e+09
  300.00  2.96794  1.34924e+11  1.39182e+11  1.39182e+11  7.27459e+08  7.27464e+08 -1.07431e+10
  300.00  2.99399  1.84675e+11  1.87808e+11  1.87808e+11  8.30515e+08  8.30522e+08 -1.30691e+10
  300.00  3.02004  2.21578e+11  2.19912e+11  2.19912e+11 -2.26017e+08 -2.26008e+08 -1.31622e+10
  300.00  3.04609  2.49746e+11  2.41456e+11  2.41456e+11 -2.64635e+09 -2.64634e+09 -1.22327e+10
  300.00  3.07214  2.52842e+11  2.46792e+11  2.46792e+11 -4.06110e+09 -4.06110e+09 -1.09310e+10
  300.00  3.09820  1.91865e+11  1.98302e+11  1.98302e+11 -2.83315e+09 -2.83315e+09 -7.01975e+09
  300.00  3.12425  1.33004e+11  1.40001e+11  1.40001e+11 -1.45965e+09 -1.45965e+09 -3.45158e+09
  300.00  3.15030  1.72359e+11  1.65263e+11  1.65263e+11 -1.31732e+09 -1.31732e+09 -3.82673e+09
  300.00  3.17635  2.68899e+11  2.57378e+11  2.57378e+11 -1.70022e+09 -1.70022e+09 -6.65507e+09
  300.00  3.20240  2.55182e+11  2.58478e+11  2.58478e+11 -1.38675e+09 -1.38675e+09 -4.83305e+09
  300.00  3.22846  1.50819e+11  1.56633e+11  1.56633e+11 -8.94422e+08 -8.94416e+08 -1.76609e+09
  300.00  3.25451  9.43418e+10  9.20686e+10  9.20686e+10 -7.20657e+08 -7.20653e+08 -1.11526e+09
  300.00  3.28056  1.73332e+11  1.62974e+11  1.62974e+11 -1.43497e+09 -1.43497e+09 -2.63944e+09
  300.00  3.30661  3.34007e+11  3.31838e+11  3.31838e+11 -2.14459e+09 -2.14459e+09 -4.69989e+09
  300.00  3.33267  3.17686e+11  3.27938e+11  3.27938e+11 -6.09916e+08 -6.09917e+08 -2.40531e+09
  300.00  3.35872  1.68797e+11  1.77245e+11  1.77245e+11  1.89569e+07  1.89586e+07 -1.06071e+09
  300.00  3.38477  8.37560e+10  8.64142e+10  8.64142e+10 -1.15963e+08 -1.15961e+08 -9.25854e+08
  300.00  3.41082  1.65428e+11  1.58670e+11  1.58670e+11 -4.11051e+08 -4.11049e+08 -1.52767e+09
  300.00  3.43687  3.75744e+11  3.56360e+11  3.56360e+11 -8.28348e+08 -8.28352e+08 -1.90376e+09
  300.00  3.46293  2.92479e+11  2.83662e+11  2.83662e+11 -6.94396e+08 -6.94400e+08 -9.42139e+08
  300.00  3.48898  7.30116e+10  7.55964e+10  7.55965e+10 -2.34353e+08 -2.34353e+08 -1.79503e+08
  300.00  3.51503  9.74571e+09  1.17466e+10  1.17466e+10 -3.95023e+07 -3.95024e+07 -4.93587e+07
  300.00  3.54108  1.84072e+10  2.02100e+10  2.02100e+10 -7.41614e+07 -7.41614e+07 -1.44496e+08
  300.00  3.56713  1.21307e+11  1.22061e+11  1.22061e+11 -3.34947e+08 -3.34948e+08 -5.98232e+08
  300.00  3.59319  2.23205e+11  2.17018e+11  2.17018e+11 -4.01802e+08 -4.01805e+08 -3.00673e+08
  300.00  3.61924  7.16680e+10  6.60714e+10  6.60714e+10 -7.80335e+07 -7.80349e+07 -1.04353e+08
  300.00  3.64529  1.14655e+10  1.15977e+10  1.15977e+10 -9.93169e+06 -9.93184e+06 -3.83322e+07
  300.00  3.67134  7.16294e+10  6.66443e+10  6.66443e+10 -1.32914e+08 -1.32914e+08 -4.07246e+08
  300.00  3.69739  1.72794e+09  1.13824e+09  1.13823e+09 -1.77583e+06 -1.77582e+06 -7.05650e+06
  300.00  3.72345  4.42887e+10  4.46638e+10  4.46638e+10  2.01857e+07  2.01859e+07  7.83191e+07
  300.00  3.74950  7.75441e+10  7.30737e+10  7.30737e+10 -7.78898e+07 -7.78905e+07  7.27069e+07
  300.00  3.77555  2.23127e+10  2.02868e+10  2.02868e+10 -4.43755e+07 -4.43758e+07 -6.93703e+07
  300.00  3.80160  1.05358e+09  8.86412e+08  8.86422e+08 -7.76894e+05 -7.76913e+05 -3.47980e+06
  300.00  3.82766  1.89003e+10  1.60139e+10  1.60140e+10  2.76185e+06  2.76168e+06 -4.58078e+07
  300.00  3.85371  5.37096e+09  4.14271e+09  4.14270e+09  1.76309e+06  1.76301e+06  7.61904e+06
  300.00  3.87976  3.11791e+09  3.08979e+09  3.08981e+09  4.25978e+06  4.25977e+06  1.16606e+07
  300.00  3.90581  8.11894e+07  1.79844e+08  1.79840e+08  4.28682e+04  4.28684e+04  3.23396e+05
  300.00  3.93186  1.92665e+10  2.11432e+10  2.11432e+10 -9.52590e+06 -9.52574e+06 -9.89335e+07
  300.00  3.95792  1.31563e+06  8.85295e+07  8.85305e+07 -5.42770e+04 -5.42762e+04 -9.60292e+05
  300.00  3.98397  7.25137e+10  7.19887e+10  7.19886e+10  1.34152e+07  1.34131e+07  1.15023e+08
  300.00  4.01002  3.26912e+10  3.67260e+10  3.67260e+10  4.34931e+07  4.34922e+07 -2.92522e+07
  300.00  4.03607  2.14633e+10  1.79456e+10  1.79456e+10  4.11691e+07  4.11693e+07 -4.08913e+07
  300.00  4.06212  9.81354e+10  9.52251e+10  9.52251e+10  3.60638e+08  3.60640e+08  1.71593e+08
  300.00  4.08818  4.27329e+09  4.61490e+09  4.61489e+09  1.50552e+07  1.50552e+07  1.01936e+07
  300.00  4.11423  4.09987e+10  3.92014e+10  3.92015e+10  4.99446e+07  4.99444e+07 -1.08219e+08
  300.00  4.14028  1.03929e+09  6.87088e+08  6.87092e+08 -2.31927e+06 -2.31929e+06 -6.08994e+06
  300.00  4.16633  7.24987e+10  7.77927e+10  7.77927e+10 -1.19839e+08 -1.19841e+08 -4.17439e+08
  300.00  4.19238  2.38163e+10  2.63371e+10  2.63370e+10  3.12796e+07  3.12787e+07  1.84684e+08
  300.00  4.21844  4.42809e+10  4.51633e+10  4.51633e+10  1.13766e+08  1.13766e+08  4.20481e+08
  300.00  4.24449  1.08898e+11  1.15424e+11  1.15423e+11  3.75112e+08  3.75114e+08  8.52430e+08
  300.00  4.27054  4.72038e+08  9.94443e+08  9.94435e+08  2.43892e+06  2.43894e+06 -1.12226e+06
  300.00  4.29659  2.73274e+11  2.65439e+11  2.65439e+11  4.39528e+08  4.39527e+08 -2.87069e+09
  300.00  4.32265  2.83649e+11  2.80522e+11  2.80522e+11  5.34115e+08  5.34106e+08 -3.33882e+09
  300.00  4.34870  3.18100e+10  3.08019e+10  3.08019e+10  4.21082e+06  4.20940e+06  7.79271e+07
  300.00  4.37475  4.68781e+11  4.57279e+11  4.57279e+11 -9.70940e+08 -9.70945e+08  5.72980e+09
  300.00  4.40080  2.11570e+11  2.01579e+11  2.01579e+11 -1.34518e+08 -1.34514e+08  2.01694e+09
  300.00  4.42685  7.20787e+10  7.62151e+10  7.62150e+10  1.31439e+08  1.31441e+08  9.18684e+07
  300.00  4.45291  8.53472e+11  8.62076e+11  8.62076e+11  2.82100e+09  2.82099e+09 -7.71291e+09
  300.00  4.47896  6.09982e+11  6.11330e+11  6.11331e+11  2.93881e+09  2.93879e+09 -6.23650e+09
  300.00  4.50501  2.11150e+10  2.39060e+10  2.39059e+10  9.99481e+07  9.99463e+07  6.82430e+07
  300.00  4.53106  6.00615e+11  6.23521e+11  6.23521e+11 -2.07936e+09 -2.07938e+09  9.50942e+09
  300.00  4.55711  5.31643e+11  5.39053e+11  5.39053e+11 -3.93540e+09 -3.93539e+09  5.82011e+09
  300.00  4.58317  9.17318e+09  8.29848e+09  8.29848e+09 -9.36709e+06 -9.36696e+06  4.45005e+07
  300.00  4.60922  5.49069e+11  5.62409e+11  5.62409e+11  2.97189e+09  2.97190e+09 -2.27463e+09
  300.00  4.63527  7.83449e+11  8.04456e+11  8.04456e+11  6.56594e+09  6.56594e+09 -5.53272e+09
  300.00  4.66132  3.95829e+10  4.33728e+10  4.33727e+10  2.13131e+08  2.13131e+08 -1.39641e+07
  300.00  4.68737  2.47617e+11  2.52283e+11  2.52283e+11  3.34344e+08  3.34344e+08  1.70649e+09
  300.00  4.71343  5.97433e+11  6.15061e+11  6.15061e+11 -2.55152e+09 -2.55153e+09  6.24412e+09
  300.00  4.73948  3.52622e+11  3.61492e+11  3.61492e+11 -2.54867e+09 -2.54868e+09  2.44601e+09
  300.00  4.76553  3.94851e+10  3.82184e+10  3.82184e+10 -1.77135e+08 -1.77135e+08  4.45385e+07
  300.00  4.79158  1.48069e+12  1.48309e+12  1.48309e+12  4.46728e+09  4.46728e+09 -1.93563e+09
  300.00  4.81764  2.17275e+12  2.19928e+12  2.19928e+12  1.59642e+10  1.59642e+10 -1.46942e+07
  300.00  4.84369  2.39493e+11  2.52231e+11  2.52231e+11  1.76570e+09  1.76570e+09  2.19073e+09
  300.00  4.86974  6.80346e+11  6.77352e+11  6.77352e+11  2.01993e+09  2.01992e+09  8.72249e+09
  300.00  4.89579  1.76466e+12  1.77757e+12  1.77757e+12 -4.42157e+09 -4.42158e+09  1.16468e+10
  300.00  4.92184  9.26978e+11  9.34429e+11  9.34429e+11 -5.50283e+09 -5.50284e+09 -9.72804e+08
  300.00  4.94790  5.03625e+09  4.78575e+09  4.78575e+09 -8.40684e+06 -8.40683e+06 -2.49520e+06
  300.00  4.97395  3.87902e+11  3.98480e+11  3.98480e+11  1.53778e+09  1.53779e+09  2.47571e+09
  300.00  5.00000  3.34521e+11  3.41044e+11  3.41044e+11  2.95456e+09  2.95456e+09  3.68210e+09
