  300.00 -8.00000 -4.03669e-02 -4.36786e-02 -4.36786e-02  1.06227e-02  1.06228e-02  1.39291e-02
  300.00 -7.97395 -4.01833e-02 -4.34800e-02 -4.34801e-02  1.05744e-02  1.05744e-02  1.38657e-02
  300.00 -7.94790 -3.99998e-02 -4.32815e-02 -4.32815e-02  1.05260e-02  1.05260e-02  1.38023e-02
  300.00 -7.92184 -3.98162e-02 -4.30829e-02 -4.30829e-02  1.04777e-02  1.04777e-02  1.37389e-02
  300.00 -7.89579 -3.96327e-02 -4.28843e-02 -4.28843e-02  1.04293e-02  1.04293e-02  1.36755e-02
  300.00 -7.86974 -3.94491e-02 -4.26858e-02 -4.26858e-02  1.03810e-02  1.03810e-02  1.36122e-02
  300.00 -7.84369 -3.92656e-02 -4.24872e-02 -4.24872e-02  1.03326e-02  1.03326e-02  1.35488e-02
  300.00 -7.81764 -3.90820e-02 -4.22886e-02 -4.22886e-02  1.02843e-02  1.02843e-02  1.34854e-02
  300.00 -7.79158 -3.88985e-02 -4.20900e-02 -4.20900e-02  1.02359e-02  1.02359e-02  1.34220e-02
  300.00 -7.76553 -3.87150e-02 -4.18915e-02 -4.18915e-02  1.01876e-02  1.01876e-02  1.33586e-02
  300.00 -7.73948 -3.85314e-02 -4.16929e-02 -4.16929e-02  1.01392e-02  1.01392e-02  1.32953e-02
  300.00 -7.71343 -3.83479e-02 -4.14943e-02 -4.14943e-02  1.00909e-02  1.00909e-02  1.32319e-02
  300.00 -7.68737 -3.81643e-02 -4.12958e-02 -4.12958e-02  1.00425e-02  1.00425e-02  1.31685e-02
  300.00 -7.66132 -3.79808e-02 -4.10972e-02 -4.10972e-02  9.99415e-03  9.99416e-03  1.31051e-02
  300.00 -7.63527 -3.77972e-02 -4.08986e-02 -4.08986e-02  9.94580e-03  9.94580e-03  1.30418e-02
  300.00 -7.60922 -3.76137e-02 -4.07000e-02 -4.07000e-02  9.89744e-03  9.89745e-03  1.29784e-02
  300.00 -7.58317 -3.74301e-02 -4.05015e-02 -4.05015e-02  9.84909e-03  9.84910e-03  1.29150e-02
  300.00 -7.55711 -3.72466e-02 -4.03029e-02 -4.03029e-02  9.80074e-03  9.80074e-03  1.28516e-02
  300.00 -7.53106 -3.70630e-02 -4.01043e-02 -4.01043e-02  9.75238e-03  9.75239e-03  1.27882e-02
  300.00 -7.50501 -3.68795e-02 -3.99057e-02 -3.99058e-02  9.70403e-03  9.70404e-03  1.27249e-02
  300.00 -7.47896 -3.66959e-02 -3.97072e-02 -3.97072e-02  9.65568e-03  9.65568e-03  1.26615e-02
  300.00 -7.45291 -3.65124e-02 -3.95086e-02 -3.95086e-02  9.60732e-03  9.60733e-03  1.25981e-02
  300.00 -7.42685 -3.63288e-02 -3.93100e-02 -3.93100e-02  9.55897e-03  9.55897e-03  1.25347e-02
  300.00 -7.40080 -3.61453e-02 -3.91115e-02 -3.91115e-02  9.51061e-03  9.51062e-03  1.24714e-02
  300.00 -7.37475 -3.59617e-02 -3.89129e-02 -3.89129e-02  9.46226e-03  9.46227e-03  1.24080e-02
  300.00 -7.34870 -3.57782e-02 -3.87143e-02 -3.87143e-02  9.41391e-03  9.41391e-03  1.23446e-02
  300.00 -7.32265 -3.55946e-02 -3.85157e-02 -3.85158e-02  9.36555e-03  9.36556e-03  1.22812e-02
  300.00 -7.29659 -3.54111e-02 -3.83172e-02 -3.83172e-02  9.31720e-03  9.31721e-03  1.22178e-02
  300.00 -7.27054 -3.52276e-02 -3.81186e-02 -3.81186e-02  9.26885e-03  9.26885e-03  1.21545e-02
  300.00 -7.24449 -3.50440e-02 -3.79200e-02 -3.79200e-02  9.22049e-03  9.22050e-03  1.20911e-02
  300.00 -7.21844 -3.48605e-02 -3.77215e-02 -3.77215e-02  9.17214e-03  9.17215e-03  1.20277e-02
  300.00 -7.19238 -3.46769e-02 -3.75229e-02 -3.75229e-02  9.12379e-03  9.12379e-03  1.19643e-02
  300.00 -7.16633 -3.44934e-02 -3.73243e-02 -3.73243e-02  9.07543e-03  9.07544e-03  1.19009e-02
  300.00 -7.14028 -3.43098e-02 -3.71257e-02 -3.71257e-02  9.02708e-03  9.02709e-03  1.18376e-02
  300.00 -7.11423 -3.41263e-02 -3.69272e-02 -3.69272e-02  8.97873e-03  8.97873e-03  1.17742e-02
  300.00 -7.08818 -3.39427e-02 -3.67286e-02 -3.67286e-02  8.93037e-03  8.93038e-03  1.17108e-02
  300.00 -7.06212 -3.37592e-02 -3.65300e-02 -3.65300e-02  8.88202e-03  8.88202e-03  1.16474e-02
  300.00 -7.03607 -3.35756e-02 -3.63315e-02 -3.63315e-02  8.83366e-03  8.83367e-03  1.15841e-02
  300.00 -7.01002 -3.33921e-02 -3.61329e-02 -3.61329e-02  8.78531e-03  8.78532e-03  1.15207e-02
  300.00 -6.98397 -3.32085e-02 -3.59343e-02 -3.59343e-02  8.73696e-03  8.73696e-03  1.14573e-02
  300.00 -6.95792 -3.30250e-02 -3.57357e-02 -3.57357e-02  8.68860e-03  8.68861e-03  1.13939e-02
  300.00 -6.93186 -3.28414e-02 -3.55372e-02 -3.55372e-02  8.64025e-03  8.64026e-03  1.13305e-02
  300.00 -6.90581 -3.26579e-02 -3.53386e-02 -3.53386e-02  8.59190e-03  8.59190e-03  1.12672e-02
  300.00 -6.87976 -3.24743e-02 -3.51400e-02 -3.51400e-02  8.54354e-03  8.54355e-03  1.12038e-02
  300.00 -6.85371 -3.22908e-02 -3.49414e-02 -3.49415e-02  8.49519e-03  8.49520e-03  1.11404e-02
  300.00 -6.82766 -3.21072e-02 -3.47429e-02 -3.47429e-02  8.44684e-03  8.44684e-03  1.10770e-02
  300.00 -6.80160 -3.19237e-02 -3.45443e-02 -3.45443e-02  8.39848e-03  8.39849e-03  1.10137e-02
  300.00 -6.77555 -3.17401e-02 -3.43457e-02 -3.43457e-02  8.35013e-03  8.35013e-03  1.09503e-02
  300.00 -6.74950 -3.15566e-02 -3.41472e-02 -3.41472e-02  8.30178e-03  8.30178e-03  1.08869e-02
  300.00 -6.72345 -3.13731e-02 -3.39486e-02 -3.39486e-02  8.25342e-03  8.25343e-03  1.08235e-02
  300.00 -6.69739 -3.11895e-02 -3.37500e-02 -3.37500e-02  8.20507e-03  8.20507e-03  1.07601e-02
  300.00 -6.67134 -3.10060e-02 -3.35514e-02 -3.35514e-02  8.15671e-03  8.15672e-03  1.06968e-02
  300.00 -6.64529 -3.08224e-02 -3.33529e-02 -3.33529e-02  8.10836e-03  8.10837e-03  1.06334e-02
  300.00 -6.61924 -3.06389e-02 -3.31543e-02 -3.31543e-02  8.06001e-03  8.06001e-03  1.05700e-02
  300.00 -6.59319 -3.04553e-02 -3.29557e-02 -3.29557e-02  8.01165e-03  8.01166e-03  1.05066e-02
  300.00 -6.56713 -3.02718e-02 -3.27572e-02 -3.27572e-02  7.96330e-03  7.96331e-03  1.04433e-02
  300.00 -6.54108 -3.00882e-02 -3.25586e-02 -3.25586e-02  7.91495e-03  7.91495e-03  1.03799e-02
  300.00 -6.51503 -2.99047e-02 -3.23600e-02 -3.23600e-02  7.86659e-03  7.86660e-03  1.03165e-02
  300.00 -6.48898 -2.97211e-02 -3.21614e-02 -3.21614e-02  7.81824e-03  7.81825e-03  1.02531e-02
  300.00 -6.46293 -2.95376e-02 -3.19629e-02 -3.19629e-02  7.76989e-03  7.76989e-03  1.01897e-02
  300.00 -6.43687 -2.93540e-02 -3.17643e-02 -3.17643e-02  7.72153e-03  7.72154e-03  1.01264e-02
  300.00 -6.41082 -2.91705e-02 -3.15657e-02 -3.15657e-02  7.67318e-03  7.67318e-03  1.00630e-02
  300.00 -6.38477 -2.89869e-02 -3.13672e-02 -3.13672e-02  7.62483e-03  7.62483e-03  9.99960e-03
  300.00 -6.35872 -2.88034e-02 -3.11686e-02 -3.11686e-02  7.57647e-03  7.57648e-03  9.93623e-03
  300.00 -6.33267 -2.86198e-02 -3.09700e-02 -3.09700e-02  7.52812e-03  7.52812e-03  9.87285e-03
  300.00 -6.30661 -2.84363e-02 -3.07714e-02 -3.07714e-02  7.47976e-03  7.47977e-03  9.80947e-03
  300.00 -6.28056 -2.82527e-02 -3.05729e-02 -3.05729e-02  7.43141e-03  7.43142e-03  9.74609e-03
  300.00 -6.25451 -2.80692e-02 -3.03743e-02 -3.03743e-02  7.38306e-03  7.38306e-03  9.68271e-03
  300.00 -6.22846 -2.78856e-02 -3.01757e-02 -3.01757e-02  7.33470e-03  7.33471e-03  9.61934e-03
  300.00 -6.20240 -2.77021e-02 -2.99771e-02 -2.99772e-02  7.28635e-03  7.28636e-03  9.55596e-03
  300.00 -6.17635 -2.75186e-02 -2.97786e-02 -2.97786e-02  7.23800e-03  7.23800e-03  9.49258e-03
  300.00 -6.15030 -2.73350e-02 -2.95800e-02 -2.95800e-02  7.18964e-03  7.18965e-03  9.42920e-03
  300.00 -6.12425 -2.71515e-02 -2.93814e-02 -2.93814e-02  7.14129e-03  7.14129e-03  9.36582e-03
  300.00 -6.09820 -2.69679e-02 -2.91829e-02 -2.91829e-02  7.09294e-03  7.09294e-03  9.30244e-03
  300.00 -6.07214 -2.67844e-02 -2.89843e-02 -2.89843e-02  7.04458e-03  7.04459e-03  9.23907e-03
  300.00 -6.04609 -2.66008e-02 -2.87857e-02 -2.87857e-02  6.99623e-03  6.99623e-03  9.17569e-03
  300.00 -6.02004 -2.64173e-02 -2.85871e-02 -2.85871e-02  6.94788e-03  6.94788e-03  9.11231e-03
  300.00 -5.99399 -2.62337e-02 -2.83886e-02 -2.83886e-02  6.89952e-03  6.89953e-03  9.04893e-03
  300.00 -5.96794 -2.60502e-02 -2.81900e-02 -2.81900e-02  6.85117e-03  6.85117e-03  8.98555e-03
  300.00 -5.94188 -2.58666e-02 -2.79914e-02 -2.79914e-02  6.80281e-03  6.80282e-03  8.92218e-03
  300.00 -5.91583 -2.56831e-02 -2.77929e-02 -2.77929e-02  6.75446e-03  6.75447e-03  8.85880e-03
  300.00 -5.88978 -2.54995e-02 -2.75943e-02 -2.75943e-02  6.70611e-03  6.70611e-03  8.79542e-03
  300.00 -5.86373 -2.53160e-02 -2.73957e-02 -2.73957e-02  6.65775e-03  6.65776e-03  8.73204e-03
  300.00 -5.83768 -2.51324e-02 -2.71971e-02 -2.71971e-02  6.60940e-03  6.60941e-03  8.66866e-03
  300.00 -5.81162 -2.49489e-02 -2.69986e-02 -2.69986e-02  6.56105e-03  6.56105e-03  8.60528e-03
  300.00 -5.78557 -2.47653e-02 -2.68000e-02 -2.68000e-02  6.51269e-03  6.51270e-03  8.54191e-03
  300.00 -5.75952 -2.45818e-02 -2.66014e-02 -2.66014e-02  6.46434e-03  6.46434e-03  8.47853e-03
  300.00 -5.73347 -2.43982e-02 -2.64028e-02 -2.64029e-02  6.41599e-03  6.41599e-03  8.41515e-03
  300.00 -5.70741 -2.42147e-02 -2.62043e-02 -2.62043e-02  6.36763e-03  6.36764e-03  8.35177e-03
  300.00 -5.68136 -2.40312e-02 -2.60057e-02 -2.60057e-02  6.31928e-03  6.31928e-03  8.28839e-03
  300.00 -5.65531 -2.38476e-02 -2.58071e-02 -2.58071e-02  6.27093e-03  6.27093e-03  8.22502e-03
  300.00 -5.62926 -2.36641e-02 -2.56086e-02 -2.56086e-02  6.22257e-03  6.22258e-03  8.16164e-03
  300.00 -5.60321 -2.34805e-02 -2.54100e-02 -2.54100e-02  6.17422e-03  6.17422e-03  8.09826e-03
  300.00 -5.57715 -2.32970e-02 -2.52114e-02 -2.52114e-02  6.12586e-03  6.12587e-03  8.03488e-03
  300.00 -5.55110 -2.31134e-02 -2.50128e-02 -2.50128e-02  6.07751e-03  6.07752e-03  7.97150e-03
  300.00 -5.52505 -2.29299e-02 -2.48143e-02 -2.48143e-02  6.02916e-03  6.02916e-03  7.90812e-03
  300.00 -5.49900 -2.27463e-02 -2.46157e-02 -2.46157e-02  5.98080e-03  5.98081e-03  7.84475e-03
  300.00 -5.47295 -2.25628e-02 -2.44171e-02 -2.44171e-02  5.93245e-03  5.93245e-03  7.78137e-03
  300.00 -5.44689 -2.23792e-02 -2.42186e-02 -2.42186e-02  5.88410e-03  5.88410e-03  7.71799e-03
  300.00 -5.42084 -2.21957e-02 -2.40200e-02 -2.40200e-02  5.83574e-03  5.83575e-03  7.65461e-03
  300.00 -5.39479 -2.20121e-02 -2.38214e-02 -2.38214e-02  5.78739e-03  5.78739e-03  7.59123e-03
  300.00 -5.36874 -2.18286e-02 -2.36228e-02 -2.36228e-02  5.73904e-03  5.73904e-03  7.52786e-03
  300.00 -5.34269 -2.16450e-02 -2.34243e-02 -2.34243e-02  5.69068e-03  5.69069e-03  7.46448e-03
  300.00 -5.31663 -2.14615e-02 -2.32257e-02 -2.32257e-02  5.64233e-03  5.64233e-03  7.40110e-03
  300.00 -5.29058 -2.12779e-02 -2.30271e-02 -2.30271e-02  5.59398e-03  5.59398e-03  7.33772e-03
  300.00 -5.26453 -2.10944e-02 -2.28286e-02 -2.28286e-02  5.54562e-03  5.54563e-03  7.27434e-03
  300.00 -5.23848 -2.09108e-02 -2.26300e-02 -2.26300e-02  5.49727e-03  5.49727e-03  7.21097e-03
  300.00 -5.21242 -2.07273e-02 -2.24314e-02 -2.24314e-02  5.44891e-03  5.44892e-03  7.14759e-03
  300.00 -5.18637 -2.05437e-02 -2.22328e-02 -2.22328e-02  5.40056e-03  5.40057e-03  7.08421e-03
  300.00 -5.16032 -2.03602e-02 -2.20343e-02 -2.20343e-02  5.35221e-03  5.35221e-03  7.02083e-03
  300.00 -5.13427 -2.01767e-02 -2.18357e-02 -2.18357e-02  5.30385e-03  5.30386e-03  6.95745e-03
  300.00 -5.10822 -1.99931e-02 -2.16371e-02 -2.16371e-02  5.25550e-03  5.25550e-03  6.89407e-03
  300.00 -5.08216 -1.98096e-02 -2.14385e-02 -2.14385e-02  5.20715e-03  5.20715e-03  6.83070e-03
  300.00 -5.05611 -1.96260e-02 -2.12400e-02 -2.12400e-02  5.15879e-03  5.15880e-03  6.76732e-03
  300.00 -5.03006 -1.94425e-02 -2.10414e-02 -2.10414e-02  5.11044e-03  5.11044e-03  6.70394e-03
  300.00 -5.00401 -1.92589e-02 -2.08428e-02 -2.08428e-02  5.06209e-03  5.06209e-03  6.64056e-03
  300.00 -4.97796 -1.90754e-02 -2.06443e-02 -2.06443e-02  5.01373e-03  5.01374e-03  6.57718e-03
  300.00 -4.95190 -1.88918e-02 -2.04457e-02 -2.04457e-02  4.96538e-03  4.96538e-03  6.51381e-03
  300.00 -4.92585 -1.87083e-02 -2.02471e-02 -2.02471e-02  4.91703e-03  4.91703e-03  6.45043e-03
  300.00 -4.89980 -1.85247e-02 -2.00485e-02 -2.00485e-02  4.86867e-03  4.86868e-03  6.38705e-03
  300.00 -4.87375 -1.83412e-02 -1.98500e-02 -1.98500e-02  4.82032e-03  4.82032e-03  6.32367e-03
  300.00 -4.84770 -1.81576e-02 -1.96514e-02 -1.96514e-02  4.77196e-03  4.77197e-03  6.26029e-03
  300.00 -4.82164 -1.79741e-02 -1.94528e-02 -1.94528e-02  4.72361e-03  4.72361e-03  6.19691e-03
  300.00 -4.79559 -1.77905e-02 -1.92543e-02 -1.92543e-02  4.67526e-03  4.67526e-03  6.13354e-03
  300.00 -4.76954 -1.76070e-02 -1.90557e-02 -1.90557e-02  4.62690e-03  4.62691e-03  6.07016e-03
  300.00 -4.74349 -1.74234e-02 -1.88571e-02 -1.88571e-02  4.57855e-03  4.57855e-03  6.00678e-03
  300.00 -4.71743 -1.72399e-02 -1.86585e-02 -1.86585e-02  4.53020e-03  4.53020e-03  5.94340e-03
  300.00 -4.69138 -1.70563e-02 -1.84600e-02 -1.84600e-02  4.48184e-03  4.48185e-03  5.88002e-03
  300.00 -4.66533 -1.68728e-02 -1.82614e-02 -1.82614e-02  4.43349e-03  4.43349e-03  5.81665e-03
  300.00 -4.63928 -1.66893e-02 -1.80628e-02 -1.80628e-02  4.38514e-03  4.38514e-03  5.75327e-03
  300.00 -4.61323 -1.65057e-02 -1.78642e-02 -1.78643e-02  4.33678e-03  4.33679e-03  5.68989e-03
  300.00 -4.58717 -1.63222e-02 -1.76657e-02 -1.76657e-02  4.28843e-03  4.28843e-03  5.62651e-03
  300.00 -4.56112 -1.61386e-02 -1.74671e-02 -1.74671e-02  4.24008e-03  4.24008e-03  5.56313e-03
  300.00 -4.53507 -1.59551e-02 -1.72685e-02 -1.72685e-02  4.19172e-03  4.19173e-03  5.49975e-03
  300.00 -4.50902 -1.57715e-02 -1.70700e-02 -1.70700e-02  4.14337e-03  4.14337e-03  5.43638e-03
  300.00 -4.48297 -1.55880e-02 -1.68714e-02 -1.68714e-02  4.09501e-03  4.09502e-03  5.37300e-03
  300.00 -4.45691 -1.54044e-02 -1.66728e-02 -1.66728e-02  4.04666e-03  4.04666e-03  5.30962e-03
  300.00 -4.43086 -1.52209e-02 -1.64742e-02 -1.64742e-02  3.99831e-03  3.99831e-03  5.24624e-03
  300.00 -4.40481 -1.50373e-02 -1.62757e-02 -1.62757e-02  3.94995e-03  3.94996e-03  5.18286e-03
  300.00 -4.37876 -1.48538e-02 -1.60771e-02 -1.60771e-02  3.90160e-03  3.90160e-03  5.11949e-03
  300.00 -4.35271 -1.46702e-02 -1.58785e-02 -1.58785e-02  3.85325e-03  3.85325e-03  5.05611e-03
  300.00 -4.32665 -1.44867e-02 -1.56800e-02 -1.56800e-02  3.80489e-03  3.80490e-03  4.99273e-03
  300.00 -4.30060 -1.43031e-02 -1.54814e-02 -1.54814e-02  3.75654e-03  3.75654e-03  4.92935e-03
  300.00 -4.27455 -1.41196e-02 -1.52828e-02 -1.52828e-02  3.70819e-03  3.70819e-03  4.86597e-03
  300.00 -4.24850 -1.39360e-02 -1.50842e-02 -1.50842e-02  3.65983e-03  3.65984e-03  4.80259e-03
  300.00 -4.22244 -1.37525e-02 -1.48857e-02 -1.48857e-02  3.61148e-03  3.61148e-03  4.73922e-03
  300.00 -4.19639 -1.35689e-02 -1.46871e-02 -1.46871e-02  3.56313e-03  3.56313e-03  4.67584e-03
  300.00 -4.17034 -1.33854e-02 -1.44885e-02 -1.44885e-02  3.51477e-03  3.51477e-03  4.61246e-03
  300.00 -4.14429 -1.32018e-02 -1.42900e-02 -1.42900e-02  3.46642e-03  3.46642e-03  4.54908e-03
  300.00 -4.11824 -1.30183e-02 -1.40914e-02 -1.40914e-02  3.41806e-03  3.41807e-03  4.48570e-03
  300.00 -4.09218 -1.28348e-02 -1.38928e-02 -1.38928e-02  3.36971e-03  3.36971e-03  4.42233e-03
  300.00 -4.06613 -1.26512e-02 -1.36942e-02 -1.36942e-02  3.32136e-03  3.32136e-03  4.35895e-03
  300.00 -4.04008 -1.24677e-02 -1.34957e-02 -1.34957e-02  3.27300e-03  3.27301e-03  4.29557e-03
  300.00 -4.01403 -1.22841e-02 -1.32971e-02 -1.32971e-02  3.22465e-03  3.22465e-03  4.23219e-03
  300.00 -3.98798 -1.21006e-02 -1.30985e-02 -1.30985e-02  3.17630e-03  3.17630e-03  4.16881e-03
  300.00 -3.96192 -1.19170e-02 -1.28999e-02 -1.28999e-02  3.12794e-03  3.12795e-03  4.10544e-03
  300.00 -3.93587 -1.17335e-02 -1.27014e-02 -1.27014e-02  3.07959e-03  3.07959e-03  4.04206e-03
  300.00 -3.90982 -1.15499e-02 -1.25028e-02 -1.25028e-02  3.03124e-03  3.03124e-03  3.97868e-03
  300.00 -3.88377 -1.13664e-02 -1.23042e-02 -1.23042e-02  2.98288e-03  2.98288e-03  3.91530e-03
  300.00 -3.85772 -1.11828e-02 -1.21057e-02 -1.21057e-02  2.93453e-03  2.93453e-03  3.85192e-03
  300.00 -3.83166 -1.09993e-02 -1.19071e-02 -1.19071e-02  2.88618e-03  2.88618e-03  3.78854e-03
  300.00 -3.80561 -1.08157e-02 -1.17085e-02 -1.17085e-02  2.83782e-03  2.83782e-03  3.72517e-03
  300.00 -3.77956 -1.06322e-02 -1.15099e-02 -1.15099e-02  2.78947e-03  2.78947e-03  3.66179e-03
  300.00 -3.75351 -1.04486e-02 -1.13114e-02 -1.13114e-02  2.74112e-03  2.74112e-03  3.59841e-03
  300.00 -3.72745 -1.02651e-02 -1.11128e-02 -1.11128e-02  2.69276e-03  2.69276e-03  3.53503e-03
  300.00 -3.70140 -1.00815e-02 -1.09142e-02 -1.09142e-02  2.64441e-03  2.64441e-03  3.47165e-03
  300.00 -3.67535 -9.89799e-03 -1.07157e-02 -1.07157e-02  2.59605e-03  2.59606e-03  3.40828e-03
  300.00 -3.64930 -9.71445e-03 -1.05171e-02 -1.05171e-02  2.54770e-03  2.54770e-03  3.34490e-03
  300.00 -3.62325 -9.53090e-03 -1.03185e-02 -1.03185e-02  2.49935e-03  2.49935e-03  3.28152e-03
  300.00 -3.59719 -9.34735e-03 -1.01199e-02 -1.01199e-02  2.45099e-03  2.45100e-03  3.21814e-03
  300.00 -3.57114 -9.16380e-03 -9.92137e-03 -9.92137e-03  2.40264e-03  2.40264e-03  3.15476e-03
  300.00 -3.54509 -8.98026e-03 -9.72279e-03 -9.72280e-03  2.35429e-03  2.35429e-03  3.09138e-03
  300.00 -3.51904 -8.79671e-03 -9.52422e-03 -9.52422e-03  2.30593e-03  2.30593e-03  3.02801e-03
  300.00 -3.49299 -8.61316e-03 -9.32565e-03 -9.32565e-03  2.25758e-03  2.25758e-03  2.96463e-03
  300.00 -3.46693 -8.42961e-03 -9.12708e-03 -9.12708e-03  2.20923e-03  2.20923e-03  2.90125e-03
  300.00 -3.44088 -8.24607e-03 -8.92851e-03 -8.92851e-03  2.16087e-03  2.16087e-03  2.83787e-03
  300.00 -3.41483 -8.06252e-03 -8.72993e-03 -8.72993e-03  2.11252e-03  2.11252e-03  2.77449e-03
  300.00 -3.38878 -7.87897e-03 -8.53136e-03 -8.53136e-03  2.06417e-03  2.06417e-03  2.71112e-03
  300.00 -3.36273 -7.69542e-03 -8.33279e-03 -8.33279e-03  2.01581e-03  2.01581e-03  2.64774e-03
  300.00 -3.33667 -7.51188e-03 -8.13422e-03 -8.13422e-03  1.96746e-03  1.96746e-03  2.58436e-03
  300.00 -3.31062 -7.32833e-03 -7.93565e-03 -7.93565e-03  1.91910e-03  1.91911e-03  2.52098e-03
  300.00 -3.28457 -7.14478e-03 -7.73707e-03 -7.73707e-03  1.87075e-03  1.87075e-03  2.45760e-03
  300.00 -3.25852 -6.96123e-03 -7.53850e-03 -7.53850e-03  1.82240e-03  1.82240e-03  2.39422e-03
  300.00 -3.23246 -6.77769e-03 -7.33993e-03 -7.33993e-03  1.77404e-03  1.77404e-03  2.33085e-03
  300.00 -3.20641 -6.59414e-03 -7.14136e-03 -7.14136e-03  1.72569e-03  1.72569e-03  2.26747e-03
  300.00 -3.18036 -6.41059e-03 -6.94278e-03 -6.94279e-03  1.67734e-03  1.67734e-03  2.20409e-03
  300.00 -3.15431 -6.22704e-03 -6.74421e-03 -6.74421e-03  1.62898e-03  1.62898e-03  2.14071e-03
  300.00 -3.12826 -6.04350e-03 -6.54564e-03 -6.54564e-03  1.58063e-03  1.58063e-03  2.07733e-03
  300.00 -3.10220 -5.85995e-03 -6.34707e-03 -6.34707e-03  1.53228e-03  1.53228e-03  2.01396e-03
  300.00 -3.07615 -5.67640e-03 -6.14850e-03 -6.14850e-03  1.48392e-03  1.48392e-03  1.95058e-03
  300.00 -3.05010 -5.49285e-03 -5.94992e-03 -5.94993e-03  1.43557e-03  1.43557e-03  1.88720e-03
  300.00 -3.02405 -5.30931e-03 -5.75135e-03 -5.75135e-03  1.38722e-03  1.38722e-03  1.82382e-03
  300.00 -2.99800 -5.12576e-03 -5.55278e-03 -5.55278e-03  1.33886e-03  1.33886e-03  1.76044e-03
  300.00 -2.97194 -4.94221e-03 -5.35421e-03 -5.35421e-03  1.29051e-03  1.29051e-03  1.69707e-03
  300.00 -2.94589 -4.75866e-03 -5.15564e-03 -5.15564e-03  1.24215e-03  1.24216e-03  1.63369e-03
  300.00 -2.91984 -4.57511e-03 -4.95706e-03 -4.95706e-03  1.19380e-03  1.19380e-03  1.57031e-03
  300.00 -2.89379 -4.39157e-03 -4.75849e-03 -4.75849e-03  1.14545e-03  1.14545e-03  1.50693e-03
  300.00 -2.86774 -4.20802e-03 -4.55992e-03 -4.55992e-03  1.09709e-03  1.09709e-03  1.44355e-03
  300.00 -2.84168 -4.02447e-03 -4.36135e-03 -4.36135e-03  1.04874e-03  1.04874e-03  1.38017e-03
  300.00 -2.81563 -3.84092e-03 -4.16278e-03 -4.16278e-03  1.00039e-03  1.00039e-03  1.31680e-03
  300.00 -2.78958 -3.65738e-03 -3.96420e-03 -3.96420e-03  9.52033e-04  9.52034e-04  1.25342e-03
  300.00 -2.76353 -3.47383e-03 -3.76563e-03 -3.76563e-03  9.03679e-04  9.03680e-04  1.19004e-03
  300.00 -2.73747 -3.29028e-03 -3.56706e-03 -3.56706e-03  8.55326e-04  8.55327e-04  1.12666e-03
  300.00 -2.71142 -3.10673e-03 -3.36849e-03 -3.36849e-03  8.06972e-04  8.06973e-04  1.06328e-03
  300.00 -2.68537 -2.92319e-03 -3.16992e-03 -3.16992e-03  7.58619e-04  7.58619e-04  9.99905e-04
  300.00 -2.65932 -2.73964e-03 -2.97134e-03 -2.97134e-03  7.10265e-04  7.10265e-04  9.36527e-04
  300.00 -2.63327 -2.55609e-03 -2.77277e-03 -2.77277e-03  6.61911e-04  6.61911e-04  8.73149e-04
  300.00 -2.60721 -2.37254e-03 -2.57420e-03 -2.57420e-03  6.13556e-04  6.13556e-04  8.09770e-04
  300.00 -2.58116 -2.18899e-03 -2.37562e-03 -2.37562e-03  5.65199e-04  5.65199e-04  7.46391e-04
  300.00 -2.55511 -2.00543e-03 -2.17704e-03 -2.17704e-03  5.16837e-04  5.16837e-04  6.83010e-04
  300.00 -2.52906 -1.82185e-03 -1.97845e-03 -1.97845e-03  4.68464e-04  4.68464e-04  6.19625e-04
  300.00 -2.50301 -1.63823e-03 -1.77984e-03 -1.77984e-03  4.20063e-04  4.20064e-04  5.56233e-04
  300.00 -2.47695 -1.45454e-03 -1.58119e-03 -1.58119e-03  3.71601e-04  3.71602e-04  4.92826e-04
  300.00 -2.45090 -1.27070e-03 -1.38248e-03 -1.38248e-03  3.23007e-04  3.23007e-04  4.29394e-04
  300.00 -2.42485 -1.08665e-03 -1.18377e-03 -1.18377e-03  2.74150e-04  2.74150e-04  3.65943e-04
  300.00 -2.39880 -9.02623e-04 -9.85440e-04 -9.85440e-04  2.24863e-04  2.24863e-04  3.02558e-04
  300.00 -2.37275 -7.20177e-04 -7.89235e-04 -7.89235e-04  1.75212e-04  1.75212e-04  2.39667e-04
  300.00 -2.34669 -5.45611e-04 -6.01152e-04 -6.01152e-04  1.26639e-04  1.26639e-04  1.78765e-04
  300.00 -2.32064 -3.94857e-04 -4.35930e-04 -4.35930e-04  8.39150e-05  8.39151e-05  1.23570e-04
  300.00 -2.29459 -2.84213e-04 -3.10344e-04 -3.10344e-04  5.20241e-05  5.20241e-05  7.83652e-05
  300.00 -2.26854 -2.05962e-04 -2.19727e-04 -2.19727e-04  2.76196e-05  2.76196e-05  4.29314e-05
  300.00 -2.24248 -1.52450e-04 -1.57971e-04 -1.57971e-04  1.03142e-05  1.03142e-05  1.94967e-05
  300.00 -2.21643 -1.22588e-04 -1.22098e-04 -1.22098e-04  1.78974e-06  1.78974e-06  6.74799e-06
  300.00 -2.19038 -1.04634e-04 -9.78868e-05 -9.78868e-05 -1.29474e-06 -1.29474e-06 -3.03275e-07
  300.00 -2.16433 -9.10676e-05 -8.02603e-05 -8.02603e-05 -9.66779e-07 -9.66778e-07 -1.85052e-06
  300.00 -2.13828 -8.14691e-05 -7.06349e-05 -7.06349e-05 -4.05228e-07 -4.05228e-07 -9.04781e-07
  300.00 -2.11222 -7.44643e-05 -7.04357e-05 -7.04357e-05 -2.72978e-07 -2.72978e-07  7.39385e-08
  300.00 -2.08617 -6.48403e-05 -6.61389e-05 -6.61389e-05  2.23494e-08  2.23496e-08  5.89296e-07
  300.00 -2.06012 -5.07784e-05 -4.99525e-05 -4.99525e-05  3.17419e-07  3.17419e-07  6.60651e-07
  300.00 -2.03407 -3.84066e-05 -3.26345e-05 -3.26345e-05  3.76407e-07  3.76407e-07  1.46887e-07
  300.00 -2.00802 -3.40693e-05 -2.69141e-05 -2.69141e-05 -9.07773e-08 -9.07775e-08 -4.52937e-07
  300.00 -1.98196 -3.70400e-05 -3.31953e-05 -3.31953e-05 -2.98658e-07 -2.98658e-07 -3.90005e-07
  300.00 -1.95591 -3.37451e-05 -3.46974e-05 -3.46974e-05 -1.15136e-07 -1.15136e-07 -1.13641e-07
  300.00 -1.92986 -2.26717e-05 -2.48204e-05 -2.48204e-05 -7.66605e-09 -7.66606e-09 -1.62484e-08
  300.00 -1.90381 -1.01434e-05 -1.07322e-05 -1.07322e-05  3.07853e-08  3.07853e-08  1.10316e-08
  300.00 -1.87776 -6.31867e-06 -5.81672e-06 -5.81672e-06  9.03057e-09  9.03068e-09  9.83671e-09
  300.00 -1.85170 -2.17369e-05 -2.10686e-05 -2.10686e-05 -1.06880e-07 -1.06880e-07 -6.06072e-08
  300.00 -1.82565 -3.99175e-05 -3.79510e-05 -3.79510e-05  2.41830e-08  2.41828e-08 -8.92315e-08
  300.00 -1.79960 -3.06570e-05 -2.80415e-05 -2.80416e-05  4.50724e-08  4.50725e-08  4.76800e-08
  300.00 -1.77355 -9.65467e-06 -8.68148e-06 -8.68148e-06 -3.13236e-08 -3.13235e-08  2.76700e-08
  300.00 -1.74749 -5.85090e-07 -2.49963e-06 -2.49962e-06 -8.12022e-09 -8.12023e-09 -2.98252e-08
  300.00 -1.72144 -5.65646e-06 -9.63072e-06 -9.63071e-06 -2.92032e-10 -2.92030e-10 -1.92734e-08
  300.00 -1.69539 -1.43757e-05 -1.61337e-05 -1.61337e-05  2.30411e-09  2.30411e-09 -6.07712e-10
  300.00 -1.66934 -2.37022e-05 -2.14963e-05 -2.14963e-05  5.61143e-09  5.61140e-09  2.89817e-08
  300.00 -1.64329 -2.89413e-05 -2.59316e-05 -2.59316e-05  2.82092e-09  2.82089e-09 -2.44583e-08
  300.00 -1.61723 -1.93241e-05 -1.91164e-05 -1.91165e-05  3.55725e-09  3.55723e-09 -6.47309e-11
  300.00 -1.59118 -4.59661e-06 -5.81996e-06 -5.81995e-06  3.17970e-09  3.17970e-09  3.12705e-08
  300.00 -1.56513  2.21342e-06  1.25996e-06  1.25997e-06 -1.10854e-08 -1.10854e-08 -1.56466e-08
  300.00 -1.53908 -3.46860e-06 -3.87721e-06 -3.87722e-06 -4.80403e-09 -4.80403e-09 -2.17458e-08
  300.00 -1.51303 -1.21617e-05 -1.17495e-05 -1.17495e-05  6.20333e-10  6.20334e-10  1.03218e-08
  300.00 -1.48697 -1.68454e-05 -1.70770e-05 -1.70770e-05  1.67722e-09  1.67722e-09  8.95389e-09
  300.00 -1.46092 -2.08384e-05 -2.09072e-05 -2.09073e-05  2.97750e-09  2.97751e-09  1.02467e-08
  300.00 -1.43487 -1.86601e-05 -1.85476e-05 -1.85476e-05 -1.95024e-09 -1.95026e-09  2.90543e-09
  300.00 -1.40882 -1.08134e-05 -1.14748e-05 -1.14748e-05 -1.91576e-09 -1.91575e-09 -4.76966e-09
  300.00 -1.38277 -3.20897e-06 -3.90681e-06 -3.90681e-06  5.94738e-10  5.94745e-10 -3.56613e-09
  300.00 -1.35671  6.02595e-06  5.89553e-06  5.89553e-06  1.10840e-10  1.10821e-10 -3.50489e-09
  300.00 -1.33066  4.53314e-06  6.75398e-06  6.75398e-06  3.53028e-09  3.53031e-09 -2.24275e-09
  300.00 -1.30461 -1.50676e-05 -1.23691e-05 -1.23691e-05 -1.58164e-09 -1.58162e-09 -6.83060e-10
  300.00 -1.27856 -2.49085e-05 -2.56988e-05 -2.56988e-05  9.57215e-11  9.57277e-11 -1.27280e-09
  300.00 -1.25251 -1.82838e-05 -2.00911e-05 -2.00911e-05  9.53057e-10  9.53055e-10  5.29027e-11
  300.00 -1.22645 -9.29247e-06 -9.37251e-06 -9.37251e-06 -1.02697e-09 -1.02699e-09  2.05678e-09
  300.00 -1.20040 -3.20985e-06 -2.29709e-06 -2.29709e-06 -8.26112e-10 -8.26115e-10  7.73357e-09
  300.00 -1.17435  2.35368e-06  3.48705e-06  3.48705e-06 -3.08651e-11 -3.08653e-11  8.42650e-09
  300.00 -1.14830  6.63080e-06  6.78691e-06  6.78692e-06  8.69843e-10  8.69836e-10 -6.43829e-09
  300.00 -1.12224 -2.15692e-06 -3.29281e-06 -3.29281e-06  6.47993e-10  6.48009e-10 -9.95316e-09
  300.00 -1.09619 -2.03367e-05 -2.13135e-05 -2.13135e-05 -2.52053e-09 -2.52052e-09 -9.97452e-10
  300.00 -1.07014 -2.17417e-05 -2.21317e-05 -2.21317e-05  6.66854e-10  6.66835e-10  3.27505e-09
  300.00 -1.04409 -9.08324e-06 -8.10080e-06 -8.10080e-06  4.99988e-10  4.99985e-10  4.50692e-09
  300.00 -1.01804 -1.08608e-06  8.72074e-07  8.72080e-07  2.99734e-10  2.99738e-10  1.03831e-09
  300.00 -0.99198 -3.51147e-07  7.53978e-07  7.53985e-07 -1.58440e-10 -1.58428e-10  2.24027e-09
  300.00 -0.96593  1.38703e-06  1.14760e-06  1.14759e-06 -8.90970e-10 -8.90973e-10  1.24085e-09
  300.00 -0.93988  2.95084e-06  1.89895e-06  1.89894e-06  9.86593e-11  9.86584e-11 -9.91138e-09
  300.00 -0.91383 -2.80135e-06 -4.54843e-06 -4.54843e-06  2.27798e-10  2.27801e-10 -4.43787e-09
  300.00 -0.88778 -1.23898e-05 -1.36005e-05 -1.36005e-05  1.20819e-09  1.20817e-09 -1.48121e-11
  300.00 -0.86172 -1.28159e-05 -1.27324e-05 -1.27324e-05  2.15001e-09  2.14999e-09  2.69732e-09
  300.00 -0.83567 -7.05374e-06 -5.74667e-06 -5.74667e-06  9.19496e-10  9.19506e-10  3.13648e-09
  300.00 -0.80962 -1.80168e-06 -4.99334e-07 -4.99332e-07 -1.65773e-09 -1.65771e-09 -2.99122e-09
  300.00 -0.78357  4.17125e-06  4.68912e-06  4.68912e-06 -1.30043e-09 -1.30043e-09 -2.50759e-09
  300.00 -0.75752  9.92601e-06  9.80604e-06  9.80604e-06 -1.44873e-10 -1.44875e-10 -1.48036e-09
  300.00 -0.73146  7.91448e-06  6.66811e-06  6.66812e-06  1.26753e-09  1.26752e-09  5.56017e-10
  300.00 -0.70541 -4.65459e-06 -5.94107e-06 -5.94106e-06  1.85932e-09  1.85930e-09  1.76692e-09
  300.00 -0.67936 -1.11772e-05 -1.17017e-05 -1.17017e-05  7.53842e-10  7.53835e-10  4.97482e-10
  300.00 -0.65331 -6.56087e-06 -6.40673e-06 -6.40673e-06  1.17609e-09  1.17611e-09 -1.21444e-10
  300.00 -0.62725  3.74918e-06  4.32905e-06  4.32904e-06 -2.72562e-10 -2.72541e-10 -9.39206e-10
  300.00 -0.60120  1.31486e-05  1.36241e-05  1.36241e-05 -1.46817e-09 -1.46817e-09 -7.12372e-10
  300.00 -0.57515  1.56262e-05  1.53494e-05  1.53494e-05 -6.83495e-10 -6.83499e-10 -3.54083e-12
  300.00 -0.54910  5.91199e-06  5.36052e-06  5.36052e-06  1.29522e-09  1.29523e-09  2.79162e-10
  300.00 -0.52305 -5.32804e-06 -4.90966e-06 -4.90966e-06  1.03951e-09  1.03951e-09  1.89743e-09
  300.00 -0.49699 -2.62794e-06 -2.02974e-06 -2.02974e-06 -2.40354e-09 -2.40355e-09  2.01020e-09
  300.00 -0.47094  4.38894e-06  4.24242e-06  4.24242e-06 -1.99034e-09 -1.99035e-09  7.86593e-10
  300.00 -0.44489  1.27990e-05  1.23981e-05  1.23981e-05 -5.78500e-10 -5.78502e-10 -1.06151e-09
  300.00 -0.41884  1.80251e-05  1.79715e-05  1.79715e-05 -2.40399e-11 -2.40357e-11 -1.93864e-09
  300.00 -0.39279  1.14962e-05  1.18657e-05  1.18657e-05  2.34449e-10  2.34458e-10 -1.21335e-09
  300.00 -0.36673  3.67648e-06  4.34201e-06  4.34201e-06 -5.52540e-12 -5.52421e-12  3.38116e-11
  300.00 -0.34068  6.72205e-06  7.10843e-06  7.10842e-06 -5.61261e-10 -5.61265e-10  1.10819e-09
  300.00 -0.31463  1.42137e-05  1.39105e-05  1.39105e-05 -3.25139e-10 -3.25142e-10  8.06407e-10
  300.00 -0.28858  2.09505e-05  2.05732e-05  2.05732e-05  6.64571e-11  6.64578e-11 -1.86590e-09
  300.00 -0.26253  2.23340e-05  2.23933e-05  2.23933e-05  9.77339e-13  9.80254e-13 -2.50434e-09
  300.00 -0.23647  1.90210e-05  1.90262e-05  1.90262e-05 -2.96810e-10 -2.96813e-10 -9.26427e-10
  300.00 -0.21042  2.24335e-05  2.21776e-05  2.21776e-05 -2.97423e-10 -2.97430e-10 -4.50073e-10
  300.00 -0.18437  3.24767e-05  3.23084e-05  3.23084e-05 -1.37475e-10 -1.37482e-10 -3.07314e-10
  300.00 -0.15832  4.13329e-05  4.13662e-05  4.13662e-05 -2.31102e-10 -2.31109e-10  1.60963e-10
  300.00 -0.13226  4.89009e-05  4.89996e-05  4.89995e-05 -5.06980e-10 -5.06989e-10  1.38292e-10
  300.00 -0.10621  6.49613e-05  6.50659e-05  6.50659e-05 -4.82253e-10 -4.82265e-10  2.95958e-10
  300.00 -0.08016  8.98955e-05  9.02184e-05  9.02183e-05 -7.32523e-10 -7.32529e-10  5.07280e-10
  300.00 -0.05411  1.24202e-04  1.24824e-04  1.24824e-04 -1.70257e-09 -1.70255e-09 -7.52925e-10
  300.00 -0.02806  1.71712e-04  1.72663e-04  1.72663e-04 -3.07848e-09 -3.07842e-09 -4.19117e-09
  300.00 -0.00200  2.32359e-04  2.33779e-04  2.33779e-04 -4.57876e-09 -4.57863e-09 -1.10496e-08
  300.00  0.02405  3.04674e-04  3.06503e-04  3.06503e-04 -6.16664e-09 -6.16641e-09 -2.09381e-08
  300.00  0.05010  3.84906e-04  3.86963e-04  3.86963e-04 -7.82331e-09 -7.82299e-09 -3.15782e-08
  300.00  0.07615  4.69094e-04  4.71253e-04  4.71253e-04 -9.53938e-09 -9.53896e-09 -4.19080e-08
  300.00  0.10220  5.54932e-04  5.57135e-04  5.57135e-04 -1.12929e-08 -1.12924e-08 -5.18600e-08
  300.00  0.12826  6.41403e-04  6.43628e-04  6.43628e-04 -1.30651e-08 -1.30645e-08 -6.15785e-08
  300.00  0.15431  7.28110e-04  7.30348e-04  7.30348e-04 -1.48457e-08 -1.48450e-08 -7.11784e-08
  300.00  0.18036  8.14904e-04  8.17152e-04  8.17152e-04 -1.66298e-08 -1.66290e-08 -8.07231e-08
  300.00  0.20641  9.01730e-04  9.03986e-04  9.03986e-04 -1.84153e-08 -1.84145e-08 -9.02434e-08
  300.00  0.23246  9.88567e-04  9.90831e-04  9.90831e-04 -2.02015e-08 -2.02005e-08 -9.97533e-08
  300.00  0.25852  1.07541e-03  1.07768e-03  1.07768e-03 -2.19879e-08 -2.19868e-08 -1.09259e-07
  300.00  0.28457  1.16225e-03  1.16453e-03  1.16453e-03 -2.37743e-08 -2.37732e-08 -1.18762e-07
  300.00  0.31062  1.24910e-03  1.25138e-03  1.25138e-03 -2.55608e-08 -2.55597e-08 -1.28265e-07
  300.00  0.33667  1.33594e-03  1.33823e-03  1.33823e-03 -2.73474e-08 -2.73461e-08 -1.37768e-07
  300.00  0.36273  1.42278e-03  1.42509e-03  1.42509e-03 -2.91339e-08 -2.91325e-08 -1.47271e-07
  300.00  0.38878  1.50963e-03  1.51194e-03  1.51194e-03 -3.09204e-08 -3.09190e-08 -1.56773e-07
  300.00  0.41483  1.59647e-03  1.59879e-03  1.59879e-03 -3.27070e-08 -3.27054e-08 -1.66276e-07
  300.00  0.44088  1.68331e-03  1.68564e-03  1.68564e-03 -3.44935e-08 -3.44919e-08 -1.75778e-07
  300.00  0.46693  1.77016e-03  1.77249e-03  1.77249e-03 -3.62800e-08 -3.62783e-08 -1.85280e-07
  300.00  0.49299  1.85700e-03  1.85934e-03  1.85934e-03 -3.80666e-08 -3.80648e-08 -1.94783e-07
  300.00  0.51904  1.94385e-03  1.94620e-03  1.94620e-03 -3.98531e-08 -3.98512e-08 -2.04285e-07
  300.00  0.54509  2.03069e-03  2.03305e-03  2.03305e-03 -4.16397e-08 -4.16377e-08 -2.13788e-07
  300.00  0.57114  2.11753e-03  2.11990e-03  2.11990e-03 -4.34262e-08 -4.34241e-08 -2.23290e-07
  300.00  0.59719  2.20438e-03  2.20675e-03  2.20675e-03 -4.52127e-08 -4.52106e-08 -2.32793e-07
  300.00  0.62325  2.29122e-03  2.29360e-03  2.29360e-03 -4.69993e-08 -4.69970e-08 -2.42295e-07
  300.00  0.64930  2.37807e-03  2.38045e-03  2.38045e-03 -4.87858e-08 -4.87835e-08 -2.51798e-07
  300.00  0.67535  2.46491e-03  2.46731e-03  2.46731e-03 -5.05723e-08 -5.05699e-08 -2.61300e-07
  300.00  0.70140  2.55175e-03  2.55416e-03  2.55416e-03 -5.23589e-08 -5.23564e-08 -2.70803e-07
  300.00  0.72745  2.63860e-03  2.64101e-03  2.64101e-03 -5.41454e-08 -5.41428e-08 -2.80305e-07
  300.00  0.75351  2.72544e-03  2.72786e-03  2.72786e-03 -5.59319e-08 -5.59293e-08 -2.89808e-07
  300.00  0.77956  2.81229e-03  2.81471e-03  2.81471e-03 -5.77185e-08 -5.77157e-08 -2.99310e-07
  300.00  0.80561  2.89913e-03  2.90156e-03  2.90156e-03 -5.95050e-08 -5.95022e-08 -3.08812e-07
  300.00  0.83166  2.98597e-03  2.98841e-03  2.98841e-03 -6.12916e-08 -6.12886e-08 -3.18315e-07
  300.00  0.85772  3.07282e-03  3.07527e-03  3.07527e-03 -6.30781e-08 -6.30751e-08 -3.27817e-07
  300.00  0.88377  3.15966e-03  3.16212e-03  3.16212e-03 -6.48646e-08 -6.48616e-08 -3.37320e-07
  300.00  0.90982  3.24651e-03  3.24897e-03  3.24897e-03 -6.66512e-08 -6.66480e-08 -3.46822e-07
  300.00  0.93587  3.33335e-03  3.33582e-03  3.33582e-03 -6.84377e-08 -6.84345e-08 -3.56325e-07
  300.00  0.96192  3.42019e-03  3.42267e-03  3.42267e-03 -7.02242e-08 -7.02209e-08 -3.65827e-07
  300.00  0.98798  3.50704e-03  3.50952e-03  3.50952e-03 -7.20108e-08 -7.20074e-08 -3.75330e-07
  300.00  1.01403  3.59388e-03  3.59638e-03  3.59638e-03 -7.37973e-08 -7.37938e-08 -3.84832e-07
  300.00  1.04008  3.68072e-03  3.68323e-03  3.68323e-03 -7.55838e-08 -7.55803e-08 -3.94335e-07
  300.00  1.06613  3.76757e-03  3.77008e-03  3.77008e-03 -7.73704e-08 -7.73667e-08 -4.03837e-07
  300.00  1.09218  3.85441e-03  3.85693e-03  3.85693e-03 -7.91569e-08 -7.91532e-08 -4.13339e-07
  300.00  1.11824  3.94126e-03  3.94378e-03  3.94378e-03 -8.09435e-08 -8.09396e-08 -4.22842e-07
  300.00  1.14429  4.02810e-03  4.03063e-03  4.03063e-03 -8.27300e-08 -8.27261e-08 -4.32344e-07
  300.00  1.17034  4.11494e-03  4.11749e-03  4.11749e-03 -8.45165e-08 -8.45125e-08 -4.41847e-07
  300.00  1.19639  4.20179e-03  4.20434e-03  4.20434e-03 -8.63031e-08 -8.62990e-08 -4.51349e-07
  300.00  1.22244  4.28863e-03  4.29119e-03  4.29119e-03 -8.80896e-08 -8.80854e-08 -4.60852e-07
  300.00  1.24850  4.37548e-03  4.37804e-03  4.37804e-03 -8.98761e-08 -8.98719e-08 -4.70354e-07
  300.00  1.27455  4.46232e-03  4.46489e-03  4.46489e-03 -9.16627e-08 -9.16583e-08 -4.79857e-07
  300.00  1.30060  4.54916e-03  4.55174e-03  4.55174e-03 -9.34492e-08 -9.34447e-08 -4.89359e-07
  300.00  1.32665  4.63600e-03  4.63859e-03  4.63859e-03 -9.52356e-08 -9.52311e-08 -4.98861e-07
  300.00  1.35271  4.72280e-03  4.72539e-03  4.72539e-03 -9.70214e-08 -9.70168e-08 -5.08362e-07
  300.00  1.37876  4.80931e-03  4.81189e-03  4.81189e-03 -9.88021e-08 -9.87974e-08 -5.17847e-07
  300.00  1.40481  4.89361e-03  4.89607e-03  4.89607e-03 -1.00543e-07 -1.00538e-07 -5.27181e-07
  300.00  1.43086  4.96144e-03  4.96294e-03  4.96294e-03 -1.01972e-07 -1.01967e-07 -5.35062e-07
  300.00  1.45691  4.90776e-03  4.90224e-03  4.90224e-03 -1.01010e-07 -1.01005e-07 -5.25591e-07
  300.00  1.48297  4.05031e-03  4.00312e-03  4.00312e-03 -8.33463e-08 -8.33422e-08 -1.72074e-07
  300.00  1.50902  3.36022e-04  2.11313e-04  2.11314e-04 -1.44658e-10 -1.42325e-10  4.97802e-06
  300.00  1.53507 -3.71924e-03 -3.78555e-03 -3.78555e-03  9.79711e-08  9.79744e-08  1.65113e-05
  300.00  1.56112 -4.77927e-03 -4.80648e-03 -4.80648e-03  1.23979e-07  1.23983e-07  2.03977e-05
  300.00  1.58717 -4.86758e-03 -4.88771e-03 -4.88771e-03  1.25900e-07  1.25904e-07  2.06989e-05
  300.00  1.61323 -4.80453e-03 -4.82336e-03 -4.82336e-03  1.24161e-07  1.24165e-07  2.04162e-05
  300.00  1.63928 -4.72086e-03 -4.73920e-03 -4.73920e-03  1.21940e-07  1.21944e-07  2.00549e-05
  300.00  1.66533 -4.63444e-03 -4.65239e-03 -4.65239e-03  1.19657e-07  1.19661e-07  1.96833e-05
  300.00  1.69138 -4.54765e-03 -4.56523e-03 -4.56523e-03  1.17367e-07  1.17371e-07  1.93103e-05
  300.00  1.71743 -4.46082e-03 -4.47802e-03 -4.47802e-03  1.15075e-07  1.15079e-07  1.89372e-05
  300.00  1.74349 -4.37397e-03 -4.39081e-03 -4.39081e-03  1.12783e-07  1.12787e-07  1.85641e-05
  300.00  1.76954 -4.28713e-03 -4.30359e-03 -4.30359e-03  1.10491e-07  1.10495e-07  1.81909e-05
  300.00  1.79559 -4.20028e-03 -4.21638e-03 -4.21638e-03  1.08200e-07  1.08203e-07  1.78178e-05
  300.00  1.82164 -4.11344e-03 -4.12916e-03 -4.12916e-03  1.05908e-07  1.05911e-07  1.74446e-05
  300.00  1.84770 -4.02659e-03 -4.04195e-03 -4.04195e-03  1.03616e-07  1.03619e-07  1.70714e-05
  300.00  1.87375 -3.93975e-03 -3.95473e-03 -3.95473e-03  1.01324e-07  1.01328e-07  1.66983e-05
  300.00  1.89980 -3.85290e-03 -3.86752e-03 -3.86752e-03  9.90325e-08  9.90357e-08  1.63251e-05
  300.00  1.92585 -3.76606e-03 -3.78030e-03 -3.78030e-03  9.67407e-08  9.67438e-08  1.59520e-05
  300.00  1.95190 -3.67921e-03 -3.69308e-03 -3.69308e-03  9.44489e-08  9.44520e-08  1.55788e-05
  300.00  1.97796 -3.59237e-03 -3.60587e-03 -3.60587e-03  9.21571e-08  9.21601e-08  1.52057e-05
  300.00  2.00401 -3.50552e-03 -3.51865e-03 -3.51865e-03  8.98653e-08  8.98682e-08  1.48325e-05
  300.00  2.03006 -3.41868e-03 -3.43144e-03 -3.43144e-03  8.75735e-08  8.75764e-08  1.44594e-05
  300.00  2.05611 -3.33183e-03 -3.34422e-03 -3.34422e-03  8.52817e-08  8.52845e-08  1.40862e-05
  300.00  2.08216 -3.24499e-03 -3.25700e-03 -3.25700e-03  8.29899e-08  8.29926e-08  1.37131e-05
  300.00  2.10822 -3.15814e-03 -3.16979e-03 -3.16979e-03  8.06981e-08  8.07007e-08  1.33399e-05
  300.00  2.13427 -3.07130e-03 -3.08257e-03 -3.08257e-03  7.84063e-08  7.84089e-08  1.29668e-05
  300.00  2.16032 -2.98445e-03 -2.99536e-03 -2.99536e-03  7.61145e-08  7.61170e-08  1.25936e-05
  300.00  2.18637 -2.89761e-03 -2.90814e-03 -2.90814e-03  7.38227e-08  7.38251e-08  1.22204e-05
  300.00  2.21242 -2.81076e-03 -2.82093e-03 -2.82093e-03  7.15309e-08  7.15333e-08  1.18473e-05
  300.00  2.23848 -2.72392e-03 -2.73371e-03 -2.73371e-03  6.92391e-08  6.92414e-08  1.14741e-05
  300.00  2.26453 -2.63707e-03 -2.64649e-03 -2.64649e-03  6.69473e-08  6.69495e-08  1.11010e-05
  300.00  2.29058 -2.55023e-03 -2.55928e-03 -2.55928e-03  6.46555e-08  6.46576e-08  1.07278e-05
  300.00  2.31663 -2.46338e-03 -2.47206e-03 -2.47206e-03  6.23637e-08  6.23658e-08  1.03547e-05
  300.00  2.34269 -2.37654e-03 -2.38485e-03 -2.38485e-03  6.00719e-08  6.00739e-08  9.98152e-06
  300.00  2.36874 -2.28969e-03 -2.29763e-03 -2.29763e-03  5.77801e-08  5.77820e-08  9.60837e-06
  300.00  2.39479 -2.20285e-03 -2.21042e-03 -2.21042e-03  5.54883e-08  5.54902e-08  9.23521e-06
  300.00  2.42084 -2.11601e-03 -2.12320e-03 -2.12320e-03  5.31965e-08  5.31983e-08  8.86206e-06
  300.00  2.44689 -2.02916e-03 -2.03598e-03 -2.03598e-03  5.09048e-08  5.09064e-08  8.48890e-06
  300.00  2.47295 -1.94232e-03 -1.94877e-03 -1.94877e-03  4.86130e-08  4.86145e-08  8.11575e-06
  300.00  2.49900 -1.85547e-03 -1.86155e-03 -1.86155e-03  4.63212e-08  4.63227e-08  7.74260e-06
  300.00  2.52505 -1.76863e-03 -1.77434e-03 -1.77434e-03  4.40294e-08  4.40308e-08  7.36944e-06
  300.00  2.55110 -1.68178e-03 -1.68712e-03 -1.68712e-03  4.17376e-08  4.17389e-08  6.99629e-06
  300.00  2.57715 -1.59494e-03 -1.59990e-03 -1.59990e-03  3.94458e-08  3.94471e-08  6.62313e-06
  300.00  2.60321 -1.50809e-03 -1.51269e-03 -1.51269e-03  3.71540e-08  3.71552e-08  6.24998e-06
  300.00  2.62926 -1.42125e-03 -1.42547e-03 -1.42547e-03  3.48622e-08  3.48634e-08  5.87683e-06
  300.00  2.65531 -1.33440e-03 -1.33826e-03 -1.33826e-03  3.25705e-08  3.25716e-08  5.50367e-06
  300.00  2.68136 -1.24756e-03 -1.25104e-03 -1.25104e-03  3.02789e-08  3.02799e-08  5.13051e-06
  300.00  2.70741 -1.16071e-03 -1.16383e-03 -1.16383e-03  2.79876e-08  2.79885e-08  4.75735e-06
  300.00  2.73347 -1.07387e-03 -1.07661e-03 -1.07661e-03  2.56971e-08  2.56979e-08  4.38417e-06
  300.00  2.75952 -9.87025e-04 -9.89398e-04 -9.89398e-04  2.34083e-08  2.34091e-08  4.01095e-06
  300.00  2.78557 -9.00188e-04 -9.02190e-04 -9.02190e-04  2.11238e-08  2.11245e-08  3.63765e-06
  300.00  2.81162 -8.13364e-04 -8.14994e-04 -8.14994e-04  1.88495e-08  1.88501e-08  3.26414e-06
  300.00  2.83768 -7.26576e-04 -7.27832e-04 -7.27832e-04  1.65983e-08  1.65988e-08  2.89015e-06
  300.00  2.86373 -6.39888e-04 -6.40765e-04 -6.40765e-04  1.43970e-08  1.43975e-08  2.51511e-06
  300.00  2.88978 -5.53471e-04 -5.53957e-04 -5.53957e-04  1.22951e-08  1.22954e-08  2.13787e-06
  300.00  2.91583 -4.67783e-04 -4.67847e-04 -4.67847e-04  1.03513e-08  1.03516e-08  1.75659e-06
  300.00  2.94188 -3.84011e-04 -3.83582e-04 -3.83582e-04  8.48156e-09  8.48180e-09  1.36969e-06
  300.00  2.96794 -3.04937e-04 -3.03879e-04 -3.03879e-04  5.78383e-09  5.78398e-09  9.80798e-07
  300.00  2.99399 -2.35732e-04 -2.33886e-04 -2.33886e-04  9.42262e-11  9.42643e-11  6.09020e-07
  300.00  3.02004 -1.82215e-04 -1.79544e-04 -1.79544e-04 -3.92958e-09 -3.92962e-09  3.02736e-07
  300.00  3.04609 -1.45445e-04 -1.42419e-04 -1.42419e-04  5.01095e-09  5.01092e-09  1.38437e-07
  300.00  3.07214 -1.16150e-04 -1.14461e-04 -1.14461e-04  8.20249e-09  8.20249e-09  8.40958e-08
  300.00  3.09820 -8.53455e-05 -8.57887e-05 -8.57887e-05  1.85370e-09  1.85370e-09  3.15356e-08
  300.00  3.12425 -6.27438e-05 -6.32189e-05 -6.32189e-05  5.77605e-10  5.77622e-10 -4.82345e-09
  300.00  3.15030 -6.24348e-05 -6.09320e-05 -6.09320e-05  1.15819e-09  1.15822e-09  6.47676e-09
  300.00  3.17635 -6.82458e-05 -6.72512e-05 -6.72512e-05 -6.49380e-10 -6.49366e-10  9.58316e-09
  300.00  3.20240 -5.94188e-05 -6.01335e-05 -6.01335e-05 -5.94146e-10 -5.94155e-10 -1.42432e-08
  300.00  3.22846 -4.28917e-05 -4.36501e-05 -4.36501e-05  2.18381e-10  2.18383e-10 -8.59270e-09
  300.00  3.25451 -3.18282e-05 -3.15416e-05 -3.15416e-05  1.02327e-09  1.02328e-09  6.62810e-10
  300.00  3.28056 -3.89714e-05 -3.79557e-05 -3.79557e-05 -1.24108e-09 -1.24108e-09  4.55226e-09
  300.00  3.30661 -4.99616e-05 -4.95531e-05 -4.95531e-05 -5.98113e-10 -5.98137e-10  7.99269e-09
  300.00  3.33267 -4.57624e-05 -4.59724e-05 -4.59724e-05  1.75336e-09  1.75335e-09 -6.25462e-09
  300.00  3.35872 -3.33845e-05 -3.37614e-05 -3.37614e-05  5.87393e-10  5.87394e-10 -8.52406e-10
  300.00  3.38477 -2.30519e-05 -2.33275e-05 -2.33275e-05  2.35822e-10  2.35814e-10 -1.44916e-12
  300.00  3.41082 -2.67619e-05 -2.66524e-05 -2.66524e-05  1.70046e-09  1.70044e-09  1.04680e-09
  300.00  3.43687 -3.77003e-05 -3.72259e-05 -3.72259e-05  2.37203e-09  2.37203e-09 -8.41552e-10
  300.00  3.46293 -3.24980e-05 -3.22352e-05 -3.22352e-05 -8.86213e-11 -8.86011e-11 -5.37969e-10
  300.00  3.48898 -1.72770e-05 -1.74272e-05 -1.74272e-05 -3.74027e-10 -3.74021e-10  2.45080e-09
  300.00  3.51503 -7.89709e-06 -8.19695e-06 -8.19695e-06 -1.84422e-11 -1.84494e-11 -2.23451e-09
  300.00  3.54108 -8.55022e-06 -8.73140e-06 -8.73140e-06 -2.07346e-10 -2.07359e-10  3.17572e-10
  300.00  3.56713 -1.70953e-05 -1.73706e-05 -1.73706e-05 -1.68719e-10 -1.68720e-10  3.06778e-10
  300.00  3.59319 -2.17649e-05 -2.21024e-05 -2.21024e-05 -7.04805e-11 -7.04719e-11 -5.08491e-10
  300.00  3.61924 -1.30108e-05 -1.30285e-05 -1.30285e-05 -2.26885e-10 -2.26880e-10  4.71785e-10
  300.00  3.64529  2.62883e-06  2.92200e-06  2.92201e-06 -3.20972e-10 -3.20976e-10 -5.93463e-10
  300.00  3.67134  1.12815e-05  1.13966e-05  1.13966e-05 -1.46105e-10 -1.46110e-10  9.13559e-10
  300.00  3.69739  2.01907e-06  1.89278e-06  1.89277e-06  2.44424e-10  2.44421e-10 -4.10723e-10
  300.00  3.72345 -8.93239e-06 -9.07545e-06 -9.07546e-06  5.99815e-10  5.99830e-10 -1.27379e-10
  300.00  3.74950 -1.15819e-05 -1.16198e-05 -1.16198e-05 -5.40702e-10 -5.40697e-10  9.58465e-11
  300.00  3.77555 -6.92781e-06 -6.96812e-06 -6.96812e-06 -3.67480e-10 -3.67489e-10  1.31580e-11
  300.00  3.80160 -1.39789e-07 -3.49205e-07 -3.49199e-07 -9.94707e-11 -9.94738e-11 -8.51745e-11
  300.00  3.82766  5.40735e-06  5.34569e-06  5.34570e-06 -1.20650e-10 -1.20648e-10  1.04927e-10
  300.00  3.85371  3.66497e-06  3.91173e-06  3.91173e-06  3.07168e-11  3.07181e-11 -5.30978e-10
  300.00  3.87976 -3.83213e-06 -3.58568e-06 -3.58569e-06 -9.32449e-11 -9.32466e-11  1.16483e-09
  300.00  3.90581 -4.10401e-08  1.56147e-07  1.56144e-07  2.76600e-10  2.76604e-10 -1.91530e-09
  300.00  3.93186  9.03562e-06  9.28996e-06  9.28996e-06 -2.75026e-10 -2.75031e-10  4.30582e-09
  300.00  3.95792  2.02267e-06  2.02594e-06  2.02594e-06  1.37022e-10  1.37024e-10 -2.63380e-09
  300.00  3.98397 -1.44897e-05 -1.49105e-05 -1.49105e-05  4.82268e-10  4.82265e-10 -2.18499e-09
  300.00  4.01002 -1.13498e-05 -1.16768e-05 -1.16768e-05 -3.82778e-10 -3.82776e-10  3.35299e-09
  300.00  4.03607  5.99405e-06  5.71372e-06  5.71372e-06 -5.10913e-12 -5.10881e-12  1.88831e-09
  300.00  4.06212  1.74804e-05  1.73531e-05  1.73531e-05  1.94643e-10  1.94645e-10 -7.10296e-09
  300.00  4.08818  5.50958e-06  5.81181e-06  5.81182e-06  3.91548e-10  3.91549e-10  5.08517e-09
  300.00  4.11423 -1.16347e-05 -1.10399e-05 -1.10399e-05  8.17942e-12  8.17164e-12  6.46230e-09
  300.00  4.14028 -4.04244e-06 -3.75279e-06 -3.75279e-06 -4.12839e-10 -4.12838e-10 -1.11582e-08
  300.00  4.16633  1.33712e-05  1.32900e-05  1.32900e-05 -1.85083e-11 -1.85073e-11  6.61977e-09
  300.00  4.19238  9.63032e-06  9.56080e-06  9.56081e-06  4.47417e-10  4.47416e-10  1.24292e-08
  300.00  4.21844 -9.12591e-06 -9.19094e-06 -9.19094e-06  3.45073e-10  3.45071e-10 -2.00632e-08
  300.00  4.24449 -1.57658e-05 -1.59973e-05 -1.59973e-05 -2.52474e-10 -2.52471e-10  4.43048e-09
  300.00  4.27054 -2.10458e-06 -2.35680e-06 -2.35680e-06 -6.83349e-10 -6.83345e-10  8.00594e-09
  300.00  4.29659  2.48057e-05  2.47206e-05  2.47206e-05  3.22106e-10  3.22101e-10 -8.00907e-09
  300.00  4.32265  2.91888e-05  2.92862e-05  2.92862e-05 -4.68372e-10 -4.68362e-10 -8.98889e-09
  300.00  4.34870 -1.00881e-05 -1.02128e-05 -1.02128e-05  1.63871e-09  1.63868e-09  3.14857e-08
  300.00  4.37475 -3.62311e-05 -3.62477e-05 -3.62477e-05 -3.53723e-11 -3.53778e-11 -3.34703e-09
  300.00  4.40080 -2.15754e-05 -2.12515e-05 -2.12515e-05 -5.18546e-10 -5.18533e-10 -1.82901e-08
  300.00  4.42685  1.28744e-05  1.31756e-05  1.31756e-05 -1.94635e-10 -1.94631e-10  1.81446e-08
  300.00  4.45291  4.67045e-05  4.69381e-05  4.69381e-05  1.37648e-10  1.37639e-10  2.64771e-09
  300.00  4.47896  4.61610e-05  4.63611e-05  4.63611e-05 -2.26466e-10 -2.26451e-10 -3.46599e-08
  300.00  4.50501 -8.47269e-06 -8.51116e-06 -8.51117e-06  6.33977e-10  6.33966e-10 -2.74316e-09
  300.00  4.53106 -4.43083e-05 -4.46068e-05 -4.46068e-05  8.37151e-11  8.36931e-11  5.36281e-08
  300.00  4.55711 -3.62192e-05 -3.62857e-05 -3.62857e-05 -3.70590e-10 -3.70576e-10 -2.27246e-08
  300.00  4.58317 -3.00624e-06 -2.97346e-06 -2.97345e-06  1.14388e-10  1.14394e-10 -1.48632e-08
  300.00  4.60922  3.83998e-05  3.83415e-05  3.83416e-05  1.09293e-10  1.09283e-10  4.32618e-08
  300.00  4.63527  5.10093e-05  5.07075e-05  5.07075e-05 -2.71409e-10 -2.71399e-10 -3.75115e-08
  300.00  4.66132  9.99097e-06  9.64266e-06  9.64266e-06 -1.60902e-10 -1.60904e-10 -4.30157e-08
  300.00  4.68737 -3.40501e-05 -3.40303e-05 -3.40303e-05  7.43027e-10  7.43003e-10  2.52641e-08
  300.00  4.71343 -4.50006e-05 -4.48922e-05 -4.48922e-05  1.64981e-10  1.64992e-10  4.04455e-08
  300.00  4.73948 -2.82333e-05 -2.80658e-05 -2.80658e-05 -3.85818e-10 -3.85812e-10 -2.37454e-08
  300.00  4.76553  1.31077e-05  1.34544e-05  1.34544e-05  1.37598e-11  1.37564e-11 -1.58127e-08
  300.00  4.79158  6.67478e-05  6.75220e-05  6.75220e-05 -2.20059e-12 -2.20119e-12  5.10029e-08
  300.00  4.81764  9.58309e-05  9.68603e-05  9.68603e-05  1.65275e-11  1.65366e-11 -6.44069e-08
  300.00  4.84369  3.40888e-05  3.37103e-05  3.37103e-05  4.08151e-10  4.08140e-10 -8.59896e-08
  300.00  4.86974 -6.37807e-05 -6.49007e-05 -6.49007e-05 -2.36577e-10 -2.36591e-10  3.96593e-08
  300.00  4.89579 -8.20416e-05 -8.25231e-05 -8.25231e-05 -7.34791e-11 -7.34734e-11  5.04960e-08
  300.00  4.92184 -4.78350e-05 -4.79827e-05 -4.79827e-05  2.45563e-11  2.45581e-11 -8.08767e-09
  300.00  4.94790  1.13328e-06  1.15920e-06  1.15920e-06 -1.55648e-11 -1.55700e-11 -2.84719e-08
  300.00  4.97395  3.73164e-05  3.75658e-05  3.75658e-05  1.87341e-10  1.87338e-10  3.44115e-08
  300.00  5.00000  3.46186e-05  3.52214e-05  3.52214e-05 -2.59981e-10 -2.59974e-10 -8.58807e-09
