  300.00 -8.00000  0.00000e+00  0.00000e+00  0.00000e+00  0.00000e+00  0.00000e+00  0.00000e+00 
  300.00 -7.97400  0.00000e+00  0.00000e+00  0.00000e+00  0.00000e+00  0.00000e+00  0.00000e+00 
  300.00 -7.94800  0.00000e+00  0.00000e+00  0.00000e+00  0.00000e+00  0.00000e+00  0.00000e+00 
  300.00 -7.92200  0.00000e+00  0.00000e+00  0.00000e+00  0.00000e+00  0.00000e+00  0.00000e+00 
  300.00 -7.89600  0.00000e+00  0.00000e+00  0.00000e+00  0.00000e+00  0.00000e+00  0.00000e+00 
  300.00 -7.87000  0.00000e+00  0.00000e+00  0.00000e+00  0.00000e+00  0.00000e+00  0.00000e+00 
  300.00 -7.84400  0.00000e+00  0.00000e+00  0.00000e+00  0.00000e+00  0.00000e+00  0.00000e+00 
  300.00 -7.81800  0.00000e+00  0.00000e+00  0.00000e+00  0.00000e+00  0.00000e+00  0.00000e+00 
  300.00 -7.79200  0.00000e+00  0.00000e+00  0.00000e+00  0.00000e+00  0.00000e+00  0.00000e+00 
  300.00 -7.76600  0.00000e+00  0.00000e+00  0.00000e+00  0.00000e+00  0.00000e+00  0.00000e+00 
  300.00 -7.74000  0.00000e+00  0.00000e+00  0.00000e+00  0.00000e+00  0.00000e+00  0.00000e+00 
  300.00 -7.71400  0.00000e+00  0.00000e+00  0.00000e+00  0.00000e+00  0.00000e+00  0.00000e+00 
  300.00 -7.68800  0.00000e+00  0.00000e+00  0.00000e+00  0.00000e+00  0.00000e+00  0.00000e+00 
  300.00 -7.66200  0.00000e+00  0.00000e+00  0.00000e+00  0.00000e+00  0.00000e+00  0.00000e+00 
  300.00 -7.63600  0.00000e+00  0.00000e+00  0.00000e+00  0.00000e+00  0.00000e+00  0.00000e+00 
  300.00 -7.61000  0.00000e+00  0.00000e+00  0.00000e+00  0.00000e+00  0.00000e+00  0.00000e+00 
  300.00 -7.58400  0.00000e+00  0.00000e+00  0.00000e+00  0.00000e+00  0.00000e+00  0.00000e+00 
  300.00 -7.55800  0.00000e+00  0.00000e+00  0.00000e+00  0.00000e+00  0.00000e+00  0.00000e+00 
  300.00 -7.53200  0.00000e+00  0.00000e+00  0.00000e+00  0.00000e+00  0.00000e+00  0.00000e+00 
  300.00 -7.50600  0.00000e+00  0.00000e+00  0.00000e+00  0.00000e+00  0.00000e+00  0.00000e+00 
  300.00 -7.48000  0.00000e+00  0.00000e+00  0.00000e+00  0.00000e+00  0.00000e+00  0.00000e+00 
  300.00 -7.45400  0.00000e+00  0.00000e+00  0.00000e+00  0.00000e+00  0.00000e+00  0.00000e+00 
  300.00 -7.42800  0.00000e+00  0.00000e+00  0.00000e+00  0.00000e+00  0.00000e+00  0.00000e+00 
  300.00 -7.40200  0.00000e+00  0.00000e+00  0.00000e+00  0.00000e+00  0.00000e+00  0.00000e+00 
  300.00 -7.37600  0.00000e+00  0.00000e+00  0.00000e+00  0.00000e+00  0.00000e+00  0.00000e+00 
  300.00 -7.35000  0.00000e+00  0.00000e+00  0.00000e+00  0.00000e+00  0.00000e+00  0.00000e+00 
  300.00 -7.32400  0.00000e+00  0.00000e+00  0.00000e+00  0.00000e+00  0.00000e+00  0.00000e+00 
  300.00 -7.29800  0.00000e+00  0.00000e+00  0.00000e+00  0.00000e+00  0.00000e+00  0.00000e+00 
  300.00 -7.27200  0.00000e+00  0.00000e+00  0.00000e+00  0.00000e+00  0.00000e+00  0.00000e+00 
  300.00 -7.24600  0.00000e+00  0.00000e+00  0.00000e+00  0.00000e+00  0.00000e+00  0.00000e+00 
  300.00 -7.22000  0.00000e+00  0.00000e+00  0.00000e+00  0.00000e+00  0.00000e+00  0.00000e+00 
  300.00 -7.19400  0.00000e+00  0.00000e+00  0.00000e+00  0.00000e+00  0.00000e+00  0.00000e+00 
  300.00 -7.16800  0.00000e+00  0.00000e+00  0.00000e+00  0.00000e+00  0.00000e+00  0.00000e+00 
  300.00 -7.14200  0.00000e+00  0.00000e+00  0.00000e+00  0.00000e+00  0.00000e+00  0.00000e+00 
  300.00 -7.11600  0.00000e+00  0.00000e+00  0.00000e+00  0.00000e+00  0.00000e+00  0.00000e+00 
  300.00 -7.09000  0.00000e+00  0.00000e+00  0.00000e+00  0.00000e+00  0.00000e+00  0.00000e+00 
  300.00 -7.06400  0.00000e+00  0.00000e+00  0.00000e+00  0.00000e+00  0.00000e+00  0.00000e+00 
  300.00 -7.03800  0.00000e+00  0.00000e+00  0.00000e+00  0.00000e+00  0.00000e+00  0.00000e+00 
  300.00 -7.01200  0.00000e+00  0.00000e+00  0.00000e+00  0.00000e+00  0.00000e+00  0.00000e+00 
  300.00 -6.98600  0.00000e+00  0.00000e+00  0.00000e+00  0.00000e+00  0.00000e+00  0.00000e+00 
  300.00 -6.96000  0.00000e+00  0.00000e+00  0.00000e+00  0.00000e+00  0.00000e+00  0.00000e+00 
  300.00 -6.93400  0.00000e+00  0.00000e+00  0.00000e+00  0.00000e+00  0.00000e+00  0.00000e+00 
  300.00 -6.90800  0.00000e+00  0.00000e+00  0.00000e+00  0.00000e+00  0.00000e+00  0.00000e+00 
  300.00 -6.88200  0.00000e+00  0.00000e+00  0.00000e+00  0.00000e+00  0.00000e+00  0.00000e+00 
  300.00 -6.85600  0.00000e+00  0.00000e+00  0.00000e+00  0.00000e+00  0.00000e+00  0.00000e+00 
  300.00 -6.83000  0.00000e+00  0.00000e+00  0.00000e+00  0.00000e+00  0.00000e+00  0.00000e+00 
  300.00 -6.80400  0.00000e+00  0.00000e+00  0.00000e+00  0.00000e+00  0.00000e+00  0.00000e+00 
  300.00 -6.77800  0.00000e+00  0.00000e+00  0.00000e+00  0.00000e+00  0.00000e+00  0.00000e+00 
  300.00 -6.75200  0.00000e+00  0.00000e+00  0.00000e+00  0.00000e+00  0.00000e+00  0.00000e+00 
  300.00 -6.72600  0.00000e+00  0.00000e+00  0.00000e+00  0.00000e+00  0.00000e+00  0.00000e+00 
  300.00 -6.70000  0.00000e+00  0.00000e+00  0.00000e+00  0.00000e+00  0.00000e+00  0.00000e+00 
  300.00 -6.67400  0.00000e+00  0.00000e+00  0.00000e+00  0.00000e+00  0.00000e+00  0.00000e+00 
  300.00 -6.64800  0.00000e+00  0.00000e+00  0.00000e+00  0.00000e+00  0.00000e+00  0.00000e+00 
  300.00 -6.62200  0.00000e+00  0.00000e+00  0.00000e+00  0.00000e+00  0.00000e+00  0.00000e+00 
  300.00 -6.59600  0.00000e+00  0.00000e+00  0.00000e+00  0.00000e+00  0.00000e+00  0.00000e+00 
  300.00 -6.57000  0.00000e+00  0.00000e+00  0.00000e+00  0.00000e+00  0.00000e+00  0.00000e+00 
  300.00 -6.54400  0.00000e+00  0.00000e+00  0.00000e+00  0.00000e+00  0.00000e+00  0.00000e+00 
  300.00 -6.51800  0.00000e+00  0.00000e+00  0.00000e+00  0.00000e+00  0.00000e+00  0.00000e+00 
  300.00 -6.49200  0.00000e+00  0.00000e+00  0.00000e+00  0.00000e+00  0.00000e+00  0.00000e+00 
  300.00 -6.46600  0.00000e+00  0.00000e+00  0.00000e+00  0.00000e+00  0.00000e+00  0.00000e+00 
  300.00 -6.44000  0.00000e+00  0.00000e+00  0.00000e+00  0.00000e+00  0.00000e+00  0.00000e+00 
  300.00 -6.41400  0.00000e+00  0.00000e+00  0.00000e+00  0.00000e+00  0.00000e+00  0.00000e+00 
  300.00 -6.38800  0.00000e+00  0.00000e+00  0.00000e+00  0.00000e+00  0.00000e+00  0.00000e+00 
  300.00 -6.36200  0.00000e+00  0.00000e+00  0.00000e+00  0.00000e+00  0.00000e+00  0.00000e+00 
  300.00 -6.33600  0.00000e+00  0.00000e+00  0.00000e+00  0.00000e+00  0.00000e+00  0.00000e+00 
  300.00 -6.31000  0.00000e+00  0.00000e+00  0.00000e+00  0.00000e+00  0.00000e+00  0.00000e+00 
  300.00 -6.28400  0.00000e+00  0.00000e+00  0.00000e+00  0.00000e+00  0.00000e+00  0.00000e+00 
  300.00 -6.25800  0.00000e+00  0.00000e+00  0.00000e+00  0.00000e+00  0.00000e+00  0.00000e+00 
  300.00 -6.23200  0.00000e+00  0.00000e+00  0.00000e+00  0.00000e+00  0.00000e+00  0.00000e+00 
  300.00 -6.20600  0.00000e+00  0.00000e+00  0.00000e+00  0.00000e+00  0.00000e+00  0.00000e+00 
  300.00 -6.18000  1.63684e-299  0.00000e+00  0.00000e+00  0.00000e+00  0.00000e+00  0.00000e+00 
  300.00 -6.15400  7.01892e-296  0.00000e+00  0.00000e+00  0.00000e+00  0.00000e+00  0.00000e+00 
  300.00 -6.12800  2.86920e-292  0.00000e+00  0.00000e+00  0.00000e+00  0.00000e+00  0.00000e+00 
  300.00 -6.10200  1.11764e-288  0.00000e+00  0.00000e+00  0.00000e+00  0.00000e+00  0.00000e+00 
  300.00 -6.07600  4.14859e-285  0.00000e+00  0.00000e+00  0.00000e+00  0.00000e+00  0.00000e+00 
  300.00 -6.05000  1.46741e-281  0.00000e+00  0.00000e+00  0.00000e+00  0.00000e+00  0.00000e+00 
  300.00 -6.02400  4.94602e-278  0.00000e+00  0.00000e+00  0.00000e+00  0.00000e+00  0.00000e+00 
  300.00 -5.99800  1.58860e-274  0.00000e+00  0.00000e+00  0.00000e+00  0.00000e+00  0.00000e+00 
  300.00 -5.97200  4.86217e-271  0.00000e+00  0.00000e+00  0.00000e+00  0.00000e+00  0.00000e+00 
  300.00 -5.94600  1.41808e-267  0.00000e+00  0.00000e+00  0.00000e+00  0.00000e+00  0.00000e+00 
  300.00 -5.92000  3.94119e-264  0.00000e+00  0.00000e+00  0.00000e+00  0.00000e+00  0.00000e+00 
  300.00 -5.89400  1.04378e-260  0.00000e+00  0.00000e+00  0.00000e+00  0.00000e+00  0.00000e+00 
  300.00 -5.86800  2.63421e-257  0.00000e+00  0.00000e+00  0.00000e+00  0.00000e+00  0.00000e+00 
  300.00 -5.84200  6.33501e-254  0.00000e+00  0.00000e+00  0.00000e+00  0.00000e+00  0.00000e+00 
  300.00 -5.81600  1.45178e-250  0.00000e+00  0.00000e+00  0.00000e+00  0.00000e+00  0.00000e+00 
  300.00 -5.79000  3.17040e-247  0.00000e+00  0.00000e+00  0.00000e+00  0.00000e+00  0.00000e+00 
  300.00 -5.76400  6.59758e-244  0.00000e+00  0.00000e+00  0.00000e+00  0.00000e+00  0.00000e+00 
  300.00 -5.73800  1.30832e-240  0.00000e+00  0.00000e+00  0.00000e+00  0.00000e+00  0.00000e+00 
  300.00 -5.71200  2.47230e-237  0.00000e+00  0.00000e+00  0.00000e+00  0.00000e+00  0.00000e+00 
  300.00 -5.68600  4.45193e-234  0.00000e+00  0.00000e+00  0.00000e+00  0.00000e+00  0.00000e+00 
  300.00 -5.66000  7.63932e-231  0.00000e+00  0.00000e+00  0.00000e+00  0.00000e+00  0.00000e+00 
  300.00 -5.63400  1.24917e-227  0.00000e+00  0.00000e+00  0.00000e+00  0.00000e+00  0.00000e+00 
  300.00 -5.60800  1.94647e-224  0.00000e+00  0.00000e+00  0.00000e+00  0.00000e+00  0.00000e+00 
  300.00 -5.58200  2.89024e-221  0.00000e+00  0.00000e+00  0.00000e+00  0.00000e+00  0.00000e+00 
  300.00 -5.55600  4.08960e-218  0.00000e+00  0.00000e+00  0.00000e+00  0.00000e+00  0.00000e+00 
  300.00 -5.53000  5.51430e-215  0.00000e+00  0.00000e+00  0.00000e+00  0.00000e+00  0.00000e+00 
  300.00 -5.50400  7.08535e-212  0.00000e+00  0.00000e+00  0.00000e+00  0.00000e+00  0.00000e+00 
  300.00 -5.47800  8.67551e-209  0.00000e+00  0.00000e+00  0.00000e+00  0.00000e+00  0.00000e+00 
  300.00 -5.45200  1.01226e-205  0.00000e+00  0.00000e+00  0.00000e+00  0.00000e+00  0.00000e+00 
  300.00 -5.42600  1.12552e-202  0.00000e+00  0.00000e+00  0.00000e+00  0.00000e+00  0.00000e+00 
  300.00 -5.40000  1.19257e-199  0.00000e+00  0.00000e+00  0.00000e+00  0.00000e+00  0.00000e+00 
  300.00 -5.37400  1.20415e-196  0.00000e+00  0.00000e+00  0.00000e+00  0.00000e+00  0.00000e+00 
  300.00 -5.34800  1.15864e-193  0.00000e+00  0.00000e+00  0.00000e+00  0.00000e+00  0.00000e+00 
  300.00 -5.32200  1.06239e-190  0.00000e+00  0.00000e+00  0.00000e+00  0.00000e+00  0.00000e+00 
  300.00 -5.29600  9.28328e-188  0.00000e+00  0.00000e+00  0.00000e+00  0.00000e+00  0.00000e+00 
  300.00 -5.27000  7.73031e-185  0.00000e+00  0.00000e+00  0.00000e+00  0.00000e+00  0.00000e+00 
  300.00 -5.24400  6.13448e-182  0.00000e+00  0.00000e+00  0.00000e+00  0.00000e+00  0.00000e+00 
  300.00 -5.21800  4.63928e-179  0.00000e+00  0.00000e+00  0.00000e+00  0.00000e+00  0.00000e+00 
  300.00 -5.19200  3.34366e-176  0.00000e+00  0.00000e+00  0.00000e+00  0.00000e+00  0.00000e+00 
  300.00 -5.16600  2.29670e-173  0.00000e+00  0.00000e+00  0.00000e+00  0.00000e+00  0.00000e+00 
  300.00 -5.14000  1.50350e-170  0.00000e+00  0.00000e+00  0.00000e+00  0.00000e+00  0.00000e+00 
  300.00 -5.11400  9.38081e-168  0.00000e+00  0.00000e+00  0.00000e+00  0.00000e+00  0.00000e+00 
  300.00 -5.08800  5.57863e-165  0.00000e+00  0.00000e+00  0.00000e+00  0.00000e+00  0.00000e+00 
  300.00 -5.06200  3.16217e-162  0.00000e+00  0.00000e+00  0.00000e+00  0.00000e+00  0.00000e+00 
  300.00 -5.03600  1.70859e-159  0.00000e+00  0.00000e+00  0.00000e+00  0.00000e+00  0.00000e+00 
  300.00 -5.01000  8.80063e-157  0.00000e+00  0.00000e+00  0.00000e+00  0.00000e+00  0.00000e+00 
  300.00 -4.98400  4.32162e-154  0.00000e+00  0.00000e+00  0.00000e+00  0.00000e+00  0.00000e+00 
  300.00 -4.95800  2.02337e-151  0.00000e+00  0.00000e+00  0.00000e+00  0.00000e+00  0.00000e+00 
  300.00 -4.93200  9.03325e-149  0.00000e+00  0.00000e+00  0.00000e+00  0.00000e+00  0.00000e+00 
  300.00 -4.90600  3.84598e-146  0.00000e+00  0.00000e+00  0.00000e+00  0.00000e+00  0.00000e+00 
  300.00 -4.88000  1.56179e-143  0.00000e+00  0.00000e+00  0.00000e+00  0.00000e+00  0.00000e+00 
  300.00 -4.85400  6.05005e-141  0.00000e+00  0.00000e+00  0.00000e+00  0.00000e+00  0.00000e+00 
  300.00 -4.82800  2.23611e-138  0.00000e+00  0.00000e+00  0.00000e+00  0.00000e+00  0.00000e+00 
  300.00 -4.80200  7.88698e-136  0.00000e+00  0.00000e+00  0.00000e+00  0.00000e+00  0.00000e+00 
  300.00 -4.77600  2.65524e-133  0.00000e+00  0.00000e+00  0.00000e+00  0.00000e+00  0.00000e+00 
  300.00 -4.75000  8.53446e-131  0.00000e+00  0.00000e+00  0.00000e+00  0.00000e+00  0.00000e+00 
  300.00 -4.72400  2.61959e-128  0.00000e+00  0.00000e+00  0.00000e+00  0.00000e+00  0.00000e+00 
  300.00 -4.69800  7.68054e-126  0.00000e+00  0.00000e+00  0.00000e+00  0.00000e+00  0.00000e+00 
  300.00 -4.67200  2.15163e-123  0.00000e+00  0.00000e+00  0.00000e+00  0.00000e+00  0.00000e+00 
  300.00 -4.64600  5.76073e-121  0.00000e+00  0.00000e+00  0.00000e+00  0.00000e+00  0.00000e+00 
  300.00 -4.62000  1.47448e-118  0.00000e+00  0.00000e+00  0.00000e+00  0.00000e+00  0.00000e+00 
  300.00 -4.59400  3.60876e-116  0.00000e+00  0.00000e+00  0.00000e+00  0.00000e+00  0.00000e+00 
  300.00 -4.56800  8.44760e-114  0.00000e+00  0.00000e+00  0.00000e+00  0.00000e+00  0.00000e+00 
  300.00 -4.54200  1.89168e-111  0.00000e+00  0.00000e+00  0.00000e+00  0.00000e+00  0.00000e+00 
  300.00 -4.51600  4.05288e-109  0.00000e+00  0.00000e+00  0.00000e+00  0.00000e+00  0.00000e+00 
  300.00 -4.49000  8.30851e-107  0.00000e+00  0.00000e+00  0.00000e+00  0.00000e+00  0.00000e+00 
  300.00 -4.46400  1.62982e-104  0.00000e+00  0.00000e+00  0.00000e+00  0.00000e+00  0.00000e+00 
  300.00 -4.43800  3.05914e-102  0.00000e+00  0.00000e+00  0.00000e+00  0.00000e+00  0.00000e+00 
  300.00 -4.41200  5.49368e-100  0.00000e+00  0.00000e+00  0.00000e+00  0.00000e+00  0.00000e+00 
  300.00 -4.38600  9.43761e-98  0.00000e+00  0.00000e+00  0.00000e+00  0.00000e+00  0.00000e+00 
  300.00 -4.36000  1.55060e-95  0.00000e+00  0.00000e+00  0.00000e+00  0.00000e+00  0.00000e+00 
  300.00 -4.33400  2.43592e-93  0.00000e+00  0.00000e+00  0.00000e+00  0.00000e+00  0.00000e+00 
  300.00 -4.30800  3.65774e-91  0.00000e+00  0.00000e+00  0.00000e+00  0.00000e+00  0.00000e+00 
  300.00 -4.28200  5.24809e-89  0.00000e+00  0.00000e+00  0.00000e+00  0.00000e+00  0.00000e+00 
  300.00 -4.25600  7.19228e-87  0.00000e+00  0.00000e+00  0.00000e+00  0.00000e+00  0.00000e+00 
  300.00 -4.23000  9.41116e-85  0.00000e+00  0.00000e+00  0.00000e+00  0.00000e+00  0.00000e+00 
  300.00 -4.20400  1.17534e-82  0.00000e+00  0.00000e+00  0.00000e+00  0.00000e+00  0.00000e+00 
  300.00 -4.17800  1.40042e-80  0.00000e+00  0.00000e+00  0.00000e+00  0.00000e+00  0.00000e+00 
  300.00 -4.15200  1.59137e-78  0.00000e+00  0.00000e+00  0.00000e+00  0.00000e+00  0.00000e+00 
  300.00 -4.12600  1.72402e-76  0.00000e+00  0.00000e+00  0.00000e+00  0.00000e+00  0.00000e+00 
  300.00 -4.10000  1.78003e-74  0.00000e+00  0.00000e+00  0.00000e+00  0.00000e+00  0.00000e+00 
  300.00 -4.07400  1.75101e-72  0.00000e+00  0.00000e+00  0.00000e+00  0.00000e+00  0.00000e+00 
  300.00 -4.04800  1.64060e-70  0.00000e+00  0.00000e+00  0.00000e+00  0.00000e+00  0.00000e+00 
  300.00 -4.02200  1.46369e-68  0.00000e+00  0.00000e+00  0.00000e+00  0.00000e+00  0.00000e+00 
  300.00 -3.99600  1.24315e-66  0.00000e+00  0.00000e+00  0.00000e+00  0.00000e+00  0.00000e+00 
  300.00 -3.97000  1.00492e-64  0.00000e+00  0.00000e+00  0.00000e+00  0.00000e+00  0.00000e+00 
  300.00 -3.94400  7.73010e-63  0.00000e+00  0.00000e+00  0.00000e+00  0.00000e+00  0.00000e+00 
  300.00 -3.91800  5.65727e-61  0.00000e+00  0.00000e+00  0.00000e+00  0.00000e+00  0.00000e+00 
  300.00 -3.89200  3.93848e-59  0.00000e+00  0.00000e+00  0.00000e+00  0.00000e+00  0.00000e+00 
  300.00 -3.86600  2.60789e-57  0.00000e+00  0.00000e+00  0.00000e+00  0.00000e+00  0.00000e+00 
  300.00 -3.84000  1.64223e-55  0.00000e+00  0.00000e+00  0.00000e+00  0.00000e+00  0.00000e+00 
  300.00 -3.81400  9.83370e-54  0.00000e+00  0.00000e+00  0.00000e+00  0.00000e+00  0.00000e+00 
  300.00 -3.78800  5.59892e-52  0.00000e+00  0.00000e+00  0.00000e+00  0.00000e+00  0.00000e+00 
  300.00 -3.76200  3.03106e-50  0.00000e+00  0.00000e+00  0.00000e+00  0.00000e+00  0.00000e+00 
  300.00 -3.73600  1.56059e-48  0.00000e+00  0.00000e+00  0.00000e+00  0.00000e+00  0.00000e+00 
  300.00 -3.71000  7.64980e-47  0.00000e+00  0.00000e+00  0.00000e+00  0.00000e+00  0.00000e+00 
  300.00 -3.68400  3.58400e-45  0.00000e+00  0.00000e+00  0.00000e+00  0.00000e+00  0.00000e+00 
  300.00 -3.65800  1.62574e-43  0.00000e+00  0.00000e+00  0.00000e+00  0.00000e+00  0.00000e+00 
  300.00 -3.63200  7.41783e-42  0.00000e+00  0.00000e+00  0.00000e+00  0.00000e+00  0.00000e+00 
  300.00 -3.60600  3.71976e-40  0.00000e+00  0.00000e+00  0.00000e+00  0.00000e+00  0.00000e+00 
  300.00 -3.58000  2.30424e-38  0.00000e+00  0.00000e+00  0.00000e+00  0.00000e+00  0.00000e+00 
  300.00 -3.55400  1.79199e-36  0.00000e+00  0.00000e+00  0.00000e+00  0.00000e+00  0.00000e+00 
  300.00 -3.52800  1.55984e-34  0.00000e+00  0.00000e+00  0.00000e+00  0.00000e+00  0.00000e+00 
  300.00 -3.50200  1.35870e-32  0.00000e+00  0.00000e+00  0.00000e+00  0.00000e+00  0.00000e+00 
  300.00 -3.47600  1.11995e-30  0.00000e+00  0.00000e+00  0.00000e+00  0.00000e+00  0.00000e+00 
  300.00 -3.45000  8.54966e-29  0.00000e+00  0.00000e+00  0.00000e+00  0.00000e+00  0.00000e+00 
  300.00 -3.42400  5.99861e-27  0.00000e+00  0.00000e+00  0.00000e+00  0.00000e+00  0.00000e+00 
  300.00 -3.39800  3.85768e-25  0.00000e+00  0.00000e+00  0.00000e+00  0.00000e+00  0.00000e+00 
  300.00 -3.37200  2.27170e-23  0.00000e+00  0.00000e+00  0.00000e+00  0.00000e+00  0.00000e+00 
  300.00 -3.34600  1.22454e-21  0.00000e+00  0.00000e+00  0.00000e+00  0.00000e+00  0.00000e+00 
  300.00 -3.32000  6.04137e-20  0.00000e+00  0.00000e+00  0.00000e+00  0.00000e+00  0.00000e+00 
  300.00 -3.29400  2.72793e-18  0.00000e+00  0.00000e+00  0.00000e+00  0.00000e+00  0.00000e+00 
  300.00 -3.26800  1.12739e-16  0.00000e+00  0.00000e+00  0.00000e+00  0.00000e+00  0.00000e+00 
  300.00 -3.24200  4.26481e-15  0.00000e+00  0.00000e+00  0.00000e+00  0.00000e+00  0.00000e+00 
  300.00 -3.21600  1.47694e-13  0.00000e+00  0.00000e+00  0.00000e+00  0.00000e+00  0.00000e+00 
  300.00 -3.19000  4.68341e-12  0.00000e+00  0.00000e+00  0.00000e+00  0.00000e+00  0.00000e+00 
  300.00 -3.16400  1.36033e-10  0.00000e+00  0.00000e+00  0.00000e+00  0.00000e+00  0.00000e+00 
  300.00 -3.13800  3.62102e-09  0.00000e+00  0.00000e+00  0.00000e+00  0.00000e+00  0.00000e+00 
  300.00 -3.11200  8.83965e-08  0.00000e+00  0.00000e+00  0.00000e+00  0.00000e+00  0.00000e+00 
  300.00 -3.08600  1.98105e-06  0.00000e+00  0.00000e+00  0.00000e+00  0.00000e+00  0.00000e+00 
  300.00 -3.06000  4.08123e-05  0.00000e+00  0.00000e+00  0.00000e+00  0.00000e+00  0.00000e+00 
  300.00 -3.03400  7.74215e-04  0.00000e+00  0.00000e+00  0.00000e+00  0.00000e+00  0.00000e+00 
  300.00 -3.00800  1.35515e-02  0.00000e+00  0.00000e+00  0.00000e+00  0.00000e+00  0.00000e+00 
  300.00 -2.98200  2.19358e-01  0.00000e+00  0.00000e+00  0.00000e+00  0.00000e+00  0.00000e+00 
  300.00 -2.95600  3.29127e+00  0.00000e+00  0.00000e+00  0.00000e+00  0.00000e+00  0.00000e+00 
  300.00 -2.93000  4.58694e+01  0.00000e+00  0.00000e+00  0.00000e+00  0.00000e+00  0.00000e+00 
  300.00 -2.90400  5.94735e+02  0.00000e+00  0.00000e+00  0.00000e+00  0.00000e+00  0.00000e+00 
  300.00 -2.87800  7.18010e+03  0.00000e+00  0.00000e+00  0.00000e+00  0.00000e+00  0.00000e+00 
  300.00 -2.85200  8.07118e+04  0.00000e+00  0.00000e+00  0.00000e+00  0.00000e+00  0.00000e+00 
  300.00 -2.82600  8.44029e+05  0.00000e+00  0.00000e+00  0.00000e+00  0.00000e+00  0.00000e+00 
  300.00 -2.80000  8.19716e+06  0.00000e+00  0.00000e+00  0.00000e+00  0.00000e+00  0.00000e+00 
  300.00 -2.77400  7.37596e+07  0.00000e+00  0.00000e+00  0.00000e+00  0.00000e+00  0.00000e+00 
  300.00 -2.74800  6.13053e+08  0.00000e+00  0.00000e+00  0.00000e+00  0.00000e+00  0.00000e+00 
  300.00 -2.72200  4.68927e+09  0.00000e+00  0.00000e+00  0.00000e+00  0.00000e+00  0.00000e+00 
  300.00 -2.69600  3.28702e+10  0.00000e+00  0.00000e+00  0.00000e+00  0.00000e+00  0.00000e+00 
  300.00 -2.67000  2.10172e+11  0.00000e+00  0.00000e+00  0.00000e+00  0.00000e+00  0.00000e+00 
  300.00 -2.64400  1.21995e+12  0.00000e+00  0.00000e+00  0.00000e+00  0.00000e+00  0.00000e+00 
  300.00 -2.61800  6.39857e+12  0.00000e+00  0.00000e+00  0.00000e+00  0.00000e+00  0.00000e+00 
  300.00 -2.59200  3.01973e+13  0.00000e+00  0.00000e+00  0.00000e+00  0.00000e+00  0.00000e+00 
  300.00 -2.56600  1.27799e+14  0.00000e+00  0.00000e+00  0.00000e+00  0.00000e+00  0.00000e+00 
  300.00 -2.54000  4.84143e+14  0.00000e+00  0.00000e+00  0.00000e+00  0.00000e+00  0.00000e+00 
  300.00 -2.51400  1.64448e+15  0.00000e+00  0.00000e+00  0.00000e+00  0.00000e+00  0.00000e+00 
  300.00 -2.48800  5.05466e+15  0.00000e+00  0.00000e+00  0.00000e+00  0.00000e+00  0.00000e+00 
  300.00 -2.46200  1.43407e+16  0.00000e+00  0.00000e+00  0.00000e+00  0.00000e+00  0.00000e+00 
  300.00 -2.43600  3.83504e+16  0.00000e+00  0.00000e+00  0.00000e+00  0.00000e+00  0.00000e+00 
  300.00 -2.41000  9.63920e+16  0.00000e+00  0.00000e+00  0.00000e+00  0.00000e+00  0.00000e+00 
  300.00 -2.38400  2.21136e+17  0.00000e+00  0.00000e+00  0.00000e+00  0.00000e+00  0.00000e+00 
  300.00 -2.35800  4.58010e+17  0.00000e+00  0.00000e+00  0.00000e+00  0.00000e+00  0.00000e+00 
  300.00 -2.33200  8.77686e+17  0.00000e+00  0.00000e+00  0.00000e+00  0.00000e+00  0.00000e+00 
  300.00 -2.30600  1.54853e+18  0.00000e+00  0.00000e+00  0.00000e+00  0.00000e+00  0.00000e+00 
  300.00 -2.28000  2.46019e+18  0.00000e+00  0.00000e+00  0.00000e+00  0.00000e+00  0.00000e+00 
  300.00 -2.25400  3.65958e+18  0.00000e+00  0.00000e+00  0.00000e+00  0.00000e+00  0.00000e+00 
  300.00 -2.22800  5.44192e+18  0.00000e+00  0.00000e+00  0.00000e+00  0.00000e+00  0.00000e+00 
  300.00 -2.20200  8.28380e+18  0.00000e+00  0.00000e+00  0.00000e+00  0.00000e+00  0.00000e+00 
  300.00 -2.17600  1.19577e+19  0.00000e+00  0.00000e+00  0.00000e+00  0.00000e+00  0.00000e+00 
  300.00 -2.15000  1.61237e+19  0.00000e+00  0.00000e+00  0.00000e+00  0.00000e+00  0.00000e+00 
  300.00 -2.12400  2.07779e+19  0.00000e+00  0.00000e+00  0.00000e+00  0.00000e+00  0.00000e+00 
  300.00 -2.09800  2.46837e+19  0.00000e+00  0.00000e+00  0.00000e+00  0.00000e+00  0.00000e+00 
  300.00 -2.07200  2.84948e+19  0.00000e+00  0.00000e+00  0.00000e+00  0.00000e+00  0.00000e+00 
  300.00 -2.04600  3.23886e+19  0.00000e+00  0.00000e+00  0.00000e+00  0.00000e+00  0.00000e+00 
  300.00 -2.02000  3.64243e+19  0.00000e+00  0.00000e+00  0.00000e+00  0.00000e+00  0.00000e+00 
  300.00 -1.99400  4.05605e+19  0.00000e+00  0.00000e+00  0.00000e+00  0.00000e+00  0.00000e+00 
  300.00 -1.96800  4.47482e+19  0.00000e+00  0.00000e+00  0.00000e+00  0.00000e+00  0.00000e+00 
  300.00 -1.94200  4.89518e+19  0.00000e+00  0.00000e+00  0.00000e+00  0.00000e+00  0.00000e+00 
  300.00 -1.91600  5.31582e+19  0.00000e+00  0.00000e+00  0.00000e+00  0.00000e+00  0.00000e+00 
  300.00 -1.89000  5.73816e+19  0.00000e+00  0.00000e+00  0.00000e+00  0.00000e+00  0.00000e+00 
  300.00 -1.86400  6.16542e+19  0.00000e+00  0.00000e+00  0.00000e+00  0.00000e+00  0.00000e+00 
  300.00 -1.83800  6.59945e+19  0.00000e+00  0.00000e+00  0.00000e+00  0.00000e+00  0.00000e+00 
  300.00 -1.81200  7.03817e+19  0.00000e+00  0.00000e+00  0.00000e+00  0.00000e+00  0.00000e+00 
  300.00 -1.78600  7.47633e+19  0.00000e+00  0.00000e+00  0.00000e+00  0.00000e+00  0.00000e+00 
  300.00 -1.76000  7.90941e+19  0.00000e+00  0.00000e+00  0.00000e+00  0.00000e+00  0.00000e+00 
  300.00 -1.73400  8.33724e+19  0.00000e+00  0.00000e+00  0.00000e+00  0.00000e+00  0.00000e+00 
  300.00 -1.70800  8.76420e+19  0.00000e+00  0.00000e+00  0.00000e+00  0.00000e+00  0.00000e+00 
  300.00 -1.68200  9.19584e+19  0.00000e+00  0.00000e+00  0.00000e+00  0.00000e+00  0.00000e+00 
  300.00 -1.65600  9.63456e+19  0.00000e+00  0.00000e+00  0.00000e+00  0.00000e+00  0.00000e+00 
  300.00 -1.63000  1.00780e+20  0.00000e+00  0.00000e+00  0.00000e+00  0.00000e+00  0.00000e+00 
  300.00 -1.60400  1.05210e+20  0.00000e+00  0.00000e+00  0.00000e+00  0.00000e+00  0.00000e+00 
  300.00 -1.57800  1.09597e+20  0.00000e+00  0.00000e+00  0.00000e+00  0.00000e+00  0.00000e+00 
  300.00 -1.55200  1.13946e+20  0.00000e+00  0.00000e+00  0.00000e+00  0.00000e+00  0.00000e+00 
  300.00 -1.52600  1.18296e+20  0.00000e+00  0.00000e+00  0.00000e+00  0.00000e+00  0.00000e+00 
  300.00 -1.50000  1.22696e+20  0.00000e+00  0.00000e+00  0.00000e+00  0.00000e+00  0.00000e+00 
  300.00 -1.47400  1.27171e+20  0.00000e+00  0.00000e+00  0.00000e+00  0.00000e+00  0.00000e+00 
  300.00 -1.44800  1.31702e+20  0.00000e+00  0.00000e+00  0.00000e+00  0.00000e+00  0.00000e+00 
  300.00 -1.42200  1.36248e+20  0.00000e+00  0.00000e+00  0.00000e+00  0.00000e+00  0.00000e+00 
  300.00 -1.39600  1.40771e+20  0.00000e+00  0.00000e+00  0.00000e+00  0.00000e+00  0.00000e+00 
  300.00 -1.37000  1.45260e+20  0.00000e+00  0.00000e+00  0.00000e+00  0.00000e+00  0.00000e+00 
  300.00 -1.34400  1.49737e+20  0.00000e+00  0.00000e+00  0.00000e+00  0.00000e+00  0.00000e+00 
  300.00 -1.31800  1.54237e+20  0.00000e+00  0.00000e+00  0.00000e+00  0.00000e+00  0.00000e+00 
  300.00 -1.29200  1.58779e+20  0.00000e+00  0.00000e+00  0.00000e+00  0.00000e+00  0.00000e+00 
  300.00 -1.26600  1.63351e+20  0.00000e+00  0.00000e+00  0.00000e+00  0.00000e+00  0.00000e+00 
  300.00 -1.24000  1.67911e+20  0.00000e+00  0.00000e+00  0.00000e+00  0.00000e+00  0.00000e+00 
  300.00 -1.21400  1.72410e+20  0.00000e+00  0.00000e+00  0.00000e+00  0.00000e+00  0.00000e+00 
  300.00 -1.18800  1.76817e+20  0.00000e+00  0.00000e+00  0.00000e+00  0.00000e+00  0.00000e+00 
  300.00 -1.16200  1.81136e+20  0.00000e+00  0.00000e+00  0.00000e+00  0.00000e+00  0.00000e+00 
  300.00 -1.13600  1.85399e+20  0.00000e+00  0.00000e+00  0.00000e+00  0.00000e+00  0.00000e+00 
  300.00 -1.11000  1.89641e+20  0.00000e+00  0.00000e+00  0.00000e+00  0.00000e+00  0.00000e+00 
  300.00 -1.08400  1.93878e+20  0.00000e+00  0.00000e+00  0.00000e+00  0.00000e+00  0.00000e+00 
  300.00 -1.05800  1.98094e+20  0.00000e+00  0.00000e+00  0.00000e+00  0.00000e+00  0.00000e+00 
  300.00 -1.03200  2.02242e+20  0.00000e+00  0.00000e+00  0.00000e+00  0.00000e+00  0.00000e+00 
  300.00 -1.00600  2.06271e+20  0.00000e+00  0.00000e+00  0.00000e+00  0.00000e+00  0.00000e+00 
  300.00 -0.98000  2.10148e+20  0.00000e+00  0.00000e+00  0.00000e+00  0.00000e+00  0.00000e+00 
  300.00 -0.95400  2.13870e+20  0.00000e+00  0.00000e+00  0.00000e+00  0.00000e+00  0.00000e+00 
  300.00 -0.92800  2.17458e+20  0.00000e+00  0.00000e+00  0.00000e+00  0.00000e+00  0.00000e+00 
  300.00 -0.90200  2.20925e+20  0.00000e+00  0.00000e+00  0.00000e+00  0.00000e+00  0.00000e+00 
  300.00 -0.87600  2.24255e+20  0.00000e+00  0.00000e+00  0.00000e+00  0.00000e+00  0.00000e+00 
  300.00 -0.85000  2.27376e+20  0.00000e+00  0.00000e+00  0.00000e+00  0.00000e+00  0.00000e+00 
  300.00 -0.82400  2.30173e+20  0.00000e+00  0.00000e+00  0.00000e+00  0.00000e+00  0.00000e+00 
  300.00 -0.79800  2.32526e+20  0.00000e+00  0.00000e+00  0.00000e+00  0.00000e+00  0.00000e+00 
  300.00 -0.77200  2.34394e+20  0.00000e+00  0.00000e+00  0.00000e+00  0.00000e+00  0.00000e+00 
  300.00 -0.74600  2.35829e+20  0.00000e+00  0.00000e+00  0.00000e+00  0.00000e+00  0.00000e+00 
  300.00 -0.72000  2.36684e+20  0.00000e+00  0.00000e+00  0.00000e+00  0.00000e+00  0.00000e+00 
  300.00 -0.69400  2.36813e+20  0.00000e+00  0.00000e+00  0.00000e+00  0.00000e+00  0.00000e+00 
  300.00 -0.66800  2.35857e+20  0.00000e+00  0.00000e+00  0.00000e+00  0.00000e+00  0.00000e+00 
  300.00 -0.64200  2.33832e+20  0.00000e+00  0.00000e+00  0.00000e+00  0.00000e+00  0.00000e+00 
  300.00 -0.61600  2.31356e+20  0.00000e+00  0.00000e+00  0.00000e+00  0.00000e+00  0.00000e+00 
  300.00 -0.59000  2.28735e+20  0.00000e+00  0.00000e+00  0.00000e+00  0.00000e+00  0.00000e+00 
  300.00 -0.56400  2.25911e+20  0.00000e+00  0.00000e+00  0.00000e+00  0.00000e+00  0.00000e+00 
  300.00 -0.53800  2.22806e+20  0.00000e+00  0.00000e+00  0.00000e+00  0.00000e+00  0.00000e+00 
  300.00 -0.51200  2.19311e+20  0.00000e+00  0.00000e+00  0.00000e+00  0.00000e+00  0.00000e+00 
  300.00 -0.48600  2.15315e+20  0.00000e+00  0.00000e+00  0.00000e+00  0.00000e+00  0.00000e+00 
  300.00 -0.46000  2.10721e+20  0.00000e+00  0.00000e+00  0.00000e+00  0.00000e+00  0.00000e+00 
  300.00 -0.43400  2.05605e+20  0.00000e+00  0.00000e+00  0.00000e+00  0.00000e+00  0.00000e+00 
  300.00 -0.40800  2.00043e+20  0.00000e+00  0.00000e+00  0.00000e+00  0.00000e+00  0.00000e+00 
  300.00 -0.38200  1.93891e+20  0.00000e+00  0.00000e+00  0.00000e+00  0.00000e+00  0.00000e+00 
  300.00 -0.35600  1.86965e+20  0.00000e+00  0.00000e+00  0.00000e+00  0.00000e+00  0.00000e+00 
  300.00 -0.33000  1.79260e+20  0.00000e+00  0.00000e+00  0.00000e+00  0.00000e+00  0.00000e+00 
  300.00 -0.30400  1.70910e+20  0.00000e+00  0.00000e+00  0.00000e+00  0.00000e+00  0.00000e+00 
  300.00 -0.27800  1.62041e+20  0.00000e+00  0.00000e+00  0.00000e+00  0.00000e+00  0.00000e+00 
  300.00 -0.25200  1.52563e+20  0.00000e+00  0.00000e+00  0.00000e+00  0.00000e+00  0.00000e+00 
  300.00 -0.22600  1.42181e+20  0.00000e+00  0.00000e+00  0.00000e+00  0.00000e+00  0.00000e+00 
  300.00 -0.20000  1.30942e+20  0.00000e+00  0.00000e+00  0.00000e+00  0.00000e+00  0.00000e+00 
  300.00 -0.17400  1.19249e+20  0.00000e+00  0.00000e+00  0.00000e+00  0.00000e+00  0.00000e+00 
  300.00 -0.14800  1.06671e+20  0.00000e+00  0.00000e+00  0.00000e+00  0.00000e+00  0.00000e+00 
  300.00 -0.12200  9.24503e+19  0.00000e+00  0.00000e+00  0.00000e+00  0.00000e+00  0.00000e+00 
  300.00 -0.09600  7.75251e+19  0.00000e+00  0.00000e+00  0.00000e+00  0.00000e+00  0.00000e+00 
  300.00 -0.07000  6.06532e+19  0.00000e+00  0.00000e+00  0.00000e+00  0.00000e+00  0.00000e+00 
  300.00 -0.04400  3.92456e+19  0.00000e+00  0.00000e+00  0.00000e+00  0.00000e+00  0.00000e+00 
  300.00 -0.01800  1.86618e+19  0.00000e+00  0.00000e+00  0.00000e+00  0.00000e+00  0.00000e+00 
  300.00  0.00800  5.55820e+18  0.00000e+00  0.00000e+00  0.00000e+00  0.00000e+00  0.00000e+00 
  300.00  0.03400  1.24766e+18  0.00000e+00  0.00000e+00  0.00000e+00  0.00000e+00  0.00000e+00 
  300.00  0.06000  2.73636e+17  0.00000e+00  0.00000e+00  0.00000e+00  0.00000e+00  0.00000e+00 
  300.00  0.08600  5.78203e+16  0.00000e+00  0.00000e+00  0.00000e+00  0.00000e+00  0.00000e+00 
  300.00  0.11200  1.15869e+16  0.00000e+00  0.00000e+00  0.00000e+00  0.00000e+00  0.00000e+00 
  300.00  0.13800  2.23107e+15  0.00000e+00  0.00000e+00  0.00000e+00  0.00000e+00  0.00000e+00 
  300.00  0.16400  4.16244e+14  0.00000e+00  0.00000e+00  0.00000e+00  0.00000e+00  0.00000e+00 
  300.00  0.19000  7.50852e+13  0.00000e+00  0.00000e+00  0.00000e+00  0.00000e+00  0.00000e+00 
  300.00  0.21600  1.29973e+13  0.00000e+00  0.00000e+00  0.00000e+00  0.00000e+00  0.00000e+00 
  300.00  0.24200  2.14478e+12  0.00000e+00  0.00000e+00  0.00000e+00  0.00000e+00  0.00000e+00 
  300.00  0.26800  3.36521e+11  0.00000e+00  0.00000e+00  0.00000e+00  0.00000e+00  0.00000e+00 
  300.00  0.29400  5.02631e+10  0.00000e+00  0.00000e+00  0.00000e+00  0.00000e+00  0.00000e+00 
  300.00  0.32000  7.17143e+09  0.00000e+00  0.00000e+00  0.00000e+00  0.00000e+00  0.00000e+00 
  300.00  0.34600  9.81529e+08  0.00000e+00  0.00000e+00  0.00000e+00  0.00000e+00  0.00000e+00 
  300.00  0.37200  1.29335e+08  0.00000e+00  0.00000e+00  0.00000e+00  0.00000e+00  0.00000e+00 
  300.00  0.39800  1.64425e+07  0.00000e+00  0.00000e+00  0.00000e+00  0.00000e+00  0.00000e+00 
  300.00  0.42400  2.01726e+06  0.00000e+00  0.00000e+00  0.00000e+00  0.00000e+00  0.00000e+00 
  300.00  0.45000  2.38453e+05  0.00000e+00  0.00000e+00  0.00000e+00  0.00000e+00  0.00000e+00 
  300.00  0.47600  2.70794e+04  0.00000e+00  0.00000e+00  0.00000e+00  0.00000e+00  0.00000e+00 
  300.00  0.50200  2.94426e+03  0.00000e+00  0.00000e+00  0.00000e+00  0.00000e+00  0.00000e+00 
  300.00  0.52800  3.05465e+02  0.00000e+00  0.00000e+00  0.00000e+00  0.00000e+00  0.00000e+00 
  300.00  0.55400  3.01561e+01  0.00000e+00  0.00000e+00  0.00000e+00  0.00000e+00  0.00000e+00 
  300.00  0.58000  2.82699e+00  0.00000e+00  0.00000e+00  0.00000e+00  0.00000e+00  0.00000e+00 
  300.00  0.60600  2.51334e-01  0.00000e+00  0.00000e+00  0.00000e+00  0.00000e+00  0.00000e+00 
  300.00  0.63200  2.11792e-02  0.00000e+00  0.00000e+00  0.00000e+00  0.00000e+00  0.00000e+00 
  300.00  0.65800  1.69169e-03  0.00000e+00  0.00000e+00  0.00000e+00  0.00000e+00  0.00000e+00 
  300.00  0.68400  1.28156e-04  0.00000e+00  0.00000e+00  0.00000e+00  0.00000e+00  0.00000e+00 
  300.00  0.71000  9.21754e-06  0.00000e+00  0.00000e+00  0.00000e+00  0.00000e+00  0.00000e+00 
  300.00  0.73600  6.30343e-07  0.00000e+00  0.00000e+00  0.00000e+00  0.00000e+00  0.00000e+00 
  300.00  0.76200  4.10585e-08  0.00000e+00  0.00000e+00  0.00000e+00  0.00000e+00  0.00000e+00 
  300.00  0.78800  2.55266e-09  0.00000e+00  0.00000e+00  0.00000e+00  0.00000e+00  0.00000e+00 
  300.00  0.81400  1.51819e-10  0.00000e+00  0.00000e+00  0.00000e+00  0.00000e+00  0.00000e+00 
  300.00  0.84000  8.65757e-12  0.00000e+00  0.00000e+00  0.00000e+00  0.00000e+00  0.00000e+00 
  300.00  0.86600  4.74390e-13  0.00000e+00  0.00000e+00  0.00000e+00  0.00000e+00  0.00000e+00 
  300.00  0.89200  2.50224e-14  0.00000e+00  0.00000e+00  0.00000e+00  0.00000e+00  0.00000e+00 
  300.00  0.91800  1.27213e-15  0.00000e+00  0.00000e+00  0.00000e+00  0.00000e+00  0.00000e+00 
  300.00  0.94400  6.23780e-17  0.00000e+00  0.00000e+00  0.00000e+00  0.00000e+00  0.00000e+00 
  300.00  0.97000  2.95426e-18  0.00000e+00  0.00000e+00  0.00000e+00  0.00000e+00  0.00000e+00 
  300.00  0.99600  1.56534e-19  0.00000e+00  0.00000e+00  0.00000e+00  0.00000e+00  0.00000e+00 
  300.00  1.02200  1.15118e-19  0.00000e+00  0.00000e+00  0.00000e+00  0.00000e+00  0.00000e+00 
  300.00  1.04800  5.34991e-19  0.00000e+00  0.00000e+00  0.00000e+00  0.00000e+00  0.00000e+00 
  300.00  1.07400  2.58976e-18  0.00000e+00  0.00000e+00  0.00000e+00  0.00000e+00  0.00000e+00 
  300.00  1.10000  1.24022e-17  0.00000e+00  0.00000e+00  0.00000e+00  0.00000e+00  0.00000e+00 
  300.00  1.12600  5.87163e-17  0.00000e+00  0.00000e+00  0.00000e+00  0.00000e+00  0.00000e+00 
  300.00  1.15200  2.74744e-16  0.00000e+00  0.00000e+00  0.00000e+00  0.00000e+00  0.00000e+00 
  300.00  1.17800  1.27032e-15  0.00000e+00  0.00000e+00  0.00000e+00  0.00000e+00  0.00000e+00 
  300.00  1.20400  5.80275e-15  0.00000e+00  0.00000e+00  0.00000e+00  0.00000e+00  0.00000e+00 
  300.00  1.23000  2.61827e-14  0.00000e+00  0.00000e+00  0.00000e+00  0.00000e+00  0.00000e+00 
  300.00  1.25600  1.16679e-13  0.00000e+00  0.00000e+00  0.00000e+00  0.00000e+00  0.00000e+00 
  300.00  1.28200  5.13477e-13  0.00000e+00  0.00000e+00  0.00000e+00  0.00000e+00  0.00000e+00 
  300.00  1.30800  2.23129e-12  0.00000e+00  0.00000e+00  0.00000e+00  0.00000e+00  0.00000e+00 
  300.00  1.33400  9.57348e-12  0.00000e+00  0.00000e+00  0.00000e+00  0.00000e+00  0.00000e+00 
  300.00  1.36000  4.05549e-11  0.00000e+00  0.00000e+00  0.00000e+00  0.00000e+00  0.00000e+00 
  300.00  1.38600  1.69617e-10  0.00000e+00  0.00000e+00  0.00000e+00  0.00000e+00  0.00000e+00 
  300.00  1.41200  7.00403e-10  0.00000e+00  0.00000e+00  0.00000e+00  0.00000e+00  0.00000e+00 
  300.00  1.43800  2.85556e-09  0.00000e+00  0.00000e+00  0.00000e+00  0.00000e+00  0.00000e+00 
  300.00  1.46400  1.14952e-08  0.00000e+00  0.00000e+00  0.00000e+00  0.00000e+00  0.00000e+00 
  300.00  1.49000  4.56937e-08  0.00000e+00  0.00000e+00  0.00000e+00  0.00000e+00  0.00000e+00 
  300.00  1.51600  1.79367e-07  0.00000e+00  0.00000e+00  0.00000e+00  0.00000e+00  0.00000e+00 
  300.00  1.54200  6.95372e-07  0.00000e+00  0.00000e+00  0.00000e+00  0.00000e+00  0.00000e+00 
  300.00  1.56800  2.66274e-06  0.00000e+00  0.00000e+00  0.00000e+00  0.00000e+00  0.00000e+00 
  300.00  1.59400  1.00723e-05  0.00000e+00  0.00000e+00  0.00000e+00  0.00000e+00  0.00000e+00 
  300.00  1.62000  3.76422e-05  0.00000e+00  0.00000e+00  0.00000e+00  0.00000e+00  0.00000e+00 
  300.00  1.64600  1.39003e-04  0.00000e+00  0.00000e+00  0.00000e+00  0.00000e+00  0.00000e+00 
  300.00  1.67200  5.07264e-04  0.00000e+00  0.00000e+00  0.00000e+00  0.00000e+00  0.00000e+00 
  300.00  1.69800  1.82965e-03  0.00000e+00  0.00000e+00  0.00000e+00  0.00000e+00  0.00000e+00 
  300.00  1.72400  6.52359e-03  0.00000e+00  0.00000e+00  0.00000e+00  0.00000e+00  0.00000e+00 
  300.00  1.75000  2.29960e-02  0.00000e+00  0.00000e+00  0.00000e+00  0.00000e+00  0.00000e+00 
  300.00  1.77600  8.01535e-02  0.00000e+00  0.00000e+00  0.00000e+00  0.00000e+00  0.00000e+00 
  300.00  1.80200  2.76286e-01  0.00000e+00  0.00000e+00  0.00000e+00  0.00000e+00  0.00000e+00 
  300.00  1.82800  9.41935e-01  0.00000e+00  0.00000e+00  0.00000e+00  0.00000e+00  0.00000e+00 
  300.00  1.85400  3.17661e+00  0.00000e+00  0.00000e+00  0.00000e+00  0.00000e+00  0.00000e+00 
  300.00  1.88000  1.05985e+01  0.00000e+00  0.00000e+00  0.00000e+00  0.00000e+00  0.00000e+00 
  300.00  1.90600  3.49875e+01  0.00000e+00  0.00000e+00  0.00000e+00  0.00000e+00  0.00000e+00 
  300.00  1.93200  1.14295e+02  0.00000e+00  0.00000e+00  0.00000e+00  0.00000e+00  0.00000e+00 
  300.00  1.95800  3.69513e+02  0.00000e+00  0.00000e+00  0.00000e+00  0.00000e+00  0.00000e+00 
  300.00  1.98400  1.18242e+03  0.00000e+00  0.00000e+00  0.00000e+00  0.00000e+00  0.00000e+00 
  300.00  2.01000  3.74539e+03  0.00000e+00  0.00000e+00  0.00000e+00  0.00000e+00  0.00000e+00 
  300.00  2.03600  1.17448e+04  0.00000e+00  0.00000e+00  0.00000e+00  0.00000e+00  0.00000e+00 
  300.00  2.06200  3.64634e+04  0.00000e+00  0.00000e+00  0.00000e+00  0.00000e+00  0.00000e+00 
  300.00  2.08800  1.12090e+05  0.00000e+00  0.00000e+00  0.00000e+00  0.00000e+00  0.00000e+00 
  300.00  2.11400  3.41197e+05  0.00000e+00  0.00000e+00  0.00000e+00  0.00000e+00  0.00000e+00 
  300.00  2.14000  1.02850e+06  0.00000e+00  0.00000e+00  0.00000e+00  0.00000e+00  0.00000e+00 
  300.00  2.16600  3.07036e+06  0.00000e+00  0.00000e+00  0.00000e+00  0.00000e+00  0.00000e+00 
  300.00  2.19200  9.07769e+06  0.00000e+00  0.00000e+00  0.00000e+00  0.00000e+00  0.00000e+00 
  300.00  2.21800  2.65813e+07  0.00000e+00  0.00000e+00  0.00000e+00  0.00000e+00  0.00000e+00 
  300.00  2.24400  7.70890e+07  0.00000e+00  0.00000e+00  0.00000e+00  0.00000e+00  0.00000e+00 
  300.00  2.27000  2.21421e+08  0.00000e+00  0.00000e+00  0.00000e+00  0.00000e+00  0.00000e+00 
  300.00  2.29600  6.29853e+08  0.00000e+00  0.00000e+00  0.00000e+00  0.00000e+00  0.00000e+00 
  300.00  2.32200  1.77430e+09  0.00000e+00  0.00000e+00  0.00000e+00  0.00000e+00  0.00000e+00 
  300.00  2.34800  4.94930e+09  0.00000e+00  0.00000e+00  0.00000e+00  0.00000e+00  0.00000e+00 
  300.00  2.37400  1.36691e+10  0.00000e+00  0.00000e+00  0.00000e+00  0.00000e+00  0.00000e+00 
  300.00  2.40000  3.73725e+10  0.00000e+00  0.00000e+00  0.00000e+00  0.00000e+00  0.00000e+00 
  300.00  2.42600  1.01134e+11  0.00000e+00  0.00000e+00  0.00000e+00  0.00000e+00  0.00000e+00 
  300.00  2.45200  2.70815e+11  0.00000e+00  0.00000e+00  0.00000e+00  0.00000e+00  0.00000e+00 
  300.00  2.47800  7.17389e+11  0.00000e+00  0.00000e+00  0.00000e+00  0.00000e+00  0.00000e+00 
  300.00  2.50400  1.87932e+12  0.00000e+00  0.00000e+00  0.00000e+00  0.00000e+00  0.00000e+00 
  300.00  2.53000  4.86699e+12  0.00000e+00  0.00000e+00  0.00000e+00  0.00000e+00  0.00000e+00 
  300.00  2.55600  1.24557e+13  0.00000e+00  0.00000e+00  0.00000e+00  0.00000e+00  0.00000e+00 
  300.00  2.58200  3.14881e+13  0.00000e+00  0.00000e+00  0.00000e+00  0.00000e+00  0.00000e+00 
  300.00  2.60800  7.85966e+13  0.00000e+00  0.00000e+00  0.00000e+00  0.00000e+00  0.00000e+00 
  300.00  2.63400  1.93604e+14  0.00000e+00  0.00000e+00  0.00000e+00  0.00000e+00  0.00000e+00 
  300.00  2.66000  4.70343e+14  0.00000e+00  0.00000e+00  0.00000e+00  0.00000e+00  0.00000e+00 
  300.00  2.68600  1.12622e+15  0.00000e+00  0.00000e+00  0.00000e+00  0.00000e+00  0.00000e+00 
  300.00  2.71200  2.65621e+15  0.00000e+00  0.00000e+00  0.00000e+00  0.00000e+00  0.00000e+00 
  300.00  2.73800  6.16703e+15  0.00000e+00  0.00000e+00  0.00000e+00  0.00000e+00  0.00000e+00 
  300.00  2.76400  1.40862e+16  0.00000e+00  0.00000e+00  0.00000e+00  0.00000e+00  0.00000e+00 
  300.00  2.79000  3.16272e+16  0.00000e+00  0.00000e+00  0.00000e+00  0.00000e+00  0.00000e+00 
  300.00  2.81600  6.97313e+16  0.00000e+00  0.00000e+00  0.00000e+00  0.00000e+00  0.00000e+00 
  300.00  2.84200  1.50831e+17  0.00000e+00  0.00000e+00  0.00000e+00  0.00000e+00  0.00000e+00 
  300.00  2.86800  3.19896e+17  0.00000e+00  0.00000e+00  0.00000e+00  0.00000e+00  0.00000e+00 
  300.00  2.89400  6.64550e+17  0.00000e+00  0.00000e+00  0.00000e+00  0.00000e+00  0.00000e+00 
  300.00  2.92000  1.34908e+18  0.00000e+00  0.00000e+00  0.00000e+00  0.00000e+00  0.00000e+00 
  300.00  2.94600  2.67600e+18  0.00000e+00  0.00000e+00  0.00000e+00  0.00000e+00  0.00000e+00 
  300.00  2.97200  5.17652e+18  0.00000e+00  0.00000e+00  0.00000e+00  0.00000e+00  0.00000e+00 
  300.00  2.99800  9.49597e+18  0.00000e+00  0.00000e+00  0.00000e+00  0.00000e+00  0.00000e+00 
  300.00  3.02400  1.57585e+19  0.00000e+00  0.00000e+00  0.00000e+00  0.00000e+00  0.00000e+00 
  300.00  3.05000  2.33581e+19  0.00000e+00  0.00000e+00  0.00000e+00  0.00000e+00  0.00000e+00 
  300.00  3.07600  3.21421e+19  0.00000e+00  0.00000e+00  0.00000e+00  0.00000e+00  0.00000e+00 
  300.00  3.10200  4.21172e+19  0.00000e+00  0.00000e+00  0.00000e+00  0.00000e+00  0.00000e+00 
  300.00  3.12800  5.27925e+19  0.00000e+00  0.00000e+00  0.00000e+00  0.00000e+00  0.00000e+00 
  300.00  3.15400  6.39188e+19  0.00000e+00  0.00000e+00  0.00000e+00  0.00000e+00  0.00000e+00 
  300.00  3.18000  7.57936e+19  0.00000e+00  0.00000e+00  0.00000e+00  0.00000e+00  0.00000e+00 
  300.00  3.20600  8.88543e+19  0.00000e+00  0.00000e+00  0.00000e+00  0.00000e+00  0.00000e+00 
  300.00  3.23200  1.03417e+20  0.00000e+00  0.00000e+00  0.00000e+00  0.00000e+00  0.00000e+00 
  300.00  3.25800  1.19847e+20  0.00000e+00  0.00000e+00  0.00000e+00  0.00000e+00  0.00000e+00 
  300.00  3.28400  1.37522e+20  0.00000e+00  0.00000e+00  0.00000e+00  0.00000e+00  0.00000e+00 
  300.00  3.31000  1.56368e+20  0.00000e+00  0.00000e+00  0.00000e+00  0.00000e+00  0.00000e+00 
  300.00  3.33600  1.76167e+20  0.00000e+00  0.00000e+00  0.00000e+00  0.00000e+00  0.00000e+00 
  300.00  3.36200  1.96714e+20  0.00000e+00  0.00000e+00  0.00000e+00  0.00000e+00  0.00000e+00 
  300.00  3.38800  2.18151e+20  0.00000e+00  0.00000e+00  0.00000e+00  0.00000e+00  0.00000e+00 
  300.00  3.41400  2.39978e+20  0.00000e+00  0.00000e+00  0.00000e+00  0.00000e+00  0.00000e+00 
  300.00  3.44000  2.62126e+20  0.00000e+00  0.00000e+00  0.00000e+00  0.00000e+00  0.00000e+00 
  300.00  3.46600  2.84647e+20  0.00000e+00  0.00000e+00  0.00000e+00  0.00000e+00  0.00000e+00 
  300.00  3.49200  3.07976e+20  0.00000e+00  0.00000e+00  0.00000e+00  0.00000e+00  0.00000e+00 
  300.00  3.51800  3.29790e+20  0.00000e+00  0.00000e+00  0.00000e+00  0.00000e+00  0.00000e+00 
  300.00  3.54400  3.45464e+20  0.00000e+00  0.00000e+00  0.00000e+00  0.00000e+00  0.00000e+00 
  300.00  3.57000  3.56846e+20  0.00000e+00  0.00000e+00  0.00000e+00  0.00000e+00  0.00000e+00 
  300.00  3.59600  3.62298e+20  0.00000e+00  0.00000e+00  0.00000e+00  0.00000e+00  0.00000e+00 
  300.00  3.62200  3.65841e+20  0.00000e+00  0.00000e+00  0.00000e+00  0.00000e+00  0.00000e+00 
  300.00  3.64800  3.69378e+20  0.00000e+00  0.00000e+00  0.00000e+00  0.00000e+00  0.00000e+00 
  300.00  3.67400  3.72902e+20  0.00000e+00  0.00000e+00  0.00000e+00  0.00000e+00  0.00000e+00 
  300.00  3.70000  3.76089e+20  0.00000e+00  0.00000e+00  0.00000e+00  0.00000e+00  0.00000e+00 
  300.00  3.72600  3.78563e+20  0.00000e+00  0.00000e+00  0.00000e+00  0.00000e+00  0.00000e+00 
  300.00  3.75200  3.80583e+20  0.00000e+00  0.00000e+00  0.00000e+00  0.00000e+00  0.00000e+00 
  300.00  3.77800  3.82381e+20  0.00000e+00  0.00000e+00  0.00000e+00  0.00000e+00  0.00000e+00 
  300.00  3.80400  3.83856e+20  0.00000e+00  0.00000e+00  0.00000e+00  0.00000e+00  0.00000e+00 
  300.00  3.83000  3.84857e+20  0.00000e+00  0.00000e+00  0.00000e+00  0.00000e+00  0.00000e+00 
  300.00  3.85600  3.85401e+20  0.00000e+00  0.00000e+00  0.00000e+00  0.00000e+00  0.00000e+00 
  300.00  3.88200  3.85634e+20  0.00000e+00  0.00000e+00  0.00000e+00  0.00000e+00  0.00000e+00 
  300.00  3.90800  3.85687e+20  0.00000e+00  0.00000e+00  0.00000e+00  0.00000e+00  0.00000e+00 
  300.00  3.93400  3.85586e+20  0.00000e+00  0.00000e+00  0.00000e+00  0.00000e+00  0.00000e+00 
  300.00  3.96000  3.85283e+20  0.00000e+00  0.00000e+00  0.00000e+00  0.00000e+00  0.00000e+00 
  300.00  3.98600  3.84721e+20  0.00000e+00  0.00000e+00  0.00000e+00  0.00000e+00  0.00000e+00 
  300.00  4.01200  3.83890e+20  0.00000e+00  0.00000e+00  0.00000e+00  0.00000e+00  0.00000e+00 
  300.00  4.03800  3.82839e+20  0.00000e+00  0.00000e+00  0.00000e+00  0.00000e+00  0.00000e+00 
  300.00  4.06400  3.81637e+20  0.00000e+00  0.00000e+00  0.00000e+00  0.00000e+00  0.00000e+00 
  300.00  4.09000  3.80342e+20  0.00000e+00  0.00000e+00  0.00000e+00  0.00000e+00  0.00000e+00 
  300.00  4.11600  3.78972e+20  0.00000e+00  0.00000e+00  0.00000e+00  0.00000e+00  0.00000e+00 
  300.00  4.14200  3.77511e+20  0.00000e+00  0.00000e+00  0.00000e+00  0.00000e+00  0.00000e+00 
  300.00  4.16800  3.75926e+20  0.00000e+00  0.00000e+00  0.00000e+00  0.00000e+00  0.00000e+00 
  300.00  4.19400  3.74191e+20  0.00000e+00  0.00000e+00  0.00000e+00  0.00000e+00  0.00000e+00 
  300.00  4.22000  3.72302e+20  0.00000e+00  0.00000e+00  0.00000e+00  0.00000e+00  0.00000e+00 
  300.00  4.24600  3.70280e+20  0.00000e+00  0.00000e+00  0.00000e+00  0.00000e+00  0.00000e+00 
  300.00  4.27200  3.68159e+20  0.00000e+00  0.00000e+00  0.00000e+00  0.00000e+00  0.00000e+00 
  300.00  4.29800  3.65977e+20  0.00000e+00  0.00000e+00  0.00000e+00  0.00000e+00  0.00000e+00 
  300.00  4.32400  3.63758e+20  0.00000e+00  0.00000e+00  0.00000e+00  0.00000e+00  0.00000e+00 
  300.00  4.35000  3.61508e+20  0.00000e+00  0.00000e+00  0.00000e+00  0.00000e+00  0.00000e+00 
  300.00  4.37600  3.59216e+20  0.00000e+00  0.00000e+00  0.00000e+00  0.00000e+00  0.00000e+00 
  300.00  4.40200  3.56862e+20  0.00000e+00  0.00000e+00  0.00000e+00  0.00000e+00  0.00000e+00 
  300.00  4.42800  3.54428e+20  0.00000e+00  0.00000e+00  0.00000e+00  0.00000e+00  0.00000e+00 
  300.00  4.45400  3.51901e+20  0.00000e+00  0.00000e+00  0.00000e+00  0.00000e+00  0.00000e+00 
  300.00  4.48000  3.49282e+20  0.00000e+00  0.00000e+00  0.00000e+00  0.00000e+00  0.00000e+00 
  300.00  4.50600  3.46583e+20  0.00000e+00  0.00000e+00  0.00000e+00  0.00000e+00  0.00000e+00 
  300.00  4.53200  3.43825e+20  0.00000e+00  0.00000e+00  0.00000e+00  0.00000e+00  0.00000e+00 
  300.00  4.55800  3.41029e+20  0.00000e+00  0.00000e+00  0.00000e+00  0.00000e+00  0.00000e+00 
  300.00  4.58400  3.38215e+20  0.00000e+00  0.00000e+00  0.00000e+00  0.00000e+00  0.00000e+00 
  300.00  4.61000  3.35391e+20  0.00000e+00  0.00000e+00  0.00000e+00  0.00000e+00  0.00000e+00 
  300.00  4.63600  3.32559e+20  0.00000e+00  0.00000e+00  0.00000e+00  0.00000e+00  0.00000e+00 
  300.00  4.66200  3.29712e+20  0.00000e+00  0.00000e+00  0.00000e+00  0.00000e+00  0.00000e+00 
  300.00  4.68800  3.26841e+20  0.00000e+00  0.00000e+00  0.00000e+00  0.00000e+00  0.00000e+00 
  300.00  4.71400  3.23939e+20  0.00000e+00  0.00000e+00  0.00000e+00  0.00000e+00  0.00000e+00 
  300.00  4.74000  3.21004e+20  0.00000e+00  0.00000e+00  0.00000e+00  0.00000e+00  0.00000e+00 
  300.00  4.76600  3.18049e+20  0.00000e+00  0.00000e+00  0.00000e+00  0.00000e+00  0.00000e+00 
  300.00  4.79200  3.15112e+20  0.00000e+00  0.00000e+00  0.00000e+00  0.00000e+00  0.00000e+00 
  300.00  4.81800  3.12268e+20  0.00000e+00  0.00000e+00  0.00000e+00  0.00000e+00  0.00000e+00 
  300.00  4.84400  3.09663e+20  0.00000e+00  0.00000e+00  0.00000e+00  0.00000e+00  0.00000e+00 
  300.00  4.87000  3.07568e+20  0.00000e+00  0.00000e+00  0.00000e+00  0.00000e+00  0.00000e+00 
  300.00  4.89600  3.06465e+20  0.00000e+00  0.00000e+00  0.00000e+00  0.00000e+00  0.00000e+00 
  300.00  4.92200  3.07161e+20  0.00000e+00  0.00000e+00  0.00000e+00  0.00000e+00  0.00000e+00 
  300.00  4.94800  3.10603e+20  0.00000e+00  0.00000e+00  0.00000e+00  0.00000e+00  0.00000e+00 
  300.00  4.97400  3.17016e+20  0.00000e+00  0.00000e+00  0.00000e+00  0.00000e+00  0.00000e+00 
