gG 312
X 156
W 111
K 331
gG 270
L 191
U 111
W 221
L 191
K 0
U 111
X 0

0.0 0.0 0.0
0.0 0.0016021728515625 0.0016021728515625
0.0 0.003204345703125 0.003204345703125
0.0 0.0048065185546875 0.0048065185546875
0.0 0.00640869140625 0.00640869140625
0.0 0.0080108642578125 0.0080108642578125
0.0 0.009613037109375 0.009613037109375
0.0 0.0112152099609375 0.0112152099609375
0.0 0.0128173828125 0.0128173828125
0.0 0.0144195556640625 0.0144195556640625
0.0 0.016021728515625 0.016021728515625
0.0 0.0176239013671875 0.0176239013671875
0.0 0.01922607421875 0.01922607421875
0.0 0.0208282470703125 0.0208282470703125
0.0 0.022430419921875 0.022430419921875
0.0 0.0240325927734375 0.0240325927734375
0.0 0.025634765625 0.025634765625
0.0 0.0272369384765625 0.0272369384765625
0.0 0.028839111328125 0.028839111328125
0.0 0.0304412841796875 0.0304412841796875
0.0 0.03204345703125 0.03204345703125
0.0 0.033660888671875 0.033660888671875
0.0 0.035247802734375 0.035247802734375
0.0 0.036865234375 0.036865234375
0.0 0.0384521484375 0.0384521484375
0.0 0.040069580078125 0.040069580078125
0.0 0.041656494140625 0.041656494140625
0.0 0.04327392578125 0.04327392578125
0.0 0.04486083984375 0.04486083984375
0.0 0.046478271484375 0.046478271484375
0.0 0.048065185546875 0.048065185546875
0.0 0.0496826171875 0.0496826171875
0.0 0.05126953125 0.05126953125
0.0 0.052886962890625 0.052886962890625
0.0 0.054473876953125 0.054473876953125
0.0 0.05609130859375 0.05609130859375
0.0 0.05767822265625 0.05767822265625
0.0 0.059295654296875 0.059295654296875
0.0 0.060882568359375 0.060882568359375
0.0 0.0625 0.0625
0.0 0.0640869140625 0.0640869140625
0.0 0.06573486328125 0.06573486328125
0.0 0.06732177734375 0.06732177734375
0.0 0.06890869140625 0.06890869140625
0.0 0.07049560546875 0.07049560546875
0.0 0.0721435546875 0.0721435546875
0.0 0.07373046875 0.07373046875
0.0 0.0753173828125 0.0753173828125
0.0 0.076904296875 0.076904296875
0.0 0.07855224609375 0.07855224609375
0.0 0.08013916015625 0.08013916015625
0.0 0.08172607421875 0.08172607421875
0.0 0.08331298828125 0.08331298828125
0.0 0.0849609375 0.0849609375
0.0 0.0865478515625 0.0865478515625
0.0 0.088134765625 0.088134765625
0.0 0.0897216796875 0.0897216796875
0.0 0.09136962890625 0.09136962890625
0.0 0.09295654296875 0.09295654296875
0.0 0.09454345703125 0.09454345703125
0.0 0.09613037109375 0.09613037109375
0.0 0.0977783203125 0.0977783203125
0.0 0.099365234375 0.099365234375
0.0 0.1009521484375 0.1009521484375
0.0 0.1025390625 0.1025390625
0.0 0.10418701171875 0.10418701171875
0.0 0.10577392578125 0.10577392578125
0.0 0.10736083984375 0.10736083984375
0.0 0.10894775390625 0.10894775390625
0.0 0.110595703125 0.110595703125
0.0 0.1121826171875 0.1121826171875
0.0 0.11376953125 0.11376953125
0.0 0.1153564453125 0.1153564453125
0.0 0.11700439453125 0.11700439453125
0.0 0.11859130859375 0.11859130859375
0.0 0.12017822265625 0.12017822265625
0.0 0.12176513671875 0.12176513671875
0.0 0.1234130859375 0.1234130859375
0.0 0.125 0.125
0.0 0.1265869140625 0.1265869140625
0.0 0.128173828125 0.128173828125
0.0 0.1297607421875 0.1297607421875
0.0 0.1314697265625 0.1314697265625
0.0 0.133056640625 0.133056640625
0.0 0.1346435546875 0.1346435546875
0.0 0.13623046875 0.13623046875
0.0 0.1378173828125 0.1378173828125
0.0 0.139404296875 0.139404296875
0.0 0.1409912109375 0.1409912109375
0.0 0.142578125 0.142578125
0.0 0.144287109375 0.144287109375
0.0 0.1458740234375 0.1458740234375
0.0 0.1474609375 0.1474609375
0.0 0.1490478515625 0.1490478515625
0.0 0.150634765625 0.150634765625
0.0 0.1522216796875 0.1522216796875
0.0 0.15380859375 0.15380859375
0.0 0.1553955078125 0.1553955078125
0.0 0.1571044921875 0.1571044921875
0.0 0.15869140625 0.15869140625
0.0 0.1602783203125 0.1602783203125
0.0 0.161865234375 0.161865234375
0.0 0.1634521484375 0.1634521484375
0.0 0.1650390625 0.1650390625
0.0 0.1666259765625 0.1666259765625
0.0 0.168212890625 0.168212890625
0.0 0.169921875 0.169921875
0.0 0.1715087890625 0.1715087890625
0.0 0.173095703125 0.173095703125
0.0 0.1746826171875 0.1746826171875
0.0 0.17626953125 0.17626953125
0.0 0.1778564453125 0.1778564453125
0.0 0.179443359375 0.179443359375
0.0 0.1810302734375 0.1810302734375
0.0 0.1827392578125 0.1827392578125
0.0 0.184326171875 0.184326171875
0.0 0.1859130859375 0.1859130859375
0.0 0.1875 0.1875
0.0 0.1890869140625 0.1890869140625
0.0 0.190673828125 0.190673828125
0.0 0.1922607421875 0.1922607421875
0.0 0.1939697265625 0.1939697265625
0.0 0.195556640625 0.195556640625
0.0 0.1971435546875 0.1971435546875
0.0 0.19873046875 0.19873046875
0.0 0.2003173828125 0.2003173828125
0.0 0.201904296875 0.201904296875
0.0 0.2034912109375 0.2034912109375
0.0 0.205078125 0.205078125
0.0 0.206787109375 0.206787109375
0.0 0.2083740234375 0.2083740234375
0.0 0.2099609375 0.2099609375
0.0 0.2115478515625 0.2115478515625
0.0 0.213134765625 0.213134765625
0.0 0.2147216796875 0.2147216796875
0.0 0.21630859375 0.21630859375
0.0 0.2178955078125 0.2178955078125
0.0 0.2196044921875 0.2196044921875
0.0 0.22119140625 0.22119140625
0.0 0.2227783203125 0.2227783203125
0.0 0.224365234375 0.224365234375
0.0 0.2259521484375 0.2259521484375
0.0 0.2275390625 0.2275390625
0.0 0.2291259765625 0.2291259765625
0.0 0.230712890625 0.230712890625
0.0 0.232421875 0.232421875
0.0 0.2340087890625 0.2340087890625
0.0 0.235595703125 0.235595703125
0.0 0.2371826171875 0.2371826171875
0.0 0.23876953125 0.23876953125
0.0 0.2403564453125 0.2403564453125
0.0 0.241943359375 0.241943359375
0.0 0.2435302734375 0.2435302734375
0.0 0.2452392578125 0.2452392578125
0.0 0.246826171875 0.246826171875
0.0 0.2484130859375 0.2484130859375
0.0 0.25 0.25
0.0 0.251708984375 0.251708984375
0.0 0.253173828125 0.253173828125
0.0 0.2548828125 0.2548828125
0.0 0.25634765625 0.25634765625
0.0 0.258056640625 0.258056640625
0.0 0.259521484375 0.259521484375
0.0 0.26123046875 0.26123046875
0.0 0.262939453125 0.262939453125
0.0 0.264404296875 0.264404296875
0.0 0.26611328125 0.26611328125
0.0 0.267578125 0.267578125
0.0 0.269287109375 0.269287109375
0.0 0.270751953125 0.270751953125
0.0 0.2724609375 0.2724609375
0.0 0.27392578125 0.27392578125
0.0 0.275634765625 0.275634765625
0.0 0.27734375 0.27734375
0.0 0.27880859375 0.27880859375
0.0 0.280517578125 0.280517578125
0.0 0.281982421875 0.281982421875
0.0 0.28369140625 0.28369140625
0.0 0.28515625 0.28515625
0.0 0.286865234375 0.286865234375
0.0 0.28857421875 0.28857421875
0.0 0.2900390625 0.2900390625
0.0 0.291748046875 0.291748046875
0.0 0.293212890625 0.293212890625
0.0 0.294921875 0.294921875
0.0 0.29638671875 0.29638671875
0.0 0.298095703125 0.298095703125
0.0 0.299560546875 0.299560546875
0.0 0.30126953125 0.30126953125
0.0 0.302978515625 0.302978515625
0.0 0.304443359375 0.304443359375
0.0 0.30615234375 0.30615234375
0.0 0.3076171875 0.3076171875
0.0 0.309326171875 0.309326171875
0.0 0.310791015625 0.310791015625
0.0 0.3125 0.3125
0.0 0.314208984375 0.314208984375
0.0 0.315673828125 0.315673828125
0.0 0.3173828125 0.3173828125
0.0 0.31884765625 0.31884765625
0.0 0.320556640625 0.320556640625
0.0 0.322021484375 0.322021484375
0.0 0.32373046875 0.32373046875
0.0 0.325439453125 0.325439453125
0.0 0.326904296875 0.326904296875
0.0 0.32861328125 0.32861328125
0.0 0.330078125 0.330078125
0.0 0.331787109375 0.331787109375
0.0 0.333251953125 0.333251953125
0.0 0.3349609375 0.3349609375
0.0 0.33642578125 0.33642578125
0.0 0.338134765625 0.338134765625
0.0 0.33984375 0.33984375
0.0 0.34130859375 0.34130859375
0.0 0.343017578125 0.343017578125
0.0 0.344482421875 0.344482421875
0.0 0.34619140625 0.34619140625
0.0 0.34765625 0.34765625
0.0 0.349365234375 0.349365234375
0.0 0.35107421875 0.35107421875
0.0 0.3525390625 0.3525390625
0.0 0.354248046875 0.354248046875
0.0 0.355712890625 0.355712890625
0.0 0.357421875 0.357421875
0.0 0.35888671875 0.35888671875
0.0 0.360595703125 0.360595703125
0.0 0.362060546875 0.362060546875
0.0 0.36376953125 0.36376953125
0.0 0.365478515625 0.365478515625
0.0 0.366943359375 0.366943359375
0.0 0.36865234375 0.36865234375
0.0 0.3701171875 0.3701171875
0.0 0.371826171875 0.371826171875
0.0 0.373291015625 0.373291015625
0.0 0.375 0.375
0.0 0.376708984375 0.376708984375
0.0 0.378173828125 0.378173828125
0.0 0.3798828125 0.3798828125
0.0 0.38134765625 0.38134765625
0.0 0.383056640625 0.383056640625
0.0 0.384521484375 0.384521484375
0.0 0.38623046875 0.38623046875
0.0 0.387939453125 0.387939453125
0.0 0.389404296875 0.389404296875
0.0 0.39111328125 0.39111328125
0.0 0.392578125 0.392578125
0.0 0.394287109375 0.394287109375
0.0 0.395751953125 0.395751953125
0.0 0.3974609375 0.3974609375
0.0 0.39892578125 0.39892578125
0.0 0.400634765625 0.400634765625
0.0 0.40234375 0.40234375
0.0 0.40380859375 0.40380859375
0.0 0.405517578125 0.405517578125
0.0 0.406982421875 0.406982421875
0.0 0.40869140625 0.40869140625
0.0 0.41015625 0.41015625
0.0 0.411865234375 0.411865234375
0.0 0.41357421875 0.41357421875
0.0 0.4150390625 0.4150390625
0.0 0.416748046875 0.416748046875
0.0 0.418212890625 0.418212890625
0.0 0.419921875 0.419921875
0.0 0.42138671875 0.42138671875
0.0 0.423095703125 0.423095703125
0.0 0.424560546875 0.424560546875
0.0 0.42626953125 0.42626953125
0.0 0.427978515625 0.427978515625
0.0 0.429443359375 0.429443359375
0.0 0.43115234375 0.43115234375
0.0 0.4326171875 0.4326171875
0.0 0.434326171875 0.434326171875
0.0 0.435791015625 0.435791015625
0.0 0.4375 0.4375
0.0 0.439208984375 0.439208984375
0.0 0.440673828125 0.440673828125
0.0 0.4423828125 0.4423828125
0.0 0.44384765625 0.44384765625
0.0 0.445556640625 0.445556640625
0.0 0.447021484375 0.447021484375
0.0 0.44873046875 0.44873046875
0.0 0.450439453125 0.450439453125
0.0 0.451904296875 0.451904296875
0.0 0.45361328125 0.45361328125
0.0 0.455078125 0.455078125
0.0 0.456787109375 0.456787109375
0.0 0.458251953125 0.458251953125
0.0 0.4599609375 0.4599609375
0.0 0.46142578125 0.46142578125
0.0 0.463134765625 0.463134765625
0.0 0.46484375 0.46484375
0.0 0.46630859375 0.46630859375
0.0 0.468017578125 0.468017578125
0.0 0.469482421875 0.469482421875
0.0 0.47119140625 0.47119140625
0.0 0.47265625 0.47265625
0.0 0.474365234375 0.474365234375
0.0 0.47607421875 0.47607421875
0.0 0.4775390625 0.4775390625
0.0 0.479248046875 0.479248046875
0.0 0.480712890625 0.480712890625
0.0 0.482421875 0.482421875
0.0 0.48388671875 0.48388671875
0.0 0.485595703125 0.485595703125
0.0 0.487060546875 0.487060546875
0.0 0.48876953125 0.48876953125
0.0 0.490478515625 0.490478515625
0.0 0.491943359375 0.491943359375
0.0 0.49365234375 0.49365234375
0.0 0.4951171875 0.4951171875
0.0 0.496826171875 0.496826171875
0.0 0.498291015625 0.498291015625
0.0 0.5 0.5
-0.0016021728515625 0.5 0.498291015625
-0.003204345703125 0.5 0.496826171875
-0.0048065185546875 0.5 0.4951171875
-0.00640869140625 0.5 0.49365234375
-0.0080108642578125 0.5 0.491943359375
-0.009613037109375 0.5 0.490478515625
-0.0112152099609375 0.5 0.48876953125
-0.0128173828125 0.5 0.487060546875
-0.0144195556640625 0.5 0.485595703125
-0.016021728515625 0.5 0.48388671875
-0.0176239013671875 0.5 0.482421875
-0.01922607421875 0.5 0.480712890625
-0.0208282470703125 0.5 0.479248046875
-0.022430419921875 0.5 0.4775390625
-0.0240325927734375 0.5 0.47607421875
-0.025634765625 0.5 0.474365234375
-0.0272369384765625 0.5 0.47265625
-0.028839111328125 0.5 0.47119140625
-0.0304412841796875 0.5 0.469482421875
-0.03204345703125 0.5 0.468017578125
-0.033660888671875 0.5 0.46630859375
-0.035247802734375 0.5 0.46484375
-0.036865234375 0.5 0.463134765625
-0.0384521484375 0.5 0.46142578125
-0.040069580078125 0.5 0.4599609375
-0.041656494140625 0.5 0.458251953125
-0.04327392578125 0.5 0.456787109375
-0.04486083984375 0.5 0.455078125
-0.046478271484375 0.5 0.45361328125
-0.048065185546875 0.5 0.451904296875
-0.0496826171875 0.5 0.450439453125
-0.05126953125 0.5 0.44873046875
-0.052886962890625 0.5 0.447021484375
-0.054473876953125 0.5 0.445556640625
-0.05609130859375 0.5 0.44384765625
-0.05767822265625 0.5 0.4423828125
-0.059295654296875 0.5 0.440673828125
-0.060882568359375 0.5 0.439208984375
-0.0625 0.5 0.4375
-0.0640869140625 0.5 0.435791015625
-0.06573486328125 0.5 0.434326171875
-0.06732177734375 0.5 0.4326171875
-0.06890869140625 0.5 0.43115234375
-0.07049560546875 0.5 0.429443359375
-0.0721435546875 0.5 0.427978515625
-0.07373046875 0.5 0.42626953125
-0.0753173828125 0.5 0.424560546875
-0.076904296875 0.5 0.423095703125
-0.07855224609375 0.5 0.42138671875
-0.08013916015625 0.5 0.419921875
-0.08172607421875 0.5 0.418212890625
-0.08331298828125 0.5 0.416748046875
-0.0849609375 0.5 0.4150390625
-0.0865478515625 0.5 0.41357421875
-0.088134765625 0.5 0.411865234375
-0.0897216796875 0.5 0.41015625
-0.09136962890625 0.5 0.40869140625
-0.09295654296875 0.5 0.406982421875
-0.09454345703125 0.5 0.405517578125
-0.09613037109375 0.5 0.40380859375
-0.0977783203125 0.5 0.40234375
-0.099365234375 0.5 0.400634765625
-0.1009521484375 0.5 0.39892578125
-0.1025390625 0.5 0.3974609375
-0.10418701171875 0.5 0.395751953125
-0.10577392578125 0.5 0.394287109375
-0.10736083984375 0.5 0.392578125
-0.10894775390625 0.5 0.39111328125
-0.110595703125 0.5 0.389404296875
-0.1121826171875 0.5 0.387939453125
-0.11376953125 0.5 0.38623046875
-0.1153564453125 0.5 0.384521484375
-0.11700439453125 0.5 0.383056640625
-0.11859130859375 0.5 0.38134765625
-0.12017822265625 0.5 0.3798828125
-0.12176513671875 0.5 0.378173828125
-0.1234130859375 0.5 0.376708984375
-0.125 0.5 0.375
-0.1265869140625 0.5 0.373291015625
-0.128173828125 0.5 0.371826171875
-0.1297607421875 0.5 0.3701171875
-0.1314697265625 0.5 0.36865234375
-0.133056640625 0.5 0.366943359375
-0.1346435546875 0.5 0.365478515625
-0.13623046875 0.5 0.36376953125
-0.1378173828125 0.5 0.362060546875
-0.139404296875 0.5 0.360595703125
-0.1409912109375 0.5 0.35888671875
-0.142578125 0.5 0.357421875
-0.144287109375 0.5 0.355712890625
-0.1458740234375 0.5 0.354248046875
-0.1474609375 0.5 0.3525390625
-0.1490478515625 0.5 0.35107421875
-0.150634765625 0.5 0.349365234375
-0.1522216796875 0.5 0.34765625
-0.15380859375 0.5 0.34619140625
-0.1553955078125 0.5 0.344482421875
-0.1571044921875 0.5 0.343017578125
-0.15869140625 0.5 0.34130859375
-0.1602783203125 0.5 0.33984375
-0.161865234375 0.5 0.338134765625
-0.1634521484375 0.5 0.33642578125
-0.1650390625 0.5 0.3349609375
-0.1666259765625 0.5 0.333251953125
-0.168212890625 0.5 0.331787109375
-0.169921875 0.5 0.330078125
-0.1715087890625 0.5 0.32861328125
-0.173095703125 0.5 0.326904296875
-0.1746826171875 0.5 0.325439453125
-0.17626953125 0.5 0.32373046875
-0.1778564453125 0.5 0.322021484375
-0.179443359375 0.5 0.320556640625
-0.1810302734375 0.5 0.31884765625
-0.1827392578125 0.5 0.3173828125
-0.184326171875 0.5 0.315673828125
-0.1859130859375 0.5 0.314208984375
-0.1875 0.5 0.3125
-0.1890869140625 0.5 0.310791015625
-0.190673828125 0.5 0.309326171875
-0.1922607421875 0.5 0.3076171875
-0.1939697265625 0.5 0.30615234375
-0.195556640625 0.5 0.304443359375
-0.1971435546875 0.5 0.302978515625
-0.19873046875 0.5 0.30126953125
-0.2003173828125 0.5 0.299560546875
-0.201904296875 0.5 0.298095703125
-0.2034912109375 0.5 0.29638671875
-0.205078125 0.5 0.294921875
-0.206787109375 0.5 0.293212890625
-0.2083740234375 0.5 0.291748046875
-0.2099609375 0.5 0.2900390625
-0.2115478515625 0.5 0.28857421875
-0.213134765625 0.5 0.286865234375
-0.2147216796875 0.5 0.28515625
-0.21630859375 0.5 0.28369140625
-0.2178955078125 0.5 0.281982421875
-0.2196044921875 0.5 0.280517578125
-0.22119140625 0.5 0.27880859375
-0.2227783203125 0.5 0.27734375
-0.224365234375 0.5 0.275634765625
-0.2259521484375 0.5 0.27392578125
-0.2275390625 0.5 0.2724609375
-0.2291259765625 0.5 0.270751953125
-0.230712890625 0.5 0.269287109375
-0.232421875 0.5 0.267578125
-0.2340087890625 0.5 0.26611328125
-0.235595703125 0.5 0.264404296875
-0.2371826171875 0.5 0.262939453125
-0.23876953125 0.5 0.26123046875
-0.2403564453125 0.5 0.259521484375
-0.241943359375 0.5 0.258056640625
-0.2435302734375 0.5 0.25634765625
-0.2452392578125 0.5 0.2548828125
-0.246826171875 0.5 0.253173828125
-0.2484130859375 0.5 0.251708984375
-0.25 0.5 0.25
-0.251220703125 0.498779296875 0.247802734375
-0.252197265625 0.497802734375 0.2454833984375
-0.25341796875 0.49658203125 0.2432861328125
-0.25439453125 0.49560546875 0.240966796875
-0.255615234375 0.494384765625 0.23876953125
-0.2568359375 0.4931640625 0.2364501953125
-0.2578125 0.4921875 0.2342529296875
-0.259033203125 0.490966796875 0.23193359375
-0.26025390625 0.48974609375 0.229736328125
-0.26123046875 0.48876953125 0.2274169921875
-0.262451171875 0.487548828125 0.2252197265625
-0.263427734375 0.486572265625 0.2230224609375
-0.2646484375 0.4853515625 0.220703125
-0.265869140625 0.484130859375 0.218505859375
-0.266845703125 0.483154296875 0.2161865234375
-0.26806640625 0.48193359375 0.2139892578125
-0.26904296875 0.48095703125 0.211669921875
-0.270263671875 0.479736328125 0.20947265625
-0.271484375 0.478515625 0.2071533203125
-0.2724609375 0.4775390625 0.2049560546875
-0.273681640625 0.476318359375 0.2027587890625
-0.274658203125 0.475341796875 0.200439453125
-0.27587890625 0.47412109375 0.1982421875
-0.277099609375 0.472900390625 0.1959228515625
-0.278076171875 0.471923828125 0.1937255859375
-0.279296875 0.470703125 0.19140625
-0.280517578125 0.469482421875 0.189208984375
-0.281494140625 0.468505859375 0.1868896484375
-0.28271484375 0.46728515625 0.1846923828125
-0.28369140625 0.46630859375 0.182373046875
-0.284912109375 0.465087890625 0.18017578125
-0.2861328125 0.4638671875 0.177978515625
-0.287109375 0.462890625 0.1756591796875
-0.288330078125 0.461669921875 0.1734619140625
-0.289306640625 0.460693359375 0.171142578125
-0.29052734375 0.45947265625 0.1689453125
-0.291748046875 0.458251953125 0.1666259765625
-0.292724609375 0.457275390625 0.1644287109375
-0.2939453125 0.4560546875 0.162109375
-0.295166015625 0.454833984375 0.159912109375
-0.296142578125 0.453857421875 0.15771484375
-0.29736328125 0.45263671875 0.1553955078125
-0.29833984375 0.45166015625 0.1531982421875
-0.299560546875 0.450439453125 0.15087890625
-0.30078125 0.44921875 0.148681640625
-0.3017578125 0.4482421875 0.1463623046875
-0.302978515625 0.447021484375 0.1441650390625
-0.303955078125 0.446044921875 0.141845703125
-0.30517578125 0.44482421875 0.1396484375
-0.306396484375 0.443603515625 0.1373291015625
-0.307373046875 0.442626953125 0.1351318359375
-0.30859375 0.44140625 0.1329345703125
-0.3095703125 0.4404296875 0.130615234375
-0.310791015625 0.439208984375 0.12841796875
-0.31201171875 0.43798828125 0.1260986328125
-0.31298828125 0.43701171875 0.1239013671875
-0.314208984375 0.435791015625 0.12164306640625
-0.3154296875 0.4345703125 0.119384765625
-0.31640625 0.43359375 0.11712646484375
-0.317626953125 0.432373046875 0.1148681640625
-0.318603515625 0.431396484375 0.11260986328125
-0.31982421875 0.43017578125 0.1103515625
-0.321044921875 0.428955078125 0.10809326171875
-0.322021484375 0.427978515625 0.1058349609375
-0.3232421875 0.4267578125 0.10357666015625
-0.32421875 0.42578125 0.10137939453125
-0.325439453125 0.424560546875 0.09912109375
-0.32666015625 0.42333984375 0.09686279296875
-0.32763671875 0.42236328125 0.0946044921875
-0.328857421875 0.421142578125 0.09234619140625
-0.329833984375 0.420166015625 0.090087890625
-0.3310546875 0.4189453125 0.08782958984375
-0.332275390625 0.417724609375 0.0855712890625
-0.333251953125 0.416748046875 0.08331298828125
-0.33447265625 0.41552734375 0.0810546875
-0.335693359375 0.414306640625 0.078857421875
-0.336669921875 0.413330078125 0.07659912109375
-0.337890625 0.412109375 0.0743408203125
-0.3388671875 0.4111328125 0.07208251953125
-0.340087890625 0.409912109375 0.06982421875
-0.34130859375 0.40869140625 0.06756591796875
-0.34228515625 0.40771484375 0.0653076171875
-0.343505859375 0.406494140625 0.06304931640625
-0.344482421875 0.405517578125 0.060821533203125
-0.345703125 0.404296875 0.058563232421875
-0.346923828125 0.403076171875 0.056304931640625
-0.347900390625 0.402099609375 0.054046630859375
-0.34912109375 0.40087890625 0.051788330078125
-0.350341796875 0.399658203125 0.049560546875
-0.351318359375 0.398681640625 0.04730224609375
-0.3525390625 0.3974609375 0.0450439453125
-0.353515625 0.396484375 0.04278564453125
-0.354736328125 0.395263671875 0.04052734375
-0.35595703125 0.39404296875 0.038299560546875
-0.35693359375 0.39306640625 0.036041259765625
-0.358154296875 0.391845703125 0.033782958984375
-0.359130859375 0.390869140625 0.031524658203125
-0.3603515625 0.3896484375 0.0292816162109375
-0.361572265625 0.388427734375 0.0270233154296875
-0.362548828125 0.387451171875 0.0247802734375
-0.36376953125 0.38623046875 0.02252197265625
-0.36474609375 0.38525390625 0.020263671875
-0.365966796875 0.384033203125 0.0180206298828125
-0.3671875 0.3828125 0.0157623291015625
-0.3681640625 0.3818359375 0.01351165771484375
-0.369384765625 0.380615234375 0.011260986328125
-0.37060546875 0.37939453125 0.00901031494140625
-0.37158203125 0.37841796875 0.006755828857421875
-0.372802734375 0.377197265625 0.004505157470703125
-0.373779296875 0.376220703125 0.0022525787353515625
-0.375 0.375 0.0
-0.373779296875 0.373779296875 0.0
-0.372802734375 0.372802734375 0.0
-0.37158203125 0.37158203125 0.0
-0.370361328125 0.370361328125 0.0
-0.369384765625 0.369384765625 0.0
-0.3681640625 0.3681640625 0.0
-0.3671875 0.3671875 0.0
-0.365966796875 0.365966796875 0.0
-0.36474609375 0.36474609375 0.0
-0.36376953125 0.36376953125 0.0
-0.362548828125 0.362548828125 0.0
-0.361328125 0.361328125 0.0
-0.3603515625 0.3603515625 0.0
-0.359130859375 0.359130859375 0.0
-0.35791015625 0.35791015625 0.0
-0.35693359375 0.35693359375 0.0
-0.355712890625 0.355712890625 0.0
-0.3544921875 0.3544921875 0.0
-0.353515625 0.353515625 0.0
-0.352294921875 0.352294921875 0.0
-0.351318359375 0.351318359375 0.0
-0.35009765625 0.35009765625 0.0
-0.348876953125 0.348876953125 0.0
-0.347900390625 0.347900390625 0.0
-0.3466796875 0.3466796875 0.0
-0.345458984375 0.345458984375 0.0
-0.344482421875 0.344482421875 0.0
-0.34326171875 0.34326171875 0.0
-0.342041015625 0.342041015625 0.0
-0.341064453125 0.341064453125 0.0
-0.33984375 0.33984375 0.0
-0.3388671875 0.3388671875 0.0
-0.337646484375 0.337646484375 0.0
-0.33642578125 0.33642578125 0.0
-0.33544921875 0.33544921875 0.0
-0.334228515625 0.334228515625 0.0
-0.3330078125 0.3330078125 0.0
-0.33203125 0.33203125 0.0
-0.330810546875 0.330810546875 0.0
-0.32958984375 0.32958984375 0.0
-0.32861328125 0.32861328125 0.0
-0.327392578125 0.327392578125 0.0
-0.326171875 0.326171875 0.0
-0.3251953125 0.3251953125 0.0
-0.323974609375 0.323974609375 0.0
-0.322998046875 0.322998046875 0.0
-0.32177734375 0.32177734375 0.0
-0.320556640625 0.320556640625 0.0
-0.319580078125 0.319580078125 0.0
-0.318359375 0.318359375 0.0
-0.317138671875 0.317138671875 0.0
-0.316162109375 0.316162109375 0.0
-0.31494140625 0.31494140625 0.0
-0.313720703125 0.313720703125 0.0
-0.312744140625 0.312744140625 0.0
-0.3115234375 0.3115234375 0.0
-0.310302734375 0.310302734375 0.0
-0.309326171875 0.309326171875 0.0
-0.30810546875 0.30810546875 0.0
-0.30712890625 0.30712890625 0.0
-0.305908203125 0.305908203125 0.0
-0.3046875 0.3046875 0.0
-0.3037109375 0.3037109375 0.0
-0.302490234375 0.302490234375 0.0
-0.30126953125 0.30126953125 0.0
-0.30029296875 0.30029296875 0.0
-0.299072265625 0.299072265625 0.0
-0.2978515625 0.2978515625 0.0
-0.296875 0.296875 0.0
-0.295654296875 0.295654296875 0.0
-0.294677734375 0.294677734375 0.0
-0.29345703125 0.29345703125 0.0
-0.292236328125 0.292236328125 0.0
-0.291259765625 0.291259765625 0.0
-0.2900390625 0.2900390625 0.0
-0.288818359375 0.288818359375 0.0
-0.287841796875 0.287841796875 0.0
-0.28662109375 0.28662109375 0.0
-0.285400390625 0.285400390625 0.0
-0.284423828125 0.284423828125 0.0
-0.283203125 0.283203125 0.0
-0.281982421875 0.281982421875 0.0
-0.281005859375 0.281005859375 0.0
-0.27978515625 0.27978515625 0.0
-0.27880859375 0.27880859375 0.0
-0.277587890625 0.277587890625 0.0
-0.2763671875 0.2763671875 0.0
-0.275390625 0.275390625 0.0
-0.274169921875 0.274169921875 0.0
-0.27294921875 0.27294921875 0.0
-0.27197265625 0.27197265625 0.0
-0.270751953125 0.270751953125 0.0
-0.26953125 0.26953125 0.0
-0.2685546875 0.2685546875 0.0
-0.267333984375 0.267333984375 0.0
-0.266357421875 0.266357421875 0.0
-0.26513671875 0.26513671875 0.0
-0.263916015625 0.263916015625 0.0
-0.262939453125 0.262939453125 0.0
-0.26171875 0.26171875 0.0
-0.260498046875 0.260498046875 0.0
-0.259521484375 0.259521484375 0.0
-0.25830078125 0.25830078125 0.0
-0.257080078125 0.257080078125 0.0
-0.256103515625 0.256103515625 0.0
-0.2548828125 0.2548828125 0.0
-0.253662109375 0.253662109375 0.0
-0.252685546875 0.252685546875 0.0
-0.25146484375 0.25146484375 0.0
-0.25048828125 0.25048828125 0.0
-0.249267578125 0.249267578125 0.0
-0.2481689453125 0.2481689453125 0.0
-0.2469482421875 0.2469482421875 0.0
-0.245849609375 0.245849609375 0.0
-0.2447509765625 0.2447509765625 0.0
-0.2435302734375 0.2435302734375 0.0
-0.242431640625 0.242431640625 0.0
-0.2413330078125 0.2413330078125 0.0
-0.240234375 0.240234375 0.0
-0.239013671875 0.239013671875 0.0
-0.2379150390625 0.2379150390625 0.0
-0.23681640625 0.23681640625 0.0
-0.235595703125 0.235595703125 0.0
-0.2344970703125 0.2344970703125 0.0
-0.2333984375 0.2333984375 0.0
-0.2322998046875 0.2322998046875 0.0
-0.2310791015625 0.2310791015625 0.0
-0.22998046875 0.22998046875 0.0
-0.2288818359375 0.2288818359375 0.0
-0.2276611328125 0.2276611328125 0.0
-0.2265625 0.2265625 0.0
-0.2254638671875 0.2254638671875 0.0
-0.224365234375 0.224365234375 0.0
-0.22314453125 0.22314453125 0.0
-0.2220458984375 0.2220458984375 0.0
-0.220947265625 0.220947265625 0.0
-0.2198486328125 0.2198486328125 0.0
-0.2186279296875 0.2186279296875 0.0
-0.217529296875 0.217529296875 0.0
-0.2164306640625 0.2164306640625 0.0
-0.2152099609375 0.2152099609375 0.0
-0.214111328125 0.214111328125 0.0
-0.2130126953125 0.2130126953125 0.0
-0.2119140625 0.2119140625 0.0
-0.210693359375 0.210693359375 0.0
-0.2095947265625 0.2095947265625 0.0
-0.20849609375 0.20849609375 0.0
-0.207275390625 0.207275390625 0.0
-0.2061767578125 0.2061767578125 0.0
-0.205078125 0.205078125 0.0
-0.2039794921875 0.2039794921875 0.0
-0.2027587890625 0.2027587890625 0.0
-0.20166015625 0.20166015625 0.0
-0.2005615234375 0.2005615234375 0.0
-0.1993408203125 0.1993408203125 0.0
-0.1982421875 0.1982421875 0.0
-0.1971435546875 0.1971435546875 0.0
-0.196044921875 0.196044921875 0.0
-0.19482421875 0.19482421875 0.0
-0.1937255859375 0.1937255859375 0.0
-0.192626953125 0.192626953125 0.0
-0.19140625 0.19140625 0.0
-0.1903076171875 0.1903076171875 0.0
-0.189208984375 0.189208984375 0.0
-0.1881103515625 0.1881103515625 0.0
-0.1868896484375 0.1868896484375 0.0
-0.185791015625 0.185791015625 0.0
-0.1846923828125 0.1846923828125 0.0
-0.18359375 0.18359375 0.0
-0.182373046875 0.182373046875 0.0
-0.1812744140625 0.1812744140625 0.0
-0.18017578125 0.18017578125 0.0
-0.178955078125 0.178955078125 0.0
-0.1778564453125 0.1778564453125 0.0
-0.1767578125 0.1767578125 0.0
-0.1756591796875 0.1756591796875 0.0
-0.1744384765625 0.1744384765625 0.0
-0.17333984375 0.17333984375 0.0
-0.1722412109375 0.1722412109375 0.0
-0.1710205078125 0.1710205078125 0.0
-0.169921875 0.169921875 0.0
-0.1688232421875 0.1688232421875 0.0
-0.167724609375 0.167724609375 0.0
-0.16650390625 0.16650390625 0.0
-0.1654052734375 0.1654052734375 0.0
-0.164306640625 0.164306640625 0.0
-0.1630859375 0.1630859375 0.0
-0.1619873046875 0.1619873046875 0.0
-0.160888671875 0.160888671875 0.0
-0.1597900390625 0.1597900390625 0.0
-0.1585693359375 0.1585693359375 0.0
-0.157470703125 0.157470703125 0.0
-0.1563720703125 0.1563720703125 0.0
-0.1551513671875 0.1551513671875 0.0
-0.154052734375 0.154052734375 0.0
-0.1529541015625 0.1529541015625 0.0
-0.15185546875 0.15185546875 0.0
-0.150634765625 0.150634765625 0.0
-0.1495361328125 0.1495361328125 0.0
-0.1484375 0.1484375 0.0
-0.1473388671875 0.1473388671875 0.0
-0.1461181640625 0.1461181640625 0.0
-0.14501953125 0.14501953125 0.0
-0.1439208984375 0.1439208984375 0.0
-0.1427001953125 0.1427001953125 0.0
-0.1416015625 0.1416015625 0.0
-0.1405029296875 0.1405029296875 0.0
-0.139404296875 0.139404296875 0.0
-0.13818359375 0.13818359375 0.0
-0.1370849609375 0.1370849609375 0.0
-0.135986328125 0.135986328125 0.0
-0.134765625 0.134765625 0.0
-0.1336669921875 0.1336669921875 0.0
-0.132568359375 0.132568359375 0.0
-0.1314697265625 0.1314697265625 0.0
-0.1302490234375 0.1302490234375 0.0
-0.129150390625 0.129150390625 0.0
-0.1280517578125 0.1280517578125 0.0
-0.1268310546875 0.1268310546875 0.0
-0.125732421875 0.125732421875 0.0
-0.1246337890625 0.1246337890625 0.0
-0.12347412109375 0.12347412109375 0.0
-0.12237548828125 0.12237548828125 0.0
-0.1212158203125 0.1212158203125 0.0
-0.1201171875 0.1201171875 0.0
-0.11895751953125 0.11895751953125 0.0
-0.1177978515625 0.1177978515625 0.0
-0.11669921875 0.11669921875 0.0
-0.11553955078125 0.11553955078125 0.0
-0.11444091796875 0.11444091796875 0.0
-0.11328125 0.11328125 0.0
-0.1121826171875 0.1121826171875 0.0
-0.11102294921875 0.11102294921875 0.0
-0.10992431640625 0.10992431640625 0.0
-0.1087646484375 0.1087646484375 0.0
-0.10760498046875 0.10760498046875 0.0
-0.10650634765625 0.10650634765625 0.0
-0.1053466796875 0.1053466796875 0.0
-0.104248046875 0.104248046875 0.0
-0.10308837890625 0.10308837890625 0.0
-0.10198974609375 0.10198974609375 0.0
-0.100830078125 0.100830078125 0.0
-0.09967041015625 0.09967041015625 0.0
-0.09857177734375 0.09857177734375 0.0
-0.097412109375 0.097412109375 0.0
-0.0963134765625 0.0963134765625 0.0
-0.09515380859375 0.09515380859375 0.0
-0.09405517578125 0.09405517578125 0.0
-0.0928955078125 0.0928955078125 0.0
-0.091796875 0.091796875 0.0
-0.09063720703125 0.09063720703125 0.0
-0.0894775390625 0.0894775390625 0.0
-0.08837890625 0.08837890625 0.0
-0.08721923828125 0.08721923828125 0.0
-0.08612060546875 0.08612060546875 0.0
-0.0849609375 0.0849609375 0.0
-0.0838623046875 0.0838623046875 0.0
-0.08270263671875 0.08270263671875 0.0
-0.08154296875 0.08154296875 0.0
-0.0804443359375 0.0804443359375 0.0
-0.07928466796875 0.07928466796875 0.0
-0.07818603515625 0.07818603515625 0.0
-0.0770263671875 0.0770263671875 0.0
-0.075927734375 0.075927734375 0.0
-0.07476806640625 0.07476806640625 0.0
-0.07366943359375 0.07366943359375 0.0
-0.072509765625 0.072509765625 0.0
-0.07135009765625 0.07135009765625 0.0
-0.07025146484375 0.07025146484375 0.0
-0.069091796875 0.069091796875 0.0
-0.0679931640625 0.0679931640625 0.0
-0.06683349609375 0.06683349609375 0.0
-0.06573486328125 0.06573486328125 0.0
-0.0645751953125 0.0645751953125 0.0
-0.06341552734375 0.06341552734375 0.0
-0.06231689453125 0.06231689453125 0.0
-0.061187744140625 0.061187744140625 0.0
-0.06005859375 0.06005859375 0.0
-0.05889892578125 0.05889892578125 0.0
-0.057769775390625 0.057769775390625 0.0
-0.056640625 0.056640625 0.0
-0.055511474609375 0.055511474609375 0.0
-0.05438232421875 0.05438232421875 0.0
-0.053253173828125 0.053253173828125 0.0
-0.0521240234375 0.0521240234375 0.0
-0.050994873046875 0.050994873046875 0.0
-0.049835205078125 0.049835205078125 0.0
-0.0487060546875 0.0487060546875 0.0
-0.047576904296875 0.047576904296875 0.0
-0.04644775390625 0.04644775390625 0.0
-0.045318603515625 0.045318603515625 0.0
-0.044189453125 0.044189453125 0.0
-0.043060302734375 0.043060302734375 0.0
-0.04193115234375 0.04193115234375 0.0
-0.040771484375 0.040771484375 0.0
-0.039642333984375 0.039642333984375 0.0
-0.03851318359375 0.03851318359375 0.0
-0.037384033203125 0.037384033203125 0.0
-0.0362548828125 0.0362548828125 0.0
-0.035125732421875 0.035125732421875 0.0
-0.03399658203125 0.03399658203125 0.0
-0.032867431640625 0.032867431640625 0.0
-0.031707763671875 0.031707763671875 0.0
-0.0305938720703125 0.0305938720703125 0.0
-0.029449462890625 0.029449462890625 0.0
-0.0283203125 0.0283203125 0.0
-0.027191162109375 0.027191162109375 0.0
-0.02606201171875 0.02606201171875 0.0
-0.0249176025390625 0.0249176025390625 0.0
-0.0237884521484375 0.0237884521484375 0.0
-0.0226593017578125 0.0226593017578125 0.0
-0.0215301513671875 0.0215301513671875 0.0
-0.0203857421875 0.0203857421875 0.0
-0.019256591796875 0.019256591796875 0.0
-0.01812744140625 0.01812744140625 0.0
-0.016998291015625 0.016998291015625 0.0
-0.0158538818359375 0.0158538818359375 0.0
-0.0147247314453125 0.0147247314453125 0.0
-0.0135955810546875 0.0135955810546875 0.0
-0.01245880126953125 0.01245880126953125 0.0
-0.01132965087890625 0.01132965087890625 0.0
-0.01019287109375 0.01019287109375 0.0
-0.009063720703125 0.009063720703125 0.0
-0.00792694091796875 0.00792694091796875 0.0
-0.00679779052734375 0.00679779052734375 0.0
-0.005664825439453125 0.005664825439453125 0.0
-0.0045318603515625 0.0045318603515625 0.0
-0.003398895263671875 0.003398895263671875 0.0
-0.00226593017578125 0.00226593017578125 0.0
-0.001132965087890625 0.001132965087890625 0.0
0.0 0.0 0.0
0.0 0.0018520355224609375 0.0
0.0 0.003704071044921875 0.0
0.0 0.00555419921875 0.0
0.0 0.00740814208984375 0.0
0.0 0.0092620849609375 0.0
0.0 0.0111083984375 0.0
0.0 0.01296234130859375 0.0
0.0 0.0148162841796875 0.0
0.0 0.01666259765625 0.0
0.0 0.018524169921875 0.0
0.0 0.0203704833984375 0.0
0.0 0.022216796875 0.0
0.0 0.024078369140625 0.0
0.0 0.0259246826171875 0.0
0.0 0.02777099609375 0.0
0.0 0.029632568359375 0.0
0.0 0.031494140625 0.0
0.0 0.0333251953125 0.0
0.0 0.035186767578125 0.0
0.0 0.03704833984375 0.0
0.0 0.03887939453125 0.0
0.0 0.040740966796875 0.0
0.0 0.0426025390625 0.0
0.0 0.04443359375 0.0
0.0 0.046295166015625 0.0
0.0 0.04815673828125 0.0
0.0 0.04998779296875 0.0
0.0 0.051849365234375 0.0
0.0 0.0537109375 0.0
0.0 0.0555419921875 0.0
0.0 0.057403564453125 0.0
0.0 0.05926513671875 0.0
0.0 0.06109619140625 0.0
0.0 0.06298828125 0.0
0.0 0.0648193359375 0.0
0.0 0.066650390625 0.0
0.0 0.06854248046875 0.0
0.0 0.07037353515625 0.0
0.0 0.07220458984375 0.0
0.0 0.0740966796875 0.0
0.0 0.075927734375 0.0
0.0 0.0777587890625 0.0
0.0 0.07965087890625 0.0
0.0 0.08148193359375 0.0
0.0 0.08331298828125 0.0
0.0 0.085205078125 0.0
0.0 0.0870361328125 0.0
0.0 0.0888671875 0.0
0.0 0.09075927734375 0.0
0.0 0.09259033203125 0.0
0.0 0.09442138671875 0.0
0.0 0.0963134765625 0.0
0.0 0.09814453125 0.0
0.0 0.0999755859375 0.0
0.0 0.10186767578125 0.0
0.0 0.10369873046875 0.0
0.0 0.10552978515625 0.0
0.0 0.107421875 0.0
0.0 0.1092529296875 0.0
0.0 0.111083984375 0.0
0.0 0.11297607421875 0.0
0.0 0.11480712890625 0.0
0.0 0.11663818359375 0.0
0.0 0.1185302734375 0.0
0.0 0.120361328125 0.0
0.0 0.1221923828125 0.0
0.0 0.12408447265625 0.0
0.0 0.1259765625 0.0
0.0 0.1278076171875 0.0
0.0 0.129638671875 0.0
0.0 0.1314697265625 0.0
0.0 0.13330078125 0.0
0.0 0.1351318359375 0.0
0.0 0.1370849609375 0.0
0.0 0.138916015625 0.0
0.0 0.1407470703125 0.0
0.0 0.142578125 0.0
0.0 0.1444091796875 0.0
0.0 0.146240234375 0.0
0.0 0.148193359375 0.0
0.0 0.1500244140625 0.0
0.0 0.15185546875 0.0
0.0 0.1536865234375 0.0
0.0 0.155517578125 0.0
0.0 0.1573486328125 0.0
0.0 0.1593017578125 0.0
0.0 0.1611328125 0.0
0.0 0.1629638671875 0.0
0.0 0.164794921875 0.0
0.0 0.1666259765625 0.0
0.0 0.1685791015625 0.0
0.0 0.17041015625 0.0
0.0 0.1722412109375 0.0
0.0 0.174072265625 0.0
0.0 0.1759033203125 0.0
0.0 0.177734375 0.0
0.0 0.1796875 0.0
0.0 0.1815185546875 0.0
0.0 0.183349609375 0.0
0.0 0.1851806640625 0.0
0.0 0.18701171875 0.0
0.0 0.1888427734375 0.0
0.0 0.1907958984375 0.0
0.0 0.192626953125 0.0
0.0 0.1944580078125 0.0
0.0 0.1962890625 0.0
0.0 0.1981201171875 0.0
0.0 0.199951171875 0.0
0.0 0.201904296875 0.0
0.0 0.2037353515625 0.0
0.0 0.20556640625 0.0
0.0 0.2073974609375 0.0
0.0 0.209228515625 0.0
0.0 0.2110595703125 0.0
0.0 0.2130126953125 0.0
0.0 0.21484375 0.0
0.0 0.2166748046875 0.0
0.0 0.218505859375 0.0
0.0 0.2203369140625 0.0
0.0 0.22216796875 0.0
0.0 0.22412109375 0.0
0.0 0.2259521484375 0.0
0.0 0.227783203125 0.0
0.0 0.2296142578125 0.0
0.0 0.2314453125 0.0
0.0 0.2332763671875 0.0
0.0 0.2352294921875 0.0
0.0 0.237060546875 0.0
0.0 0.2388916015625 0.0
0.0 0.24072265625 0.0
0.0 0.2425537109375 0.0
0.0 0.244384765625 0.0
0.0 0.246337890625 0.0
0.0 0.2481689453125 0.0
0.0 0.25 0.0
0.0 0.251953125 0.0
0.0 0.253662109375 0.0
0.0 0.255615234375 0.0
0.0 0.25732421875 0.0
0.0 0.25927734375 0.0
0.0 0.26123046875 0.0
0.0 0.262939453125 0.0
0.0 0.264892578125 0.0
0.0 0.2666015625 0.0
0.0 0.2685546875 0.0
0.0 0.270263671875 0.0
0.0 0.272216796875 0.0
0.0 0.274169921875 0.0
0.0 0.27587890625 0.0
0.0 0.27783203125 0.0
0.0 0.279541015625 0.0
0.0 0.281494140625 0.0
0.0 0.283447265625 0.0
0.0 0.28515625 0.0
0.0 0.287109375 0.0
0.0 0.288818359375 0.0
0.0 0.290771484375 0.0
0.0 0.29248046875 0.0
0.0 0.29443359375 0.0
0.0 0.29638671875 0.0
0.0 0.298095703125 0.0
0.0 0.300048828125 0.0
0.0 0.3017578125 0.0
0.0 0.3037109375 0.0
0.0 0.3056640625 0.0
0.0 0.307373046875 0.0
0.0 0.309326171875 0.0
0.0 0.31103515625 0.0
0.0 0.31298828125 0.0
0.0 0.314697265625 0.0
0.0 0.316650390625 0.0
0.0 0.318603515625 0.0
0.0 0.3203125 0.0
0.0 0.322265625 0.0
0.0 0.323974609375 0.0
0.0 0.325927734375 0.0
0.0 0.327880859375 0.0
0.0 0.32958984375 0.0
0.0 0.33154296875 0.0
0.0 0.333251953125 0.0
0.0 0.335205078125 0.0
0.0 0.337158203125 0.0
0.0 0.3388671875 0.0
0.0 0.3408203125 0.0
0.0 0.342529296875 0.0
0.0 0.344482421875 0.0
0.0 0.34619140625 0.0
0.0 0.34814453125 0.0
0.0 0.35009765625 0.0
0.0 0.351806640625 0.0
0.0 0.353759765625 0.0
0.0 0.35546875 0.0
0.0 0.357421875 0.0
0.0 0.359375 0.0
0.0 0.361083984375 0.0
0.0 0.363037109375 0.0
0.0 0.36474609375 0.0
0.0 0.36669921875 0.0
0.0 0.368408203125 0.0
0.0 0.370361328125 0.0
0.0 0.372314453125 0.0
0.0 0.3740234375 0.0
0.0 0.3759765625 0.0
0.0 0.377685546875 0.0
0.0 0.379638671875 0.0
0.0 0.381591796875 0.0
0.0 0.38330078125 0.0
0.0 0.38525390625 0.0
0.0 0.386962890625 0.0
0.0 0.388916015625 0.0
0.0 0.390625 0.0
0.0 0.392578125 0.0
0.0 0.39453125 0.0
0.0 0.396240234375 0.0
0.0 0.398193359375 0.0
0.0 0.39990234375 0.0
0.0 0.40185546875 0.0
0.0 0.40380859375 0.0
0.0 0.405517578125 0.0
0.0 0.407470703125 0.0
0.0 0.4091796875 0.0
0.0 0.4111328125 0.0
0.0 0.412841796875 0.0
0.0 0.414794921875 0.0
0.0 0.416748046875 0.0
0.0 0.41845703125 0.0
0.0 0.42041015625 0.0
0.0 0.422119140625 0.0
0.0 0.424072265625 0.0
0.0 0.426025390625 0.0
0.0 0.427734375 0.0
0.0 0.4296875 0.0
0.0 0.431396484375 0.0
0.0 0.433349609375 0.0
0.0 0.435302734375 0.0
0.0 0.43701171875 0.0
0.0 0.43896484375 0.0
0.0 0.440673828125 0.0
0.0 0.442626953125 0.0
0.0 0.4443359375 0.0
0.0 0.4462890625 0.0
0.0 0.4482421875 0.0
0.0 0.449951171875 0.0
0.0 0.451904296875 0.0
0.0 0.45361328125 0.0
0.0 0.45556640625 0.0
0.0 0.45751953125 0.0
0.0 0.459228515625 0.0
0.0 0.461181640625 0.0
0.0 0.462890625 0.0
0.0 0.46484375 0.0
0.0 0.466552734375 0.0
0.0 0.468505859375 0.0
0.0 0.470458984375 0.0
0.0 0.47216796875 0.0
0.0 0.47412109375 0.0
0.0 0.475830078125 0.0
0.0 0.477783203125 0.0
0.0 0.479736328125 0.0
0.0 0.4814453125 0.0
0.0 0.4833984375 0.0
0.0 0.485107421875 0.0
0.0 0.487060546875 0.0
0.0 0.48876953125 0.0
0.0 0.49072265625 0.0
0.0 0.49267578125 0.0
0.0 0.494384765625 0.0
0.0 0.496337890625 0.0
0.0 0.498046875 0.0
0.0 0.5 0.0
0.0 0.50048828125 0.0019626617431640625
0.0 0.50146484375 0.003925323486328125
0.0 0.501953125 0.005889892578125
0.0 0.50244140625 0.00785064697265625
0.0 0.50341796875 0.00981903076171875
0.0 0.50390625 0.01177978515625
0.0 0.50439453125 0.01374053955078125
0.0 0.50537109375 0.0157012939453125
0.0 0.505859375 0.017669677734375
0.0 0.50634765625 0.0196380615234375
0.0 0.50732421875 0.0215911865234375
0.0 0.5078125 0.0235595703125
0.0 0.50830078125 0.0255279541015625
0.0 0.50927734375 0.0274810791015625
0.0 0.509765625 0.029449462890625
0.0 0.51025390625 0.031402587890625
0.0 0.51123046875 0.03338623046875
0.0 0.51171875 0.03533935546875
0.0 0.51220703125 0.03729248046875
0.0 0.51318359375 0.039276123046875
0.0 0.513671875 0.041229248046875
0.0 0.51416015625 0.043182373046875
0.0 0.51513671875 0.045166015625
0.0 0.515625 0.047119140625
0.0 0.5166015625 0.049072265625
0.0 0.51708984375 0.051055908203125
0.0 0.517578125 0.053009033203125
0.0 0.5185546875 0.054962158203125
0.0 0.51904296875 0.05694580078125
0.0 0.51953125 0.05889892578125
0.0 0.5205078125 0.06085205078125
0.0 0.52099609375 0.06280517578125
0.0 0.521484375 0.0648193359375
0.0 0.5224609375 0.0667724609375
0.0 0.52294921875 0.0687255859375
0.0 0.5234375 0.0706787109375
0.0 0.5244140625 0.0726318359375
0.0 0.52490234375 0.0745849609375
0.0 0.525390625 0.07659912109375
0.0 0.5263671875 0.07855224609375
0.0 0.52685546875 0.08050537109375
0.0 0.52734375 0.08245849609375
0.0 0.5283203125 0.08441162109375
0.0 0.52880859375 0.08636474609375
0.0 0.529296875 0.08837890625
0.0 0.5302734375 0.09033203125
0.0 0.53076171875 0.09228515625
0.0 0.53125 0.09423828125
0.0 0.5322265625 0.09619140625
0.0 0.53271484375 0.09814453125
0.0 0.533203125 0.10015869140625
0.0 0.5341796875 0.10211181640625
0.0 0.53466796875 0.10406494140625
0.0 0.53515625 0.10601806640625
0.0 0.5361328125 0.10797119140625
0.0 0.53662109375 0.10992431640625
0.0 0.537109375 0.1119384765625
0.0 0.5380859375 0.1138916015625
0.0 0.53857421875 0.1158447265625
0.0 0.5390625 0.1177978515625
0.0 0.5400390625 0.1197509765625
0.0 0.54052734375 0.1217041015625
0.0 0.541015625 0.12371826171875
0.0 0.5419921875 0.1256103515625
0.0 0.54248046875 0.1275634765625
0.0 0.54296875 0.129638671875
0.0 0.5439453125 0.131591796875
0.0 0.54443359375 0.133544921875
0.0 0.544921875 0.135498046875
0.0 0.5458984375 0.137451171875
0.0 0.54638671875 0.139404296875
0.0 0.54736328125 0.141357421875
0.0 0.5478515625 0.143310546875
0.0 0.54833984375 0.145263671875
0.0 0.54931640625 0.147216796875
0.0 0.5498046875 0.149169921875
0.0 0.55029296875 0.151123046875
0.0 0.55126953125 0.1531982421875
0.0 0.5517578125 0.1551513671875
0.0 0.55224609375 0.1571044921875
0.0 0.55322265625 0.1590576171875
0.0 0.5537109375 0.1610107421875
0.0 0.55419921875 0.1629638671875
0.0 0.55517578125 0.1649169921875
0.0 0.5556640625 0.1668701171875
0.0 0.55615234375 0.1688232421875
0.0 0.55712890625 0.1707763671875
0.0 0.5576171875 0.1727294921875
0.0 0.55810546875 0.1746826171875
0.0 0.55908203125 0.1767578125
0.0 0.5595703125 0.1787109375
0.0 0.56005859375 0.1806640625
0.0 0.56103515625 0.1826171875
0.0 0.5615234375 0.1845703125
0.0 0.56201171875 0.1865234375
0.0 0.56298828125 0.1884765625
0.0 0.5634765625 0.1904296875
0.0 0.56396484375 0.1923828125
0.0 0.56494140625 0.1943359375
0.0 0.5654296875 0.1962890625
0.0 0.56591796875 0.1982421875
0.0 0.56689453125 0.2003173828125
0.0 0.5673828125 0.2022705078125
0.0 0.56787109375 0.2042236328125
0.0 0.56884765625 0.2061767578125
0.0 0.5693359375 0.2081298828125
0.0 0.56982421875 0.2100830078125
0.0 0.57080078125 0.2120361328125
0.0 0.5712890625 0.2139892578125
0.0 0.57177734375 0.2159423828125
0.0 0.57275390625 0.2178955078125
0.0 0.5732421875 0.2198486328125
0.0 0.57373046875 0.2218017578125
0.0 0.57470703125 0.223876953125
0.0 0.5751953125 0.225830078125
0.0 0.57568359375 0.227783203125
0.0 0.57666015625 0.229736328125
0.0 0.5771484375 0.231689453125
0.0 0.57763671875 0.233642578125
0.0 0.57861328125 0.235595703125
0.0 0.5791015625 0.237548828125
0.0 0.580078125 0.239501953125
0.0 0.58056640625 0.241455078125
0.0 0.5810546875 0.243408203125
0.0 0.58203125 0.245361328125
0.0 0.58251953125 0.2474365234375
0.0 0.5830078125 0.2493896484375
0.0 0.583984375 0.251220703125
0.0 0.58447265625 0.253173828125
0.0 0.5849609375 0.255126953125
0.0 0.5859375 0.257080078125
0.0 0.58642578125 0.25927734375
0.0 0.5869140625 0.26123046875
0.0 0.587890625 0.26318359375
0.0 0.58837890625 0.26513671875
0.0 0.5888671875 0.26708984375
0.0 0.58984375 0.26904296875
0.0 0.59033203125 0.27099609375
0.0 0.5908203125 0.27294921875
0.0 0.591796875 0.27490234375
0.0 0.59228515625 0.27685546875
0.0 0.5927734375 0.27880859375
0.0 0.59375 0.28076171875
0.0 0.59423828125 0.28271484375
0.0 0.5947265625 0.28466796875
0.0 0.595703125 0.28662109375
0.0 0.59619140625 0.28857421875
0.0 0.5966796875 0.29052734375
0.0 0.59765625 0.29248046875
0.0 0.59814453125 0.29443359375
0.0 0.5986328125 0.29638671875
0.0 0.599609375 0.29833984375
0.0 0.60009765625 0.30029296875
0.0 0.6005859375 0.30224609375
0.0 0.6015625 0.30419921875
0.0 0.60205078125 0.306396484375
0.0 0.6025390625 0.308349609375
0.0 0.603515625 0.310302734375
0.0 0.60400390625 0.312255859375
0.0 0.6044921875 0.314208984375
0.0 0.60546875 0.316162109375
0.0 0.60595703125 0.318115234375
0.0 0.6064453125 0.320068359375
0.0 0.607421875 0.322021484375
0.0 0.60791015625 0.323974609375
0.0 0.6083984375 0.325927734375
0.0 0.609375 0.327880859375
0.0 0.60986328125 0.329833984375
0.0 0.61083984375 0.331787109375
0.0 0.611328125 0.333740234375
0.0 0.61181640625 0.335693359375
0.0 0.61279296875 0.337646484375
0.0 0.61328125 0.339599609375
0.0 0.61376953125 0.341552734375
0.0 0.61474609375 0.343505859375
0.0 0.615234375 0.345458984375
0.0 0.61572265625 0.347412109375
0.0 0.61669921875 0.349365234375
0.0 0.6171875 0.351318359375
0.0 0.61767578125 0.353515625
0.0 0.61865234375 0.35546875
0.0 0.619140625 0.357421875
0.0 0.61962890625 0.359375
0.0 0.62060546875 0.361328125
0.0 0.62109375 0.36328125
0.0 0.62158203125 0.365234375
0.0 0.62255859375 0.3671875
0.0 0.623046875 0.369140625
0.0 0.62353515625 0.37109375
0.0 0.62451171875 0.373046875
0.0 0.625 0.375
-0.0022525787353515625 0.6240234375 0.373779296875
-0.004505157470703125 0.62255859375 0.372802734375
-0.006755828857421875 0.62158203125 0.37158203125
-0.00901031494140625 0.62060546875 0.37060546875
-0.011260986328125 0.619140625 0.369384765625
-0.01351165771484375 0.6181640625 0.3681640625
-0.0157623291015625 0.6171875 0.3671875
-0.0180206298828125 0.6162109375 0.365966796875
-0.020263671875 0.61474609375 0.36474609375
-0.02252197265625 0.61376953125 0.36376953125
-0.0247802734375 0.61279296875 0.362548828125
-0.0270233154296875 0.611328125 0.361572265625
-0.0292816162109375 0.6103515625 0.3603515625
-0.031524658203125 0.609375 0.359130859375
-0.033782958984375 0.60791015625 0.358154296875
-0.036041259765625 0.60693359375 0.35693359375
-0.038299560546875 0.60595703125 0.35595703125
-0.04052734375 0.6044921875 0.354736328125
-0.04278564453125 0.603515625 0.353515625
-0.0450439453125 0.6025390625 0.3525390625
-0.04730224609375 0.6015625 0.351318359375
-0.049560546875 0.60009765625 0.350341796875
-0.051788330078125 0.59912109375 0.34912109375
-0.054046630859375 0.59814453125 0.347900390625
-0.056304931640625 0.5966796875 0.346923828125
-0.058563232421875 0.595703125 0.345703125
-0.060821533203125 0.5947265625 0.344482421875
-0.06304931640625 0.59326171875 0.343505859375
-0.0653076171875 0.59228515625 0.34228515625
-0.06756591796875 0.59130859375 0.34130859375
-0.06982421875 0.59033203125 0.340087890625
-0.07208251953125 0.5888671875 0.3388671875
-0.0743408203125 0.587890625 0.337890625
-0.07659912109375 0.5869140625 0.336669921875
-0.078857421875 0.58544921875 0.335693359375
-0.0810546875 0.58447265625 0.33447265625
-0.08331298828125 0.58349609375 0.333251953125
-0.0855712890625 0.58203125 0.332275390625
-0.08782958984375 0.5810546875 0.3310546875
-0.090087890625 0.580078125 0.329833984375
-0.09234619140625 0.57861328125 0.328857421875
-0.0946044921875 0.57763671875 0.32763671875
-0.09686279296875 0.57666015625 0.32666015625
-0.09912109375 0.57568359375 0.325439453125
-0.10137939453125 0.57421875 0.32421875
-0.10357666015625 0.5732421875 0.3232421875
-0.1058349609375 0.572265625 0.322021484375
-0.10809326171875 0.57080078125 0.321044921875
-0.1103515625 0.56982421875 0.31982421875
-0.11260986328125 0.56884765625 0.318603515625
-0.1148681640625 0.5673828125 0.317626953125
-0.11712646484375 0.56640625 0.31640625
-0.119384765625 0.5654296875 0.3154296875
-0.12164306640625 0.56396484375 0.314208984375
-0.1239013671875 0.56298828125 0.31298828125
-0.1260986328125 0.56201171875 0.31201171875
-0.12841796875 0.56103515625 0.310791015625
-0.130615234375 0.5595703125 0.3095703125
-0.1329345703125 0.55859375 0.30859375
-0.1351318359375 0.5576171875 0.307373046875
-0.1373291015625 0.55615234375 0.306396484375
-0.1396484375 0.55517578125 0.30517578125
-0.141845703125 0.55419921875 0.303955078125
-0.1441650390625 0.552734375 0.302978515625
-0.1463623046875 0.5517578125 0.3017578125
-0.148681640625 0.55078125 0.30078125
-0.15087890625 0.54931640625 0.299560546875
-0.1531982421875 0.54833984375 0.29833984375
-0.1553955078125 0.54736328125 0.29736328125
-0.15771484375 0.54638671875 0.296142578125
-0.159912109375 0.544921875 0.295166015625
-0.162109375 0.5439453125 0.2939453125
-0.1644287109375 0.54296875 0.292724609375
-0.1666259765625 0.54150390625 0.291748046875
-0.1689453125 0.54052734375 0.29052734375
-0.171142578125 0.53955078125 0.289306640625
-0.1734619140625 0.5380859375 0.288330078125
-0.1756591796875 0.537109375 0.287109375
-0.177978515625 0.5361328125 0.2861328125
-0.18017578125 0.53466796875 0.284912109375
-0.182373046875 0.53369140625 0.28369140625
-0.1846923828125 0.53271484375 0.28271484375
-0.1868896484375 0.53173828125 0.281494140625
-0.189208984375 0.5302734375 0.280517578125
-0.19140625 0.529296875 0.279296875
-0.1937255859375 0.5283203125 0.278076171875
-0.1959228515625 0.52685546875 0.277099609375
-0.1982421875 0.52587890625 0.27587890625
-0.200439453125 0.52490234375 0.274658203125
-0.2027587890625 0.5234375 0.273681640625
-0.2049560546875 0.5224609375 0.2724609375
-0.2071533203125 0.521484375 0.271484375
-0.20947265625 0.5205078125 0.270263671875
-0.211669921875 0.51904296875 0.26904296875
-0.2139892578125 0.51806640625 0.26806640625
-0.2161865234375 0.51708984375 0.266845703125
-0.218505859375 0.515625 0.265869140625
-0.220703125 0.5146484375 0.2646484375
-0.2230224609375 0.513671875 0.263427734375
-0.2252197265625 0.51220703125 0.262451171875
-0.2274169921875 0.51123046875 0.26123046875
-0.229736328125 0.51025390625 0.26025390625
-0.23193359375 0.5087890625 0.259033203125
-0.2342529296875 0.5078125 0.2578125
-0.2364501953125 0.5068359375 0.2568359375
-0.23876953125 0.505859375 0.255615234375
-0.240966796875 0.50439453125 0.25439453125
-0.2432861328125 0.50341796875 0.25341796875
-0.2454833984375 0.50244140625 0.252197265625
-0.247802734375 0.5009765625 0.251220703125
-0.25 0.5 0.25
-0.2489013671875 0.5 0.2489013671875
-0.2476806640625 0.5 0.2476806640625
-0.24658203125 0.5 0.24658203125
-0.2454833984375 0.5 0.2454833984375
-0.244384765625 0.5 0.244384765625
-0.2431640625 0.5 0.2431640625
-0.2420654296875 0.5 0.2420654296875
-0.240966796875 0.5 0.240966796875
-0.2398681640625 0.5 0.2398681640625
-0.2386474609375 0.5 0.2386474609375
-0.237548828125 0.5 0.237548828125
-0.2364501953125 0.5 0.2364501953125
-0.2353515625 0.5 0.2353515625
-0.234130859375 0.5 0.234130859375
-0.2330322265625 0.5 0.2330322265625
-0.23193359375 0.5 0.23193359375
-0.230712890625 0.5 0.230712890625
-0.2296142578125 0.5 0.2296142578125
-0.228515625 0.5 0.228515625
-0.2274169921875 0.5 0.2274169921875
-0.2261962890625 0.5 0.2261962890625
-0.22509765625 0.5 0.22509765625
-0.2239990234375 0.5 0.2239990234375
-0.222900390625 0.5 0.222900390625
-0.2216796875 0.5 0.2216796875
-0.2205810546875 0.5 0.2205810546875
-0.219482421875 0.5 0.219482421875
-0.2183837890625 0.5 0.2183837890625
-0.2171630859375 0.5 0.2171630859375
-0.216064453125 0.5 0.216064453125
-0.2149658203125 0.5 0.2149658203125
-0.2137451171875 0.5 0.2137451171875
-0.212646484375 0.5 0.212646484375
-0.2115478515625 0.5 0.2115478515625
-0.21044921875 0.5 0.21044921875
-0.209228515625 0.5 0.209228515625
-0.2081298828125 0.5 0.2081298828125
-0.20703125 0.5 0.20703125
-0.2059326171875 0.5 0.2059326171875
-0.2047119140625 0.5 0.2047119140625
-0.20361328125 0.5 0.20361328125
-0.2025146484375 0.5 0.2025146484375
-0.201416015625 0.5 0.201416015625
-0.2001953125 0.5 0.2001953125
-0.1990966796875 0.5 0.1990966796875
-0.197998046875 0.5 0.197998046875
-0.19677734375 0.5 0.19677734375
-0.1956787109375 0.5 0.1956787109375
-0.194580078125 0.5 0.194580078125
-0.1934814453125 0.5 0.1934814453125
-0.1922607421875 0.5 0.1922607421875
-0.191162109375 0.5 0.191162109375
-0.1900634765625 0.5 0.1900634765625
-0.18896484375 0.5 0.18896484375
-0.187744140625 0.5 0.187744140625
-0.1866455078125 0.5 0.1866455078125
-0.185546875 0.5 0.185546875
-0.1844482421875 0.5 0.1844482421875
-0.1832275390625 0.5 0.1832275390625
-0.18212890625 0.5 0.18212890625
-0.1810302734375 0.5 0.1810302734375
-0.1798095703125 0.5 0.1798095703125
-0.1787109375 0.5 0.1787109375
-0.1776123046875 0.5 0.1776123046875
-0.176513671875 0.5 0.176513671875
-0.17529296875 0.5 0.17529296875
-0.1741943359375 0.5 0.1741943359375
-0.173095703125 0.5 0.173095703125
-0.1719970703125 0.5 0.1719970703125
-0.1707763671875 0.5 0.1707763671875
-0.169677734375 0.5 0.169677734375
-0.1685791015625 0.5 0.1685791015625
-0.16748046875 0.5 0.16748046875
-0.166259765625 0.5 0.166259765625
-0.1651611328125 0.5 0.1651611328125
-0.1640625 0.5 0.1640625
-0.162841796875 0.5 0.162841796875
-0.1617431640625 0.5 0.1617431640625
-0.16064453125 0.5 0.16064453125
-0.1595458984375 0.5 0.1595458984375
-0.1583251953125 0.5 0.1583251953125
-0.1572265625 0.5 0.1572265625
-0.1561279296875 0.5 0.1561279296875
-0.155029296875 0.5 0.155029296875
-0.15380859375 0.5 0.15380859375
-0.1527099609375 0.5 0.1527099609375
-0.151611328125 0.5 0.151611328125
-0.1505126953125 0.5 0.1505126953125
-0.1492919921875 0.5 0.1492919921875
-0.148193359375 0.5 0.148193359375
-0.1470947265625 0.5 0.1470947265625
-0.1458740234375 0.5 0.1458740234375
-0.144775390625 0.5 0.144775390625
-0.1436767578125 0.5 0.1436767578125
-0.142578125 0.5 0.142578125
-0.141357421875 0.5 0.141357421875
-0.1402587890625 0.5 0.1402587890625
-0.13916015625 0.5 0.13916015625
-0.1380615234375 0.5 0.1380615234375
-0.1368408203125 0.5 0.1368408203125
-0.1357421875 0.5 0.1357421875
-0.1346435546875 0.5 0.1346435546875
-0.133544921875 0.5 0.133544921875
-0.13232421875 0.5 0.13232421875
-0.1312255859375 0.5 0.1312255859375
-0.130126953125 0.5 0.130126953125
-0.12890625 0.5 0.12890625
-0.1278076171875 0.5 0.1278076171875
-0.126708984375 0.5 0.126708984375
-0.1256103515625 0.5 0.1256103515625
-0.12445068359375 0.5 0.12445068359375
-0.123291015625 0.5 0.123291015625
-0.1221923828125 0.5 0.1221923828125
-0.12103271484375 0.5 0.12103271484375
-0.11993408203125 0.5 0.11993408203125
-0.1187744140625 0.5 0.1187744140625
-0.11767578125 0.5 0.11767578125
-0.11651611328125 0.5 0.11651611328125
-0.1153564453125 0.5 0.1153564453125
-0.1142578125 0.5 0.1142578125
-0.11309814453125 0.5 0.11309814453125
-0.11199951171875 0.5 0.11199951171875
-0.11083984375 0.5 0.11083984375
-0.1097412109375 0.5 0.1097412109375
-0.10858154296875 0.5 0.10858154296875
-0.10748291015625 0.5 0.10748291015625
-0.1063232421875 0.5 0.1063232421875
-0.105224609375 0.5 0.105224609375
-0.10406494140625 0.5 0.10406494140625
-0.10296630859375 0.5 0.10296630859375
-0.101806640625 0.5 0.101806640625
-0.1007080078125 0.5 0.1007080078125
-0.09954833984375 0.5 0.09954833984375
-0.098388671875 0.5 0.098388671875
-0.0972900390625 0.5 0.0972900390625
-0.09613037109375 0.5 0.09613037109375
-0.09503173828125 0.5 0.09503173828125
-0.0938720703125 0.5 0.0938720703125
-0.0927734375 0.5 0.0927734375
-0.09161376953125 0.5 0.09161376953125
-0.09051513671875 0.5 0.09051513671875
-0.08935546875 0.5 0.08935546875
-0.0882568359375 0.5 0.0882568359375
-0.08709716796875 0.5 0.08709716796875
-0.08599853515625 0.5 0.08599853515625
-0.0848388671875 0.5 0.0848388671875
-0.083740234375 0.5 0.083740234375
-0.08258056640625 0.5 0.08258056640625
-0.0814208984375 0.5 0.0814208984375
-0.080322265625 0.5 0.080322265625
-0.07916259765625 0.5 0.07916259765625
-0.07806396484375 0.5 0.07806396484375
-0.076904296875 0.5 0.076904296875
-0.0758056640625 0.5 0.0758056640625
-0.07464599609375 0.5 0.07464599609375
-0.07354736328125 0.5 0.07354736328125
-0.0723876953125 0.5 0.0723876953125
-0.0712890625 0.5 0.0712890625
-0.07012939453125 0.5 0.07012939453125
-0.06903076171875 0.5 0.06903076171875
-0.06787109375 0.5 0.06787109375
-0.0667724609375 0.5 0.0667724609375
-0.06561279296875 0.5 0.06561279296875
-0.064453125 0.5 0.064453125
-0.0633544921875 0.5 0.0633544921875
-0.062225341796875 0.5 0.062225341796875
-0.06109619140625 0.5 0.06109619140625
-0.059967041015625 0.5 0.059967041015625
-0.058837890625 0.5 0.058837890625
-0.05767822265625 0.5 0.05767822265625
-0.056549072265625 0.5 0.056549072265625
-0.055419921875 0.5 0.055419921875
-0.054290771484375 0.5 0.054290771484375
-0.05316162109375 0.5 0.05316162109375
-0.052032470703125 0.5 0.052032470703125
-0.0509033203125 0.5 0.0509033203125
-0.049774169921875 0.5 0.049774169921875
-0.04864501953125 0.5 0.04864501953125
-0.047515869140625 0.5 0.047515869140625
-0.04638671875 0.5 0.04638671875
-0.045257568359375 0.5 0.045257568359375
-0.04412841796875 0.5 0.04412841796875
-0.042999267578125 0.5 0.042999267578125
-0.0418701171875 0.5 0.0418701171875
-0.04071044921875 0.5 0.04071044921875
-0.039581298828125 0.5 0.039581298828125
-0.0384521484375 0.5 0.0384521484375
-0.037322998046875 0.5 0.037322998046875
-0.03619384765625 0.5 0.03619384765625
-0.035064697265625 0.5 0.035064697265625
-0.033935546875 0.5 0.033935546875
-0.032806396484375 0.5 0.032806396484375
-0.03167724609375 0.5 0.03167724609375
-0.030548095703125 0.5 0.030548095703125
-0.0294189453125 0.5 0.0294189453125
-0.0282745361328125 0.5 0.0282745361328125
-0.0271453857421875 0.5 0.0271453857421875
-0.0260162353515625 0.5 0.0260162353515625
-0.0248870849609375 0.5 0.0248870849609375
-0.0237579345703125 0.5 0.0237579345703125
-0.0226287841796875 0.5 0.0226287841796875
-0.0214996337890625 0.5 0.0214996337890625
-0.020355224609375 0.5 0.020355224609375
-0.01922607421875 0.5 0.01922607421875
-0.018096923828125 0.5 0.018096923828125
-0.0169677734375 0.5 0.0169677734375
-0.015838623046875 0.5 0.015838623046875
-0.01470947265625 0.5 0.01470947265625
-0.01357269287109375 0.5 0.01357269287109375
-0.01244354248046875 0.5 0.01244354248046875
-0.01131439208984375 0.5 0.01131439208984375
-0.0101776123046875 0.5 0.0101776123046875
-0.0090484619140625 0.5 0.0090484619140625
-0.0079193115234375 0.5 0.0079193115234375
-0.006786346435546875 0.5 0.006786346435546875
-0.005657196044921875 0.5 0.005657196044921875
-0.00452423095703125 0.5 0.00452423095703125
-0.0033931732177734375 0.5 0.0033931732177734375
-0.002262115478515625 0.5 0.002262115478515625
-0.0011310577392578125 0.5 0.0011310577392578125
0.0 0.5 0.0
-0.0019626617431640625 0.499267578125 0.0
-0.003925323486328125 0.498779296875 0.0
-0.005889892578125 0.498046875 0.0
-0.00785064697265625 0.497314453125 0.0
-0.00981903076171875 0.496826171875 0.0
-0.01177978515625 0.49609375 0.0
-0.01374053955078125 0.495361328125 0.0
-0.0157012939453125 0.494873046875 0.0
-0.017669677734375 0.494140625 0.0
-0.0196380615234375 0.493408203125 0.0
-0.0215911865234375 0.492919921875 0.0
-0.0235595703125 0.4921875 0.0
-0.0255279541015625 0.491455078125 0.0
-0.0274810791015625 0.49072265625 0.0
-0.029449462890625 0.490234375 0.0
-0.031402587890625 0.489501953125 0.0
-0.03338623046875 0.48876953125 0.0
-0.03533935546875 0.48828125 0.0
-0.03729248046875 0.487548828125 0.0
-0.039276123046875 0.48681640625 0.0
-0.041229248046875 0.486328125 0.0
-0.043182373046875 0.485595703125 0.0
-0.045166015625 0.48486328125 0.0
-0.047119140625 0.484375 0.0
-0.049072265625 0.483642578125 0.0
-0.051055908203125 0.48291015625 0.0
-0.053009033203125 0.482421875 0.0
-0.054962158203125 0.481689453125 0.0
-0.05694580078125 0.48095703125 0.0
-0.05889892578125 0.48046875 0.0
-0.06085205078125 0.479736328125 0.0
-0.06280517578125 0.47900390625 0.0
-0.0648193359375 0.478515625 0.0
-0.0667724609375 0.477783203125 0.0
-0.0687255859375 0.47705078125 0.0
-0.0706787109375 0.476318359375 0.0
-0.0726318359375 0.475830078125 0.0
-0.0745849609375 0.47509765625 0.0
-0.07659912109375 0.474365234375 0.0
-0.07855224609375 0.473876953125 0.0
-0.08050537109375 0.47314453125 0.0
-0.08245849609375 0.472412109375 0.0
-0.08441162109375 0.471923828125 0.0
-0.08636474609375 0.47119140625 0.0
-0.08837890625 0.470458984375 0.0
-0.09033203125 0.469970703125 0.0
-0.09228515625 0.46923828125 0.0
-0.09423828125 0.468505859375 0.0
-0.09619140625 0.468017578125 0.0
-0.09814453125 0.46728515625 0.0
-0.10015869140625 0.466552734375 0.0
-0.10211181640625 0.466064453125 0.0
-0.10406494140625 0.46533203125 0.0
-0.10601806640625 0.464599609375 0.0
-0.10797119140625 0.464111328125 0.0
-0.10992431640625 0.46337890625 0.0
-0.1119384765625 0.462646484375 0.0
-0.1138916015625 0.462158203125 0.0
-0.1158447265625 0.46142578125 0.0
-0.1177978515625 0.460693359375 0.0
-0.1197509765625 0.4599609375 0.0
-0.1217041015625 0.45947265625 0.0
-0.12371826171875 0.458740234375 0.0
-0.1256103515625 0.4580078125 0.0
-0.1275634765625 0.45751953125 0.0
-0.129638671875 0.456787109375 0.0
-0.131591796875 0.4560546875 0.0
-0.133544921875 0.45556640625 0.0
-0.135498046875 0.454833984375 0.0
-0.137451171875 0.4541015625 0.0
-0.139404296875 0.45361328125 0.0
-0.141357421875 0.452880859375 0.0
-0.143310546875 0.4521484375 0.0
-0.145263671875 0.45166015625 0.0
-0.147216796875 0.450927734375 0.0
-0.149169921875 0.4501953125 0.0
-0.151123046875 0.44970703125 0.0
-0.1531982421875 0.448974609375 0.0
-0.1551513671875 0.4482421875 0.0
-0.1571044921875 0.44775390625 0.0
-0.1590576171875 0.447021484375 0.0
-0.1610107421875 0.4462890625 0.0
-0.1629638671875 0.44580078125 0.0
-0.1649169921875 0.445068359375 0.0
-0.1668701171875 0.4443359375 0.0
-0.1688232421875 0.443603515625 0.0
-0.1707763671875 0.443115234375 0.0
-0.1727294921875 0.4423828125 0.0
-0.1746826171875 0.441650390625 0.0
-0.1767578125 0.441162109375 0.0
-0.1787109375 0.4404296875 0.0
-0.1806640625 0.439697265625 0.0
-0.1826171875 0.439208984375 0.0
-0.1845703125 0.4384765625 0.0
-0.1865234375 0.437744140625 0.0
-0.1884765625 0.437255859375 0.0
-0.1904296875 0.4365234375 0.0
-0.1923828125 0.435791015625 0.0
-0.1943359375 0.435302734375 0.0
-0.1962890625 0.4345703125 0.0
-0.1982421875 0.433837890625 0.0
-0.2003173828125 0.433349609375 0.0
-0.2022705078125 0.4326171875 0.0
-0.2042236328125 0.431884765625 0.0
-0.2061767578125 0.431396484375 0.0
-0.2081298828125 0.4306640625 0.0
-0.2100830078125 0.429931640625 0.0
-0.2120361328125 0.42919921875 0.0
-0.2139892578125 0.4287109375 0.0
-0.2159423828125 0.427978515625 0.0
-0.2178955078125 0.42724609375 0.0
-0.2198486328125 0.4267578125 0.0
-0.2218017578125 0.426025390625 0.0
-0.223876953125 0.42529296875 0.0
-0.225830078125 0.4248046875 0.0
-0.227783203125 0.424072265625 0.0
-0.229736328125 0.42333984375 0.0
-0.231689453125 0.4228515625 0.0
-0.233642578125 0.422119140625 0.0
-0.235595703125 0.42138671875 0.0
-0.237548828125 0.4208984375 0.0
-0.239501953125 0.420166015625 0.0
-0.241455078125 0.41943359375 0.0
-0.243408203125 0.4189453125 0.0
-0.245361328125 0.418212890625 0.0
-0.2474365234375 0.41748046875 0.0
-0.2493896484375 0.4169921875 0.0
-0.251220703125 0.416259765625 0.0
-0.253173828125 0.41552734375 0.0
-0.255126953125 0.4150390625 0.0
-0.257080078125 0.414306640625 0.0
-0.25927734375 0.41357421875 0.0
-0.26123046875 0.412841796875 0.0
-0.26318359375 0.412353515625 0.0
-0.26513671875 0.41162109375 0.0
-0.26708984375 0.410888671875 0.0
-0.26904296875 0.410400390625 0.0
-0.27099609375 0.40966796875 0.0
-0.27294921875 0.408935546875 0.0
-0.27490234375 0.408447265625 0.0
-0.27685546875 0.40771484375 0.0
-0.27880859375 0.406982421875 0.0
-0.28076171875 0.406494140625 0.0
-0.28271484375 0.40576171875 0.0
-0.28466796875 0.405029296875 0.0
-0.28662109375 0.404541015625 0.0
-0.28857421875 0.40380859375 0.0
-0.29052734375 0.403076171875 0.0
-0.29248046875 0.402587890625 0.0
-0.29443359375 0.40185546875 0.0
-0.29638671875 0.401123046875 0.0
-0.29833984375 0.400634765625 0.0
-0.30029296875 0.39990234375 0.0
-0.30224609375 0.399169921875 0.0
-0.30419921875 0.398681640625 0.0
-0.306396484375 0.39794921875 0.0
-0.308349609375 0.397216796875 0.0
-0.310302734375 0.396484375 0.0
-0.312255859375 0.39599609375 0.0
-0.314208984375 0.395263671875 0.0
-0.316162109375 0.39453125 0.0
-0.318115234375 0.39404296875 0.0
-0.320068359375 0.393310546875 0.0
-0.322021484375 0.392578125 0.0
-0.323974609375 0.39208984375 0.0
-0.325927734375 0.391357421875 0.0
-0.327880859375 0.390625 0.0
-0.329833984375 0.39013671875 0.0
-0.331787109375 0.389404296875 0.0
-0.333740234375 0.388671875 0.0
-0.335693359375 0.38818359375 0.0
-0.337646484375 0.387451171875 0.0
-0.339599609375 0.38671875 0.0
-0.341552734375 0.38623046875 0.0
-0.343505859375 0.385498046875 0.0
-0.345458984375 0.384765625 0.0
-0.347412109375 0.38427734375 0.0
-0.349365234375 0.383544921875 0.0
-0.351318359375 0.3828125 0.0
-0.353515625 0.382080078125 0.0
-0.35546875 0.381591796875 0.0
-0.357421875 0.380859375 0.0
-0.359375 0.380126953125 0.0
-0.361328125 0.379638671875 0.0
-0.36328125 0.37890625 0.0
-0.365234375 0.378173828125 0.0
-0.3671875 0.377685546875 0.0
-0.369140625 0.376953125 0.0
-0.37109375 0.376220703125 0.0
-0.373046875 0.375732421875 0.0
-0.375 0.375 0.0
0.0 0.625 0.375
0.0 0.6240234375 0.376220703125
0.0 0.62255859375 0.377197265625
0.0 0.62158203125 0.37841796875
0.0 0.62060546875 0.37939453125
0.0 0.619140625 0.380615234375
0.0 0.6181640625 0.3818359375
0.0 0.6171875 0.3828125
0.0 0.6162109375 0.384033203125
0.0 0.61474609375 0.38525390625
0.0 0.61376953125 0.38623046875
0.0 0.61279296875 0.387451171875
0.0 0.611328125 0.388427734375
0.0 0.6103515625 0.3896484375
0.0 0.609375 0.390869140625
0.0 0.60791015625 0.391845703125
0.0 0.60693359375 0.39306640625
0.0 0.60595703125 0.39404296875
0.0 0.6044921875 0.395263671875
0.0 0.603515625 0.396484375
0.0 0.6025390625 0.3974609375
0.0 0.6015625 0.398681640625
0.0 0.60009765625 0.399658203125
0.0 0.59912109375 0.40087890625
0.0 0.59814453125 0.402099609375
0.0 0.5966796875 0.403076171875
0.0 0.595703125 0.404296875
0.0 0.5947265625 0.405517578125
0.0 0.59326171875 0.406494140625
0.0 0.59228515625 0.40771484375
0.0 0.59130859375 0.40869140625
0.0 0.59033203125 0.409912109375
0.0 0.5888671875 0.4111328125
0.0 0.587890625 0.412109375
0.0 0.5869140625 0.413330078125
0.0 0.58544921875 0.414306640625
0.0 0.58447265625 0.41552734375
0.0 0.58349609375 0.416748046875
0.0 0.58203125 0.417724609375
0.0 0.5810546875 0.4189453125
0.0 0.580078125 0.420166015625
0.0 0.57861328125 0.421142578125
0.0 0.57763671875 0.42236328125
0.0 0.57666015625 0.42333984375
0.0 0.57568359375 0.424560546875
0.0 0.57421875 0.42578125
0.0 0.5732421875 0.4267578125
0.0 0.572265625 0.427978515625
0.0 0.57080078125 0.428955078125
0.0 0.56982421875 0.43017578125
0.0 0.56884765625 0.431396484375
0.0 0.5673828125 0.432373046875
0.0 0.56640625 0.43359375
0.0 0.5654296875 0.4345703125
0.0 0.56396484375 0.435791015625
0.0 0.56298828125 0.43701171875
0.0 0.56201171875 0.43798828125
0.0 0.56103515625 0.439208984375
0.0 0.5595703125 0.4404296875
0.0 0.55859375 0.44140625
0.0 0.5576171875 0.442626953125
0.0 0.55615234375 0.443603515625
0.0 0.55517578125 0.44482421875
0.0 0.55419921875 0.446044921875
0.0 0.552734375 0.447021484375
0.0 0.5517578125 0.4482421875
0.0 0.55078125 0.44921875
0.0 0.54931640625 0.450439453125
0.0 0.54833984375 0.45166015625
0.0 0.54736328125 0.45263671875
0.0 0.54638671875 0.453857421875
0.0 0.544921875 0.454833984375
0.0 0.5439453125 0.4560546875
0.0 0.54296875 0.457275390625
0.0 0.54150390625 0.458251953125
0.0 0.54052734375 0.45947265625
0.0 0.53955078125 0.460693359375
0.0 0.5380859375 0.461669921875
0.0 0.537109375 0.462890625
0.0 0.5361328125 0.4638671875
0.0 0.53466796875 0.465087890625
0.0 0.53369140625 0.46630859375
0.0 0.53271484375 0.46728515625
0.0 0.53173828125 0.468505859375
0.0 0.5302734375 0.469482421875
0.0 0.529296875 0.470703125
0.0 0.5283203125 0.471923828125
0.0 0.52685546875 0.472900390625
0.0 0.52587890625 0.47412109375
0.0 0.52490234375 0.475341796875
0.0 0.5234375 0.476318359375
0.0 0.5224609375 0.4775390625
0.0 0.521484375 0.478515625
0.0 0.5205078125 0.479736328125
0.0 0.51904296875 0.48095703125
0.0 0.51806640625 0.48193359375
0.0 0.51708984375 0.483154296875
0.0 0.515625 0.484130859375
0.0 0.5146484375 0.4853515625
0.0 0.513671875 0.486572265625
0.0 0.51220703125 0.487548828125
0.0 0.51123046875 0.48876953125
0.0 0.51025390625 0.48974609375
0.0 0.5087890625 0.490966796875
0.0 0.5078125 0.4921875
0.0 0.5068359375 0.4931640625
0.0 0.505859375 0.494384765625
0.0 0.50439453125 0.49560546875
0.0 0.50341796875 0.49658203125
0.0 0.50244140625 0.497802734375
0.0 0.5009765625 0.498779296875
0.0 0.5 0.5
