0.00000 -1.21160e-03
1.00000 4.23543e-04
2.00000 1.63896e-03
3.00000 5.88112e-03
4.00000 1.56977e-02
5.00000 2.87648e-02
6.00000 -5.51915e-02
7.00000 -6.71083e-02
8.00000 -5.49723e-02
9.00000 -4.94683e-02
10.00000 -4.76677e-02
11.00000 -4.79617e-02
12.00000 -4.95032e-02
13.00000 -5.18081e-02
14.00000 -5.44672e-02
15.00000 -5.71084e-02
16.00000 -5.94728e-02
17.00000 -6.12627e-02
18.00000 -6.22562e-02
19.00000 -6.23252e-02
20.00000 -6.13845e-02
21.00000 -5.94635e-02
22.00000 -5.65692e-02
23.00000 -5.29414e-02
24.00000 -4.86997e-02
25.00000 -4.39365e-02
26.00000 -3.90225e-02
27.00000 -3.40489e-02
28.00000 -2.90806e-02
29.00000 -2.44377e-02
30.00000 -2.01252e-02
31.00000 -1.61415e-02
32.00000 -1.26767e-02
33.00000 -9.66255e-03
34.00000 -7.04672e-03
35.00000 -4.92552e-03
36.00000 -3.24869e-03
37.00000 -1.96608e-03
38.00000 -1.06597e-03
39.00000 -4.61463e-04
40.00000 -9.68220e-05
41.00000 6.03482e-05
42.00000 6.10892e-05
43.00000 -5.52686e-05
44.00000 -2.60582e-04
45.00000 -5.04627e-04
46.00000 -7.65062e-04
47.00000 -1.02859e-03
48.00000 -1.30925e-03
49.00000 -1.59323e-03
50.00000 -1.76325e-03
51.00000 -1.76452e-03
52.00000 -1.72748e-03
53.00000 -1.66930e-03
54.00000 -1.32891e-03
55.00000 -9.48872e-04
56.00000 -8.08456e-04
57.00000 -6.44678e-04
58.00000 -4.57647e-04
59.00000 -2.65605e-04
60.00000 -8.06615e-05
61.00000 9.44903e-05
62.00000 2.39758e-04
63.00000 3.55715e-04
64.00000 4.33707e-04
65.00000 4.55242e-04
66.00000 4.16403e-04
67.00000 4.04544e-04
68.00000 3.91809e-04
69.00000 3.41277e-04
70.00000 2.58124e-04
71.00000 1.50462e-04
72.00000 2.81540e-05
73.00000 -6.73552e-05
74.00000 -6.46035e-05
75.00000 -1.73673e-04
76.00000 -3.03126e-04
77.00000 -4.07837e-04
78.00000 -4.84403e-04
79.00000 -5.32082e-04
80.00000 -5.45392e-04
81.00000 -5.25759e-04
82.00000 -4.73916e-04
83.00000 -3.92683e-04
84.00000 -2.87081e-04
85.00000 -1.64131e-04
86.00000 -3.23379e-05
87.00000 1.08845e-04
88.00000 2.29438e-04
89.00000 3.31316e-04
90.00000 4.07519e-04
91.00000 4.52856e-04
92.00000 4.64057e-04
93.00000 4.39752e-04
94.00000 3.80323e-04
95.00000 2.87693e-04
96.00000 1.65117e-04
97.00000 1.70842e-05
98.00000 -1.50497e-04
99.00000 -3.43416e-04
100.00000 -5.21306e-04
101.00000 -6.91430e-04
102.00000 -9.99450e-04
103.00000 -1.43004e-03
104.00000 -1.91351e-03
105.00000 -2.22123e-03
106.00000 -2.57836e-03
107.00000 -2.80083e-03
108.00000 -2.79312e-03
109.00000 -2.83741e-03
110.00000 -3.01951e-03
111.00000 -3.32136e-03
112.00000 -3.74292e-03
113.00000 -3.75393e-03
114.00000 -4.26651e-03
115.00000 -4.87240e-03
116.00000 -6.06281e-03
117.00000 -6.31860e-03
118.00000 -6.52818e-03
119.00000 -6.91011e-03
120.00000 -7.32066e-03
121.00000 -7.68930e-03
122.00000 -7.96839e-03
123.00000 -8.03840e-03
124.00000 -7.82442e-03
125.00000 -7.19173e-03
126.00000 -5.95800e-03
127.00000 -3.87739e-03
128.00000 -6.19566e-04
129.00000 4.25863e-03
130.00000 1.13526e-02
131.00000 2.14664e-02
132.00000 3.56939e-02
133.00000 5.55377e-02
134.00000 8.56011e-02
135.00000 1.24761e-01
136.00000 1.79127e-01
137.00000 2.54897e-01
138.00000 3.61109e-01
139.00000 5.11091e-01
140.00000 7.24689e-01
141.00000 1.03197e+00
142.00000 1.48055e+00
143.00000 2.15495e+00
144.00000 3.23917e+00
145.00000 5.15822e+00
146.00000 -6.45867e+00
147.00000 -2.69563e+00
148.00000 -1.50395e+00
149.00000 -7.43329e-01
150.00000 -3.62245e-01
151.00000 -1.70821e-01
152.00000 -6.52346e-02
153.00000 -1.69812e-02
154.00000 -8.05119e-05
155.00000 3.75455e-03
156.00000 1.23791e-03
157.00000 -4.93355e-03
158.00000 -1.35981e-02
159.00000 -1.98716e-02
160.00000 -2.57365e-02
161.00000 -2.94025e-02
162.00000 -3.19962e-02
163.00000 -3.27921e-02
164.00000 -3.21203e-02
165.00000 -2.98992e-02
166.00000 -2.69067e-02
167.00000 -2.23435e-02
168.00000 -1.76863e-02
169.00000 -1.16047e-02
170.00000 -6.02048e-03
171.00000 7.00090e-04
172.00000 6.45311e-03
173.00000 1.29356e-02
174.00000 1.89426e-02
175.00000 2.35407e-02
176.00000 2.80768e-02
177.00000 3.11187e-02
178.00000 3.35349e-02
179.00000 3.45383e-02
180.00000 3.43747e-02
181.00000 3.30469e-02
182.00000 3.00974e-02
183.00000 2.63917e-02
184.00000 2.07688e-02
185.00000 1.49360e-02
186.00000 7.12363e-03
187.00000 -1.52739e-03
188.00000 -9.36983e-03
189.00000 -1.86861e-02
190.00000 -2.65065e-02
191.00000 -3.50182e-02
192.00000 -4.14188e-02
193.00000 -4.73590e-02
194.00000 -5.07327e-02
195.00000 -5.21543e-02
196.00000 -5.08059e-02
197.00000 -4.57541e-02
198.00000 -3.64867e-02
199.00000 -2.48849e-02
200.00000 -6.87322e-03
201.00000 1.23812e-02
202.00000 3.88778e-02
203.00000 1.34282e-01
204.00000 1.72690e-01
205.00000 2.02273e-01
206.00000 2.25280e-01
207.00000 2.24241e-01
208.00000 1.76173e-01
209.00000 2.67458e-02
210.00000 -2.52101e-01
211.00000 -9.06976e-01
212.00000 -2.00010e+00
213.00000 -4.53580e+00
214.00000 -8.87745e+00
215.00000 -5.00500e+00
216.00000 4.67964e+01
217.00000 2.01670e+01
218.00000 1.24568e+01
219.00000 7.80592e+00
220.00000 5.39370e+00
221.00000 3.55957e+00
222.00000 2.35455e+00
223.00000 1.63939e+00
224.00000 1.05044e+00
225.00000 6.91200e-01
226.00000 3.89789e-01
227.00000 2.04103e-01
228.00000 4.87752e-02
229.00000 -4.49074e-02
230.00000 -1.19366e-01
231.00000 -1.59742e-01
232.00000 -1.85118e-01
233.00000 -1.91412e-01
234.00000 -1.84123e-01
235.00000 -1.62858e-01
236.00000 -1.35227e-01
237.00000 -9.30071e-02
238.00000 -4.90146e-02
239.00000 1.07084e-02
240.00000 6.86714e-02
241.00000 1.43813e-01
242.00000 2.14448e-01
243.00000 3.03944e-01
244.00000 -8.22584e+00
245.00000 -7.40488e+00
246.00000 -6.54626e+00
247.00000 -5.88550e+00
248.00000 -5.19188e+00
249.00000 -4.65609e+00
250.00000 -4.09139e+00
251.00000 -3.65328e+00
252.00000 -3.18935e+00
253.00000 -2.82757e+00
254.00000 -2.44238e+00
255.00000 -2.14030e+00
256.00000 -1.81678e+00
257.00000 -1.52083e+00
258.00000 -1.28688e+00
259.00000 -1.03476e+00
260.00000 -8.35223e-01
261.00000 -6.19939e-01
262.00000 -4.49247e-01
263.00000 -2.67265e-01
264.00000 -1.25466e-01
265.00000 2.24150e-02
266.00000 1.32221e-01
267.00000 2.35351e-01
268.00000 2.98666e-01
269.00000 2.97063e-01
270.00000 1.55681e-01
271.00000 -2.55198e-01
272.00000 -1.86245e+00
273.00000 -1.05318e+01
274.00000 5.19146e+00
275.00000 2.64966e+00
276.00000 1.67465e+00
277.00000 1.29460e+00
278.00000 1.05268e+00
279.00000 9.06835e-01
280.00000 8.17656e-01
281.00000 -2.39317e-01
282.00000 -2.66802e-01
283.00000 -2.72290e-01
284.00000 -2.67290e-01
285.00000 -2.57199e-01
286.00000 -2.47322e-01
287.00000 -2.35511e-01
288.00000 -2.25399e-01
289.00000 -2.13590e-01
290.00000 -2.01615e-01
291.00000 -1.91085e-01
292.00000 -1.78366e-01
293.00000 -1.67033e-01
294.00000 -1.53285e-01
295.00000 -1.41070e-01
296.00000 -1.26382e-01
297.00000 -1.13498e-01
298.00000 -9.82491e-02
299.00000 -8.51105e-02
300.00000 -6.98626e-02
301.00000 -5.69994e-02
302.00000 -4.24061e-02
303.00000 -2.84444e-02
304.00000 -1.71250e-02
305.00000 -4.83684e-03
306.00000 4.78548e-03
307.00000 1.48113e-02
308.00000 2.22759e-02
309.00000 2.95604e-02
310.00000 3.45103e-02
311.00000 3.87043e-02
312.00000 4.09019e-02
313.00000 4.18038e-02
314.00000 5.25394e-02
315.00000 3.84959e-02
316.00000 6.91702e-02
317.00000 2.78285e-02
318.00000 7.78384e-02
319.00000 1.04468e-02
320.00000 8.32992e-02
321.00000 -2.29682e-02
322.00000 8.14509e-02
323.00000 -7.22348e-02
324.00000 5.97460e-02
325.00000 -1.16342e-01
326.00000 2.11551e-02
327.00000 -1.88247e-01
328.00000 -6.17251e-03
329.00000 -2.54904e-01
330.00000 -6.23685e-02
331.00000 -2.68290e-01
332.00000 -1.06006e-01
333.00000 -2.83728e-01
334.00000 -1.22175e-01
335.00000 -2.19522e-01
336.00000 -1.00319e-01
337.00000 -2.80326e-02
338.00000 -7.22992e-02
339.00000 -4.10257e-02
340.00000 -4.84519e-02
341.00000 7.93485e-04
342.00000 8.43012e-03
343.00000 2.33779e-03
344.00000 -1.03501e-03
345.00000 -2.22358e-04
346.00000 8.57902e-03
347.00000 1.99327e-02
348.00000 -1.04424e-04
349.00000 -1.74807e-02
350.00000 1.92031e-03
351.00000 -1.23173e-02
352.00000 -1.86673e-03
353.00000 -1.14964e-02
354.00000 -2.37476e-03
355.00000 -1.38000e-02
356.00000 -4.79351e-03
357.00000 -1.58196e-02
358.00000 -2.69275e-02
359.00000 -1.73654e-02
360.00000 -2.85801e-02
361.00000 -1.83138e-02
362.00000 -2.96954e-02
363.00000 -1.85967e-02
364.00000 -2.43383e-02
365.00000 -1.17944e-02
366.00000 -2.36794e-02
367.00000 -1.10921e-02
368.00000 -2.25782e-02
369.00000 -9.30427e-03
370.00000 -2.08795e-02
371.00000 -7.15303e-03
372.00000 -1.87594e-02
373.00000 -4.64865e-03
374.00000 -1.62146e-02
375.00000 5.87647e-03
376.00000 8.47707e-03
377.00000 2.71789e-04
378.00000 -8.85114e-03
379.00000 4.96626e-03
380.00000 -7.34778e-03
381.00000 -2.12319e-02
382.00000 -7.58953e-03
383.00000 -2.44954e-02
384.00000 -1.01058e-02
385.00000 -3.33030e-02
386.00000 -5.52832e-03
387.00000 -4.20566e-02
388.00000 -2.07508e-02
389.00000 -1.08984e-01
390.00000 -4.89723e-02
391.00000 2.33943e-02
392.00000 7.62792e-03
393.00000 2.13116e-02
394.00000 7.97044e-03
395.00000 1.36035e-02
396.00000 7.90642e-03
397.00000 8.38312e-03
398.00000 8.31997e-03
399.00000 4.26647e-03
400.00000 9.33485e-03
401.00000 7.68723e-04
402.00000 1.09236e-02
403.00000 -2.25661e-03
404.00000 -1.96978e-02
405.00000 -4.82208e-03
406.00000 -2.54477e-02
407.00000 -6.89607e-03
408.00000 -2.98934e-02
409.00000 -8.45881e-03
410.00000 -3.27590e-02
411.00000 -9.56156e-03
412.00000 -3.63748e-02
413.00000 -3.95704e-02
414.00000 -9.79333e-03
415.00000 1.18253e-02
416.00000 -9.96766e-03
417.00000 -2.57421e-03
418.00000 -1.46295e-02
419.00000 -7.37171e-03
420.00000 -1.54281e-02
421.00000 7.47296e-04
422.00000 -1.57933e-02
423.00000 1.71061e-03
424.00000 -1.55521e-02
425.00000 1.32924e-03
426.00000 -1.43533e-02
427.00000 -2.93680e-02
428.00000 -1.05318e-02
429.00000 -2.19682e-02
430.00000 5.68600e-02
431.00000 -3.09375e-02
432.00000 -2.32373e-02
433.00000 -2.49377e-02
434.00000 -1.88149e-02
435.00000 -2.16490e-02
436.00000 -1.66164e-02
437.00000 -1.56671e-02
438.00000 -1.20262e-02
439.00000 -1.40316e-02
440.00000 -1.10865e-02
441.00000 -1.23940e-02
442.00000 -9.97672e-03
443.00000 -1.06575e-02
444.00000 -8.63492e-03
445.00000 -8.79954e-03
446.00000 -7.07352e-03
447.00000 -6.86008e-03
448.00000 -6.41601e-03
449.00000 -4.92982e-03
450.00000 -4.42438e-03
451.00000 -3.13061e-03
452.00000 -2.75048e-03
453.00000 -1.59043e-03
454.00000 -1.52831e-03
455.00000 -4.17709e-04
456.00000 -8.68577e-04
457.00000 3.20153e-04
458.00000 -8.44801e-04
459.00000 2.22583e-03
460.00000 5.94697e-04
461.00000 2.96042e-03
462.00000 2.89712e-04
463.00000 3.77495e-03
464.00000 -3.33112e-04
465.00000 4.92634e-03
466.00000 -1.23032e-03
467.00000 6.04070e-03
468.00000 -1.45916e-03
469.00000 1.00004e-02
470.00000 1.39929e-02
471.00000 1.95294e-02
472.00000 1.36435e-02
473.00000 2.99159e-02
474.00000 3.24597e-02
475.00000 3.76153e-02
476.00000 3.71440e-02
477.00000 2.99758e-02
478.00000 2.93179e-02
479.00000 3.38949e-02
480.00000 3.01956e-02
481.00000 4.14614e-02
482.00000 4.53350e-02
483.00000 5.92594e-02
484.00000 7.58566e-02
485.00000 8.00448e-02
486.00000 9.44952e-02
487.00000 9.48757e-02
488.00000 1.02979e-01
489.00000 1.04380e-01
490.00000 9.52059e-02
491.00000 8.94263e-02
492.00000 6.92469e-02
493.00000 5.52604e-02
494.00000 3.57398e-02
495.00000 1.10532e-02
496.00000 -9.21951e-03
497.00000 -2.53750e-02
498.00000 -4.91840e-02
499.00000 -6.23896e-02
500.00000 -8.32801e-02
501.00000 -9.50447e-02
502.00000 -1.06322e-01
503.00000 -1.24434e-01
504.00000 -1.33567e-01
505.00000 -1.56309e-01
506.00000 -1.86409e-01
507.00000 -2.45001e-01
508.00000 -3.19650e-01
509.00000 -3.90684e-01
510.00000 -4.39577e-01
511.00000 -4.74535e-01
512.00000 -4.87906e-01
513.00000 -4.89747e-01
514.00000 -4.70587e-01
515.00000 -4.36806e-01
516.00000 -4.01680e-01
517.00000 -3.47751e-01
518.00000 -2.97472e-01
519.00000 -2.33703e-01
520.00000 -1.68886e-01
521.00000 -1.17700e-01
522.00000 -5.98081e-02
523.00000 -1.80867e-02
524.00000 2.86295e-02
525.00000 6.89975e-02
526.00000 9.42543e-02
527.00000 1.25140e-01
528.00000 1.52180e-01
529.00000 1.65209e-01
530.00000 1.86225e-01
531.00000 1.93813e-01
532.00000 2.09662e-01
533.00000 2.22588e-01
534.00000 2.21833e-01
535.00000 2.27814e-01
536.00000 2.21390e-01
537.00000 2.19051e-01
538.00000 2.12153e-01
539.00000 1.93859e-01
540.00000 1.80727e-01
541.00000 1.60037e-01
542.00000 1.48136e-01
543.00000 1.41275e-01
544.00000 1.61885e-01
545.00000 -1.48069e-01
546.00000 -1.58707e-01
547.00000 -1.71423e-01
548.00000 -1.70560e-01
549.00000 -1.67421e-01
550.00000 -1.44755e-01
551.00000 -1.17492e-01
552.00000 -1.00379e-01
553.00000 -7.46777e-02
554.00000 -5.99279e-02
555.00000 -4.36005e-02
556.00000 -3.42324e-02
557.00000 -3.52173e-02
558.00000 -4.29754e-02
559.00000 -6.17274e-02
560.00000 -9.66384e-02
561.00000 -1.40476e-01
562.00000 -1.96628e-01
563.00000 -2.54821e-01
564.00000 -3.12788e-01
565.00000 -3.69742e-01
566.00000 -4.16894e-01
567.00000 -4.55652e-01
568.00000 -4.81022e-01
569.00000 -4.98196e-01
570.00000 -5.13565e-01
571.00000 -5.32887e-01
572.00000 -5.46919e-01
573.00000 -5.45040e-01
574.00000 -5.09880e-01
575.00000 -4.46202e-01
576.00000 -3.64951e-01
577.00000 -2.72972e-01
578.00000 -1.77687e-01
579.00000 -8.47564e-02
580.00000 -1.83966e-02
581.00000 -1.17371e-01
582.00000 -1.26224e-01
583.00000 -1.31858e-01
584.00000 -1.28099e-01
585.00000 -1.43458e-01
586.00000 -1.49520e-01
587.00000 -1.55487e-01
588.00000 -1.59302e-01
589.00000 -1.62921e-01
590.00000 -1.65230e-01
591.00000 2.58217e-02
592.00000 2.55820e-02
593.00000 2.59462e-02
594.00000 2.66790e-02
595.00000 2.81464e-02
596.00000 2.97548e-02
597.00000 3.22905e-02
598.00000 3.53795e-02
599.00000 3.82208e-02
600.00000 4.21933e-02
601.00000 4.65847e-02
602.00000 5.03703e-02
603.00000 5.54396e-02
604.00000 5.98363e-02
605.00000 6.62259e-02
606.00000 7.68712e-02
607.00000 9.90152e-02
608.00000 6.07935e-02
609.00000 6.87984e-02
610.00000 7.18706e-02
611.00000 7.38781e-02
612.00000 7.43037e-02
613.00000 7.33902e-02
614.00000 7.07787e-02
615.00000 6.73699e-02
616.00000 6.13229e-02
617.00000 5.31351e-02
618.00000 4.49582e-02
619.00000 3.25112e-02
620.00000 2.07259e-02
621.00000 3.59704e-03
622.00000 -1.62891e-02
623.00000 -3.42347e-02
624.00000 -5.92536e-02
625.00000 -8.71656e-02
626.00000 -1.11574e-01
627.00000 -1.44667e-01
628.00000 -1.73233e-01
629.00000 -2.12444e-01
630.00000 -2.48245e-01
631.00000 -2.83147e-01
632.00000 -3.27243e-01
633.00000 -3.72640e-01
634.00000 -4.09635e-01
635.00000 -4.55826e-01
636.00000 -4.87971e-01
637.00000 -5.50337e-01
638.00000 -5.94404e-01
639.00000 -6.30806e-01
640.00000 -6.75245e-01
641.00000 -7.17591e-01
642.00000 -7.49454e-01
643.00000 -7.86189e-01
644.00000 -8.12699e-01
645.00000 -8.41733e-01
646.00000 -8.65702e-01
647.00000 -8.80922e-01
648.00000 -8.94711e-01
649.00000 -9.02506e-01
650.00000 -9.04432e-01
651.00000 -9.01708e-01
652.00000 -8.95873e-01
653.00000 -8.85179e-01
654.00000 -8.73177e-01
655.00000 -8.65893e-01
656.00000 -8.66451e-01
657.00000 -8.64649e-01
658.00000 -7.12505e-01
659.00000 -4.74234e-01
660.00000 -4.26593e-01
661.00000 -3.88537e-01
662.00000 -3.45235e-01
663.00000 -3.06792e-01
664.00000 -2.56154e-01
665.00000 -2.04589e-01
666.00000 -1.63709e-01
667.00000 -1.14013e-01
668.00000 -6.66292e-02
669.00000 -3.07705e-02
670.00000 1.11749e-02
671.00000 4.22804e-02
672.00000 7.79839e-02
673.00000 1.10092e-01
674.00000 1.33165e-01
675.00000 1.58711e-01
676.00000 1.80545e-01
677.00000 1.95279e-01
678.00000 2.10167e-01
679.00000 2.19142e-01
680.00000 2.26509e-01
681.00000 2.29364e-01
682.00000 2.28224e-01
683.00000 2.22298e-01
684.00000 2.11143e-01
685.00000 1.98914e-01
686.00000 1.77457e-01
687.00000 1.56651e-01
688.00000 1.25654e-01
689.00000 8.92216e-02
690.00000 5.63180e-02
691.00000 1.07837e-02
692.00000 -3.39918e-02
693.00000 -8.19743e-02
694.00000 -1.38383e-01
695.00000 -1.91298e-01
696.00000 -2.45567e-01
697.00000 -3.00470e-01
698.00000 -3.61284e-01
699.00000 -4.14967e-01
700.00000 -4.66803e-01
701.00000 -5.15960e-01
702.00000 -5.66442e-01
703.00000 -6.07280e-01
704.00000 -6.42980e-01
705.00000 -6.72841e-01
706.00000 -6.98397e-01
707.00000 -7.13929e-01
708.00000 -7.21916e-01
709.00000 -7.22056e-01
710.00000 -7.13135e-01
711.00000 -6.50954e-01
712.00000 -6.60421e-01
713.00000 -6.27213e-01
714.00000 -5.77798e-01
715.00000 -5.23704e-01
716.00000 -4.60892e-01
717.00000 -3.89646e-01
718.00000 -3.00956e-01
719.00000 -2.12925e-01
720.00000 -1.17501e-01
721.00000 -1.50934e-02
722.00000 1.06348e-01
723.00000 2.22017e-01
724.00000 3.43204e-01
725.00000 4.69380e-01
726.00000 6.14750e-01
727.00000 7.49603e-01
728.00000 8.87630e-01
729.00000 1.02819e+00
730.00000 1.18653e+00
731.00000 1.33020e+00
732.00000 1.47420e+00
733.00000 1.61776e+00
734.00000 1.77575e+00
735.00000 1.91562e+00
736.00000 2.05235e+00
737.00000 2.18497e+00
738.00000 2.32629e+00
739.00000 2.44689e+00
740.00000 2.56012e+00
741.00000 2.66484e+00
742.00000 2.76981e+00
743.00000 2.85273e+00
744.00000 2.92347e+00
745.00000 2.98085e+00
746.00000 3.02752e+00
747.00000 3.05292e+00
748.00000 3.06149e+00
749.00000 3.05012e+00
750.00000 3.02014e+00
751.00000 2.97071e+00
752.00000 2.90124e+00
753.00000 2.80005e+00
754.00000 2.68709e+00
755.00000 2.55334e+00
756.00000 2.39894e+00
757.00000 2.20427e+00
758.00000 2.00595e+00
759.00000 1.79091e+00
760.00000 1.57989e+00
761.00000 1.29134e+00
762.00000 1.01882e+00
763.00000 7.36650e-01
764.00000 4.47419e-01
765.00000 1.20981e-01
766.00000 -1.74529e-01
767.00000 -4.69050e-01
768.00000 -7.60227e-01
769.00000 -1.07717e+00
770.00000 -1.35432e+00
771.00000 -1.62194e+00
772.00000 -1.87844e+00
773.00000 -2.14873e+00
774.00000 -2.37744e+00
775.00000 -2.59133e+00
776.00000 -2.78955e+00
777.00000 -2.99055e+00
778.00000 -3.15349e+00
779.00000 -3.29893e+00
780.00000 -3.42645e+00
781.00000 -3.54670e+00
782.00000 -3.63530e+00
783.00000 -3.70499e+00
784.00000 -3.75550e+00
785.00000 -3.78876e+00
786.00000 -3.79780e+00
787.00000 -3.78669e+00
788.00000 -3.75509e+00
789.00000 -3.69548e+00
790.00000 -3.61937e+00
791.00000 -3.52157e+00
792.00000 -3.40169e+00
793.00000 -3.24215e+00
794.00000 -3.07449e+00
795.00000 -2.88376e+00
796.00000 -2.66978e+00
797.00000 -2.40471e+00
798.00000 -2.14164e+00
799.00000 -1.85563e+00
800.00000 -1.54714e+00
801.00000 -1.17891e+00
802.00000 -8.25934e-01
803.00000 -4.57845e-01
804.00000 -2.98920e-02
805.00000 3.77186e-01
806.00000 8.25760e-01
807.00000 1.26453e+00
808.00000 1.73948e+00
809.00000 2.19802e+00
810.00000 2.68801e+00
811.00000 3.15323e+00
812.00000 3.65336e+00
813.00000 4.11847e+00
814.00000 4.59898e+00
815.00000 5.04914e+00
816.00000 5.50977e+00
817.00000 5.92939e+00
818.00000 6.35056e+00
819.00000 6.72489e+00
820.00000 7.08932e+00
821.00000 7.40084e+00
822.00000 7.68871e+00
823.00000 7.91729e+00
824.00000 8.10580e+00
825.00000 8.22828e+00
826.00000 8.29135e+00
827.00000 8.28157e+00
828.00000 8.19026e+00
829.00000 8.01984e+00
830.00000 7.74373e+00
831.00000 7.36123e+00
832.00000 6.89433e+00
833.00000 6.28540e+00
834.00000 5.59449e+00
835.00000 4.74235e+00
836.00000 3.81857e+00
837.00000 2.72324e+00
838.00000 1.57722e+00
839.00000 2.62806e-01
840.00000 -1.06916e+00
841.00000 -2.54935e+00
842.00000 -4.00238e+00
843.00000 -5.56537e+00
844.00000 -7.04855e+00
845.00000 -8.58759e+00
846.00000 -9.99232e+00
847.00000 -1.13883e+01
848.00000 -1.26008e+01
849.00000 -1.37362e+01
850.00000 -1.46505e+01
851.00000 -1.54216e+01
852.00000 -1.59489e+01
853.00000 -1.62730e+01
854.00000 -1.63458e+01
855.00000 -1.61629e+01
856.00000 -1.57339e+01
857.00000 -1.50031e+01
858.00000 -1.40408e+01
859.00000 -1.27730e+01
860.00000 -1.12180e+01
861.00000 -9.37191e+00
862.00000 -7.23144e+00
863.00000 -4.79377e+00
864.00000 -2.05664e+00
865.00000 9.81379e-01
866.00000 4.32067e+00
867.00000 7.96009e+00
868.00000 1.18965e+01
869.00000 1.61241e+01
870.00000 2.06337e+01
871.00000 2.54120e+01
872.00000 3.05796e+01
873.00000 3.58398e+01
874.00000 4.12937e+01
875.00000 4.69025e+01
876.00000 5.26190e+01
877.00000 5.83873e+01
878.00000 6.41429e+01
879.00000 6.98129e+01
880.00000 7.53167e+01
881.00000 8.05679e+01
882.00000 8.54757e+01
883.00000 8.99474e+01
884.00000 9.38918e+01
885.00000 9.72222e+01
886.00000 9.98288e+01
887.00000 1.01716e+02
888.00000 1.02790e+02
889.00000 1.03012e+02
890.00000 1.02366e+02
891.00000 1.00849e+02
892.00000 9.84840e+01
893.00000 9.52595e+01
894.00000 9.13186e+01
895.00000 8.66948e+01
896.00000 8.14726e+01
897.00000 7.57467e+01
898.00000 6.96197e+01
899.00000 6.31999e+01
900.00000 5.66438e+01
901.00000 4.99738e+01
902.00000 4.33445e+01
903.00000 3.68223e+01
904.00000 3.06017e+01
905.00000 2.47382e+01
906.00000 1.93249e+01
907.00000 1.44630e+01
908.00000 1.01828e+01
909.00000 6.59767e+00
910.00000 3.75226e+00
911.00000 1.67874e+00
912.00000 4.52530e-01
913.00000 -1.21160e-03
914.00000 1.25801e+00
915.00000 4.99116e+00
916.00000 1.11455e+01
917.00000 1.95765e+01
918.00000 3.00944e+01
919.00000 4.25096e+01
920.00000 5.65305e+01
921.00000 7.18547e+01
922.00000 8.80870e+01
923.00000 1.05021e+02
924.00000 1.22244e+02
925.00000 1.39409e+02
926.00000 1.56178e+02
927.00000 1.72235e+02
928.00000 1.87286e+02
929.00000 2.01069e+02
930.00000 2.13359e+02
931.00000 2.23890e+02
932.00000 2.32761e+02
933.00000 2.39583e+02
934.00000 2.44529e+02
935.00000 2.47424e+02
936.00000 2.48390e+02
937.00000 2.47458e+02
938.00000 2.44751e+02
939.00000 2.40296e+02
940.00000 2.34376e+02
941.00000 2.26944e+02
942.00000 2.18399e+02
943.00000 2.08612e+02
944.00000 1.98055e+02
945.00000 1.86515e+02
946.00000 1.74494e+02
947.00000 1.61699e+02
948.00000 1.48634e+02
949.00000 1.35158e+02
950.00000 1.21314e+02
951.00000 1.06651e+02
952.00000 9.21363e+01
953.00000 7.73243e+01
954.00000 6.22697e+01
955.00000 4.64436e+01
956.00000 3.09792e+01
957.00000 1.60262e+01
958.00000 2.24436e+00
959.00000 -9.49359e+00
960.00000 -1.67689e+01
961.00000 -1.87601e+01
962.00000 -1.56875e+01
963.00000 -1.04755e+01
964.00000 -7.21724e+00
965.00000 -8.56009e+00
966.00000 -1.44237e+01
967.00000 -2.36578e+01
968.00000 -3.53505e+01
969.00000 -4.76985e+01
970.00000 -6.03655e+01
971.00000 -7.29102e+01
972.00000 -8.50495e+01
973.00000 -9.69691e+01
974.00000 -1.07766e+02
975.00000 -1.17737e+02
976.00000 -1.26801e+02
977.00000 -1.35136e+02
978.00000 -1.42132e+02
979.00000 -1.47999e+02
980.00000 -1.52657e+02
981.00000 -1.56107e+02
982.00000 -1.58027e+02
983.00000 -1.58447e+02
984.00000 -1.57262e+02
985.00000 -1.54373e+02
986.00000 -1.49701e+02
987.00000 -1.43204e+02
988.00000 -1.34283e+02
989.00000 -1.24163e+02
990.00000 -1.12554e+02
991.00000 -9.97774e+01
992.00000 -8.62577e+01
993.00000 -7.24967e+01
994.00000 -5.90273e+01
995.00000 -4.63575e+01
996.00000 -3.49173e+01
997.00000 -2.44188e+01
998.00000 -1.63554e+01
999.00000 -1.00519e+01
1000.00000 -5.43451e+00
1001.00000 -2.35232e+00
1002.00000 -6.12194e-01
1003.00000 6.49581e-03
1004.00000 -2.75853e-01
1005.00000 -1.35148e+00
1006.00000 -2.90536e+00
1007.00000 -4.84541e+00
1008.00000 -7.08196e+00
1009.00000 -9.56306e+00
1010.00000 -1.22730e+01
1011.00000 -1.52327e+01
1012.00000 -1.84961e+01
1013.00000 -2.21410e+01
1014.00000 -2.65476e+01
1015.00000 -3.12435e+01
1016.00000 -3.65209e+01
1017.00000 -4.23457e+01
1018.00000 -4.85957e+01
1019.00000 -5.50557e+01
1020.00000 -6.14322e+01
1021.00000 -6.73890e+01
1022.00000 -7.25923e+01
1023.00000 -7.69892e+01
1024.00000 -7.98112e+01
1025.00000 -8.12566e+01
1026.00000 -8.12980e+01
1027.00000 -7.99799e+01
1028.00000 -7.73983e+01
1029.00000 -7.36918e+01
1030.00000 -6.90149e+01
1031.00000 -6.35369e+01
1032.00000 -5.70086e+01
1033.00000 -5.04343e+01
1034.00000 -4.36043e+01
1035.00000 -3.66980e+01
1036.00000 -2.98931e+01
1037.00000 -2.33620e+01
1038.00000 -1.72663e+01
1039.00000 -1.17348e+01
1040.00000 -6.63120e+00
1041.00000 -2.64242e+00
1042.00000 5.18121e-01
1043.00000 2.83824e+00
1044.00000 4.34925e+00
1045.00000 5.01506e+00
1046.00000 4.82331e+00
1047.00000 3.71423e+00
1048.00000 1.58917e+00
1049.00000 -1.92095e+00
1050.00000 -6.10685e+00
1051.00000 -1.21044e+01
1052.00000 -1.81974e+01
1053.00000 -2.56689e+01
1054.00000 -3.30868e+01
1055.00000 -3.91011e+01
1056.00000 -4.51319e+01
1057.00000 -4.96021e+01
1058.00000 -5.38626e+01
1059.00000 -5.69746e+01
1060.00000 -5.99909e+01
1061.00000 -6.22759e+01
1062.00000 -6.45917e+01
1063.00000 -6.66774e+01
1064.00000 -6.83677e+01
1065.00000 -7.01985e+01
1066.00000 -7.17704e+01
1067.00000 -7.14268e+01
1068.00000 -7.28256e+01
1069.00000 -7.34903e+01
1070.00000 -7.38208e+01
1071.00000 -7.39765e+01
1072.00000 -7.38852e+01
1073.00000 -7.35889e+01
1074.00000 -7.29893e+01
1075.00000 -7.22255e+01
1076.00000 -7.10656e+01
1077.00000 -6.97846e+01
1078.00000 -6.79922e+01
1079.00000 -6.61093e+01
1080.00000 -6.35553e+01
1081.00000 -6.05171e+01
1082.00000 -5.74115e+01
1083.00000 -5.32989e+01
1084.00000 -4.91805e+01
1085.00000 -4.38894e+01
1086.00000 -3.88100e+01
1087.00000 -3.26418e+01
1088.00000 -2.63244e+01
1089.00000 -2.09021e+01
1090.00000 -1.50714e+01
1091.00000 -1.04407e+01
1092.00000 -5.78850e+00
1093.00000 -2.30632e+00
1094.00000 1.05146e+00
1095.00000 3.52551e+00
1096.00000 5.88072e+00
1097.00000 7.78684e+00
1098.00000 9.11158e+00
1099.00000 1.02328e+01
1100.00000 1.08614e+01
1101.00000 1.11641e+01
1102.00000 1.10619e+01
1103.00000 1.05560e+01
1104.00000 9.84489e+00
1105.00000 8.83487e+00
1106.00000 7.71131e+00
1107.00000 6.69387e+00
1108.00000 5.54204e+00
1109.00000 4.57545e+00
1110.00000 3.54550e+00
1111.00000 2.72582e+00
1112.00000 1.89561e+00
1113.00000 -2.47254e+00
1114.00000 -2.47070e+00
1115.00000 -2.29495e+00
1116.00000 -1.97477e+00
1117.00000 -1.50869e+00
1118.00000 -1.47634e+00
1119.00000 -1.36948e+00
1120.00000 -9.31172e-01
1121.00000 -2.57195e-01
1122.00000 4.17248e-01
1123.00000 1.25983e+00
1124.00000 2.16614e+00
1125.00000 3.00362e+00
1126.00000 4.00376e+00
1127.00000 4.91054e+00
1128.00000 5.97666e+00
1129.00000 6.93093e+00
1130.00000 8.04138e+00
1131.00000 9.02686e+00
1132.00000 1.01632e+01
1133.00000 1.12976e+01
1134.00000 1.22699e+01
1135.00000 1.33316e+01
1136.00000 1.42146e+01
1137.00000 1.52521e+01
1138.00000 1.62115e+01
1139.00000 1.73391e+01
1140.00000 1.83548e+01
1141.00000 1.95585e+01
1142.00000 2.08018e+01
1143.00000 2.18213e+01
1144.00000 2.29001e+01
1145.00000 2.39055e+01
1146.00000 2.51091e+01
1147.00000 2.61886e+01
1148.00000 2.74451e+01
1149.00000 2.85644e+01
1150.00000 2.98680e+01
1151.00000 3.12004e+01
1152.00000 3.23920e+01
1153.00000 3.37854e+01
1154.00000 3.50338e+01
1155.00000 3.64947e+01
1156.00000 3.78031e+01
1157.00000 3.93324e+01
1158.00000 4.08961e+01
1159.00000 4.22903e+01
1160.00000 4.39096e+01
1161.00000 4.53450e+01
1162.00000 4.70003e+01
1163.00000 4.84557e+01
1164.00000 5.01266e+01
1165.00000 5.16898e+01
1166.00000 5.40386e+01
1167.00000 5.53248e+01
1168.00000 5.66068e+01
1169.00000 5.81135e+01
1170.00000 5.94092e+01
1171.00000 6.08355e+01
1172.00000 6.20214e+01
1173.00000 6.32930e+01
1174.00000 6.43253e+01
1175.00000 6.54087e+01
1176.00000 6.63897e+01
1177.00000 6.71679e+01
1178.00000 6.79723e+01
1179.00000 6.86049e+01
1180.00000 6.92078e+01
1181.00000 6.95498e+01
1182.00000 6.98117e+01
1183.00000 6.99583e+01
1184.00000 7.00055e+01
1185.00000 7.03175e+01
1186.00000 7.12332e+01
1187.00000 7.27125e+01
1188.00000 7.46567e+01
1189.00000 7.69179e+01
1190.00000 7.93648e+01
1191.00000 8.18057e+01
1192.00000 8.39873e+01
1193.00000 8.56796e+01
1194.00000 8.72133e+01
1195.00000 -2.04778e+01
1196.00000 -1.56717e+01
1197.00000 -1.20659e+01
1198.00000 -8.89087e+00
1199.00000 -6.88510e+00
1200.00000 -5.36218e+00
1201.00000 -3.88738e+00
1202.00000 -3.03172e+00
1203.00000 -2.37724e+00
1204.00000 -1.65431e+00
1205.00000 -1.29143e+00
1206.00000 -1.01514e+00
1207.00000 -6.44431e-01
1208.00000 -5.00741e-01
1209.00000 -3.94677e-01
1210.00000 -1.98111e-01
1211.00000 -1.53764e-01
1212.00000 -1.25457e-01
1213.00000 -1.86507e-02
1214.00000 -1.92278e-02
1215.00000 -2.60195e-02
1216.00000 3.27207e-02
1217.00000 1.27337e-02
1218.00000 -8.99474e-03
1219.00000 2.31859e-02
1220.00000 -4.11908e-03
1221.00000 -3.11820e-02
1222.00000 -1.40836e-02
1223.00000 -4.30205e-02
1224.00000 -7.09064e-02
1225.00000 -6.25813e-02
1226.00000 -9.05765e-02
1227.00000 -1.17263e-01
1228.00000 -1.14146e-01
1229.00000 -1.40143e-01
1230.00000 -1.64822e-01
1231.00000 -1.64840e-01
1232.00000 -1.88507e-01
1233.00000 -2.10951e-01
1234.00000 -2.12858e-01
1235.00000 -2.34198e-01
1236.00000 -2.54442e-01
1237.00000 -2.57463e-01
1238.00000 -2.76617e-01
1239.00000 -2.94807e-01
1240.00000 -2.98443e-01
1241.00000 -3.15605e-01
1242.00000 -3.31926e-01
1243.00000 -3.35862e-01
1244.00000 -3.51255e-01
1245.00000 -3.65963e-01
1246.00000 -3.70814e-01
1247.00000 -3.83403e-01
1248.00000 -3.96663e-01
1249.00000 -4.00760e-01
1250.00000 -4.13204e-01
1251.00000 -4.25126e-01
1252.00000 -4.29216e-01
1253.00000 -4.40578e-01
1254.00000 -4.51545e-01
1255.00000 -4.55792e-01
1256.00000 -4.66414e-01
1257.00000 -4.76784e-01
1258.00000 -4.81428e-01
1259.00000 -4.91707e-01
1260.00000 -5.01881e-01
1261.00000 -5.07200e-01
1262.00000 -5.17516e-01
1263.00000 -5.27838e-01
1264.00000 -5.34011e-01
1265.00000 -5.44586e-01
1266.00000 -5.55204e-01
1267.00000 -5.62195e-01
1268.00000 -5.73162e-01
1269.00000 -5.82929e-01
1270.00000 -5.90938e-01
1271.00000 -6.01835e-01
1272.00000 -6.06500e-01
1273.00000 -6.20044e-01
1274.00000 -6.30731e-01
1275.00000 -6.41250e-01
1276.00000 -6.49043e-01
1277.00000 -6.59394e-01
1278.00000 -6.69627e-01
1279.00000 -6.77443e-01
1280.00000 -6.87570e-01
1281.00000 -6.97628e-01
1282.00000 -7.05571e-01
1283.00000 -7.15622e-01
1284.00000 -7.25658e-01
1285.00000 -7.33836e-01
1286.00000 -7.43941e-01
1287.00000 -7.54063e-01
1288.00000 -7.62516e-01
1289.00000 -7.72734e-01
1290.00000 -7.82978e-01
1291.00000 -7.91665e-01
1292.00000 -8.01988e-01
1293.00000 -8.12328e-01
1294.00000 -8.21139e-01
1295.00000 -8.31501e-01
1296.00000 -8.41855e-01
1297.00000 -8.50633e-01
1298.00000 -8.60915e-01
1299.00000 -8.71139e-01
1300.00000 3.02658e-01
1301.00000 2.84184e-01
1302.00000 2.66194e-01
1303.00000 2.42281e-01
1304.00000 2.19607e-01
1305.00000 2.07525e-01
1306.00000 1.85702e-01
1307.00000 1.71016e-01
1308.00000 1.55339e-01
1309.00000 1.35517e-01
1310.00000 1.22426e-01
1311.00000 1.08829e-01
1312.00000 9.12971e-02
1313.00000 8.04678e-02
1314.00000 6.83455e-02
1315.00000 5.28826e-02
1316.00000 3.89917e-02
1317.00000 3.38334e-02
1318.00000 1.96080e-02
1319.00000 9.37011e-03
1320.00000 1.03483e-02
1321.00000 -9.18641e-03
1322.00000 -1.79682e-02
1323.00000 -2.97157e-02
1324.00000 -3.44352e-02
1325.00000 -4.24735e-02
1326.00000 -5.23212e-02
1327.00000 -5.73946e-02
1328.00000 -6.56950e-02
1329.00000 -7.75000e-02
1330.00000 -8.01960e-02
1331.00000 -9.22744e-02
1332.00000 -2.93715e-02
1333.00000 -8.85494e-02
1334.00000 -7.57243e-02
1335.00000 -9.26683e-02
1336.00000 -1.00504e-01
1337.00000 -1.09426e-01
1338.00000 -1.16306e-01
1339.00000 -1.24754e-01
1340.00000 -1.30934e-01
1341.00000 -1.36887e-01
1342.00000 -1.45460e-01
1343.00000 -1.51378e-01
1344.00000 -1.57344e-01
1345.00000 -1.66429e-01
1346.00000 -1.72840e-01
1347.00000 -1.79767e-01
1348.00000 -1.91642e-01
1349.00000 -2.03816e-01
1350.00000 -2.38684e-01
1351.00000 -1.35680e-01
1352.00000 -1.83091e-01
1353.00000 -1.94010e-01
1354.00000 -1.59325e-01
1355.00000 -9.04766e-01
1356.00000 -9.15808e-01
1357.00000 -9.28581e-01
1358.00000 -9.32011e-01
1359.00000 -9.35636e-01
1360.00000 -9.32227e-01
1361.00000 -9.37033e-01
1362.00000 -9.42542e-01
1363.00000 -9.40158e-01
1364.00000 -9.47791e-01
1365.00000 -9.55757e-01
1366.00000 -9.57148e-01
1367.00000 -9.65748e-01
1368.00000 -9.65581e-01
1369.00000 -9.66475e-01
1370.00000 -9.99393e-01
1371.00000 -1.04539e+00
1372.00000 -1.05646e+00
1373.00000 -1.07846e+00
1374.00000 -1.10237e+00
1375.00000 -1.11904e+00
1376.00000 -1.14637e+00
1377.00000 -1.38782e+00
1378.00000 -1.67125e+00
1379.00000 -1.94169e+00
1380.00000 -2.21750e+00
1381.00000 -2.50125e+00
1382.00000 -2.77142e+00
1383.00000 -3.04602e+00
1384.00000 -3.31826e+00
1385.00000 -3.60402e+00
1386.00000 -3.86355e+00
1387.00000 -4.10105e+00
1388.00000 -4.33535e+00
1389.00000 -4.54459e+00
1390.00000 -4.74277e+00
1391.00000 -4.94971e+00
1392.00000 -5.12868e+00
1393.00000 -5.30132e+00
1394.00000 -5.46225e+00
1395.00000 -5.59283e+00
1396.00000 -5.70829e+00
1397.00000 -5.79154e+00
1398.00000 -5.87368e+00
1399.00000 -5.90865e+00
1400.00000 -5.92644e+00
1401.00000 -5.94161e+00
1402.00000 -5.93410e+00
1403.00000 -5.92018e+00
1404.00000 -5.90973e+00
1405.00000 -5.88174e+00
1406.00000 -5.85253e+00
1407.00000 -5.81166e+00
1408.00000 -5.78808e+00
1409.00000 -5.75324e+00
1410.00000 -5.70417e+00
1411.00000 -5.69345e+00
1412.00000 -5.62455e+00
1413.00000 -5.38381e+00
1414.00000 -5.55114e+00
1415.00000 -5.40773e+00
1416.00000 -5.27978e+00
1417.00000 -5.21095e+00
1418.00000 -5.08173e+00
1419.00000 -4.97154e+00
1420.00000 -4.84603e+00
1421.00000 -4.73886e+00
1422.00000 -4.62593e+00
1423.00000 -4.49980e+00
1424.00000 -4.39113e+00
1425.00000 -4.26326e+00
1426.00000 -4.13528e+00
1427.00000 -4.01729e+00
1428.00000 -3.88622e+00
1429.00000 -3.76105e+00
1430.00000 -3.62555e+00
1431.00000 -3.48802e+00
1432.00000 -3.35820e+00
1433.00000 -3.21386e+00
1434.00000 -3.06614e+00
1435.00000 -2.92478e+00
1436.00000 -2.78101e+00
1437.00000 -2.63457e+00
1438.00000 -2.48764e+00
1439.00000 -2.34926e+00
1440.00000 -2.20470e+00
1441.00000 -2.07727e+00
1442.00000 -1.95785e+00
1443.00000 -1.83406e+00
1444.00000 -1.72998e+00
1445.00000 -1.64103e+00
1446.00000 -1.55799e+00
1447.00000 -1.47573e+00
1448.00000 -1.41693e+00
1449.00000 -1.36799e+00
1450.00000 -1.32178e+00
1451.00000 -1.29560e+00
1452.00000 -1.27974e+00
1453.00000 -1.25855e+00
1454.00000 -1.24892e+00
1455.00000 -1.22483e+00
1456.00000 -1.19045e+00
1457.00000 -1.15575e+00
1458.00000 -1.11088e+00
1459.00000 -1.06905e+00
1460.00000 -1.01454e+00
1461.00000 -9.71497e-01
1462.00000 -9.26684e-01
1463.00000 -8.75783e-01
1464.00000 -8.33485e-01
1465.00000 -7.94999e-01
1466.00000 -7.46115e-01
1467.00000 -7.09452e-01
1468.00000 -6.70142e-01
1469.00000 -6.31123e-01
1470.00000 -5.87328e-01
1471.00000 -5.46557e-01
1472.00000 -5.11488e-01
1473.00000 -4.67154e-01
1474.00000 -4.35267e-01
1475.00000 -4.03181e-01
1476.00000 -3.65733e-01
1477.00000 -3.38885e-01
1478.00000 -3.09335e-01
1479.00000 -2.79786e-01
1480.00000 -2.57432e-01
1481.00000 -2.35007e-01
1482.00000 -2.17681e-01
1483.00000 -1.95027e-01
1484.00000 -1.75912e-01
1485.00000 -1.63676e-01
1486.00000 -1.19713e-01
1487.00000 1.39929e-02
1488.00000 -1.62723e-01
1489.00000 -1.92292e-01
1490.00000 -2.18403e-01
1491.00000 -2.44230e-01
1492.00000 -2.70081e-01
1493.00000 -2.99207e-01
1494.00000 -3.26060e-01
1495.00000 -3.53716e-01
1496.00000 -3.82306e-01
1497.00000 -4.15267e-01
1498.00000 -4.46056e-01
1499.00000 -4.77917e-01
1500.00000 -5.10835e-01
1501.00000 -5.48596e-01
1502.00000 -5.83581e-01
1503.00000 -6.19436e-01
1504.00000 -6.60190e-01
1505.00000 -6.97591e-01
1506.00000 -7.35582e-01
1507.00000 -7.74071e-01
1508.00000 -8.17318e-01
1509.00000 -8.56590e-01
1510.00000 -8.96120e-01
1511.00000 -9.35849e-01
1512.00000 -9.80165e-01
1513.00000 -1.02016e+00
1514.00000 -1.06023e+00
1515.00000 -1.10034e+00
1516.00000 -1.14495e+00
1517.00000 -1.18512e+00
1518.00000 -1.22533e+00
1519.00000 -1.27004e+00
1520.00000 -1.31033e+00
1521.00000 -1.35069e+00
1522.00000 -1.39114e+00
1523.00000 -1.43621e+00
1524.00000 -1.47691e+00
1525.00000 -1.51775e+00
1526.00000 -1.55875e+00
1527.00000 -1.60449e+00
1528.00000 -1.64581e+00
1529.00000 -1.68727e+00
1530.00000 -1.72885e+00
1531.00000 -1.77515e+00
1532.00000 -1.81686e+00
1533.00000 -1.85857e+00
1534.00000 -1.90486e+00
1535.00000 -1.94643e+00
1536.00000 -1.98785e+00
1537.00000 -2.02909e+00
1538.00000 -2.07467e+00
1539.00000 -2.11544e+00
1540.00000 -2.15592e+00
1541.00000 -2.19607e+00
1542.00000 -2.24010e+00
1543.00000 -2.27896e+00
1544.00000 -2.31665e+00
1545.00000 -2.35254e+00
1546.00000 -2.38930e+00
1547.00000 -2.41846e+00
1548.00000 -2.44284e+00
1549.00000 -2.46321e+00
1550.00000 -2.47473e+00
1551.00000 -2.47947e+00
1552.00000 -2.47751e+00
1553.00000 -2.46829e+00
1554.00000 -2.45515e+00
1555.00000 -2.43947e+00
1556.00000 -2.42343e+00
1557.00000 -2.40708e+00
1558.00000 -2.39400e+00
1559.00000 -2.37753e+00
1560.00000 -2.29840e+00
1561.00000 -2.33875e+00
1562.00000 -2.28679e+00
1563.00000 -2.24600e+00
1564.00000 -2.20845e+00
1565.00000 -2.17388e+00
1566.00000 -2.13769e+00
1567.00000 -2.09982e+00
1568.00000 -2.05592e+00
1569.00000 -2.01492e+00
1570.00000 -1.97266e+00
1571.00000 -1.92931e+00
1572.00000 -1.88004e+00
1573.00000 -1.83488e+00
1574.00000 4.80996e-02
1575.00000 5.34113e-02
1576.00000 5.94685e-02
1577.00000 6.50650e-02
1578.00000 7.08005e-02
1579.00000 7.73343e-02
1580.00000 8.33555e-02
1581.00000 8.95040e-02
1582.00000 9.57732e-02
1583.00000 1.02872e-01
1584.00000 1.09373e-01
1585.00000 1.15976e-01
1586.00000 1.22677e-01
1587.00000 1.30238e-01
1588.00000 1.37151e-01
1589.00000 1.44178e-01
1590.00000 1.51333e-01
1591.00000 1.59463e-01
1592.00000 1.66973e-01
1593.00000 1.74706e-01
1594.00000 1.83614e-01
1595.00000 1.91971e-01
1596.00000 2.00706e-01
1597.00000 2.09876e-01
1598.00000 2.20087e-01
1599.00000 -7.30453e-01
1600.00000 -6.98639e-01
1601.00000 -6.65491e-01
1602.00000 -6.34450e-01
1603.00000 -6.02026e-01
1604.00000 -5.71602e-01
1605.00000 -5.39774e-01
1606.00000 -5.08216e-01
1607.00000 -4.78551e-01
1608.00000 -4.47465e-01
1609.00000 -4.18209e-01
1610.00000 -3.87510e-01
1611.00000 -3.58574e-01
1612.00000 -3.28157e-01
1613.00000 -2.99434e-01
1614.00000 -2.69185e-01
1615.00000 -2.40574e-01
1616.00000 -2.10407e-01
1617.00000 -1.81855e-01
1618.00000 -1.51755e-01
1619.00000 -1.23295e-01
1620.00000 -9.33441e-02
1621.00000 -6.35261e-02
1622.00000 -3.54330e-02
1623.00000 -5.96387e-03
1624.00000 2.17860e-02
1625.00000 5.09478e-02
1626.00000 7.85407e-02
1627.00000 1.07770e-01
1628.00000 1.35715e-01
1629.00000 1.65646e-01
1630.00000 1.94540e-01
1631.00000 2.25701e-01
1632.00000 2.55895e-01
1633.00000 2.88499e-01
1634.00000 3.20093e-01
1635.00000 3.54204e-01
1636.00000 3.89126e-01
1637.00000 4.22995e-01
1638.00000 4.59619e-01
1639.00000 4.95193e-01
1640.00000 5.33720e-01
1641.00000 5.71196e-01
1642.00000 6.11838e-01
1643.00000 6.51418e-01
1644.00000 6.94392e-01
1645.00000 7.36293e-01
1646.00000 7.81841e-01
1647.00000 8.26312e-01
1648.00000 8.74725e-01
1649.00000 9.22069e-01
1650.00000 9.73701e-01
1651.00000 1.02715e+00
1652.00000 1.07956e+00
1653.00000 1.13536e+00
1654.00000 1.19324e+00
1655.00000 1.25334e+00
1656.00000 1.31580e+00
1657.00000 1.38257e+00
1658.00000 1.45029e+00
1659.00000 1.52086e+00
1660.00000 1.59444e+00
1661.00000 1.67120e+00
1662.00000 1.75133e+00
1663.00000 1.83499e+00
1664.00000 1.92237e+00
1665.00000 2.01362e+00
1666.00000 2.10890e+00
1667.00000 2.20837e+00
1668.00000 2.31213e+00
1669.00000 2.42028e+00
1670.00000 2.53287e+00
1671.00000 2.64990e+00
1672.00000 2.77464e+00
1673.00000 2.90035e+00
1674.00000 3.02996e+00
1675.00000 3.16303e+00
1676.00000 3.29892e+00
1677.00000 3.43670e+00
1678.00000 3.57512e+00
1679.00000 3.71247e+00
1680.00000 3.84648e+00
1681.00000 3.97410e+00
1682.00000 4.09129e+00
1683.00000 4.19396e+00
1684.00000 4.27222e+00
1685.00000 4.31822e+00
1686.00000 4.31958e+00
1687.00000 4.25989e+00
1688.00000 4.11731e+00
1689.00000 3.86272e+00
1690.00000 3.45033e+00
1691.00000 2.83786e+00
1692.00000 1.94953e+00
1693.00000 6.88212e-01
1694.00000 -1.07877e+00
1695.00000 -3.53346e+00
1696.00000 -6.95314e+00
1697.00000 -1.16386e+01
1698.00000 -1.80816e+01
1699.00000 8.40029e+01
1700.00000 8.26423e+01
1701.00000 8.08074e+01
1702.00000 7.86843e+01
1703.00000 7.64879e+01
1704.00000 7.43947e+01
1705.00000 7.25838e+01
1706.00000 7.11883e+01
1707.00000 7.03084e+01
1708.00000 7.00055e+01
1709.00000 7.02986e+01
1710.00000 7.11383e+01
1711.00000 7.24317e+01
1712.00000 7.40633e+01
1713.00000 7.59235e+01
1714.00000 7.77780e+01
1715.00000 7.94658e+01
1716.00000 8.08688e+01
1717.00000 8.14464e+01
1718.00000 8.18468e+01
1719.00000 3.30389e+00
1720.00000 7.24809e+00
1721.00000 9.89878e+00
1722.00000 1.17973e+01
1723.00000 1.28402e+01
1724.00000 1.34196e+01
1725.00000 1.37892e+01
1726.00000 1.38026e+01
1727.00000 1.36622e+01
1728.00000 1.34943e+01
1729.00000 1.31737e+01
1730.00000 1.28123e+01
1731.00000 1.24767e+01
1732.00000 1.20742e+01
1733.00000 1.16696e+01
1734.00000 1.12977e+01
1735.00000 1.08975e+01
1736.00000 1.05052e+01
1737.00000 1.01394e+01
1738.00000 9.76180e+00
1739.00000 9.39297e+00
1740.00000 9.04298e+00
1741.00000 8.68871e+00
1742.00000 8.34199e+00
1743.00000 8.00899e+00
1744.00000 7.67567e+00
1745.00000 7.34934e+00
1746.00000 7.03469e+00
1747.00000 6.72242e+00
1748.00000 6.41779e+00
1749.00000 6.12490e+00
1750.00000 5.83675e+00
1751.00000 5.55765e+00
1752.00000 5.29129e+00
1753.00000 5.03180e+00
1754.00000 4.78291e+00
1755.00000 4.54765e+00
1756.00000 4.32109e+00
1757.00000 4.10627e+00
1758.00000 3.90527e+00
1759.00000 3.71432e+00
1760.00000 3.53554e+00
1761.00000 3.36980e+00
1762.00000 3.21487e+00
1763.00000 3.07173e+00
1764.00000 2.93998e+00
1765.00000 2.81918e+00
1766.00000 2.70910e+00
1767.00000 2.60814e+00
1768.00000 2.51776e+00
1769.00000 2.43672e+00
1770.00000 2.36477e+00
1771.00000 2.29507e+00
1772.00000 2.23777e+00
1773.00000 2.18417e+00
1774.00000 2.13903e+00
1775.00000 2.09934e+00
1776.00000 2.06156e+00
1777.00000 2.03100e+00
1778.00000 2.00424e+00
1779.00000 1.97769e+00
1780.00000 1.95697e+00
1781.00000 1.93854e+00
1782.00000 1.91903e+00
1783.00000 1.90388e+00
1784.00000 1.88968e+00
1785.00000 1.87340e+00
1786.00000 1.85995e+00
1787.00000 1.84622e+00
1788.00000 1.82963e+00
1789.00000 1.81437e+00
1790.00000 1.79780e+00
1791.00000 1.77802e+00
1792.00000 1.75984e+00
1793.00000 1.72580e+00
1794.00000 1.70479e+00
1795.00000 1.67705e+00
1796.00000 1.62125e+00
1797.00000 1.61971e+00
1798.00000 1.58531e+00
1799.00000 1.54957e+00
1800.00000 1.51155e+00
1801.00000 1.47347e+00
1802.00000 1.43468e+00
1803.00000 1.39469e+00
1804.00000 1.35564e+00
1805.00000 1.31699e+00
1806.00000 1.27810e+00
1807.00000 1.24119e+00
1808.00000 1.20559e+00
1809.00000 1.17030e+00
1810.00000 1.13792e+00
1811.00000 1.10745e+00
1812.00000 1.07741e+00
1813.00000 1.05099e+00
1814.00000 1.02672e+00
1815.00000 1.00262e+00
1816.00000 9.82540e-01
1817.00000 9.64534e-01
1818.00000 9.46072e-01
1819.00000 9.31758e-01
1820.00000 9.19166e-01
1821.00000 9.05225e-01
1822.00000 8.95428e-01
1823.00000 8.87081e-01
1824.00000 8.75755e-01
1825.00000 -9.13205e-02
1826.00000 -7.09035e-02
1827.00000 -7.58503e-02
1828.00000 -3.75292e-02
1829.00000 -6.75707e-02
1830.00000 -5.89883e-02
1831.00000 -6.15147e-02
1832.00000 -9.58487e-02
1833.00000 -6.11239e-02
1834.00000 -6.35565e-02
1835.00000 -6.73634e-02
1836.00000 -7.33856e-02
1837.00000 -8.07458e-02
1838.00000 -8.98929e-02
1839.00000 -9.93795e-02
1840.00000 -1.11348e-01
1841.00000 -1.24054e-01
1842.00000 -1.34192e-01
1843.00000 -1.50942e-01
1844.00000 -1.66067e-01
1845.00000 -1.79938e-01
1846.00000 -1.95013e-01
1847.00000 -2.10675e-01
1848.00000 -2.23323e-01
1849.00000 -2.38131e-01
1850.00000 -2.52682e-01
1851.00000 -2.62707e-01
1852.00000 -2.75716e-01
1853.00000 -2.87953e-01
1854.00000 -2.89476e-01
1855.00000 -2.96320e-01
1856.00000 -2.94984e-01
1857.00000 -2.68999e-01
1858.00000 -2.95488e-01
1859.00000 -3.14896e-01
1860.00000 -3.27138e-01
1861.00000 -3.38086e-01
1862.00000 -3.48702e-01
1863.00000 -3.55624e-01
1864.00000 -3.67126e-01
1865.00000 -3.79610e-01
1866.00000 -3.89986e-01
1867.00000 -4.05446e-01
1868.00000 -4.22635e-01
1869.00000 -4.38769e-01
1870.00000 -4.60051e-01
1871.00000 -4.83747e-01
1872.00000 -5.06683e-01
1873.00000 -5.36902e-01
1874.00000 -5.79694e-01
1875.00000 -5.71118e-01
1876.00000 -6.20065e-01
1877.00000 -5.61801e-01
1878.00000 -4.54143e-01
1879.00000 1.59888e-01
1880.00000 6.49880e-02
1881.00000 2.00197e-02
1882.00000 -3.69836e-02
1883.00000 -8.25240e-02
1884.00000 -1.13675e-01
1885.00000 -1.48556e-01
1886.00000 -1.77861e-01
1887.00000 -1.97340e-01
1888.00000 -2.17212e-01
1889.00000 -2.31815e-01
1890.00000 -2.37023e-01
1891.00000 -2.41200e-01
1892.00000 -2.39357e-01
1893.00000 -2.13604e-01
1894.00000 -1.02170e-01
1895.00000 -1.55407e-01
1896.00000 -1.98596e-01
1897.00000 -1.82666e-01
1898.00000 -1.62271e-01
1899.00000 -1.40548e-01
1900.00000 -1.17371e-01
1901.00000 -1.14637e+00
1902.00000 -1.18567e+00
1903.00000 -1.22634e+00
1904.00000 -1.25960e+00
1905.00000 -1.28441e+00
1906.00000 -1.30790e+00
1907.00000 -1.31649e+00
1908.00000 -1.31912e+00
1909.00000 -1.33300e+00
1910.00000 -1.38037e+00
1911.00000 -1.42954e+00
1912.00000 -1.49188e+00
1913.00000 -1.56387e+00
1914.00000 -1.63131e+00
1915.00000 -1.69957e+00
1916.00000 -1.77748e+00
1917.00000 -1.84669e+00
1918.00000 -1.90845e+00
1919.00000 -1.99373e+00
1920.00000 -2.06475e+00
1921.00000 -2.12814e+00
1922.00000 -2.20047e+00
1923.00000 -2.28081e+00
1924.00000 -2.35489e+00
1925.00000 -2.42991e+00
1926.00000 -2.51352e+00
1927.00000 -2.59065e+00
1928.00000 -2.66885e+00
1929.00000 -2.75622e+00
1930.00000 -2.83678e+00
1931.00000 -2.90914e+00
1932.00000 -2.99190e+00
1933.00000 -3.09416e+00
1934.00000 -3.16986e+00
1935.00000 -3.25640e+00
1936.00000 -3.35339e+00
1937.00000 -3.44257e+00
1938.00000 -3.53294e+00
1939.00000 -3.63448e+00
1940.00000 -3.72765e+00
1941.00000 -3.82212e+00
1942.00000 -3.92812e+00
1943.00000 -4.02751e+00
1944.00000 -4.11319e+00
1945.00000 -4.21298e+00
1946.00000 -4.33664e+00
1947.00000 -4.42801e+00
1948.00000 -4.53227e+00
1949.00000 -4.64959e+00
1950.00000 -4.75688e+00
1951.00000 -4.86593e+00
1952.00000 -4.98871e+00
1953.00000 -5.10116e+00
1954.00000 -5.20252e+00
1955.00000 -5.34418e+00
1956.00000 -5.46227e+00
1957.00000 -5.56887e+00
1958.00000 -5.69079e+00
1959.00000 -5.84269e+00
1960.00000 -5.95536e+00
1961.00000 -6.08442e+00
1962.00000 -6.23074e+00
1963.00000 -6.36533e+00
1964.00000 -6.50276e+00
1965.00000 -6.65885e+00
1966.00000 -6.80268e+00
1967.00000 -6.93320e+00
1968.00000 -7.11690e+00
1969.00000 -7.27108e+00
1970.00000 -7.41099e+00
1971.00000 -7.57173e+00
1972.00000 -7.75406e+00
1973.00000 -7.92187e+00
1974.00000 -8.09275e+00
1975.00000 -8.28538e+00
1976.00000 -8.46145e+00
1977.00000 -8.63907e+00
1978.00000 -8.83650e+00
1979.00000 -9.01418e+00
1980.00000 -9.17026e+00
1981.00000 -9.37960e+00
1982.00000 -9.54477e+00
1983.00000 -9.68394e+00
1984.00000 -9.82991e+00
1985.00000 -9.97273e+00
1986.00000 -1.00820e+01
1987.00000 1.58185e+01
1988.00000 2.15856e+01
1989.00000 2.69399e+01
1990.00000 3.21033e+01
1991.00000 3.71243e+01
1992.00000 4.06268e+01
1993.00000 4.26442e+01
1994.00000 4.35373e+01
1995.00000 4.26150e+01
1996.00000 4.07311e+01
1997.00000 3.76666e+01
1998.00000 3.34478e+01
1999.00000 2.93088e+01
2000.00000 2.51113e+01
2001.00000 2.06098e+01
2002.00000 1.68759e+01
2003.00000 1.38623e+01
2004.00000 1.02363e+01
2005.00000 7.72759e+00
2006.00000 5.82859e+00
2007.00000 4.04935e+00
2008.00000 2.34989e+00
2009.00000 1.42329e+00
2010.00000 6.72706e-01
2011.00000 1.82165e-01
2012.00000 4.18038e-02
