0.00000 1.56100e+03 
0.01117 1.88592e+03 
0.02235 1.87193e+03 
0.03352 1.87004e+03 
0.04470 1.87003e+03 
0.05587 1.87083e+03 
0.06704 1.87213e+03 
0.07822 1.87382e+03 
0.08939 1.87585e+03 
0.10057 1.87821e+03 
0.11174 1.88089e+03 
0.12291 1.88390e+03 
0.13409 1.88726e+03 
0.14526 1.89102e+03 
0.15644 1.89523e+03 
0.16761 1.89999e+03 
0.17878 1.90542e+03 
0.18996 1.91167e+03 
0.20113 1.91893e+03 
0.21231 1.92736e+03 
0.22348 1.93705e+03 
0.23465 1.94790e+03 
0.24583 1.95963e+03 
0.25700 1.97177e+03 
0.26817 1.98392e+03 
0.27935 1.99579e+03 
0.29052 2.00733e+03 
0.30170 2.01865e+03 
0.31287 2.02994e+03 
0.32404 2.04141e+03 
0.33522 2.05323e+03 
0.34639 2.06555e+03 
0.35757 2.07850e+03 
0.36874 2.09217e+03 
0.37991 2.10666e+03 
0.39109 2.12206e+03 
0.40226 2.13844e+03 
0.41344 2.15590e+03 
0.42461 2.17456e+03 
0.43578 2.19456e+03 
0.44696 2.21608e+03 
0.45813 2.23936e+03 
0.46931 2.26475e+03 
0.48048 2.29276e+03 
0.49165 2.32415e+03 
0.50283 2.36011e+03 
0.51400 2.40258e+03 
0.52518 2.45478e+03 
0.53635 2.52165e+03 
0.54752 2.60526e+03 
0.55870 2.63381e+03 
0.56987 2.35876e+03 
0.58105 1.99739e+03 
0.59222 1.94199e+03 
0.60339 1.98808e+03 
0.61457 2.02759e+03 
0.62574 2.05420e+03 
0.63692 2.07028e+03 
0.64809 2.07487e+03 
0.65926 2.06220e+03 
0.67044 2.01980e+03 
0.68161 1.93929e+03 
0.69279 1.81642e+03 
0.70396 1.61056e+03 
0.71513 1.38166e+03 
0.72631 1.18782e+03 
0.73748 1.04488e+03 
0.74865 9.81422e+02 
0.75983 9.63152e+02 
0.77100 9.60943e+02 
0.78218 9.65175e+02 
0.79335 9.73440e+02 
0.80452 9.84750e+02 
0.81570 9.98495e+02 
0.82687 1.01450e+03 
0.83805 1.03304e+03 
0.84922 1.05479e+03 
0.86039 1.08071e+03 
0.87157 1.11179e+03 
0.88274 1.14804e+03 
0.89392 1.18393e+03 
0.90509 1.18904e+03 
0.91626 1.06726e+03 
0.92744 7.98231e+02 
0.93861 5.70026e+02 
0.94979 4.11416e+02 
0.96096 3.45681e+02 
0.97213 3.48540e+02 
0.98331 3.75481e+02 
0.99448 4.13172e+02 
1.00566 4.94686e+02 
1.01683 6.26446e+01 
1.02800 3.08627e+02 
1.03918 3.45331e+02 
1.05035 3.58627e+02 
1.06153 3.63849e+02 
1.07270 3.64825e+02 
1.08387 3.63037e+02 
1.09505 3.59231e+02 
1.10622 3.53804e+02 
1.11740 3.46890e+02 
1.12857 3.38427e+02 
1.13974 3.28290e+02 
1.15092 3.16484e+02 
1.16209 3.03306e+02 
1.17327 2.89360e+02 
1.18444 2.75380e+02 
1.19561 2.61962e+02 
1.20679 2.49416e+02 
1.21796 2.37783e+02 
1.22913 2.26957e+02 
1.24031 2.16786e+02 
1.25148 2.07131e+02 
1.26266 1.97898e+02 
1.27383 1.89044e+02 
1.28500 1.80587e+02 
1.29618 1.72574e+02 
1.30735 1.65039e+02 
1.31853 1.57966e+02 
1.32970 1.51298e+02 
1.34087 1.44960e+02 
1.35205 1.38885e+02 
1.36322 1.33025e+02 
1.37440 1.27352e+02 
1.38557 1.21853e+02 
1.39674 1.16535e+02 
1.40792 1.11403e+02 
1.41909 1.06466e+02 
1.43027 1.01729e+02 
1.44144 9.71909e+01 
1.45261 9.28436e+01 
1.46379 8.86729e+01 
1.47496 8.46593e+01 
1.48614 8.07799e+01 
1.49731 7.70096e+01 
1.50848 7.33233e+01 
1.51966 6.96971e+01 
1.53083 6.61109e+01 
1.54201 6.25496e+01 
1.55318 5.90045e+01 
1.56435 5.54735e+01 
1.57553 5.19603e+01 
1.58670 4.84722e+01 
1.59788 4.50179e+01 
1.60905 4.16038e+01 
1.62022 3.82321e+01 
1.63140 3.48980e+01 
1.64257 3.15885e+01 
1.65375 2.82794e+01 
1.66492 2.49305e+01 
1.67609 2.14734e+01 
1.68727 1.77824e+01 
1.69844 1.35952e+01 
1.70961 8.24993e+00 
1.72079 -5.54308e-01 
1.73196 -2.95697e+01 
1.74314 6.98753e+01 
1.75431 2.76075e+01 
1.76548 1.78026e+01 
1.77666 1.24844e+01 
1.78783 8.65236e+00 
1.79901 5.50923e+00 
1.81018 2.75187e+00 
1.82135 2.38896e-01 
1.83253 -2.10587e+00 
1.84370 -4.32868e+00 
1.85488 -6.46053e+00 
1.86605 -8.52348e+00 
1.87722 -1.05330e+01 
1.88840 -1.24980e+01 
1.89957 -1.44199e+01 
1.91075 -1.62919e+01 
1.92192 -1.81013e+01 
1.93309 -1.98349e+01 
1.94427 -2.14847e+01 
1.95544 -2.30492e+01 
1.96662 -2.45317e+01 
1.97779 -2.59389e+01 
1.98896 -2.72786e+01 
2.00014 -2.85590e+01 
2.01131 -2.97874e+01 
2.02249 -3.09700e+01 
2.03366 -3.21116e+01 
2.04483 -3.32160e+01 
2.05601 -3.42859e+01 
2.06718 -3.53236e+01 
2.07836 -3.63308e+01 
2.08953 -3.73092e+01 
2.10070 -3.82604e+01 
2.11188 -3.91864e+01 
2.12305 -4.00893e+01 
2.13423 -4.09718e+01 
2.14540 -4.18371e+01 
2.15657 -4.26889e+01 
2.16775 -4.35315e+01 
2.17892 -4.43694e+01 
2.19009 -4.52068e+01 
2.20127 -4.60476e+01 
2.21244 -4.68942e+01 
2.22362 -4.77475e+01 
2.23479 -4.86059e+01 
2.24596 -4.94656e+01 
2.25714 -5.03200e+01 
2.26831 -5.11605e+01 
2.27949 -5.19770e+01 
2.29066 -5.27584e+01 
2.30183 -5.34933e+01 
2.31301 -5.41700e+01 
2.32418 -5.47759e+01 
2.33536 -5.52943e+01 
2.34653 -5.56982e+01 
2.35770 -5.59315e+01 
2.36888 -5.58495e+01 
2.38005 -5.49402e+01 
2.39123 -5.03912e+01 
2.40240 -6.70009e+01 
2.41357 -6.30691e+01 
2.42475 -6.21749e+01 
2.43592 -6.19421e+01 
2.44710 -6.19332e+01 
2.45827 -6.20190e+01 
2.46944 -6.21487e+01 
2.48062 -6.22986e+01 
2.49179 -6.24564e+01 
2.50297 -6.26148e+01 
2.51414 -6.27694e+01 
2.52531 -6.29169e+01 
2.53649 -6.30548e+01 
2.54766 -6.31811e+01 
2.55884 -6.32939e+01 
2.57001 -6.33914e+01 
2.58118 -6.34719e+01 
2.59236 -6.35339e+01 
2.60353 -6.35760e+01 
2.61471 -6.35969e+01 
2.62588 -6.35957e+01 
2.63705 -6.35715e+01 
2.64823 -6.35240e+01 
2.65940 -6.34530e+01 
2.67058 -6.33586e+01 
2.68175 -6.32412e+01 
2.69292 -6.31010e+01 
2.70410 -6.29385e+01 
2.71527 -6.27536e+01 
2.72644 -6.25458e+01 
2.73762 -6.23143e+01 
2.74879 -6.20575e+01 
2.75997 -6.17731e+01 
2.77114 -6.14587e+01 
2.78231 -6.11110e+01 
2.79349 -6.07269e+01 
2.80466 -6.03032e+01 
2.81584 -5.98375e+01 
2.82701 -5.93282e+01 
2.83818 -5.87762e+01 
2.84936 -5.81864e+01 
2.86053 -5.75695e+01 
2.87171 -5.69421e+01 
2.88288 -5.63256e+01 
2.89405 -5.57417e+01 
2.90523 -5.52081e+01 
2.91640 -5.47358e+01 
2.92758 -5.43286e+01 
2.93875 -5.39849e+01 
2.94992 -5.37005e+01 
2.96110 -5.34696e+01 
2.97227 -5.32865e+01 
2.98345 -5.31461e+01 
2.99462 -5.30439e+01 
3.00579 -5.29760e+01 
3.01697 -5.29389e+01 
3.02814 -5.29296e+01 
3.03932 -5.29456e+01 
3.05049 -5.29842e+01 
3.06166 -5.30431e+01 
3.07284 -5.31200e+01 
3.08401 -5.32122e+01 
3.09519 -5.33175e+01 
3.10636 -5.34331e+01 
3.11753 -5.35566e+01 
3.12871 -5.36854e+01 
3.13988 -5.38169e+01 
3.15106 -5.39491e+01 
3.16223 -5.40797e+01 
3.17340 -5.42067e+01 
3.18458 -5.43280e+01 
3.19575 -5.44412e+01 
3.20692 -5.45428e+01 
3.21810 -5.46286e+01 
3.22927 -5.46926e+01 
3.24045 -5.47275e+01 
3.25162 -5.47245e+01 
3.26279 -5.46738e+01 
3.27397 -5.45656e+01 
3.28514 -5.43923e+01 
3.29632 -5.41501e+01 
3.30749 -5.38419e+01 
3.31866 -5.34789e+01 
3.32984 -5.30801e+01 
3.34101 -5.26697e+01 
3.35219 -5.22715e+01 
3.36336 -5.19008e+01 
3.37453 -5.15483e+01 
3.38571 -5.11421e+01 
3.39688 -5.04721e+01 
3.40806 -4.91969e+01 
3.41923 -4.73681e+01 
3.43040 -4.56632e+01 
3.44158 -4.67124e+01 
3.45275 -4.59864e+01 
3.46393 -4.55300e+01 
3.47510 -4.51725e+01 
3.48627 -4.48176e+01 
3.49745 -4.44371e+01 
3.50862 -4.40227e+01 
3.51980 -4.35725e+01 
3.53097 -4.30862e+01 
3.54214 -4.25641e+01 
3.55332 -4.20060e+01 
3.56449 -4.14115e+01 
3.57567 -4.07802e+01 
3.58684 -4.01111e+01 
3.59801 -3.94038e+01 
3.60919 -3.86579e+01 
3.62036 -3.78734e+01 
3.63154 -3.70507e+01 
3.64271 -3.61908e+01 
3.65388 -3.52949e+01 
3.66506 -3.43645e+01 
3.67623 -3.34012e+01 
3.68740 -3.24065e+01 
3.69858 -3.13823e+01 
3.70975 -3.03301e+01 
3.72093 -2.92515e+01 
3.73210 -2.81476e+01 
3.74327 -2.70187e+01 
3.75445 -2.58640e+01 
3.76562 -2.46808e+01 
3.77680 -2.34650e+01 
3.78797 -2.22114e+01 
3.79914 -2.09142e+01 
3.81032 -1.95690e+01 
3.82149 -1.81734e+01 
3.83267 -1.67290e+01 
3.84384 -1.52411e+01 
3.85501 -1.37190e+01 
3.86619 -1.21742e+01 
3.87736 -1.06179e+01 
3.88854 -9.05928e+00 
3.89971 -7.50331e+00 
3.91088 -5.95001e+00 
3.92206 -4.39488e+00 
3.93323 -2.83015e+00 
3.94441 -1.24669e+00 
3.95558 3.63042e-01 
3.96675 2.00021e+00 
3.97793 3.65249e+00 
3.98910 5.28684e+00 
4.00028 6.84759e+00 
4.01145 8.26538e+00 
4.02262 9.47847e+00 
4.03380 1.04633e+01 
4.04497 1.12714e+01 
4.05615 1.20703e+01 
4.06732 1.31711e+01 
4.07849 1.49525e+01 
4.08967 1.75547e+01 
4.10084 2.05390e+01 
4.11202 2.30730e+01 
4.12319 2.45773e+01 
4.13436 2.50642e+01 
4.14554 2.48795e+01 
4.15671 2.43537e+01 
4.16788 2.36923e+01 
4.17906 2.30013e+01 
4.19023 2.23306e+01 
4.20141 2.17021e+01 
4.21258 2.11243e+01 
4.22375 2.05995e+01 
4.23493 2.01272e+01 
4.24610 1.97057e+01 
4.25728 1.93329e+01 
4.26845 1.90063e+01 
4.27962 1.87235e+01 
4.29080 1.84819e+01 
4.30197 1.82790e+01 
4.31315 1.81123e+01 
4.32432 1.79791e+01 
4.33549 1.78767e+01 
4.34667 1.78026e+01 
4.35784 1.77540e+01 
4.36902 1.77282e+01 
4.38019 1.77224e+01 
4.39136 1.77337e+01 
4.40254 1.77592e+01 
4.41371 1.77958e+01 
4.42489 1.78396e+01 
4.43606 1.78863e+01 
4.44723 1.79304e+01 
4.45841 1.79655e+01 
4.46958 1.79862e+01 
4.48076 1.79928e+01 
4.49193 1.79937e+01 
4.50310 1.80006e+01 
4.51428 1.80200e+01 
4.52545 1.80502e+01 
4.53663 1.80853e+01 
4.54780 1.81190e+01 
4.55897 1.81473e+01 
4.57015 1.81689e+01 
4.58132 1.81861e+01 
4.59250 1.82038e+01 
4.60367 1.82286e+01 
4.61484 1.82670e+01 
4.62602 1.83237e+01 
4.63719 1.84013e+01 
4.64836 1.85002e+01 
4.65954 1.86192e+01 
4.67071 1.87558e+01 
4.68189 1.89067e+01 
4.69306 1.90686e+01 
4.70423 1.92380e+01 
4.71541 1.94117e+01 
4.72658 1.95871e+01 
4.73776 1.97620e+01 
4.74893 1.99348e+01 
4.76010 2.01045e+01 
4.77128 2.02709e+01 
4.78245 2.04343e+01 
4.79363 2.05957e+01 
4.80480 2.07566e+01 
4.81597 2.09193e+01 
4.82715 2.10866e+01 
4.83832 2.12617e+01 
4.84950 2.14482e+01 
4.86067 2.16500e+01 
4.87184 2.18703e+01 
4.88302 2.21118e+01 
4.89419 2.23752e+01 
4.90537 2.26587e+01 
4.91654 2.29567e+01 
4.92771 2.32592e+01 
4.93889 2.35505e+01 
4.95006 2.38092e+01 
4.96124 2.40069e+01 
4.97241 2.41071e+01 
4.98358 2.40611e+01 
4.99476 2.37982e+01 
5.00593 2.32024e+01 
5.01711 2.20512e+01 
5.02828 1.98249e+01 
5.03945 1.49193e+01 
5.05063 -1.37531e+00 
5.06180 3.13810e+02 
5.07298 5.58852e+01 
5.08415 4.36329e+01 
5.09532 3.92840e+01 
5.10650 3.70426e+01 
5.11767 3.56707e+01 
5.12884 3.47506e+01 
5.14002 3.41034e+01 
5.15119 3.36299e+01 
5.16237 3.32343e+01 
5.17354 3.27358e+01 
5.18471 3.16897e+01 
5.19589 2.90704e+01 
5.20706 2.33452e+01 
5.21824 1.47127e+01 
5.22941 6.94635e+00 
5.24058 2.54873e+00 
5.25176 7.22643e-01 
5.26293 2.47238e-01 
5.27411 6.03161e-01 
5.28528 1.86745e+00 
5.29645 4.87942e+00 
5.30763 1.35007e+01 
5.31880 8.62157e+01 
5.32998 -4.37809e+01 
5.34115 -2.36809e+01 
5.35232 -1.84641e+01 
5.36350 -1.61320e+01 
5.37467 -1.48138e+01 
5.38585 -1.39514e+01 
5.39702 -1.33235e+01 
5.40819 -1.28267e+01 
5.41937 -1.24086e+01 
5.43054 -1.20418e+01 
5.44172 -1.17119e+01 
5.45289 -1.14098e+01 
5.46406 -1.11274e+01 
5.47524 -1.08549e+01 
5.48641 -1.05776e+01 
5.49759 -1.02756e+01 
5.50876 -9.93189e+00 
5.51993 -9.55164e+00 
5.53111 -9.16173e+00 
5.54228 -8.78097e+00 
5.55346 -8.40957e+00 
5.56463 -8.03944e+00 
5.57580 -7.65994e+00 
