-8.00000 2.36026e+01 
-7.97600 2.35959e+01 
-7.95200 2.35629e+01 
-7.92800 2.35009e+01 
-7.90400 2.34079e+01 
-7.88000 2.32831e+01 
-7.85600 2.31263e+01 
-7.83200 2.29383e+01 
-7.80800 2.27207e+01 
-7.78400 2.24755e+01 
-7.76000 2.22047e+01 
-7.73600 2.19109e+01 
-7.71200 2.15961e+01 
-7.68800 2.12620e+01 
-7.66400 2.09093e+01 
-7.64000 2.05376e+01 
-7.61600 2.01442e+01 
-7.59200 1.97236e+01 
-7.56800 1.92666e+01 
-7.54400 1.87610e+01 
-7.52000 1.81937e+01 
-7.49600 1.75542e+01 
-7.47200 1.68574e+01 
-7.44800 1.62248e+01 
-7.42400 1.57957e+01 
-7.40000 1.53402e+01 
-7.37600 1.50109e+01 
-7.35200 1.47588e+01 
-7.32800 1.45176e+01 
-7.30400 1.42449e+01 
-7.28000 1.39323e+01 
-7.25600 1.35895e+01 
-7.23200 1.32263e+01 
-7.20800 1.28460e+01 
-7.18400 1.24518e+01 
-7.16000 1.20710e+01 
-7.13600 1.16651e+01 
-7.11200 1.12403e+01 
-7.08800 1.07819e+01 
-7.06400 1.02871e+01 
-7.04000 9.75661e+00 
-7.01600 9.18860e+00 
-6.99200 8.58013e+00 
-6.96800 7.92910e+00 
-6.94400 7.23305e+00 
-6.92000 6.48859e+00 
-6.89600 5.69312e+00 
-6.87200 4.84106e+00 
-6.84800 3.91638e+00 
-6.82400 2.90152e+00 
-6.80000 1.79175e+00 
-6.77600 5.90357e-01 
-6.75200 -7.02115e-01 
-6.72800 -2.08660e+00 
-6.70400 -3.57588e+00 
-6.68000 -5.17671e+00 
-6.65600 -6.90082e+00 
-6.63200 -8.76129e+00 
-6.60800 -1.07724e+01 
-6.58400 -1.29501e+01 
-6.56000 -1.53120e+01 
-6.53600 -1.78778e+01 
-6.51200 -2.06688e+01 
-6.48800 -2.37080e+01 
-6.46400 -2.70182e+01 
-6.44000 -3.06217e+01 
-6.41600 -3.45424e+01 
-6.39200 -3.88022e+01 
-6.36800 -4.34144e+01 
-6.34400 -4.83854e+01 
-6.32000 -5.37253e+01 
-6.29600 -5.94482e+01 
-6.27200 -6.55655e+01 
-6.24800 -7.20869e+01 
-6.22400 -7.90248e+01 
-6.20000 -8.63976e+01 
-6.17600 -9.42279e+01 
-6.15200 -1.02541e+02 
-6.12800 -1.11364e+02 
-6.10400 -1.20728e+02 
-6.08000 -1.30671e+02 
-6.05600 -1.41233e+02 
-6.03200 -1.52457e+02 
-6.00800 -1.64391e+02 
-5.98400 -1.77088e+02 
-5.96000 -1.90614e+02 
-5.93600 -2.05059e+02 
-5.91200 -2.20551e+02 
-5.88800 -2.37260e+02 
-5.86400 -2.55411e+02 
-5.84000 -2.75280e+02 
-5.81600 -2.97211e+02 
-5.79200 -3.21984e+02 
-5.76800 -3.49403e+02 
-5.74400 -3.80289e+02 
-5.72000 -4.15171e+02 
-5.69600 -4.54564e+02 
-5.67200 -4.98889e+02 
-5.64800 -5.48445e+02 
-5.62400 -6.03213e+02 
-5.60000 -6.62648e+02 
-5.57600 -7.25592e+02 
-5.55200 -7.90358e+02 
-5.52800 -8.54991e+02 
-5.50400 -9.17611e+02 
-5.48000 -9.76680e+02 
-5.45600 -1.03107e+03 
-5.43200 -1.07962e+03 
-5.40800 -1.11936e+03 
-5.38400 -1.14205e+03 
-5.36000 -1.13699e+03 
-5.33600 -1.10707e+03 
-5.31200 -1.07326e+03 
-5.28800 -1.05061e+03 
-5.26400 -1.03672e+03 
-5.24000 -1.02603e+03 
-5.21600 -1.01783e+03 
-5.19200 -1.01357e+03 
-5.16800 -1.01438e+03 
-5.14400 -1.02079e+03 
-5.12000 -1.03296e+03 
-5.09600 -1.05196e+03 
-5.07200 -1.07961e+03 
-5.04800 -1.11546e+03 
-5.02400 -1.15718e+03 
-5.00000 -1.20267e+03 
-4.97600 -1.25039e+03 
-4.95200 -1.29904e+03 
-4.92800 -1.34731e+03 
-4.90400 -1.39323e+03 
-4.88000 -1.43508e+03 
-4.85600 -1.47190e+03 
-4.83200 -1.51669e+03 
-4.80800 -1.53960e+03 
-4.78400 -1.55999e+03 
-4.76000 -1.58614e+03 
-4.73600 -1.61803e+03 
-4.71200 -1.65106e+03 
-4.68800 -1.68238e+03 
-4.66400 -1.71090e+03 
-4.64000 -1.73641e+03 
-4.61600 -1.75934e+03 
-4.59200 -1.78083e+03 
-4.56800 -1.78833e+03 
-4.54400 -1.81254e+03 
-4.52000 -1.84039e+03 
-4.49600 -1.87347e+03 
-4.47200 -1.91230e+03 
-4.44800 -1.94691e+03 
-4.42400 -1.97401e+03 
-4.40000 -1.99482e+03 
-4.37600 -2.00889e+03 
-4.35200 -2.01517e+03 
-4.32800 -2.01111e+03 
-4.30400 -1.99613e+03 
-4.28000 -1.97015e+03 
-4.25600 -1.93277e+03 
-4.23200 -1.88579e+03 
-4.20800 -1.82813e+03 
-4.18400 -1.76052e+03 
-4.16000 -1.68778e+03 
-4.13600 -1.61555e+03 
-4.11200 -1.54856e+03 
-4.08800 -1.47080e+03 
-4.06400 -1.39860e+03 
-4.04000 -1.36350e+03 
-4.01600 -1.35258e+03 
-3.99200 -1.35503e+03 
-3.96800 -1.36464e+03 
-3.94400 -1.37101e+03 
-3.92000 -1.37209e+03 
-3.89600 -1.36985e+03 
-3.87200 -1.36553e+03 
-3.84800 -1.35940e+03 
-3.82400 -1.35187e+03 
-3.80000 -1.34324e+03 
-3.77600 -1.33367e+03 
-3.75200 -1.32317e+03 
-3.72800 -1.31177e+03 
-3.70400 -1.29942e+03 
-3.68000 -1.28605e+03 
-3.65600 -1.27153e+03 
-3.63200 -1.25566e+03 
-3.60800 -1.23825e+03 
-3.58400 -1.21916e+03 
-3.56000 -1.19839e+03 
-3.53600 -1.17602e+03 
-3.51200 -1.15210e+03 
-3.48800 -1.12606e+03 
-3.46400 -1.09241e+03 
-3.44000 -1.04071e+03 
-3.41600 -9.78101e+02 
-3.39200 -8.92763e+02 
-3.36800 -7.78658e+02 
-3.34400 -6.45640e+02 
-3.32000 -5.11671e+02 
-3.29600 -4.28599e+02 
-3.27200 -3.73669e+02 
-3.24800 -3.34725e+02 
-3.22400 -3.08414e+02 
-3.20000 -2.92760e+02 
-3.17600 -3.51934e+02 
-3.15200 -3.87310e+02 
-3.12800 -3.98372e+02 
-3.10400 -4.02974e+02 
-3.08000 -4.07991e+02 
-3.05600 -4.13219e+02 
-3.03200 -4.18743e+02 
-3.00800 -4.24595e+02 
-2.98400 -4.30554e+02 
-2.96000 -4.36136e+02 
-2.93600 -4.40587e+02 
-2.91200 -4.43277e+02 
-2.88800 -4.44868e+02 
-2.86400 -4.46633e+02 
-2.84000 -4.49134e+02 
-2.81600 -4.53239e+02 
-2.79200 -4.60032e+02 
-2.76800 -4.69967e+02 
-2.74400 -4.82480e+02 
-2.72000 -4.96255e+02 
-2.69600 -5.10099e+02 
-2.67200 -5.23889e+02 
-2.64800 -5.39133e+02 
-2.62400 -5.57933e+02 
-2.60000 -5.80035e+02 
-2.57600 -6.04322e+02 
-2.55200 -6.30866e+02 
-2.52800 -6.58765e+02 
-2.50400 -6.85861e+02 
-2.48000 -7.09860e+02 
-2.45600 -7.29172e+02 
-2.43200 -7.43157e+02 
-2.40800 -7.51204e+02 
-2.38400 -7.50406e+02 
-2.36000 -7.38064e+02 
-2.33600 -7.20544e+02 
-2.31200 -7.05590e+02 
-2.28800 -6.89507e+02 
-2.26400 -6.62840e+02 
-2.24000 -6.21130e+02 
-2.21600 -5.72756e+02 
-2.19200 -5.28266e+02 
-2.16800 -4.89022e+02 
-2.14400 -4.52919e+02 
-2.12000 -4.19368e+02 
-2.09600 -3.88816e+02 
-2.07200 -3.61526e+02 
-2.04800 -3.37307e+02 
-2.02400 -3.15853e+02 
-2.00000 -2.97021e+02 
-1.97600 -2.80894e+02 
-1.95200 -2.67735e+02 
-1.92800 -2.57871e+02 
-1.90400 -2.51262e+02 
-1.88000 -2.47749e+02 
-1.85600 -2.48224e+02 
-1.83200 -2.51965e+02 
-1.80800 -2.59782e+02 
-1.78400 -2.71053e+02 
-1.76000 -2.82095e+02 
-1.73600 -2.90980e+02 
-1.71200 -2.98841e+02 
-1.68800 -3.06391e+02 
-1.66400 -3.13481e+02 
-1.64000 -3.20565e+02 
-1.61600 -3.28467e+02 
-1.59200 -3.36380e+02 
-1.56800 -3.42097e+02 
-1.54400 -3.47252e+02 
-1.52000 -3.53656e+02 
-1.49600 -2.54440e+02 
-1.47200 -1.95606e+02 
-1.44800 -1.46890e+02 
-1.42400 -1.04934e+02 
-1.40000 -6.69317e+01 
-1.37600 -3.18804e+01 
-1.35200 5.27822e-01 
-1.32800 3.05823e+01 
-1.30400 5.88637e+01 
-1.28000 8.59014e+01 
-1.25600 1.12009e+02 
-1.23200 1.37306e+02 
-1.20800 1.61808e+02 
-1.18400 1.85527e+02 
-1.16000 2.08531e+02 
-1.13600 2.30960e+02 
-1.11200 2.53003e+02 
-1.08800 2.74868e+02 
-1.06400 2.96761e+02 
-1.04000 3.18871e+02 
-1.01600 3.41368e+02 
-0.99200 3.64404e+02 
-0.96800 3.88118e+02 
-0.94400 4.12634e+02 
-0.92000 4.38055e+02 
-0.89600 4.64456e+02 
-0.87200 4.91876e+02 
-0.84800 5.20305e+02 
-0.82400 5.49684e+02 
-0.80000 5.79903e+02 
-0.77600 6.10807e+02 
-0.75200 6.42212e+02 
-0.72800 6.73917e+02 
-0.70400 7.05730e+02 
-0.68000 7.37479e+02 
-0.65600 6.67172e+02 
-0.63200 6.98465e+02 
-0.60800 7.29495e+02 
-0.58400 7.60349e+02 
-0.56000 7.91218e+02 
-0.53600 8.22400e+02 
-0.51200 8.54282e+02 
-0.48800 8.87288e+02 
-0.46400 9.21807e+02 
-0.44000 9.58114e+02 
-0.41600 9.96337e+02 
-0.39200 1.03653e+03 
-0.36800 1.07905e+03 
-0.34400 1.12593e+03 
-0.32000 1.18102e+03 
-0.29600 1.35360e+03 
-0.27200 1.41631e+03 
-0.24800 1.47649e+03 
-0.22400 1.53552e+03 
-0.20000 1.59582e+03 
-0.17600 1.65717e+03 
-0.15200 1.71867e+03 
-0.12800 1.77956e+03 
-0.10400 1.83856e+03 
-0.08000 1.89381e+03 
-0.05600 1.94359e+03 
-0.03200 2.00626e+03 
-0.00800 2.04429e+03 
0.01600 2.07537e+03 
0.04000 2.09376e+03 
0.06400 2.10113e+03 
0.08800 2.10486e+03 
0.11200 2.09668e+03 
0.13600 2.08287e+03 
0.16000 2.06440e+03 
0.18400 2.04198e+03 
0.20800 2.01623e+03 
0.23200 1.98755e+03 
0.25600 1.95636e+03 
0.28000 1.92327e+03 
0.30400 1.88900e+03 
0.32800 1.85424e+03 
0.35200 1.81102e+03 
0.37600 1.77641e+03 
0.40000 1.74192e+03 
0.42400 1.70738e+03 
0.44800 1.67270e+03 
0.47200 1.63779e+03 
0.49600 1.60260e+03 
0.52000 1.56724e+03 
0.54400 1.53185e+03 
0.56800 1.49644e+03 
0.59200 1.46112e+03 
0.61600 1.42612e+03 
0.64000 1.39169e+03 
0.66400 1.35806e+03 
0.68800 1.32534e+03 
0.71200 1.29350e+03 
0.73600 1.26230e+03 
0.76000 1.23126e+03 
0.78400 1.19958e+03 
0.80800 1.16619e+03 
0.83200 1.12992e+03 
0.85600 1.08981e+03 
0.88000 1.04552e+03 
0.90400 9.97647e+02 
0.92800 9.47803e+02 
0.95200 8.98371e+02 
0.97600 8.51967e+02 
1.00000 8.10812e+02 
1.02400 7.76246e+02 
1.04800 7.25174e+02 
1.07200 7.03749e+02 
1.09600 6.87417e+02 
1.12000 6.74844e+02 
1.14400 6.64818e+02 
1.16800 6.56399e+02 
1.19200 6.48934e+02 
1.21600 6.42006e+02 
1.24000 6.35358e+02 
1.26400 6.28836e+02 
1.28800 6.22337e+02 
1.31200 6.15792e+02 
1.33600 6.09149e+02 
1.36000 6.02370e+02 
1.38400 5.95425e+02 
1.40800 5.88296e+02 
1.43200 5.80972e+02 
1.45600 5.73449e+02 
1.48000 5.65730e+02 
1.50400 5.76498e+02 
1.52800 5.68424e+02 
1.55200 5.60197e+02 
1.57600 5.51840e+02 
1.60000 5.43375e+02 
1.62400 5.34829e+02 
1.64800 5.26227e+02 
1.67200 5.17593e+02 
1.69600 5.08952e+02 
1.72000 5.00327e+02 
1.74400 4.91738e+02 
1.76800 4.83206e+02 
1.79200 4.74748e+02 
1.81600 4.66378e+02 
1.84000 4.58109e+02 
1.86400 4.49953e+02 
1.88800 4.41918e+02 
1.91200 4.34011e+02 
1.93600 4.26238e+02 
1.96000 4.18602e+02 
1.98400 4.11105e+02 
2.00800 4.03750e+02 
2.03200 3.96536e+02 
2.05600 3.89463e+02 
2.08000 3.82530e+02 
2.10400 3.75735e+02 
2.12800 3.69076e+02 
2.15200 3.62551e+02 
2.17600 3.56157e+02 
2.20000 3.49892e+02 
2.22400 3.43752e+02 
2.24800 3.37734e+02 
2.27200 3.31836e+02 
2.29600 3.26056e+02 
2.32000 3.20389e+02 
2.34400 3.14833e+02 
2.36800 3.09387e+02 
2.39200 3.04046e+02 
2.41600 2.98809e+02 
2.44000 2.93674e+02 
2.46400 2.88638e+02 
2.48800 2.83699e+02 
2.51200 2.78854e+02 
2.53600 2.74103e+02 
2.56000 2.69443e+02 
2.58400 2.64871e+02 
2.60800 2.60387e+02 
2.63200 2.55989e+02 
2.65600 2.51674e+02 
2.68000 2.47441e+02 
2.70400 2.43290e+02 
2.72800 2.39217e+02 
2.75200 2.35221e+02 
2.77600 2.31302e+02 
2.80000 2.27456e+02 
2.82400 2.23684e+02 
2.84800 2.19984e+02 
2.87200 2.16354e+02 
2.89600 2.12792e+02 
2.92000 2.09298e+02 
2.94400 2.05871e+02 
2.96800 2.02508e+02 
2.99200 1.99209e+02 
3.01600 1.95973e+02 
3.04000 1.92798e+02 
3.06400 1.89684e+02 
3.08800 1.86629e+02 
3.11200 1.83632e+02 
3.13600 1.80692e+02 
3.16000 1.77808e+02 
3.18400 1.74979e+02 
3.20800 1.72204e+02 
3.23200 1.69482e+02 
3.25600 1.66812e+02 
3.28000 1.64192e+02 
3.30400 1.61623e+02 
3.32800 1.59103e+02 
3.35200 1.56631e+02 
3.37600 1.54206e+02 
3.40000 1.51826e+02 
3.42400 1.49492e+02 
3.44800 1.47202e+02 
3.47200 1.44954e+02 
3.49600 1.42748e+02 
3.52000 1.40583e+02 
3.54400 1.38457e+02 
3.56800 1.36370e+02 
3.59200 1.34321e+02 
3.61600 1.32307e+02 
3.64000 1.30329e+02 
3.66400 1.28384e+02 
3.68800 1.26472e+02 
3.71200 1.24592e+02 
3.73600 1.22743e+02 
3.76000 1.20923e+02 
3.78400 1.19131e+02 
3.80800 1.17367e+02 
3.83200 1.15628e+02 
3.85600 1.13915e+02 
3.88000 1.12225e+02 
3.90400 1.10559e+02 
3.92800 1.08915e+02 
3.95200 1.07292e+02 
3.97600 1.05689e+02 
