-5.00000 6.209257406663009e-01
-4.98697 6.253001868569874e-01
-4.97395 6.297915751035943e-01
-4.96092 6.342167917300955e-01
-4.94790 6.384126523340297e-01
-4.93487 6.422653858324273e-01
-4.92184 6.457090956701681e-01
-4.90882 6.487074109860393e-01
-4.89579 6.512251797610216e-01
-4.88277 6.532075755640723e-01
-4.86974 6.545834723498281e-01
-4.85671 6.554449792030592e-01
-4.84369 6.561733051043784e-01
-4.83066 6.591322527670982e-01
-4.81764 6.653373075414163e-01
-4.80461 6.745956751337318e-01
-4.79158 6.861113451689688e-01
-4.77856 7.045598172187573e-01
-4.76553 7.284184445208288e-01
-4.75251 7.434677011634324e-01
-4.73948 7.552746582575665e-01
-4.72645 7.649859327471729e-01
-4.71343 7.728450266253256e-01
-4.70040 7.790641749186714e-01
-4.68737 7.839709577385765e-01
-4.67435 7.878276523922871e-01
-4.66132 7.907817382486694e-01
-4.64830 7.929325183349365e-01
-4.63527 7.943965667983656e-01
-4.62224 7.953299159083494e-01
-4.60922 7.959025473166167e-01
-4.59619 7.962065941644746e-01
-4.58317 7.960365313828140e-01
-4.57014 7.949401639271731e-01
-4.55711 7.935358078198952e-01
-4.54409 7.933582427496434e-01
-4.53106 7.941461034938019e-01
-4.51804 7.946781570332895e-01
-4.50501 7.941869024777910e-01
-4.49198 7.927892448731020e-01
-4.47896 7.922418788634389e-01
-4.46593 7.935095056217242e-01
-4.45291 7.959829842724934e-01
-4.43988 7.992326154103907e-01
-4.42685 8.030867108567420e-01
-4.41383 8.074747599139279e-01
-4.40080 8.123606711031917e-01
-4.38778 8.176929187162716e-01
-4.37475 8.233955729911505e-01
-4.36172 8.293796504103850e-01
-4.34870 8.355526403538269e-01
-4.33567 8.418156907972029e-01
-4.32265 8.480409258860744e-01
-4.30962 8.540087391112184e-01
-4.29659 8.591958707240895e-01
-4.28357 8.622812316920516e-01
-4.27054 8.631989430938271e-01
-4.25752 8.622539541311821e-01
-4.24449 8.603509247032001e-01
-4.23146 8.583271046842885e-01
-4.21844 8.560621458412140e-01
-4.20541 8.534547538280642e-01
-4.19238 8.503750037080551e-01
-4.17936 8.466828598671716e-01
-4.16633 8.421252665367513e-01
-4.15331 8.361235905545538e-01
-4.14028 8.269111883446519e-01
-4.12725 8.075466396025504e-01
-4.11423 7.844044874643012e-01
-4.10120 7.712951251998201e-01
-4.08818 7.627476572721095e-01
-4.07515 7.565875763687732e-01
-4.06212 7.518941935233764e-01
-4.04910 7.481933020236540e-01
-4.03607 7.452002698622141e-01
-4.02305 7.426311515082419e-01
-4.01002 7.389731059001641e-01
-3.99699 7.360643209248658e-01
-3.98397 7.353164848300822e-01
-3.97094 7.350460654098769e-01
-3.95792 7.350124213136437e-01
-3.94489 7.351866115034152e-01
-3.93186 7.355640864007351e-01
-3.91884 7.361365327424624e-01
-3.90581 7.368928103539371e-01
-3.89279 7.378355394634230e-01
-3.87976 7.389750759592425e-01
-3.86673 7.402702982123119e-01
-3.85371 7.417715577618581e-01
-3.84068 7.438135967489180e-01
-3.82766 7.464924634115556e-01
-3.81463 7.495524369384988e-01
-3.80160 7.529712387229793e-01
-3.78858 7.570208819656651e-01
-3.77555 7.617078561749754e-01
-3.76253 7.668262077207006e-01
-3.74950 7.722479173529048e-01
-3.73647 7.779129868135319e-01
-3.72345 7.837849108201453e-01
-3.71042 7.898432201384410e-01
-3.69739 7.960848543656130e-01
-3.68437 8.025206142709839e-01
-3.67134 8.091529463242993e-01
-3.65832 8.159265971346399e-01
-3.64529 8.226707347225728e-01
-3.63226 8.291223917860758e-01
-3.61924 8.351209839541269e-01
-3.60621 8.403676525705034e-01
-3.59319 8.435610134901537e-01
-3.58016 8.445417726509704e-01
-3.56713 8.427038713738499e-01
-3.55411 8.362120716146614e-01
-3.54108 8.187913826047379e-01
-3.52806 7.922350794923063e-01
-3.51503 7.695247450814793e-01
-3.50200 7.489868565986506e-01
-3.48898 7.296384861871459e-01
-3.47595 7.115701458193302e-01
-3.46293 6.947365565898335e-01
-3.44990 6.788623325102712e-01
-3.43687 6.636531496678126e-01
-3.42385 6.486888732108351e-01
-3.41082 6.338846158811376e-01
-3.39780 6.197126716710154e-01
-3.38477 6.062306182727490e-01
-3.37174 5.932202089750689e-01
-3.35872 5.806449586931138e-01
-3.34569 5.684924914669602e-01
-3.33267 5.567624332476834e-01
-3.31964 5.454249299178792e-01
-3.30661 5.344148514458178e-01
-3.29359 5.236661555483797e-01
-3.28056 5.131428359628424e-01
-3.26754 5.028426013119660e-01
-3.25451 4.927823784024799e-01
-3.24148 4.829824892304830e-01
-3.22846 4.734570438414195e-01
-3.21543 4.642097347957762e-01
-3.20240 4.552323574217456e-01
-3.18938 4.465051577158151e-01
-3.17635 4.380002087434389e-01
-3.16333 4.296904025035911e-01
-3.15030 4.215712632577691e-01
-3.13727 4.137065985437369e-01
-3.12425 4.062399640976197e-01
-3.11122 3.992489623919189e-01
-3.09820 3.926295600425361e-01
-3.08517 3.862133609828424e-01
-3.07214 3.798835191162160e-01
-3.05912 3.736171442937057e-01
-3.04609 3.674281426316028e-01
-3.03307 3.613008908409632e-01
-3.02004 3.552047610714339e-01
-3.00701 3.491105989437556e-01
-2.99399 3.429829737614631e-01
-2.98096 3.367724173541597e-01
-2.96794 3.304225024327599e-01
-2.95491 3.238563841869723e-01
-2.94188 3.168889848640379e-01
-2.92886 3.096193415194818e-01
-2.91583 3.027827220794000e-01
-2.90281 2.965658038297562e-01
-2.88978 2.906303130363846e-01
-2.87675 2.848089470545156e-01
-2.86373 2.792312327157603e-01
-2.85070 2.741786070751355e-01
-2.83768 2.697612576615178e-01
-2.82465 2.653188111466645e-01
-2.81162 2.622593989093686e-01
-2.79860 2.594557606961237e-01
-2.78557 2.567980927658423e-01
-2.77255 2.542926453514205e-01
-2.75952 2.519098499434320e-01
-2.74649 2.494945971220683e-01
-2.73347 2.467883113569535e-01
-2.72044 2.554639520115807e-01
-2.70741 2.515476848590913e-01
-2.69439 2.470806684389879e-01
-2.68136 2.423251408380187e-01
-2.66834 2.374692965813244e-01
-2.65531 2.325095021763655e-01
-2.64228 2.273053503265341e-01
-2.62926 2.216690603056289e-01
-2.61623 2.154077299796106e-01
-2.60321 2.083437990229561e-01
-2.59018 2.003382848722225e-01
-2.57715 1.913007458667249e-01
-2.56413 1.811528145680695e-01
-2.55110 1.697484267705684e-01
-2.53808 1.568074891218189e-01
-2.52505 1.419644000142342e-01
-2.51202 1.252788071192528e-01
-2.49900 9.759538644536021e-02
-2.48597 5.571689326169707e-02
-2.47295 4.258876262550033e-02
-2.45992 3.896867025592411e-02
-2.44689 3.975757157153764e-02
-2.43387 4.345644886405262e-02
-2.42084 4.247780433402226e-02
-2.40782 4.615241426197596e-02
-2.39479 4.989672644274229e-02
-2.38176 5.359552367457453e-02
-2.36874 5.723277916677878e-02
-2.35571 6.081928596537641e-02
-2.34269 6.436917158712260e-02
-2.32966 6.789347715561365e-02
-2.31663 7.139850667968992e-02
-2.30361 7.488560454176242e-02
-2.29058 7.835147574771223e-02
-2.27756 8.178895106234232e-02
-2.26453 8.518821415168261e-02
-2.25150 8.853836955979613e-02
-2.23848 9.182916499715578e-02
-2.22545 9.505281237755654e-02
-2.21242 9.820604966345101e-02
-2.19940 1.012925410160879e-01
-2.18637 1.043251679618676e-01
-2.17335 1.073268758360355e-01
-2.16032 1.103284054570319e-01
-2.14729 1.133628726866784e-01
-2.13427 1.164611407610920e-01
-2.12124 1.196552392546087e-01
-2.10822 1.229937205271339e-01
-2.09519 1.265605464878110e-01
-2.08216 1.304783609152859e-01
-2.06914 1.348931270564539e-01
-2.05611 1.399931903740600e-01
-2.04309 1.460610602544557e-01
-2.03006 1.534922952903996e-01
-2.01703 1.628174433389303e-01
-2.00401 1.693850613850190e-01
-1.99098 1.745726788702985e-01
-1.97796 1.787127016604181e-01
-1.96493 1.815971819384917e-01
-1.95190 1.836080018595285e-01
-1.93888 1.855314326147422e-01
-1.92585 1.875173936243375e-01
-1.91283 1.895763852396772e-01
-1.89980 1.915733846186428e-01
-1.88677 1.925714325520352e-01
-1.87375 1.928155500651945e-01
-1.86072 1.925344529158724e-01
-1.84770 1.916190124660692e-01
-1.83467 1.900158577082823e-01
-1.82164 1.874298841949781e-01
-1.80862 1.831747859081676e-01
-1.79559 1.784986975514794e-01
-1.78257 1.759980214443033e-01
-1.76954 1.742744337258181e-01
-1.75651 1.729034323859791e-01
-1.74349 1.715119948163119e-01
-1.73046 1.696102023411600e-01
-1.71743 1.667696043636226e-01
-1.70441 1.659626905297314e-01
-1.69138 1.663333949365289e-01
-1.67836 1.675685845478636e-01
-1.66533 1.695065104243866e-01
-1.65230 1.721010424584056e-01
-1.63928 1.753764048313922e-01
-1.62625 1.793402309659156e-01
-1.61323 1.840831942538449e-01
-1.60020 1.897124199448691e-01
-1.58717 1.958184984602468e-01
-1.57415 2.016560756733441e-01
-1.56112 2.070289699380383e-01
-1.54810 2.122175914645021e-01
-1.53507 2.174361783817636e-01
-1.52204 2.227278723461573e-01
-1.50902 2.280629391897248e-01
-1.49599 2.334035787555723e-01
-1.48297 2.387245645407068e-01
-1.46994 2.440127645654879e-01
-1.45691 2.492604968863242e-01
-1.44389 2.544600460806776e-01
-1.43086 2.596014727795287e-01
-1.41784 2.646728235096601e-01
-1.40481 2.696611170892095e-01
-1.39178 2.745535313456908e-01
-1.37876 2.793392802837049e-01
-1.36573 2.840122958405772e-01
-1.35271 2.885735183334783e-01
-1.33968 2.930311338370511e-01
-1.32665 2.973982723601434e-01
-1.31363 3.016893952509466e-01
-1.30060 3.059172924388897e-01
-1.28758 3.100919556793816e-01
-1.27455 3.142213788370427e-01
-1.26152 3.183133525192257e-01
-1.24850 3.223769694416843e-01
-1.23547 3.264229642746697e-01
-1.22244 3.304629025791582e-01
-1.20942 3.345079362296065e-01
-1.19639 3.385678537654063e-01
-1.18337 3.426506926545571e-01
-1.17034 3.467629586816831e-01
-1.15731 3.509107938006880e-01
-1.14429 3.551023490037328e-01
-1.13126 3.593496241279358e-01
-1.11824 3.636644928700745e-01
-1.10521 3.680443377138066e-01
-1.09218 3.724622429421674e-01
-1.07916 3.769131973659837e-01
-1.06613 3.814560113648327e-01
-1.05311 3.859643576162402e-01
-1.04008 3.899814761404283e-01
-1.02705 3.932898163428435e-01
-1.01403 3.961281816911649e-01
-1.00100 3.987725789753144e-01
-0.98798 4.013664463340944e-01
-0.97495 4.039711233160616e-01
-0.96192 4.065980114903310e-01
-0.94890 4.090460754185328e-01
-0.93587 4.114116913419626e-01
-0.92285 4.138583663729634e-01
-0.90982 4.164177904421247e-01
-0.89679 4.186394585935331e-01
-0.88377 4.200566375829665e-01
-0.87074 4.207865089531759e-01
-0.85772 4.211528884177118e-01
-0.84469 4.213400981011832e-01
-0.83166 4.214326504066919e-01
-0.81864 4.214764057980792e-01
-0.80561 4.214965042009960e-01
-0.79259 4.215056240980851e-01
-0.77956 4.215097464512704e-01
-0.76653 4.215116020732748e-01
-0.75351 4.215124298006803e-01
-0.74048 4.215127938498280e-01
-0.72745 4.215129512766339e-01
-0.71443 4.215130181746046e-01
-0.70140 4.215130461342621e-01
-0.68838 4.215130576409201e-01
-0.67535 4.215130623074818e-01
-0.66232 4.215130641724738e-01
-0.64930 4.215130649064270e-01
-0.63627 4.215130651905019e-01
-0.62325 4.215130652984854e-01
-0.61022 4.215130653387458e-01
-0.59719 4.215130653534541e-01
-0.58417 4.215130653587159e-01
-0.57114 4.215130653605589e-01
-0.55812 4.215130653611913e-01
-0.54509 4.215130653614036e-01
-0.53206 4.215130653614737e-01
-0.51904 4.215130653614962e-01
-0.50601 4.215130653615037e-01
-0.49299 4.215130653615057e-01
-0.47996 4.215130653615063e-01
-0.46693 4.215130653615066e-01
-0.45391 4.215130653615066e-01
-0.44088 4.215130653615067e-01
-0.42786 4.215130653615067e-01
-0.41483 4.215130653615067e-01
-0.40180 4.215130653615067e-01
-0.38878 4.215130653615067e-01
-0.37575 4.215130653615067e-01
-0.36273 4.215130653615067e-01
-0.34970 4.215130653615067e-01
-0.33667 4.215130653615067e-01
-0.32365 4.215130653615067e-01
-0.31062 4.215130653615067e-01
-0.29760 4.215130653615067e-01
-0.28457 4.215130653615067e-01
-0.27154 4.215130653615067e-01
-0.25852 4.215130653615067e-01
-0.24549 4.215130653615067e-01
-0.23246 4.215130653615067e-01
-0.21944 4.215130653615067e-01
-0.20641 4.215130653615067e-01
-0.19339 4.215130653615067e-01
-0.18036 4.215130653615067e-01
-0.16733 4.215130653615067e-01
-0.15431 4.215130653615067e-01
-0.14128 4.215130653615067e-01
-0.12826 4.215130653615067e-01
-0.11523 4.215130653615067e-01
-0.10220 4.215130653615067e-01
-0.08918 4.215130653615067e-01
-0.07615 4.215130653615067e-01
-0.06313 4.215130653615067e-01
-0.05010 4.215130653615067e-01
-0.03707 4.215130653615067e-01
-0.02405 4.215130653615067e-01
-0.01102 4.215130653615067e-01
0.00200 4.215130653615067e-01
0.01503 4.215130653615067e-01
0.02806 4.215130653615067e-01
0.04108 4.215130653615067e-01
0.05411 4.215130653615067e-01
0.06713 4.215130653615067e-01
0.08016 4.215130653615067e-01
0.09319 4.215130653615067e-01
0.10621 4.215130653615067e-01
0.11924 4.215130653615067e-01
0.13226 4.215130653615067e-01
0.14529 4.215130653615067e-01
0.15832 4.215130653615067e-01
0.17134 4.215130653615067e-01
0.18437 4.215130653615067e-01
0.19739 4.215130653615067e-01
0.21042 4.215130653615067e-01
0.22345 4.215130653615066e-01
0.23647 4.215130653615060e-01
0.24950 4.215130653615042e-01
0.26253 4.215130653614986e-01
0.27555 4.215130653614818e-01
0.28858 4.215130653614313e-01
0.30160 4.215130653612819e-01
0.31463 4.215130653608479e-01
0.32766 4.215130653596108e-01
0.34068 4.215130653561447e-01
0.35371 4.215130653466022e-01
0.36673 4.215130653207794e-01
0.37976 4.215130652520969e-01
0.39279 4.215130650725787e-01
0.40581 4.215130646116941e-01
0.41884 4.215130634501523e-01
0.43186 4.215130605786849e-01
0.44489 4.215130536215852e-01
0.45792 4.215130371160714e-01
0.47094 4.215129988021446e-01
0.48397 4.215129118396149e-01
0.49699 4.215127189121390e-01
0.51002 4.215123005543273e-01
0.52305 4.215114133687950e-01
0.53607 4.215095714621855e-01
0.54910 4.215058213781280e-01
0.56212 4.214983177578710e-01
0.57515 4.214835290692420e-01
0.58818 4.214547738106606e-01
0.60120 4.213996126381421e-01
0.61423 4.212954849815209e-01
0.62725 4.211030910001957e-01
0.64028 4.207572485115335e-01
0.65331 4.201524165830179e-01
0.66633 4.191096827510874e-01
0.67936 4.173046921419930e-01
0.69238 4.142039689610949e-01
0.70541 4.095026600553403e-01
0.71844 4.040642270757822e-01
0.73146 3.989495415314945e-01
0.74449 3.941138681561408e-01
0.75752 3.892721649709474e-01
0.77054 3.843927848768918e-01
0.78357 3.795216027850293e-01
0.79659 3.746811841999479e-01
0.80962 3.698662049512116e-01
0.82265 3.650598434589067e-01
0.83567 3.602456894718353e-01
0.84870 3.554121055468981e-01
0.86172 3.505524402966352e-01
0.87475 3.456651662614401e-01
0.88778 3.407569595356936e-01
0.90080 3.358496945644330e-01
0.91383 3.309902452137577e-01
0.92685 3.263056629000542e-01
0.93988 3.218704730427904e-01
0.95291 3.174612574962931e-01
0.96593 3.131355217866793e-01
0.97896 3.089242593225539e-01
0.99198 3.049374755901177e-01
1.00501 3.013463928153496e-01
1.01804 2.982626015946339e-01
1.03106 2.956929650890925e-01
1.04409 2.936893623284630e-01
1.05711 2.924183037292417e-01
1.07014 2.919800658404580e-01
1.08317 2.923696374987432e-01
1.09619 2.935239687293273e-01
1.10922 2.953485355057924e-01
1.12224 2.977516734096639e-01
1.13527 3.007045225810554e-01
1.14830 3.042556961248289e-01
1.16132 3.085099925262179e-01
1.17435 3.144183545576431e-01
1.18737 3.266710580758999e-01
1.20040 3.419212347255531e-01
1.21343 3.108311578561007e-01
1.22645 1.646986656753109e-01
1.23948 -1.064411733464223e-02
1.25251 -1.166187838903553e-01
1.26553 -1.809131980351558e-01
1.27856 -2.131087317695818e-01
1.29158 -2.344114521890923e-01
1.30461 -2.511987194464904e-01
1.31764 -2.667726010191153e-01
1.33066 -2.869447635217796e-01
1.34369 -3.097734671496515e-01
1.35671 -3.249173740111542e-01
1.36974 -3.320200603723867e-01
1.38277 -3.344706791373052e-01
1.39579 -3.331272953545824e-01
1.40882 -3.283538718442588e-01
1.42184 -3.209788066439828e-01
1.43487 -3.116812595211125e-01
1.44790 -3.001400254627941e-01
1.46092 -2.853413107672675e-01
1.47395 -2.703943668947683e-01
1.48697 -2.504514011968768e-01
1.50000 -2.148567213201956e-01
