-1.00000 1.447996879125980e+00
-0.99800 2.153789142187375e+00
-0.99600 2.855909962136229e+00
-0.99400 3.554365128290539e+00
-0.99200 4.249160833492192e+00
-0.99000 4.940303608079391e+00
-0.98800 5.627800252962574e+00
-0.98600 6.311657772056578e+00
-0.98400 6.991883304330242e+00
-0.98200 7.668484055730336e+00
-0.98000 8.341467231231086e+00
-0.97800 9.010839967254306e+00
-0.97600 9.676609264711207e+00
-0.97400 1.033878192289464e+01
-0.97200 1.099736447444426e+01
-0.97000 1.165236312161333e+01
-0.96800 1.230378367403570e+01
-0.96600 1.295163148819488e+01
-0.96400 1.359591140877608e+01
-0.96200 1.423662771208496e+01
-0.96000 1.487378405168905e+01
-0.95800 1.550738340644623e+01
-0.95600 1.613742803105874e+01
-0.95400 1.676391940929680e+01
-0.95200 1.738685821002795e+01
-0.95000 1.800624424618371e+01
-0.94800 1.862207643680632e+01
-0.94600 1.923435277232105e+01
-0.94400 1.984307028320034e+01
-0.94200 2.044822501221548e+01
-0.94000 2.104981199050343e+01
-0.93800 2.164782521773624e+01
-0.93600 2.224225764674590e+01
-0.93400 2.283310117304806e+01
-0.93200 2.342034662981671e+01
-0.93000 2.400398378900525e+01
-0.92800 2.458400136946164e+01
-0.92600 2.516038705308548e+01
-0.92400 2.573312751028537e+01
-0.92200 2.630220843623426e+01
-0.92000 2.686761459969462e+01
-0.91800 2.742932990642927e+01
-0.91600 2.798733747951130e+01
-0.91400 2.854161975905901e+01
-0.91200 2.909215862415526e+01
-0.91000 2.963893553980806e+01
-0.90800 3.018193173185141e+01
-0.90600 3.072112839254185e+01
-0.90400 3.125650691930145e+01
-0.90200 3.178804918848712e+01
-0.90000 3.231573786524739e+01
-0.89800 3.283955674935964e+01
-0.89600 3.335949115544742e+01
-0.89400 3.387552832408608e+01
-0.89200 3.438765785807714e+01
-0.89000 3.489587217557907e+01
-0.88800 3.540016696890500e+01
-0.88600 3.590054165474591e+01
-0.88400 3.639699979841682e+01
-0.88200 3.688954949169307e+01
-0.88000 3.737820366103195e+01
-0.87800 3.786298028071999e+01
-0.87600 3.834390246401831e+01
-0.87400 3.882099840492027e+01
-0.87200 3.929430114424598e+01
-0.87000 3.976384813821934e+01
-0.86800 4.022968062413726e+01
-0.86600 4.069184284644223e+01
-0.86400 4.115038148692017e+01
-0.86200 4.160534666426241e+01
-0.86000 4.205679904902311e+01
-0.85800 4.250483583680743e+01
-0.85600 4.294966495543768e+01
-0.85400 4.339178035902039e+01
-0.85200 4.383230249796016e+01
-0.85000 4.427349977995803e+01
-0.84800 4.471934337756037e+01
-0.84600 4.517568379432495e+01
-0.84400 4.564945719658310e+01
-0.84200 4.614655499191313e+01
-0.84000 4.666878914405120e+01
-0.83800 4.721138686406903e+01
-0.83600 4.776277611884370e+01
-0.83400 4.830743538609868e+01
-0.83200 4.883071535099772e+01
-0.83000 4.932320286770903e+01
-0.82800 4.978251601934915e+01
-0.82600 5.021211854711563e+01
-0.82400 5.061842527424508e+01
-0.82200 5.100797613185069e+01
-0.82000 5.138578481947721e+01
-0.81800 5.175495679506854e+01
-0.81600 5.211706665737211e+01
-0.81400 5.247273833144747e+01
-0.81200 5.282211362814805e+01
-0.81000 5.316513360953515e+01
-0.80800 5.350167579619324e+01
-0.80600 5.383161081926875e+01
-0.80400 5.415482285986736e+01
-0.80200 5.447121628857106e+01
-0.80000 5.478071756432816e+01
-0.79800 5.508327545480995e+01
-0.79600 5.537886048423888e+01
-0.79400 5.566746387598954e+01
-0.79200 5.594909610258875e+01
-0.79000 5.622378512793570e+01
-0.78800 5.649157442465125e+01
-0.78600 5.675252084945774e+01
-0.78400 5.700669245687973e+01
-0.78200 5.725416632585748e+01
-0.78000 5.749502646562621e+01
-0.77800 5.772936185700945e+01
-0.77600 5.795726467387775e+01
-0.77400 5.817882871754684e+01
-0.77200 5.839414808506604e+01
-0.77000 5.860331608113570e+01
-0.76800 5.880642437331450e+01
-0.76600 5.900356238151502e+01
-0.76400 5.919481688577094e+01
-0.76200 5.938027183095553e+01
-0.76000 5.956000830355688e+01
-0.75800 5.973410465361636e+01
-0.75600 5.990263673439760e+01
-0.75400 6.006567823301103e+01
-0.75200 6.022330106684521e+01
-0.75000 6.037557582301387e+01
-0.74800 6.052257222084477e+01
-0.74600 6.066435958051586e+01
-0.74400 6.080100728409577e+01
-0.74200 6.093258521827156e+01
-0.74000 6.105916419091111e+01
-0.73800 6.118081631611168e+01
-0.73600 6.129761536459975e+01
-0.73400 6.140963707815423e+01
-0.73200 6.151695944818076e+01
-0.73000 6.161966295966410e+01
-0.72800 6.171783080251890e+01
-0.72600 6.181154905287814e+01
-0.72400 6.190090682712885e+01
-0.72200 6.198599641162783e+01
-0.72000 6.206691337097717e+01
-0.71800 6.214375663759748e+01
-0.71600 6.221662858513164e+01
-0.71400 6.228563508796054e+01
-0.71200 6.235088556882900e+01
-0.71000 6.241249303632681e+01
-0.70800 6.247057411368993e+01
-0.70600 6.252524906016315e+01
-0.70400 6.257664178592130e+01
-0.70200 6.262487986139146e+01
-0.70000 6.267009452161275e+01
-0.69800 6.271242066616090e+01
-0.69600 6.275199685503735e+01
-0.69400 6.278896530082358e+01
-0.69200 6.282347185733999e+01
-0.69000 6.285566600496840e+01
-0.68800 6.288570083277168e+01
-0.68600 6.291373301749231e+01
-0.68400 6.293992279948588e+01
-0.68200 6.296443395564048e+01
-0.68000 6.298743376929296e+01
-0.67800 6.300909299717044e+01
-0.67600 6.302958583335081e+01
-0.67400 6.304908987025670e+01
-0.67200 6.306778605667587e+01
-0.67000 6.308585865280604e+01
-0.66800 6.310349518232855e+01
-0.66600 6.312088638150135e+01
-0.66400 6.313822614527425e+01
-0.66200 6.315571147042700e+01
-0.66000 6.317354239572690e+01
-0.65800 6.319192193911401e+01
-0.65600 6.321105603191364e+01
-0.65400 6.323115345008210e+01
-0.65200 6.325242574249594e+01
-0.65000 6.327508715628467e+01
-0.64800 6.329935455922610e+01
-0.64600 6.337256415510186e+01
-0.64400 6.340070421666046e+01
-0.64200 6.343111577461787e+01
-0.64000 6.346402534481502e+01
-0.63800 6.349966163197509e+01
-0.63600 6.353825543469083e+01
-0.63400 6.357961650337123e+01
-0.63200 2.000818490487786e+01
-0.63000 2.005705258337306e+01
-0.62800 2.010982282725834e+01
-0.62600 2.016673246387719e+01
-0.62400 2.022802270144059e+01
-0.62200 2.029393609811911e+01
-0.62000 2.036471644472572e+01
-0.61800 2.044060864470025e+01
-0.61600 2.052185859142791e+01
-0.61400 2.060871304291672e+01
-0.61200 2.070141949387485e+01
-0.61000 2.080022605432194e+01
-0.60800 2.090538693301601e+01
-0.60600 2.101818052149124e+01
-0.60400 2.119552937544267e+01
-0.60200 2.236507143828984e+01
-0.60000 2.849946957217021e+01
-0.59800 4.006715691272349e+01
-0.59600 4.741300783174309e+01
-0.59400 4.854040201336072e+01
-0.59200 4.700446429046298e+01
-0.59000 4.342653546934331e+01
-0.58800 3.822529331734219e+01
-0.58600 3.306959414159734e+01
-0.58400 2.959324463831038e+01
-0.58200 2.805409318857642e+01
-0.58000 2.769905573248372e+01
-0.57800 2.779877415657325e+01
-0.57600 2.801882149576048e+01
-0.57400 2.826753572649627e+01
-0.57200 2.852900392799145e+01
-0.57000 2.880159286205062e+01
-0.56800 2.908538751196308e+01
-0.56600 2.938060575673951e+01
-0.56400 2.968746984953993e+01
-0.56200 3.000619955717802e+01
-0.56000 3.033701184907283e+01
-0.55800 3.068012082808742e+01
-0.55600 3.103573768415029e+01
-0.55400 3.140407066800214e+01
-0.55200 3.178532508730785e+01
-0.55000 3.217970332753544e+01
-0.54800 3.258740490008849e+01
-0.54600 3.300862652033062e+01
-0.54400 3.344356221826065e+01
-0.54200 3.389240348487458e+01
-0.54000 3.435533945760849e+01
-0.53800 3.483255714878835e+01
-0.53600 3.532424172184395e+01
-0.53400 3.583057682117607e+01
-0.53200 3.635174496313390e+01
-0.53000 3.688792799765410e+01
-0.52800 3.743930765273682e+01
-0.52600 3.800606617720135e+01
-0.52400 3.858838710088138e+01
-0.52200 3.918645613557763e+01
-0.52000 3.980046224423238e+01
-0.51800 4.043059890952294e+01
-0.51600 4.107706563562393e+01
-0.51400 4.174006971734912e+01
-0.51200 1.312729351108163e+02
-0.51000 1.319696776129871e+02
-0.50800 1.326836484021792e+02
-0.50600 1.334151098738730e+02
-0.50400 1.341643457739931e+02
-0.50200 1.349316647355823e+02
-0.50000 1.357174038975614e+02
-0.49800 1.365219324276972e+02
-0.49600 1.373456547136955e+02
-0.49400 1.381890129278755e+02
-0.49200 1.390524886178813e+02
-0.49000 1.399366029351550e+02
-0.48800 1.408419150921070e+02
-0.48600 1.417690186457686e+02
-0.48400 1.427185352471242e+02
-0.48200 1.436911055763346e+02
-0.48000 1.446873773068018e+02
-0.47800 1.457079901038634e+02
-0.47600 1.467535578605608e+02
-0.47400 1.478246485924974e+02
-0.47200 1.489217626409384e+02
-0.47000 1.500453100490500e+02
-0.46800 1.511955881597844e+02
-0.46600 1.523727606143873e+02
-0.46400 1.535768389894175e+02
-0.46200 1.548076682835280e+02
-0.46000 1.560649173458582e+02
-0.45800 1.573480751267729e+02
-0.45600 1.586564533385945e+02
-0.45400 1.599891957574571e+02
-0.45200 1.613452940031083e+02
-0.45000 1.627236092320742e+02
-0.44800 1.641228988040448e+02
-0.44600 1.655418466631489e+02
-0.44400 1.669790959422245e+02
-0.44200 1.684332821691171e+02
-0.44000 1.699030654400077e+02
-0.43800 1.713871600257979e+02
-0.43600 1.728843600835137e+02
-0.43400 1.743935604360859e+02
-0.43200 1.759137717344395e+02
-0.43000 1.774441296951092e+02
-0.42800 1.789838984831117e+02
-0.42600 1.805324686542496e+02
-0.42400 1.820893503587651e+02
-0.42200 1.836541627216281e+02
-0.42000 1.852266204438033e+02
-0.41800 1.868065187119948e+02
-0.41600 1.883937174674848e+02
-0.41400 1.899881259797787e+02
-0.41200 1.915896885143624e+02
-0.41000 1.931983716946866e+02
-0.40800 1.948141539555400e+02
-0.40600 1.964370172858275e+02
-0.40400 1.553279565351745e+02
-0.40200 1.569649146067178e+02
-0.40000 1.586088721438711e+02
-0.39800 1.602597862390253e+02
-0.39600 1.619176066538182e+02
-0.39400 1.635822776319593e+02
-0.39200 1.652537402059354e+02
-0.39000 1.669319346819548e+02
-0.38800 1.686168030408523e+02
-0.38600 1.703082910525360e+02
-0.38400 1.720063499621619e+02
-0.38200 1.737109376631117e+02
-0.38000 1.754220193218553e+02
-0.37800 1.771395674610791e+02
-0.37600 1.788635615392992e+02
-0.37400 1.805939870877150e+02
-0.37200 1.823308344791258e+02
-0.37000 1.840740974105022e+02
-0.36800 1.858237711817313e+02
-0.36600 1.875798508494915e+02
-0.36400 1.893423293285682e+02
-0.36200 1.911111955042848e+02
-0.36000 1.928864324100768e+02
-0.35800 1.946680155143104e+02
-0.35600 1.964559111507654e+02
-0.35400 1.982500751181512e+02
-0.35200 2.000504514657943e+02
-0.35000 2.018569714753964e+02
-0.34800 2.036695528424852e+02
-0.34600 2.054880990559307e+02
-0.34400 2.073124989695515e+02
-0.34200 2.091426265564030e+02
-0.34000 2.109783408336549e+02
-0.33800 2.128194859440411e+02
-0.33600 2.146658913785525e+02
-0.33400 2.165173723242843e+02
-0.33200 2.183737301210821e+02
-0.33000 2.202347528107694e+02
-0.32800 2.221002157632065e+02
-0.32600 2.239698823641887e+02
-0.32400 2.258435047511705e+02
-0.32200 2.277208245839023e+02
-0.32000 2.296015738383600e+02
-0.31800 2.314854756136050e+02
-0.31600 2.333722449425988e+02
-0.31400 2.352615895993039e+02
-0.31200 2.371532108957169e+02
-0.31000 2.390468044637391e+02
-0.30800 2.409420610179409e+02
-0.30600 2.428386670964168e+02
-0.30400 2.447363057778946e+02
-0.30200 2.466346573742088e+02
-0.30000 2.485334000980768e+02
-0.29800 2.504322107068520e+02
-0.29600 2.523307651236194e+02
-0.29400 2.542287390375962e+02
-0.29200 2.569739269033004e+02
-0.29000 2.588697688600658e+02
-0.28800 2.607640617084901e+02
-0.28600 2.617600164168174e+02
-0.28400 2.636480506365999e+02
-0.28200 2.655357896764106e+02
-0.28000 2.674207189705485e+02
-0.27800 2.693025325251653e+02
-0.27600 2.711809291584344e+02
-0.27400 2.730556131093380e+02
-0.27200 2.749262946778122e+02
-0.27000 2.767926909029160e+02
-0.26800 2.786545262857034e+02
-0.26600 2.805115335632602e+02
-0.26400 2.823634545399037e+02
-0.26200 2.842100409808187e+02
-0.26000 2.860510555722780e+02
-0.25800 2.878862729510961e+02
-0.25600 2.897154808039690e+02
-0.25400 2.915384810348750e+02
-0.25200 2.933550909956741e+02
-0.25000 2.951651447714706e+02
-0.24800 2.969684945081615e+02
-0.24600 2.987650117649811e+02
-0.24400 3.005545888697640e+02
-0.24200 3.023371402492473e+02
-0.24000 3.041126037011482e+02
-0.23800 3.058809415691471e+02
-0.23600 3.076421417765212e+02
-0.23400 3.093962186692856e+02
-0.23200 3.111432136155341e+02
-0.23000 3.128831953046258e+02
-0.22800 3.141493330595762e+02
-0.22600 3.158756028762860e+02
-0.22400 3.175952267046112e+02
-0.22200 3.193083774917571e+02
-0.22000 3.210152505142331e+02
-0.21800 3.227160607349884e+02
-0.21600 3.244110395352351e+02
-0.21400 3.261004308170271e+02
-0.21200 3.277844864996563e+02
-0.21000 3.294634614801754e+02
-0.20800 3.311376082238430e+02
-0.20600 3.328071713589533e+02
-0.20400 3.344723831105814e+02
-0.20200 3.361334613887350e+02
-0.20000 3.377906143206003e+02
-0.19800 3.394440587097280e+02
-0.19600 3.410940662354257e+02
-0.19400 3.427410609579569e+02
-0.19200 3.443858047407907e+02
-0.19000 3.460297211737963e+02
-0.18800 3.476754172534152e+02
-0.18600 3.493274543065224e+02
-0.18400 3.509933804659672e+02
-0.18200 3.526849526464943e+02
-0.18000 3.544193435420158e+02
-0.17800 3.562199688691790e+02
-0.17600 3.581164337278265e+02
-0.17400 3.601430637237251e+02
-0.17200 3.623356387326320e+02
-0.17000 3.647263276912961e+02
-0.16800 3.673373892816841e+02
-0.16600 3.701748067362088e+02
-0.16400 3.732234369634106e+02
-0.16200 3.764452496012811e+02
-0.16000 3.797816981485174e+02
-0.15800 3.831602870962566e+02
-0.15600 3.865042600909275e+02
-0.15400 3.897434233508108e+02
-0.15200 3.928237696514813e+02
-0.15000 3.957139123305626e+02
-0.14800 3.984072447705856e+02
-0.14600 4.009198754130944e+02
-0.14400 4.032853641207895e+02
-0.14200 4.055478204443701e+02
-0.14000 4.077549358640633e+02
-0.13800 4.099521237690082e+02
-0.13600 4.121783576468947e+02
-0.13400 4.144637558028859e+02
-0.13200 4.168286050717616e+02
-0.13000 4.192833834857951e+02
-0.12800 4.218293842691580e+02
-0.12600 4.244596737973151e+02
-0.12400 4.271602527254598e+02
-0.12200 4.299113816955560e+02
-0.12000 4.326890658075745e+02
-0.11800 4.354666767640709e+02
-0.11600 4.382166521682415e+02
-0.11400 4.409121721826000e+02
-0.11200 4.435286919135132e+02
-0.11000 4.460452110054445e+02
-0.10800 4.484451885643600e+02
-0.10600 4.507170540330187e+02
-0.10400 4.528543126387867e+02
-0.10200 4.548552876429604e+02
-0.10000 4.567225737216556e+02
-0.09800 4.584622930753832e+02
-0.09600 4.600832485886524e+02
-0.09400 4.615960594354655e+02
-0.09200 4.630123480918185e+02
-0.09000 4.643440279321420e+02
-0.08800 4.656027208184988e+02
-0.08600 4.667993165825916e+02
-0.08400 4.679436722254935e+02
-0.08200 4.690444383837660e+02
-0.08000 4.701089939850529e+02
-0.07800 4.711434666173104e+02
-0.07600 4.721528154091235e+02
-0.07400 4.731409545556677e+02
-0.07200 4.741108984054118e+02
-0.07000 4.750649126480014e+02
-0.06800 4.760046600747531e+02
-0.06600 4.769313331770046e+02
-0.06400 4.778457691840646e+02
-0.06200 4.787485458339719e+02
-0.06000 4.796400581514766e+02
-0.05800 4.805205778108210e+02
-0.05600 4.813902973837598e+02
-0.05400 4.822493620459699e+02
-0.05200 4.830978912725063e+02
-0.05000 4.839359928171285e+02
-0.04800 4.847637709379585e+02
-0.04600 4.855813304732590e+02
-0.04400 4.863887780307120e+02
-0.04200 4.871862212554280e+02
-0.04000 4.879737668952912e+02
-0.03800 4.887515181866806e+02
-0.03600 4.895195719333798e+02
-0.03400 4.902780155389405e+02
-0.03200 4.910269241696777e+02
-0.03000 4.917663581650789e+02
-0.02800 4.924963607685995e+02
-0.02600 4.932169562204696e+02
-0.02400 4.939281482317539e+02
-0.02200 4.946299188432554e+02
-0.02000 4.953222276622130e+02
-0.01800 4.960050114627919e+02
-0.01600 4.966781841322492e+02
-0.01400 4.973416369425595e+02
-0.01200 4.979952391265679e+02
-0.01000 4.986388387379420e+02
-0.00800 4.992722637747997e+02
-0.00600 4.998953235476332e+02
-0.00400 5.005078102727081e+02
-0.00200 5.011094816755117e+02
0.00000 5.033427557036914e+02
0.00200 5.039238419517314e+02
0.00400 5.044916835772873e+02
0.00600 5.050477259835613e+02
0.00800 5.055917024846669e+02
0.01000 5.061233451096469e+02
0.01200 5.066423872533840e+02
0.01400 5.071485663463234e+02
0.01600 5.076416265144970e+02
0.01800 5.081213212020286e+02
0.02000 5.085874157305250e+02
0.02200 5.090396897732005e+02
0.02400 5.094779397266577e+02
0.02600 5.099019809696571e+02
0.02800 5.103116500057316e+02
0.03000 5.107068064945036e+02
0.03200 5.110873351840659e+02
0.03400 5.114531477625070e+02
0.03600 5.118041846488279e+02
0.03800 5.121404167402355e+02
0.04000 5.124618471220252e+02
0.04200 5.127685127263078e+02
0.04400 5.164652881717346e+02
0.04600 5.167426780436814e+02
0.04800 5.170056316234361e+02
0.05000 5.172543343604225e+02
0.05200 5.174890099938829e+02
0.05400 5.177099193944002e+02
0.05600 5.179173581103465e+02
0.05800 5.181116523421035e+02
0.06000 5.182931531209525e+02
0.06200 5.184622285695010e+02
0.06400 5.186192542664104e+02
0.06600 5.187646019232691e+02
0.06800 5.188986267910974e+02
0.07000 5.190216544264528e+02
0.07200 5.191339676351672e+02
0.07400 5.192357945460700e+02
0.07600 5.193272988204154e+02
0.07800 5.194085729548915e+02
0.08000 5.194796354778049e+02
0.08200 5.195404325746950e+02
0.08400 5.195908443315290e+02
0.08600 5.196306953854020e+02
0.08800 5.196597693684395e+02
0.09000 5.196778261688272e+02
0.09200 5.196846207588400e+02
0.09400 5.196799221884996e+02
0.09600 5.196635313351318e+02
0.09800 5.196352961342660e+02
0.10000 5.195951232784770e+02
0.10200 5.195429857237725e+02
0.10400 5.194789257436224e+02
0.10600 5.194030536701423e+02
0.10800 5.193155428152622e+02
0.11000 5.192166213363136e+02
0.11200 5.191065619784213e+02
0.11400 5.189856706846352e+02
0.11600 5.188542750236993e+02
0.11800 5.187127132699477e+02
0.12000 5.185613248200824e+02
0.12200 5.184004425047435e+02
0.12400 5.182303873302236e+02
0.12600 5.180514663782919e+02
0.12800 5.178639751371089e+02
0.13000 5.176682065562449e+02
0.13200 5.174644706149577e+02
0.13400 5.172531298467924e+02
0.13600 5.170346571897270e+02
0.13800 5.168097211294186e+02
0.14000 5.165792973043980e+02
0.14200 5.163447939751544e+02
0.14400 5.161081617301804e+02
0.14600 5.158719405094035e+02
0.14800 5.156391893837709e+02
0.15000 5.154132581283318e+02
0.15200 5.151973990587369e+02
0.15400 5.149942698223451e+02
0.15600 5.148054115793052e+02
0.15800 5.146307761227114e+02
0.16000 5.144683379308881e+02
0.16200 5.143138316354006e+02
0.16400 5.141607488517801e+02
0.16600 5.140008325974161e+02
0.16800 5.138252369799600e+02
0.17000 5.136261854874803e+02
0.17200 5.133985585987406e+02
0.17400 5.131407338305578e+02
0.17600 5.128543491083045e+02
0.17800 5.125432196570430e+02
0.18000 5.122119916417565e+02
0.18200 5.118650663322837e+02
0.18400 5.115060230173992e+02
0.18600 5.111374798539721e+02
0.18800 5.107612084614217e+02
0.19000 5.103783373529776e+02
0.19200 5.099895499569288e+02
0.19400 5.095952416505298e+02
0.19600 5.091956312690468e+02
0.19800 5.087908342610512e+02
0.20000 5.083809073571350e+02
0.20200 5.079658739037307e+02
0.20400 5.075457371156077e+02
0.20600 5.071204863657051e+02
0.20800 5.066900997641341e+02
0.21000 5.062545449002987e+02
0.21200 5.058137787357547e+02
0.21400 5.053677471283418e+02
0.21600 5.049163842064483e+02
0.21800 5.044596116894936e+02
0.22000 5.039973381982157e+02
0.22200 5.035294585782430e+02
0.22400 5.030558532539142e+02
0.22600 5.025763876281702e+02
0.22800 5.020909115449560e+02
0.23000 5.015992588318509e+02
0.23200 5.011012469418811e+02
0.23400 5.005966767146214e+02
0.23600 5.000853322775392e+02
0.23800 4.995669811090317e+02
0.24000 4.990413742847666e+02
0.24200 4.985082469285719e+02
0.24400 4.979673188882208e+02
0.24600 4.974182956551050e+02
0.24800 4.968608695446918e+02
0.25000 4.962947211520636e+02
0.25200 4.957195210935622e+02
0.25400 4.951349320416503e+02
0.25600 4.945406110556494e+02
0.25800 4.939362122059742e+02
0.26000 4.933213894839681e+02
0.26200 4.926957999835449e+02
0.26400 4.920591073346320e+02
0.26600 4.914109853620280e+02
0.26800 4.907511219368733e+02
0.27000 4.885483413199381e+02
0.27200 4.844179709005178e+02
0.27400 4.837212114818861e+02
0.27600 4.830116839738538e+02
0.27800 4.822892079303670e+02
0.28000 4.815536415215658e+02
0.28200 4.808048853400294e+02
0.28400 4.800428859533793e+02
0.28600 4.792676391367533e+02
0.28800 4.784791927200743e+02
0.29000 4.776776489878313e+02
0.29200 4.768631665730555e+02
0.29400 4.760359617923988e+02
0.29600 4.751963093754796e+02
0.29800 4.743445425488732e+02
0.30000 4.734810524431615e+02
0.30200 4.726062868003716e+02
0.30400 4.717207479689448e+02
0.30600 4.708249901846892e+02
0.30800 4.699196161498543e+02
0.31000 4.690052729399941e+02
0.31200 4.680826472919637e+02
0.31400 4.671524603588717e+02
0.31600 4.662154620613542e+02
0.31800 4.652724252192894e+02
0.32000 4.643241397077679e+02
0.32200 4.633714069269294e+02
0.32400 4.624150348660949e+02
0.32600 4.614558339049905e+02
0.32800 4.604946131178796e+02
0.33000 4.595321760942464e+02
0.33200 4.585693140511974e+02
0.33400 4.576067923055132e+02
0.33600 4.566453243044483e+02
0.33800 4.556855261536738e+02
0.34000 4.547278452350841e+02
0.34200 4.537724607225036e+02
0.34400 4.528191629299782e+02
0.34600 4.518672324409548e+02
0.34800 4.509153562614545e+02
0.35000 4.499616310026686e+02
0.35200 4.490037041479154e+02
0.35400 4.480390862877663e+02
0.35600 4.470656707834771e+02
0.35800 4.460844344847205e+02
0.36000 4.451161218062840e+02
0.36200 4.441761978238162e+02
0.36400 4.432057093438841e+02
0.36600 4.422067991183333e+02
0.36800 4.412116952881029e+02
0.37000 4.402308792206427e+02
0.37200 4.392697143406577e+02
0.37400 4.383315919420722e+02
0.37600 4.374176365237196e+02
0.37800 4.365267370067085e+02
0.38000 4.356559777641830e+02
0.38200 4.348013321229915e+02
0.38400 4.339584365770625e+02
0.38600 4.331232759850607e+02
0.38800 4.322926638304426e+02
0.39000 4.314644726120084e+02
0.39200 4.306376335377681e+02
0.39400 4.298119664952771e+02
0.39600 4.289879166236619e+02
0.39800 4.281662675665514e+02
0.40000 4.273478828032573e+02
0.40200 4.265335043724910e+02
0.40400 4.257236190843378e+02
0.40600 4.249183888307412e+02
0.40800 4.241176339447437e+02
0.41000 4.233208537297226e+02
0.41200 4.225272464227079e+02
0.41400 4.217355204922056e+02
0.41600 4.209423795753672e+02
0.41800 4.201355920749893e+02
0.42000 4.192735037507695e+02
0.42200 4.182508361479715e+02
0.42400 4.168905461167006e+02
0.42600 4.150364208394487e+02
0.42800 4.127325072657291e+02
0.43000 4.102919760968009e+02
0.43200 4.080987259014871e+02
0.43400 4.063207908676463e+02
0.43600 4.048423197263407e+02
0.43800 4.034248659527477e+02
0.44000 4.018775085870849e+02
0.44200 4.002446444729473e+02
0.44400 4.002334307967625e+02
0.44600 4.024426809661152e+02
0.44800 4.018096033974976e+02
0.45000 3.998563528105781e+02
0.45200 3.980186316457704e+02
0.45400 3.964123451438219e+02
0.45600 3.950289962462448e+02
0.45800 3.938264139500444e+02
0.46000 3.927506599214869e+02
0.46200 3.917527979142288e+02
0.46400 3.907969234718697e+02
0.46600 3.898607215102936e+02
0.46800 3.889321715030450e+02
0.47000 3.880055735362225e+02
0.47200 3.870785049276860e+02
0.47400 3.861500085989830e+02
0.47600 3.852197033696236e+02
0.47800 3.842874152866728e+02
0.48000 3.833530478900266e+02
0.48200 3.824165430515877e+02
0.48400 3.814778696203987e+02
0.48600 3.805370183412442e+02
0.48800 3.795939974837051e+02
0.49000 3.786488285430478e+02
0.49200 3.777015423891008e+02
0.49400 3.767521761691416e+02
0.49600 3.758007710370158e+02
0.49800 3.748473706173738e+02
0.50000 3.738920200435774e+02
0.50200 3.729347654015394e+02
0.50400 3.719756534376888e+02
0.50600 3.710147314251387e+02
0.50800 3.700520471158118e+02
0.51000 3.690876487328916e+02
0.51200 3.681215849768720e+02
0.51400 3.671539050308179e+02
0.51600 3.661846585579713e+02
0.51800 3.652138956891177e+02
0.52000 3.642416669993261e+02
0.52200 3.632680234746927e+02
0.52400 3.622930164701139e+02
0.52600 3.613166976591417e+02
0.52800 3.603391189768790e+02
0.53000 3.593603325567636e+02
0.53200 3.583803906619553e+02
0.53400 3.573993456119491e+02
0.53600 3.564172497049675e+02
0.53800 3.554341551366403e+02
0.54000 3.544501139154527e+02
0.54200 3.534651777754418e+02
0.54400 3.524793980866099e+02
0.54600 3.514928257635360e+02
0.54800 3.505055111726726e+02
0.55000 3.495175040388345e+02
0.55200 3.485288533513721e+02
0.55400 3.475396072705662e+02
0.55600 3.465498130347399e+02
0.55800 3.455595168686351e+02
0.56000 3.445687638935512e+02
0.56200 3.435775980397709e+02
0.56400 3.425860619617677e+02
0.56600 3.415941969566843e+02
0.56800 3.406020428865504e+02
0.57000 3.396096381046710e+02
0.57200 3.386170193866227e+02
0.57400 3.376242218662211e+02
0.57600 3.366312789768249e+02
0.57800 3.356382223982804e+02
0.58000 3.346450820098031e+02
0.58200 3.336518858489941e+02
0.58400 3.326586600772155e+02
0.58600 3.316654289514601e+02
0.58800 3.306722148028039e+02
0.59000 3.296790380215186e+02
0.59200 3.286859170488407e+02
0.59400 3.276928683753629e+02
0.59600 3.266999065459798e+02
0.59800 3.257070441712600e+02
0.60000 3.247142919450843e+02
0.60200 3.237216586683552e+02
0.60400 3.227291512785391e+02
0.60600 3.217367748847741e+02
0.60800 3.207445328082545e+02
0.61000 3.197524266275517e+02
0.61200 3.187604562285349e+02
0.61400 3.177686198585288e+02
0.61600 3.167769141843089e+02
0.61800 3.157853343535540e+02
0.62000 3.147938740593491e+02
0.62200 3.138025256073137e+02
0.62400 3.128112799849789e+02
0.62600 3.118201269329609e+02
0.62800 3.108290550175671e+02
0.63000 3.098380517044134e+02
0.63200 3.088471034326893e+02
0.63400 3.078561956896841e+02
0.63600 3.068653130852368e+02
0.63800 3.058744394257698e+02
0.64000 3.048835577875906e+02
0.64200 3.038926505891858e+02
0.64400 3.029016996622240e+02
0.64600 3.019106863210390e+02
0.64800 3.009195914303751e+02
0.65000 2.999283954712024e+02
0.65200 2.989370786044462e+02
0.65400 2.979456207324860e+02
0.65600 2.969540015583232e+02
0.65800 2.959622006423267e+02
0.66000 2.949701974565006e+02
0.66200 2.939779714362330e+02
0.66400 2.929855020295229e+02
0.66600 2.919927687436841e+02
0.66800 2.909997511895585e+02
0.67000 2.900064291232902e+02
0.67200 2.890127824857188e+02
0.67400 2.880187914394728e+02
0.67600 2.870244364038604e+02
0.67800 2.860296980876616e+02
0.68000 2.850345575199305e+02
0.68200 2.840389960789468e+02
0.68400 2.830429955194284e+02
0.68600 2.820465379981576e+02
0.68800 2.810496060981494e+02
0.69000 2.800521828515082e+02
0.69200 2.790542517611167e+02
0.69400 2.780557968212910e+02
0.69600 2.770568025375493e+02
0.69800 2.760572539456228e+02
0.70000 2.750571366298495e+02
0.70200 2.740564367410652e+02
0.70400 2.730551410141261e+02
0.70600 2.720532367851641e+02
0.70800 2.710507120086880e+02
0.71000 2.700475552746312e+02
0.71200 2.690437558254281e+02
0.71400 2.680393035732072e+02
0.71600 2.670341891171747e+02
0.71800 2.660284037612436e+02
0.72000 2.650219395319737e+02
0.72200 2.640147891968633e+02
0.72400 2.630069462830264e+02
0.72600 2.619984050962929e+02
0.72800 2.609891607407417e+02
0.73000 2.599792091386836e+02
0.73200 2.589685470510958e+02
0.73400 2.579571720985077e+02
0.73600 2.569450827823188e+02
0.73800 2.559322785065411e+02
0.74000 2.549187595999321e+02
0.74200 2.539045273384964e+02
0.74400 2.528895839683132e+02
0.74600 2.518739327286535e+02
0.74800 2.508575778753404e+02
0.75000 2.498405247043037e+02
0.75200 2.488227795752734e+02
0.75400 2.478043499355623e+02
0.75600 2.467852443438658e+02
0.75800 2.457654724940376e+02
0.76000 2.447450452387529e+02
0.76200 2.437239746130202e+02
0.76400 2.427022738574570e+02
0.76600 2.416799574412657e+02
0.76800 2.406570410848535e+02
0.77000 2.396335417820131e+02
0.77200 2.386094778216080e+02
0.77400 2.375848688086906e+02
0.77600 2.365597356849868e+02
0.77800 2.355341007486835e+02
0.78000 2.345079876734539e+02
0.78200 2.334814215266520e+02
0.78400 2.324544287866270e+02
0.78600 2.314270373590853e+02
0.78800 2.303992765924492e+02
0.79000 2.293711772921520e+02
0.79200 2.283427717338195e+02
0.79400 2.273140936752824e+02
0.79600 2.262851783673727e+02
0.79800 2.252560625634558e+02
0.80000 2.242267845276523e+02
0.80200 2.231973840417123e+02
0.80400 2.221679024104950e+02
0.80600 2.211383824660253e+02
0.80800 2.201088685700848e+02
0.81000 2.190794066153157e+02
0.81200 2.180500440247958e+02
0.81400 2.170208297500741e+02
0.81600 2.159918142676302e+02
0.81800 2.149630495737447e+02
0.82000 2.139345891777633e+02
0.82200 2.129064880937337e+02
0.82400 2.118788028304149e+02
0.82600 2.108515913796310e+02
0.82800 2.098249132029893e+02
0.83000 2.087988292169282e+02
0.83200 2.077734017761252e+02
0.83400 2.067486946552400e+02
0.83600 2.057247730290144e+02
0.83800 2.047017034507324e+02
0.84000 2.036795538290392e+02
0.84200 2.026583934031522e+02
0.84400 2.016382927164557e+02
0.84600 2.006193235885165e+02
0.84800 1.996015590855232e+02
0.85000 1.985850734891880e+02
0.85200 1.975699422641162e+02
0.85400 1.965562420236936e+02
0.85600 1.955440504944905e+02
0.85800 1.945334464792484e+02
0.86000 1.935245098184521e+02
0.86200 1.925173213505390e+02
0.86400 1.915119628707805e+02
0.86600 1.905085170888707e+02
0.86800 1.895070675852675e+02
0.87000 1.885076987663253e+02
0.87200 1.875104958182695e+02
0.87400 1.865155446600511e+02
0.87600 1.855229318951366e+02
0.87800 1.845327447622814e+02
0.88000 1.835450710853288e+02
0.88200 1.825599992221024e+02
0.88400 1.815776180124321e+02
0.88600 1.805980167253729e+02
0.88800 1.796212850056737e+02
0.89000 1.786475128195513e+02
0.89200 1.776767903998270e+02
0.89400 1.767092081904880e+02
0.89600 1.757448567907266e+02
0.89800 1.747838268985220e+02
0.90000 1.738262092538271e+02
0.90200 1.728720945814137e+02
0.90400 1.719215735334509e+02
0.90600 1.709747366318607e+02
0.90800 1.700316742105313e+02
0.91000 1.690924763574415e+02
0.91200 1.681572328567544e+02
0.91400 1.672260331309553e+02
0.91600 1.662989661830836e+02
0.91800 1.653761205391320e+02
0.92000 1.644575841906641e+02
0.92200 1.635434445377199e+02
0.92400 1.626337883320723e+02
0.92600 1.617287016208821e+02
0.92800 1.608282696908265e+02
0.93000 1.599325770127560e+02
0.93200 1.590417071869290e+02
0.93400 1.581557428888964e+02
0.93600 1.572747658160826e+02
0.93800 1.563988566351225e+02
0.94000 1.555280949300071e+02
0.94200 1.546625591510964e+02
0.94400 1.538023265650432e+02
0.94600 1.529474732056852e+02
0.94800 1.520980738259548e+02
0.95000 1.512542018508513e+02
0.95200 1.504159293315247e+02
0.95400 1.492158582067173e+02
0.95600 1.501122676455588e+02
0.95800 1.492912113977882e+02
0.96000 1.484760281949169e+02
0.96200 1.476667825720345e+02
0.96400 1.468635374406146e+02
0.96600 1.460663540515380e+02
0.96800 1.452752919595453e+02
0.97000 1.444904089891369e+02
0.97200 1.437117612019592e+02
0.97400 1.429394028657017e+02
0.97600 1.421733864245210e+02
0.97800 1.414137624710353e+02
0.98000 1.406605797198816e+02
0.98200 1.399138849828794e+02
0.98400 1.391737231458060e+02
0.98600 1.384401371467964e+02
0.98800 1.377131679563860e+02
0.99000 1.369928545592001e+02
0.99200 1.362792339373089e+02
0.99400 1.355723410552378e+02
0.99600 1.348722088466521e+02
0.99800 1.341788682027138e+02
1.00000 1.334923479621015e+02
