-1.00000 1.451650443977430e+00
-0.99800 2.158492493447525e+00
-0.99600 2.861678910060994e+00
-0.99400 3.561215649768325e+00
-0.99200 4.257109069729536e+00
-0.99000 4.949365862252772e+00
-0.98800 5.637992987841719e+00
-0.98600 6.322997607606784e+00
-0.98400 7.004387015301444e+00
-0.98200 7.682168569236068e+00
-0.98000 8.356349624327734e+00
-0.97800 9.026937464526368e+00
-0.97600 9.693939235867646e+00
-0.97400 1.035736188037856e+01
-0.97200 1.101721207107193e+01
-0.97000 1.167349614823696e+01
-0.96800 1.232622005724208e+01
-0.96600 1.297538928803969e+01
-0.96400 1.362100881656526e+01
-0.96200 1.426308304820074e+01
-0.96000 1.490161576347230e+01
-0.95800 1.553661006612886e+01
-0.95600 1.616806833376247e+01
-0.95400 1.679599217108977e+01
-0.95200 1.742038236605182e+01
-0.95000 1.804123884884928e+01
-0.94800 1.865856065406081e+01
-0.94600 1.927234588599030e+01
-0.94400 1.988259168740840e+01
-0.94200 2.048929421188437e+01
-0.94000 2.109244859993078e+01
-0.93800 2.169204895925934e+01
-0.93600 2.228808834948585e+01
-0.93400 2.288055877174127e+01
-0.93200 2.346945116373219e+01
-0.93000 2.405475540094874e+01
-0.92800 2.463646030486877e+01
-0.92600 2.521455365920343e+01
-0.92400 2.578902223544203e+01
-0.92200 2.635985182920232e+01
-0.92000 2.692702730914372e+01
-0.91800 2.749053268047026e+01
-0.91600 2.805035116533024e+01
-0.91400 2.860646530264880e+01
-0.91200 2.915885707013087e+01
-0.91000 2.970750803131873e+01
-0.90800 3.025239951057694e+01
-0.90600 3.079351279877670e+01
-0.90400 3.133082939211788e+01
-0.90200 3.186433126597245e+01
-0.90000 3.239400118480586e+01
-0.89800 3.291982304806886e+01
-0.89600 3.344178227044983e+01
-0.89400 3.395986619300042e+01
-0.89200 3.447406451940613e+01
-0.89000 3.498436976908186e+01
-0.88800 3.549077773590900e+01
-0.88600 3.599328793835739e+01
-0.88400 3.649190404359449e+01
-0.88200 3.698663424514235e+01
-0.88000 3.747749157087537e+01
-0.87800 3.796449409590777e+01
-0.87600 3.844766503343828e+01
-0.87400 3.892703267617502e+01
-0.87200 3.940263016207894e+01
-0.87000 3.987449504257672e+01
-0.86800 4.034266864789205e+01
-0.86600 4.080719531286922e+01
-0.86400 4.126812180729848e+01
-0.86200 4.172549833689525e+01
-0.86000 4.217938566385515e+01
-0.85800 4.262988109720539e+01
-0.85600 4.307719274397314e+01
-0.85400 4.352181489721585e+01
-0.85200 4.396486866748052e+01
-0.85000 4.440862364847112e+01
-0.84800 4.485705285851905e+01
-0.84600 4.531600916050546e+01
-0.84400 4.579243097287586e+01
-0.84200 4.629221079766705e+01
-0.84000 4.681715950417969e+01
-0.83800 4.736250071115486e+01
-0.83600 4.791665716377175e+01
-0.83400 4.846410226593858e+01
-0.83200 4.899018352856289e+01
-0.83000 4.948548731040650e+01
-0.82800 4.994763341386736e+01
-0.82600 5.038008831610350e+01
-0.82400 5.078926944942962e+01
-0.82200 5.118171862793221e+01
-0.82000 5.156245066159477e+01
-0.81800 5.193457158534642e+01
-0.81600 5.229965630713247e+01
-0.81400 5.265832896689887e+01
-0.81200 5.301073157451290e+01
-0.81000 5.335680539794553e+01
-0.80800 5.369642817153946e+01
-0.80600 5.402947074401443e+01
-0.80400 5.435581751413864e+01
-0.80200 5.467537306752551e+01
-0.80000 5.498806407347137e+01
-0.79800 5.529383950367952e+01
-0.79600 5.559267007876621e+01
-0.79400 5.588454720985629e+01
-0.79200 5.616948154788685e+01
-0.79000 5.644750122545365e+01
-0.78800 5.671864987409454e+01
-0.78600 5.698298449989618e+01
-0.78400 5.724057329768030e+01
-0.78200 5.749149347832785e+01
-0.78000 5.773582917554484e+01
-0.77800 5.797366948817840e+01
-0.77600 5.820510670278091e+01
-0.77400 5.843023472915066e+01
-0.77200 5.864914776976565e+01
-0.77000 5.886193923280295e+01
-0.76800 5.906870088837522e+01
-0.76600 5.926952225896809e+01
-0.76400 5.946449022802936e+01
-0.76200 5.965368884539637e+01
-0.76000 5.983719930464370e+01
-0.75800 6.001510006548046e+01
-0.75600 6.018746709375375e+01
-0.75400 6.035437419229919e+01
-0.75200 6.051589339750633e+01
-0.75000 6.067209541881371e+01
-0.74800 6.082305010117658e+01
-0.74600 6.096882689363656e+01
-0.74400 6.110949531024377e+01
-0.74200 6.124512537265377e+01
-0.74000 6.137578802652896e+01
-0.73800 6.150155552643017e+01
-0.73600 6.162250178605832e+01
-0.73400 6.173870269252610e+01
-0.73200 6.185023638479081e+01
-0.73000 6.195718349748682e+01
-0.72800 6.205962737216950e+01
-0.72600 6.215765423851052e+01
-0.72400 6.225135336826918e+01
-0.72200 6.234081720495021e+01
-0.72000 6.242614147204562e+01
-0.71800 6.250742526258245e+01
-0.71600 6.258477111252288e+01
-0.71400 6.265828506027950e+01
-0.71200 6.272807669435811e+01
-0.71000 6.279425919085892e+01
-0.70800 6.285694934231302e+01
-0.70600 6.291626757907522e+01
-0.70400 6.297233798429400e+01
-0.70200 6.302528830327777e+01
-0.70000 6.307524994790333e+01
-0.69800 6.312235799659562e+01
-0.69600 6.316675119027180e+01
-0.69400 6.320857192455103e+01
-0.69200 6.324796623847298e+01
-0.69000 6.328508379987940e+01
-0.68800 6.332007788759466e+01
-0.68600 6.335310537048156e+01
-0.68400 6.338432668344137e+01
-0.68200 6.341390580038793e+01
-0.68000 6.344201020423105e+01
-0.67800 6.346881085387437e+01
-0.67600 6.349448214823907e+01
-0.67400 6.351920188731795e+01
-0.67200 6.354315123025304e+01
-0.67000 6.356651465044450e+01
-0.66800 6.358947988768004e+01
-0.66600 6.361223789728655e+01
-0.66400 6.363498279630294e+01
-0.66200 6.365791180667463e+01
-0.66000 6.368122519546602e+01
-0.65800 6.370512621210251e+01
-0.65600 6.372982102263177e+01
-0.65400 6.375551864102873e+01
-0.65200 6.378243085752786e+01
-0.65000 6.381077216401153e+01
-0.64800 6.384075967645085e+01
-0.64600 6.391972271689585e+01
-0.64400 6.395366408013465e+01
-0.64200 6.398991792225885e+01
-0.64000 6.402871102151886e+01
-0.63800 6.407027234870219e+01
-0.63600 6.411483297216554e+01
-0.63400 6.416219311804021e+01
-0.63200 2.059782554334486e+01
-0.63000 2.065278710143056e+01
-0.62800 2.071169406171022e+01
-0.62600 2.077478360088304e+01
-0.62400 2.084229721978031e+01
-0.62200 2.091447777309564e+01
-0.62000 2.099156935208757e+01
-0.61800 2.107381716458320e+01
-0.61600 2.116146741230883e+01
-0.61400 2.125476716558205e+01
-0.61200 2.135396423539861e+01
-0.61000 2.145930705245476e+01
-0.60800 2.157105036494638e+01
-0.60600 2.169050665273525e+01
-0.60400 2.187610900091634e+01
-0.60200 2.307301891163213e+01
-0.60000 2.928221413817812e+01
-0.59800 4.087315278079937e+01
-0.59600 4.815478986489516e+01
-0.59400 4.926097539924293e+01
-0.59200 4.774442933815478e+01
-0.59000 4.419443670052466e+01
-0.58800 3.901161819631259e+01
-0.58600 3.385532764505523e+01
-0.58400 3.036741771573988e+01
-0.58200 2.881991195324782e+01
-0.58000 2.846469869268261e+01
-0.57800 2.856947418541658e+01
-0.57600 2.879643567008408e+01
-0.57400 2.905250652414352e+01
-0.57200 2.932143871547639e+01
-0.57000 2.960154963675334e+01
-0.56800 2.989291985986184e+01
-0.56600 3.019576735756624e+01
-0.56400 3.051031477625043e+01
-0.56200 3.083678229220159e+01
-0.56000 3.117538728785724e+01
-0.55800 3.152634428219573e+01
-0.55600 3.188986488428424e+01
-0.55400 3.226615776695616e+01
-0.55200 3.265542866285617e+01
-0.55000 3.305788038524518e+01
-0.54800 3.347371287607452e+01
-0.54600 3.390312328393646e+01
-0.54400 3.434630607467610e+01
-0.54200 3.480345317769702e+01
-0.54000 3.527475417132989e+01
-0.53800 3.576039651122246e+01
-0.53600 3.626056580647722e+01
-0.53400 3.677544614940739e+01
-0.53200 3.730522050637646e+01
-0.53000 3.785007117919622e+01
-0.52800 3.841018034923065e+01
-0.52600 3.898573071953626e+01
-0.52400 3.957690627407471e+01
-0.52200 4.018389317711981e+01
-0.52000 4.080688084005318e+01
-0.51800 4.144606318638611e+01
-0.51600 4.210164014828114e+01
-0.51400 4.277381942819348e+01
-0.51200 1.323150165586372e+02
-0.51000 1.330210652691420e+02
-0.50800 1.337444082051893e+02
-0.50600 1.344853079410641e+02
-0.50400 1.352440482815368e+02
-0.50200 1.360209377602141e+02
-0.50000 1.368163132125750e+02
-0.49800 1.376305432461456e+02
-0.49600 1.384640313728774e+02
-0.49400 1.393172185113627e+02
-0.49200 1.401905845147291e+02
-0.49000 1.410846483406392e+02
-0.48800 1.419999664603248e+02
-0.48600 1.429371291115664e+02
-0.48400 1.438967540426846e+02
-0.48200 1.448794774758022e+02
-0.48000 1.458859421398047e+02
-0.47800 1.469167823847102e+02
-0.47600 1.479726065833366e+02
-0.47400 1.490539772422015e+02
-0.47200 1.501613894664324e+02
-0.47000 1.512952486344045e+02
-0.46800 1.524558483164959e+02
-0.46600 1.536433495984025e+02
-0.46400 1.548577630249109e+02
-0.46200 1.560989343514855e+02
-0.46000 1.573665351717958e+02
-0.45800 1.586600592805421e+02
-0.45600 1.599788253425513e+02
-0.45400 1.613219860893291e+02
-0.45200 1.626885438781785e+02
-0.45000 1.640773720566741e+02
-0.44800 1.654872412086270e+02
-0.44600 1.669168490474267e+02
-0.44400 1.683648524950605e+02
-0.44200 1.698299003595149e+02
-0.44000 1.713106650096445e+02
-0.43800 1.728058715450959e+02
-0.43600 1.743143231594235e+02
-0.43400 1.758349216784692e+02
-0.43200 1.773666825977698e+02
-0.43000 1.789087443127431e+02
-0.42800 1.804603716031817e+02
-0.42600 1.820209537705579e+02
-0.42400 1.835899981089541e+02
-0.42200 1.851671196006245e+02
-0.42000 1.867520278554994e+02
-0.41800 1.883445123585473e+02
-0.41600 1.899444270552207e+02
-0.41400 1.915516752048282e+02
-0.41200 1.931661952803644e+02
-0.41000 1.947879485093356e+02
-0.40800 1.964169084519384e+02
-0.40600 1.980530528177611e+02
-0.40400 1.569576617334732e+02
-0.40200 1.586080972001710e+02
-0.40000 1.602656263361102e+02
-0.39800 1.619302043026345e+02
-0.39600 1.636017793900610e+02
-0.39400 1.652802947596209e+02
-0.39200 1.669656906800574e+02
-0.39000 1.686579069470732e+02
-0.38800 1.703568852258183e+02
-0.38600 1.720625711152503e+02
-0.38400 1.737749157928843e+02
-0.38200 1.754938771546203e+02
-0.38000 1.772194204139245e+02
-0.37800 1.789515181656764e+02
-0.37600 1.806901499517671e+02
-0.37400 1.824353013881025e+02
-0.37200 1.841869629268329e+02
-0.37000 1.859451283345701e+02
-0.36800 1.877097929684113e+02
-0.36600 1.894809519282096e+02
-0.36400 1.912585981569988e+02
-0.36200 1.930427205529719e+02
-0.36000 1.948333021468446e+02
-0.35800 1.966303183885933e+02
-0.35600 1.984337355778985e+02
-0.35400 2.002435094636340e+02
-0.35200 2.020595840295148e+02
-0.35000 2.038818904757886e+02
-0.34800 2.057103464006123e+02
-0.34600 2.075448551794648e+02
-0.34400 2.093853055366475e+02
-0.34200 2.112315712994525e+02
-0.34000 2.130835113229103e+02
-0.33800 2.149409695711209e+02
-0.33600 2.168037753398065e+02
-0.33400 2.186717436040311e+02
-0.33200 2.205446754747060e+02
-0.33000 2.224223587476771e+02
-0.32800 2.243045685296412e+02
-0.32600 2.261910679258905e+02
-0.32400 2.280816087758745e+02
-0.32200 2.299759324236764e+02
-0.32000 2.318737705117560e+02
-0.31800 2.337748457876244e+02
-0.31600 2.356788729144596e+02
-0.31400 2.375855592779866e+02
-0.31200 2.394946057832892e+02
-0.31000 2.414057076364292e+02
-0.30800 2.433185551069626e+02
-0.30600 2.452328342685126e+02
-0.30400 2.471482277155940e+02
-0.30200 2.490644152557817e+02
-0.30000 2.509810745771616e+02
-0.29800 2.528978818917507e+02
-0.29600 2.548145125562395e+02
-0.29400 2.567306416720214e+02
-0.29200 2.594949135217610e+02
-0.29000 2.614090667374012e+02
-0.28800 2.633217479028086e+02
-0.28600 2.643353128626724e+02
-0.28400 2.662418853586200e+02
-0.28200 2.681482397302266e+02
-0.28000 2.700518585614044e+02
-0.27800 2.719524350840376e+02
-0.27600 2.738496673166578e+02
-0.27400 2.757432586727352e+02
-0.27200 2.776329186003182e+02
-0.27000 2.795183632596919e+02
-0.26800 2.813993162457403e+02
-0.26600 2.832755093614552e+02
-0.26400 2.851466834486160e+02
-0.26200 2.870125892808958e+02
-0.26000 2.888729885235647e+02
-0.25800 2.907276547624035e+02
-0.25600 2.925763746025303e+02
-0.25400 2.944189488352718e+02
-0.25200 2.962551936682480e+02
-0.25000 2.980849420102186e+02
-0.24800 2.999080447981254e+02
-0.24600 3.017243723491337e+02
-0.24400 3.035338157154035e+02
-0.24200 3.053362880139015e+02
-0.24000 3.071317256980069e+02
-0.23800 3.089200897320198e+02
-0.23600 3.107013666243440e+02
-0.23400 3.124755692701740e+02
-0.23200 3.142427375503967e+02
-0.23000 3.160029386303579e+02
-0.22800 3.172893415520622e+02
-0.22600 3.190359181520662e+02
-0.22400 3.207758900235531e+02
-0.22200 3.225094284384116e+02
-0.22000 3.242367269590437e+02
-0.21800 3.259579987951305e+02
-0.21600 3.276734735350623e+02
-0.21400 3.293833932480295e+02
-0.21200 3.310880079796263e+02
-0.21000 3.327875707106925e+02
-0.20800 3.344823319436355e+02
-0.20600 3.361725342869157e+02
-0.20400 3.378584078635053e+02
-0.20200 3.395401683400912e+02
-0.20000 3.412180213293444e+02
-0.19800 3.428921805793979e+02
-0.19600 3.445629136485610e+02
-0.19400 3.462306384580143e+02
-0.19200 3.478961071103874e+02
-0.19000 3.495607273315169e+02
-0.18800 3.512270806737999e+02
-0.18600 3.528996891468059e+02
-0.18400 3.545860432941688e+02
-0.18200 3.562978211006550e+02
-0.18000 3.580520954013908e+02
-0.17800 3.598721675002105e+02
-0.17600 3.617875278262483e+02
-0.17400 3.638324095072163e+02
-0.17200 3.660425501120193e+02
-0.17000 3.684501540347441e+02
-0.16800 3.710776120597935e+02
-0.16600 3.739311379357433e+02
-0.16400 3.769958969229870e+02
-0.16200 3.802342027378772e+02
-0.16000 3.835878329748632e+02
-0.15800 3.869845403140056e+02
-0.15600 3.903476992627462e+02
-0.15400 3.936071136414921e+02
-0.15200 3.967086534974609e+02
-0.15000 3.996207256294365e+02
-0.14800 4.023364815163650e+02
-0.14600 4.048717990491286e+02
-0.14400 4.072600528579412e+02
-0.14200 4.095452283895393e+02
-0.14000 4.117749525207414e+02
-0.13800 4.139946196346744e+02
-0.13600 4.162432105320831e+02
-0.13400 4.185508586422885e+02
-0.13200 4.209378599254728e+02
-0.13000 4.234146878625166e+02
-0.12800 4.259826154142681e+02
-0.12600 4.286346750739512e+02
-0.12400 4.313568244716406e+02
-0.12200 4.341292774539490e+02
-0.12000 4.369279937761945e+02
-0.11800 4.397263056812369e+02
-0.11600 4.424966205159216e+02
-0.11400 4.452120994621806e+02
-0.11200 4.478481907457815e+02
-0.11000 4.503838988965136e+02
-0.10800 4.528026983453445e+02
-0.10600 4.550930422110981e+02
-0.10400 4.572484651725088e+02
-0.10200 4.592673229489081e+02
-0.10000 4.611522430015792e+02
-0.09800 4.629093782925002e+02
-0.09600 4.645475585955734e+02
-0.09400 4.660774248513698e+02
-0.09200 4.675106155426159e+02
-0.09000 4.688590542148435e+02
-0.08800 4.701343674482243e+02
-0.08600 4.713474450495011e+02
-0.08400 4.725081401513188e+02
-0.08200 4.736250966413319e+02
-0.08000 4.747056847417779e+02
-0.07800 4.757560221914579e+02
-0.07600 4.767810577860439e+02
-0.07400 4.777846953971018e+02
-0.07200 4.787699393918135e+02
-0.07000 4.797390460148440e+02
-0.06800 4.806936692321565e+02
-0.06600 4.816349933321691e+02
-0.06400 4.825638479139535e+02
-0.06200 4.834808035791464e+02
-0.06000 4.843862486198151e+02
-0.05800 4.852804482922000e+02
-0.05600 4.861635889843811e+02
-0.05400 4.870358098546766e+02
-0.05200 4.878972244725595e+02
-0.05000 4.887479347561792e+02
-0.04800 4.895880391673391e+02
-0.04600 4.904176367657385e+02
-0.04400 4.912368283838466e+02
-0.04200 4.920457158858669e+02
-0.04000 4.928444002279329e+02
-0.03800 4.936329788413973e+02
-0.03600 4.944115427111872e+02
-0.03400 4.951801734088281e+02
-0.03200 4.959389402569012e+02
-0.03000 4.966878977414120e+02
-0.02800 4.974270832448203e+02
-0.02600 4.981565151412599e+02
-0.02400 4.988761912730631e+02
-0.02200 4.995860878121692e+02
-0.02000 5.002861584992969e+02
-0.01800 5.009763342468683e+02
-0.01600 5.016565230875902e+02
-0.01400 5.023266104484085e+02
-0.01200 5.029864597289637e+02
-0.01000 5.036359131637754e+02
-0.00800 5.042747929480648e+02
-0.00600 5.049029026078318e+02
-0.00400 5.055200285953499e+02
-0.00200 5.061259207963524e+02
0.00000 5.083629639562481e+02
0.00200 5.089474470323164e+02
0.00400 5.095182282648501e+02
0.00600 5.100767712132103e+02
0.00800 5.106228035934757e+02
0.01000 5.111560518713649e+02
0.01200 5.116762439151452e+02
0.01400 5.121831116674033e+02
0.01600 5.126763938071063e+02
0.01800 5.131558383741972e+02
0.02000 5.136212053310916e+02
0.02200 5.140722690389732e+02
0.02400 5.145088206317727e+02
0.02600 5.149306702772309e+02
0.02800 5.153376493218573e+02
0.03000 5.157296123247049e+02
0.03200 5.161064389923126e+02
0.03400 5.164680360329123e+02
0.03600 5.168143389501871e+02
0.03800 5.171453137935430e+02
0.04000 5.174609588711381e+02
0.04200 5.177613064119157e+02
0.04400 5.214512334244878e+02
0.04600 5.217212259179498e+02
0.04800 5.219762357289769e+02
0.05000 5.222164439346394e+02
0.05200 5.224420699931212e+02
0.05400 5.226533705882326e+02
0.05600 5.228506371783823e+02
0.05800 5.230341919726860e+02
0.06000 5.232043821110365e+02
0.06200 5.233615719248750e+02
0.06400 5.235061333014762e+02
0.06600 5.236384343596661e+02
0.06800 5.237588268546813e+02
0.07000 5.238676329424536e+02
0.07200 5.239651321217706e+02
0.07400 5.240515493071631e+02
0.07600 5.241270450387294e+02
0.07800 5.241917087872564e+02
0.08000 5.242455561545787e+02
0.08200 5.242885305056402e+02
0.08400 5.243205092203629e+02
0.08600 5.243413143550135e+02
0.08800 5.243507270982420e+02
0.09000 5.243485050450613e+02
0.09200 5.243344010377517e+02
0.09400 5.243081821715281e+02
0.09600 5.242696475543767e+02
0.09800 5.242186435458799e+02
0.10000 5.241550754611770e+02
0.10200 5.240789150795434e+02
0.10400 5.239902036978040e+02
0.10600 5.238890508685050e+02
0.10800 5.237756293162793e+02
0.11000 5.236501667975641e+02
0.11200 5.235129358368314e+02
0.11400 5.233642423309491e+02
0.11600 5.232044139721661e+02
0.11800 5.230337893246442e+02
0.12000 5.228527082394845e+02
0.12200 5.226615041663438e+02
0.12400 5.224604988969935e+02
0.12600 5.222500004690352e+02
0.12800 5.220303055031110e+02
0.13000 5.218017082675328e+02
0.13200 5.215645202606080e+02
0.13400 5.213191057548981e+02
0.13600 5.210659396726921e+02
0.13800 5.208056927576666e+02
0.14000 5.205393432048411e+02
0.14200 5.202683021397900e+02
0.14400 5.199945233092384e+02
0.14600 5.197205500628338e+02
0.14800 5.194494450879348e+02
0.15000 5.191845619820086e+02
0.15200 5.189291571625732e+02
0.15400 5.186858927249061e+02
0.15600 5.184563144158449e+02
0.15800 5.182403779382043e+02
0.16000 5.180360595955926e+02
0.16200 5.178390925719057e+02
0.16400 5.176429641947337e+02
0.16600 5.174394132260762e+02
0.16800 5.172195938219554e+02
0.17000 5.169757367986058e+02
0.17200 5.167027366482776e+02
0.17400 5.163989876518391e+02
0.17600 5.160661425881525e+02
0.17800 5.157080269873881e+02
0.18000 5.153292929918182e+02
0.18200 5.149343454664091e+02
0.18400 5.145267669250519e+02
0.18600 5.141091795296267e+02
0.18800 5.136833599637979e+02
0.19000 5.132504426867055e+02
0.19200 5.128111176827230e+02
0.19400 5.123657872905693e+02
0.19600 5.119146775935671e+02
0.19800 5.114579115134810e+02
0.20000 5.109955534477233e+02
0.20200 5.105276345859955e+02
0.20400 5.100541661526380e+02
0.20600 5.095751456900131e+02
0.20800 5.090905596330122e+02
0.21000 5.086003840476647e+02
0.21200 5.081045845209442e+02
0.21400 5.076031156820141e+02
0.21600 5.070959205736314e+02
0.21800 5.065829299697288e+02
0.22000 5.060640616827426e+02
0.22200 5.055392198841550e+02
0.22400 5.050082944552192e+02
0.22600 5.044711603836674e+02
0.22800 5.039276772228772e+02
0.23000 5.033776886311755e+02
0.23200 5.028210220102732e+02
0.23400 5.022574882629160e+02
0.23600 5.016868816906938e+02
0.23800 5.011089800535026e+02
0.24000 5.005235448122393e+02
0.24200 4.999303215759662e+02
0.24400 4.993290407739395e+02
0.24600 4.987194185714436e+02
0.24800 4.981011580463681e+02
0.25000 4.974739506408175e+02
0.25200 4.968374778987589e+02
0.25400 4.961914134968623e+02
0.25600 4.955354255711613e+02
0.25800 4.948691793371752e+02
0.26000 4.941923399956016e+02
0.26200 4.935045759097690e+02
0.26400 4.928055620348927e+02
0.26600 4.920949835726892e+02
0.26800 4.913725398186110e+02
0.27000 4.890051496751569e+02
0.27200 4.849136926866242e+02
0.27400 4.841540503769506e+02
0.27600 4.833815622244184e+02
0.27800 4.825960593802222e+02
0.28000 4.817974116335160e+02
0.28200 4.809855312133946e+02
0.28400 4.801603763372401e+02
0.28600 4.793219544389427e+02
0.28800 4.784703250119381e+02
0.29000 4.776056020047598e+02
0.29200 4.767279557107890e+02
0.29400 4.758376140991283e+02
0.29600 4.749348635397315e+02
0.29800 4.740200488831892e+02
0.30000 4.730935728635678e+02
0.30200 4.721558948016300e+02
0.30400 4.712075285955626e+02
0.30600 4.702490399976931e+02
0.30800 4.692810431892710e+02
0.31000 4.683041966830172e+02
0.31200 4.673191986067408e+02
0.31400 4.663267814538166e+02
0.31600 4.653277064298643e+02
0.31800 4.643227575796693e+02
0.32000 4.633127359380802e+02
0.32200 4.622984539943915e+02
0.32400 4.612807307505028e+02
0.32600 4.602603875155896e+02
0.32800 4.592382442030295e+02
0.33000 4.582151151434238e+02
0.33200 4.571918021893542e+02
0.33400 4.561690811808046e+02
0.33600 4.551476759720578e+02
0.33800 4.541282129608966e+02
0.34000 4.531111497158133e+02
0.34200 4.520966755121094e+02
0.34400 4.510845907130262e+02
0.34600 4.500741859425495e+02
0.34800 4.490641582866107e+02
0.35000 4.480526145160571e+02
0.35200 4.470372123697456e+02
0.35400 4.460154727397290e+02
0.35600 4.449852961043765e+02
0.35800 4.439476139781379e+02
0.36000 4.429232658178313e+02
0.36200 4.419281015302744e+02
0.36400 4.409022839602155e+02
0.36600 4.398484428422763e+02
0.36800 4.387989531833568e+02
0.37000 4.377641856463291e+02
0.37200 4.367495013912724e+02
0.37400 4.357582986336335e+02
0.37600 4.347917091152409e+02
0.37800 4.338486293112776e+02
0.38000 4.329261514428967e+02
0.38200 4.320202568730424e+02
0.38400 4.311265901625086e+02
0.38600 4.302411441029938e+02
0.38800 4.293607398424330e+02
0.39000 4.284832571920798e+02
0.39200 4.276076342918273e+02
0.39400 4.267336975968531e+02
0.39600 4.258618984936296e+02
0.39800 4.249930266068377e+02
0.40000 4.241279511808179e+02
0.40200 4.232674198417964e+02
0.40400 4.224119248339891e+02
0.40600 4.215616333408698e+02
0.40800 4.207163708442614e+02
0.41000 4.198756416369288e+02
0.41200 4.190386486673501e+02
0.41400 4.182041040245461e+02
0.41600 4.173687097689185e+02
0.41800 4.165202139561009e+02
0.42000 4.156168993271625e+02
0.42200 4.145533840091402e+02
0.42400 4.131525843805871e+02
0.42600 4.112584785698012e+02
0.42800 4.089154897603902e+02
0.43000 4.064369253391140e+02
0.43200 4.042062014351586e+02
0.43400 4.023904140338994e+02
0.43600 4.008727788782692e+02
0.43800 3.994141505334986e+02
0.44000 3.978231525546504e+02
0.44200 3.961437667460393e+02
0.44400 3.960817464498362e+02
0.44600 3.982411432289741e+02
0.44800 3.975607906570884e+02
0.45000 3.955608890874737e+02
0.45200 3.936795478364923e+02
0.45400 3.920333532628590e+02
0.45600 3.906136786894788e+02
0.45800 3.893777929523866e+02
0.46000 3.882710475301832e+02
0.46200 3.872438636171275e+02
0.46400 3.862598655567878e+02
0.46600 3.852964451506521e+02
0.46800 3.843414237059994e+02
0.47000 3.833890262242776e+02
0.47200 3.824367982304603e+02
0.47400 3.814837703140825e+02
0.47600 3.805295565614635e+02
0.47800 3.795739808364393e+02
0.48000 3.786169451795155e+02
0.48200 3.776583900429912e+02
0.48400 3.766982827646021e+02
0.48600 3.757366124441735e+02
0.48800 3.747733855648879e+02
0.49000 3.738086216943680e+02
0.49200 3.728423496354712e+02
0.49400 3.718746043314781e+02
0.49600 3.709054245976454e+02
0.49800 3.699348515879913e+02
0.50000 3.689629278357996e+02
0.50200 3.679896967001226e+02
0.50400 3.670152020764347e+02
0.50600 3.660394882655266e+02
0.50800 3.650625999283457e+02
0.51000 3.640845820811831e+02
0.51200 3.631054801044357e+02
0.51400 3.621253397505798e+02
0.51600 3.611442071444802e+02
0.51800 3.601621287734249e+02
0.52000 3.591791514665222e+02
0.52200 3.581953223640836e+02
0.52400 3.572106888780042e+02
0.52600 3.562252986441972e+02
0.52800 3.552391994680498e+02
0.53000 3.542524392637275e+02
0.53200 3.532650659880593e+02
0.53400 3.522771275696205e+02
0.53600 3.512886718335555e+02
0.53800 3.502997464226684e+02
0.54000 3.493103987152434e+02
0.54200 3.483206757400905e+02
0.54400 3.473306240892788e+02
0.54600 3.463402898290396e+02
0.54800 3.453497184093371e+02
0.55000 3.443589545725933e+02
0.55200 3.433680422620949e+02
0.55400 3.423770245305852e+02
0.55600 3.413859434495733e+02
0.55800 3.403948400198806e+02
0.56000 3.394037540839375e+02
0.56200 3.384127242403703e+02
0.56400 3.374217877613483e+02
0.56600 3.364309805132083e+02
0.56800 3.354403368808030e+02
0.57000 3.344498896960347e+02
0.57200 3.334596701709849e+02
0.57400 3.324697078360247e+02
0.57600 3.314800304832659e+02
0.57800 3.304906641156630e+02
0.58000 3.295016329020395e+02
0.58200 3.285129591382867e+02
0.58400 3.275246632149062e+02
0.58600 3.265367635910628e+02
0.58800 3.255492767752285e+02
0.59000 3.245622173124962e+02
0.59200 3.235755977785489e+02
0.59400 3.225894287802682e+02
0.59600 3.216037189628933e+02
0.59800 3.206184750236119e+02
0.60000 3.196337017314171e+02
0.60200 3.186494019530378e+02
0.60400 3.176655766846947e+02
0.60600 3.166822250894234e+02
0.60800 3.156993445396513e+02
0.61000 3.147169306647157e+02
0.61200 3.137349774029616e+02
0.61400 3.127534770580544e+02
0.61600 3.117724203591162e+02
0.61800 3.107917965243008e+02
0.62000 3.098115933273770e+02
0.62200 3.088317971669322e+02
0.62400 3.078523931377677e+02
0.62600 3.068733651040735e+02
0.62800 3.058946957739929e+02
0.63000 3.049163667751622e+02
0.63200 3.039383587308409e+02
0.63400 3.029606513362804e+02
0.63600 3.019832234349540e+02
0.63800 3.010060530943276e+02
0.64000 3.000291176808499e+02
0.64200 2.990523939338756e+02
0.64400 2.980758580382541e+02
0.64600 2.970994856953371e+02
0.64800 2.961232521921970e+02
0.65000 2.951471324688576e+02
0.65200 2.941711011833813e+02
0.65400 2.931951327746764e+02
0.65600 2.922192015229062e+02
0.65800 2.912432816074270e+02
0.66000 2.902673471621879e+02
0.66200 2.892913723285624e+02
0.66400 2.883153313055899e+02
0.66600 2.873391983976547e+02
0.66800 2.863629480596128e+02
0.67000 2.853865549394216e+02
0.67200 2.844099939183503e+02
0.67400 2.834332401488282e+02
0.67600 2.824562690900470e+02
0.67800 2.814790565414141e+02
0.68000 2.805015786739678e+02
0.68200 2.795238120599001e+02
0.68400 2.785457337002906e+02
0.68600 2.775673210512202e+02
0.68800 2.765885520483727e+02
0.69000 2.756094051302947e+02
0.69200 2.746298592604485e+02
0.69400 2.736498939481846e+02
0.69600 2.726694892688031e+02
0.69800 2.716886258828142e+02
0.70000 2.707072850545513e+02
0.70200 2.697254486702512e+02
0.70400 2.687430992557274e+02
0.70600 2.677602199937526e+02
0.70800 2.667767947412561e+02
0.71000 2.657928080464390e+02
0.71200 2.648082451658915e+02
0.71400 2.638230920818003e+02
0.71600 2.628373355193235e+02
0.71800 2.618509629641810e+02
0.72000 2.608639626805439e+02
0.72200 2.598763237292380e+02
0.72400 2.588880359863255e+02
0.72600 2.578990901620776e+02
0.72800 2.569094778203655e+02
0.73000 2.559191913984794e+02
0.73200 2.549282242273830e+02
0.73400 2.539365705523954e+02
0.73600 2.529442255542947e+02
0.73800 2.519511853708225e+02
0.74000 2.509574471185650e+02
0.74200 2.499630089151867e+02
0.74400 2.489678699019771e+02
0.74600 2.479720302666649e+02
0.74800 2.469754912664714e+02
0.75000 2.459782552513321e+02
0.75200 2.449803256872571e+02
0.75400 2.439817071797535e+02
0.75600 2.429824054972666e+02
0.75800 2.419824275945725e+02
0.76000 2.409817816360585e+02
0.76200 2.399804770188312e+02
0.76400 2.389785243955807e+02
0.76600 2.379759356971412e+02
0.76800 2.369727241546771e+02
0.77000 2.359689043214239e+02
0.77200 2.349644920939304e+02
0.77400 2.339595047327153e+02
0.77600 2.329539608822916e+02
0.77800 2.319478805904802e+02
0.78000 2.309412853269568e+02
0.78200 2.299341980009644e+02
0.78400 2.289266429781346e+02
0.78600 2.279186460963516e+02
0.78800 2.269102346806111e+02
0.79000 2.259014375568073e+02
0.79200 2.248922850644009e+02
0.79400 2.238828090679204e+02
0.79600 2.228730429672362e+02
0.79800 2.218630217065677e+02
0.80000 2.208527817821858e+02
0.80200 2.198423612487506e+02
0.80400 2.188317997242676e+02
0.80600 2.178211383936075e+02
0.80800 2.168104200105656e+02
0.81000 2.157996888984280e+02
0.81200 2.147889909490120e+02
0.81400 2.137783736201632e+02
0.81600 2.127678859316804e+02
0.81800 2.117575784596484e+02
0.82000 2.107475033291603e+02
0.82200 2.097377142054283e+02
0.82400 2.087282662832457e+02
0.82600 2.077192162748179e+02
0.82800 2.067106223959386e+02
0.83000 2.057025443505130e+02
0.83200 2.046950433134345e+02
0.83400 2.036881819117991e+02
0.83600 2.026820242044837e+02
0.83800 2.016766356600810e+02
0.84000 2.006720831332042e+02
0.84200 1.996684348391745e+02
0.84400 1.986657603271114e+02
0.84600 1.976641304514299e+02
0.84800 1.966636173417823e+02
0.85000 1.956642943714492e+02
0.85200 1.946662361242184e+02
0.85400 1.936695183597701e+02
0.85600 1.926742179775992e+02
0.85800 1.916804129795073e+02
0.86000 1.906881824306994e+02
0.86200 1.896976064195158e+02
0.86400 1.887087660158377e+02
0.86600 1.877217432282101e+02
0.86800 1.867366209597237e+02
0.87000 1.857534829626855e+02
0.87200 1.847724137921414e+02
0.87400 1.837934987582869e+02
0.87600 1.828168238778131e+02
0.87800 1.818424758242390e+02
0.88000 1.808705418772898e+02
0.88200 1.799011098713511e+02
0.88400 1.789342681430836e+02
0.88600 1.779701054782223e+02
0.88800 1.770087110576370e+02
0.89000 1.760501744027043e+02
0.89200 1.750945853200458e+02
0.89400 1.741420338456940e+02
0.89600 1.731926101887493e+02
0.89800 1.722464046745774e+02
0.90000 1.713035076876230e+02
0.90200 1.703640096138876e+02
0.90400 1.694280007831368e+02
0.90600 1.684955714109064e+02
0.90800 1.675668115403594e+02
0.91000 1.666418109840653e+02
0.91200 1.657206592657511e+02
0.91400 1.648034455621067e+02
0.91600 1.638902586446864e+02
0.91800 1.629811868219843e+02
0.92000 1.620763178817346e+02
0.92200 1.611757390335074e+02
0.92400 1.602795368516510e+02
0.92600 1.593877972186546e+02
0.92800 1.585006052689772e+02
0.93000 1.576180453334141e+02
0.93200 1.567402008840485e+02
0.93400 1.558671544798560e+02
0.93600 1.549989877130139e+02
0.93800 1.541357811559667e+02
0.94000 1.532776143093136e+02
0.94200 1.524245655505572e+02
0.94400 1.515767120837815e+02
0.94600 1.507341298902934e+02
0.94800 1.498968936802916e+02
0.95000 1.490650768455994e+02
0.95200 1.482387514135191e+02
0.95400 1.470487560378108e+02
0.95600 1.479587060404549e+02
0.95800 1.471492726672543e+02
0.96000 1.463456042792093e+02
0.96200 1.455477654308941e+02
0.96400 1.447558190613035e+02
0.96600 1.439698264566828e+02
0.96800 1.431898472147820e+02
0.97000 1.424159392105691e+02
0.97200 1.416481585634323e+02
0.97400 1.408865596058950e+02
0.97600 1.401311948538674e+02
0.97800 1.393821149784640e+02
0.98000 1.386393687793992e+02
0.98200 1.379030031599876e+02
0.98400 1.371730631037562e+02
0.98600 1.364495916526933e+02
0.98800 1.357326298871401e+02
0.99000 1.350222169073347e+02
0.99200 1.343183898166199e+02
0.99400 1.336211837063206e+02
0.99600 1.329306316422919e+02
0.99800 1.322467646531409e+02
1.00000 1.315696117201255e+02
