-1.00000 4.072424064346030e+01
-0.99800 4.103753557292685e+01
-0.99600 4.135103999635332e+01
-0.99400 4.166476066817554e+01
-0.99200 4.197870337686448e+01
-0.99000 4.229287288313160e+01
-0.98800 4.260727286080258e+01
-0.98600 4.292190584044840e+01
-0.98400 4.323677315582089e+01
-0.98200 4.355187489315522e+01
-0.98000 4.386720984336197e+01
-0.97800 4.418277545715583e+01
-0.97600 4.449856780312701e+01
-0.97400 4.481458152877458e+01
-0.97200 4.513080982449983e+01
-0.97000 4.544724439056138e+01
-0.96800 4.576387540697756e+01
-0.96600 4.608069150636019e+01
-0.96400 4.639767974965933e+01
-0.96200 4.671482560479738e+01
-0.96000 4.703211292816155e+01
-0.95800 4.734952394892549e+01
-0.95600 4.766703925618091e+01
-0.95400 4.798463778884695e+01
-0.95200 4.830229682834761e+01
-0.95000 4.861999199404640e+01
-0.94800 4.893769724145030e+01
-0.94600 4.925538486321177e+01
-0.94400 4.957302549298723e+01
-0.94200 4.989058811225266e+01
-0.94000 5.020804006022162e+01
-0.93800 5.052534704707877e+01
-0.93600 5.084247317082051e+01
-0.93400 5.115938093809026e+01
-0.93200 5.147603128953093e+01
-0.93000 5.179238363030158e+01
-0.92800 5.210839586659409e+01
-0.92600 5.242402444917998e+01
-0.92400 5.273922442523271e+01
-0.92200 5.305394949993417e+01
-0.92000 5.336815210963019e+01
-0.91800 5.368178350857176e+01
-0.91600 5.399479387156826e+01
-0.91400 5.430713241510028e+01
-0.91200 5.461874753967439e+01
-0.91000 5.492958699630653e+01
-0.90800 5.523959808005962e+01
-0.90600 5.554872785342768e+01
-0.90400 5.585692340203860e+01
-0.90200 5.616413212460042e+01
-0.90000 5.647030205817867e+01
-0.89800 5.677538223873150e+01
-0.89600 5.707932309533412e+01
-0.89400 5.738207687463746e+01
-0.89200 5.768359808987022e+01
-0.89000 5.798384398610145e+01
-0.88800 5.828277501061748e+01
-0.88600 5.858035527419492e+01
-0.88400 5.887655298591599e+01
-0.88200 5.917134084111824e+01
-0.88000 5.946469633933172e+01
-0.87800 5.975660200678634e+01
-0.87600 6.004704549661036e+01
-0.87400 6.033601953939882e+01
-0.87200 6.062352171791127e+01
-0.87000 6.090955404396277e+01
-0.86800 6.119412233134649e+01
-0.86600 6.147723542412809e+01
-0.86400 6.175890460751431e+01
-0.86200 6.203914450874026e+01
-0.86000 6.231797986593272e+01
-0.85800 6.259547051450321e+01
-0.85600 6.287178328166267e+01
-0.85400 6.314736297061843e+01
-0.85200 6.342326704868592e+01
-0.85000 6.370168364286420e+01
-0.84800 6.398649340115252e+01
-0.84600 6.428347263968301e+01
-0.84400 6.459954505962580e+01
-0.84200 6.494069392201453e+01
-0.84000 6.530892839757696e+01
-0.83800 6.569970970960465e+01
-0.83600 6.610161637970276e+01
-0.83400 6.649908984935730e+01
-0.83200 6.687724054103164e+01
-0.83000 6.722630082625149e+01
-0.82800 6.754355714633785e+01
-0.82600 6.783226651219370e+01
-0.82400 6.809878307463212e+01
-0.82200 6.834968651965943e+01
-0.82000 6.859006506598402e+01
-0.81800 6.882308607347677e+01
-0.81600 6.905035543364006e+01
-0.81400 6.927250029992436e+01
-0.81200 6.948964750879971e+01
-0.81000 6.970171382934240e+01
-0.80800 6.990854861603077e+01
-0.80600 7.010999307563222e+01
-0.80400 7.030590174156939e+01
-0.80200 7.049614945987139e+01
-0.80000 7.068063338806944e+01
-0.79800 7.085927324162525e+01
-0.79600 7.103201074936233e+01
-0.79400 7.119880860027430e+01
-0.79200 7.135964899783380e+01
-0.79000 7.151453190729191e+01
-0.78800 7.166347307892634e+01
-0.78600 7.180650193005006e+01
-0.78400 7.194365936594760e+01
-0.78200 7.207499561417072e+01
-0.78000 7.220056813839315e+01
-0.77800 7.232043968781143e+01
-0.77600 7.243467652667452e+01
-0.77400 7.254334687657969e+01
-0.77200 7.264651959235535e+01
-0.77000 7.274426308115586e+01
-0.76800 7.283664446434862e+01
-0.76600 7.292372897312931e+01
-0.76400 7.300557956180491e+01
-0.76200 7.308225671741822e+01
-0.76000 7.315381844080808e+01
-0.75800 7.322032037224400e+01
-0.75600 7.328181603422408e+01
-0.75400 7.333835716470726e+01
-0.75200 7.338999411567877e+01
-0.75000 7.343677629430331e+01
-0.74800 7.347875262675032e+01
-0.74600 7.351597202783725e+01
-0.74400 7.354848386279585e+01
-0.74200 7.357633839048799e+01
-0.74000 7.359958718024464e+01
-0.73800 7.361828349701801e+01
-0.73600 7.363248265172668e+01
-0.73400 7.364224231548296e+01
-0.73200 7.364762279785194e+01
-0.73000 7.364868729036377e+01
-0.72800 7.364550207731430e+01
-0.72600 7.363813671638705e+01
-0.72400 7.362666419191251e+01
-0.72200 7.361116104369277e+01
-0.72000 7.359170747426133e+01
-0.71800 7.356838743732746e+01
-0.71600 7.354128870992176e+01
-0.71400 7.351050295052390e+01
-0.71200 7.347612574517834e+01
-0.71000 7.343825664332611e+01
-0.70800 7.339699918483026e+01
-0.70600 7.335246091942615e+01
-0.70400 7.330475341961005e+01
-0.70200 7.325399228778977e+01
-0.70000 7.320029715835841e+01
-0.69800 7.314379169520797e+01
-0.69600 7.308460358509782e+01
-0.69400 7.302286452717613e+01
-0.69200 7.295871021890841e+01
-0.69000 7.289228033857775e+01
-0.68800 7.282371852449728e+01
-0.68600 7.275317235102632e+01
-0.68400 7.268079330146379e+01
-0.68200 7.260673673787149e+01
-0.68000 7.253116186785736e+01
-0.67800 7.245423170835954e+01
-0.67600 7.237611304643846e+01
-0.67400 7.229697639710771e+01
-0.67200 7.221699595821406e+01
-0.67000 7.213634956238613e+01
-0.66800 7.205521862606707e+01
-0.66600 7.197378809565343e+01
-0.66400 7.189224639076158e+01
-0.66200 7.181078534464827e+01
-0.66000 7.172960014180994e+01
-0.65800 7.164888925279487e+01
-0.65600 7.156885436627145e+01
-0.65400 7.148970031837736e+01
-0.65200 7.141163501941418e+01
-0.65000 7.133486937792190e+01
-0.64800 7.125961722219645e+01
-0.64600 7.123321174051755e+01
-0.64400 7.116163931290697e+01
-0.64200 7.109223855259819e+01
-0.64000 7.102523413315264e+01
-0.63800 7.096085321941553e+01
-0.63600 7.089932537515480e+01
-0.63400 7.084036998450740e+01
-0.63200 2.781020072736267e+01
-0.63000 2.775862975371030e+01
-0.62800 2.771085446147901e+01
-0.62600 2.766711267433653e+01
-0.62400 2.762764630531698e+01
-0.62200 2.759269897000094e+01
-0.62000 2.756251588142358e+01
-0.61800 2.753734374401771e+01
-0.61600 2.751743064673846e+01
-0.61400 2.750302595554698e+01
-0.61200 2.749438020540623e+01
-0.61000 2.749174499358342e+01
-0.60800 2.749537375862224e+01
-0.60600 2.750568248355025e+01
-0.60400 2.753238074695295e+01
-0.60200 2.774661444459363e+01
-0.60000 2.900133289008996e+01
-0.59800 3.166016345590188e+01
-0.59600 3.356325729086743e+01
-0.59400 3.400148909987986e+01
-0.59200 3.393235908075025e+01
-0.59000 3.365181720100801e+01
-0.58800 3.323199589847430e+01
-0.58600 3.285404533203727e+01
-0.58400 3.266769261346769e+01
-0.58200 3.266571884965646e+01
-0.58000 3.275894736215416e+01
-0.57800 3.288491913310596e+01
-0.57600 3.302381995313049e+01
-0.57400 3.317310257525402e+01
-0.57200 3.333311710604637e+01
-0.57000 3.350421392979742e+01
-0.56800 3.368665921082328e+01
-0.56600 3.388070246809415e+01
-0.56400 3.408659032604407e+01
-0.56200 3.430456772904348e+01
-0.56000 3.453487786269888e+01
-0.55800 3.477776198409974e+01
-0.55600 3.503345923267240e+01
-0.55400 3.530220642208643e+01
-0.55200 3.558423781069691e+01
-0.55000 3.587978484777653e+01
-0.54800 3.618907589256631e+01
-0.54600 3.651233590297983e+01
-0.54400 3.684978609044031e+01
-0.54200 3.720164353691383e+01
-0.54000 3.756812076959163e+01
-0.53800 3.794942528777716e+01
-0.53600 3.834575903534003e+01
-0.53400 3.875731781041636e+01
-0.53200 3.918429060182964e+01
-0.53000 3.962685883888555e+01
-0.52800 4.008519553765854e+01
-0.52600 4.055946432274879e+01
-0.52400 4.104981829878211e+01
-0.52200 4.155639874098185e+01
-0.52000 4.207933356942002e+01
-0.51800 4.261873556773677e+01
-0.51600 4.317470030520278e+01
-0.51400 4.374730372221457e+01
-0.51200 1.367382893118402e+02
-0.51000 1.373443050746676e+02
-0.50800 1.379670397460211e+02
-0.50600 1.386064589866814e+02
-0.50400 1.392624911039318e+02
-0.50200 1.399350226165977e+02
-0.50000 1.406238938029733e+02
-0.49800 1.413288944680383e+02
-0.49600 1.420497602329214e+02
-0.49400 1.427861697125146e+02
-0.49200 1.435377429992435e+02
-0.49000 1.443040419038771e+02
-0.48800 1.450845724092720e+02
-0.48600 1.458787897620350e+02
-0.48400 1.466861065540578e+02
-0.48200 1.475059040273693e+02
-0.48000 1.483375466725162e+02
-0.47800 1.491803999882824e+02
-0.47600 1.500338510396557e+02
-0.47400 1.508973312071120e+02
-0.47200 1.517703402830451e+02
-0.47000 1.526524708624201e+02
-0.46800 1.535434318165653e+02
-0.46600 1.544430695515320e+02
-0.46400 1.553513857509851e+02
-0.46200 1.562685503968992e+02
-0.46000 1.571949090498072e+02
-0.45800 1.581309836455378e+02
-0.45600 1.590774664101321e+02
-0.45400 1.600352068845769e+02
-0.45200 1.610051924566770e+02
-0.45000 1.619885231870610e+02
-0.44800 1.629863820591145e+02
-0.44600 1.640000020516403e+02
-0.44400 1.650306316076647e+02
-0.44200 1.660795001408904e+02
-0.44000 1.671477851798676e+02
-0.43800 1.682365826051614e+02
-0.43600 1.693468812011864e+02
-0.43400 1.704795424428032e+02
-0.43200 1.716352860926555e+02
-0.43000 1.728146818256012e+02
-0.42800 1.740181467481213e+02
-0.42600 1.752459483670526e+02
-0.42400 1.764982123026593e+02
-0.42200 1.777749338495861e+02
-0.42000 1.790759923727223e+02
-0.41800 1.804011674844830e+02
-0.41600 1.817501559804273e+02
-0.41400 1.831225886017162e+02
-0.41200 1.845180458323459e+02
-0.41000 1.859360721107447e+02
-0.40800 1.873761880232263e+02
-0.40600 1.888379002354449e+02
-0.40400 1.477654331630896e+02
-0.40200 1.492688380526862e+02
-0.40000 1.507923407151548e+02
-0.39800 1.523354468267025e+02
-0.39600 1.538976661803819e+02
-0.39400 1.554785118421858e+02
-0.39200 1.570774986405076e+02
-0.39000 1.586941413180554e+02
-0.38800 1.603279526285783e+02
-0.38600 1.619784416045685e+02
-0.38400 1.636451121623297e+02
-0.38200 1.653274621523849e+02
-0.38000 1.670249829100043e+02
-0.37800 1.687371593151179e+02
-0.37600 1.704634703344775e+02
-0.37400 1.722033899919896e+02
-0.37200 1.739563886952129e+02
-0.37000 1.757219348361980e+02
-0.36800 1.774994965817021e+02
-0.36600 1.792885437700768e+02
-0.36400 1.810885498381970e+02
-0.36200 1.828989937105445e+02
-0.36000 1.847193615927640e+02
-0.35800 1.865491486228022e+02
-0.35600 1.883878603435391e+02
-0.35400 1.902350139709873e+02
-0.35200 1.920901394415006e+02
-0.35000 1.939527802297554e+02
-0.34800 1.958224939364557e+02
-0.34600 1.976988526507947e+02
-0.34400 1.995814430977007e+02
-0.34200 2.014698665838713e+02
-0.34000 2.033637387596391e+02
-0.33800 2.052626892159327e+02
-0.33600 2.071663609370439e+02
-0.33400 2.090744096307163e+02
-0.33200 2.109865029573211e+02
-0.33000 2.129023196796178e+02
-0.32800 2.148215487539528e+02
-0.32600 2.167438883827656e+02
-0.32400 2.186690450470010e+02
-0.32200 2.205967325356010e+02
-0.32000 2.225266709876243e+02
-0.31800 2.244585859608854e+02
-0.31600 2.263922075392481e+02
-0.31400 2.283272694890106e+02
-0.31200 2.302635084731001e+02
-0.31000 2.322006633301997e+02
-0.30800 2.341384744243628e+02
-0.30600 2.360766830692904e+02
-0.30400 2.380150310301383e+02
-0.30200 2.399532601045758e+02
-0.30000 2.418911117838425e+02
-0.29800 2.438283269937085e+02
-0.29600 2.457646459145590e+02
-0.29400 2.476998078793361e+02
-0.29200 2.504816689598291e+02
-0.29000 2.524137315868597e+02
-0.28800 2.543438502634710e+02
-0.28600 2.553752927944457e+02
-0.28400 2.572985282755921e+02
-0.28200 2.592212330014639e+02
-0.28000 2.611409393494688e+02
-0.27800 2.630573849743328e+02
-0.27600 2.649703089954708e+02
-0.27400 2.668794525935248e+02
-0.27200 2.687845596755320e+02
-0.27000 2.706853776103580e+02
-0.26800 2.725816580362999e+02
-0.26600 2.744731577429226e+02
-0.26400 2.763596396290685e+02
-0.26200 2.782408737385695e+02
-0.26000 2.801166383744425e+02
-0.25800 2.819867212911494e+02
-0.25600 2.838509209628266e+02
-0.25400 2.857090479232382e+02
-0.25200 2.875609261704188e+02
-0.25000 2.894063946256981e+02
-0.24800 2.912453086328970e+02
-0.24600 2.930775414790952e+02
-0.24400 2.949029859135168e+02
-0.24200 2.967215556358664e+02
-0.24000 2.985331867200343e+02
-0.23800 3.003378389336567e+02
-0.23600 3.021354969087860e+02
-0.23400 3.039261711141409e+02
-0.23200 3.057098985753939e+02
-0.23000 3.074867432869877e+02
-0.22800 3.087898696001393e+02
-0.22600 3.105532484725570e+02
-0.22400 3.123100966653099e+02
-0.22200 3.140605819803666e+02
-0.22000 3.158048946355740e+02
-0.21800 3.175432446858444e+02
-0.21600 3.192758588116867e+02
-0.21400 3.210029764715633e+02
-0.21200 3.227248454416830e+02
-0.21000 3.244417168145744e+02
-0.20800 3.261538396244704e+02
-0.20600 3.278614554791625e+02
-0.20400 3.295647940451066e+02
-0.20200 3.312640712288418e+02
-0.20000 3.329594939033864e+02
-0.19800 3.346512787804812e+02
-0.19600 3.363396994615967e+02
-0.19400 3.380251856098142e+02
-0.19200 3.397085114404679e+02
-0.19000 3.413911249260777e+02
-0.18800 3.430756779224760e+02
-0.18600 3.447668095262517e+02
-0.18400 3.464721951576141e+02
-0.18200 3.482037881314419e+02
-0.18000 3.499790458953242e+02
-0.17800 3.518217702015558e+02
-0.17600 3.537620518884647e+02
-0.17400 3.558347771484540e+02
-0.17200 3.580763068281737e+02
-0.17000 3.605193269623312e+02
-0.16800 3.631864444193370e+02
-0.16600 3.660837147370823e+02
-0.16400 3.691957079815820e+02
-0.16200 3.724837139325623e+02
-0.16000 3.758881459419222e+02
-0.15800 3.793352088527929e+02
-0.15600 3.827467391037512e+02
-0.15400 3.860511996249600e+02
-0.15200 3.891934576042754e+02
-0.15000 3.921413229466809e+02
-0.14800 3.948877459755083e+02
-0.14600 3.974487259144860e+02
-0.14400 3.998579732005761e+02
-0.14200 4.021599118857034e+02
-0.14000 4.044026197153714e+02
-0.13800 4.066318981642589e+02
-0.13600 4.088870712870108e+02
-0.13400 4.111985605814293e+02
-0.13200 4.135869207973345e+02
-0.13000 4.160628865494352e+02
-0.12800 4.186280226029645e+02
-0.12600 4.212757034224885e+02
-0.12400 4.239922871470642e+02
-0.12200 4.267584440403321e+02
-0.12000 4.295506342040169e+02
-0.11800 4.323427152866151e+02
-0.11600 4.351076221116475e+02
-0.11400 4.378190210748892e+02
-0.11200 4.404528202255718e+02
-0.11000 4.429884187644135e+02
-0.10800 4.454096058695381e+02
-0.10600 4.477050606960706e+02
-0.10400 4.498684527664295e+02
-0.10200 4.518981849539034e+02
-0.10000 4.537968528081882e+02
-0.09800 4.555705108063183e+02
-0.09600 4.572278385635875e+02
-0.09400 4.587792910127227e+02
-0.09200 4.602363001852362e+02
-0.09000 4.616105766356358e+02
-0.08800 4.629135390591964e+02
-0.08600 4.641558834624315e+02
-0.08400 4.653472894825213e+02
-0.08200 4.664962514471196e+02
-0.08000 4.676100153486012e+02
-0.07800 4.686945996429400e+02
-0.07600 4.697548771204314e+02
-0.07400 4.707946964358129e+02
-0.07200 4.718170246236155e+02
-0.07000 4.728240954796434e+02
-0.06800 4.738175525376440e+02
-0.06600 4.747985790815920e+02
-0.06400 4.757680108972000e+02
-0.06200 4.767264300986796e+02
-0.06000 4.776742403045822e+02
-0.05800 4.786117247115557e+02
-0.05600 4.795390893222283e+02
-0.05400 4.804564938503289e+02
-0.05200 4.813640727848784e+02
-0.05000 4.822619488644884e+02
-0.04800 4.831502408876478e+02
-0.04600 4.840290674339319e+02
-0.04400 4.848985477377930e+02
-0.04200 4.857588006648571e+02
-0.04000 4.866099424991501e+02
-0.03800 4.874520840582193e+02
-0.03600 4.882853275060190e+02
-0.03400 4.891097631231179e+02
-0.03200 4.899254662124777e+02
-0.03000 4.907324942597019e+02
-0.02800 4.915308844237918e+02
-0.02600 4.923206514035513e+02
-0.02400 4.931017857027817e+02
-0.02200 4.938742523019112e+02
-0.02000 4.946379897330833e+02
-0.01800 4.953929095487082e+02
-0.01600 4.961388961691155e+02
-0.01400 4.968758070926022e+02
-0.01200 4.976034734499702e+02
-0.01000 4.983217008854081e+02
-0.00800 4.990302707456041e+02
-0.00600 4.997289415589923e+02
-0.00400 5.004174507869594e+02
-0.00200 5.010954976313848e+02
0.00000 5.034054367799595e+02
0.00200 5.040634149915947e+02
0.00400 5.047083060463477e+02
0.00600 5.053414846627109e+02
0.00800 5.059626113516897e+02
0.01000 5.065713436495407e+02
0.01200 5.071673392176575e+02
0.01400 5.077502589725210e+02
0.01600 5.083197702073940e+02
0.01800 5.088755496665201e+02
0.02000 5.094172865329930e+02
0.02200 5.099446852931694e+02
0.02400 5.104574684438969e+02
0.02600 5.109553790143553e+02
0.02800 5.114381828819031e+02
0.03000 5.119056708715014e+02
0.03200 5.123576606407389e+02
0.03400 5.127939983671456e+02
0.03600 5.132145602704283e+02
0.03800 5.136192540184231e+02
0.04000 5.140080200796800e+02
0.04200 5.143808330951106e+02
0.04400 5.181425050642709e+02
0.04600 5.184834800789175e+02
0.04800 5.188086464665180e+02
0.05000 5.191181318997665e+02
0.05200 5.194121072230844e+02
0.05400 5.196907885054413e+02
0.05600 5.199544387819965e+02
0.05800 5.202033691220240e+02
0.06000 5.204379385670168e+02
0.06200 5.206585524168238e+02
0.06400 5.208656583228778e+02
0.06600 5.210597396947585e+02
0.06800 5.212413060536456e+02
0.07000 5.214108801794570e+02
0.07200 5.215689821916208e+02
0.07400 5.217161110561899e+02
0.07600 5.218527243903526e+02
0.07800 5.219792177933531e+02
0.08000 5.220959052181225e+02
0.08200 5.222030020590872e+02
0.08400 5.223006126268170e+02
0.08600 5.223887234853696e+02
0.08800 5.224672037435417e+02
0.09000 5.225358128444097e+02
0.09200 5.225942157419670e+02
0.09400 5.226420046628257e+02
0.09600 5.226787260083149e+02
0.09800 5.227039104392821e+02
0.10000 5.227171038688933e+02
0.10200 5.227178970091918e+02
0.10400 5.227059512844148e+02
0.10600 5.226810193145290e+02
0.10800 5.226429587331914e+02
0.11000 5.225917387620426e+02
0.11200 5.225274396358950e+02
0.11400 5.224502455822176e+02
0.11600 5.223604325396452e+02
0.11800 5.222583521125835e+02
0.12000 5.221444133879691e+02
0.12200 5.220190641972779e+02
0.12400 5.218827732266171e+02
0.12600 5.217360141106228e+02
0.12800 5.215792523509283e+02
0.13000 5.214129356330353e+02
0.13200 5.212374879162880e+02
0.13400 5.210533075447054e+02
0.13600 5.208607695270285e+02
0.13800 5.206602319861950e+02
0.14000 5.204520466091576e+02
0.14200 5.202365733133412e+02
0.14400 5.200142024149450e+02
0.14600 5.197853983619279e+02
0.14800 5.195508048144885e+02
0.15000 5.193114919372089e+02
0.15200 5.190694534824128e+02
0.15400 5.188283898693202e+02
0.15600 5.185945380583362e+02
0.15800 5.183768518252433e+02
0.16000 5.181855430313590e+02
0.16200 5.180284642771046e+02
0.16400 5.179062949706057e+02
0.16600 5.178091598309929e+02
0.16800 5.177174935140636e+02
0.17000 5.176077620624353e+02
0.17200 5.174603738639573e+02
0.17400 5.172654980789641e+02
0.17600 5.170240266718756e+02
0.17800 5.167441936855231e+02
0.18000 5.164366545199121e+02
0.18200 5.161107246684534e+02
0.18400 5.157728207443940e+02
0.18600 5.154266179652707e+02
0.18800 5.150739179463702e+02
0.19000 5.147154933184610e+02
0.19200 5.143516400465070e+02
0.19400 5.139824602451192e+02
0.19600 5.136079825545468e+02
0.19800 5.132282064793397e+02
0.20000 5.128431171226334e+02
0.20200 5.124526897969802e+02
0.20400 5.120568913624821e+02
0.20600 5.116556804521282e+02
0.20800 5.112490072577339e+02
0.21000 5.108368131104182e+02
0.21200 5.104190299515585e+02
0.21400 5.099955797395055e+02
0.21600 5.095663738164645e+02
0.21800 5.091313122517301e+02
0.22000 5.086902831748929e+02
0.22200 5.082431621127365e+02
0.22400 5.077898113445729e+02
0.22600 5.073300792922976e+02
0.22800 5.068637999629314e+02
0.23000 5.063907924628992e+02
0.23200 5.059108606045743e+02
0.23400 5.054237926266577e+02
0.23600 5.049293610507224e+02
0.23800 5.044273226966681e+02
0.24000 5.039174188797566e+02
0.24200 5.033993758114973e+02
0.24400 5.028729052255634e+02
0.24600 5.023377052484258e+02
0.24800 5.017934615322008e+02
0.25000 5.012398486644498e+02
0.25200 5.006765318663291e+02
0.25400 5.001031689864226e+02
0.25600 4.995194127931238e+02
0.25800 4.989249135632463e+02
0.26000 4.983193219590107e+02
0.26200 4.977022921796000e+02
0.26400 4.970734853671887e+02
0.26600 4.964325732409957e+02
0.26800 4.957792419264080e+02
0.27000 4.884048301381800e+02
0.27200 4.872756244170463e+02
0.27400 4.865833567379274e+02
0.27600 4.858776394803236e+02
0.27800 4.851582919926129e+02
0.28000 4.844251725086683e+02
0.28200 4.836781819448170e+02
0.28400 4.829172674444180e+02
0.28600 4.821424256034274e+02
0.28800 4.813537053117799e+02
0.29000 4.805512101481366e+02
0.29200 4.797351002696180e+02
0.29400 4.789055937433136e+02
0.29600 4.780629672726408e+02
0.29800 4.772075562788490e+02
0.30000 4.763397543060672e+02
0.30200 4.754600117271190e+02
0.30400 4.745688337373206e+02
0.30600 4.736667776347847e+02
0.30800 4.727544493995188e+02
0.31000 4.718324996014401e+02
0.31200 4.709016186912713e+02
0.31400 4.699625317612438e+02
0.31600 4.690159929065991e+02
0.31800 4.680627793741132e+02
0.32000 4.671036857438183e+02
0.32200 4.661395184349368e+02
0.32400 4.651710908142887e+02
0.32600 4.641992190391335e+02
0.32800 4.632247183716019e+02
0.33000 4.622483989186530e+02
0.33200 4.612710584654339e+02
0.33400 4.602934683007437e+02
0.33600 4.593163460019139e+02
0.33800 4.583403078535075e+02
0.34000 4.573657942784538e+02
0.34200 4.563929660704106e+02
0.34400 4.554215787321077e+02
0.34600 4.544508568144393e+02
0.34800 4.534794070988119e+02
0.35000 4.525052227186710e+02
0.35200 4.515258313657810e+02
0.35400 4.505386217455467e+02
0.35600 4.495413826729575e+02
0.35800 4.485350026465702e+02
0.36000 4.475402822251388e+02
0.36200 4.465729852585050e+02
0.36400 4.455738617006378e+02
0.36600 4.445455724153049e+02
0.36800 4.435207293420850e+02
0.37000 4.425100655490306e+02
0.37200 4.415192182598115e+02
0.37400 4.405517854177092e+02
0.37600 4.396090045349064e+02
0.37800 4.386897800316339e+02
0.38000 4.377911271129848e+02
0.38200 4.369088898282392e+02
0.38400 4.360385446875027e+02
0.38600 4.351759135024637e+02
0.38800 4.343176648279788e+02
0.39000 4.334615569841789e+02
0.39200 4.326064421409862e+02
0.39400 4.317520943352493e+02
0.39600 4.308989402590602e+02
0.39800 4.300477652372446e+02
0.40000 4.291994475076509e+02
0.40200 4.283547510978246e+02
0.40400 4.275141877472810e+02
0.40600 4.266779444207091e+02
0.40800 4.258458650862866e+02
0.41000 4.250174705743755e+02
0.41200 4.241919788072867e+02
0.41400 4.233681194618732e+02
0.41600 4.225426367130329e+02
0.41800 4.217034240261703e+02
0.42000 4.208091834237123e+02
0.42200 4.197553502248998e+02
0.42400 4.183656884345459e+02
0.42600 4.164840210347695e+02
0.42800 4.141530028563716e+02
0.43000 4.116837629881854e+02
0.43200 4.094591906166112e+02
0.43400 4.076478975150306e+02
0.43600 4.061351875365441e+02
0.43800 4.046833321898740e+02
0.44000 4.031015195400647e+02
0.44200 4.014289008830119e+02
0.44400 4.013417802813320e+02
0.44600 4.035085053709990e+02
0.44800 4.028675642158638e+02
0.45000 4.008825688958706e+02
0.45200 3.990101683970780e+02
0.45400 3.973691272923503e+02
0.45600 3.959509887984148e+02
0.45800 3.947135935196483e+02
0.46000 3.936030147637959e+02
0.46200 3.925703275283605e+02
0.46400 3.915796380156585e+02
0.46600 3.906086412298082e+02
0.46800 3.896453262754325e+02
0.47000 3.886840025425201e+02
0.47200 3.877222564289956e+02
0.47400 3.867591397785732e+02
0.47600 3.857942802101616e+02
0.47800 3.848275124631101e+02
0.48000 3.838587486679746e+02
0.48200 3.828879391867019e+02
0.48400 3.819150612571003e+02
0.48600 3.809401139102681e+02
0.48800 3.799631135983817e+02
0.49000 3.789840898943503e+02
0.49200 3.780030816395280e+02
0.49400 3.770201338454985e+02
0.49600 3.760352954221639e+02
0.49800 3.750486176410267e+02
0.50000 3.740601531721919e+02
0.50200 3.730699555273738e+02
0.50400 3.720780787670914e+02
0.50600 3.710845773661200e+02
0.50800 3.700895061649630e+02
0.51000 3.690929203617017e+02
0.51200 3.680948755175062e+02
0.51400 3.670954275613968e+02
0.51600 3.660946327874214e+02
0.51800 3.650925478416271e+02
0.52000 3.640892296984609e+02
0.52200 3.630847356272238e+02
0.52400 3.620791231496005e+02
0.52600 3.610724499893079e+02
0.52800 3.600647740148418e+02
0.53000 3.590561531761410e+02
0.53200 3.580466454359071e+02
0.53400 3.570363086961860e+02
0.53600 3.560252007207657e+02
0.53800 3.550133790539080e+02
0.54000 3.540009009358769e+02
0.54200 3.529878232157629e+02
0.54400 3.519742022620485e+02
0.54600 3.509600938714191e+02
0.54800 3.499455531762845e+02
0.55000 3.489306345515319e+02
0.55200 3.479153915209944e+02
0.55400 3.468998766641704e+02
0.55600 3.458841415237029e+02
0.55800 3.448682365141379e+02
0.56000 3.438522108324921e+02
0.56200 3.428361123711255e+02
0.56400 3.418199876334341e+02
0.56600 3.408038816528333e+02
0.56800 3.397878379155163e+02
0.57000 3.387718982874082e+02
0.57200 3.377561029457532e+02
0.57400 3.367404903157013e+02
0.57600 3.357250970122562e+02
0.57800 3.347099577878938e+02
0.58000 3.336951054861290e+02
0.58200 3.326805710012575e+02
0.58400 3.316663832444747e+02
0.58600 3.306525691164978e+02
0.58800 3.296391534868164e+02
0.59000 3.286261591796064e+02
0.59200 3.276136069663253e+02
0.59400 3.266015155649544e+02
0.59600 3.255899016458114e+02
0.59800 3.245787798438037e+02
0.60000 3.235681627769715e+02
0.60200 3.225580610711164e+02
0.60400 3.215484833902789e+02
0.60600 3.205394364727945e+02
0.60800 3.195309251726503e+02
0.61000 3.185229525057710e+02
0.61200 3.175155197009443e+02
0.61400 3.165086262549721e+02
0.61600 3.155022699916838e+02
0.61800 3.144964471244127e+02
0.62000 3.134911523215239e+02
0.62200 3.124863787745974e+02
0.62400 3.114821182688376e+02
0.62600 3.104783612553116e+02
0.62800 3.094750969246100e+02
0.63000 3.084723132815317e+02
0.63200 3.074699972204097e+02
0.63400 3.064681346007134e+02
0.63600 3.054667103225661e+02
0.63800 3.044657084018504e+02
0.64000 3.034651120445848e+02
0.64200 3.024649037202806e+02
0.64400 3.014650652340188e+02
0.64600 3.004655777969962e+02
0.64800 2.994664220953271e+02
0.65000 2.984675783569183e+02
0.65200 2.974690264162466e+02
0.65400 2.964707457768985e+02
0.65600 2.954727156717752e+02
0.65800 2.944749151208631e+02
0.66000 2.934773229865181e+02
0.66200 2.924799180262235e+02
0.66400 2.914826789428125e+02
0.66600 2.904855844321540e+02
0.66800 2.894886132283446e+02
0.67000 2.884917441464357e+02
0.67200 2.874949561227747e+02
0.67400 2.864982282530339e+02
0.67600 2.855015398280128e+02
0.67800 2.845048703673367e+02
0.68000 2.835081996511416e+02
0.68200 2.825115077498969e+02
0.68400 2.815147750524717e+02
0.68600 2.805179822925934e+02
0.68800 2.795211105738408e+02
0.69000 2.785241413932949e+02
0.69200 2.775270566640135e+02
0.69400 2.765298387364534e+02
0.69600 2.755324704189782e+02
0.69800 2.745349349976050e+02
0.70000 2.735372162550991e+02
0.70200 2.725392984895630e+02
0.70400 2.715411665326233e+02
0.70600 2.705428057673427e+02
0.70800 2.695442021459548e+02
0.71000 2.685453422075278e+02
0.71200 2.675462130956349e+02
0.71400 2.665468025761334e+02
0.71600 2.655470990551015e+02
0.71800 2.645470915970172e+02
0.72000 2.635467699432223e+02
0.72200 2.625461245307247e+02
0.72400 2.615451465113689e+02
0.72600 2.605438277714121e+02
0.72800 2.595421609515219e+02
0.73000 2.585401394672020e+02
0.73200 2.575377575296629e+02
0.73400 2.565350101671252e+02
0.73600 2.555318932465419e+02
0.73800 2.545284034957332e+02
0.74000 2.535245385259059e+02
0.74200 2.525202968545167e+02
0.74400 2.515156779284665e+02
0.74600 2.505106821475649e+02
0.74800 2.495053108882324e+02
0.75000 2.484995665273887e+02
0.75200 2.474934524664741e+02
0.75400 2.464869731555488e+02
0.75600 2.454801341174114e+02
0.75800 2.444729419716839e+02
0.76000 2.434654044587834e+02
0.76200 2.424575304637392e+02
0.76400 2.414493300397651e+02
0.76600 2.404408144315489e+02
0.76800 2.394319960981653e+02
0.77000 2.384228887355672e+02
0.77200 2.374135072985735e+02
0.77400 2.364038680223001e+02
0.77600 2.353939884429546e+02
0.77800 2.343838874179459e+02
0.78000 2.333735851452319e+02
0.78200 2.323631031818491e+02
0.78400 2.313524644615644e+02
0.78600 2.303416933115882e+02
0.78800 2.293308154682881e+02
0.79000 2.283198580918583e+02
0.79200 2.273088497798786e+02
0.79400 2.262978205797215e+02
0.79600 2.252868019997547e+02
0.79800 2.242758270192939e+02
0.80000 2.232649300972607e+02
0.80200 2.222541471795089e+02
0.80400 2.212435157047695e+02
0.80600 2.202330746091920e+02
0.80800 2.192228643294412e+02
0.81000 2.182129268043158e+02
0.81200 2.172033054748684e+02
0.81400 2.161940452829990e+02
0.81600 2.151851926684883e+02
0.81800 2.141767955644773e+02
0.82000 2.131689033913422e+02
0.82200 2.121615670489811e+02
0.82400 2.111548389074804e+02
0.82600 2.101487727961598e+02
0.82800 2.091434239909940e+02
0.83000 2.081388492003958e+02
0.83200 2.071351065493720e+02
0.83400 2.061322555620483e+02
0.83600 2.051303571425649e+02
0.83800 2.041294735543561e+02
0.84000 2.031296683978233e+02
0.84200 2.021310065864049e+02
0.84400 2.011335543210664e+02
0.84600 2.001373790632287e+02
0.84800 1.991425495061453e+02
0.85000 1.981491355447576e+02
0.85200 1.971572082440519e+02
0.85400 1.961668398059403e+02
0.85600 1.951781035346954e+02
0.85800 1.941910738009770e+02
0.86000 1.932058260044674e+02
0.86200 1.922224365351670e+02
0.86400 1.912409827333788e+02
0.86600 1.902615428484167e+02
0.86800 1.892841959960880e+02
0.87000 1.883090221149818e+02
0.87200 1.873361019216161e+02
0.87400 1.863655168644838e+02
0.87600 1.853973490770440e+02
0.87800 1.844316813297114e+02
0.88000 1.834685969808903e+02
0.88200 1.825081799271063e+02
0.88400 1.815505145522874e+02
0.88600 1.805956856762464e+02
0.88800 1.796437785024236e+02
0.89000 1.786948785649413e+02
0.89200 1.777490716750290e+02
0.89400 1.768064438668781e+02
0.89600 1.758670813429798e+02
0.89800 1.749310704190112e+02
0.90000 1.739984974683242e+02
0.90200 1.730694488660982e+02
0.90400 1.721440109332219e+02
0.90600 1.712222698799586e+02
0.90800 1.703043117494556e+02
0.91000 1.693902223611714e+02
0.91200 1.684800872542608e+02
0.91400 1.675739916310000e+02
0.91600 1.666720203002998e+02
0.91800 1.657742576213747e+02
0.92000 1.648807874476213e+02
0.92200 1.639916930707755e+02
0.92400 1.631070571654031e+02
0.92600 1.622269617337817e+02
0.92800 1.613514880512370e+02
0.93000 1.604807166119907e+02
0.93200 1.596147270755726e+02
0.93400 1.587535982138600e+02
0.93600 1.578974078587969e+02
0.93800 1.570462328508462e+02
0.94000 1.562001489882315e+02
0.94200 1.553592309770180e+02
0.94400 1.545235523820834e+02
0.94600 1.536931855790366e+02
0.94800 1.528682017071160e+02
0.95000 1.520486706231354e+02
0.95200 1.512346608565042e+02
0.95400 1.500587737840662e+02
0.95600 1.509792760227384e+02
0.95800 1.501822274598896e+02
0.96000 1.493909601987830e+02
0.96200 1.486055354980543e+02
0.96400 1.478260130441675e+02
0.96600 1.470524509151631e+02
0.96800 1.462849055457888e+02
0.97000 1.455234316940541e+02
0.97200 1.447680824092284e+02
0.97400 1.440189090013156e+02
0.97600 1.432759610120230e+02
0.97800 1.425392861872531e+02
0.98000 1.418089304511363e+02
0.98200 1.410849378816173e+02
0.98400 1.403673506876248e+02
0.98600 1.396562091878230e+02
0.98800 1.389515517909690e+02
0.99000 1.382534149778818e+02
0.99200 1.375618332850281e+02
0.99400 1.368768392897376e+02
0.99600 1.361984635970464e+02
0.99800 1.355267348281725e+02
1.00000 1.348616796106244e+02
